0 0.260742 0.383602 0.027344 0.058565 0.256348 0.377379 1.0 0.269043 0.376647 1.0 0.263916 0.385798 1.0 0.259766 0.397877 1.0 0.267822 0.397877 1.0
0 0.199219 0.402635 0.037109 0.073206 0.192199 0.389275 1.0 0.209595 0.387445 1.0 0.201355 0.400714 1.0 0.194946 0.417643 1.0 0.20868 0.416269 1.0
0 0.128906 0.527086 0.052734 0.111274 0.122297 0.512262 1.0 0.147252 0.512968 1.0 0.13548 0.527086 1.0 0.122297 0.551794 1.0 0.143485 0.550382 1.0
0 0.311035 0.274524 0.006836 0.016105 0.0 0.0 0.0 0.0 0.0 0.0 0.0 0.0 0.0 0.0 0.0 0.0 0.0 0.0 0.0
0 0.366211 0.252562 0.005859 0.013177 0.0 0.0 0.0 0.0 0.0 0.0 0.0 0.0 0.0 0.0 0.0 0.0 0.0 0.0 0.0
0 0.451172 0.240117 0.005859 0.011713 0.0 0.0 0.0 0.0 0.0 0.0 0.0 0.0 0.0 0.0 0.0 0.0 0.0 0.0 0.0
0 0.393555 0.2694 0.011719 0.023426 0.392308 0.265347 1.0 0.396912 0.262615 1.0 0.395473 0.266209 1.0 0.394034 0.273975 1.0 0.398638 0.269373 1.0
0 0.400879 0.303807 0.014648 0.033675 0.400478 0.304239 1.0 0.406232 0.305316 1.0 0.403355 0.310493 1.0 0.399471 0.315239 1.0 0.403931 0.316318 1.0
0 0.470703 0.352123 0.019531 0.048316 0.468244 0.350659 1.0 0.477055 0.350966 1.0 0.47603 0.359261 1.0 0.469884 0.365404 1.0 0.475826 0.365712 1.0
0 0.498047 0.349927 0.027344 0.052709 0.491956 0.340861 1.0 0.505964 0.340861 1.0 0.500184 0.351195 1.0 0.494402 0.363529 1.0 0.50374 0.361862 1.0
0 0.555176 0.281113 0.010742 0.01757 0.0 0.0 0.0 0.0 0.0 0.0 0.0 0.0 0.0 0.0 0.0 0.0 0.0 0.0 0.0
0 0.574219 0.278917 0.009766 0.016105 0.0 0.0 0.0 0.0 0.0 0.0 0.0 0.0 0.0 0.0 0.0 0.0 0.0 0.0 0.0
0 0.590332 0.29795 0.012695 0.021962 0.0 0.0 0.0 0.0 0.0 0.0 0.0 0.0 0.0 0.0 0.0 0.0 0.0 0.0 0.0
0 0.419434 0.237921 0.004883 0.013177 0.0 0.0 0.0 0.0 0.0 0.0 0.0 0.0 0.0 0.0 0.0 0.0 0.0 0.0 0.0
0 0.622559 0.311859 0.014648 0.023426 0.618661 0.307369 1.0 0.626182 0.306767 1.0 0.62187 0.313382 1.0 0.619965 0.318944 1.0 0.623775 0.318344 1.0
0 0.626465 0.355783 0.016602 0.035139 0.62371 0.350763 1.0 0.630676 0.350542 1.0 0.627415 0.357876 1.0 0.624747 0.363876 1.0 0.629936 0.363876 1.0
0 0.669922 0.3653 0.015625 0.039531 0.668605 0.361987 1.0 0.674896 0.362496 1.0 0.672516 0.369124 1.0 0.667585 0.376517 1.0 0.672686 0.377536 1.0
0 0.732422 0.353587 0.025391 0.054173 0.730111 0.347274 1.0 0.741896 0.348312 1.0 0.737274 0.356972 1.0 0.731498 0.363555 1.0 0.739815 0.365634 1.0
0 0.533691 0.468521 0.030273 0.06735 0.0 0.0 0.0 0.0 0.0 0.0 0.0 0.0 0.0 0.0 0.0 0.0 0.0 0.0 0.0
0 0.580078 0.504392 0.046875 0.098097 0.570064 0.490732 1.0 0.593258 0.488247 1.0 0.586217 0.503151 1.0 0.573791 0.524884 1.0 0.592429 0.5224 1.0
0 0.821289 0.364568 0.017578 0.035139 0.0 0.0 0.0 0.0 0.0 0.0 0.0 0.0 0.0 0.0 0.0 0.0 0.0 0.0 0.0
0 0.873535 0.449488 0.032227 0.064422 0.873107 0.437637 1.0 0.884644 0.441755 1.0 0.883271 0.449167 1.0 0.872284 0.462344 1.0 0.879425 0.464816 1.0
0 0.924805 0.393119 0.021484 0.04246 0.0 0.0 0.0 0.0 0.0 0.0 0.0 0.0 0.0 0.0 0.0 0.0 0.0 0.0 0.0
0 0.477051 0.235725 0.00293 0.008785 0.0 0.0 0.0 0.0 0.0 0.0 0.0 0.0 0.0 0.0 0.0 0.0 0.0 0.0 0.0
0 0.509766 0.232064 0.003906 0.010249 0.0 0.0 0.0 0.0 0.0 0.0 0.0 0.0 0.0 0.0 0.0 0.0 0.0 0.0 0.0
0 0.282715 0.319912 0.014648 0.027818 0.0 0.0 0.0 0.0 0.0 0.0 0.0 0.0 0.0 0.0 0.0 0.0 0.0 0.0 0.0