0 0.305664 0.756944 0.019531 0.041667 0.302478 0.752108 1.0 0.310469 0.755063 1.0 0.306048 0.760168 1.0 0.300947 0.76608 1.0 0.309108 0.76796 1.0
0 0.324707 0.666667 0.018555 0.040123 0.321402 0.663815 1.0 0.330183 0.666957 1.0 0.324053 0.672716 1.0 0.32074 0.676642 1.0 0.326041 0.677951 1.0
0 0.278809 0.66358 0.018555 0.04321 0.274658 0.660659 1.0 0.282157 0.662313 1.0 0.276402 0.667824 1.0 0.272914 0.673335 1.0 0.27989 0.673887 1.0
0 0.238281 0.662809 0.021484 0.044753 0.23547 0.659289 1.0 0.242798 0.663807 1.0 0.237793 0.66748 1.0 0.232967 0.672281 1.0 0.240475 0.676236 1.0
0 0.186035 0.656636 0.018555 0.041667 0.182656 0.655361 1.0 0.190478 0.656705 1.0 0.184356 0.664228 1.0 0.181126 0.667452 1.0 0.187587 0.668258 1.0
0 0.140137 0.658951 0.018555 0.040123 0.136745 0.655375 1.0 0.144972 0.655884 1.0 0.140294 0.661747 1.0 0.1361 0.66812 1.0 0.14352 0.668886 1.0
0 0.320801 0.582562 0.016602 0.03858 0.31794 0.580054 1.0 0.325631 0.580054 1.0 0.321708 0.586006 1.0 0.318255 0.591711 1.0 0.324689 0.591463 1.0
0 0.264648 0.587191 0.017578 0.03858 0.260682 0.582272 1.0 0.269073 0.582031 1.0 0.265564 0.588782 1.0 0.261749 0.594569 1.0 0.268463 0.594812 1.0
0 0.209961 0.585648 0.017578 0.03858 0.205706 0.580909 1.0 0.213867 0.58066 1.0 0.20963 0.588349 1.0 0.206334 0.594798 1.0 0.212455 0.594301 1.0
0 0.165039 0.602623 0.017578 0.035494 0.159603 0.600122 1.0 0.168234 0.599668 1.0 0.164062 0.605806 1.0 0.160322 0.611944 1.0 0.167516 0.611718 1.0
0 0.13916 0.583333 0.018555 0.037037 0.136719 0.58179 1.0 0.144531 0.58179 1.0 0.139648 0.587963 1.0 0.135742 0.592593 1.0 0.143555 0.595679 1.0
0 0.103516 0.571759 0.017578 0.035494 0.100812 0.570622 1.0 0.108869 0.571304 1.0 0.105561 0.573579 1.0 0.101819 0.581309 1.0 0.106999 0.582671 1.0
0 0.068848 0.533179 0.022461 0.044753 0.065548 0.529225 1.0 0.074484 0.52979 1.0 0.069658 0.536003 1.0 0.066263 0.5425 1.0 0.07377 0.542782 1.0
0 0.044922 0.570216 0.017578 0.035494 0.041988 0.568625 1.0 0.050188 0.569307 1.0 0.04616 0.576127 1.0 0.042132 0.582721 1.0 0.047742 0.582948 1.0
0 0.155273 0.489198 0.017578 0.037037 0.15237 0.484045 1.0 0.159188 0.484747 1.0 0.155038 0.4899 1.0 0.152519 0.495756 1.0 0.156816 0.495991 1.0
0 0.209473 0.492284 0.018555 0.037037 0.206124 0.487833 1.0 0.213388 0.488302 1.0 0.209682 0.493455 1.0 0.206124 0.500951 1.0 0.212054 0.500481 1.0
0 0.267578 0.494599 0.017578 0.03858 0.265686 0.489679 1.0 0.272095 0.490403 1.0 0.268891 0.495949 1.0 0.265229 0.501736 1.0 0.271637 0.502219 1.0
0 0.327148 0.496142 0.017578 0.03858 0.323242 0.493827 1.0 0.330078 0.493827 1.0 0.326172 0.496914 1.0 0.323242 0.503086 1.0 0.328125 0.50463 1.0
0 0.191895 0.114198 0.018555 0.037037 0.188232 0.111256 1.0 0.196319 0.111738 1.0 0.19159 0.116802 1.0 0.188843 0.12283 1.0 0.194031 0.12283 1.0
0 0.246582 0.125 0.014648 0.030864 0.243801 0.120832 1.0 0.24949 0.12263 1.0 0.246708 0.124628 1.0 0.243042 0.13162 1.0 0.248731 0.132819 1.0
0 0.296387 0.125772 0.016602 0.032407 0.292969 0.121914 1.0 0.299805 0.123457 1.0 0.296875 0.126543 1.0 0.292969 0.132716 1.0 0.299805 0.134259 1.0
0 0.340332 0.126543 0.014648 0.030864 0.33831 0.122975 1.0 0.343998 0.121776 1.0 0.341597 0.127969 1.0 0.33932 0.133164 1.0 0.344251 0.133364 1.0
0 0.390625 0.136574 0.017578 0.032407 0.387556 0.131463 1.0 0.39488 0.131875 1.0 0.390956 0.136423 1.0 0.388341 0.142417 1.0 0.393049 0.142417 1.0
0 0.446289 0.134259 0.017578 0.033951 0.44308 0.128528 1.0 0.450056 0.128968 1.0 0.446429 0.133157 1.0 0.444057 0.138227 1.0 0.4488 0.138227 1.0
0 0.442383 0.202932 0.015625 0.032407 0.43954 0.199887 1.0 0.446864 0.199887 1.0 0.443071 0.206707 1.0 0.439671 0.211875 1.0 0.445295 0.211875 1.0
0 0.390137 0.202932 0.018555 0.03858 0.385236 0.199432 1.0 0.392299 0.199432 1.0 0.38916 0.205137 1.0 0.386021 0.210346 1.0 0.391671 0.21109 1.0
0 0.441895 0.272377 0.016602 0.032407 0.438381 0.265708 1.0 0.44622 0.266134 1.0 0.442029 0.269552 1.0 0.438921 0.276813 1.0 0.445273 0.278522 1.0
0 0.389648 0.27392 0.015625 0.032407 0.386719 0.273148 1.0 0.393555 0.273148 1.0 0.389648 0.276235 1.0 0.385742 0.283951 1.0 0.391602 0.283951 1.0
0 0.341309 0.199074 0.016602 0.033951 0.337982 0.197022 1.0 0.344604 0.197022 1.0 0.341901 0.203642 1.0 0.339604 0.21069 1.0 0.344063 0.210903 1.0
0 0.289062 0.203704 0.015625 0.033951 0.284459 0.201059 1.0 0.292969 0.201279 1.0 0.288365 0.204806 1.0 0.285436 0.210318 1.0 0.291155 0.210758 1.0
0 0.237793 0.199846 0.016602 0.032407 0.233521 0.193818 1.0 0.240684 0.193603 1.0 0.237034 0.19809 1.0 0.235007 0.204069 1.0 0.239467 0.203855 1.0
0 0.183105 0.191358 0.016602 0.033951 0.179104 0.188878 1.0 0.185996 0.189306 1.0 0.182212 0.19379 1.0 0.179509 0.198915 1.0 0.184239 0.199556 1.0
0 0.338379 0.273148 0.016602 0.037037 0.335266 0.269028 1.0 0.342085 0.269262 1.0 0.338972 0.274415 1.0 0.336452 0.280506 1.0 0.340603 0.280272 1.0
0 0.281738 0.273148 0.018555 0.037037 0.278198 0.269242 1.0 0.285675 0.269483 1.0 0.282166 0.27527 1.0 0.280182 0.283469 1.0 0.285064 0.28371 1.0
0 0.227539 0.270062 0.017578 0.037037 0.225464 0.267582 1.0 0.232875 0.268049 1.0 0.228576 0.273204 1.0 0.226502 0.279059 1.0 0.230948 0.278591 1.0
0 0.173828 0.271605 0.015625 0.030864 0.170332 0.265722 1.0 0.177133 0.265515 1.0 0.172947 0.270475 1.0 0.169809 0.276883 1.0 0.17674 0.276676 1.0
0 0.438477 0.346451 0.017578 0.035494 0.436031 0.343495 1.0 0.442937 0.343722 1.0 0.440203 0.347815 1.0 0.43675 0.353498 1.0 0.442937 0.353954 1.0
0 0.383301 0.338735 0.016602 0.032407 0.379704 0.33425 1.0 0.387138 0.33425 1.0 0.383083 0.33788 1.0 0.380245 0.343647 1.0 0.38484 0.344287 1.0
0 0.331055 0.343364 0.017578 0.03858 0.327148 0.339506 1.0 0.335938 0.342593 1.0 0.331055 0.345679 1.0 0.328125 0.351852 1.0 0.333008 0.351852 1.0
0 0.272949 0.33642 0.016602 0.033951 0.26957 0.330523 1.0 0.276328 0.330736 1.0 0.272679 0.335861 1.0 0.270246 0.342269 1.0 0.274842 0.342483 1.0
0 0.219238 0.342593 0.016602 0.037037 0.215271 0.33941 1.0 0.223663 0.338687 1.0 0.219391 0.342302 1.0 0.216645 0.350019 1.0 0.223511 0.349537 1.0
0 0.163086 0.339506 0.019531 0.037037 0.158143 0.333912 1.0 0.165467 0.334395 1.0 0.161805 0.340182 1.0 0.158905 0.347174 1.0 0.163788 0.347415 1.0
0 0.158691 0.415123 0.014648 0.033951 0.155831 0.412478 1.0 0.162109 0.411596 1.0 0.159737 0.416667 1.0 0.158761 0.422398 1.0 0.162389 0.422177 1.0
0 0.212891 0.419753 0.019531 0.037037 0.208653 0.413994 1.0 0.216213 0.414461 1.0 0.211914 0.418444 1.0 0.208801 0.426174 1.0 0.213692 0.426174 1.0
0 0.274902 0.418981 0.016602 0.035494 0.272234 0.416102 1.0 0.279053 0.416571 1.0 0.275495 0.421958 1.0 0.272383 0.428517 1.0 0.276978 0.42875 1.0
0 0.32959 0.42284 0.016602 0.033951 0.326172 0.41821 1.0 0.333984 0.419753 1.0 0.329102 0.42284 1.0 0.325195 0.429012 1.0 0.333008 0.430556 1.0
0 0.387207 0.42284 0.018555 0.033951 0.38358 0.417108 1.0 0.391671 0.416667 1.0 0.387207 0.422177 1.0 0.385533 0.429233 1.0 0.38916 0.429233 1.0
0 0.437988 0.412809 0.018555 0.035494 0.433314 0.406745 1.0 0.442104 0.406745 1.0 0.437919 0.411816 1.0 0.434013 0.418872 1.0 0.440569 0.419091 1.0
0 0.495605 0.131944 0.016602 0.029321 0.492676 0.129823 1.0 0.498901 0.129823 1.0 0.496216 0.135995 1.0 0.493164 0.141204 1.0 0.497559 0.141397 1.0
0 0.543945 0.128858 0.017578 0.029321 0.54126 0.124614 1.0 0.548096 0.123843 1.0 0.545532 0.128086 1.0 0.543091 0.134452 1.0 0.547485 0.134645 1.0
0 0.59375 0.128858 0.017578 0.032407 0.591038 0.123952 1.0 0.596924 0.123952 1.0 0.594178 0.128086 1.0 0.5913 0.133873 1.0 0.596008 0.133873 1.0
0 0.645996 0.125772 0.016602 0.032407 0.642631 0.125 1.0 0.649432 0.125 1.0 0.646946 0.130373 1.0 0.643153 0.134921 1.0 0.648908 0.134921 1.0
0 0.693848 0.128858 0.014648 0.029321 0.691162 0.12365 1.0 0.697144 0.12365 1.0 0.694824 0.128086 1.0 0.692261 0.136574 1.0 0.696655 0.136767 1.0
0 0.700195 0.194444 0.015625 0.030864 0.696655 0.190586 1.0 0.703979 0.190972 1.0 0.700806 0.195023 1.0 0.69751 0.201389 1.0 0.702759 0.201196 1.0
0 0.647949 0.201389 0.018555 0.035494 0.645508 0.19665 1.0 0.653878 0.19709 1.0 0.650391 0.20194 1.0 0.645368 0.207892 1.0 0.652623 0.207892 1.0
0 0.597656 0.199846 0.015625 0.029321 0.594971 0.196373 1.0 0.601196 0.196566 1.0 0.598145 0.201582 1.0 0.59436 0.206404 1.0 0.60083 0.206404 1.0
0 0.54541 0.199846 0.018555 0.032407 0.543353 0.193287 1.0 0.550415 0.193494 1.0 0.546753 0.197421 1.0 0.544268 0.204241 1.0 0.548977 0.205068 1.0
0 0.493164 0.206019 0.015625 0.032407 0.491032 0.202077 1.0 0.498365 0.202278 1.0 0.494572 0.206873 1.0 0.490653 0.213466 1.0 0.496975 0.213665 1.0
0 0.494141 0.273148 0.015625 0.027778 0.492101 0.27064 1.0 0.498562 0.270998 1.0 0.495728 0.274401 1.0 0.493233 0.279776 1.0 0.497201 0.279955 1.0
0 0.54248 0.272377 0.016602 0.032407 0.540588 0.26896 1.0 0.547075 0.268745 1.0 0.543697 0.273657 1.0 0.540724 0.279852 1.0 0.546399 0.279852 1.0
0 0.59375 0.272377 0.019531 0.035494 0.590184 0.266059 1.0 0.597377 0.266969 1.0 0.594212 0.27106 1.0 0.590903 0.278563 1.0 0.597233 0.278563 1.0
0 0.649902 0.267747 0.016602 0.035494 0.64648 0.265019 1.0 0.654249 0.265245 1.0 0.650652 0.273657 1.0 0.648206 0.280252 1.0 0.654393 0.280252 1.0
0 0.700684 0.26929 0.016602 0.032407 0.698103 0.260252 1.0 0.705558 0.261491 1.0 0.702026 0.265005 1.0 0.698364 0.272239 1.0 0.704773 0.272446 1.0
0 0.69873 0.341821 0.016602 0.03858 0.698076 0.339272 1.0 0.70469 0.341056 1.0 0.701786 0.344625 1.0 0.697754 0.350233 1.0 0.703077 0.351253 1.0
0 0.645508 0.339506 0.017578 0.037037 0.643877 0.333747 1.0 0.650695 0.334918 1.0 0.648473 0.3389 1.0 0.643581 0.34616 1.0 0.650399 0.34616 1.0
0 0.592773 0.341821 0.015625 0.035494 0.590903 0.335049 1.0 0.597521 0.335731 1.0 0.59378 0.340733 1.0 0.591767 0.346644 1.0 0.596082 0.347552 1.0
0 0.543457 0.347994 0.016602 0.035494 0.540467 0.343722 1.0 0.545789 0.343949 1.0 0.543487 0.351225 1.0 0.541186 0.356227 1.0 0.545357 0.356454 1.0
0 0.494141 0.342593 0.017578 0.033951 0.491142 0.339948 1.0 0.496722 0.341491 1.0 0.493652 0.343915 1.0 0.49142 0.348986 1.0 0.496024 0.350529 1.0
0 0.797852 0.125772 0.019531 0.035494 0.794773 0.122409 1.0 0.802255 0.121955 1.0 0.798946 0.126502 1.0 0.795925 0.131958 1.0 0.800385 0.131731 1.0
0 0.742676 0.122685 0.018555 0.032407 0.741241 0.119434 1.0 0.747188 0.119006 1.0 0.744755 0.123918 1.0 0.740295 0.128617 1.0 0.746918 0.129045 1.0
0 0.753418 0.189815 0.016602 0.033951 0.751116 0.18717 1.0 0.757255 0.186728 1.0 0.754464 0.191799 1.0 0.751534 0.199295 1.0 0.757115 0.199515 1.0
0 0.804199 0.196759 0.016602 0.035494 0.800689 0.191806 1.0 0.807883 0.191806 1.0 0.805294 0.197262 1.0 0.801121 0.202946 1.0 0.807883 0.202946 1.0
0 0.809082 0.262346 0.016602 0.030864 0.806191 0.257778 1.0 0.812387 0.257978 1.0 0.809479 0.262173 1.0 0.80695 0.270364 1.0 0.810869 0.270965 1.0
0 0.754395 0.268519 0.016602 0.033951 0.751474 0.265184 1.0 0.759718 0.266466 1.0 0.756609 0.269242 1.0 0.752555 0.276931 1.0 0.758231 0.277784 1.0
0 0.813477 0.33642 0.017578 0.033951 0.812221 0.332892 1.0 0.819057 0.332452 1.0 0.816406 0.337963 1.0 0.813197 0.344356 1.0 0.818917 0.344136 1.0
0 0.756836 0.338735 0.017578 0.035494 0.753558 0.333099 1.0 0.760751 0.333099 1.0 0.757442 0.337647 1.0 0.754133 0.343102 1.0 0.759456 0.343557 1.0
0 0.819824 0.416667 0.016602 0.033951 0.817121 0.412258 1.0 0.824027 0.411802 1.0 0.821006 0.417032 1.0 0.816978 0.421806 1.0 0.823308 0.421352 1.0
0 0.762695 0.42284 0.017578 0.037037 0.76007 0.419415 1.0 0.766785 0.419174 1.0 0.763732 0.423997 1.0 0.760528 0.429543 1.0 0.765869 0.429543 1.0
0 0.904297 0.520833 0.019531 0.03858 0.899885 0.519318 1.0 0.908517 0.518326 1.0 0.904122 0.525022 1.0 0.901141 0.531719 1.0 0.907418 0.531222 1.0
0 0.884766 0.5625 0.017578 0.03858 0.880571 0.556623 1.0 0.888314 0.557389 1.0 0.88412 0.562995 1.0 0.880571 0.568603 1.0 0.887186 0.56886 1.0
0 0.838379 0.584877 0.018555 0.037037 0.834656 0.580728 1.0 0.84198 0.580971 1.0 0.838623 0.586758 1.0 0.836029 0.592302 1.0 0.841369 0.592545 1.0
0 0.832031 0.662809 0.019531 0.041667 0.827462 0.66039 1.0 0.836813 0.660659 1.0 0.830863 0.667108 1.0 0.827803 0.673556 1.0 0.834604 0.673556 1.0
0 0.812012 0.608025 0.018555 0.040123 0.806327 0.603753 1.0 0.814959 0.603505 1.0 0.811192 0.608961 1.0 0.808524 0.618139 1.0 0.81386 0.618139 1.0
0 0.776855 0.580247 0.016602 0.037037 0.774506 0.576582 1.0 0.781524 0.577065 1.0 0.778168 0.581404 1.0 0.775269 0.586951 1.0 0.779846 0.586951 1.0
0 0.780762 0.66358 0.020508 0.040123 0.777788 0.657821 1.0 0.786568 0.657821 1.0 0.782262 0.66646 1.0 0.77696 0.671173 1.0 0.784912 0.671173 1.0
0 0.825195 0.493056 0.017578 0.03858 0.824546 0.490492 1.0 0.829546 0.489474 1.0 0.828578 0.495846 1.0 0.824868 0.502983 1.0 0.830514 0.503492 1.0
0 0.76709 0.496914 0.016602 0.037037 0.763681 0.492793 1.0 0.770943 0.493028 1.0 0.767238 0.497948 1.0 0.763977 0.505208 1.0 0.769609 0.505208 1.0
0 0.720703 0.584877 0.017578 0.037037 0.717398 0.581128 1.0 0.72481 0.581128 1.0 0.721252 0.587687 1.0 0.717843 0.593543 1.0 0.724365 0.593309 1.0
0 0.734375 0.661265 0.019531 0.041667 0.733067 0.657117 1.0 0.74019 0.659213 1.0 0.736877 0.666281 1.0 0.731907 0.670469 1.0 0.737374 0.672563 1.0
0 0.685547 0.667438 0.019531 0.03858 0.681396 0.665414 1.0 0.690094 0.665414 1.0 0.685059 0.670958 1.0 0.681701 0.676505 1.0 0.689025 0.676505 1.0
0 0.663574 0.587963 0.018555 0.037037 0.660675 0.586227 1.0 0.669373 0.585986 1.0 0.664643 0.592014 1.0 0.661438 0.59756 1.0 0.666778 0.59756 1.0
0 0.714844 0.489969 0.017578 0.035494 0.710658 0.484789 1.0 0.719169 0.485009 1.0 0.715541 0.490741 1.0 0.711914 0.497576 1.0 0.718053 0.497795 1.0
0 0.710449 0.415123 0.016602 0.040123 0.706325 0.413029 1.0 0.714774 0.414338 1.0 0.710301 0.42062 1.0 0.706325 0.42481 1.0 0.712786 0.425856 1.0
0 0.65332 0.41358 0.017578 0.037037 0.65101 0.410164 1.0 0.657087 0.410164 1.0 0.653975 0.416253 1.0 0.650269 0.420469 1.0 0.655457 0.420938 1.0
0 0.660156 0.49537 0.017578 0.037037 0.657257 0.491946 1.0 0.664581 0.491222 1.0 0.660461 0.496769 1.0 0.656646 0.501591 1.0 0.662902 0.503039 1.0
0 0.604004 0.49537 0.016602 0.037037 0.599335 0.489535 1.0 0.607422 0.489776 1.0 0.604064 0.495323 1.0 0.600402 0.504485 1.0 0.606354 0.504968 1.0
0 0.605957 0.594907 0.014648 0.035494 0.60369 0.590387 1.0 0.610656 0.592262 1.0 0.607692 0.595542 1.0 0.603097 0.602333 1.0 0.609916 0.603272 1.0
0 0.59668 0.419753 0.017578 0.040123 0.593541 0.414807 1.0 0.600333 0.416116 1.0 0.596854 0.422398 1.0 0.593872 0.428682 1.0 0.599008 0.429205 1.0
0 0.63916 0.674383 0.018555 0.04321 0.636405 0.669532 1.0 0.644078 0.671187 1.0 0.640416 0.677248 1.0 0.635358 0.682761 1.0 0.642857 0.684414 1.0
0 0.589844 0.676698 0.019531 0.044753 0.58606 0.673901 1.0 0.594116 0.677083 1.0 0.588989 0.679977 1.0 0.585145 0.68779 1.0 0.590454 0.688367 1.0
0 0.941406 0.532407 0.019531 0.04321 0.937431 0.527998 1.0 0.945801 0.528273 1.0 0.941267 0.53406 1.0 0.937431 0.542603 1.0 0.945104 0.54288 1.0
0 0.54248 0.424383 0.016602 0.037037 0.537842 0.420718 1.0 0.546234 0.421441 1.0 0.541504 0.426988 1.0 0.5383 0.432775 1.0 0.544403 0.433015 1.0
0 0.490234 0.417438 0.015625 0.032407 0.487784 0.412739 1.0 0.494063 0.412739 1.0 0.490662 0.418526 1.0 0.486869 0.424934 1.0 0.493016 0.425554 1.0
0 0.543457 0.499228 0.016602 0.035494 0.541042 0.496114 1.0 0.54786 0.496583 1.0 0.544747 0.502205 1.0 0.541932 0.506421 1.0 0.546378 0.506421 1.0
0 0.48877 0.5 0.016602 0.037037 0.485077 0.496576 1.0 0.493316 0.497059 1.0 0.48935 0.502846 1.0 0.485535 0.507909 1.0 0.491791 0.507909 1.0
0 0.550293 0.594907 0.018555 0.041667 0.54814 0.589423 1.0 0.554766 0.589948 1.0 0.552115 0.594921 1.0 0.549133 0.601728 1.0 0.554766 0.601989 1.0
0 0.500977 0.596451 0.017578 0.03858 0.496879 0.592951 1.0 0.50504 0.593199 1.0 0.501273 0.599895 1.0 0.498762 0.6056 1.0 0.503627 0.605352 1.0
0 0.547363 0.680556 0.018555 0.040123 0.545863 0.677676 1.0 0.552821 0.681603 1.0 0.54868 0.685792 1.0 0.543876 0.68998 1.0 0.549508 0.693383 1.0
0 0.505371 0.6875 0.018555 0.041667 0.0 0.0 0.0 0.0 0.0 0.0 0.0 0.0 0.0 0.0 0.0 0.0 0.0 0.0 0.0
0 0.435547 0.496914 0.017578 0.033951 0.433594 0.491622 1.0 0.440011 0.492284 1.0 0.436803 0.497795 1.0 0.433594 0.50463 1.0 0.438337 0.505071 1.0
0 0.381348 0.489969 0.016602 0.032407 0.37905 0.48762 1.0 0.385808 0.487406 1.0 0.382294 0.491465 1.0 0.379455 0.498938 1.0 0.384727 0.498938 1.0
0 0.376465 0.590278 0.018555 0.03858 0.374207 0.58671 1.0 0.381143 0.587219 1.0 0.377271 0.592316 1.0 0.374368 0.598181 1.0 0.380659 0.59869 1.0
0 0.462402 0.604167 0.018555 0.035494 0.459412 0.599392 1.0 0.466174 0.599847 1.0 0.462721 0.605304 1.0 0.459843 0.611897 1.0 0.464734 0.61167 1.0
0 0.435059 0.596451 0.018555 0.041667 0.43168 0.592221 1.0 0.438821 0.592758 1.0 0.43508 0.600012 1.0 0.43185 0.604312 1.0 0.435931 0.60458 1.0
0 0.414062 0.683642 0.019531 0.04321 0.411133 0.678957 1.0 0.419853 0.682264 1.0 0.415492 0.686398 1.0 0.409737 0.691909 1.0 0.417411 0.693287 1.0
0 0.45752 0.68287 0.022461 0.044753 0.453635 0.681176 1.0 0.462572 0.682306 1.0 0.45721 0.688238 1.0 0.45292 0.693603 1.0 0.460785 0.695017 1.0
0 0.520996 0.760031 0.020508 0.044753 0.517578 0.760802 1.0 0.526367 0.757716 1.0 0.522461 0.763889 1.0 0.520508 0.774691 1.0 0.527344 0.770062 1.0
0 0.456543 0.760802 0.020508 0.046296 0.454049 0.760802 1.0 0.461914 0.762924 1.0 0.457694 0.768988 1.0 0.451747 0.772321 1.0 0.459229 0.775353 1.0
0 0.365723 0.677469 0.018555 0.04321 0.36148 0.674721 1.0 0.370775 0.67585 1.0 0.366307 0.681782 1.0 0.360944 0.687713 1.0 0.369167 0.688562 1.0
0 0.685547 0.771605 0.023438 0.046296 0.681423 0.7735 1.0 0.690046 0.76787 1.0 0.687797 0.778239 1.0 0.684984 0.786534 1.0 0.692671 0.780017 1.0