0 0.102539 0.076135 0.03125 0.052709 0.102277 0.067978 1.0 0.113839 0.070016 1.0 0.109985 0.075455 1.0 0.103411 0.085652 1.0 0.112933 0.087351 1.0
0 0.273926 0.245974 0.02832 0.052709 0.273211 0.243255 1.0 0.283412 0.243934 1.0 0.278651 0.251411 1.0 0.272304 0.25787 1.0 0.282052 0.258549 1.0
0 0.306152 0.325037 0.032227 0.061493 0.309522 0.315435 1.0 0.319039 0.316592 1.0 0.315953 0.324305 1.0 0.309266 0.332403 1.0 0.315438 0.334717 1.0
0 0.189941 0.396779 0.032227 0.064422 0.180938 0.383281 1.0 0.196594 0.380811 1.0 0.190002 0.389047 1.0 0.184784 0.408401 1.0 0.196869 0.404283 1.0
0 0.062988 0.45754 0.045898 0.086384 0.05957 0.446559 1.0 0.079102 0.437775 1.0 0.076172 0.45388 1.0 0.063477 0.483163 1.0 0.081055 0.477306 1.0
0 0.37207 0.498536 0.035156 0.054173 0.36904 0.484332 1.0 0.383598 0.484332 1.0 0.37782 0.491953 1.0 0.369271 0.504772 1.0 0.382211 0.505811 1.0
0 0.478027 0.241581 0.022461 0.038067 0.470703 0.241581 1.0 0.479492 0.235725 1.0 0.474609 0.241581 1.0 0.474609 0.253294 1.0 0.481445 0.247438 1.0
0 0.479004 0.393851 0.02832 0.058565 0.47168 0.393851 1.0 0.486328 0.390922 1.0 0.478516 0.398243 1.0 0.474609 0.408492 1.0 0.484375 0.408492 1.0
0 0.381348 0.215959 0.024414 0.04246 0.376927 0.209671 1.0 0.3864 0.208063 1.0 0.383183 0.218515 1.0 0.378536 0.224946 1.0 0.3864 0.223874 1.0
0 0.590332 0.172035 0.024414 0.04246 0.587646 0.164165 1.0 0.596802 0.163067 1.0 0.59259 0.173499 1.0 0.58783 0.180911 1.0 0.597717 0.17899 1.0
0 0.67041 0.383602 0.032227 0.073206 0.656494 0.368411 1.0 0.666564 0.365209 1.0 0.656799 0.375274 1.0 0.658631 0.396322 1.0 0.667176 0.394034 1.0
0 0.538574 0.393851 0.02832 0.052709 0.53125 0.383602 1.0 0.540039 0.380673 1.0 0.53125 0.393851 1.0 0.533203 0.4041 1.0 0.541992 0.399707 1.0
0 0.535156 0.677892 0.041016 0.079063 0.525086 0.664577 1.0 0.543885 0.662564 1.0 0.534149 0.680682 1.0 0.5271 0.690246 1.0 0.544892 0.688231 1.0
0 0.702637 0.770132 0.043945 0.099561 0.698451 0.762602 1.0 0.718959 0.756327 1.0 0.713519 0.778288 1.0 0.698451 0.790839 1.0 0.716866 0.787073 1.0
0 0.300293 0.68082 0.041992 0.087848 0.298191 0.669577 1.0 0.313188 0.670701 1.0 0.309439 0.68082 1.0 0.295942 0.698246 1.0 0.310189 0.698246 1.0
0 0.387207 0.349927 0.03418 0.061493 0.380964 0.334736 1.0 0.395874 0.337482 1.0 0.388026 0.344149 1.0 0.38018 0.355914 1.0 0.392735 0.357091 1.0
0 0.891602 0.481698 0.042969 0.073206 0.877934 0.471685 1.0 0.895268 0.467972 1.0 0.884125 0.478646 1.0 0.881029 0.49164 1.0 0.896506 0.489319 1.0
0 0.738281 0.396047 0.037109 0.065886 0.725167 0.388622 1.0 0.741071 0.383602 1.0 0.731585 0.394479 1.0 0.731026 0.408283 1.0 0.744698 0.402426 1.0
0 0.246582 0.89019 0.045898 0.096633 0.246094 0.878517 1.0 0.263123 0.890066 1.0 0.255419 0.895537 1.0 0.239606 0.903439 1.0 0.255824 0.91499 1.0