0 0.722656 0.425329 0.017578 0.036603 0.0 0.0 0.0 0.0 0.0 0.0 0.0 0.0 0.0 0.0 0.0 0.0 0.0 0.0 0.0
0 0.930664 0.420937 0.015625 0.033675 0.931658 0.413094 1.0 0.934919 0.407094 1.0 0.936994 0.42065 1.0 0.933289 0.430873 1.0 0.933289 0.430873 1.0
0 0.626953 0.536603 0.017578 0.033675 0.0 0.0 0.0 0.0 0.0 0.0 0.0 0.0 0.0 0.0 0.0 0.0 0.0 0.0 0.0
0 0.572266 0.553441 0.015625 0.026354 0.0 0.0 0.0 0.0 0.0 0.0 0.0 0.0 0.0 0.0 0.0 0.0 0.0 0.0 0.0
0 0.535645 0.566618 0.010742 0.020498 0.0 0.0 0.0 0.0 0.0 0.0 0.0 0.0 0.0 0.0 0.0 0.0 0.0 0.0 0.0
0 0.56543 0.45754 0.013672 0.02489 0.563254 0.454606 1.0 0.567069 0.453789 1.0 0.565652 0.459508 1.0 0.563581 0.463757 1.0 0.567069 0.463266 1.0
0 0.634277 0.423865 0.014648 0.027818 0.635254 0.420754 1.0 0.638672 0.420388 1.0 0.639282 0.425878 1.0 0.634888 0.429539 1.0 0.638184 0.429356 1.0
0 0.507324 0.374817 0.014648 0.026354 0.505362 0.369444 1.0 0.510123 0.369274 1.0 0.508196 0.375053 1.0 0.504909 0.379981 1.0 0.511597 0.379811 1.0
0 0.48291 0.666179 0.030273 0.046852 0.470162 0.664269 1.0 0.483307 0.668388 1.0 0.474282 0.676329 1.0 0.47546 0.686035 1.0 0.48213 0.686035 1.0
0 0.419922 0.612738 0.013672 0.021962 0.417314 0.610712 1.0 0.421822 0.609706 1.0 0.42 0.6133 1.0 0.418754 0.617758 1.0 0.422206 0.61704 1.0
0 0.466797 0.598829 0.013672 0.023426 0.0 0.0 0.0 0.0 0.0 0.0 0.0 0.0 0.0 0.0 0.0 0.0 0.0 0.0 0.0
0 0.460938 0.577599 0.011719 0.021962 0.460152 0.57284 1.0 0.465044 0.572408 1.0 0.463318 0.576435 1.0 0.460249 0.582044 1.0 0.466195 0.581755 1.0
0 0.479004 0.548316 0.008789 0.016105 0.0 0.0 0.0 0.0 0.0 0.0 0.0 0.0 0.0 0.0 0.0 0.0 0.0 0.0 0.0
0 0.445312 0.556369 0.007812 0.01757 0.445373 0.555192 1.0 0.44656 0.554859 1.0 0.446485 0.558971 1.0 0.445744 0.561637 1.0 0.446708 0.561526 1.0
0 0.416016 0.581259 0.011719 0.020498 0.0 0.0 0.0 0.0 0.0 0.0 0.0 0.0 0.0 0.0 0.0 0.0 0.0 0.0 0.0
0 0.440918 0.539531 0.008789 0.016105 0.0 0.0 0.0 0.0 0.0 0.0 0.0 0.0 0.0 0.0 0.0 0.0 0.0 0.0 0.0
0 0.450684 0.535871 0.006836 0.014641 0.0 0.0 0.0 0.0 0.0 0.0 0.0 0.0 0.0 0.0 0.0 0.0 0.0 0.0 0.0
0 0.405273 0.562225 0.009766 0.020498 0.402954 0.558611 1.0 0.407989 0.558337 1.0 0.405243 0.561905 1.0 0.403595 0.566297 1.0 0.406616 0.566297 1.0
0 0.393555 0.554173 0.007812 0.016105 0.0 0.0 0.0 0.0 0.0 0.0 0.0 0.0 0.0 0.0 0.0 0.0 0.0 0.0 0.0
0 0.373535 0.569546 0.008789 0.01757 0.371791 0.568199 1.0 0.376813 0.568318 1.0 0.374303 0.571376 1.0 0.372733 0.574788 1.0 0.37595 0.574671 1.0
0 0.364746 0.601025 0.012695 0.021962 0.360334 0.598619 1.0 0.365548 0.597717 1.0 0.362641 0.602378 1.0 0.361537 0.607489 1.0 0.365147 0.606738 1.0
0 0.354004 0.594436 0.008789 0.020498 0.0 0.0 0.0 0.0 0.0 0.0 0.0 0.0 0.0 0.0 0.0 0.0 0.0 0.0 0.0
0 0.355469 0.569546 0.009766 0.01757 0.354841 0.567493 1.0 0.358922 0.567493 1.0 0.357273 0.571965 1.0 0.355391 0.574553 1.0 0.358372 0.574671 1.0
0 0.349121 0.528551 0.008789 0.01757 0.347002 0.526616 1.0 0.350848 0.526734 1.0 0.348729 0.529086 1.0 0.347081 0.532264 1.0 0.350142 0.532264 1.0
0 0.369629 0.525622 0.006836 0.014641 0.36806 0.523713 1.0 0.371002 0.523713 1.0 0.369236 0.526556 1.0 0.368518 0.529007 1.0 0.370283 0.529007 1.0
0 0.316895 0.586384 0.014648 0.02489 0.311488 0.584083 1.0 0.316615 0.583925 1.0 0.313058 0.587848 1.0 0.312535 0.594436 1.0 0.315987 0.593495 1.0
0 0.314453 0.562225 0.009766 0.01757 0.310651 0.557703 1.0 0.31434 0.558761 1.0 0.312535 0.561939 1.0 0.311828 0.564878 1.0 0.314653 0.564761 1.0
0 0.290039 0.559297 0.011719 0.020498 0.0 0.0 0.0 0.0 0.0 0.0 0.0 0.0 0.0 0.0 0.0 0.0 0.0 0.0 0.0
0 0.272949 0.579795 0.010742 0.020498 0.272675 0.576455 1.0 0.277252 0.576729 1.0 0.275238 0.580984 1.0 0.271942 0.586201 1.0 0.276428 0.586474 1.0
0 0.272949 0.557101 0.008789 0.016105 0.0 0.0 0.0 0.0 0.0 0.0 0.0 0.0 0.0 0.0 0.0 0.0 0.0 0.0 0.0
0 0.257812 0.559297 0.009766 0.01757 0.254351 0.558069 1.0 0.258989 0.558441 1.0 0.25667 0.561422 1.0 0.255097 0.565271 1.0 0.258658 0.565644 1.0
0 0.23584 0.569546 0.012695 0.01757 0.0 0.0 0.0 0.0 0.0 0.0 0.0 0.0 0.0 0.0 0.0 0.0 0.0 0.0 0.0
0 0.237793 0.552709 0.008789 0.016105 0.234444 0.551035 1.0 0.238212 0.551035 1.0 0.236049 0.553231 1.0 0.234933 0.555533 1.0 0.237096 0.555637 1.0
0 0.219238 0.548316 0.008789 0.016105 0.0 0.0 0.0 0.0 0.0 0.0 0.0 0.0 0.0 0.0 0.0 0.0 0.0 0.0 0.0
0 0.199707 0.552709 0.008789 0.013177 0.199341 0.553531 1.0 0.202637 0.55216 1.0 0.201416 0.556003 1.0 0.2005 0.559022 1.0 0.202515 0.558382 1.0
0 0.275391 0.532943 0.007812 0.014641 0.0 0.0 0.0 0.0 0.0 0.0 0.0 0.0 0.0 0.0 0.0 0.0 0.0 0.0 0.0
0 0.283203 0.51757 0.005859 0.010249 0.0 0.0 0.0 0.0 0.0 0.0 0.0 0.0 0.0 0.0 0.0 0.0 0.0 0.0 0.0
0 0.254883 0.524158 0.005859 0.008785 0.0 0.0 0.0 0.0 0.0 0.0 0.0 0.0 0.0 0.0 0.0 0.0 0.0 0.0 0.0
0 0.190918 0.538799 0.006836 0.011713 0.0 0.0 0.0 0.0 0.0 0.0 0.0 0.0 0.0 0.0 0.0 0.0 0.0 0.0 0.0
0 0.176758 0.565154 0.007812 0.014641 0.175842 0.560597 1.0 0.179766 0.560695 1.0 0.177804 0.563931 1.0 0.176365 0.566775 1.0 0.179112 0.566676 1.0
0 0.155762 0.543924 0.006836 0.013177 0.0 0.0 0.0 0.0 0.0 0.0 0.0 0.0 0.0 0.0 0.0 0.0 0.0 0.0 0.0
0 0.17627 0.541728 0.006836 0.011713 0.0 0.0 0.0 0.0 0.0 0.0 0.0 0.0 0.0 0.0 0.0 0.0 0.0 0.0 0.0
0 0.165039 0.535139 0.005859 0.010249 0.0 0.0 0.0 0.0 0.0 0.0 0.0 0.0 0.0 0.0 0.0 0.0 0.0 0.0 0.0
0 0.208984 0.543192 0.005859 0.011713 0.0 0.0 0.0 0.0 0.0 0.0 0.0 0.0 0.0 0.0 0.0 0.0 0.0 0.0 0.0
0 0.200684 0.533675 0.004883 0.010249 0.0 0.0 0.0 0.0 0.0 0.0 0.0 0.0 0.0 0.0 0.0 0.0 0.0 0.0 0.0
0 0.171875 0.521962 0.005859 0.010249 0.0 0.0 0.0 0.0 0.0 0.0 0.0 0.0 0.0 0.0 0.0 0.0 0.0 0.0 0.0
0 0.15918 0.520498 0.003906 0.007321 0.0 0.0 0.0 0.0 0.0 0.0 0.0 0.0 0.0 0.0 0.0 0.0 0.0 0.0 0.0
0 0.152832 0.526354 0.004883 0.007321 0.0 0.0 0.0 0.0 0.0 0.0 0.0 0.0 0.0 0.0 0.0 0.0 0.0 0.0 0.0
0 0.143066 0.540264 0.008789 0.014641 0.0 0.0 0.0 0.0 0.0 0.0 0.0 0.0 0.0 0.0 0.0 0.0 0.0 0.0 0.0
0 0.24707 0.530747 0.005859 0.010249 0.0 0.0 0.0 0.0 0.0 0.0 0.0 0.0 0.0 0.0 0.0 0.0 0.0 0.0 0.0
0 0.160156 0.508785 0.003906 0.007321 0.0 0.0 0.0 0.0 0.0 0.0 0.0 0.0 0.0 0.0 0.0 0.0 0.0 0.0 0.0
0 0.146484 0.511713 0.003906 0.007321 0.0 0.0 0.0 0.0 0.0 0.0 0.0 0.0 0.0 0.0 0.0 0.0 0.0 0.0 0.0
0 0.129395 0.526354 0.006836 0.010249 0.0 0.0 0.0 0.0 0.0 0.0 0.0 0.0 0.0 0.0 0.0 0.0 0.0 0.0 0.0
0 0.126465 0.50366 0.004883 0.008785 0.0 0.0 0.0 0.0 0.0 0.0 0.0 0.0 0.0 0.0 0.0 0.0 0.0 0.0 0.0
0 0.195312 0.505857 0.005859 0.010249 0.0 0.0 0.0 0.0 0.0 0.0 0.0 0.0 0.0 0.0 0.0 0.0 0.0 0.0 0.0
0 0.0625 0.600293 0.005859 0.026354 0.0 0.0 0.0 0.0 0.0 0.0 0.0 0.0 0.0 0.0 0.0 0.0 0.0 0.0 0.0