0 0.01123 0.283309 0.022461 0.071742 0.006753 0.277786 1.0 0.016078 0.274177 1.0 0.018786 0.284551 1.0 0.010965 0.29763 1.0 0.021192 0.295826 1.0
0 0.042969 0.348463 0.03125 0.061493 0.047712 0.335914 1.0 0.048497 0.335914 1.0 0.056605 0.344933 1.0 0.051636 0.362581 1.0 0.052421 0.362581 1.0
0 0.15625 0.31552 0.041016 0.106881 0.161586 0.29412 1.0 0.175371 0.300788 1.0 0.176261 0.309454 1.0 0.158028 0.326122 1.0 0.169146 0.333455 1.0
0 0.187988 0.239385 0.036133 0.071742 0.174988 0.232247 1.0 0.18811 0.230876 1.0 0.178955 0.244143 1.0 0.18048 0.258328 1.0 0.192078 0.25604 1.0
0 0.262695 0.359444 0.033203 0.074671 0.267857 0.350712 1.0 0.275704 0.35024 1.0 0.278216 0.362476 1.0 0.266288 0.378007 1.0 0.274135 0.377536 1.0
0 0.358398 0.319912 0.03125 0.057101 0.35376 0.313324 1.0 0.365234 0.312225 1.0 0.360107 0.322108 1.0 0.354248 0.329429 1.0 0.365967 0.329429 1.0
0 0.487305 0.368228 0.046875 0.10981 0.490967 0.35098 1.0 0.504699 0.348919 1.0 0.507446 0.3599 1.0 0.494629 0.3901 1.0 0.506073 0.38804 1.0
0 0.527344 0.199854 0.017578 0.04246 0.522923 0.19705 1.0 0.530967 0.192225 1.0 0.526855 0.201337 1.0 0.526855 0.210182 1.0 0.532039 0.206697 1.0
0 0.323242 0.302343 0.011719 0.016105 0.0 0.0 0.0 0.0 0.0 0.0 0.0 0.0 0.0 0.0 0.0 0.0 0.0 0.0 0.0
0 0.768555 0.135432 0.048828 0.103953 0.775478 0.126857 1.0 0.785941 0.128164 1.0 0.79248 0.143851 1.0 0.77417 0.160192 1.0 0.784197 0.162152 1.0
0 0.79834 0.236457 0.040039 0.068814 0.802455 0.224078 1.0 0.811663 0.2189 1.0 0.816555 0.231842 1.0 0.802168 0.24953 1.0 0.812813 0.246078 1.0