0 0.548828 0.339844 0.029297 0.044271 0.538086 0.330932 1.0 0.549408 0.329793 1.0 0.539795 0.338053 1.0 0.538514 0.349161 1.0 0.54535 0.348878 1.0
0 0.604004 0.376953 0.020508 0.029948 0.599832 0.367938 1.0 0.607744 0.367938 1.0 0.602853 0.373884 1.0 0.599976 0.381749 1.0 0.608032 0.38194 1.0
0 0.661621 0.40625 0.024414 0.033854 0.65285 0.398298 1.0 0.661464 0.398298 1.0 0.654506 0.40625 1.0 0.662458 0.414202 1.0 0.655169 0.414865 1.0
0 0.750488 0.377604 0.024414 0.03125 0.741729 0.371297 1.0 0.75119 0.370077 1.0 0.744477 0.372721 1.0 0.741883 0.382284 1.0 0.747528 0.382487 1.0
0 0.824219 0.421875 0.023438 0.028646 0.816424 0.415492 1.0 0.824576 0.41569 1.0 0.818351 0.423991 1.0 0.819536 0.430315 1.0 0.823983 0.429525 1.0
0 0.822266 0.355469 0.019531 0.03125 0.816737 0.349737 1.0 0.825483 0.348354 1.0 0.819554 0.355073 1.0 0.818664 0.361201 1.0 0.822667 0.360607 1.0
0 0.887207 0.376302 0.016602 0.028646 0.882604 0.373698 1.0 0.891113 0.373698 1.0 0.886788 0.378534 1.0 0.88358 0.384673 1.0 0.890556 0.385603 1.0
0 0.924316 0.35026 0.014648 0.033854 0.917969 0.345052 1.0 0.927734 0.346354 1.0 0.919922 0.354167 1.0 0.919922 0.358073 1.0 0.925781 0.358073 1.0
0 0.900879 0.356771 0.016602 0.023438 0.897461 0.356771 1.0 0.905273 0.355469 1.0 0.901367 0.361979 1.0 0.898438 0.367188 1.0 0.904297 0.367188 1.0
0 0.398438 0.428385 0.023438 0.033854 0.389238 0.419346 1.0 0.400369 0.418271 1.0 0.390206 0.427734 1.0 0.392143 0.436768 1.0 0.397143 0.436768 1.0
0 0.273438 0.406901 0.03125 0.040365 0.262434 0.395937 1.0 0.275269 0.395671 1.0 0.263437 0.399949 1.0 0.260829 0.41626 1.0 0.271659 0.41519 1.0
0 0.234375 0.40625 0.039062 0.057292 0.219116 0.390585 1.0 0.232574 0.390219 1.0 0.222138 0.405599 1.0 0.220215 0.417684 1.0 0.235321 0.417318 1.0
0 0.060059 0.448568 0.036133 0.050781 0.047852 0.438802 1.0 0.060547 0.440104 1.0 0.049805 0.446615 1.0 0.046875 0.459635 1.0 0.057617 0.459635 1.0
0 0.520508 0.391276 0.019531 0.02474 0.516354 0.381714 1.0 0.52356 0.38222 1.0 0.51787 0.386771 1.0 0.515342 0.395199 1.0 0.521789 0.395031 1.0
0 0.424805 0.395182 0.03125 0.050781 0.412798 0.386846 1.0 0.425027 0.387167 1.0 0.413758 0.393241 1.0 0.411839 0.406349 1.0 0.420231 0.406668 1.0