0 0.022461 0.252822 0.019531 0.018419 0.0 0.0 0.0 0.0 0.0 0.0 0.0 0.0 0.0 0.0 0.0 0.0 0.0 0.0 0.0
0 0.117188 0.242721 0.023438 0.017231 0.110396 0.241417 1.0 0.122907 0.240655 1.0 0.11683 0.244353 1.0 0.113255 0.246963 1.0 0.120048 0.246963 1.0
0 0.023926 0.192513 0.012695 0.008318 0.019592 0.191046 1.0 0.026093 0.190657 1.0 0.022705 0.192383 1.0 0.022247 0.195057 1.0 0.025086 0.195002 1.0
0 0.022461 0.172014 0.011719 0.008913 0.024858 0.1702 1.0 0.025722 0.170141 1.0 0.028983 0.172534 1.0 0.027448 0.174752 1.0 0.027641 0.174576 1.0
0 0.046387 0.166964 0.008789 0.00713 0.0 0.0 0.0 0.0 0.0 0.0 0.0 0.0 0.0 0.0 0.0 0.0 0.0 0.0 0.0
0 0.008301 0.191325 0.012695 0.008318 0.0 0.0 0.0 0.0 0.0 0.0 0.0 0.0 0.0 0.0 0.0 0.0 0.0 0.0 0.0
0 0.015137 0.152406 0.008789 0.007724 0.0 0.0 0.0 0.0 0.0 0.0 0.0 0.0 0.0 0.0 0.0 0.0 0.0 0.0 0.0
0 0.086914 0.146465 0.007812 0.005348 0.0 0.0 0.0 0.0 0.0 0.0 0.0 0.0 0.0 0.0 0.0 0.0 0.0 0.0 0.0
0 0.133301 0.147059 0.010742 0.006536 0.0 0.0 0.0 0.0 0.0 0.0 0.0 0.0 0.0 0.0 0.0 0.0 0.0 0.0 0.0
0 0.155762 0.141117 0.008789 0.006536 0.0 0.0 0.0 0.0 0.0 0.0 0.0 0.0 0.0 0.0 0.0 0.0 0.0 0.0 0.0
0 0.118652 0.15716 0.012695 0.010101 0.0 0.0 0.0 0.0 0.0 0.0 0.0 0.0 0.0 0.0 0.0 0.0 0.0 0.0 0.0
0 0.117188 0.173203 0.011719 0.008913 0.0 0.0 0.0 0.0 0.0 0.0 0.0 0.0 0.0 0.0 0.0 0.0 0.0 0.0 0.0
0 0.158203 0.180927 0.011719 0.011289 0.0 0.0 0.0 0.0 0.0 0.0 0.0 0.0 0.0 0.0 0.0 0.0 0.0 0.0 0.0
0 0.17627 0.179739 0.012695 0.007724 0.174364 0.179739 1.0 0.179086 0.179134 1.0 0.177015 0.181351 1.0 0.176187 0.18246 1.0 0.178755 0.182208 1.0
0 0.178711 0.193999 0.011719 0.008913 0.0 0.0 0.0 0.0 0.0 0.0 0.0 0.0 0.0 0.0 0.0 0.0 0.0 0.0 0.0
0 0.137207 0.210042 0.014648 0.011289 0.0 0.0 0.0 0.0 0.0 0.0 0.0 0.0 0.0 0.0 0.0 0.0 0.0 0.0 0.0
0 0.177246 0.207071 0.012695 0.011289 0.0 0.0 0.0 0.0 0.0 0.0 0.0 0.0 0.0 0.0 0.0 0.0 0.0 0.0 0.0
0 0.244629 0.197564 0.012695 0.012478 0.0 0.0 0.0 0.0 0.0 0.0 0.0 0.0 0.0 0.0 0.0 0.0 0.0 0.0 0.0
0 0.240234 0.179144 0.015625 0.010101 0.0 0.0 0.0 0.0 0.0 0.0 0.0 0.0 0.0 0.0 0.0 0.0 0.0 0.0 0.0
0 0.260742 0.158645 0.013672 0.008318 0.0 0.0 0.0 0.0 0.0 0.0 0.0 0.0 0.0 0.0 0.0 0.0 0.0 0.0 0.0
0 0.276855 0.131313 0.010742 0.00713 0.0 0.0 0.0 0.0 0.0 0.0 0.0 0.0 0.0 0.0 0.0 0.0 0.0 0.0 0.0
0 0.264648 0.131313 0.007812 0.00713 0.0 0.0 0.0 0.0 0.0 0.0 0.0 0.0 0.0 0.0 0.0 0.0 0.0 0.0 0.0
0 0.290039 0.128639 0.007812 0.006536 0.288574 0.127409 1.0 0.290527 0.127366 1.0 0.289132 0.128554 1.0 0.289062 0.129616 1.0 0.290667 0.129531 1.0
0 0.289551 0.15003 0.006836 0.006536 0.0 0.0 0.0 0.0 0.0 0.0 0.0 0.0 0.0 0.0 0.0 0.0 0.0 0.0 0.0
0 0.304199 0.141711 0.008789 0.007724 0.0 0.0 0.0 0.0 0.0 0.0 0.0 0.0 0.0 0.0 0.0 0.0 0.0 0.0 0.0
0 0.319336 0.130125 0.007812 0.005942 0.0 0.0 0.0 0.0 0.0 0.0 0.0 0.0 0.0 0.0 0.0 0.0 0.0 0.0 0.0
0 0.378906 0.121509 0.009766 0.006536 0.0 0.0 0.0 0.0 0.0 0.0 0.0 0.0 0.0 0.0 0.0 0.0 0.0 0.0 0.0
0 0.402832 0.120024 0.008789 0.00713 0.40012 0.119456 1.0 0.403455 0.119366 1.0 0.401751 0.120989 1.0 0.401454 0.122116 1.0 0.4039 0.122071 1.0
0 0.421875 0.117053 0.009766 0.00713 0.0 0.0 0.0 0.0 0.0 0.0 0.0 0.0 0.0 0.0 0.0 0.0 0.0 0.0 0.0
0 0.115234 0.424242 0.042969 0.033274 0.10318 0.421011 1.0 0.122123 0.420592 1.0 0.110757 0.429394 1.0 0.110412 0.434213 1.0 0.122467 0.433376 1.0
0 0.119141 0.505645 0.056641 0.042781 0.105844 0.505374 1.0 0.13119 0.499692 1.0 0.123631 0.510244 1.0 0.116071 0.518361 1.0 0.136082 0.513762 1.0
0 0.342285 0.534462 0.069336 0.050505 0.322113 0.531343 1.0 0.355835 0.530396 1.0 0.338715 0.543338 1.0 0.330414 0.549335 1.0 0.352203 0.548704 1.0
0 0.333008 0.410873 0.044922 0.033868 0.318577 0.407314 1.0 0.342529 0.404921 1.0 0.333949 0.412099 1.0 0.327515 0.420147 1.0 0.345031 0.418407 1.0
0 0.435059 0.469103 0.049805 0.040998 0.41632 0.464392 1.0 0.423933 0.464392 1.0 0.411669 0.474169 1.0 0.425201 0.480087 1.0 0.431545 0.47983 1.0
0 0.455566 0.42751 0.043945 0.036245 0.0 0.0 0.0 0.0 0.0 0.0 0.0 0.0 0.0 0.0 0.0 0.0 0.0 0.0 0.0
0 0.546387 0.539216 0.063477 0.04694 0.52461 0.53391 1.0 0.557033 0.53185 1.0 0.541548 0.545688 1.0 0.534289 0.551577 1.0 0.55413 0.551282 1.0
0 0.708984 0.454843 0.056641 0.043375 0.689227 0.448511 1.0 0.712128 0.447964 1.0 0.696411 0.456434 1.0 0.691022 0.464904 1.0 0.712577 0.46545 1.0
0 0.464844 0.263518 0.025391 0.021985 0.468977 0.259128 1.0 0.472674 0.258987 1.0 0.475678 0.263204 1.0 0.469901 0.268969 1.0 0.473829 0.269109 1.0
0 0.546875 0.253417 0.025391 0.021985 0.537118 0.2524 1.0 0.544281 0.252822 1.0 0.538042 0.257462 1.0 0.541277 0.261117 1.0 0.54613 0.261257 1.0
0 0.643555 0.244207 0.023438 0.016637 0.636266 0.241737 1.0 0.641026 0.243289 1.0 0.635585 0.245979 1.0 0.638985 0.249703 1.0 0.642046 0.250427 1.0
0 0.712402 0.252228 0.030273 0.021985 0.703107 0.25026 1.0 0.716278 0.248854 1.0 0.708422 0.253915 1.0 0.707267 0.259117 1.0 0.717896 0.25757 1.0
0 0.680664 0.213607 0.023438 0.017231 0.678711 0.211193 1.0 0.688232 0.209745 1.0 0.686768 0.213978 1.0 0.683654 0.218212 1.0 0.690063 0.217432 1.0
0 0.739746 0.223113 0.026367 0.018419 0.733887 0.220832 1.0 0.745396 0.219898 1.0 0.739449 0.225501 1.0 0.735997 0.228419 1.0 0.74578 0.227485 1.0
0 0.877441 0.229947 0.030273 0.024955 0.0 0.0 0.0 0.0 0.0 0.0 0.0 0.0 0.0 0.0 0.0 0.0 0.0 0.0 0.0
0 0.56543 0.207962 0.021484 0.015449 0.0 0.0 0.0 0.0 0.0 0.0 0.0 0.0 0.0 0.0 0.0 0.0 0.0 0.0 0.0
0 0.621582 0.195187 0.020508 0.016043 0.620414 0.193765 1.0 0.629085 0.1918 1.0 0.627895 0.195111 1.0 0.623814 0.199662 1.0 0.629425 0.198317 1.0
0 0.643066 0.19697 0.016602 0.012478 0.639832 0.196991 1.0 0.646502 0.196036 1.0 0.643624 0.199299 1.0 0.642186 0.201686 1.0 0.647417 0.202004 1.0
0 0.668457 0.193999 0.024414 0.016043 0.66238 0.194749 1.0 0.674621 0.193508 1.0 0.668841 0.197336 1.0 0.666801 0.200646 1.0 0.674281 0.199715 1.0
0 0.759766 0.199941 0.021484 0.014854 0.751807 0.196084 1.0 0.762871 0.195276 1.0 0.757422 0.199293 1.0 0.753926 0.202799 1.0 0.763018 0.202163 1.0
0 0.692383 0.189542 0.019531 0.015449 0.680765 0.188559 1.0 0.689475 0.186792 1.0 0.685281 0.190816 1.0 0.685926 0.193858 1.0 0.69254 0.192386 1.0
0 0.686523 0.177956 0.019531 0.014854 0.0 0.0 0.0 0.0 0.0 0.0 0.0 0.0 0.0 0.0 0.0 0.0 0.0 0.0 0.0
0 0.662109 0.169638 0.017578 0.013666 0.656643 0.169112 1.0 0.664411 0.16815 1.0 0.661103 0.171038 1.0 0.658225 0.173314 1.0 0.664843 0.172964 1.0
0 0.635742 0.152704 0.015625 0.013072 0.63174 0.151831 1.0 0.640795 0.151666 1.0 0.637416 0.154133 1.0 0.633902 0.156847 1.0 0.640119 0.156847 1.0
0 0.688965 0.150327 0.016602 0.013072 0.68485 0.149648 1.0 0.692522 0.148799 1.0 0.688337 0.152024 1.0 0.687779 0.154571 1.0 0.694196 0.153553 1.0
0 0.836914 0.183601 0.019531 0.016637 0.0 0.0 0.0 0.0 0.0 0.0 0.0 0.0 0.0 0.0 0.0 0.0 0.0 0.0 0.0
0 0.8125 0.177065 0.019531 0.015449 0.805891 0.175553 1.0 0.812352 0.17515 1.0 0.806222 0.178879 1.0 0.80556 0.18281 1.0 0.812187 0.182206 1.0
0 0.769043 0.163399 0.020508 0.015449 0.764038 0.16212 1.0 0.771781 0.161237 1.0 0.768394 0.164574 1.0 0.765974 0.16742 1.0 0.773394 0.166733 1.0
0 0.868164 0.15716 0.017578 0.013666 0.0 0.0 0.0 0.0 0.0 0.0 0.0 0.0 0.0 0.0 0.0 0.0 0.0 0.0 0.0
0 0.727051 0.156566 0.016602 0.013666 0.723197 0.155778 1.0 0.728951 0.15464 1.0 0.726218 0.157616 1.0 0.726074 0.160592 1.0 0.730822 0.159805 1.0
0 0.734375 0.139632 0.013672 0.010695 0.0 0.0 0.0 0.0 0.0 0.0 0.0 0.0 0.0 0.0 0.0 0.0 0.0 0.0 0.0
0 0.784668 0.150624 0.016602 0.013666 0.77952 0.150011 1.0 0.78772 0.149836 1.0 0.78326 0.152725 1.0 0.78139 0.155351 1.0 0.787288 0.155263 1.0
0 0.799805 0.143494 0.015625 0.011289 0.0 0.0 0.0 0.0 0.0 0.0 0.0 0.0 0.0 0.0 0.0 0.0 0.0 0.0 0.0
0 0.830078 0.124777 0.015625 0.013072 0.824567 0.123928 1.0 0.832101 0.124013 1.0 0.827916 0.126051 1.0 0.826381 0.128427 1.0 0.830427 0.128427 1.0
0 0.846191 0.140226 0.016602 0.01426 0.841125 0.138258 1.0 0.848297 0.138258 1.0 0.844482 0.141321 1.0 0.842346 0.143828 1.0 0.846771 0.143828 1.0
0 0.884766 0.136661 0.015625 0.011884 0.885703 0.134518 1.0 0.89114 0.133594 1.0 0.890255 0.136902 1.0 0.888105 0.139902 1.0 0.891393 0.138825 1.0
0 0.881836 0.12448 0.019531 0.012478 0.0 0.0 0.0 0.0 0.0 0.0 0.0 0.0 0.0 0.0 0.0 0.0 0.0 0.0 0.0
0 0.848633 0.10101 0.013672 0.011884 0.845236 0.09979 1.0 0.851179 0.099329 1.0 0.848271 0.102021 1.0 0.846375 0.103713 1.0 0.852063 0.103251 1.0
0 0.880371 0.101307 0.014648 0.011289 0.877293 0.100283 1.0 0.883885 0.100068 1.0 0.88106 0.101859 1.0 0.879529 0.104222 1.0 0.883061 0.104151 1.0
0 0.783203 0.10101 0.015625 0.011884 0.78006 0.09979 1.0 0.788783 0.099175 1.0 0.785496 0.101944 1.0 0.781324 0.104021 1.0 0.78752 0.103944 1.0
0 0.807617 0.09596 0.013672 0.010101 0.0 0.0 0.0 0.0 0.0 0.0 0.0 0.0 0.0 0.0 0.0 0.0 0.0 0.0 0.0
0 0.485352 0.126857 0.005859 0.005348 0.0 0.0 0.0 0.0 0.0 0.0 0.0 0.0 0.0 0.0 0.0 0.0 0.0 0.0 0.0
0 0.510742 0.117053 0.005859 0.005942 0.0 0.0 0.0 0.0 0.0 0.0 0.0 0.0 0.0 0.0 0.0 0.0 0.0 0.0 0.0
0 0.532227 0.109329 0.007812 0.005942 0.0 0.0 0.0 0.0 0.0 0.0 0.0 0.0 0.0 0.0 0.0 0.0 0.0 0.0 0.0
0 0.553711 0.114082 0.009766 0.00713 0.0 0.0 0.0 0.0 0.0 0.0 0.0 0.0 0.0 0.0 0.0 0.0 0.0 0.0 0.0
0 0.57666 0.104575 0.008789 0.004753 0.0 0.0 0.0 0.0 0.0 0.0 0.0 0.0 0.0 0.0 0.0 0.0 0.0 0.0 0.0
0 0.61377 0.100713 0.008789 0.006536 0.0 0.0 0.0 0.0 0.0 0.0 0.0 0.0 0.0 0.0 0.0 0.0 0.0 0.0 0.0
0 0.634766 0.107249 0.009766 0.007724 0.0 0.0 0.0 0.0 0.0 0.0 0.0 0.0 0.0 0.0 0.0 0.0 0.0 0.0 0.0
0 0.650391 0.092097 0.005859 0.004753 0.0 0.0 0.0 0.0 0.0 0.0 0.0 0.0 0.0 0.0 0.0 0.0 0.0 0.0 0.0
0 0.67334 0.088829 0.010742 0.008913 0.0 0.0 0.0 0.0 0.0 0.0 0.0 0.0 0.0 0.0 0.0 0.0 0.0 0.0 0.0
0 0.708008 0.094474 0.007812 0.005942 0.0 0.0 0.0 0.0 0.0 0.0 0.0 0.0 0.0 0.0 0.0 0.0 0.0 0.0 0.0
0 0.736328 0.074569 0.007812 0.007724 0.0 0.0 0.0 0.0 0.0 0.0 0.0 0.0 0.0 0.0 0.0 0.0 0.0 0.0 0.0
0 0.757324 0.084967 0.006836 0.005942 0.0 0.0 0.0 0.0 0.0 0.0 0.0 0.0 0.0 0.0 0.0 0.0 0.0 0.0 0.0
0 0.788086 0.073975 0.009766 0.007724 0.0 0.0 0.0 0.0 0.0 0.0 0.0 0.0 0.0 0.0 0.0 0.0 0.0 0.0 0.0
0 0.813477 0.074569 0.007812 0.006536 0.0 0.0 0.0 0.0 0.0 0.0 0.0 0.0 0.0 0.0 0.0 0.0 0.0 0.0 0.0
0 0.833984 0.078134 0.009766 0.007724 0.0 0.0 0.0 0.0 0.0 0.0 0.0 0.0 0.0 0.0 0.0 0.0 0.0 0.0 0.0
0 0.867676 0.093286 0.014648 0.013072 0.0 0.0 0.0 0.0 0.0 0.0 0.0 0.0 0.0 0.0 0.0 0.0 0.0 0.0 0.0
0 0.876465 0.083482 0.010742 0.008913 0.0 0.0 0.0 0.0 0.0 0.0 0.0 0.0 0.0 0.0 0.0 0.0 0.0 0.0 0.0
0 0.887695 0.074569 0.011719 0.008913 0.886353 0.074389 1.0 0.891244 0.074156 1.0 0.889613 0.076198 1.0 0.888654 0.077832 1.0 0.89086 0.077774 1.0
0 0.900879 0.074866 0.008789 0.008318 0.0 0.0 0.0 0.0 0.0 0.0 0.0 0.0 0.0 0.0 0.0 0.0 0.0 0.0 0.0
0 0.919922 0.079026 0.011719 0.009507 0.0 0.0 0.0 0.0 0.0 0.0 0.0 0.0 0.0 0.0 0.0 0.0 0.0 0.0 0.0
0 0.944824 0.059715 0.010742 0.007724 0.942505 0.058818 1.0 0.946315 0.058113 1.0 0.944907 0.060078 1.0 0.944493 0.061742 1.0 0.94731 0.061036 1.0
0 0.962891 0.064468 0.011719 0.007724 0.0 0.0 0.0 0.0 0.0 0.0 0.0 0.0 0.0 0.0 0.0 0.0 0.0 0.0 0.0