0 0.813477 0.457682 0.017578 0.027344 0.810547 0.46224 1.0 0.816406 0.46224 1.0 0.813477 0.467448 1.0 0.810547 0.46875 1.0 0.817383 0.470052 1.0
0 0.776367 0.47526 0.017578 0.023438 0.773438 0.479167 1.0 0.78125 0.479167 1.0 0.777344 0.483073 1.0 0.776367 0.489583 1.0 0.782227 0.490885 1.0
0 0.73584 0.472656 0.016602 0.023438 0.734375 0.477865 1.0 0.739258 0.477865 1.0 0.736328 0.481771 1.0 0.734375 0.486979 1.0 0.739258 0.486979 1.0
0 0.693848 0.490234 0.016602 0.02474 0.69043 0.494792 1.0 0.697266 0.494792 1.0 0.692383 0.497396 1.0 0.69043 0.503906 1.0 0.696289 0.502604 1.0
0 0.666992 0.477214 0.013672 0.022135 0.665039 0.480469 1.0 0.670898 0.480469 1.0 0.667969 0.484375 1.0 0.664062 0.488281 1.0 0.669922 0.488281 1.0
0 0.637695 0.484375 0.017578 0.026042 0.631836 0.485677 1.0 0.641602 0.484375 1.0 0.636719 0.490885 1.0 0.634766 0.494792 1.0 0.639648 0.496094 1.0
0 0.608398 0.489583 0.015625 0.023438 0.606925 0.487828 1.0 0.613612 0.487526 1.0 0.611572 0.493268 1.0 0.608512 0.4975 1.0 0.612933 0.497198 1.0
0 0.588379 0.488932 0.014648 0.02474 0.0 0.0 0.0 0.0 0.0 0.0 0.0 0.0 0.0 0.0 0.0 0.0 0.0 0.0 0.0
0 0.856934 0.494141 0.010742 0.019531 0.0 0.0 0.0 0.0 0.0 0.0 0.0 0.0 0.0 0.0 0.0 0.0 0.0 0.0 0.0
0 0.478027 0.473307 0.014648 0.027344 0.475586 0.471354 1.0 0.482422 0.471354 1.0 0.478516 0.476562 1.0 0.475586 0.481771 1.0 0.480469 0.481771 1.0
0 0.521973 0.482422 0.010742 0.019531 0.521484 0.483073 1.0 0.527344 0.484375 1.0 0.524414 0.486979 1.0 0.521484 0.490885 1.0 0.525391 0.492188 1.0
0 0.550293 0.503255 0.012695 0.022135 0.544922 0.503906 1.0 0.551758 0.503906 1.0 0.547852 0.507812 1.0 0.546875 0.511719 1.0 0.552734 0.509115 1.0
0 0.507812 0.482422 0.011719 0.022135 0.504883 0.483073 1.0 0.511719 0.483073 1.0 0.507812 0.488281 1.0 0.504883 0.490885 1.0 0.508789 0.492188 1.0
0 0.45166 0.468099 0.014648 0.02474 0.449219 0.466146 1.0 0.455078 0.467448 1.0 0.453125 0.472656 1.0 0.450195 0.476562 1.0 0.455078 0.476562 1.0
0 0.406738 0.472656 0.014648 0.026042 0.405273 0.472656 1.0 0.411133 0.471354 1.0 0.40918 0.479167 1.0 0.405273 0.480469 1.0 0.40918 0.483073 1.0
0 0.390625 0.482422 0.011719 0.022135 0.0 0.0 0.0 0.0 0.0 0.0 0.0 0.0 0.0 0.0 0.0 0.0 0.0 0.0 0.0
0 0.306641 0.481771 0.015625 0.020833 0.302734 0.481771 1.0 0.311523 0.480469 1.0 0.307617 0.485677 1.0 0.304688 0.490885 1.0 0.30957 0.490885 1.0
0 0.119629 0.475911 0.018555 0.027344 0.116211 0.479167 1.0 0.125977 0.479167 1.0 0.120117 0.481771 1.0 0.117188 0.488281 1.0 0.124023 0.488281 1.0
0 0.060059 0.474609 0.014648 0.019531 0.055664 0.47526 1.0 0.060547 0.47526 1.0 0.058594 0.481771 1.0 0.054688 0.485677 1.0 0.05957 0.485677 1.0
0 0.983398 0.496094 0.011719 0.015625 0.0 0.0 0.0 0.0 0.0 0.0 0.0 0.0 0.0 0.0 0.0 0.0 0.0 0.0 0.0