0 0.009277 0.313869 0.018555 0.029197 0.0 0.0 0.0 0.0 0.0 0.0 0.0 0.0 0.0 0.0 0.0 0.0 0.0 0.0 0.0
0 0.086426 0.293431 0.018555 0.029197 0.0 0.0 0.0 0.0 0.0 0.0 0.0 0.0 0.0 0.0 0.0 0.0 0.0 0.0 0.0
0 0.214844 0.318248 0.021484 0.037956 0.0 0.0 0.0 0.0 0.0 0.0 0.0 0.0 0.0 0.0 0.0 0.0 0.0 0.0 0.0
0 0.293945 0.308029 0.013672 0.020438 0.290894 0.306752 1.0 0.295288 0.306615 1.0 0.292725 0.311542 1.0 0.291443 0.316469 1.0 0.294556 0.315921 1.0
0 0.341309 0.340876 0.022461 0.036496 0.0 0.0 0.0 0.0 0.0 0.0 0.0 0.0 0.0 0.0 0.0 0.0 0.0 0.0 0.0
0 0.408203 0.305839 0.013672 0.021898 0.0 0.0 0.0 0.0 0.0 0.0 0.0 0.0 0.0 0.0 0.0 0.0 0.0 0.0 0.0
0 0.510254 0.312409 0.014648 0.026277 0.0 0.0 0.0 0.0 0.0 0.0 0.0 0.0 0.0 0.0 0.0 0.0 0.0 0.0 0.0
0 0.619141 0.332117 0.037109 0.059854 0.604763 0.310663 1.0 0.615823 0.314508 1.0 0.602962 0.326042 1.0 0.603733 0.344115 1.0 0.612222 0.345269 1.0
0 0.674316 0.329197 0.024414 0.039416 0.668195 0.316085 1.0 0.675816 0.316333 1.0 0.67035 0.326486 1.0 0.667698 0.334907 1.0 0.673331 0.335153 1.0
0 0.763672 0.309489 0.015625 0.026277 0.0 0.0 0.0 0.0 0.0 0.0 0.0 0.0 0.0 0.0 0.0 0.0 0.0 0.0 0.0
0 0.80957 0.310219 0.019531 0.030657 0.0 0.0 0.0 0.0 0.0 0.0 0.0 0.0 0.0 0.0 0.0 0.0 0.0 0.0 0.0
0 0.92041 0.323358 0.032227 0.042336 0.0 0.0 0.0 0.0 0.0 0.0 0.0 0.0 0.0 0.0 0.0 0.0 0.0 0.0 0.0
0 0.888672 0.321168 0.015625 0.029197 0.0 0.0 0.0 0.0 0.0 0.0 0.0 0.0 0.0 0.0 0.0 0.0 0.0 0.0 0.0
0 0.864746 0.30073 0.008789 0.017518 0.0 0.0 0.0 0.0 0.0 0.0 0.0 0.0 0.0 0.0 0.0 0.0 0.0 0.0 0.0
0 0.98291 0.306569 0.014648 0.020438 0.0 0.0 0.0 0.0 0.0 0.0 0.0 0.0 0.0 0.0 0.0 0.0 0.0 0.0 0.0