0 0.017578 0.385417 0.035156 0.072917 0.001953 0.360677 1.0 0.014648 0.364583 1.0 0.001953 0.369792 1.0 0.000977 0.390625 1.0 0.005859 0.390625 1.0
0 0.077637 0.388021 0.032227 0.044271 0.071961 0.381104 1.0 0.085633 0.380249 1.0 0.079864 0.386799 1.0 0.073883 0.399048 1.0 0.085633 0.397624 1.0
0 0.062012 0.378906 0.016602 0.039062 0.0 0.0 0.0 0.0 0.0 0.0 0.0 0.0 0.0 0.0 0.0 0.0 0.0 0.0 0.0
0 0.121582 0.386068 0.02832 0.042969 0.114886 0.379279 1.0 0.128487 0.379557 1.0 0.120954 0.385417 1.0 0.116142 0.396298 1.0 0.124721 0.396298 1.0
0 0.102539 0.308594 0.019531 0.033854 0.102382 0.306605 1.0 0.110168 0.306164 1.0 0.109837 0.311023 1.0 0.106192 0.319197 1.0 0.112156 0.319417 1.0
0 0.072754 0.287109 0.004883 0.011719 0.0 0.0 0.0 0.0 0.0 0.0 0.0 0.0 0.0 0.0 0.0 0.0 0.0 0.0 0.0
0 0.172363 0.289062 0.020508 0.03125 0.170196 0.284831 1.0 0.178437 0.283609 1.0 0.175995 0.291544 1.0 0.17218 0.296021 1.0 0.179504 0.295818 1.0
0 0.152832 0.351562 0.024414 0.046875 0.157784 0.334333 1.0 0.161865 0.332217 1.0 0.162318 0.347029 1.0 0.159371 0.359422 1.0 0.162092 0.358514 1.0
0 0.201172 0.338542 0.023438 0.039062 0.0 0.0 0.0 0.0 0.0 0.0 0.0 0.0 0.0 0.0 0.0 0.0 0.0 0.0 0.0
0 0.168945 0.413411 0.046875 0.063802 0.154297 0.392008 1.0 0.173523 0.39038 1.0 0.156128 0.402589 1.0 0.154907 0.419677 1.0 0.171691 0.419271 1.0
0 0.203613 0.625651 0.098633 0.136719 0.169952 0.589763 1.0 0.206482 0.590617 1.0 0.176361 0.621379 1.0 0.170594 0.645305 1.0 0.207764 0.647867 1.0
0 0.335938 0.434245 0.037109 0.05599 0.322375 0.416161 1.0 0.333544 0.41687 1.0 0.321311 0.427862 1.0 0.323438 0.438146 1.0 0.33248 0.439208 1.0
0 0.275391 0.384766 0.019531 0.042969 0.0 0.0 0.0 0.0 0.0 0.0 0.0 0.0 0.0 0.0 0.0 0.0 0.0 0.0 0.0
0 0.302734 0.353516 0.027344 0.048177 0.301322 0.351289 1.0 0.313568 0.350982 1.0 0.309178 0.359915 1.0 0.302708 0.36731 1.0 0.309409 0.366694 1.0
0 0.314941 0.345703 0.018555 0.029948 0.0 0.0 0.0 0.0 0.0 0.0 0.0 0.0 0.0 0.0 0.0 0.0 0.0 0.0 0.0
0 0.359863 0.317708 0.012695 0.028646 0.358398 0.311198 1.0 0.362305 0.3125 1.0 0.359375 0.313802 1.0 0.356445 0.320312 1.0 0.360352 0.321615 1.0
0 0.372559 0.383464 0.022461 0.042969 0.371172 0.373901 1.0 0.380598 0.375814 1.0 0.375476 0.381277 1.0 0.368918 0.388382 1.0 0.376909 0.390021 1.0
0 0.415039 0.401693 0.021484 0.040365 0.408478 0.394642 1.0 0.415602 0.395142 1.0 0.40904 0.401891 1.0 0.408665 0.409139 1.0 0.413914 0.409389 1.0
0 0.431641 0.365885 0.013672 0.03125 0.435547 0.363281 1.0 0.4375 0.363281 1.0 0.436523 0.372396 1.0 0.43457 0.378906 1.0 0.4375 0.378906 1.0
0 0.468262 0.384766 0.038086 0.074219 0.458008 0.374349 1.0 0.47161 0.370164 1.0 0.460798 0.384579 1.0 0.460449 0.39853 1.0 0.475795 0.39481 1.0
0 0.51123 0.41276 0.049805 0.072917 0.494899 0.390986 1.0 0.512809 0.387771 1.0 0.498688 0.402007 1.0 0.493866 0.420835 1.0 0.51212 0.419917 1.0
0 0.539551 0.326172 0.020508 0.035156 0.541016 0.325521 1.0 0.546875 0.321615 1.0 0.547852 0.328125 1.0 0.543945 0.33724 1.0 0.547852 0.334635 1.0
0 0.539062 0.301432 0.015625 0.019531 0.539062 0.294271 1.0 0.542969 0.292969 1.0 0.543945 0.300781 1.0 0.541016 0.307292 1.0 0.542969 0.30599 1.0
0 0.587891 0.296875 0.017578 0.023438 0.590027 0.291202 1.0 0.595912 0.29073 1.0 0.595677 0.296695 1.0 0.590145 0.301404 1.0 0.5945 0.301404 1.0
0 0.628418 0.370443 0.018555 0.040365 0.629168 0.368001 1.0 0.632045 0.36749 1.0 0.635498 0.375163 1.0 0.629359 0.380534 1.0 0.631278 0.381813 1.0
0 0.630859 0.342448 0.021484 0.026042 0.628627 0.334449 1.0 0.632812 0.333147 1.0 0.636021 0.336867 1.0 0.633649 0.346354 1.0 0.637975 0.34468 1.0
0 0.675781 0.347005 0.021484 0.03776 0.680664 0.342448 1.0 0.681641 0.339844 1.0 0.685547 0.346354 1.0 0.679688 0.356771 1.0 0.681641 0.355469 1.0
0 0.702148 0.352865 0.021484 0.036458 0.703125 0.35026 1.0 0.707031 0.348958 1.0 0.709961 0.352865 1.0 0.705078 0.361979 1.0 0.708008 0.360677 1.0
0 0.739258 0.359375 0.017578 0.033854 0.737959 0.354207 1.0 0.741185 0.352056 1.0 0.74425 0.357219 1.0 0.740539 0.367327 1.0 0.744733 0.365176 1.0
0 0.710938 0.409505 0.027344 0.03776 0.705802 0.401292 1.0 0.720816 0.406059 1.0 0.710628 0.408441 1.0 0.705802 0.412732 1.0 0.713488 0.416068 1.0
0 0.766113 0.364583 0.020508 0.039062 0.7641 0.359863 1.0 0.774354 0.360352 1.0 0.771424 0.36499 1.0 0.7641 0.371339 1.0 0.773254 0.372315 1.0
0 0.763672 0.292318 0.015625 0.027344 0.7641 0.290098 1.0 0.764753 0.2894 1.0 0.769984 0.293934 1.0 0.766191 0.299863 1.0 0.766846 0.299165 1.0
0 0.78418 0.328125 0.013672 0.026042 0.785156 0.325521 1.0 0.789062 0.324219 1.0 0.789062 0.329427 1.0 0.78418 0.334635 1.0 0.788086 0.333333 1.0
0 0.821289 0.296875 0.013672 0.023438 0.822488 0.293462 1.0 0.825321 0.292009 1.0 0.826303 0.296951 1.0 0.82336 0.30131 1.0 0.824886 0.301165 1.0
0 0.813477 0.36263 0.019531 0.035156 0.813477 0.356115 1.0 0.819937 0.356115 1.0 0.817558 0.362689 1.0 0.811946 0.369036 1.0 0.818237 0.369036 1.0
0 0.689453 0.322266 0.015625 0.022135 0.688473 0.320673 1.0 0.691415 0.320527 1.0 0.69414 0.325613 1.0 0.691633 0.330845 1.0 0.692723 0.330991 1.0
0 0.980957 0.318359 0.014648 0.02474 0.981393 0.311878 1.0 0.984101 0.310151 1.0 0.986219 0.317529 1.0 0.980099 0.323178 1.0 0.982335 0.321923 1.0
0 0.931152 0.257812 0.006836 0.013021 0.0 0.0 0.0 0.0 0.0 0.0 0.0 0.0 0.0 0.0 0.0 0.0 0.0 0.0 0.0
0 0.937988 0.266276 0.004883 0.011719 0.0 0.0 0.0 0.0 0.0 0.0 0.0 0.0 0.0 0.0 0.0 0.0 0.0 0.0 0.0
0 0.947754 0.270182 0.004883 0.014323 0.0 0.0 0.0 0.0 0.0 0.0 0.0 0.0 0.0 0.0 0.0 0.0 0.0 0.0 0.0
0 0.930664 0.330729 0.017578 0.033854 0.0 0.0 0.0 0.0 0.0 0.0 0.0 0.0 0.0 0.0 0.0 0.0 0.0 0.0 0.0
0 0.940918 0.319661 0.010742 0.022135 0.0 0.0 0.0 0.0 0.0 0.0 0.0 0.0 0.0 0.0 0.0 0.0 0.0 0.0 0.0
0 0.938965 0.348307 0.024414 0.035156 0.0 0.0 0.0 0.0 0.0 0.0 0.0 0.0 0.0 0.0 0.0 0.0 0.0 0.0 0.0
0 0.894043 0.333333 0.018555 0.026042 0.893555 0.328125 1.0 0.898438 0.324219 1.0 0.900391 0.330729 1.0 0.899414 0.339844 1.0 0.902344 0.33724 1.0
0 0.866699 0.345703 0.016602 0.035156 0.867231 0.342814 1.0 0.867741 0.342587 1.0 0.873352 0.348029 1.0 0.868932 0.354829 1.0 0.869271 0.35415 1.0
0 0.942871 0.402995 0.016602 0.03776 0.0 0.0 0.0 0.0 0.0 0.0 0.0 0.0 0.0 0.0 0.0 0.0 0.0 0.0 0.0