0 0.411621 0.29428 0.024414 0.053506 0.403992 0.281251 1.0 0.414062 0.283672 1.0 0.404357 0.293358 1.0 0.401611 0.305465 1.0 0.40802 0.305812 1.0
0 0.269043 0.233395 0.030273 0.060886 0.25749 0.223716 1.0 0.268555 0.224491 1.0 0.259539 0.236493 1.0 0.258104 0.25159 1.0 0.264661 0.250815 1.0
0 0.32666 0.222325 0.020508 0.035055 0.321119 0.21553 1.0 0.32666 0.21553 1.0 0.323687 0.225744 1.0 0.324903 0.232637 1.0 0.328417 0.231616 1.0
0 0.228516 0.238007 0.023438 0.04797 0.21991 0.232373 1.0 0.229187 0.231122 1.0 0.223389 0.242389 1.0 0.220406 0.251153 1.0 0.228027 0.251467 1.0
0 0.192871 0.27214 0.026367 0.046125 0.18267 0.262183 1.0 0.193041 0.260897 1.0 0.18624 0.275352 1.0 0.18522 0.283063 1.0 0.193211 0.282742 1.0
0 0.212891 0.185424 0.017578 0.038745 0.206647 0.174124 1.0 0.213579 0.172395 1.0 0.208348 0.183266 1.0 0.207302 0.191421 1.0 0.213318 0.190926 1.0
0 0.041504 0.207565 0.02832 0.053506 0.031066 0.198686 1.0 0.040771 0.197993 1.0 0.032898 0.209063 1.0 0.030884 0.222555 1.0 0.037293 0.2229 1.0
0 0.091797 0.180812 0.021484 0.0369 0.0 0.0 0.0 0.0 0.0 0.0 0.0 0.0 0.0 0.0 0.0 0.0 0.0 0.0 0.0
0 0.018066 0.218635 0.022461 0.053506 0.008605 0.205258 1.0 0.019043 0.206642 1.0 0.009705 0.214598 1.0 0.008423 0.227745 1.0 0.013367 0.229474 1.0
0 0.794434 0.25 0.038086 0.086716 0.781289 0.238773 1.0 0.798523 0.239876 1.0 0.785671 0.256434 1.0 0.781289 0.272437 1.0 0.791513 0.272989 1.0
0 0.608398 0.27952 0.029297 0.057196 0.596784 0.270262 1.0 0.607335 0.271349 1.0 0.600812 0.287659 1.0 0.601005 0.296356 1.0 0.607143 0.297443 1.0
0 0.86377 0.29059 0.020508 0.038745 0.855848 0.281142 1.0 0.860038 0.281399 1.0 0.855848 0.286249 1.0 0.855442 0.295441 1.0 0.858551 0.295441 1.0
0 0.946777 0.273985 0.018555 0.035055 0.0 0.0 0.0 0.0 0.0 0.0 0.0 0.0 0.0 0.0 0.0 0.0 0.0 0.0 0.0
0 0.682129 0.259225 0.018555 0.038745 0.675698 0.248303 1.0 0.679365 0.248065 1.0 0.676583 0.261201 1.0 0.677595 0.266935 1.0 0.68025 0.26598 1.0
0 0.885742 0.236162 0.013672 0.02952 0.0 0.0 0.0 0.0 0.0 0.0 0.0 0.0 0.0 0.0 0.0 0.0 0.0 0.0 0.0
0 0.583984 0.201107 0.023438 0.059041 0.576189 0.196609 1.0 0.586016 0.196609 1.0 0.579398 0.208734 1.0 0.576591 0.218207 1.0 0.584412 0.218207 1.0
0 0.716309 0.211255 0.012695 0.023985 0.0 0.0 0.0 0.0 0.0 0.0 0.0 0.0 0.0 0.0 0.0 0.0 0.0 0.0 0.0
0 0.766602 0.284133 0.023438 0.04797 0.0 0.0 0.0 0.0 0.0 0.0 0.0 0.0 0.0 0.0 0.0 0.0 0.0 0.0 0.0
0 0.743652 0.281365 0.014648 0.023985 0.0 0.0 0.0 0.0 0.0 0.0 0.0 0.0 0.0 0.0 0.0 0.0 0.0 0.0 0.0
0 0.678711 0.210332 0.015625 0.02952 0.0 0.0 0.0 0.0 0.0 0.0 0.0 0.0 0.0 0.0 0.0 0.0 0.0 0.0 0.0
0 0.639648 0.219557 0.013672 0.02214 0.0 0.0 0.0 0.0 0.0 0.0 0.0 0.0 0.0 0.0 0.0 0.0 0.0 0.0 0.0
0 0.82959 0.241697 0.012695 0.02583 0.0 0.0 0.0 0.0 0.0 0.0 0.0 0.0 0.0 0.0 0.0 0.0 0.0 0.0 0.0
0 0.929688 0.24631 0.015625 0.027675 0.0 0.0 0.0 0.0 0.0 0.0 0.0 0.0 0.0 0.0 0.0 0.0 0.0 0.0 0.0
0 0.566895 0.229705 0.010742 0.027675 0.567461 0.225701 1.0 0.571489 0.224253 1.0 0.57101 0.2315 1.0 0.567845 0.236574 1.0 0.569764 0.236031 1.0
0 0.479004 0.25738 0.026367 0.064576 0.470938 0.239161 1.0 0.473118 0.239983 1.0 0.467232 0.254399 1.0 0.472683 0.271284 1.0 0.474426 0.270459 1.0