0 0.119629 0.523002 0.020508 0.062954 0.0 0.0 0.0 0.0 0.0 0.0 0.0 0.0 0.0 0.0 0.0 0.0 0.0 0.0 0.0
0 0.190918 0.282082 0.014648 0.050847 0.0 0.0 0.0 0.0 0.0 0.0 0.0 0.0 0.0 0.0 0.0 0.0 0.0 0.0 0.0
0 0.21582 0.273608 0.021484 0.058111 0.212516 0.254649 1.0 0.212812 0.255015 1.0 0.207031 0.27045 1.0 0.211923 0.284048 1.0 0.212219 0.284416 1.0
0 0.248047 0.458838 0.033203 0.084746 0.0 0.0 0.0 0.0 0.0 0.0 0.0 0.0 0.0 0.0 0.0 0.0 0.0 0.0 0.0
0 0.167969 0.535109 0.046875 0.140436 0.155178 0.529412 1.0 0.177612 0.526722 1.0 0.16748 0.555431 1.0 0.159882 0.566196 1.0 0.17906 0.561712 1.0
0 0.367188 0.487893 0.078125 0.230024 0.355016 0.444678 1.0 0.390651 0.44323 1.0 0.377799 0.491029 1.0 0.356768 0.530136 1.0 0.389482 0.524344 1.0
0 0.405762 0.27724 0.045898 0.118644 0.39325 0.266949 1.0 0.414611 0.261651 1.0 0.405762 0.284354 1.0 0.396301 0.300998 1.0 0.415223 0.294189 1.0
0 0.431152 0.205811 0.024414 0.067797 0.0 0.0 0.0 0.0 0.0 0.0 0.0 0.0 0.0 0.0 0.0 0.0 0.0 0.0 0.0
0 0.516602 0.475787 0.048828 0.171913 0.496931 0.458102 1.0 0.517421 0.451617 1.0 0.503034 0.488368 1.0 0.503471 0.519717 1.0 0.521781 0.51323 1.0
0 0.567871 0.369249 0.057617 0.181598 0.548409 0.349707 1.0 0.569667 0.339395 1.0 0.557189 0.372622 1.0 0.554417 0.411579 1.0 0.576137 0.393247 1.0
0 0.492676 0.292978 0.004883 0.009685 0.0 0.0 0.0 0.0 0.0 0.0 0.0 0.0 0.0 0.0 0.0 0.0 0.0 0.0 0.0
0 0.517578 0.282082 0.007812 0.016949 0.0 0.0 0.0 0.0 0.0 0.0 0.0 0.0 0.0 0.0 0.0 0.0 0.0 0.0 0.0
0 0.470703 0.276029 0.005859 0.024213 0.0 0.0 0.0 0.0 0.0 0.0 0.0 0.0 0.0 0.0 0.0 0.0 0.0 0.0 0.0
0 0.267578 0.279661 0.013672 0.03632 0.0 0.0 0.0 0.0 0.0 0.0 0.0 0.0 0.0 0.0 0.0 0.0 0.0 0.0 0.0
0 0.089844 0.336562 0.013672 0.033898 0.0 0.0 0.0 0.0 0.0 0.0 0.0 0.0 0.0 0.0 0.0 0.0 0.0 0.0 0.0
0 0.633789 0.383777 0.082031 0.25908 0.613683 0.366354 1.0 0.652266 0.366354 1.0 0.633955 0.400402 1.0 0.621529 0.449044 1.0 0.648342 0.449044 1.0
0 0.665527 0.190073 0.079102 0.263923 0.660191 0.164499 1.0 0.692208 0.156228 1.0 0.696211 0.190959 1.0 0.675533 0.253804 1.0 0.698212 0.247189 1.0
0 0.795898 0.280872 0.087891 0.251816 0.77916 0.258547 1.0 0.81667 0.262978 1.0 0.79873 0.293874 1.0 0.781143 0.336925 1.0 0.814121 0.340048 1.0
0 0.829102 0.064165 0.017578 0.03632 0.824951 0.064358 1.0 0.830392 0.064358 1.0 0.827559 0.070542 1.0 0.825291 0.0756 1.0 0.829938 0.07532 1.0
0 0.884277 0.082324 0.012695 0.043584 0.0 0.0 0.0 0.0 0.0 0.0 0.0 0.0 0.0 0.0 0.0 0.0 0.0 0.0 0.0
0 0.929199 0.098063 0.018555 0.05569 0.0 0.0 0.0 0.0 0.0 0.0 0.0 0.0 0.0 0.0 0.0 0.0 0.0 0.0 0.0
0 0.950195 0.313559 0.021484 0.05569 0.0 0.0 0.0 0.0 0.0 0.0 0.0 0.0 0.0 0.0 0.0 0.0 0.0 0.0 0.0
0 0.974121 0.286925 0.024414 0.05569 0.967041 0.280656 1.0 0.980225 0.280656 1.0 0.973476 0.295053 1.0 0.969238 0.306729 1.0 0.977086 0.305949 1.0
0 0.868652 0.355932 0.018555 0.077482 0.0 0.0 0.0 0.0 0.0 0.0 0.0 0.0 0.0 0.0 0.0 0.0 0.0 0.0 0.0
0 0.907715 0.393462 0.022461 0.079903 0.0 0.0 0.0 0.0 0.0 0.0 0.0 0.0 0.0 0.0 0.0 0.0 0.0 0.0 0.0
0 0.007324 0.652542 0.014648 0.1477 0.0 0.0 0.0 0.0 0.0 0.0 0.0 0.0 0.0 0.0 0.0 0.0 0.0 0.0 0.0