0 0.289551 0.41276 0.030273 0.046875 0.289089 0.409029 1.0 0.300873 0.406255 1.0 0.299024 0.410878 1.0 0.294172 0.419811 1.0 0.303646 0.418271 1.0
0 0.195801 0.385417 0.020508 0.039062 0.198189 0.381324 1.0 0.203178 0.380557 1.0 0.203753 0.386952 1.0 0.197614 0.395135 1.0 0.201835 0.394113 1.0
0 0.249512 0.380208 0.02832 0.054688 0.24088 0.371931 1.0 0.250558 0.373326 1.0 0.241142 0.381697 1.0 0.241402 0.391113 1.0 0.247157 0.391811 1.0
0 0.303711 0.295573 0.019531 0.041667 0.0 0.0 0.0 0.0 0.0 0.0 0.0 0.0 0.0 0.0 0.0 0.0 0.0 0.0 0.0
0 0.445801 0.389974 0.03418 0.03776 0.0 0.0 0.0 0.0 0.0 0.0 0.0 0.0 0.0 0.0 0.0 0.0 0.0 0.0 0.0
0 0.598633 0.391927 0.027344 0.046875 0.595197 0.383766 1.0 0.606532 0.384068 1.0 0.601998 0.394043 1.0 0.594971 0.404018 1.0 0.604266 0.404018 1.0
0 0.604492 0.320964 0.017578 0.03776 0.606018 0.31429 1.0 0.610486 0.314767 1.0 0.610486 0.322632 1.0 0.606197 0.329066 1.0 0.60727 0.329066 1.0
0 0.645508 0.333984 0.017578 0.035156 0.0 0.0 0.0 0.0 0.0 0.0 0.0 0.0 0.0 0.0 0.0 0.0 0.0 0.0 0.0
0 0.680664 0.330729 0.015625 0.03125 0.680664 0.328125 1.0 0.685547 0.328125 1.0 0.683594 0.333333 1.0 0.680664 0.33724 1.0 0.68457 0.338542 1.0
0 0.635254 0.36849 0.020508 0.036458 0.638603 0.36184 1.0 0.6393 0.36184 1.0 0.641393 0.367652 1.0 0.639125 0.375092 1.0 0.639823 0.375092 1.0
0 0.73877 0.380859 0.030273 0.050781 0.734619 0.370443 1.0 0.745605 0.371094 1.0 0.741455 0.37793 1.0 0.734131 0.388672 1.0 0.746094 0.389323 1.0
0 0.710449 0.565104 0.026367 0.052083 0.710964 0.558158 1.0 0.720158 0.556169 1.0 0.718667 0.56843 1.0 0.710964 0.574393 1.0 0.716928 0.575719 1.0
0 0.819824 0.498698 0.026367 0.039062 0.818848 0.489048 1.0 0.827846 0.488798 1.0 0.827658 0.499797 1.0 0.82016 0.504296 1.0 0.823722 0.503296 1.0
0 0.80127 0.39974 0.030273 0.046875 0.0 0.0 0.0 0.0 0.0 0.0 0.0 0.0 0.0 0.0 0.0 0.0 0.0 0.0 0.0
0 0.955078 0.50651 0.025391 0.046875 0.954991 0.497559 1.0 0.962551 0.497262 1.0 0.960771 0.505267 1.0 0.954769 0.513568 1.0 0.962772 0.51416 1.0
0 0.362793 0.406901 0.038086 0.063802 0.356201 0.399333 1.0 0.372681 0.393229 1.0 0.368104 0.402995 1.0 0.361694 0.421305 1.0 0.374207 0.415202 1.0