0 0.01709 0.333333 0.004883 0.007812 0.0 0.0 0.0 0.0 0.0 0.0 0.0 0.0 0.0 0.0 0.0 0.0 0.0 0.0 0.0
0 0.305664 0.302734 0.035156 0.053385 0.297459 0.299991 1.0 0.313664 0.296904 1.0 0.304146 0.307879 1.0 0.29926 0.316453 1.0 0.310835 0.316453 1.0
0 0.491699 0.313802 0.040039 0.065104 0.499634 0.302409 1.0 0.509399 0.301595 1.0 0.508789 0.315023 1.0 0.49353 0.324382 1.0 0.502686 0.326417 1.0
0 0.533203 0.286458 0.011719 0.018229 0.530221 0.284413 1.0 0.533866 0.284284 1.0 0.531468 0.288504 1.0 0.530604 0.291574 1.0 0.53377 0.291445 1.0
0 0.519043 0.294271 0.010742 0.015625 0.515625 0.292969 1.0 0.521484 0.292969 1.0 0.517578 0.295573 1.0 0.516602 0.299479 1.0 0.520508 0.300781 1.0
0 0.566895 0.309245 0.014648 0.022135 0.561523 0.309896 1.0 0.56543 0.309896 1.0 0.563477 0.313802 1.0 0.561523 0.31901 1.0 0.56543 0.31901 1.0
0 0.647949 0.308594 0.012695 0.018229 0.644183 0.305105 1.0 0.648019 0.305105 1.0 0.645752 0.308594 1.0 0.644706 0.312547 1.0 0.646973 0.312547 1.0
0 0.686523 0.26888 0.011719 0.016927 0.68471 0.267555 1.0 0.689183 0.267333 1.0 0.686532 0.271089 1.0 0.685372 0.27374 1.0 0.688106 0.27385 1.0
0 0.681152 0.301432 0.010742 0.016927 0.676758 0.298177 1.0 0.681641 0.298177 1.0 0.678711 0.302083 1.0 0.678711 0.307292 1.0 0.682617 0.304688 1.0
0 0.661133 0.320964 0.009766 0.019531 0.0 0.0 0.0 0.0 0.0 0.0 0.0 0.0 0.0 0.0 0.0 0.0 0.0 0.0 0.0
0 0.714355 0.321615 0.010742 0.023438 0.712015 0.320237 1.0 0.717791 0.319947 1.0 0.713977 0.322997 1.0 0.712995 0.327358 1.0 0.716483 0.327212 1.0
0 0.725098 0.322917 0.014648 0.023438 0.722002 0.319598 1.0 0.727535 0.320853 1.0 0.722944 0.323678 1.0 0.721179 0.327445 1.0 0.727535 0.327445 1.0
0 0.750977 0.320312 0.013672 0.023438 0.746103 0.315988 1.0 0.75075 0.314477 1.0 0.747463 0.320522 1.0 0.749503 0.32294 1.0 0.753357 0.322185 1.0
0 0.771484 0.325521 0.011719 0.023438 0.769531 0.321615 1.0 0.774414 0.324219 1.0 0.770508 0.325521 1.0 0.768555 0.330729 1.0 0.774414 0.333333 1.0
0 0.773926 0.298177 0.010742 0.018229 0.773651 0.297404 1.0 0.778869 0.297771 1.0 0.776947 0.301187 1.0 0.774292 0.30607 1.0 0.778137 0.30607 1.0
0 0.828125 0.309896 0.009766 0.020833 0.826172 0.307292 1.0 0.829102 0.307292 1.0 0.827148 0.309896 1.0 0.825195 0.313802 1.0 0.828125 0.313802 1.0
0 0.836426 0.304688 0.014648 0.023438 0.832031 0.299479 1.0 0.837891 0.300781 1.0 0.833008 0.304688 1.0 0.832031 0.308594 1.0 0.836914 0.309896 1.0
0 0.835938 0.326172 0.015625 0.027344 0.831447 0.321447 1.0 0.838204 0.322167 1.0 0.833339 0.327393 1.0 0.831177 0.329915 1.0 0.835637 0.331357 1.0
0 0.882812 0.332682 0.013672 0.02474 0.87854 0.327311 1.0 0.885986 0.326986 1.0 0.880859 0.332845 1.0 0.879395 0.337565 1.0 0.884766 0.337891 1.0
0 0.92627 0.332682 0.018555 0.029948 0.919395 0.328695 1.0 0.923566 0.328695 1.0 0.91925 0.334258 1.0 0.920833 0.339053 1.0 0.924286 0.339053 1.0
0 0.937988 0.306641 0.018555 0.032552 0.932617 0.303385 1.0 0.938477 0.303385 1.0 0.933594 0.308594 1.0 0.933594 0.3125 1.0 0.938477 0.3125 1.0
0 0.927246 0.416667 0.010742 0.018229 0.924212 0.412714 1.0 0.929879 0.412598 1.0 0.92613 0.416783 1.0 0.924735 0.421316 1.0 0.928397 0.421201 1.0
0 0.587402 0.313151 0.014648 0.019531 0.0 0.0 0.0 0.0 0.0 0.0 0.0 0.0 0.0 0.0 0.0 0.0 0.0 0.0 0.0
0 0.584961 0.290365 0.011719 0.020833 0.0 0.0 0.0 0.0 0.0 0.0 0.0 0.0 0.0 0.0 0.0 0.0 0.0 0.0 0.0
0 0.628418 0.283854 0.03418 0.0625 0.0 0.0 0.0 0.0 0.0 0.0 0.0 0.0 0.0 0.0 0.0 0.0 0.0 0.0 0.0
0 0.989746 0.296875 0.012695 0.020833 0.0 0.0 0.0 0.0 0.0 0.0 0.0 0.0 0.0 0.0 0.0 0.0 0.0 0.0 0.0