0 0.106445 0.341146 0.041016 0.059896 0.098476 0.329637 1.0 0.11948 0.330788 1.0 0.109985 0.342297 1.0 0.098476 0.350737 1.0 0.118042 0.352272 1.0
0 0.837891 0.320312 0.037109 0.059896 0.828539 0.313238 1.0 0.848376 0.313616 1.0 0.838741 0.326462 1.0 0.830807 0.331375 1.0 0.846676 0.332508 1.0
0 0.560059 0.26237 0.008789 0.014323 0.0 0.0 0.0 0.0 0.0 0.0 0.0 0.0 0.0 0.0 0.0 0.0 0.0 0.0 0.0
0 0.46875 0.302734 0.009766 0.019531 0.0 0.0 0.0 0.0 0.0 0.0 0.0 0.0 0.0 0.0 0.0 0.0 0.0 0.0 0.0
0 0.424316 0.3125 0.008789 0.015625 0.0 0.0 0.0 0.0 0.0 0.0 0.0 0.0 0.0 0.0 0.0 0.0 0.0 0.0 0.0
0 0.398438 0.302734 0.009766 0.016927 0.0 0.0 0.0 0.0 0.0 0.0 0.0 0.0 0.0 0.0 0.0 0.0 0.0 0.0 0.0
0 0.337402 0.30013 0.006836 0.011719 0.0 0.0 0.0 0.0 0.0 0.0 0.0 0.0 0.0 0.0 0.0 0.0 0.0 0.0 0.0
0 0.348633 0.313151 0.009766 0.016927 0.0 0.0 0.0 0.0 0.0 0.0 0.0 0.0 0.0 0.0 0.0 0.0 0.0 0.0 0.0
0 0.370605 0.310547 0.006836 0.011719 0.0 0.0 0.0 0.0 0.0 0.0 0.0 0.0 0.0 0.0 0.0 0.0 0.0 0.0 0.0
0 0.312012 0.318359 0.008789 0.011719 0.0 0.0 0.0 0.0 0.0 0.0 0.0 0.0 0.0 0.0 0.0 0.0 0.0 0.0 0.0
0 0.27832 0.315104 0.007812 0.015625 0.0 0.0 0.0 0.0 0.0 0.0 0.0 0.0 0.0 0.0 0.0 0.0 0.0 0.0 0.0
0 0.254395 0.304036 0.010742 0.016927 0.255895 0.302159 1.0 0.257468 0.30227 1.0 0.256392 0.305251 1.0 0.25432 0.308896 1.0 0.255646 0.308896 1.0
0 0.267578 0.304688 0.007812 0.013021 0.267447 0.304298 1.0 0.269736 0.304211 1.0 0.269409 0.307263 1.0 0.268232 0.31075 1.0 0.270782 0.310401 1.0
0 0.061035 0.310547 0.006836 0.011719 0.0 0.0 0.0 0.0 0.0 0.0 0.0 0.0 0.0 0.0 0.0 0.0 0.0 0.0 0.0
0 0.149414 0.30599 0.005859 0.010417 0.0 0.0 0.0 0.0 0.0 0.0 0.0 0.0 0.0 0.0 0.0 0.0 0.0 0.0 0.0