0 0.673828 0.549479 0.048828 0.085938 0.666447 0.538016 1.0 0.688342 0.535854 1.0 0.680638 0.552072 1.0 0.672123 0.570992 1.0 0.685503 0.569911 1.0
0 0.279785 0.585286 0.032227 0.053385 0.270194 0.577555 1.0 0.285112 0.579241 1.0 0.27601 0.59003 1.0 0.270194 0.59947 1.0 0.282331 0.600145 1.0
0 0.876465 0.701823 0.016602 0.023438 0.0 0.0 0.0 0.0 0.0 0.0 0.0 0.0 0.0 0.0 0.0 0.0 0.0 0.0 0.0
0 0.981934 0.695964 0.014648 0.022135 0.0 0.0 0.0 0.0 0.0 0.0 0.0 0.0 0.0 0.0 0.0 0.0 0.0 0.0 0.0
0 0.975586 0.855469 0.013672 0.026042 0.973022 0.852865 1.0 0.981445 0.851888 1.0 0.977783 0.857747 1.0 0.974731 0.863444 1.0 0.979858 0.862793 1.0
0 0.802246 0.670573 0.016602 0.023438 0.0 0.0 0.0 0.0 0.0 0.0 0.0 0.0 0.0 0.0 0.0 0.0 0.0 0.0 0.0
0 0.757812 0.613932 0.013672 0.019531 0.754883 0.613281 1.0 0.762695 0.613281 1.0 0.758789 0.617188 1.0 0.756836 0.619792 1.0 0.760742 0.619792 1.0
0 0.995117 0.760417 0.009766 0.023438 0.0 0.0 0.0 0.0 0.0 0.0 0.0 0.0 0.0 0.0 0.0 0.0 0.0 0.0 0.0
0 0.987793 0.91276 0.018555 0.026042 0.0 0.0 0.0 0.0 0.0 0.0 0.0 0.0 0.0 0.0 0.0 0.0 0.0 0.0 0.0
0 0.871582 0.830729 0.018555 0.03125 0.0 0.0 0.0 0.0 0.0 0.0 0.0 0.0 0.0 0.0 0.0 0.0 0.0 0.0 0.0
0 0.838379 0.835938 0.014648 0.026042 0.0 0.0 0.0 0.0 0.0 0.0 0.0 0.0 0.0 0.0 0.0 0.0 0.0 0.0 0.0
0 0.189941 0.945312 0.061523 0.109375 0.0 0.0 0.0 0.0 0.0 0.0 0.0 0.0 0.0 0.0 0.0 0.0 0.0 0.0 0.0
0 0.012207 0.91276 0.024414 0.140625 0.006487 0.888672 1.0 0.012765 0.889509 1.0 0.024693 0.913784 1.0 -0.000419 0.941406 1.0 0.000837 0.942243 1.0
0 0.094727 0.720052 0.009766 0.015625 0.0 0.0 0.0 0.0 0.0 0.0 0.0 0.0 0.0 0.0 0.0 0.0 0.0 0.0 0.0
0 0.343262 0.764974 0.014648 0.02474 0.0 0.0 0.0 0.0 0.0 0.0 0.0 0.0 0.0 0.0 0.0 0.0 0.0 0.0 0.0
0 0.544434 0.738281 0.010742 0.015625 0.0 0.0 0.0 0.0 0.0 0.0 0.0 0.0 0.0 0.0 0.0 0.0 0.0 0.0 0.0
0 0.500977 0.754557 0.013672 0.019531 0.0 0.0 0.0 0.0 0.0 0.0 0.0 0.0 0.0 0.0 0.0 0.0 0.0 0.0 0.0
0 0.543945 0.76888 0.009766 0.014323 0.0 0.0 0.0 0.0 0.0 0.0 0.0 0.0 0.0 0.0 0.0 0.0 0.0 0.0 0.0
0 0.935059 0.585938 0.022461 0.049479 0.0 0.0 0.0 0.0 0.0 0.0 0.0 0.0 0.0 0.0 0.0 0.0 0.0 0.0 0.0