0 0.188477 0.568359 0.03125 0.045573 0.184653 0.559349 1.0 0.199995 0.556681 1.0 0.194214 0.568539 1.0 0.188655 0.578618 1.0 0.197326 0.578026 1.0
0 0.228516 0.586589 0.039062 0.058594 0.223214 0.58259 1.0 0.240234 0.580357 1.0 0.234096 0.594866 1.0 0.226562 0.601562 1.0 0.238839 0.600447 1.0
0 0.31543 0.559896 0.035156 0.052083 0.309082 0.552734 1.0 0.325195 0.553711 1.0 0.316162 0.56543 1.0 0.308105 0.568359 1.0 0.321533 0.569336 1.0
0 0.358398 0.499349 0.03125 0.048177 0.35247 0.49356 1.0 0.365845 0.49356 1.0 0.359044 0.505952 1.0 0.354736 0.511997 1.0 0.365392 0.510789 1.0
0 0.4375 0.514323 0.03125 0.049479 0.431361 0.511766 1.0 0.443368 0.512707 1.0 0.437012 0.524322 1.0 0.429714 0.525891 1.0 0.441955 0.527773 1.0
0 0.493164 0.639974 0.037109 0.061198 0.486346 0.634521 1.0 0.503871 0.634132 1.0 0.494816 0.645036 1.0 0.487514 0.653995 1.0 0.501827 0.653216 1.0
0 0.512695 0.529948 0.029297 0.049479 0.504909 0.523938 1.0 0.518799 0.523624 1.0 0.510323 0.533668 1.0 0.506557 0.540888 1.0 0.518093 0.539633 1.0
0 0.567383 0.525391 0.025391 0.048177 0.558603 0.52224 1.0 0.571311 0.518852 1.0 0.564148 0.52871 1.0 0.5623 0.539185 1.0 0.571773 0.53518 1.0
0 0.665039 0.520833 0.033203 0.052083 0.656839 0.516538 1.0 0.671997 0.515544 1.0 0.664791 0.52482 1.0 0.658826 0.53443 1.0 0.671252 0.533104 1.0
0 0.744141 0.607422 0.037109 0.061198 0.735596 0.598331 1.0 0.752284 0.601784 1.0 0.741062 0.613293 1.0 0.734444 0.619431 1.0 0.749982 0.621733 1.0
0 0.799316 0.404948 0.03418 0.057292 0.790253 0.398072 1.0 0.807007 0.399536 1.0 0.795746 0.411255 1.0 0.791352 0.418214 1.0 0.802887 0.419677 1.0
0 0.765137 0.339844 0.03418 0.049479 0.753349 0.331008 1.0 0.767238 0.331322 1.0 0.758292 0.342309 1.0 0.754996 0.349842 1.0 0.767238 0.349842 1.0
0 0.712891 0.392578 0.029297 0.045573 0.703465 0.386986 1.0 0.71589 0.386405 1.0 0.708696 0.393961 1.0 0.704773 0.400355 1.0 0.712838 0.400355 1.0
0 0.645508 0.382161 0.027344 0.045573 0.637329 0.379029 1.0 0.648651 0.378458 1.0 0.640961 0.386719 1.0 0.639465 0.393555 1.0 0.648438 0.392701 1.0
0 0.591797 0.361979 0.025391 0.039062 0.583443 0.35891 1.0 0.595337 0.358654 1.0 0.587664 0.366072 1.0 0.584403 0.37221 1.0 0.59361 0.372721 1.0
0 0.616699 0.320312 0.026367 0.041667 0.609859 0.317475 1.0 0.621129 0.317475 1.0 0.615392 0.324853 1.0 0.610474 0.331956 1.0 0.620514 0.331682 1.0
0 0.520508 0.447917 0.03125 0.039062 0.513916 0.437372 1.0 0.525748 0.437372 1.0 0.518127 0.44673 1.0 0.514116 0.454486 1.0 0.524545 0.454486 1.0
0 0.514648 0.347656 0.025391 0.044271 0.506278 0.341889 1.0 0.519043 0.341889 1.0 0.512347 0.348307 1.0 0.508998 0.35612 1.0 0.51695 0.35612 1.0
0 0.484863 0.357422 0.024414 0.032552 0.478411 0.352772 1.0 0.489083 0.352562 1.0 0.482648 0.357167 1.0 0.479195 0.363026 1.0 0.487828 0.363026 1.0
0 0.39209 0.287109 0.030273 0.050781 0.388964 0.280052 1.0 0.400953 0.279733 1.0 0.396397 0.290603 1.0 0.389443 0.296038 1.0 0.400474 0.296038 1.0
0 0.341309 0.375 0.032227 0.041667 0.335824 0.369263 1.0 0.348323 0.368169 1.0 0.343405 0.378826 1.0 0.337873 0.385928 1.0 0.347299 0.384562 1.0
0 0.284668 0.38737 0.02832 0.045573 0.276114 0.380324 1.0 0.290283 0.379453 1.0 0.283525 0.387882 1.0 0.27873 0.398345 1.0 0.289629 0.398053 1.0
0 0.871094 0.416016 0.039062 0.063802 0.860352 0.408854 1.0 0.87793 0.411458 1.0 0.866211 0.417969 1.0 0.859375 0.428385 1.0 0.875 0.433594 1.0