0 0.226074 0.395182 0.022461 0.045573 0.229064 0.394165 1.0 0.235047 0.394165 1.0 0.234619 0.402424 1.0 0.227143 0.407837 1.0 0.232056 0.407837 1.0
0 0.373535 0.44401 0.018555 0.03125 0.377302 0.442336 1.0 0.380912 0.442755 1.0 0.382481 0.447777 1.0 0.377459 0.453637 1.0 0.38044 0.454264 1.0
0 0.570801 0.389323 0.018555 0.03125 0.572602 0.384603 1.0 0.578553 0.384603 1.0 0.577332 0.390706 1.0 0.572144 0.395793 1.0 0.577637 0.395589 1.0
0 0.51709 0.386719 0.016602 0.028646 0.0 0.0 0.0 0.0 0.0 0.0 0.0 0.0 0.0 0.0 0.0 0.0 0.0 0.0 0.0
0 0.687012 0.499349 0.012695 0.02474 0.687744 0.493978 1.0 0.693115 0.494792 1.0 0.690796 0.499837 1.0 0.687256 0.505046 1.0 0.691284 0.505208 1.0
0 0.629395 0.490234 0.010742 0.02474 0.0 0.0 0.0 0.0 0.0 0.0 0.0 0.0 0.0 0.0 0.0 0.0 0.0 0.0 0.0
0 0.773926 0.501302 0.012695 0.020833 0.0 0.0 0.0 0.0 0.0 0.0 0.0 0.0 0.0 0.0 0.0 0.0 0.0 0.0 0.0
0 0.974609 0.669271 0.005859 0.007812 0.0 0.0 0.0 0.0 0.0 0.0 0.0 0.0 0.0 0.0 0.0 0.0 0.0 0.0 0.0
0 0.986328 0.669271 0.003906 0.007812 0.0 0.0 0.0 0.0 0.0 0.0 0.0 0.0 0.0 0.0 0.0 0.0 0.0 0.0 0.0
0 0.994141 0.656901 0.003906 0.009115 0.0 0.0 0.0 0.0 0.0 0.0 0.0 0.0 0.0 0.0 0.0 0.0 0.0 0.0 0.0
0 0.982422 0.645833 0.003906 0.007812 0.0 0.0 0.0 0.0 0.0 0.0 0.0 0.0 0.0 0.0 0.0 0.0 0.0 0.0 0.0