0 0.49707 0.858616 0.066406 0.141384 0.481279 0.849891 1.0 0.51365 0.841903 1.0 0.500702 0.864093 1.0 0.485399 0.895158 1.0 0.518947 0.884507 1.0
0 0.680176 0.630339 0.061523 0.08542 0.668701 0.606524 1.0 0.691459 0.605934 1.0 0.678902 0.620726 1.0 0.668309 0.643804 1.0 0.689497 0.64262 1.0
0 0.825195 0.706186 0.066406 0.092784 0.811598 0.681853 1.0 0.840776 0.68249 1.0 0.827244 0.701623 1.0 0.816672 0.729046 1.0 0.838662 0.730321 1.0
0 0.236816 0.66863 0.06543 0.091311 0.221165 0.639464 1.0 0.248622 0.640701 1.0 0.234279 0.664804 1.0 0.220346 0.685817 1.0 0.245754 0.685817 1.0
0 0.049316 0.523564 0.053711 0.060383 0.0 0.0 0.0 0.0 0.0 0.0 0.0 0.0 0.0 0.0 0.0 0.0 0.0 0.0 0.0
0 0.285156 0.634757 0.056641 0.108984 0.26773 0.618834 1.0 0.289703 0.620904 1.0 0.278717 0.632639 1.0 0.268646 0.659564 1.0 0.282837 0.663016 1.0
0 0.449219 0.504418 0.046875 0.069219 0.437901 0.485082 1.0 0.46317 0.484627 1.0 0.450234 0.499599 1.0 0.438804 0.515477 1.0 0.457755 0.515024 1.0
0 0.375488 0.522091 0.051758 0.07511 0.0 0.0 0.0 0.0 0.0 0.0 0.0 0.0 0.0 0.0 0.0 0.0 0.0 0.0 0.0
0 0.149902 0.402062 0.047852 0.067747 0.139344 0.387518 1.0 0.158264 0.387518 1.0 0.146973 0.406389 1.0 0.140869 0.422035 1.0 0.157349 0.422957 1.0
0 0.088379 0.523564 0.040039 0.057437 0.0 0.0 0.0 0.0 0.0 0.0 0.0 0.0 0.0 0.0 0.0 0.0 0.0 0.0 0.0
0 0.228516 0.39028 0.039062 0.061856 0.21671 0.372087 1.0 0.234715 0.370536 1.0 0.223397 0.389543 1.0 0.21671 0.398853 1.0 0.232143 0.398853 1.0
0 0.29248 0.396907 0.03418 0.057437 0.287109 0.393594 1.0 0.30127 0.396907 1.0 0.293213 0.405007 1.0 0.287842 0.415685 1.0 0.297119 0.418262 1.0
0 0.524414 0.368925 0.044922 0.054492 0.517408 0.350239 1.0 0.530727 0.350667 1.0 0.524776 0.363915 1.0 0.516274 0.376736 1.0 0.529877 0.379728 1.0
0 0.572266 0.282032 0.039062 0.072165 0.562012 0.280837 1.0 0.580322 0.273012 1.0 0.571777 0.292801 1.0 0.566284 0.303387 1.0 0.581238 0.299705 1.0
0 0.788086 0.335052 0.03125 0.048601 0.78111 0.329897 1.0 0.798479 0.330212 1.0 0.788017 0.346308 1.0 0.781529 0.353566 1.0 0.794085 0.354513 1.0
0 0.83252 0.480118 0.047852 0.076583 0.816755 0.452984 1.0 0.838396 0.454424 1.0 0.82312 0.470742 1.0 0.817392 0.493781 1.0 0.833622 0.4957 1.0
0 0.890137 0.42268 0.049805 0.079529 0.886963 0.410807 1.0 0.904755 0.411312 1.0 0.897369 0.427007 1.0 0.884613 0.442194 1.0 0.900391 0.444219 1.0
0 0.914551 0.423417 0.036133 0.07511 0.0 0.0 0.0 0.0 0.0 0.0 0.0 0.0 0.0 0.0 0.0 0.0 0.0 0.0 0.0
0 0.846191 0.202504 0.030273 0.048601 0.837333 0.192299 1.0 0.848005 0.192299 1.0 0.842146 0.203345 1.0 0.837333 0.21439 1.0 0.847377 0.214707 1.0
0 0.810547 0.18704 0.03125 0.053019 0.0 0.0 0.0 0.0 0.0 0.0 0.0 0.0 0.0 0.0 0.0 0.0 0.0 0.0 0.0
0 0.430664 0.203976 0.03125 0.048601 0.421806 0.191247 1.0 0.432896 0.189985 1.0 0.426827 0.200716 1.0 0.422433 0.212077 1.0 0.43185 0.210814 1.0
0 0.29834 0.287923 0.040039 0.054492 0.0 0.0 0.0 0.0 0.0 0.0 0.0 0.0 0.0 0.0 0.0 0.0 0.0 0.0 0.0
0 0.333008 0.271723 0.033203 0.057437 0.0 0.0 0.0 0.0 0.0 0.0 0.0 0.0 0.0 0.0 0.0 0.0 0.0 0.0 0.0
0 0.351562 0.226804 0.025391 0.053019 0.0 0.0 0.0 0.0 0.0 0.0 0.0 0.0 0.0 0.0 0.0 0.0 0.0 0.0 0.0
0 0.383301 0.26215 0.02832 0.050074 0.0 0.0 0.0 0.0 0.0 0.0 0.0 0.0 0.0 0.0 0.0 0.0 0.0 0.0 0.0
0 0.46582 0.156848 0.023438 0.036819 0.0 0.0 0.0 0.0 0.0 0.0 0.0 0.0 0.0 0.0 0.0 0.0 0.0 0.0 0.0
0 0.487305 0.159057 0.025391 0.038292 0.0 0.0 0.0 0.0 0.0 0.0 0.0 0.0 0.0 0.0 0.0 0.0 0.0 0.0 0.0
0 0.05127 0.264359 0.03418 0.057437 0.041992 0.249632 1.0 0.05835 0.250368 1.0 0.051025 0.26215 1.0 0.046875 0.271723 1.0 0.055908 0.271355 1.0
0 0.199219 0.181885 0.011719 0.027982 0.0 0.0 0.0 0.0 0.0 0.0 0.0 0.0 0.0 0.0 0.0 0.0 0.0 0.0 0.0
0 0.071777 0.125184 0.016602 0.035346 0.0 0.0 0.0 0.0 0.0 0.0 0.0 0.0 0.0 0.0 0.0 0.0 0.0 0.0 0.0
0 0.035156 0.088365 0.013672 0.032401 0.0 0.0 0.0 0.0 0.0 0.0 0.0 0.0 0.0 0.0 0.0 0.0 0.0 0.0 0.0
0 0.245605 0.049337 0.014648 0.030928 0.0 0.0 0.0 0.0 0.0 0.0 0.0 0.0 0.0 0.0 0.0 0.0 0.0 0.0 0.0
0 0.267578 0.036082 0.011719 0.027982 0.0 0.0 0.0 0.0 0.0 0.0 0.0 0.0 0.0 0.0 0.0 0.0 0.0 0.0 0.0
0 0.691406 0.151694 0.023438 0.032401 0.0 0.0 0.0 0.0 0.0 0.0 0.0 0.0 0.0 0.0 0.0 0.0 0.0 0.0 0.0
0 0.73877 0.113402 0.018555 0.035346 0.0 0.0 0.0 0.0 0.0 0.0 0.0 0.0 0.0 0.0 0.0 0.0 0.0 0.0 0.0
0 0.716309 0.156112 0.018555 0.032401 0.71589 0.164948 1.0 0.721471 0.166632 1.0 0.718262 0.170629 1.0 0.714355 0.173364 1.0 0.719796 0.174837 1.0
0 0.864746 0.17894 0.024414 0.04271 0.0 0.0 0.0 0.0 0.0 0.0 0.0 0.0 0.0 0.0 0.0 0.0 0.0 0.0 0.0
0 0.954102 0.118557 0.023438 0.039764 0.0 0.0 0.0 0.0 0.0 0.0 0.0 0.0 0.0 0.0 0.0 0.0 0.0 0.0 0.0
0 0.921875 0.235641 0.033203 0.050074 0.0 0.0 0.0 0.0 0.0 0.0 0.0 0.0 0.0 0.0 0.0 0.0 0.0 0.0 0.0
0 0.958984 0.0162 0.015625 0.032401 0.0 0.0 0.0 0.0 0.0 0.0 0.0 0.0 0.0 0.0 0.0 0.0 0.0 0.0 0.0
0 0.891113 0.011046 0.018555 0.022091 0.0 0.0 0.0 0.0 0.0 0.0 0.0 0.0 0.0 0.0 0.0 0.0 0.0 0.0 0.0
0 0.830078 0.028719 0.015625 0.033873 0.0 0.0 0.0 0.0 0.0 0.0 0.0 0.0 0.0 0.0 0.0 0.0 0.0 0.0 0.0
0 0.752441 0.017673 0.016602 0.035346 0.0 0.0 0.0 0.0 0.0 0.0 0.0 0.0 0.0 0.0 0.0 0.0 0.0 0.0 0.0
0 0.685059 0.012518 0.016602 0.025037 0.0 0.0 0.0 0.0 0.0 0.0 0.0 0.0 0.0 0.0 0.0 0.0 0.0 0.0 0.0
0 0.635742 0.030928 0.017578 0.032401 0.0 0.0 0.0 0.0 0.0 0.0 0.0 0.0 0.0 0.0 0.0 0.0 0.0 0.0 0.0
0 0.595215 0.240059 0.03418 0.047128 0.0 0.0 0.0 0.0 0.0 0.0 0.0 0.0 0.0 0.0 0.0 0.0 0.0 0.0 0.0
0 0.160156 0.100147 0.011719 0.038292 0.0 0.0 0.0 0.0 0.0 0.0 0.0 0.0 0.0 0.0 0.0 0.0 0.0 0.0 0.0
0 0.229492 0.958027 0.078125 0.083947 0.0 0.0 0.0 0.0 0.0 0.0 0.0 0.0 0.0 0.0 0.0 0.0 0.0 0.0 0.0
0 0.509766 0.157585 0.017578 0.029455 0.0 0.0 0.0 0.0 0.0 0.0 0.0 0.0 0.0 0.0 0.0 0.0 0.0 0.0 0.0
0 0.55957 0.155376 0.021484 0.04271 0.0 0.0 0.0 0.0 0.0 0.0 0.0 0.0 0.0 0.0 0.0 0.0 0.0 0.0 0.0
0 0.770508 0.279823 0.023438 0.035346 0.0 0.0 0.0 0.0 0.0 0.0 0.0 0.0 0.0 0.0 0.0 0.0 0.0 0.0 0.0
0 0.945801 0.198085 0.016602 0.033873 0.0 0.0 0.0 0.0 0.0 0.0 0.0 0.0 0.0 0.0 0.0 0.0 0.0 0.0 0.0