0 0.043457 0.237151 0.040039 0.071953 0.028229 0.228557 1.0 0.046578 0.228557 1.0 0.036351 0.244389 1.0 0.033343 0.257507 1.0 0.045977 0.257507 1.0
0 0.165527 0.23862 0.053711 0.095448 0.152519 0.224617 1.0 0.174177 0.222808 1.0 0.162545 0.239091 1.0 0.154122 0.258994 1.0 0.172974 0.260803 1.0
0 0.266113 0.290749 0.038086 0.073421 0.255859 0.279001 1.0 0.271484 0.28047 1.0 0.263672 0.293686 1.0 0.255859 0.299559 1.0 0.272461 0.301028 1.0
0 0.335938 0.244493 0.041016 0.066079 0.325475 0.231592 1.0 0.339704 0.230753 1.0 0.331612 0.247116 1.0 0.331334 0.259702 1.0 0.339146 0.258863 1.0
0 0.508789 0.328928 0.039062 0.079295 0.499726 0.31709 1.0 0.515503 0.318604 1.0 0.506104 0.334756 1.0 0.500396 0.350909 1.0 0.514496 0.350909 1.0
0 0.563965 0.328194 0.041992 0.0837 0.550411 0.313858 1.0 0.569127 0.313326 1.0 0.558886 0.329787 1.0 0.553235 0.348372 1.0 0.568067 0.348372 1.0
0 0.61084 0.332599 0.036133 0.07489 0.596087 0.324313 1.0 0.614293 0.321482 1.0 0.603935 0.334698 1.0 0.600795 0.348385 1.0 0.615548 0.345552 1.0
0 0.65625 0.250367 0.039062 0.069016 0.646999 0.239386 1.0 0.663356 0.239386 1.0 0.654886 0.256956 1.0 0.648167 0.274085 1.0 0.659852 0.274085 1.0
0 0.847656 0.290749 0.041016 0.070485 0.838331 0.280968 1.0 0.853974 0.279611 1.0 0.84525 0.29499 1.0 0.839534 0.308559 1.0 0.853974 0.307655 1.0
0 0.911133 0.348752 0.041016 0.077827 0.900016 0.334985 1.0 0.921596 0.334001 1.0 0.913095 0.352686 1.0 0.905901 0.366943 1.0 0.919308 0.366452 1.0
0 0.985352 0.301762 0.029297 0.07489 0.976562 0.286344 1.0 0.994141 0.28928 1.0 0.986328 0.302496 1.0 0.980469 0.315712 1.0 0.992188 0.314244 1.0