0 0.040527 0.280822 0.014648 0.030822 0.0 0.0 0.0 0.0 0.0 0.0 0.0 0.0 0.0 0.0 0.0 0.0 0.0 0.0 0.0
0 0.128418 0.246575 0.012695 0.030822 0.0 0.0 0.0 0.0 0.0 0.0 0.0 0.0 0.0 0.0 0.0 0.0 0.0 0.0 0.0
0 0.145508 0.247432 0.013672 0.035959 0.0 0.0 0.0 0.0 0.0 0.0 0.0 0.0 0.0 0.0 0.0 0.0 0.0 0.0 0.0
0 0.214844 0.256849 0.015625 0.034247 0.0 0.0 0.0 0.0 0.0 0.0 0.0 0.0 0.0 0.0 0.0 0.0 0.0 0.0 0.0
0 0.182617 0.34589 0.013672 0.034247 0.178715 0.341488 1.0 0.185037 0.340822 1.0 0.180738 0.346586 1.0 0.179854 0.354567 1.0 0.184531 0.352793 1.0
0 0.14502 0.345034 0.014648 0.02911 0.139082 0.344079 1.0 0.145621 0.343315 1.0 0.141807 0.348474 1.0 0.140172 0.353634 1.0 0.145839 0.353062 1.0
0 0.063965 0.354452 0.016602 0.034247 0.060293 0.34601 1.0 0.066943 0.347055 1.0 0.062715 0.352962 1.0 0.059971 0.359384 1.0 0.065732 0.360171 1.0
0 0.148926 0.449486 0.016602 0.035959 0.143219 0.444985 1.0 0.149842 0.44214 1.0 0.147949 0.450435 1.0 0.146463 0.457781 1.0 0.152274 0.455411 1.0
0 0.118652 0.449486 0.016602 0.032534 0.112867 0.444327 1.0 0.121225 0.444327 1.0 0.116045 0.451962 1.0 0.113809 0.457536 1.0 0.11993 0.456711 1.0
0 0.073242 0.439212 0.017578 0.032534 0.068146 0.434878 1.0 0.075443 0.434466 1.0 0.071089 0.44107 1.0 0.06897 0.447675 1.0 0.074031 0.447467 1.0
0 0.032715 0.429795 0.014648 0.027397 0.028285 0.425575 1.0 0.033831 0.425575 1.0 0.031738 0.432729 1.0 0.028809 0.436399 1.0 0.0354 0.435481 1.0
0 0.027832 0.592466 0.016602 0.037671 0.021415 0.591976 1.0 0.029785 0.591976 1.0 0.026437 0.59858 1.0 0.024483 0.604697 1.0 0.029506 0.604942 1.0
0 0.052734 0.595034 0.015625 0.035959 0.049727 0.592344 1.0 0.056396 0.591656 1.0 0.052734 0.598077 1.0 0.050118 0.602663 1.0 0.055611 0.601976 1.0
0 0.080078 0.600171 0.015625 0.039384 0.076032 0.594668 1.0 0.08245 0.594913 1.0 0.078404 0.602005 1.0 0.074776 0.609589 1.0 0.081194 0.609099 1.0
0 0.107422 0.596747 0.015625 0.02911 0.102626 0.590058 1.0 0.109711 0.592925 1.0 0.10437 0.600378 1.0 0.101754 0.603245 1.0 0.105351 0.605538 1.0
0 0.162598 0.560788 0.014648 0.039384 0.157506 0.561039 1.0 0.163836 0.561293 1.0 0.159664 0.570373 1.0 0.158801 0.575671 1.0 0.161678 0.576428 1.0
0 0.192871 0.556507 0.018555 0.044521 0.191058 0.55825 1.0 0.198016 0.559411 1.0 0.194371 0.566675 1.0 0.189897 0.57074 1.0 0.193874 0.572193 1.0
0 0.271973 0.580479 0.016602 0.037671 0.266736 0.578866 1.0 0.273498 0.575839 1.0 0.270765 0.583154 1.0 0.268463 0.589714 1.0 0.275656 0.589209 1.0
0 0.289551 0.634418 0.016602 0.042808 0.285924 0.627233 1.0 0.293614 0.628058 1.0 0.288905 0.636589 1.0 0.285453 0.642918 1.0 0.292358 0.643743 1.0
0 0.245117 0.367295 0.013672 0.02911 0.0 0.0 0.0 0.0 0.0 0.0 0.0 0.0 0.0 0.0 0.0 0.0 0.0 0.0 0.0
0 0.304199 0.342466 0.014648 0.030822 0.304504 0.339286 1.0 0.308812 0.339286 1.0 0.307678 0.345248 1.0 0.305298 0.350813 1.0 0.308585 0.351012 1.0
0 0.277832 0.468322 0.016602 0.035959 0.275683 0.462176 1.0 0.282637 0.460182 1.0 0.28036 0.468384 1.0 0.277453 0.474591 1.0 0.282384 0.473038 1.0
0 0.249512 0.472603 0.014648 0.030822 0.0 0.0 0.0 0.0 0.0 0.0 0.0 0.0 0.0 0.0 0.0 0.0 0.0 0.0 0.0
0 0.230957 0.252568 0.012695 0.032534 0.22644 0.247003 1.0 0.232056 0.246361 1.0 0.227661 0.253211 1.0 0.227783 0.259846 1.0 0.231445 0.259204 1.0
0 0.304688 0.234589 0.015625 0.034247 0.0 0.0 0.0 0.0 0.0 0.0 0.0 0.0 0.0 0.0 0.0 0.0 0.0 0.0 0.0
0 0.344727 0.326199 0.017578 0.032534 0.0 0.0 0.0 0.0 0.0 0.0 0.0 0.0 0.0 0.0 0.0 0.0 0.0 0.0 0.0
0 0.380371 0.233733 0.014648 0.032534 0.376465 0.227954 1.0 0.382812 0.227526 1.0 0.37915 0.235445 1.0 0.376587 0.240154 1.0 0.382568 0.240582 1.0
0 0.466309 0.244863 0.012695 0.027397 0.0 0.0 0.0 0.0 0.0 0.0 0.0 0.0 0.0 0.0 0.0 0.0 0.0 0.0 0.0
0 0.489746 0.242295 0.010742 0.02911 0.0 0.0 0.0 0.0 0.0 0.0 0.0 0.0 0.0 0.0 0.0 0.0 0.0 0.0 0.0
0 0.561523 0.243151 0.015625 0.027397 0.55835 0.236485 1.0 0.564628 0.236301 1.0 0.561175 0.241438 1.0 0.55835 0.246759 1.0 0.563581 0.246575 1.0
0 0.571777 0.327911 0.016602 0.032534 0.56907 0.323515 1.0 0.575897 0.323928 1.0 0.572366 0.328675 1.0 0.570247 0.336106 1.0 0.573896 0.336724 1.0
0 0.472168 0.327055 0.016602 0.030822 0.466579 0.322284 1.0 0.474967 0.32149 1.0 0.470433 0.327849 1.0 0.468732 0.333216 1.0 0.474514 0.33262 1.0
0 0.515625 0.444349 0.015625 0.032534 0.513306 0.440068 1.0 0.520264 0.440711 1.0 0.517456 0.447988 1.0 0.514282 0.453981 1.0 0.518066 0.453981 1.0
0 0.663574 0.232021 0.014648 0.02911 0.66068 0.226945 1.0 0.665702 0.226762 1.0 0.662563 0.232998 1.0 0.66047 0.236851 1.0 0.66476 0.236851 1.0
0 0.61377 0.243151 0.012695 0.027397 0.0 0.0 0.0 0.0 0.0 0.0 0.0 0.0 0.0 0.0 0.0 0.0 0.0 0.0 0.0
0 0.671875 0.297089 0.013672 0.032534 0.0 0.0 0.0 0.0 0.0 0.0 0.0 0.0 0.0 0.0 0.0 0.0 0.0 0.0 0.0
0 0.778809 0.20976 0.014648 0.02911 0.776903 0.205557 1.0 0.78268 0.204983 1.0 0.780282 0.211098 1.0 0.778103 0.216449 1.0 0.78159 0.216067 1.0
0 0.754395 0.22089 0.014648 0.030822 0.0 0.0 0.0 0.0 0.0 0.0 0.0 0.0 0.0 0.0 0.0 0.0 0.0 0.0 0.0
0 0.757324 0.294521 0.016602 0.034247 0.753187 0.285019 1.0 0.761025 0.285019 1.0 0.756979 0.291226 1.0 0.752808 0.300092 1.0 0.759762 0.300315 1.0
0 0.723145 0.30137 0.016602 0.030822 0.718654 0.296599 1.0 0.725682 0.296997 1.0 0.722281 0.301966 1.0 0.719561 0.306339 1.0 0.724775 0.307134 1.0
0 0.963379 0.322774 0.014648 0.035959 0.959782 0.321115 1.0 0.965864 0.31993 1.0 0.962891 0.326092 1.0 0.961404 0.332253 1.0 0.965999 0.331543 1.0
0 0.848633 0.299658 0.015625 0.034247 0.845363 0.295255 1.0 0.851685 0.294368 1.0 0.848776 0.299245 1.0 0.846627 0.307226 1.0 0.852063 0.306783 1.0
0 0.868164 0.343322 0.013672 0.035959 0.864297 0.340661 1.0 0.870784 0.339714 1.0 0.867271 0.345401 1.0 0.865378 0.348481 1.0 0.872677 0.348009 1.0
0 0.842285 0.337329 0.014648 0.037671 0.841937 0.329012 1.0 0.848214 0.330479 1.0 0.845284 0.336594 1.0 0.841518 0.344178 1.0 0.845703 0.344423 1.0
0 0.922852 0.363014 0.015625 0.027397 0.0 0.0 0.0 0.0 0.0 0.0 0.0 0.0 0.0 0.0 0.0 0.0 0.0 0.0 0.0
0 0.922852 0.431507 0.017578 0.037671 0.918945 0.428817 1.0 0.9262 0.42955 1.0 0.921875 0.433954 1.0 0.919225 0.439334 1.0 0.925362 0.440558 1.0
0 0.880859 0.453767 0.015625 0.034247 0.0 0.0 0.0 0.0 0.0 0.0 0.0 0.0 0.0 0.0 0.0 0.0 0.0 0.0 0.0
0 0.843262 0.434932 0.014648 0.034247 0.839992 0.432301 1.0 0.844038 0.43474 1.0 0.839486 0.437844 1.0 0.837969 0.443829 1.0 0.840371 0.444716 1.0
0 0.806641 0.453767 0.017578 0.037671 0.806235 0.452911 1.0 0.813398 0.450777 1.0 0.813128 0.457887 1.0 0.807992 0.463812 1.0 0.812992 0.463575 1.0
0 0.890137 0.535959 0.018555 0.05137 0.89066 0.533788 1.0 0.895909 0.534116 1.0 0.895534 0.541676 1.0 0.89141 0.549565 1.0 0.894972 0.549565 1.0
0 0.628418 0.436644 0.012695 0.030822 0.621887 0.43088 1.0 0.628008 0.430682 1.0 0.623247 0.438433 1.0 0.623588 0.444793 1.0 0.627328 0.444594 1.0
0 0.59082 0.454623 0.015625 0.02911 0.0 0.0 0.0 0.0 0.0 0.0 0.0 0.0 0.0 0.0 0.0 0.0 0.0 0.0 0.0
0 0.535645 0.453767 0.016602 0.030822 0.531137 0.448783 1.0 0.538199 0.448783 1.0 0.535021 0.455801 1.0 0.532078 0.45931 1.0 0.538553 0.45931 1.0
0 0.536133 0.565925 0.015625 0.039384 0.532235 0.56039 1.0 0.539202 0.56195 1.0 0.534311 0.569228 1.0 0.532087 0.575985 1.0 0.537868 0.576245 1.0
0 0.347656 0.460616 0.013672 0.030822 0.343846 0.453262 1.0 0.349627 0.453262 1.0 0.34634 0.46161 1.0 0.344526 0.465586 1.0 0.3494 0.465387 1.0
0 0.380371 0.52226 0.016602 0.044521 0.376012 0.519425 1.0 0.382464 0.519425 1.0 0.378754 0.526212 1.0 0.375366 0.53187 1.0 0.384238 0.53187 1.0
0 0.353027 0.568493 0.016602 0.041096 0.348981 0.564702 1.0 0.3558 0.562622 1.0 0.351798 0.56938 1.0 0.351057 0.577697 1.0 0.356393 0.575358 1.0
0 0.426758 0.544521 0.015625 0.044521 0.421797 0.538741 1.0 0.429583 0.539033 1.0 0.425606 0.546875 1.0 0.422625 0.552685 1.0 0.429914 0.552104 1.0
0 0.444824 0.447774 0.014648 0.032534 0.441528 0.441995 1.0 0.447021 0.441353 1.0 0.443359 0.447988 1.0 0.442017 0.453767 1.0 0.446289 0.453767 1.0
0 0.720215 0.445205 0.014648 0.041096 0.721222 0.442476 1.0 0.727021 0.441942 1.0 0.725494 0.4497 1.0 0.720764 0.453981 1.0 0.726258 0.453178 1.0
0 0.76709 0.440068 0.014648 0.037671 0.765333 0.438738 1.0 0.77155 0.438976 1.0 0.768576 0.444663 1.0 0.764387 0.450349 1.0 0.772226 0.449639 1.0
0 0.769043 0.556507 0.018555 0.044521 0.773856 0.555086 1.0 0.775844 0.553632 1.0 0.778163 0.562348 1.0 0.773856 0.571062 1.0 0.77485 0.569899 1.0
0 0.697266 0.580479 0.015625 0.041096 0.692932 0.57882 1.0 0.699951 0.579356 1.0 0.695373 0.587115 1.0 0.692779 0.592733 1.0 0.699035 0.592733 1.0
0 0.723633 0.586473 0.015625 0.042808 0.0 0.0 0.0 0.0 0.0 0.0 0.0 0.0 0.0 0.0 0.0 0.0 0.0 0.0 0.0
0 0.644531 0.592466 0.015625 0.041096 0.0 0.0 0.0 0.0 0.0 0.0 0.0 0.0 0.0 0.0 0.0 0.0 0.0 0.0 0.0
0 0.828125 0.571918 0.015625 0.037671 0.825265 0.566291 1.0 0.825823 0.566291 1.0 0.82094 0.572896 1.0 0.823173 0.582437 1.0 0.82373 0.582682 1.0
0 0.600098 0.582192 0.014648 0.037671 0.59596 0.581099 1.0 0.602853 0.582046 1.0 0.598663 0.590577 1.0 0.596906 0.593896 1.0 0.601637 0.59437 1.0
0 0.554688 0.596747 0.015625 0.039384 0.550603 0.594476 1.0 0.557939 0.594476 1.0 0.553911 0.602548 1.0 0.551754 0.606837 1.0 0.557939 0.605575 1.0
0 0.494141 0.636986 0.015625 0.044521 0.48962 0.633868 1.0 0.497201 0.637262 1.0 0.491878 0.643485 1.0 0.489458 0.648293 1.0 0.494459 0.65112 1.0
0 0.437988 0.327055 0.014648 0.030822 0.0 0.0 0.0 0.0 0.0 0.0 0.0 0.0 0.0 0.0 0.0 0.0 0.0 0.0 0.0
0 0.00293 0.561644 0.005859 0.041096 0.0 0.0 0.0 0.0 0.0 0.0 0.0 0.0 0.0 0.0 0.0 0.0 0.0 0.0 0.0
0 0.003418 0.344178 0.006836 0.034247 0.0 0.0 0.0 0.0 0.0 0.0 0.0 0.0 0.0 0.0 0.0 0.0 0.0 0.0 0.0
0 0.992188 0.44863 0.013672 0.030822 0.988975 0.44344 1.0 0.994625 0.442408 1.0 0.991329 0.448394 1.0 0.99027 0.452521 1.0 0.995213 0.451695 1.0