0 0.055176 0.709613 0.018555 0.033378 0.053571 0.708945 1.0 0.060006 0.70916 1.0 0.05671 0.713451 1.0 0.053414 0.718386 1.0 0.059064 0.718601 1.0
0 0.140137 0.686248 0.016602 0.026702 0.135206 0.683506 1.0 0.141527 0.683334 1.0 0.137734 0.688346 1.0 0.135712 0.692495 1.0 0.14039 0.692495 1.0
0 0.12207 0.604139 0.017578 0.033378 0.120013 0.601754 1.0 0.125977 0.602613 1.0 0.122367 0.607762 1.0 0.119385 0.612483 1.0 0.123779 0.612698 1.0
0 0.059082 0.622163 0.006836 0.016021 0.0 0.0 0.0 0.0 0.0 0.0 0.0 0.0 0.0 0.0 0.0 0.0 0.0 0.0 0.0
0 0.228027 0.6502 0.008789 0.016021 0.0 0.0 0.0 0.0 0.0 0.0 0.0 0.0 0.0 0.0 0.0 0.0 0.0 0.0 0.0
0 0.246094 0.666889 0.005859 0.012016 0.0 0.0 0.0 0.0 0.0 0.0 0.0 0.0 0.0 0.0 0.0 0.0 0.0 0.0 0.0
0 0.274902 0.640187 0.012695 0.022697 0.271275 0.63623 1.0 0.277448 0.63623 1.0 0.274414 0.640949 1.0 0.27253 0.642952 1.0 0.278076 0.642952 1.0
0 0.249512 0.642857 0.008789 0.014686 0.247628 0.641045 1.0 0.252232 0.640949 1.0 0.25014 0.644669 1.0 0.248535 0.647435 1.0 0.252302 0.64753 1.0
0 0.249512 0.606809 0.010742 0.020027 0.0 0.0 0.0 0.0 0.0 0.0 0.0 0.0 0.0 0.0 0.0 0.0 0.0 0.0 0.0
0 0.289062 0.616822 0.009766 0.016021 0.0 0.0 0.0 0.0 0.0 0.0 0.0 0.0 0.0 0.0 0.0 0.0 0.0 0.0 0.0
0 0.365234 0.671562 0.017578 0.042724 0.368557 0.668546 1.0 0.369158 0.668546 1.0 0.373771 0.675949 1.0 0.368155 0.683077 1.0 0.368757 0.683351 1.0
0 0.336914 0.641522 0.009766 0.017356 0.0 0.0 0.0 0.0 0.0 0.0 0.0 0.0 0.0 0.0 0.0 0.0 0.0 0.0 0.0
0 0.378418 0.642857 0.010742 0.020027 0.376587 0.641665 1.0 0.380807 0.641403 1.0 0.378505 0.645206 1.0 0.377642 0.649139 1.0 0.380424 0.649139 1.0
0 0.404297 0.631509 0.013672 0.024032 0.399048 0.630113 1.0 0.406075 0.630268 1.0 0.401769 0.634143 1.0 0.399614 0.638792 1.0 0.405396 0.639103 1.0
0 0.330078 0.616822 0.007812 0.016021 0.0 0.0 0.0 0.0 0.0 0.0 0.0 0.0 0.0 0.0 0.0 0.0 0.0 0.0 0.0
0 0.3125 0.625501 0.003906 0.006676 0.0 0.0 0.0 0.0 0.0 0.0 0.0 0.0 0.0 0.0 0.0 0.0 0.0 0.0 0.0
0 0.426758 0.624166 0.009766 0.017356 0.0 0.0 0.0 0.0 0.0 0.0 0.0 0.0 0.0 0.0 0.0 0.0 0.0 0.0 0.0
0 0.477539 0.635514 0.017578 0.032043 0.476654 0.632135 1.0 0.483979 0.634012 1.0 0.479858 0.639645 1.0 0.476349 0.641314 1.0 0.480621 0.643817 1.0
0 0.521973 0.626168 0.014648 0.024032 0.520447 0.62416 1.0 0.526441 0.623861 1.0 0.524479 0.62714 1.0 0.521428 0.632057 1.0 0.526332 0.63176 1.0
0 0.54834 0.748331 0.020508 0.036048 0.543579 0.744207 1.0 0.55225 0.743975 1.0 0.54817 0.749553 1.0 0.545619 0.755132 1.0 0.550891 0.7549 1.0
0 0.583984 0.735648 0.011719 0.018692 0.0 0.0 0.0 0.0 0.0 0.0 0.0 0.0 0.0 0.0 0.0 0.0 0.0 0.0 0.0
0 0.577637 0.630841 0.010742 0.020027 0.575806 0.628862 1.0 0.580218 0.628862 1.0 0.577628 0.632534 1.0 0.575614 0.635812 1.0 0.579354 0.635681 1.0
0 0.618652 0.646862 0.010742 0.020027 0.617615 0.644151 1.0 0.62201 0.644275 1.0 0.620087 0.647029 1.0 0.61798 0.650785 1.0 0.62201 0.650785 1.0
0 0.586426 0.610147 0.012695 0.021362 0.581927 0.608144 1.0 0.585589 0.608144 1.0 0.58245 0.612865 1.0 0.583601 0.616155 1.0 0.587472 0.616155 1.0
0 0.502441 0.616155 0.004883 0.009346 0.0 0.0 0.0 0.0 0.0 0.0 0.0 0.0 0.0 0.0 0.0 0.0 0.0 0.0 0.0
0 0.494629 0.618158 0.006836 0.010681 0.0 0.0 0.0 0.0 0.0 0.0 0.0 0.0 0.0 0.0 0.0 0.0 0.0 0.0 0.0
0 0.648926 0.630174 0.014648 0.026702 0.648438 0.627837 1.0 0.653809 0.626669 1.0 0.651978 0.631509 1.0 0.64917 0.636015 1.0 0.65332 0.635347 1.0
0 0.669922 0.618825 0.023438 0.033378 0.664742 0.61408 1.0 0.673846 0.613866 1.0 0.668195 0.621162 1.0 0.664586 0.625453 1.0 0.674003 0.625453 1.0
0 0.759277 0.660881 0.014648 0.024032 0.760376 0.656602 1.0 0.765363 0.657996 1.0 0.766157 0.66187 1.0 0.760149 0.666829 1.0 0.76389 0.666519 1.0
0 0.758789 0.751001 0.015625 0.025367 0.0 0.0 0.0 0.0 0.0 0.0 0.0 0.0 0.0 0.0 0.0 0.0 0.0 0.0 0.0
0 0.862793 0.748999 0.014648 0.024032 0.85675 0.745959 1.0 0.861512 0.745959 1.0 0.857204 0.750298 1.0 0.857771 0.754792 1.0 0.860265 0.754482 1.0
0 0.165527 0.62283 0.004883 0.006676 0.0 0.0 0.0 0.0 0.0 0.0 0.0 0.0 0.0 0.0 0.0 0.0 0.0 0.0 0.0
0 0.197266 0.624833 0.003906 0.008011 0.0 0.0 0.0 0.0 0.0 0.0 0.0 0.0 0.0 0.0 0.0 0.0 0.0 0.0 0.0
0 0.217773 0.62283 0.003906 0.006676 0.0 0.0 0.0 0.0 0.0 0.0 0.0 0.0 0.0 0.0 0.0 0.0 0.0 0.0 0.0
0 0.208496 0.618825 0.004883 0.006676 0.0 0.0 0.0 0.0 0.0 0.0 0.0 0.0 0.0 0.0 0.0 0.0 0.0 0.0 0.0
0 0.314941 0.620828 0.004883 0.010681 0.0 0.0 0.0 0.0 0.0 0.0 0.0 0.0 0.0 0.0 0.0 0.0 0.0 0.0 0.0
0 0.532227 0.624166 0.007812 0.014686 0.0 0.0 0.0 0.0 0.0 0.0 0.0 0.0 0.0 0.0 0.0 0.0 0.0 0.0 0.0