0 0.018066 0.617862 0.012695 0.020498 0.018188 0.615091 1.0 0.023333 0.615613 1.0 0.021415 0.619536 1.0 0.019758 0.623327 1.0 0.022548 0.623196 1.0
0 0.076172 0.641288 0.009766 0.023426 0.0 0.0 0.0 0.0 0.0 0.0 0.0 0.0 0.0 0.0 0.0 0.0 0.0 0.0 0.0
0 0.10791 0.669839 0.012695 0.021962 0.107735 0.669237 1.0 0.111747 0.669839 1.0 0.109741 0.674499 1.0 0.106532 0.677056 1.0 0.111245 0.677056 1.0
0 0.092773 0.75549 0.011719 0.020498 0.0 0.0 0.0 0.0 0.0 0.0 0.0 0.0 0.0 0.0 0.0 0.0 0.0 0.0 0.0
0 0.269531 0.375549 0.019531 0.045388 0.264056 0.366764 1.0 0.265015 0.366764 1.0 0.260411 0.37453 1.0 0.266933 0.381432 1.0 0.2677 0.381432 1.0
0 0.408691 0.338214 0.032227 0.058565 0.405221 0.330403 1.0 0.417397 0.330403 1.0 0.411931 0.340089 1.0 0.405221 0.348286 1.0 0.415906 0.348659 1.0
0 0.487305 0.409956 0.023438 0.043924 0.479505 0.409224 1.0 0.483255 0.407537 1.0 0.478943 0.41625 1.0 0.48138 0.421871 1.0 0.484566 0.421309 1.0
0 0.537598 0.431186 0.024414 0.039531 0.0 0.0 0.0 0.0 0.0 0.0 0.0 0.0 0.0 0.0 0.0 0.0 0.0 0.0 0.0
0 0.615234 0.426061 0.025391 0.032211 0.613133 0.415649 1.0 0.619424 0.415649 1.0 0.616521 0.420486 1.0 0.61152 0.427016 1.0 0.620069 0.427258 1.0
0 0.657715 0.494143 0.022461 0.039531 0.0 0.0 0.0 0.0 0.0 0.0 0.0 0.0 0.0 0.0 0.0 0.0 0.0 0.0 0.0
0 0.750977 0.491215 0.019531 0.039531 0.751813 0.484523 1.0 0.756783 0.486012 1.0 0.754796 0.491228 1.0 0.750488 0.496196 1.0 0.755955 0.496196 1.0
0 0.912598 0.722548 0.004883 0.010249 0.0 0.0 0.0 0.0 0.0 0.0 0.0 0.0 0.0 0.0 0.0 0.0 0.0 0.0 0.0
0 0.953613 0.72328 0.00293 0.008785 0.0 0.0 0.0 0.0 0.0 0.0 0.0 0.0 0.0 0.0 0.0 0.0 0.0 0.0 0.0
0 0.961426 0.685212 0.004883 0.011713 0.0 0.0 0.0 0.0 0.0 0.0 0.0 0.0 0.0 0.0 0.0 0.0 0.0 0.0 0.0