0 0.087891 0.164714 0.037109 0.05599 0.080697 0.155052 1.0 0.096375 0.155052 1.0 0.089888 0.166586 1.0 0.08394 0.176316 1.0 0.094482 0.175595 1.0
0 0.242188 0.289714 0.039062 0.061198 0.238582 0.282314 1.0 0.255523 0.283482 1.0 0.247345 0.294776 1.0 0.237414 0.30607 1.0 0.252603 0.306461 1.0
0 0.333496 0.195312 0.026367 0.052083 0.337071 0.190592 1.0 0.343646 0.190255 1.0 0.34314 0.199021 1.0 0.336313 0.20981 1.0 0.342128 0.210147 1.0
0 0.416016 0.222656 0.017578 0.049479 0.417969 0.204427 1.0 0.421875 0.203125 1.0 0.424805 0.216146 1.0 0.418945 0.230469 1.0 0.422852 0.230469 1.0
0 0.111816 0.462891 0.043945 0.063802 0.098511 0.454102 1.0 0.124146 0.455729 1.0 0.111938 0.467122 1.0 0.100646 0.479737 1.0 0.119568 0.479737 1.0
0 0.257324 0.592448 0.041992 0.067708 0.249198 0.576521 1.0 0.26893 0.576521 1.0 0.259382 0.590523 1.0 0.250471 0.606648 1.0 0.266065 0.606224 1.0
0 0.529785 0.177083 0.030273 0.049479 0.523411 0.171434 1.0 0.538479 0.170177 1.0 0.532122 0.181164 1.0 0.527885 0.190581 1.0 0.537065 0.190267 1.0
0 0.65332 0.23763 0.029297 0.050781 0.641602 0.226562 1.0 0.645508 0.229167 1.0 0.639648 0.238281 1.0 0.642578 0.248698 1.0 0.642578 0.25 1.0
0 0.708984 0.17513 0.025391 0.045573 0.697597 0.168667 1.0 0.708932 0.168957 1.0 0.702393 0.175932 1.0 0.699559 0.180583 1.0 0.706099 0.180874 1.0
0 0.757812 0.14388 0.027344 0.045573 0.746695 0.140613 1.0 0.756068 0.138288 1.0 0.748657 0.149333 1.0 0.748439 0.158342 1.0 0.753234 0.156017 1.0
0 0.41748 0.449219 0.040039 0.078125 0.410087 0.442145 1.0 0.428244 0.442638 1.0 0.419722 0.452521 1.0 0.411568 0.467837 1.0 0.426762 0.465367 1.0
0 0.586914 0.399089 0.035156 0.050781 0.58374 0.389323 1.0 0.596436 0.389323 1.0 0.590332 0.402995 1.0 0.581787 0.412435 1.0 0.594727 0.412109 1.0
0 0.747559 0.496094 0.038086 0.067708 0.740139 0.489199 1.0 0.756592 0.491781 1.0 0.748526 0.503826 1.0 0.737558 0.509846 1.0 0.755946 0.511138 1.0
0 0.606445 0.673177 0.041016 0.067708 0.602033 0.663807 1.0 0.620671 0.663371 1.0 0.614458 0.675578 1.0 0.605957 0.687349 1.0 0.618382 0.687349 1.0
0 0.909668 0.656901 0.032227 0.053385 0.916016 0.64974 1.0 0.933594 0.645833 1.0 0.928711 0.661458 1.0 0.922852 0.675781 1.0 0.931641 0.670573 1.0
0 0.868652 0.344401 0.032227 0.061198 0.869236 0.33778 1.0 0.882965 0.340507 1.0 0.876831 0.350633 1.0 0.868652 0.361927 1.0 0.880044 0.363095 1.0