0 0.161133 0.734637 0.025391 0.039106 0.152797 0.731494 1.0 0.165179 0.728501 1.0 0.157854 0.736982 1.0 0.15611 0.744962 1.0 0.162562 0.743965 1.0
0 0.227539 0.736034 0.023438 0.039106 0.220772 0.733291 1.0 0.232806 0.730796 1.0 0.224784 0.739027 1.0 0.222517 0.746508 1.0 0.230713 0.74601 1.0
0 0.29248 0.731844 0.024414 0.039106 0.284437 0.730378 1.0 0.294268 0.729101 1.0 0.289084 0.740092 1.0 0.286939 0.74137 1.0 0.295877 0.741115 1.0
0 0.366699 0.740922 0.022461 0.048883 0.361236 0.739525 1.0 0.371063 0.738303 1.0 0.365509 0.748996 1.0 0.362732 0.75419 1.0 0.370636 0.753884 1.0
0 0.425781 0.731844 0.021484 0.041899 0.419556 0.728352 1.0 0.429627 0.72652 1.0 0.424683 0.737256 1.0 0.422119 0.741184 1.0 0.427795 0.740659 1.0
0 0.496094 0.73324 0.021484 0.041899 0.487244 0.72774 1.0 0.494568 0.730098 1.0 0.487061 0.736645 1.0 0.488709 0.743453 1.0 0.493104 0.745025 1.0
0 0.097168 0.594972 0.018555 0.027933 0.090576 0.591131 1.0 0.098633 0.589909 1.0 0.093872 0.595845 1.0 0.091797 0.601432 1.0 0.098511 0.601082 1.0
0 0.194824 0.597067 0.018555 0.02933 0.191197 0.593001 1.0 0.19826 0.593001 1.0 0.194598 0.598613 1.0 0.192636 0.603289 1.0 0.197736 0.602916 1.0
0 0.288086 0.600559 0.015625 0.02514 0.284555 0.597166 1.0 0.292088 0.598345 1.0 0.287145 0.602891 1.0 0.284437 0.607268 1.0 0.290558 0.607941 1.0
0 0.392578 0.587989 0.015625 0.027933 0.392578 0.582402 1.0 0.398438 0.586592 1.0 0.395508 0.592179 1.0 0.390625 0.594972 1.0 0.393555 0.599162 1.0
0 0.811035 0.721369 0.026367 0.046089 0.80317 0.716387 1.0 0.81567 0.712577 1.0 0.809317 0.722247 1.0 0.806244 0.730746 1.0 0.815874 0.729281 1.0
0 0.924805 0.722765 0.027344 0.040503 0.917524 0.716119 1.0 0.930572 0.718163 1.0 0.922708 0.726344 1.0 0.917882 0.730179 1.0 0.92807 0.732223 1.0
0 0.920898 0.578911 0.017578 0.026536 0.917969 0.573499 1.0 0.925415 0.574197 1.0 0.919678 0.579609 1.0 0.91748 0.585545 1.0 0.92334 0.584846 1.0
0 0.823242 0.564944 0.019531 0.034916 0.821969 0.563348 1.0 0.829346 0.565369 1.0 0.82605 0.570979 1.0 0.819458 0.574122 1.0 0.825579 0.576816 1.0
0 0.670898 0.588687 0.017578 0.026536 0.665283 0.587116 1.0 0.671265 0.583101 1.0 0.670654 0.589909 1.0 0.67041 0.597242 1.0 0.674805 0.592353 1.0
0 0.594727 0.592179 0.013672 0.027933 0.591963 0.589853 1.0 0.599043 0.58895 1.0 0.596514 0.594554 1.0 0.593985 0.599979 1.0 0.598537 0.599436 1.0
0 0.672852 0.532821 0.015625 0.026536 0.668701 0.531425 1.0 0.676758 0.528457 1.0 0.673218 0.535091 1.0 0.671631 0.540503 1.0 0.676636 0.539455 1.0
0 0.57666 0.504888 0.010742 0.02095 0.573687 0.503229 1.0 0.580305 0.503641 1.0 0.577235 0.507757 1.0 0.575126 0.511598 1.0 0.580209 0.510774 1.0
0 0.572754 0.480447 0.010742 0.01676 0.572266 0.47905 1.0 0.577148 0.476257 1.0 0.575195 0.481844 1.0 0.575195 0.48743 1.0 0.579102 0.484637 1.0
0 0.574219 0.437151 0.011719 0.019553 0.572266 0.435754 1.0 0.577148 0.435754 1.0 0.573242 0.439944 1.0 0.571289 0.444134 1.0 0.576172 0.444134 1.0
0 0.564453 0.405028 0.007812 0.013966 0.561523 0.405028 1.0 0.566406 0.405028 1.0 0.564453 0.407821 1.0 0.5625 0.410615 1.0 0.56543 0.410615 1.0
0 0.555664 0.375 0.007812 0.01257 0.554688 0.375698 1.0 0.558594 0.375698 1.0 0.556641 0.378492 1.0 0.554688 0.381285 1.0 0.558594 0.379888 1.0
0 0.558105 0.351955 0.006836 0.011173 0.557617 0.350559 1.0 0.560547 0.350559 1.0 0.558594 0.354749 1.0 0.556641 0.357542 1.0 0.560547 0.357542 1.0
0 0.652344 0.498603 0.013672 0.02514 0.651367 0.498603 1.0 0.657227 0.498603 1.0 0.654297 0.501397 1.0 0.651367 0.505587 1.0 0.65625 0.505587 1.0
0 0.654297 0.464385 0.011719 0.023743 0.652609 0.463138 1.0 0.656751 0.46345 1.0 0.654681 0.467503 1.0 0.653264 0.471556 1.0 0.656425 0.472024 1.0
0 0.634277 0.444832 0.010742 0.018156 0.633179 0.442014 1.0 0.637103 0.44164 1.0 0.634835 0.444757 1.0 0.633614 0.448997 1.0 0.637016 0.448749 1.0
0 0.620605 0.402933 0.008789 0.018156 0.616804 0.401655 1.0 0.619951 0.401418 1.0 0.617053 0.404853 1.0 0.618046 0.407222 1.0 0.620034 0.406867 1.0
0 0.788574 0.532123 0.014648 0.02514 0.784672 0.529405 1.0 0.7915 0.529742 1.0 0.787851 0.532771 1.0 0.784319 0.537654 1.0 0.791971 0.537654 1.0
0 0.748535 0.499302 0.012695 0.018156 0.748047 0.5 1.0 0.75293 0.5 1.0 0.750977 0.50419 1.0 0.749023 0.509777 1.0 0.751953 0.509777 1.0
0 0.727051 0.47067 0.012695 0.019553 0.725586 0.467877 1.0 0.731445 0.467877 1.0 0.727539 0.472067 1.0 0.724609 0.477654 1.0 0.730469 0.477654 1.0
0 0.717285 0.437849 0.010742 0.018156 0.71582 0.437151 1.0 0.720703 0.438547 1.0 0.717773 0.441341 1.0 0.71582 0.445531 1.0 0.719727 0.445531 1.0
0 0.679688 0.400838 0.011719 0.019553 0.676758 0.396648 1.0 0.682617 0.396648 1.0 0.679688 0.399441 1.0 0.676758 0.402235 1.0 0.681641 0.402235 1.0
0 0.660645 0.377793 0.006836 0.01257 0.65918 0.375698 1.0 0.663086 0.375698 1.0 0.660156 0.378492 1.0 0.65918 0.381285 1.0 0.661133 0.381285 1.0
0 0.844238 0.502793 0.014648 0.022346 0.841344 0.498223 1.0 0.846658 0.496215 1.0 0.844352 0.502811 1.0 0.841645 0.507545 1.0 0.845756 0.506827 1.0
0 0.931641 0.49581 0.013672 0.022346 0.927071 0.493116 1.0 0.934082 0.492518 1.0 0.931048 0.498353 1.0 0.928432 0.501346 1.0 0.933141 0.501496 1.0
0 0.903809 0.469274 0.012695 0.019553 0.900665 0.468052 1.0 0.906708 0.468313 1.0 0.903137 0.472373 1.0 0.901031 0.474075 1.0 0.905426 0.474337 1.0
0 0.876465 0.431564 0.012695 0.022346 0.874023 0.430168 1.0 0.879883 0.430168 1.0 0.876953 0.434358 1.0 0.873047 0.437151 1.0 0.878906 0.438547 1.0
0 0.852051 0.414804 0.012695 0.019553 0.0 0.0 0.0 0.0 0.0 0.0 0.0 0.0 0.0 0.0 0.0 0.0 0.0 0.0 0.0
0 0.821777 0.402933 0.010742 0.018156 0.819336 0.403631 1.0 0.824219 0.402235 1.0 0.822266 0.406425 1.0 0.819336 0.410615 1.0 0.823242 0.410615 1.0
0 0.782715 0.368017 0.008789 0.015363 0.780273 0.367318 1.0 0.78418 0.367318 1.0 0.78125 0.370112 1.0 0.780273 0.371508 1.0 0.78418 0.371508 1.0
0 0.800293 0.442737 0.010742 0.019553 0.796875 0.441341 1.0 0.802734 0.441341 1.0 0.799805 0.445531 1.0 0.796875 0.449721 1.0 0.802734 0.449721 1.0
0 0.817383 0.455307 0.011719 0.019553 0.813477 0.456704 1.0 0.818359 0.458101 1.0 0.814453 0.459497 1.0 0.813477 0.46648 1.0 0.816406 0.465084 1.0
0 0.75293 0.401536 0.009766 0.018156 0.751953 0.398045 1.0 0.757812 0.398045 1.0 0.754883 0.400838 1.0 0.75293 0.403631 1.0 0.756836 0.403631 1.0
0 0.722168 0.365223 0.008789 0.015363 0.720703 0.364525 1.0 0.724609 0.364525 1.0 0.723633 0.368715 1.0 0.720703 0.371508 1.0 0.724609 0.371508 1.0
0 0.751953 0.34567 0.007812 0.01257 0.750977 0.344972 1.0 0.753906 0.344972 1.0 0.751953 0.346369 1.0 0.750977 0.349162 1.0 0.754883 0.349162 1.0
0 0.609375 0.368017 0.007812 0.01257 0.607422 0.365922 1.0 0.610352 0.365922 1.0 0.609375 0.368715 1.0 0.607422 0.371508 1.0 0.610352 0.371508 1.0
0 0.597168 0.356145 0.004883 0.011173 0.59668 0.357542 1.0 0.600586 0.357542 1.0 0.597656 0.360335 1.0 0.595703 0.363128 1.0 0.600586 0.363128 1.0
0 0.64502 0.35405 0.006836 0.009777 0.645508 0.354749 1.0 0.649414 0.353352 1.0 0.647461 0.356145 1.0 0.644531 0.357542 1.0 0.648438 0.358939 1.0
0 0.699219 0.347067 0.005859 0.01257 0.698242 0.346369 1.0 0.702148 0.346369 1.0 0.700195 0.349162 1.0 0.699219 0.351955 1.0 0.702148 0.350559 1.0
0 0.708008 0.318436 0.005859 0.011173 0.707031 0.318436 1.0 0.709961 0.317039 1.0 0.708008 0.321229 1.0 0.707031 0.324022 1.0 0.709961 0.324022 1.0
0 0.694336 0.305168 0.005859 0.006983 0.0 0.0 0.0 0.0 0.0 0.0 0.0 0.0 0.0 0.0 0.0 0.0 0.0 0.0 0.0
0 0.658203 0.303771 0.005859 0.009777 0.657227 0.303073 1.0 0.660156 0.303073 1.0 0.658203 0.307263 1.0 0.657227 0.308659 1.0 0.660156 0.308659 1.0
0 0.631348 0.318436 0.004883 0.00838 0.0 0.0 0.0 0.0 0.0 0.0 0.0 0.0 0.0 0.0 0.0 0.0 0.0 0.0 0.0
0 0.551758 0.319134 0.005859 0.009777 0.550781 0.319832 1.0 0.554688 0.319832 1.0 0.552734 0.321229 1.0 0.550781 0.324022 1.0 0.554688 0.324022 1.0
0 0.519043 0.323324 0.006836 0.009777 0.0 0.0 0.0 0.0 0.0 0.0 0.0 0.0 0.0 0.0 0.0 0.0 0.0 0.0 0.0
0 0.631348 0.303771 0.004883 0.009777 0.0 0.0 0.0 0.0 0.0 0.0 0.0 0.0 0.0 0.0 0.0 0.0 0.0 0.0 0.0
0 0.640625 0.295391 0.005859 0.009777 0.0 0.0 0.0 0.0 0.0 0.0 0.0 0.0 0.0 0.0 0.0 0.0 0.0 0.0 0.0
0 0.585938 0.321229 0.005859 0.011173 0.0 0.0 0.0 0.0 0.0 0.0 0.0 0.0 0.0 0.0 0.0 0.0 0.0 0.0 0.0
0 0.353516 0.378492 0.007812 0.013966 0.351562 0.379888 1.0 0.355469 0.378492 1.0 0.352539 0.382682 1.0 0.350586 0.385475 1.0 0.355469 0.385475 1.0
0 0.404785 0.377095 0.008789 0.013966 0.40332 0.375698 1.0 0.404297 0.377095 1.0 0.402344 0.378492 1.0 0.401367 0.381285 1.0 0.402344 0.381285 1.0
0 0.461914 0.376397 0.007812 0.015363 0.459961 0.375698 1.0 0.463867 0.375698 1.0 0.461914 0.377095 1.0 0.459961 0.379888 1.0 0.463867 0.379888 1.0
0 0.475586 0.328212 0.005859 0.013966 0.473633 0.328212 1.0 0.477539 0.328212 1.0 0.474609 0.332402 1.0 0.473633 0.333799 1.0 0.477539 0.332402 1.0
0 0.416504 0.354749 0.006836 0.013966 0.416016 0.354749 1.0 0.418945 0.354749 1.0 0.416992 0.357542 1.0 0.414062 0.360335 1.0 0.418945 0.358939 1.0
0 0.37793 0.356145 0.007812 0.013966 0.376953 0.357542 1.0 0.380859 0.356145 1.0 0.378906 0.358939 1.0 0.37793 0.363128 1.0 0.380859 0.363128 1.0
0 0.262695 0.352654 0.009766 0.015363 0.261719 0.350559 1.0 0.265625 0.349162 1.0 0.264648 0.354749 1.0 0.262695 0.358939 1.0 0.266602 0.357542 1.0
0 0.416016 0.251397 0.005859 0.00838 0.0 0.0 0.0 0.0 0.0 0.0 0.0 0.0 0.0 0.0 0.0 0.0 0.0 0.0 0.0
0 0.054688 0.382682 0.007812 0.011173 0.051758 0.381285 1.0 0.054688 0.381285 1.0 0.052734 0.385475 1.0 0.050781 0.385475 1.0 0.055664 0.385475 1.0
0 0.036621 0.361732 0.006836 0.011173 0.036133 0.361732 1.0 0.039062 0.361732 1.0 0.037109 0.364525 1.0 0.036133 0.367318 1.0 0.039062 0.367318 1.0
0 0.080078 0.348464 0.007812 0.009777 0.0 0.0 0.0 0.0 0.0 0.0 0.0 0.0 0.0 0.0 0.0 0.0 0.0 0.0 0.0
0 0.099609 0.358939 0.005859 0.013966 0.099609 0.360335 1.0 0.104492 0.360335 1.0 0.100586 0.363128 1.0 0.098633 0.365922 1.0 0.102539 0.365922 1.0
0 0.123047 0.331006 0.005859 0.00838 0.121094 0.331006 1.0 0.125 0.331006 1.0 0.123047 0.333799 1.0 0.121094 0.336592 1.0 0.125 0.336592 1.0
0 0.13623 0.348464 0.004883 0.009777 0.0 0.0 0.0 0.0 0.0 0.0 0.0 0.0 0.0 0.0 0.0 0.0 0.0 0.0 0.0
0 0.024902 0.344972 0.006836 0.00838 0.0 0.0 0.0 0.0 0.0 0.0 0.0 0.0 0.0 0.0 0.0 0.0 0.0 0.0 0.0
0 0.047363 0.313547 0.004883 0.006983 0.0 0.0 0.0 0.0 0.0 0.0 0.0 0.0 0.0 0.0 0.0 0.0 0.0 0.0 0.0
0 0.074219 0.288408 0.003906 0.006983 0.0 0.0 0.0 0.0 0.0 0.0 0.0 0.0 0.0 0.0 0.0 0.0 0.0 0.0 0.0
0 0.108398 0.277235 0.003906 0.006983 0.0 0.0 0.0 0.0 0.0 0.0 0.0 0.0 0.0 0.0 0.0 0.0 0.0 0.0 0.0
0 0.137207 0.289106 0.004883 0.00838 0.0 0.0 0.0 0.0 0.0 0.0 0.0 0.0 0.0 0.0 0.0 0.0 0.0 0.0 0.0
0 0.102539 0.289804 0.003906 0.006983 0.0 0.0 0.0 0.0 0.0 0.0 0.0 0.0 0.0 0.0 0.0 0.0 0.0 0.0 0.0
0 0.028809 0.295391 0.004883 0.009777 0.0 0.0 0.0 0.0 0.0 0.0 0.0 0.0 0.0 0.0 0.0 0.0 0.0 0.0 0.0
0 0.006836 0.313547 0.003906 0.006983 0.0 0.0 0.0 0.0 0.0 0.0 0.0 0.0 0.0 0.0 0.0 0.0 0.0 0.0 0.0
0 0.017578 0.302374 0.003906 0.006983 0.0 0.0 0.0 0.0 0.0 0.0 0.0 0.0 0.0 0.0 0.0 0.0 0.0 0.0 0.0
0 0.944824 0.35824 0.006836 0.009777 0.943359 0.358939 1.0 0.948242 0.357542 1.0 0.946289 0.361732 1.0 0.943359 0.364525 1.0 0.949219 0.363128 1.0
0 0.975586 0.354749 0.009766 0.013966 0.973633 0.357542 1.0 0.978516 0.356145 1.0 0.976562 0.358939 1.0 0.974609 0.361732 1.0 0.979492 0.361732 1.0
0 0.981445 0.377095 0.007812 0.013966 0.980469 0.374302 1.0 0.983398 0.372905 1.0 0.982422 0.377095 1.0 0.980469 0.381285 1.0 0.983398 0.379888 1.0
0 0.982422 0.319134 0.005859 0.01257 0.980469 0.321229 1.0 0.984375 0.318436 1.0 0.984375 0.322626 1.0 0.982422 0.326816 1.0 0.987305 0.319832 1.0
0 0.98291 0.273045 0.006836 0.009777 0.980469 0.272346 1.0 0.983398 0.272346 1.0 0.982422 0.273743 1.0 0.980469 0.276536 1.0 0.983398 0.276536 1.0
0 0.950195 0.291899 0.005859 0.011173 0.0 0.0 0.0 0.0 0.0 0.0 0.0 0.0 0.0 0.0 0.0 0.0 0.0 0.0 0.0
0 0.942383 0.328911 0.007812 0.01257 0.940103 0.327595 1.0 0.942313 0.327433 1.0 0.94067 0.329459 1.0 0.939989 0.331729 1.0 0.941859 0.331729 1.0
0 0.9375 0.342179 0.007812 0.011173 0.935547 0.343575 1.0 0.94043 0.342179 1.0 0.938477 0.344972 1.0 0.935547 0.349162 1.0 0.939453 0.349162 1.0
0 0.916992 0.344972 0.009766 0.01676 0.0 0.0 0.0 0.0 0.0 0.0 0.0 0.0 0.0 0.0 0.0 0.0 0.0 0.0 0.0
0 0.891602 0.320531 0.007812 0.01257 0.0 0.0 0.0 0.0 0.0 0.0 0.0 0.0 0.0 0.0 0.0 0.0 0.0 0.0 0.0
0 0.884277 0.310056 0.006836 0.011173 0.883789 0.311453 1.0 0.885742 0.308659 1.0 0.885742 0.311453 1.0 0.884766 0.314246 1.0 0.888672 0.311453 1.0
0 0.865723 0.309358 0.006836 0.01257 0.864258 0.307263 1.0 0.868164 0.307263 1.0 0.866211 0.310056 1.0 0.864258 0.311453 1.0 0.868164 0.311453 1.0
0 0.827637 0.27933 0.004883 0.00838 0.826172 0.280726 1.0 0.829102 0.27933 1.0 0.827148 0.28352 1.0 0.826172 0.286313 1.0 0.829102 0.286313 1.0
0 0.841797 0.300279 0.007812 0.013966 0.84082 0.300279 1.0 0.844727 0.300279 1.0 0.842773 0.303073 1.0 0.84082 0.307263 1.0 0.84375 0.307263 1.0
0 0.883789 0.270251 0.005859 0.009777 0.0 0.0 0.0 0.0 0.0 0.0 0.0 0.0 0.0 0.0 0.0 0.0 0.0 0.0 0.0
0 0.903809 0.306564 0.004883 0.009777 0.0 0.0 0.0 0.0 0.0 0.0 0.0 0.0 0.0 0.0 0.0 0.0 0.0 0.0 0.0
0 0.967773 0.347067 0.007812 0.01257 0.0 0.0 0.0 0.0 0.0 0.0 0.0 0.0 0.0 0.0 0.0 0.0 0.0 0.0 0.0
0 0.929688 0.302374 0.005859 0.009777 0.0 0.0 0.0 0.0 0.0 0.0 0.0 0.0 0.0 0.0 0.0 0.0 0.0 0.0 0.0
0 0.94043 0.311453 0.005859 0.011173 0.0 0.0 0.0 0.0 0.0 0.0 0.0 0.0 0.0 0.0 0.0 0.0 0.0 0.0 0.0
0 0.917969 0.305866 0.005859 0.011173 0.0 0.0 0.0 0.0 0.0 0.0 0.0 0.0 0.0 0.0 0.0 0.0 0.0 0.0 0.0
0 0.889648 0.294693 0.005859 0.011173 0.0 0.0 0.0 0.0 0.0 0.0 0.0 0.0 0.0 0.0 0.0 0.0 0.0 0.0 0.0
0 0.905762 0.284916 0.008789 0.013966 0.0 0.0 0.0 0.0 0.0 0.0 0.0 0.0 0.0 0.0 0.0 0.0 0.0 0.0 0.0
0 0.491699 0.596369 0.016602 0.030726 0.488142 0.594373 1.0 0.495396 0.594175 1.0 0.49163 0.600958 1.0 0.4887 0.604149 1.0 0.494698 0.604149 1.0
0 0.054199 0.552374 0.016602 0.026536 0.048828 0.546788 1.0 0.056396 0.546788 1.0 0.052368 0.552549 1.0 0.049561 0.556564 1.0 0.056274 0.55639 1.0
0 0.144531 0.551676 0.015625 0.02514 0.139648 0.551676 1.0 0.146484 0.548883 1.0 0.143555 0.555866 1.0 0.141602 0.561453 1.0 0.146484 0.557263 1.0
0 0.220215 0.541899 0.014648 0.02514 0.217773 0.540503 1.0 0.222656 0.539106 1.0 0.219727 0.544693 1.0 0.216797 0.550279 1.0 0.220703 0.547486 1.0
0 0.335449 0.506285 0.010742 0.018156 0.332031 0.505587 1.0 0.336914 0.50419 1.0 0.333008 0.509777 1.0 0.332031 0.51257 1.0 0.333008 0.51257 1.0
0 0.399902 0.546788 0.014648 0.023743 0.397073 0.544761 1.0 0.402958 0.546944 1.0 0.398816 0.549437 1.0 0.395765 0.552088 1.0 0.400561 0.554115 1.0
0 0.499023 0.543994 0.015625 0.023743 0.495156 0.539941 1.0 0.501914 0.539786 1.0 0.498426 0.545085 1.0 0.495593 0.549606 1.0 0.501042 0.549295 1.0
0 0.502441 0.503492 0.014648 0.023743 0.498029 0.502556 1.0 0.504024 0.50318 1.0 0.500428 0.507233 1.0 0.498029 0.509883 1.0 0.502934 0.510662 1.0
0 0.415039 0.510475 0.011719 0.02095 0.412109 0.509777 1.0 0.416992 0.509777 1.0 0.415039 0.513966 1.0 0.412109 0.51676 1.0 0.416992 0.515363 1.0
0 0.245117 0.50838 0.013672 0.022346 0.240443 0.503841 1.0 0.245048 0.504289 1.0 0.242745 0.506983 1.0 0.240443 0.511323 1.0 0.242013 0.511922 1.0
0 0.177734 0.51257 0.013672 0.02514 0.176183 0.511922 1.0 0.177089 0.512732 1.0 0.172555 0.515649 1.0 0.174142 0.520838 1.0 0.175389 0.521324 1.0
0 0.093262 0.513268 0.016602 0.023743 0.093697 0.512645 1.0 0.099256 0.512177 1.0 0.096204 0.51701 1.0 0.092063 0.520906 1.0 0.097076 0.521061 1.0
0 0.138672 0.472765 0.013672 0.023743 0.135385 0.472553 1.0 0.140712 0.472229 1.0 0.138332 0.475796 1.0 0.136178 0.479686 1.0 0.141053 0.479686 1.0
0 0.207031 0.484637 0.013672 0.019553 0.203125 0.48743 1.0 0.208984 0.48324 1.0 0.208008 0.48743 1.0 0.208008 0.493017 1.0 0.211914 0.488827 1.0
0 0.175781 0.455307 0.009766 0.01676 0.173039 0.453443 1.0 0.176745 0.452913 1.0 0.174596 0.456198 1.0 0.173483 0.459378 1.0 0.176374 0.458637 1.0
0 0.277832 0.482542 0.012695 0.02095 0.273402 0.479923 1.0 0.278773 0.479923 1.0 0.275704 0.484587 1.0 0.274361 0.490348 1.0 0.277527 0.490348 1.0
0 0.35791 0.481844 0.010742 0.019553 0.357422 0.47905 1.0 0.362305 0.47905 1.0 0.359375 0.48324 1.0 0.356445 0.486034 1.0 0.361328 0.486034 1.0
0 0.431152 0.479749 0.010742 0.02095 0.428938 0.477679 1.0 0.433925 0.479462 1.0 0.431623 0.48152 1.0 0.428746 0.485085 1.0 0.432582 0.485771 1.0
0 0.500977 0.475559 0.011719 0.02095 0.497619 0.47294 1.0 0.502703 0.472528 1.0 0.500977 0.476781 1.0 0.498771 0.479799 1.0 0.502607 0.479387 1.0
0 0.504883 0.442039 0.011719 0.02095 0.50075 0.438872 1.0 0.505737 0.439147 1.0 0.502764 0.442302 1.0 0.501229 0.445045 1.0 0.504778 0.445318 1.0
0 0.437012 0.442737 0.010742 0.019553 0.435041 0.441341 1.0 0.439575 0.441341 1.0 0.437221 0.444458 1.0 0.435738 0.448574 1.0 0.439052 0.448823 1.0
0 0.364258 0.446927 0.011719 0.019553 0.362305 0.448324 1.0 0.368164 0.445531 1.0 0.366211 0.449721 1.0 0.364258 0.453911 1.0 0.369141 0.452514 1.0
0 0.299316 0.457402 0.010742 0.018156 0.295898 0.458101 1.0 0.299805 0.456704 1.0 0.296875 0.462291 1.0 0.296875 0.46648 1.0 0.299805 0.46648 1.0
0 0.23291 0.456006 0.010742 0.02095 0.233765 0.452838 1.0 0.23386 0.452975 1.0 0.229448 0.456679 1.0 0.231942 0.459971 1.0 0.232038 0.460109 1.0
0 0.218262 0.40852 0.010742 0.018156 0.216797 0.409218 1.0 0.220703 0.409218 1.0 0.217773 0.412011 1.0 0.21582 0.414804 1.0 0.21875 0.414804 1.0
0 0.27832 0.411313 0.007812 0.015363 0.277017 0.408221 1.0 0.281167 0.408115 1.0 0.279463 0.411399 1.0 0.277832 0.414156 1.0 0.280945 0.414156 1.0
0 0.34082 0.412011 0.007812 0.01676 0.0 0.0 0.0 0.0 0.0 0.0 0.0 0.0 0.0 0.0 0.0 0.0 0.0 0.0 0.0
0 0.508789 0.401536 0.007812 0.018156 0.507812 0.402235 1.0 0.510742 0.402235 1.0 0.509766 0.405028 1.0 0.507812 0.409218 1.0 0.510742 0.409218 1.0
0 0.560547 0.744413 0.021484 0.03352 0.557953 0.735859 1.0 0.567719 0.73695 1.0 0.562226 0.744151 1.0 0.557037 0.749825 1.0 0.56665 0.749608 1.0
0 0.633301 0.727654 0.022461 0.036313 0.628331 0.724099 1.0 0.637276 0.722915 1.0 0.633301 0.731682 1.0 0.630318 0.736656 1.0 0.637442 0.734999 1.0
0 0.735352 0.736732 0.023438 0.043296 0.731114 0.72945 1.0 0.742432 0.731644 1.0 0.737828 0.739052 1.0 0.731689 0.743715 1.0 0.740705 0.745635 1.0
0 0.307129 0.381983 0.006836 0.015363 0.305664 0.379888 1.0 0.308594 0.379888 1.0 0.306641 0.382682 1.0 0.305664 0.385475 1.0 0.308594 0.385475 1.0
0 0.32959 0.360335 0.004883 0.013966 0.329102 0.358939 1.0 0.332031 0.358939 1.0 0.330078 0.361732 1.0 0.328125 0.364525 1.0 0.331055 0.363128 1.0
0 0.321777 0.324022 0.004883 0.00838 0.0 0.0 0.0 0.0 0.0 0.0 0.0 0.0 0.0 0.0 0.0 0.0 0.0 0.0 0.0
0 0.360352 0.333799 0.005859 0.011173 0.361328 0.333799 1.0 0.363281 0.332402 1.0 0.362305 0.336592 1.0 0.362305 0.337989 1.0 0.364258 0.336592 1.0
0 0.400391 0.328212 0.007812 0.013966 0.399414 0.326816 1.0 0.402344 0.326816 1.0 0.400391 0.329609 1.0 0.398438 0.332402 1.0 0.402344 0.332402 1.0
0 0.354004 0.307263 0.004883 0.00838 0.0 0.0 0.0 0.0 0.0 0.0 0.0 0.0 0.0 0.0 0.0 0.0 0.0 0.0 0.0
0 0.396973 0.305168 0.004883 0.009777 0.0 0.0 0.0 0.0 0.0 0.0 0.0 0.0 0.0 0.0 0.0 0.0 0.0 0.0 0.0
0 0.381348 0.305866 0.004883 0.00838 0.0 0.0 0.0 0.0 0.0 0.0 0.0 0.0 0.0 0.0 0.0 0.0 0.0 0.0 0.0
0 0.437012 0.302374 0.004883 0.006983 0.0 0.0 0.0 0.0 0.0 0.0 0.0 0.0 0.0 0.0 0.0 0.0 0.0 0.0 0.0
0 0.475586 0.299581 0.007812 0.01257 0.0 0.0 0.0 0.0 0.0 0.0 0.0 0.0 0.0 0.0 0.0 0.0 0.0 0.0 0.0
0 0.438965 0.328911 0.004883 0.009777 0.0 0.0 0.0 0.0 0.0 0.0 0.0 0.0 0.0 0.0 0.0 0.0 0.0 0.0 0.0
0 0.587402 0.306564 0.006836 0.009777 0.0 0.0 0.0 0.0 0.0 0.0 0.0 0.0 0.0 0.0 0.0 0.0 0.0 0.0 0.0
0 0.556152 0.291201 0.004883 0.009777 0.0 0.0 0.0 0.0 0.0 0.0 0.0 0.0 0.0 0.0 0.0 0.0 0.0 0.0 0.0
0 0.595215 0.294693 0.004883 0.00838 0.0 0.0 0.0 0.0 0.0 0.0 0.0 0.0 0.0 0.0 0.0 0.0 0.0 0.0 0.0
0 0.68457 0.286313 0.005859 0.011173 0.0 0.0 0.0 0.0 0.0 0.0 0.0 0.0 0.0 0.0 0.0 0.0 0.0 0.0 0.0
0 0.722656 0.25419 0.003906 0.00838 0.72168 0.25419 1.0 0.724609 0.252793 1.0 0.723633 0.255587 1.0 0.72168 0.259777 1.0 0.724609 0.25838 1.0
0 0.739746 0.254888 0.004883 0.006983 0.0 0.0 0.0 0.0 0.0 0.0 0.0 0.0 0.0 0.0 0.0 0.0 0.0 0.0 0.0
0 0.786133 0.254888 0.005859 0.009777 0.0 0.0 0.0 0.0 0.0 0.0 0.0 0.0 0.0 0.0 0.0 0.0 0.0 0.0 0.0
0 0.76709 0.272346 0.004883 0.00838 0.0 0.0 0.0 0.0 0.0 0.0 0.0 0.0 0.0 0.0 0.0 0.0 0.0 0.0 0.0
0 0.795898 0.273045 0.005859 0.009777 0.0 0.0 0.0 0.0 0.0 0.0 0.0 0.0 0.0 0.0 0.0 0.0 0.0 0.0 0.0
0 0.813965 0.282821 0.004883 0.009777 0.813477 0.282123 1.0 0.816406 0.282123 1.0 0.814453 0.284916 1.0 0.8125 0.287709 1.0 0.816406 0.287709 1.0
0 0.513184 0.35824 0.004883 0.01257 0.512695 0.358939 1.0 0.515625 0.358939 1.0 0.514648 0.361732 1.0 0.512695 0.364525 1.0 0.513672 0.363128 1.0
0 0.517578 0.374302 0.007812 0.013966 0.516602 0.372905 1.0 0.521484 0.372905 1.0 0.518555 0.375698 1.0 0.516602 0.377095 1.0 0.521484 0.377095 1.0
0 0.658691 0.243715 0.004883 0.009777 0.0 0.0 0.0 0.0 0.0 0.0 0.0 0.0 0.0 0.0 0.0 0.0 0.0 0.0 0.0
0 0.558105 0.252793 0.006836 0.011173 0.0 0.0 0.0 0.0 0.0 0.0 0.0 0.0 0.0 0.0 0.0 0.0 0.0 0.0 0.0
0 0.587402 0.236732 0.006836 0.009777 0.0 0.0 0.0 0.0 0.0 0.0 0.0 0.0 0.0 0.0 0.0 0.0 0.0 0.0 0.0
0 0.605957 0.243715 0.006836 0.009777 0.0 0.0 0.0 0.0 0.0 0.0 0.0 0.0 0.0 0.0 0.0 0.0 0.0 0.0 0.0
0 0.62793 0.238128 0.005859 0.009777 0.0 0.0 0.0 0.0 0.0 0.0 0.0 0.0 0.0 0.0 0.0 0.0 0.0 0.0 0.0
0 0.381836 0.257682 0.005859 0.009777 0.0 0.0 0.0 0.0 0.0 0.0 0.0 0.0 0.0 0.0 0.0 0.0 0.0 0.0 0.0
0 0.454102 0.226955 0.005859 0.009777 0.0 0.0 0.0 0.0 0.0 0.0 0.0 0.0 0.0 0.0 0.0 0.0 0.0 0.0 0.0
0 0.425293 0.260475 0.006836 0.009777 0.0 0.0 0.0 0.0 0.0 0.0 0.0 0.0 0.0 0.0 0.0 0.0 0.0 0.0 0.0
0 0.510254 0.251397 0.004883 0.011173 0.0 0.0 0.0 0.0 0.0 0.0 0.0 0.0 0.0 0.0 0.0 0.0 0.0 0.0 0.0
0 0.513672 0.293296 0.007812 0.013966 0.512695 0.291899 1.0 0.515625 0.291899 1.0 0.513672 0.294693 1.0 0.512695 0.297486 1.0 0.515625 0.298883 1.0
0 0.54834 0.308659 0.006836 0.011173 0.0 0.0 0.0 0.0 0.0 0.0 0.0 0.0 0.0 0.0 0.0 0.0 0.0 0.0 0.0
0 0.518555 0.313547 0.007812 0.01257 0.0 0.0 0.0 0.0 0.0 0.0 0.0 0.0 0.0 0.0 0.0 0.0 0.0 0.0 0.0
0 0.862793 0.293994 0.008789 0.01257 0.0 0.0 0.0 0.0 0.0 0.0 0.0 0.0 0.0 0.0 0.0 0.0 0.0 0.0 0.0
0 0.850098 0.286313 0.008789 0.013966 0.0 0.0 0.0 0.0 0.0 0.0 0.0 0.0 0.0 0.0 0.0 0.0 0.0 0.0 0.0
0 0.419434 0.296089 0.006836 0.011173 0.0 0.0 0.0 0.0 0.0 0.0 0.0 0.0 0.0 0.0 0.0 0.0 0.0 0.0 0.0
0 0.771484 0.419693 0.009766 0.018156 0.0 0.0 0.0 0.0 0.0 0.0 0.0 0.0 0.0 0.0 0.0 0.0 0.0 0.0 0.0