0 0.020996 0.270803 0.038086 0.059854 0.016467 0.263959 1.0 0.037559 0.257807 1.0 0.030099 0.277418 1.0 0.021868 0.286261 1.0 0.034986 0.283571 1.0
0 0.071777 0.238686 0.067383 0.10365 0.057617 0.221898 1.0 0.091797 0.224818 1.0 0.075195 0.242336 1.0 0.060547 0.262774 1.0 0.088867 0.265693 1.0
0 0.161133 0.256204 0.037109 0.065693 0.15625 0.240876 1.0 0.169922 0.240876 1.0 0.165039 0.256934 1.0 0.158203 0.271533 1.0 0.169922 0.270073 1.0
0 0.23584 0.262774 0.079102 0.122628 0.244071 0.225939 1.0 0.267221 0.225169 1.0 0.274423 0.257469 1.0 0.251787 0.286692 1.0 0.269278 0.285153 1.0
0 0.265625 0.241606 0.037109 0.074453 0.244873 0.223984 1.0 0.264962 0.225391 1.0 0.271868 0.259177 1.0 0.251465 0.288269 1.0 0.269356 0.285454 1.0
0 0.257324 0.194891 0.036133 0.077372 0.0 0.0 0.0 0.0 0.0 0.0 0.0 0.0 0.0 0.0 0.0 0.0 0.0 0.0 0.0
0 0.313477 0.260584 0.033203 0.051095 0.305245 0.251381 1.0 0.318324 0.248775 1.0 0.311349 0.26018 1.0 0.306989 0.274191 1.0 0.313311 0.274518 1.0
0 0.365723 0.194161 0.043945 0.090511 0.356311 0.171969 1.0 0.379591 0.17719 1.0 0.366786 0.194591 1.0 0.357086 0.212572 1.0 0.374158 0.214892 1.0
0 0.421387 0.189781 0.073242 0.119708 0.412375 0.168066 1.0 0.443961 0.168815 1.0 0.430424 0.187552 1.0 0.415384 0.217531 1.0 0.44346 0.219031 1.0
0 0.503906 0.171533 0.044922 0.080292 0.494088 0.154536 1.0 0.520612 0.154536 1.0 0.50769 0.168769 1.0 0.498169 0.19012 1.0 0.515852 0.189612 1.0
0 0.609863 0.154745 0.075195 0.122628 0.596984 0.12532 1.0 0.630707 0.127647 1.0 0.614624 0.150912 1.0 0.596466 0.180382 1.0 0.627594 0.181159 1.0
0 0.682617 0.185401 0.03125 0.052555 0.677106 0.171507 1.0 0.693429 0.169812 1.0 0.685494 0.17998 1.0 0.679601 0.196924 1.0 0.692296 0.195907 1.0
0 0.740234 0.137226 0.064453 0.105109 0.729785 0.113066 1.0 0.758838 0.111255 1.0 0.750977 0.13 1.0 0.736895 0.158876 1.0 0.760557 0.156759 1.0
0 0.773926 0.183212 0.026367 0.059854 0.763812 0.173788 1.0 0.77696 0.174543 1.0 0.770639 0.186261 1.0 0.763812 0.197223 1.0 0.777213 0.197601 1.0
0 0.886719 0.081022 0.09375 0.162044 0.893293 0.04693 1.0 0.914481 0.046051 1.0 0.930961 0.062768 1.0 0.905064 0.115556 1.0 0.926841 0.112038 1.0
0 0.945312 0.105839 0.050781 0.094891 0.933907 0.092518 1.0 0.957171 0.091918 1.0 0.947144 0.108707 1.0 0.935512 0.129692 1.0 0.955968 0.129093 1.0