0 0.929199 0.669587 0.014648 0.022528 0.0 0.0 0.0 0.0 0.0 0.0 0.0 0.0 0.0 0.0 0.0 0.0 0.0 0.0 0.0
0 0.878906 0.662703 0.021484 0.028786 0.877123 0.660123 1.0 0.886475 0.659753 1.0 0.883741 0.667866 1.0 0.87813 0.672476 1.0 0.886043 0.671 1.0
0 0.888184 0.626408 0.016602 0.02378 0.883301 0.618899 1.0 0.885864 0.619524 1.0 0.879761 0.624687 1.0 0.881836 0.630788 1.0 0.884033 0.630945 1.0
0 0.946289 0.628285 0.013672 0.020025 0.941755 0.622921 1.0 0.943743 0.624263 1.0 0.939977 0.62681 1.0 0.942278 0.631772 1.0 0.942906 0.631772 1.0
0 0.938965 0.615144 0.012695 0.026283 0.0 0.0 0.0 0.0 0.0 0.0 0.0 0.0 0.0 0.0 0.0 0.0 0.0 0.0 0.0
0 0.929199 0.588861 0.014648 0.018773 0.924395 0.585163 1.0 0.930054 0.586145 1.0 0.925258 0.589096 1.0 0.924012 0.59475 1.0 0.92708 0.594996 1.0
0 0.967773 0.570088 0.011719 0.021277 0.0 0.0 0.0 0.0 0.0 0.0 0.0 0.0 0.0 0.0 0.0 0.0 0.0 0.0 0.0
0 0.86377 0.641427 0.014648 0.018773 0.859349 0.635884 1.0 0.862897 0.63822 1.0 0.857719 0.641538 1.0 0.858582 0.646824 1.0 0.861555 0.646209 1.0
0 0.864258 0.613892 0.009766 0.018773 0.0 0.0 0.0 0.0 0.0 0.0 0.0 0.0 0.0 0.0 0.0 0.0 0.0 0.0 0.0
0 0.848633 0.601377 0.017578 0.026283 0.840629 0.596141 1.0 0.846575 0.59822 1.0 0.840629 0.601164 1.0 0.840088 0.607399 1.0 0.845494 0.607399 1.0
0 0.809082 0.631414 0.014648 0.026283 0.803362 0.630285 1.0 0.805193 0.630118 1.0 0.803362 0.635482 1.0 0.806632 0.640511 1.0 0.807939 0.639504 1.0
0 0.791016 0.614518 0.015625 0.025031 0.785976 0.613083 1.0 0.791412 0.612596 1.0 0.78724 0.616323 1.0 0.786103 0.621832 1.0 0.790906 0.621508 1.0
0 0.806641 0.585732 0.017578 0.025031 0.798584 0.581218 1.0 0.802756 0.581542 1.0 0.797319 0.585592 1.0 0.798458 0.591426 1.0 0.801871 0.591426 1.0
0 0.871582 0.548185 0.010742 0.020025 0.0 0.0 0.0 0.0 0.0 0.0 0.0 0.0 0.0 0.0 0.0 0.0 0.0 0.0 0.0
0 0.855469 0.550063 0.011719 0.021277 0.0 0.0 0.0 0.0 0.0 0.0 0.0 0.0 0.0 0.0 0.0 0.0 0.0 0.0 0.0
0 0.839844 0.571339 0.009766 0.01627 0.0 0.0 0.0 0.0 0.0 0.0 0.0 0.0 0.0 0.0 0.0 0.0 0.0 0.0 0.0
0 0.812012 0.523154 0.008789 0.017522 0.810333 0.520064 1.0 0.810607 0.520064 1.0 0.807587 0.523702 1.0 0.810425 0.527457 1.0 0.810699 0.527457 1.0
0 0.79541 0.555695 0.012695 0.020025 0.789908 0.553783 1.0 0.794621 0.554683 1.0 0.789908 0.558667 1.0 0.789607 0.56188 1.0 0.792114 0.562394 1.0
0 0.770508 0.588861 0.013672 0.021277 0.764461 0.584257 1.0 0.767186 0.584676 1.0 0.763371 0.589845 1.0 0.765769 0.595153 1.0 0.767077 0.595572 1.0
0 0.789551 0.501252 0.006836 0.013767 0.0 0.0 0.0 0.0 0.0 0.0 0.0 0.0 0.0 0.0 0.0 0.0 0.0 0.0 0.0
0 0.984375 0.786608 0.013672 0.026283 0.982353 0.782295 1.0 0.980782 0.78196 1.0 0.978298 0.786318 1.0 0.981175 0.793861 1.0 0.981829 0.793861 1.0
0 0.958496 0.710263 0.010742 0.018773 0.0 0.0 0.0 0.0 0.0 0.0 0.0 0.0 0.0 0.0 0.0 0.0 0.0 0.0 0.0
0 0.749512 0.704005 0.012695 0.021277 0.747228 0.698697 1.0 0.748317 0.698976 1.0 0.744503 0.704284 1.0 0.747336 0.709173 1.0 0.748208 0.709313 1.0
0 0.686523 0.604506 0.011719 0.020025 0.684501 0.601824 1.0 0.686593 0.602896 1.0 0.680733 0.606383 1.0 0.681361 0.612149 1.0 0.682617 0.612954 1.0
0 0.758789 0.590738 0.009766 0.020025 0.75443 0.583318 1.0 0.75851 0.585061 1.0 0.753383 0.586537 1.0 0.75579 0.589755 1.0 0.75579 0.589755 1.0
0 0.729004 0.590113 0.008789 0.018773 0.0 0.0 0.0 0.0 0.0 0.0 0.0 0.0 0.0 0.0 0.0 0.0 0.0 0.0 0.0
0 0.164062 0.520025 0.009766 0.013767 0.0 0.0 0.0 0.0 0.0 0.0 0.0 0.0 0.0 0.0 0.0 0.0 0.0 0.0 0.0
0 0.022461 0.547559 0.017578 0.02378 0.016968 0.545682 1.0 0.02356 0.542397 1.0 0.020386 0.548811 1.0 0.020752 0.55413 1.0 0.025024 0.550063 1.0
0 0.616699 0.44368 0.018555 0.033792 0.61959 0.437796 1.0 0.625541 0.43736 1.0 0.625881 0.444115 1.0 0.61806 0.449999 1.0 0.6235 0.451307 1.0
0 0.327148 0.230288 0.019531 0.032541 0.321659 0.224287 1.0 0.330854 0.22532 1.0 0.324402 0.229662 1.0 0.321982 0.235864 1.0 0.329241 0.236484 1.0
0 0.789551 0.658323 0.006836 0.027534 0.0 0.0 0.0 0.0 0.0 0.0 0.0 0.0 0.0 0.0 0.0 0.0 0.0 0.0 0.0
0 0.834473 0.592616 0.010742 0.018773 0.0 0.0 0.0 0.0 0.0 0.0 0.0 0.0 0.0 0.0 0.0 0.0 0.0 0.0 0.0