0 0.243652 0.396676 0.010742 0.018786 0.241581 0.394006 1.0 0.245309 0.393883 1.0 0.243321 0.397561 1.0 0.242658 0.400624 1.0 0.245475 0.400624 1.0
0 0.175781 0.517341 0.017578 0.023121 0.177368 0.511419 1.0 0.182016 0.511587 1.0 0.180655 0.516116 1.0 0.177368 0.521483 1.0 0.181789 0.521147 1.0
0 0.209961 0.489162 0.015625 0.021676 0.208496 0.485033 1.0 0.216134 0.484879 1.0 0.213519 0.48813 1.0 0.210798 0.493858 1.0 0.21582 0.494013 1.0
0 0.248047 0.50289 0.017578 0.026012 0.243539 0.5006 1.0 0.251072 0.500251 1.0 0.24707 0.504257 1.0 0.24448 0.509483 1.0 0.250131 0.509309 1.0
0 0.34668 0.484104 0.011719 0.023121 0.0 0.0 0.0 0.0 0.0 0.0 0.0 0.0 0.0 0.0 0.0 0.0 0.0 0.0 0.0
0 0.391602 0.486994 0.015625 0.028902 0.389326 0.484588 1.0 0.396532 0.48384 1.0 0.394636 0.488704 1.0 0.391349 0.495439 1.0 0.397417 0.495065 1.0
0 0.407715 0.471098 0.012695 0.023121 0.40625 0.467538 1.0 0.411272 0.467692 1.0 0.407819 0.473575 1.0 0.405309 0.47791 1.0 0.410331 0.478065 1.0
0 0.443848 0.480491 0.016602 0.027457 0.439697 0.47724 1.0 0.446411 0.478143 1.0 0.441528 0.482117 1.0 0.43811 0.487536 1.0 0.444824 0.487717 1.0
0 0.474609 0.477601 0.015625 0.024566 0.472212 0.471473 1.0 0.47995 0.471795 1.0 0.475809 0.477923 1.0 0.472538 0.483246 1.0 0.478642 0.483246 1.0
0 0.49707 0.484104 0.013672 0.026012 0.497297 0.482827 1.0 0.502738 0.482827 1.0 0.500811 0.489033 1.0 0.49775 0.492555 1.0 0.501718 0.492387 1.0
0 0.530762 0.479769 0.016602 0.031792 0.530273 0.478324 1.0 0.538086 0.478324 1.0 0.535156 0.484104 1.0 0.53125 0.489884 1.0 0.537109 0.489884 1.0
0 0.575684 0.450145 0.018555 0.030347 0.573661 0.445551 1.0 0.581639 0.444971 1.0 0.5785 0.450777 1.0 0.575361 0.457357 1.0 0.580985 0.45697 1.0
0 0.561523 0.568642 0.019531 0.030347 0.55644 0.562597 1.0 0.566981 0.561997 1.0 0.561035 0.568997 1.0 0.558197 0.577197 1.0 0.564819 0.577197 1.0
0 0.631836 0.522399 0.025391 0.039017 0.626927 0.514095 1.0 0.636278 0.513592 1.0 0.630157 0.520889 1.0 0.627437 0.526425 1.0 0.635769 0.526928 1.0
0 0.621582 0.507948 0.018555 0.036127 0.0 0.0 0.0 0.0 0.0 0.0 0.0 0.0 0.0 0.0 0.0 0.0 0.0 0.0 0.0
0 0.66748 0.532514 0.018555 0.039017 0.66898 0.529341 1.0 0.67627 0.529585 1.0 0.675109 0.537431 1.0 0.669809 0.543803 1.0 0.675772 0.543559 1.0
0 0.723633 0.503613 0.021484 0.039017 0.715523 0.499212 1.0 0.725298 0.500929 1.0 0.718672 0.509019 1.0 0.716518 0.512941 1.0 0.725133 0.514902 1.0
0 0.793945 0.510838 0.023438 0.033237 0.785558 0.507987 1.0 0.795785 0.507767 1.0 0.789855 0.51676 1.0 0.78704 0.523999 1.0 0.794006 0.523999 1.0
0 0.794434 0.546965 0.022461 0.036127 0.79255 0.53974 1.0 0.803693 0.53974 1.0 0.799142 0.547172 1.0 0.794591 0.555301 1.0 0.800712 0.554604 1.0
0 0.847656 0.489162 0.023438 0.041908 0.841854 0.481633 1.0 0.852042 0.481633 1.0 0.844356 0.487981 1.0 0.84096 0.496445 1.0 0.85097 0.496181 1.0
0 0.885742 0.504335 0.023438 0.040462 0.881208 0.495665 1.0 0.891846 0.495665 1.0 0.886439 0.504697 1.0 0.880511 0.511406 1.0 0.890102 0.51089 1.0
0 0.916992 0.520231 0.021484 0.040462 0.920458 0.517244 1.0 0.924369 0.51649 1.0 0.926749 0.523283 1.0 0.920288 0.531082 1.0 0.924369 0.530328 1.0
0 0.956055 0.455925 0.023438 0.039017 0.950806 0.448189 1.0 0.963388 0.448441 1.0 0.957267 0.456241 1.0 0.953186 0.46404 1.0 0.961857 0.463538 1.0
0 0.989746 0.486272 0.020508 0.041908 0.988115 0.482569 1.0 0.997946 0.482039 1.0 0.994372 0.49024 1.0 0.989903 0.50029 1.0 0.996159 0.499233 1.0
0 0.996582 0.517341 0.006836 0.040462 0.0 0.0 0.0 0.0 0.0 0.0 0.0 0.0 0.0 0.0 0.0 0.0 0.0 0.0 0.0
0 0.906738 0.42341 0.016602 0.031792 0.90625 0.421965 1.0 0.915039 0.421965 1.0 0.912109 0.426301 1.0 0.908203 0.433526 1.0 0.914062 0.433526 1.0
0 0.296387 0.445809 0.006836 0.013006 0.0 0.0 0.0 0.0 0.0 0.0 0.0 0.0 0.0 0.0 0.0 0.0 0.0 0.0 0.0