0 0.212891 0.259366 0.021484 0.04611 0.206874 0.256703 1.0 0.211086 0.256703 1.0 0.206474 0.266468 1.0 0.210685 0.272386 1.0 0.211486 0.271499 1.0
0 0.268555 0.288905 0.009766 0.01585 0.0 0.0 0.0 0.0 0.0 0.0 0.0 0.0 0.0 0.0 0.0 0.0 0.0 0.0 0.0
0 0.334473 0.25 0.02832 0.056196 0.32329 0.2368 1.0 0.33323 0.238634 1.0 0.322545 0.248901 1.0 0.33149 0.262833 1.0 0.33149 0.262833 1.0
0 0.444336 0.284582 0.011719 0.030259 0.440412 0.282896 1.0 0.444859 0.282896 1.0 0.441197 0.288879 1.0 0.44015 0.295248 1.0 0.444467 0.295441 1.0
0 0.470703 0.29611 0.005859 0.012968 0.0 0.0 0.0 0.0 0.0 0.0 0.0 0.0 0.0 0.0 0.0 0.0 0.0 0.0 0.0
0 0.668945 0.257205 0.064453 0.122478 0.645927 0.248765 1.0 0.67627 0.245677 1.0 0.651158 0.267291 1.0 0.646973 0.29122 1.0 0.671038 0.289677 1.0
0 0.562012 0.283141 0.010742 0.01585 0.0 0.0 0.0 0.0 0.0 0.0 0.0 0.0 0.0 0.0 0.0 0.0 0.0 0.0 0.0
0 0.601562 0.283862 0.003906 0.008646 0.0 0.0 0.0 0.0 0.0 0.0 0.0 0.0 0.0 0.0 0.0 0.0 0.0 0.0 0.0
0 0.621094 0.293228 0.003906 0.007205 0.0 0.0 0.0 0.0 0.0 0.0 0.0 0.0 0.0 0.0 0.0 0.0 0.0 0.0 0.0
0 0.828613 0.277378 0.02832 0.053314 0.0 0.0 0.0 0.0 0.0 0.0 0.0 0.0 0.0 0.0 0.0 0.0 0.0 0.0 0.0
0 0.418945 0.286744 0.003906 0.008646 0.0 0.0 0.0 0.0 0.0 0.0 0.0 0.0 0.0 0.0 0.0 0.0 0.0 0.0 0.0