0 0.289062 0.355882 0.013672 0.026471 0.288086 0.348529 1.0 0.293945 0.348529 1.0 0.291992 0.354412 1.0 0.288086 0.358824 1.0 0.294922 0.358824 1.0
0 0.319336 0.347794 0.035156 0.060294 0.313477 0.338235 1.0 0.325195 0.338235 1.0 0.321289 0.345588 1.0 0.314453 0.358824 1.0 0.328125 0.360294 1.0
0 0.353516 0.347794 0.037109 0.075 0.345241 0.340126 1.0 0.357971 0.340126 1.0 0.354152 0.35019 1.0 0.347787 0.370319 1.0 0.358289 0.370319 1.0
0 0.379395 0.340441 0.043945 0.080882 0.375166 0.327416 1.0 0.390809 0.328953 1.0 0.382987 0.344315 1.0 0.371425 0.361213 1.0 0.386047 0.361725 1.0
0 0.428711 0.336029 0.050781 0.083824 0.0 0.0 0.0 0.0 0.0 0.0 0.0 0.0 0.0 0.0 0.0 0.0 0.0 0.0 0.0
0 0.472168 0.323529 0.051758 0.091176 0.460301 0.302803 1.0 0.486093 0.303375 1.0 0.474335 0.323937 1.0 0.462956 0.341643 1.0 0.482679 0.342785 1.0
0 0.603027 0.341176 0.038086 0.073529 0.591248 0.329135 1.0 0.605896 0.330056 1.0 0.597352 0.347059 1.0 0.592773 0.362684 1.0 0.602844 0.364522 1.0
0 0.54248 0.300735 0.063477 0.119118 0.532549 0.280541 1.0 0.558891 0.28129 1.0 0.546962 0.300749 1.0 0.53404 0.323201 1.0 0.550441 0.324699 1.0
0 0.646484 0.279412 0.070312 0.126471 0.633902 0.258022 1.0 0.663443 0.260406 1.0 0.650256 0.283443 1.0 0.636013 0.307274 1.0 0.661333 0.309657 1.0
0 0.730957 0.241176 0.086914 0.158824 0.718715 0.213235 1.0 0.759138 0.216229 1.0 0.743233 0.238182 1.0 0.724017 0.275104 1.0 0.751849 0.275104 1.0
0 0.854492 0.327206 0.050781 0.098529 0.835484 0.312276 1.0 0.858434 0.313512 1.0 0.839582 0.330791 1.0 0.832615 0.350538 1.0 0.852286 0.348687 1.0
0 0.944336 0.389706 0.039062 0.070588 0.930664 0.372059 1.0 0.945312 0.372059 1.0 0.935547 0.388235 1.0 0.930664 0.401471 1.0 0.943359 0.402941 1.0
0 0.974121 0.333088 0.051758 0.119118 0.95833 0.309151 1.0 0.986162 0.304662 1.0 0.968271 0.333101 1.0 0.963798 0.363787 1.0 0.983678 0.363787 1.0