0 0.865723 0.456012 0.012695 0.026393 0.865841 0.454572 1.0 0.87149 0.453512 1.0 0.870195 0.458107 1.0 0.867488 0.463056 1.0 0.871373 0.462525 1.0
0 0.839355 0.453812 0.006836 0.013196 0.0 0.0 0.0 0.0 0.0 0.0 0.0 0.0 0.0 0.0 0.0 0.0 0.0 0.0 0.0
0 0.82373 0.437683 0.008789 0.013196 0.0 0.0 0.0 0.0 0.0 0.0 0.0 0.0 0.0 0.0 0.0 0.0 0.0 0.0 0.0
0 0.921875 0.430352 0.019531 0.042522 0.925367 0.423518 1.0 0.928406 0.422713 1.0 0.931087 0.432106 1.0 0.924295 0.437742 1.0 0.925188 0.437474 1.0
0 0.857422 0.325513 0.009766 0.014663 0.0 0.0 0.0 0.0 0.0 0.0 0.0 0.0 0.0 0.0 0.0 0.0 0.0 0.0 0.0
0 0.830566 0.328446 0.006836 0.01173 0.0 0.0 0.0 0.0 0.0 0.0 0.0 0.0 0.0 0.0 0.0 0.0 0.0 0.0 0.0
0 0.798828 0.414956 0.005859 0.014663 0.0 0.0 0.0 0.0 0.0 0.0 0.0 0.0 0.0 0.0 0.0 0.0 0.0 0.0 0.0
0 0.904297 0.38783 0.007812 0.016129 0.0 0.0 0.0 0.0 0.0 0.0 0.0 0.0 0.0 0.0 0.0 0.0 0.0 0.0 0.0
0 0.725586 0.422287 0.017578 0.032258 0.0 0.0 0.0 0.0 0.0 0.0 0.0 0.0 0.0 0.0 0.0 0.0 0.0 0.0 0.0
0 0.654297 0.461144 0.011719 0.019062 0.0 0.0 0.0 0.0 0.0 0.0 0.0 0.0 0.0 0.0 0.0 0.0 0.0 0.0 0.0
0 0.666016 0.44868 0.011719 0.02346 0.0 0.0 0.0 0.0 0.0 0.0 0.0 0.0 0.0 0.0 0.0 0.0 0.0 0.0 0.0
0 0.630859 0.416422 0.005859 0.014663 0.0 0.0 0.0 0.0 0.0 0.0 0.0 0.0 0.0 0.0 0.0 0.0 0.0 0.0 0.0
0 0.68457 0.388563 0.005859 0.01173 0.0 0.0 0.0 0.0 0.0 0.0 0.0 0.0 0.0 0.0 0.0 0.0 0.0 0.0 0.0
0 0.67041 0.388563 0.008789 0.008798 0.0 0.0 0.0 0.0 0.0 0.0 0.0 0.0 0.0 0.0 0.0 0.0 0.0 0.0 0.0
0 0.675781 0.410557 0.007812 0.014663 0.0 0.0 0.0 0.0 0.0 0.0 0.0 0.0 0.0 0.0 0.0 0.0 0.0 0.0 0.0
0 0.640625 0.362903 0.003906 0.010264 0.0 0.0 0.0 0.0 0.0 0.0 0.0 0.0 0.0 0.0 0.0 0.0 0.0 0.0 0.0
0 0.745117 0.36217 0.009766 0.020528 0.0 0.0 0.0 0.0 0.0 0.0 0.0 0.0 0.0 0.0 0.0 0.0 0.0 0.0 0.0
0 0.537109 0.442082 0.009766 0.016129 0.0 0.0 0.0 0.0 0.0 0.0 0.0 0.0 0.0 0.0 0.0 0.0 0.0 0.0 0.0
0 0.522461 0.429619 0.009766 0.017595 0.0 0.0 0.0 0.0 0.0 0.0 0.0 0.0 0.0 0.0 0.0 0.0 0.0 0.0 0.0
0 0.495117 0.428886 0.013672 0.027859 0.490038 0.425122 1.0 0.495453 0.425475 1.0 0.491333 0.430248 1.0 0.490273 0.433959 1.0 0.493805 0.433252 1.0
0 0.476074 0.427419 0.008789 0.016129 0.471688 0.42306 1.0 0.477543 0.422503 1.0 0.475172 0.426509 1.0 0.473097 0.431739 1.0 0.477543 0.431739 1.0
0 0.508789 0.393695 0.005859 0.013196 0.0 0.0 0.0 0.0 0.0 0.0 0.0 0.0 0.0 0.0 0.0 0.0 0.0 0.0 0.0
0 0.442383 0.406891 0.025391 0.042522 0.440286 0.402205 1.0 0.450832 0.400594 1.0 0.44815 0.408377 1.0 0.442788 0.417235 1.0 0.451904 0.415891 1.0
0 0.379395 0.417155 0.022461 0.033724 0.373238 0.413267 1.0 0.382734 0.414348 1.0 0.375828 0.419315 1.0 0.372375 0.427308 1.0 0.381871 0.428389 1.0
0 0.551758 0.392962 0.007812 0.014663 0.0 0.0 0.0 0.0 0.0 0.0 0.0 0.0 0.0 0.0 0.0 0.0 0.0 0.0 0.0
0 0.499023 0.348974 0.005859 0.01173 0.0 0.0 0.0 0.0 0.0 0.0 0.0 0.0 0.0 0.0 0.0 0.0 0.0 0.0 0.0
0 0.303711 0.460411 0.017578 0.026393 0.0 0.0 0.0 0.0 0.0 0.0 0.0 0.0 0.0 0.0 0.0 0.0 0.0 0.0 0.0
0 0.242676 0.440616 0.018555 0.033724 0.245209 0.435261 1.0 0.250388 0.435261 1.0 0.250532 0.441094 1.0 0.244921 0.447142 1.0 0.249956 0.44779 1.0
0 0.291992 0.428152 0.009766 0.020528 0.0 0.0 0.0 0.0 0.0 0.0 0.0 0.0 0.0 0.0 0.0 0.0 0.0 0.0 0.0
0 0.280762 0.428152 0.012695 0.020528 0.0 0.0 0.0 0.0 0.0 0.0 0.0 0.0 0.0 0.0 0.0 0.0 0.0 0.0 0.0
0 0.268555 0.431818 0.009766 0.016129 0.0 0.0 0.0 0.0 0.0 0.0 0.0 0.0 0.0 0.0 0.0 0.0 0.0 0.0 0.0
0 0.256348 0.433284 0.012695 0.021994 0.0 0.0 0.0 0.0 0.0 0.0 0.0 0.0 0.0 0.0 0.0 0.0 0.0 0.0 0.0
0 0.208496 0.423021 0.014648 0.021994 0.0 0.0 0.0 0.0 0.0 0.0 0.0 0.0 0.0 0.0 0.0 0.0 0.0 0.0 0.0
0 0.195801 0.434751 0.012695 0.019062 0.0 0.0 0.0 0.0 0.0 0.0 0.0 0.0 0.0 0.0 0.0 0.0 0.0 0.0 0.0
0 0.179199 0.435484 0.014648 0.02346 0.178109 0.429783 1.0 0.184827 0.429933 1.0 0.181719 0.433396 1.0 0.179714 0.438966 1.0 0.182722 0.438966 1.0
0 0.164551 0.416422 0.012695 0.02346 0.164952 0.414034 1.0 0.167258 0.41328 1.0 0.167459 0.417947 1.0 0.166155 0.42382 1.0 0.168061 0.423368 1.0
0 0.12793 0.424487 0.013672 0.021994 0.0 0.0 0.0 0.0 0.0 0.0 0.0 0.0 0.0 0.0 0.0 0.0 0.0 0.0 0.0
0 0.104004 0.449413 0.016602 0.024927 0.0 0.0 0.0 0.0 0.0 0.0 0.0 0.0 0.0 0.0 0.0 0.0 0.0 0.0 0.0
0 0.074707 0.45088 0.016602 0.030792 0.0 0.0 0.0 0.0 0.0 0.0 0.0 0.0 0.0 0.0 0.0 0.0 0.0 0.0 0.0
0 0.432617 0.343842 0.007812 0.010264 0.0 0.0 0.0 0.0 0.0 0.0 0.0 0.0 0.0 0.0 0.0 0.0 0.0 0.0 0.0
0 0.52832 0.347507 0.007812 0.014663 0.0 0.0 0.0 0.0 0.0 0.0 0.0 0.0 0.0 0.0 0.0 0.0 0.0 0.0 0.0
0 0.574219 0.353372 0.007812 0.014663 0.0 0.0 0.0 0.0 0.0 0.0 0.0 0.0 0.0 0.0 0.0 0.0 0.0 0.0 0.0
0 0.56543 0.403959 0.005859 0.013196 0.0 0.0 0.0 0.0 0.0 0.0 0.0 0.0 0.0 0.0 0.0 0.0 0.0 0.0 0.0
0 0.59375 0.456745 0.013672 0.021994 0.591535 0.452699 1.0 0.59777 0.451979 1.0 0.596619 0.457164 1.0 0.59259 0.461053 1.0 0.592782 0.461196 1.0
0 0.539062 0.355572 0.007812 0.016129 0.0 0.0 0.0 0.0 0.0 0.0 0.0 0.0 0.0 0.0 0.0 0.0 0.0 0.0 0.0
0 0.758789 0.371701 0.009766 0.019062 0.0 0.0 0.0 0.0 0.0 0.0 0.0 0.0 0.0 0.0 0.0 0.0 0.0 0.0 0.0
0 0.782715 0.376833 0.006836 0.014663 0.0 0.0 0.0 0.0 0.0 0.0 0.0 0.0 0.0 0.0 0.0 0.0 0.0 0.0 0.0
0 0.794922 0.341642 0.005859 0.01173 0.0 0.0 0.0 0.0 0.0 0.0 0.0 0.0 0.0 0.0 0.0 0.0 0.0 0.0 0.0
0 0.812988 0.482405 0.006836 0.014663 0.0 0.0 0.0 0.0 0.0 0.0 0.0 0.0 0.0 0.0 0.0 0.0 0.0 0.0 0.0
0 0.791504 0.489736 0.008789 0.014663 0.0 0.0 0.0 0.0 0.0 0.0 0.0 0.0 0.0 0.0 0.0 0.0 0.0 0.0 0.0
0 0.754395 0.482405 0.006836 0.01173 0.0 0.0 0.0 0.0 0.0 0.0 0.0 0.0 0.0 0.0 0.0 0.0 0.0 0.0 0.0