0 0.914062 0.436232 0.019531 0.034783 0.913574 0.431432 1.0 0.921814 0.431884 1.0 0.920898 0.437999 1.0 0.917999 0.445925 1.0 0.922271 0.445471 1.0
0 0.825684 0.468841 0.006836 0.013043 0.0 0.0 0.0 0.0 0.0 0.0 0.0 0.0 0.0 0.0 0.0 0.0 0.0 0.0 0.0
0 0.802246 0.486957 0.004883 0.008696 0.0 0.0 0.0 0.0 0.0 0.0 0.0 0.0 0.0 0.0 0.0 0.0 0.0 0.0 0.0
0 0.810547 0.449275 0.007812 0.014493 0.0 0.0 0.0 0.0 0.0 0.0 0.0 0.0 0.0 0.0 0.0 0.0 0.0 0.0 0.0
0 0.879395 0.42029 0.006836 0.014493 0.0 0.0 0.0 0.0 0.0 0.0 0.0 0.0 0.0 0.0 0.0 0.0 0.0 0.0 0.0
0 0.935059 0.40942 0.006836 0.013043 0.0 0.0 0.0 0.0 0.0 0.0 0.0 0.0 0.0 0.0 0.0 0.0 0.0 0.0 0.0
0 0.827148 0.427536 0.005859 0.011594 0.0 0.0 0.0 0.0 0.0 0.0 0.0 0.0 0.0 0.0 0.0 0.0 0.0 0.0 0.0
0 0.837402 0.414493 0.006836 0.014493 0.0 0.0 0.0 0.0 0.0 0.0 0.0 0.0 0.0 0.0 0.0 0.0 0.0 0.0 0.0
0 0.817871 0.427536 0.006836 0.011594 0.0 0.0 0.0 0.0 0.0 0.0 0.0 0.0 0.0 0.0 0.0 0.0 0.0 0.0 0.0
0 0.792969 0.424638 0.005859 0.011594 0.0 0.0 0.0 0.0 0.0 0.0 0.0 0.0 0.0 0.0 0.0 0.0 0.0 0.0 0.0
0 0.805176 0.418116 0.004883 0.010145 0.0 0.0 0.0 0.0 0.0 0.0 0.0 0.0 0.0 0.0 0.0 0.0 0.0 0.0 0.0
0 0.663574 0.457246 0.018555 0.036232 0.666639 0.450783 1.0 0.668091 0.449586 1.0 0.672769 0.456528 1.0 0.67035 0.466104 1.0 0.671801 0.465146 1.0
0 0.70752 0.45942 0.004883 0.011594 0.0 0.0 0.0 0.0 0.0 0.0 0.0 0.0 0.0 0.0 0.0 0.0 0.0 0.0 0.0
0 0.70752 0.44058 0.004883 0.011594 0.0 0.0 0.0 0.0 0.0 0.0 0.0 0.0 0.0 0.0 0.0 0.0 0.0 0.0 0.0
0 0.730469 0.427536 0.005859 0.008696 0.0 0.0 0.0 0.0 0.0 0.0 0.0 0.0 0.0 0.0 0.0 0.0 0.0 0.0 0.0
0 0.725098 0.42029 0.004883 0.011594 0.0 0.0 0.0 0.0 0.0 0.0 0.0 0.0 0.0 0.0 0.0 0.0 0.0 0.0 0.0
0 0.703613 0.439855 0.004883 0.013043 0.0 0.0 0.0 0.0 0.0 0.0 0.0 0.0 0.0 0.0 0.0 0.0 0.0 0.0 0.0
0 0.687988 0.442754 0.006836 0.015942 0.0 0.0 0.0 0.0 0.0 0.0 0.0 0.0 0.0 0.0 0.0 0.0 0.0 0.0 0.0
0 0.631836 0.437681 0.005859 0.011594 0.0 0.0 0.0 0.0 0.0 0.0 0.0 0.0 0.0 0.0 0.0 0.0 0.0 0.0 0.0
0 0.668945 0.43913 0.005859 0.011594 0.0 0.0 0.0 0.0 0.0 0.0 0.0 0.0 0.0 0.0 0.0 0.0 0.0 0.0 0.0
0 0.591797 0.44058 0.005859 0.011594 0.0 0.0 0.0 0.0 0.0 0.0 0.0 0.0 0.0 0.0 0.0 0.0 0.0 0.0 0.0
0 0.564941 0.43913 0.004883 0.011594 0.0 0.0 0.0 0.0 0.0 0.0 0.0 0.0 0.0 0.0 0.0 0.0 0.0 0.0 0.0
0 0.604492 0.497826 0.005859 0.010145 0.0 0.0 0.0 0.0 0.0 0.0 0.0 0.0 0.0 0.0 0.0 0.0 0.0 0.0 0.0
0 0.527832 0.456522 0.012695 0.028986 0.0 0.0 0.0 0.0 0.0 0.0 0.0 0.0 0.0 0.0 0.0 0.0 0.0 0.0 0.0
0 0.450195 0.473913 0.015625 0.031884 0.456059 0.470581 1.0 0.455653 0.470581 1.0 0.458356 0.476197 1.0 0.455924 0.48462 1.0 0.456194 0.48462 1.0
0 0.387207 0.444203 0.018555 0.027536 0.387939 0.44058 1.0 0.394653 0.440399 1.0 0.394043 0.445109 1.0 0.390015 0.451993 1.0 0.395264 0.451449 1.0
0 0.352539 0.457971 0.011719 0.02029 0.353882 0.455616 1.0 0.35727 0.455887 1.0 0.356354 0.459284 1.0 0.354432 0.464175 1.0 0.356537 0.464448 1.0
0 0.506836 0.428261 0.005859 0.013043 0.0 0.0 0.0 0.0 0.0 0.0 0.0 0.0 0.0 0.0 0.0 0.0 0.0 0.0 0.0
0 0.493652 0.431159 0.004883 0.010145 0.0 0.0 0.0 0.0 0.0 0.0 0.0 0.0 0.0 0.0 0.0 0.0 0.0 0.0 0.0
0 0.483887 0.43913 0.006836 0.011594 0.0 0.0 0.0 0.0 0.0 0.0 0.0 0.0 0.0 0.0 0.0 0.0 0.0 0.0 0.0
0 0.462402 0.445652 0.004883 0.010145 0.0 0.0 0.0 0.0 0.0 0.0 0.0 0.0 0.0 0.0 0.0 0.0 0.0 0.0 0.0
0 0.214844 0.487681 0.017578 0.030435 0.211609 0.484628 1.0 0.219849 0.484628 1.0 0.216448 0.490062 1.0 0.212786 0.496274 1.0 0.219587 0.496274 1.0
0 0.164062 0.473913 0.011719 0.023188 0.0 0.0 0.0 0.0 0.0 0.0 0.0 0.0 0.0 0.0 0.0 0.0 0.0 0.0 0.0
0 0.179688 0.468841 0.011719 0.018841 0.0 0.0 0.0 0.0 0.0 0.0 0.0 0.0 0.0 0.0 0.0 0.0 0.0 0.0 0.0
0 0.122559 0.482609 0.014648 0.023188 0.0 0.0 0.0 0.0 0.0 0.0 0.0 0.0 0.0 0.0 0.0 0.0 0.0 0.0 0.0
0 0.085449 0.486232 0.010742 0.018841 0.085746 0.484601 1.0 0.089844 0.484342 1.0 0.089408 0.488096 1.0 0.086705 0.4934 1.0 0.089495 0.4934 1.0
0 0.048828 0.467391 0.009766 0.015942 0.049186 0.466622 1.0 0.050371 0.466512 1.0 0.050816 0.469591 1.0 0.049778 0.473551 1.0 0.050668 0.473661 1.0
0 0.033203 0.47971 0.015625 0.026087 0.0 0.0 0.0 0.0 0.0 0.0 0.0 0.0 0.0 0.0 0.0 0.0 0.0 0.0 0.0
0 0.308105 0.476087 0.016602 0.033333 0.311271 0.472716 1.0 0.316882 0.472288 1.0 0.317169 0.478481 1.0 0.312565 0.484886 1.0 0.316162 0.484672 1.0
0 0.317383 0.468841 0.011719 0.024638 0.0 0.0 0.0 0.0 0.0 0.0 0.0 0.0 0.0 0.0 0.0 0.0 0.0 0.0 0.0
0 0.331543 0.464493 0.004883 0.010145 0.0 0.0 0.0 0.0 0.0 0.0 0.0 0.0 0.0 0.0 0.0 0.0 0.0 0.0 0.0