0 0.041504 0.313151 0.010742 0.019531 0.041016 0.309896 1.0 0.047852 0.308594 1.0 0.044922 0.3125 1.0 0.042969 0.316406 1.0 0.046875 0.316406 1.0
0 0.05957 0.315755 0.013672 0.022135 0.05957 0.311198 1.0 0.06543 0.315104 1.0 0.0625 0.316406 1.0 0.056641 0.31901 1.0 0.0625 0.322917 1.0
0 0.071289 0.304036 0.009766 0.014323 0.0 0.0 0.0 0.0 0.0 0.0 0.0 0.0 0.0 0.0 0.0 0.0 0.0 0.0 0.0
0 0.095703 0.311198 0.013672 0.020833 0.09375 0.307292 1.0 0.101562 0.307292 1.0 0.09668 0.309896 1.0 0.092773 0.316406 1.0 0.098633 0.316406 1.0
0 0.10791 0.315755 0.006836 0.011719 0.0 0.0 0.0 0.0 0.0 0.0 0.0 0.0 0.0 0.0 0.0 0.0 0.0 0.0 0.0
0 0.118164 0.311198 0.005859 0.010417 0.0 0.0 0.0 0.0 0.0 0.0 0.0 0.0 0.0 0.0 0.0 0.0 0.0 0.0 0.0
0 0.180664 0.410807 0.046875 0.079427 0.174107 0.40546 1.0 0.197244 0.403943 1.0 0.188899 0.420632 1.0 0.178279 0.433273 1.0 0.191934 0.43378 1.0
0 0.042969 0.397786 0.015625 0.027344 0.038164 0.395392 1.0 0.045357 0.395392 1.0 0.041042 0.400797 1.0 0.03908 0.405854 1.0 0.044312 0.406378 1.0
0 0.10791 0.427083 0.016602 0.023438 0.107675 0.422823 1.0 0.113796 0.423137 1.0 0.111088 0.426746 1.0 0.107557 0.431768 1.0 0.111206 0.433495 1.0
0 0.07959 0.482422 0.014648 0.022135 0.076159 0.478794 1.0 0.082044 0.479376 1.0 0.078774 0.483299 1.0 0.076704 0.486206 1.0 0.080954 0.486642 1.0
0 0.462402 0.305339 0.010742 0.019531 0.459961 0.302083 1.0 0.466797 0.302083 1.0 0.462891 0.304688 1.0 0.459961 0.309896 1.0 0.464844 0.309896 1.0
0 0.453125 0.41862 0.056641 0.082031 0.440608 0.410342 1.0 0.465053 0.406203 1.0 0.454965 0.421207 1.0 0.44798 0.439831 1.0 0.465053 0.436727 1.0
0 0.510254 0.306641 0.012695 0.022135 0.505929 0.304315 1.0 0.510847 0.304036 1.0 0.506557 0.309337 1.0 0.506034 0.313243 1.0 0.508649 0.313523 1.0
0 0.571289 0.303385 0.011719 0.026042 0.567383 0.299479 1.0 0.574219 0.299479 1.0 0.570312 0.304688 1.0 0.567383 0.309896 1.0 0.574219 0.309896 1.0
0 0.626465 0.272135 0.016602 0.03125 0.619751 0.269043 1.0 0.626313 0.268635 1.0 0.621582 0.274536 1.0 0.620514 0.279216 1.0 0.624328 0.278809 1.0
0 0.539062 0.384766 0.011719 0.022135 0.535889 0.37951 1.0 0.540074 0.37979 1.0 0.535889 0.384393 1.0 0.53976 0.388439 1.0 0.536412 0.389137 1.0
0 0.634277 0.432292 0.071289 0.109375 0.606035 0.420014 1.0 0.630729 0.425503 1.0 0.610151 0.445393 1.0 0.614267 0.465285 1.0 0.629186 0.469401 1.0
0 0.758789 0.458333 0.054688 0.080729 0.762094 0.449591 1.0 0.782955 0.43796 1.0 0.781438 0.463751 1.0 0.767783 0.481957 1.0 0.782955 0.474371 1.0
0 0.767578 0.288411 0.025391 0.042969 0.767421 0.280826 1.0 0.778486 0.27946 1.0 0.775207 0.287109 1.0 0.76865 0.296672 1.0 0.777666 0.294759 1.0
0 0.78418 0.29362 0.017578 0.027344 0.77832 0.28776 1.0 0.786133 0.28776 1.0 0.78418 0.295573 1.0 0.780273 0.302083 1.0 0.786133 0.302083 1.0
0 0.962402 0.457031 0.075195 0.140625 0.955588 0.437948 1.0 0.99772 0.438826 1.0 0.981262 0.466035 1.0 0.960196 0.488857 1.0 0.989162 0.487102 1.0
0 0.314453 0.297526 0.007812 0.011719 0.3125 0.298177 1.0 0.316406 0.298177 1.0 0.314453 0.300781 1.0 0.314453 0.304688 1.0 0.317383 0.302083 1.0
0 0.345703 0.30013 0.007812 0.014323 0.34375 0.299479 1.0 0.347656 0.298177 1.0 0.345703 0.300781 1.0 0.34375 0.304688 1.0 0.34668 0.304688 1.0
0 0.381836 0.291016 0.007812 0.014323 0.379883 0.290365 1.0 0.383789 0.290365 1.0 0.381836 0.295573 1.0 0.380859 0.298177 1.0 0.383789 0.298177 1.0
0 0.25293 0.308594 0.005859 0.010417 0.25 0.307292 1.0 0.253906 0.307292 1.0 0.25293 0.309896 1.0 0.250977 0.3125 1.0 0.253906 0.3125 1.0
0 0.01123 0.317057 0.010742 0.019531 0.009766 0.3125 1.0 0.012695 0.3125 1.0 0.010742 0.316406 1.0 0.008789 0.31901 1.0 0.011719 0.317708 1.0