0 0.845703 0.687318 0.056641 0.106414 0.837054 0.667638 1.0 0.861991 0.667638 1.0 0.850655 0.687265 1.0 0.835693 0.715015 1.0 0.858363 0.715015 1.0
0 0.911133 0.542274 0.037109 0.072886 0.894549 0.53138 1.0 0.910025 0.533229 1.0 0.899191 0.548475 1.0 0.896716 0.559103 1.0 0.910025 0.561875 1.0
0 0.957031 0.503644 0.033203 0.05102 0.946733 0.49836 1.0 0.960467 0.496082 1.0 0.953056 0.508448 1.0 0.948042 0.516257 1.0 0.960249 0.513978 1.0
0 0.869629 0.524052 0.032227 0.04519 0.862522 0.512417 1.0 0.875959 0.519601 1.0 0.866333 0.520799 1.0 0.858312 0.528582 1.0 0.867938 0.530678 1.0
0 0.862305 0.486152 0.021484 0.04519 0.855242 0.475902 1.0 0.85897 0.478245 1.0 0.850926 0.485859 1.0 0.854064 0.49523 1.0 0.857204 0.496401 1.0
0 0.79248 0.599854 0.030273 0.059767 0.785793 0.594173 1.0 0.802512 0.593789 1.0 0.794796 0.606076 1.0 0.791966 0.61529 1.0 0.800454 0.614522 1.0
0 0.70752 0.629738 0.051758 0.107872 0.696075 0.616708 1.0 0.718048 0.616708 1.0 0.706604 0.639942 1.0 0.698364 0.655657 1.0 0.717133 0.656341 1.0
0 0.624023 0.648688 0.033203 0.06414 0.615021 0.63443 1.0 0.630401 0.63607 1.0 0.621612 0.64714 1.0 0.614472 0.662309 1.0 0.627105 0.664359 1.0
0 0.615234 0.575073 0.027344 0.05102 0.605285 0.56455 1.0 0.614686 0.569652 1.0 0.605499 0.57858 1.0 0.605499 0.588784 1.0 0.611054 0.59006 1.0
0 0.791992 0.486152 0.015625 0.036443 0.0 0.0 0.0 0.0 0.0 0.0 0.0 0.0 0.0 0.0 0.0 0.0 0.0 0.0 0.0
0 0.921875 0.451166 0.015625 0.027697 0.0 0.0 0.0 0.0 0.0 0.0 0.0 0.0 0.0 0.0 0.0 0.0 0.0 0.0 0.0
0 0.981934 0.389942 0.008789 0.016035 0.0 0.0 0.0 0.0 0.0 0.0 0.0 0.0 0.0 0.0 0.0 0.0 0.0 0.0 0.0
0 0.969727 0.392857 0.009766 0.01895 0.0 0.0 0.0 0.0 0.0 0.0 0.0 0.0 0.0 0.0 0.0 0.0 0.0 0.0 0.0
0 0.950195 0.380466 0.009766 0.017493 0.0 0.0 0.0 0.0 0.0 0.0 0.0 0.0 0.0 0.0 0.0 0.0 0.0 0.0 0.0
0 0.884277 0.395773 0.006836 0.01312 0.0 0.0 0.0 0.0 0.0 0.0 0.0 0.0 0.0 0.0 0.0 0.0 0.0 0.0 0.0
0 0.826172 0.408163 0.009766 0.020408 0.0 0.0 0.0 0.0 0.0 0.0 0.0 0.0 0.0 0.0 0.0 0.0 0.0 0.0 0.0
0 0.849609 0.392857 0.009766 0.01895 0.0 0.0 0.0 0.0 0.0 0.0 0.0 0.0 0.0 0.0 0.0 0.0 0.0 0.0 0.0
0 0.869141 0.370262 0.007812 0.017493 0.0 0.0 0.0 0.0 0.0 0.0 0.0 0.0 0.0 0.0 0.0 0.0 0.0 0.0 0.0
0 0.813477 0.411079 0.009766 0.020408 0.0 0.0 0.0 0.0 0.0 0.0 0.0 0.0 0.0 0.0 0.0 0.0 0.0 0.0 0.0
0 0.796875 0.4293 0.011719 0.024781 0.792681 0.425722 1.0 0.798131 0.425722 1.0 0.794643 0.431577 1.0 0.792463 0.437434 1.0 0.797041 0.437598 1.0
0 0.813965 0.443878 0.012695 0.021866 0.0 0.0 0.0 0.0 0.0 0.0 0.0 0.0 0.0 0.0 0.0 0.0 0.0 0.0 0.0
0 0.84375 0.451895 0.011719 0.023324 0.842216 0.449708 1.0 0.847028 0.450176 1.0 0.844936 0.454082 1.0 0.842425 0.45658 1.0 0.846296 0.456736 1.0
0 0.748535 0.46793 0.018555 0.040816 0.0 0.0 0.0 0.0 0.0 0.0 0.0 0.0 0.0 0.0 0.0 0.0 0.0 0.0 0.0
0 0.76123 0.460641 0.012695 0.03207 0.0 0.0 0.0 0.0 0.0 0.0 0.0 0.0 0.0 0.0 0.0 0.0 0.0 0.0 0.0
0 0.783203 0.438776 0.015625 0.020408 0.0 0.0 0.0 0.0 0.0 0.0 0.0 0.0 0.0 0.0 0.0 0.0 0.0 0.0 0.0
0 0.77002 0.424927 0.010742 0.024781 0.768241 0.42248 1.0 0.77274 0.420918 1.0 0.771484 0.426385 1.0 0.769706 0.432163 1.0 0.77253 0.430446 1.0
0 0.745117 0.41691 0.013672 0.026239 0.746782 0.413929 1.0 0.748029 0.413929 1.0 0.751316 0.418497 1.0 0.749616 0.425434 1.0 0.750297 0.425603 1.0
0 0.763672 0.393586 0.011719 0.020408 0.760895 0.389851 1.0 0.766479 0.389851 1.0 0.762817 0.392994 1.0 0.760712 0.397914 1.0 0.765381 0.397093 1.0
0 0.780762 0.392128 0.008789 0.020408 0.0 0.0 0.0 0.0 0.0 0.0 0.0 0.0 0.0 0.0 0.0 0.0 0.0 0.0 0.0
0 0.69043 0.445335 0.013672 0.027697 0.687988 0.43914 1.0 0.688843 0.439687 1.0 0.685059 0.444789 1.0 0.687378 0.451895 1.0 0.688232 0.451895 1.0
0 0.692871 0.409621 0.012695 0.029155 0.688686 0.407278 1.0 0.692479 0.407278 1.0 0.689863 0.413526 1.0 0.688947 0.419187 1.0 0.692348 0.419187 1.0
0 0.668457 0.456268 0.014648 0.029155 0.66748 0.45252 1.0 0.672917 0.452331 1.0 0.672538 0.459125 1.0 0.669377 0.465353 1.0 0.672538 0.465353 1.0
0 0.733398 0.368076 0.007812 0.01312 0.0 0.0 0.0 0.0 0.0 0.0 0.0 0.0 0.0 0.0 0.0 0.0 0.0 0.0 0.0
0 0.720215 0.374636 0.006836 0.014577 0.0 0.0 0.0 0.0 0.0 0.0 0.0 0.0 0.0 0.0 0.0 0.0 0.0 0.0 0.0
0 0.672363 0.356414 0.006836 0.01312 0.0 0.0 0.0 0.0 0.0 0.0 0.0 0.0 0.0 0.0 0.0 0.0 0.0 0.0 0.0
0 0.688477 0.391399 0.007812 0.01895 0.0 0.0 0.0 0.0 0.0 0.0 0.0 0.0 0.0 0.0 0.0 0.0 0.0 0.0 0.0
0 0.820312 0.370262 0.007812 0.014577 0.0 0.0 0.0 0.0 0.0 0.0 0.0 0.0 0.0 0.0 0.0 0.0 0.0 0.0 0.0
0 0.835449 0.376822 0.008789 0.01312 0.0 0.0 0.0 0.0 0.0 0.0 0.0 0.0 0.0 0.0 0.0 0.0 0.0 0.0 0.0
0 0.84668 0.351312 0.007812 0.011662 0.0 0.0 0.0 0.0 0.0 0.0 0.0 0.0 0.0 0.0 0.0 0.0 0.0 0.0 0.0
0 0.873535 0.340379 0.004883 0.010204 0.0 0.0 0.0 0.0 0.0 0.0 0.0 0.0 0.0 0.0 0.0 0.0 0.0 0.0 0.0
0 0.787598 0.341837 0.004883 0.010204 0.0 0.0 0.0 0.0 0.0 0.0 0.0 0.0 0.0 0.0 0.0 0.0 0.0 0.0 0.0
0 0.794434 0.338921 0.004883 0.007289 0.0 0.0 0.0 0.0 0.0 0.0 0.0 0.0 0.0 0.0 0.0 0.0 0.0 0.0 0.0
0 0.758301 0.362245 0.006836 0.01312 0.0 0.0 0.0 0.0 0.0 0.0 0.0 0.0 0.0 0.0 0.0 0.0 0.0 0.0 0.0
0 0.740234 0.34621 0.005859 0.01312 0.0 0.0 0.0 0.0 0.0 0.0 0.0 0.0 0.0 0.0 0.0 0.0 0.0 0.0 0.0
0 0.711914 0.330175 0.005859 0.010204 0.0 0.0 0.0 0.0 0.0 0.0 0.0 0.0 0.0 0.0 0.0 0.0 0.0 0.0 0.0
0 0.724609 0.328717 0.005859 0.010204 0.0 0.0 0.0 0.0 0.0 0.0 0.0 0.0 0.0 0.0 0.0 0.0 0.0 0.0 0.0
0 0.849121 0.327988 0.004883 0.008746 0.0 0.0 0.0 0.0 0.0 0.0 0.0 0.0 0.0 0.0 0.0 0.0 0.0 0.0 0.0
0 0.677246 0.327988 0.006836 0.011662 0.0 0.0 0.0 0.0 0.0 0.0 0.0 0.0 0.0 0.0 0.0 0.0 0.0 0.0 0.0
0 0.601074 0.361516 0.008789 0.017493 0.600839 0.359525 1.0 0.603899 0.359525 1.0 0.602565 0.36257 1.0 0.600839 0.365382 1.0 0.603664 0.365382 1.0
0 0.608887 0.373178 0.008789 0.017493 0.0 0.0 0.0 0.0 0.0 0.0 0.0 0.0 0.0 0.0 0.0 0.0 0.0 0.0 0.0
0 0.629883 0.336006 0.005859 0.01312 0.0 0.0 0.0 0.0 0.0 0.0 0.0 0.0 0.0 0.0 0.0 0.0 0.0 0.0 0.0
0 0.614746 0.325802 0.004883 0.010204 0.0 0.0 0.0 0.0 0.0 0.0 0.0 0.0 0.0 0.0 0.0 0.0 0.0 0.0 0.0
0 0.5625 0.346939 0.007812 0.011662 0.0 0.0 0.0 0.0 0.0 0.0 0.0 0.0 0.0 0.0 0.0 0.0 0.0 0.0 0.0
0 0.575195 0.33965 0.005859 0.011662 0.574288 0.337313 1.0 0.575082 0.33706 1.0 0.575309 0.338668 1.0 0.574799 0.341797 1.0 0.575762 0.341375 1.0
0 0.568359 0.445335 0.017578 0.036443 0.570539 0.436875 1.0 0.570854 0.436875 1.0 0.577445 0.443669 1.0 0.570068 0.454446 1.0 0.570226 0.454446 1.0
0 0.592773 0.399417 0.011719 0.023324 0.0 0.0 0.0 0.0 0.0 0.0 0.0 0.0 0.0 0.0 0.0 0.0 0.0 0.0 0.0
0 0.51123 0.444606 0.014648 0.029155 0.507342 0.439531 1.0 0.507342 0.439531 1.0 0.50368 0.445192 1.0 0.507604 0.452415 1.0 0.507604 0.452415 1.0
0 0.487793 0.432216 0.016602 0.027697 0.488403 0.427296 1.0 0.495239 0.426931 1.0 0.492676 0.435131 1.0 0.489624 0.440233 1.0 0.494751 0.439687 1.0
0 0.494141 0.373907 0.009766 0.01895 0.0 0.0 0.0 0.0 0.0 0.0 0.0 0.0 0.0 0.0 0.0 0.0 0.0 0.0 0.0
0 0.508301 0.377551 0.008789 0.020408 0.506684 0.373133 1.0 0.50705 0.372996 1.0 0.504943 0.376276 1.0 0.506775 0.378325 1.0 0.507232 0.378325 1.0
0 0.495117 0.357143 0.007812 0.017493 0.0 0.0 0.0 0.0 0.0 0.0 0.0 0.0 0.0 0.0 0.0 0.0 0.0 0.0 0.0
0 0.623535 0.38484 0.010742 0.017493 0.0 0.0 0.0 0.0 0.0 0.0 0.0 0.0 0.0 0.0 0.0 0.0 0.0 0.0 0.0
0 0.436035 0.311224 0.004883 0.010204 0.0 0.0 0.0 0.0 0.0 0.0 0.0 0.0 0.0 0.0 0.0 0.0 0.0 0.0 0.0
0 0.461914 0.328717 0.005859 0.010204 0.0 0.0 0.0 0.0 0.0 0.0 0.0 0.0 0.0 0.0 0.0 0.0 0.0 0.0 0.0
0 0.478027 0.330175 0.004883 0.010204 0.0 0.0 0.0 0.0 0.0 0.0 0.0 0.0 0.0 0.0 0.0 0.0 0.0 0.0 0.0
0 0.47168 0.330175 0.003906 0.007289 0.0 0.0 0.0 0.0 0.0 0.0 0.0 0.0 0.0 0.0 0.0 0.0 0.0 0.0 0.0
0 0.490723 0.336006 0.004883 0.010204 0.0 0.0 0.0 0.0 0.0 0.0 0.0 0.0 0.0 0.0 0.0 0.0 0.0 0.0 0.0
0 0.486328 0.34621 0.005859 0.010204 0.0 0.0 0.0 0.0 0.0 0.0 0.0 0.0 0.0 0.0 0.0 0.0 0.0 0.0 0.0
0 0.486328 0.325802 0.003906 0.010204 0.0 0.0 0.0 0.0 0.0 0.0 0.0 0.0 0.0 0.0 0.0 0.0 0.0 0.0 0.0
0 0.476074 0.383382 0.008789 0.017493 0.473389 0.382679 1.0 0.477155 0.382679 1.0 0.474645 0.386662 1.0 0.473311 0.389474 1.0 0.475899 0.38959 1.0
0 0.452637 0.368076 0.006836 0.016035 0.0 0.0 0.0 0.0 0.0 0.0 0.0 0.0 0.0 0.0 0.0 0.0 0.0 0.0 0.0
0 0.439941 0.350583 0.006836 0.016035 0.0 0.0 0.0 0.0 0.0 0.0 0.0 0.0 0.0 0.0 0.0 0.0 0.0 0.0 0.0
0 0.431152 0.349125 0.006836 0.01312 0.0 0.0 0.0 0.0 0.0 0.0 0.0 0.0 0.0 0.0 0.0 0.0 0.0 0.0 0.0
0 0.422363 0.348397 0.006836 0.011662 0.0 0.0 0.0 0.0 0.0 0.0 0.0 0.0 0.0 0.0 0.0 0.0 0.0 0.0 0.0
0 0.425781 0.317055 0.005859 0.010204 0.0 0.0 0.0 0.0 0.0 0.0 0.0 0.0 0.0 0.0 0.0 0.0 0.0 0.0 0.0
0 0.40918 0.325802 0.003906 0.010204 0.0 0.0 0.0 0.0 0.0 0.0 0.0 0.0 0.0 0.0 0.0 0.0 0.0 0.0 0.0
0 0.419922 0.336735 0.005859 0.011662 0.0 0.0 0.0 0.0 0.0 0.0 0.0 0.0 0.0 0.0 0.0 0.0 0.0 0.0 0.0
0 0.394531 0.374636 0.009766 0.023324 0.394144 0.37271 1.0 0.398856 0.372261 1.0 0.39675 0.376452 1.0 0.394745 0.382439 1.0 0.398354 0.382289 1.0
0 0.422852 0.402332 0.011719 0.014577 0.0 0.0 0.0 0.0 0.0 0.0 0.0 0.0 0.0 0.0 0.0 0.0 0.0 0.0 0.0
0 0.435059 0.451166 0.016602 0.030612 0.0 0.0 0.0 0.0 0.0 0.0 0.0 0.0 0.0 0.0 0.0 0.0 0.0 0.0 0.0
0 0.463379 0.438047 0.020508 0.033528 0.455209 0.430745 1.0 0.461827 0.431175 1.0 0.456359 0.437188 1.0 0.454489 0.442771 1.0 0.45823 0.443201 1.0
0 0.397949 0.470845 0.020508 0.034985 0.0 0.0 0.0 0.0 0.0 0.0 0.0 0.0 0.0 0.0 0.0 0.0 0.0 0.0 0.0
0 0.410156 0.443878 0.017578 0.033528 0.407911 0.441345 1.0 0.415968 0.440487 1.0 0.411939 0.448647 1.0 0.409638 0.451869 1.0 0.414816 0.452083 1.0
0 0.345215 0.423469 0.018555 0.033528 0.338867 0.418159 1.0 0.345982 0.4192 1.0 0.340263 0.425031 1.0 0.337193 0.432112 1.0 0.342913 0.432112 1.0
0 0.331055 0.423469 0.015625 0.030612 0.327053 0.41838 1.0 0.334621 0.417776 1.0 0.331377 0.425643 1.0 0.327053 0.4323 1.0 0.334756 0.432704 1.0
0 0.343262 0.355685 0.010742 0.017493 0.341265 0.35493 1.0 0.345031 0.353408 1.0 0.343697 0.35821 1.0 0.343148 0.362076 1.0 0.345895 0.361022 1.0
0 0.355469 0.338921 0.005859 0.010204 0.0 0.0 0.0 0.0 0.0 0.0 0.0 0.0 0.0 0.0 0.0 0.0 0.0 0.0 0.0
0 0.369629 0.341108 0.008789 0.014577 0.0 0.0 0.0 0.0 0.0 0.0 0.0 0.0 0.0 0.0 0.0 0.0 0.0 0.0 0.0
0 0.397461 0.338192 0.005859 0.011662 0.0 0.0 0.0 0.0 0.0 0.0 0.0 0.0 0.0 0.0 0.0 0.0 0.0 0.0 0.0
0 0.375488 0.332362 0.006836 0.011662 0.0 0.0 0.0 0.0 0.0 0.0 0.0 0.0 0.0 0.0 0.0 0.0 0.0 0.0 0.0
0 0.439453 0.336006 0.007812 0.01312 0.0 0.0 0.0 0.0 0.0 0.0 0.0 0.0 0.0 0.0 0.0 0.0 0.0 0.0 0.0
0 0.404785 0.309038 0.004883 0.011662 0.0 0.0 0.0 0.0 0.0 0.0 0.0 0.0 0.0 0.0 0.0 0.0 0.0 0.0 0.0
0 0.517578 0.393586 0.007812 0.017493 0.0 0.0 0.0 0.0 0.0 0.0 0.0 0.0 0.0 0.0 0.0 0.0 0.0 0.0 0.0
0 0.321777 0.494169 0.020508 0.034985 0.0 0.0 0.0 0.0 0.0 0.0 0.0 0.0 0.0 0.0 0.0 0.0 0.0 0.0 0.0
0 0.242188 0.365889 0.011719 0.023324 0.237889 0.362765 1.0 0.242602 0.361717 1.0 0.239092 0.365459 1.0 0.238391 0.368303 1.0 0.240797 0.368004 1.0
0 0.301758 0.377551 0.011719 0.023324 0.298876 0.373679 1.0 0.304691 0.374577 1.0 0.300781 0.379965 1.0 0.298977 0.384605 1.0 0.302987 0.384007 1.0
0 0.27832 0.392857 0.009766 0.01895 0.0 0.0 0.0 0.0 0.0 0.0 0.0 0.0 0.0 0.0 0.0 0.0 0.0 0.0 0.0
0 0.236816 0.400875 0.012695 0.023324 0.233119 0.399781 1.0 0.238351 0.399156 1.0 0.236572 0.404155 1.0 0.233329 0.410089 1.0 0.237724 0.409309 1.0
0 0.209473 0.395773 0.010742 0.021866 0.0 0.0 0.0 0.0 0.0 0.0 0.0 0.0 0.0 0.0 0.0 0.0 0.0 0.0 0.0
0 0.17627 0.377551 0.010742 0.023324 0.0 0.0 0.0 0.0 0.0 0.0 0.0 0.0 0.0 0.0 0.0 0.0 0.0 0.0 0.0
0 0.195312 0.340379 0.005859 0.01312 0.0 0.0 0.0 0.0 0.0 0.0 0.0 0.0 0.0 0.0 0.0 0.0 0.0 0.0 0.0
0 0.166992 0.329446 0.007812 0.017493 0.0 0.0 0.0 0.0 0.0 0.0 0.0 0.0 0.0 0.0 0.0 0.0 0.0 0.0 0.0
0 0.160156 0.41035 0.011719 0.021866 0.0 0.0 0.0 0.0 0.0 0.0 0.0 0.0 0.0 0.0 0.0 0.0 0.0 0.0 0.0
0 0.112793 0.432216 0.018555 0.033528 0.105111 0.424101 1.0 0.112017 0.426678 1.0 0.104968 0.432047 1.0 0.104392 0.440207 1.0 0.110291 0.440421 1.0
0 0.245605 0.478863 0.022461 0.04519 0.236188 0.470956 1.0 0.245998 0.471249 1.0 0.236777 0.47857 1.0 0.2356 0.488819 1.0 0.242663 0.488819 1.0
0 0.283203 0.453353 0.017578 0.034985 0.275421 0.444197 1.0 0.281372 0.448296 1.0 0.275727 0.452851 1.0 0.275116 0.458318 1.0 0.279846 0.46014 1.0
0 0.147461 0.451166 0.013672 0.033528 0.143088 0.44885 1.0 0.149131 0.448634 1.0 0.145678 0.454433 1.0 0.145103 0.458943 1.0 0.148124 0.458943 1.0
0 0.130371 0.368076 0.010742 0.021866 0.0 0.0 0.0 0.0 0.0 0.0 0.0 0.0 0.0 0.0 0.0 0.0 0.0 0.0 0.0
0 0.084961 0.356414 0.013672 0.021866 0.081499 0.350245 1.0 0.083705 0.351534 1.0 0.07843 0.354827 1.0 0.08054 0.360697 1.0 0.081499 0.362557 1.0
0 0.055664 0.382653 0.011719 0.024781 0.0 0.0 0.0 0.0 0.0 0.0 0.0 0.0 0.0 0.0 0.0 0.0 0.0 0.0 0.0
0 0.050293 0.330175 0.008789 0.01895 0.0 0.0 0.0 0.0 0.0 0.0 0.0 0.0 0.0 0.0 0.0 0.0 0.0 0.0 0.0
0 0.009766 0.426385 0.019531 0.039359 0.004067 0.421055 1.0 0.004237 0.421055 1.0 -0.000354 0.429939 1.0 0.004918 0.437806 1.0 0.005088 0.437806 1.0
0 0.072266 0.427843 0.017578 0.036443 0.0 0.0 0.0 0.0 0.0 0.0 0.0 0.0 0.0 0.0 0.0 0.0 0.0 0.0 0.0
0 0.025879 0.516764 0.02832 0.042274 0.0177 0.507563 1.0 0.029969 0.510294 1.0 0.022277 0.519315 1.0 0.018615 0.525328 1.0 0.027222 0.526968 1.0
0 0.10498 0.534985 0.036133 0.061224 0.0 0.0 0.0 0.0 0.0 0.0 0.0 0.0 0.0 0.0 0.0 0.0 0.0 0.0 0.0
0 0.174316 0.583819 0.022461 0.04519 0.16755 0.573863 1.0 0.172259 0.575034 1.0 0.163431 0.587627 1.0 0.168531 0.596411 1.0 0.172651 0.596704 1.0
0 0.162598 0.663994 0.036133 0.062682 0.14992 0.648245 1.0 0.160025 0.651818 1.0 0.145665 0.661345 1.0 0.147526 0.676034 1.0 0.152579 0.678415 1.0
0 0.130859 0.400875 0.009766 0.026239 0.0 0.0 0.0 0.0 0.0 0.0 0.0 0.0 0.0 0.0 0.0 0.0 0.0 0.0 0.0
0 0.375488 0.519679 0.026367 0.04519 0.0 0.0 0.0 0.0 0.0 0.0 0.0 0.0 0.0 0.0 0.0 0.0 0.0 0.0 0.0
0 0.458008 0.539359 0.027344 0.058309 0.448076 0.527873 1.0 0.453295 0.532324 1.0 0.443852 0.540856 1.0 0.450064 0.5505 1.0 0.454041 0.552726 1.0
0 0.442871 0.733965 0.063477 0.158892 0.0 0.0 0.0 0.0 0.0 0.0 0.0 0.0 0.0 0.0 0.0 0.0 0.0 0.0 0.0
0 0.337891 0.893586 0.103516 0.201166 0.357531 0.84198 1.0 0.366477 0.838641 1.0 0.390333 0.879816 1.0 0.364986 0.938794 1.0 0.370204 0.93323 1.0
0 0.741211 0.928571 0.074219 0.142857 0.0 0.0 0.0 0.0 0.0 0.0 0.0 0.0 0.0 0.0 0.0 0.0 0.0 0.0 0.0
0 0.023438 0.812682 0.044922 0.123907 0.0 0.0 0.0 0.0 0.0 0.0 0.0 0.0 0.0 0.0 0.0 0.0 0.0 0.0 0.0
0 0.009277 0.663994 0.018555 0.056851 0.0 0.0 0.0 0.0 0.0 0.0 0.0 0.0 0.0 0.0 0.0 0.0 0.0 0.0 0.0
0 0.540527 0.427843 0.010742 0.024781 0.0 0.0 0.0 0.0 0.0 0.0 0.0 0.0 0.0 0.0 0.0 0.0 0.0 0.0 0.0
0 0.597656 0.33965 0.007812 0.014577 0.0 0.0 0.0 0.0 0.0 0.0 0.0 0.0 0.0 0.0 0.0 0.0 0.0 0.0 0.0
0 0.633789 0.349125 0.005859 0.01312 0.0 0.0 0.0 0.0 0.0 0.0 0.0 0.0 0.0 0.0 0.0 0.0 0.0 0.0 0.0
0 0.773438 0.327259 0.005859 0.010204 0.0 0.0 0.0 0.0 0.0 0.0 0.0 0.0 0.0 0.0 0.0 0.0 0.0 0.0 0.0
0 0.766602 0.330904 0.003906 0.008746 0.0 0.0 0.0 0.0 0.0 0.0 0.0 0.0 0.0 0.0 0.0 0.0 0.0 0.0 0.0
0 0.584961 0.567055 0.03125 0.06414 0.0 0.0 0.0 0.0 0.0 0.0 0.0 0.0 0.0 0.0 0.0 0.0 0.0 0.0 0.0
0 0.394531 0.139942 0.015625 0.029155 0.389652 0.136382 1.0 0.395469 0.135627 1.0 0.391929 0.142799 1.0 0.390917 0.148649 1.0 0.394204 0.148083 1.0
0 0.080078 0.533528 0.025391 0.049563 0.0 0.0 0.0 0.0 0.0 0.0 0.0 0.0 0.0 0.0 0.0 0.0 0.0 0.0 0.0
0 0.109375 0.373907 0.009766 0.021866 0.0 0.0 0.0 0.0 0.0 0.0 0.0 0.0 0.0 0.0 0.0 0.0 0.0 0.0 0.0
0 0.173828 0.346939 0.009766 0.023324 0.0 0.0 0.0 0.0 0.0 0.0 0.0 0.0 0.0 0.0 0.0 0.0 0.0 0.0 0.0