0 0.887695 0.43961 0.015625 0.022078 0.884766 0.436364 1.0 0.891602 0.436364 1.0 0.889648 0.438961 1.0 0.885742 0.444156 1.0 0.891602 0.445455 1.0
0 0.930176 0.426623 0.012695 0.019481 0.926915 0.422148 1.0 0.9343 0.420617 1.0 0.930943 0.428014 1.0 0.928545 0.432352 1.0 0.932573 0.431586 1.0
0 0.977051 0.400649 0.014648 0.022078 0.975586 0.396104 1.0 0.980469 0.397403 1.0 0.978516 0.402597 1.0 0.975586 0.409091 1.0 0.980469 0.409091 1.0
0 0.988281 0.382468 0.011719 0.016883 0.985382 0.379406 1.0 0.990767 0.378966 1.0 0.988115 0.382821 1.0 0.987121 0.385795 1.0 0.989772 0.385905 1.0
0 0.813965 0.405195 0.012695 0.018182 0.810547 0.401299 1.0 0.817383 0.4 1.0 0.814453 0.405195 1.0 0.8125 0.41039 1.0 0.816406 0.409091 1.0
0 0.827637 0.385065 0.014648 0.019481 0.825195 0.380519 1.0 0.830078 0.379221 1.0 0.828125 0.384416 1.0 0.825195 0.388312 1.0 0.830078 0.388312 1.0
0 0.777344 0.392208 0.015625 0.025974 0.774414 0.390909 1.0 0.78125 0.390909 1.0 0.777344 0.397403 1.0 0.775391 0.401299 1.0 0.78125 0.4 1.0
0 0.742676 0.417532 0.016602 0.024675 0.740775 0.41534 1.0 0.747955 0.415497 1.0 0.745013 0.420038 1.0 0.742069 0.423481 1.0 0.747014 0.423638 1.0
0 0.70752 0.437013 0.018555 0.024675 0.705078 0.433766 1.0 0.712891 0.432468 1.0 0.709961 0.438961 1.0 0.706055 0.444156 1.0 0.714844 0.441558 1.0
0 0.672363 0.406494 0.010742 0.020779 0.672852 0.403896 1.0 0.677734 0.405195 1.0 0.676758 0.409091 1.0 0.671875 0.412987 1.0 0.676758 0.414286 1.0
0 0.635254 0.411039 0.014648 0.022078 0.630859 0.409091 1.0 0.638672 0.406494 1.0 0.634766 0.411688 1.0 0.633789 0.416883 1.0 0.638672 0.418182 1.0
0 0.643555 0.349351 0.009766 0.012987 0.643555 0.346753 1.0 0.648438 0.346753 1.0 0.646484 0.350649 1.0 0.643555 0.353247 1.0 0.645508 0.354545 1.0
0 0.660645 0.386364 0.010742 0.014286 0.65918 0.383117 1.0 0.666016 0.381818 1.0 0.662109 0.388312 1.0 0.660156 0.393506 1.0 0.665039 0.392208 1.0
0 0.646484 0.390909 0.009766 0.012987 0.645508 0.388312 1.0 0.650391 0.388312 1.0 0.648438 0.392208 1.0 0.646484 0.394805 1.0 0.649414 0.394805 1.0
0 0.587402 0.459091 0.014648 0.019481 0.584961 0.455844 1.0 0.592773 0.453247 1.0 0.591797 0.45974 1.0 0.588867 0.464935 1.0 0.592773 0.463636 1.0
0 0.535645 0.446753 0.016602 0.025974 0.533203 0.446753 1.0 0.540039 0.445455 1.0 0.539062 0.451948 1.0 0.537109 0.455844 1.0 0.542969 0.454545 1.0
0 0.425293 0.522727 0.022461 0.027273 0.42072 0.520664 1.0 0.429783 0.520664 1.0 0.425755 0.525447 1.0 0.421871 0.531186 1.0 0.428057 0.531569 1.0
0 0.505859 0.416234 0.013672 0.024675 0.502319 0.413312 1.0 0.508667 0.413312 1.0 0.505127 0.419156 1.0 0.50293 0.422727 1.0 0.507812 0.422727 1.0
0 0.41748 0.427273 0.014648 0.020779 0.415039 0.423377 1.0 0.422852 0.420779 1.0 0.421875 0.42987 1.0 0.417969 0.435065 1.0 0.422852 0.435065 1.0
0 0.443359 0.436364 0.013672 0.020779 0.440046 0.432143 1.0 0.445905 0.431447 1.0 0.44308 0.436317 1.0 0.442243 0.440492 1.0 0.445487 0.439935 1.0
0 0.459473 0.377922 0.010742 0.015584 0.459961 0.376623 1.0 0.467773 0.379221 1.0 0.462891 0.383117 1.0 0.459961 0.388312 1.0 0.464844 0.38961 1.0
0 0.500488 0.377273 0.010742 0.014286 0.498047 0.374026 1.0 0.501953 0.372727 1.0 0.5 0.377922 1.0 0.498047 0.380519 1.0 0.501953 0.380519 1.0
0 0.536133 0.361688 0.011719 0.016883 0.535156 0.358442 1.0 0.538086 0.357143 1.0 0.537109 0.361039 1.0 0.535156 0.364935 1.0 0.539062 0.363636 1.0
0 0.580566 0.345455 0.008789 0.015584 0.577148 0.346753 1.0 0.582031 0.344156 1.0 0.578125 0.350649 1.0 0.581055 0.351948 1.0 0.582031 0.351948 1.0
0 0.60498 0.397403 0.014648 0.020779 0.601562 0.397403 1.0 0.608398 0.397403 1.0 0.608398 0.403896 1.0 0.606445 0.407792 1.0 0.610352 0.405195 1.0
0 0.469727 0.361039 0.009766 0.012987 0.46582 0.357143 1.0 0.47168 0.355844 1.0 0.466797 0.35974 1.0 0.466797 0.364935 1.0 0.469727 0.362338 1.0
0 0.41748 0.364286 0.010742 0.016883 0.415039 0.364935 1.0 0.419922 0.364935 1.0 0.416992 0.367532 1.0 0.414062 0.371429 1.0 0.419922 0.371429 1.0
0 0.428223 0.386364 0.012695 0.016883 0.426823 0.382752 1.0 0.432373 0.383082 1.0 0.430468 0.387599 1.0 0.427817 0.391123 1.0 0.431545 0.391123 1.0
0 0.381836 0.392857 0.011719 0.016883 0.378906 0.390909 1.0 0.384766 0.38961 1.0 0.382812 0.393506 1.0 0.378906 0.398701 1.0 0.383789 0.4 1.0
0 0.39209 0.371429 0.008789 0.015584 0.389779 0.370443 1.0 0.393389 0.370443 1.0 0.391819 0.374304 1.0 0.390407 0.377435 1.0 0.394017 0.376913 1.0
0 0.045898 0.442208 0.015625 0.019481 0.042969 0.438961 1.0 0.050781 0.436364 1.0 0.048828 0.444156 1.0 0.044922 0.448052 1.0 0.053711 0.444156 1.0
0 0.098633 0.497403 0.013672 0.025974 0.100464 0.497078 1.0 0.100708 0.497403 1.0 0.103516 0.501948 1.0 0.101562 0.505032 1.0 0.101807 0.505357 1.0
0 0.144531 0.438312 0.013672 0.024675 0.144287 0.433442 1.0 0.148804 0.433442 1.0 0.146606 0.438149 1.0 0.144165 0.443182 1.0 0.147949 0.443182 1.0
0 0.197266 0.448052 0.015625 0.020779 0.194336 0.438961 1.0 0.201172 0.438961 1.0 0.198242 0.442857 1.0 0.193359 0.445455 1.0 0.202148 0.444156 1.0
0 0.187012 0.388961 0.008789 0.014286 0.185547 0.385714 1.0 0.19043 0.384416 1.0 0.189453 0.388312 1.0 0.186523 0.393506 1.0 0.19043 0.392208 1.0
0 0.239258 0.42013 0.009766 0.016883 0.239258 0.420779 1.0 0.244141 0.420779 1.0 0.244141 0.427273 1.0 0.239258 0.428571 1.0 0.244141 0.42987 1.0
0 0.272461 0.42987 0.011719 0.018182 0.275391 0.427273 1.0 0.280273 0.427273 1.0 0.277344 0.433766 1.0 0.275391 0.436364 1.0 0.279297 0.437662 1.0
0 0.285645 0.394156 0.010742 0.019481 0.28418 0.392208 1.0 0.288086 0.390909 1.0 0.287109 0.397403 1.0 0.285156 0.401299 1.0 0.290039 0.401299 1.0
0 0.334473 0.393506 0.010742 0.018182 0.334943 0.391999 1.0 0.338432 0.391187 1.0 0.337733 0.395245 1.0 0.336251 0.397797 1.0 0.339303 0.397217 1.0
0 0.348633 0.455844 0.015625 0.025974 0.0 0.0 0.0 0.0 0.0 0.0 0.0 0.0 0.0 0.0 0.0 0.0 0.0 0.0 0.0
0 0.848145 0.495455 0.018555 0.02987 0.849139 0.49106 1.0 0.85566 0.492243 1.0 0.853141 0.499734 1.0 0.847359 0.50407 1.0 0.849435 0.505253 1.0