0 0.67627 0.358724 0.02832 0.045573 0.675511 0.351388 1.0 0.684666 0.348482 1.0 0.684448 0.356039 1.0 0.677037 0.365048 1.0 0.683794 0.362142 1.0
0 0.607422 0.354818 0.039062 0.05599 0.606401 0.341105 1.0 0.622358 0.340042 1.0 0.618104 0.352098 1.0 0.609062 0.364862 1.0 0.623156 0.364508 1.0
0 0.506348 0.370443 0.030273 0.048177 0.501778 0.356794 1.0 0.516741 0.35619 1.0 0.510394 0.366164 1.0 0.50518 0.377651 1.0 0.514247 0.377046 1.0
0 0.448242 0.377604 0.042969 0.057292 0.443752 0.360444 1.0 0.461321 0.359363 1.0 0.454834 0.369094 1.0 0.444833 0.384952 1.0 0.461861 0.384591 1.0
0 0.413086 0.369141 0.021484 0.035156 0.412789 0.357184 1.0 0.420271 0.357184 1.0 0.41891 0.364892 1.0 0.412279 0.37396 1.0 0.420101 0.374413 1.0
0 0.375977 0.395182 0.027344 0.040365 0.374023 0.38151 1.0 0.386719 0.38151 1.0 0.383789 0.390625 1.0 0.37793 0.401042 1.0 0.388672 0.401042 1.0
0 0.32666 0.383464 0.018555 0.040365 0.326172 0.375 1.0 0.337891 0.375 1.0 0.333984 0.38151 1.0 0.329102 0.390625 1.0 0.335938 0.391927 1.0
0 0.277832 0.395833 0.018555 0.026042 0.273062 0.389113 1.0 0.281786 0.388608 1.0 0.276224 0.394508 1.0 0.272557 0.401419 1.0 0.281913 0.401419 1.0
0 0.219727 0.391276 0.017578 0.027344 0.215672 0.387492 1.0 0.224862 0.38623 1.0 0.219727 0.390736 1.0 0.217564 0.397223 1.0 0.224862 0.397043 1.0
0 0.246582 0.34375 0.016602 0.018229 0.244733 0.34003 1.0 0.25143 0.339193 1.0 0.249337 0.342681 1.0 0.246303 0.346866 1.0 0.250593 0.346447 1.0
0 0.256836 0.341146 0.009766 0.020833 0.0 0.0 0.0 0.0 0.0 0.0 0.0 0.0 0.0 0.0 0.0 0.0 0.0 0.0 0.0
0 0.269043 0.341146 0.008789 0.015625 0.0 0.0 0.0 0.0 0.0 0.0 0.0 0.0 0.0 0.0 0.0 0.0 0.0 0.0 0.0
0 0.280273 0.347005 0.009766 0.014323 0.279228 0.346913 1.0 0.281878 0.346913 1.0 0.280343 0.349888 1.0 0.279297 0.352121 1.0 0.280901 0.352214 1.0
0 0.215332 0.365234 0.016602 0.022135 0.209961 0.361979 1.0 0.21875 0.360677 1.0 0.214844 0.365885 1.0 0.211914 0.369792 1.0 0.21875 0.369792 1.0
0 0.178223 0.349609 0.008789 0.014323 0.176104 0.349214 1.0 0.179143 0.349411 1.0 0.177734 0.352673 1.0 0.176178 0.354452 1.0 0.178327 0.354551 1.0
0 0.188965 0.34375 0.010742 0.013021 0.0 0.0 0.0 0.0 0.0 0.0 0.0 0.0 0.0 0.0 0.0 0.0 0.0 0.0 0.0
0 0.012695 0.32487 0.005859 0.009115 0.0 0.0 0.0 0.0 0.0 0.0 0.0 0.0 0.0 0.0 0.0 0.0 0.0 0.0 0.0
0 0.157715 0.328125 0.004883 0.007812 0.0 0.0 0.0 0.0 0.0 0.0 0.0 0.0 0.0 0.0 0.0 0.0 0.0 0.0 0.0
0 0.119141 0.328125 0.005859 0.007812 0.0 0.0 0.0 0.0 0.0 0.0 0.0 0.0 0.0 0.0 0.0 0.0 0.0 0.0 0.0
0 0.112305 0.348307 0.007812 0.011719 0.0 0.0 0.0 0.0 0.0 0.0 0.0 0.0 0.0 0.0 0.0 0.0 0.0 0.0 0.0
0 0.180664 0.3125 0.005859 0.007812 0.0 0.0 0.0 0.0 0.0 0.0 0.0 0.0 0.0 0.0 0.0 0.0 0.0 0.0 0.0
0 0.208008 0.310547 0.005859 0.009115 0.0 0.0 0.0 0.0 0.0 0.0 0.0 0.0 0.0 0.0 0.0 0.0 0.0 0.0 0.0
0 0.266113 0.307943 0.006836 0.011719 0.0 0.0 0.0 0.0 0.0 0.0 0.0 0.0 0.0 0.0 0.0 0.0 0.0 0.0 0.0
0 0.166992 0.325521 0.005859 0.010417 0.0 0.0 0.0 0.0 0.0 0.0 0.0 0.0 0.0 0.0 0.0 0.0 0.0 0.0 0.0
0 0.393555 0.338542 0.011719 0.020833 0.391532 0.336216 1.0 0.396136 0.336216 1.0 0.393546 0.338902 1.0 0.392875 0.342866 1.0 0.395848 0.342866 1.0
0 0.524902 0.320312 0.006836 0.010417 0.0 0.0 0.0 0.0 0.0 0.0 0.0 0.0 0.0 0.0 0.0 0.0 0.0 0.0 0.0
0 0.72168 0.395182 0.035156 0.058594 0.722865 0.390439 1.0 0.734584 0.389323 1.0 0.736816 0.398996 1.0 0.729562 0.413504 1.0 0.736816 0.411645 1.0