0 0.040527 0.485423 0.024414 0.043732 0.034581 0.480555 1.0 0.045707 0.479124 1.0 0.040336 0.488286 1.0 0.036499 0.49573 1.0 0.046282 0.495159 1.0
0 0.115723 0.467201 0.018555 0.036443 0.110932 0.463921 1.0 0.119324 0.462327 1.0 0.115814 0.470071 1.0 0.112763 0.474627 1.0 0.120392 0.474171 1.0
0 0.162109 0.463557 0.019531 0.043732 0.154872 0.459469 1.0 0.161621 0.458071 1.0 0.155622 0.468424 1.0 0.155622 0.47542 1.0 0.162559 0.473742 1.0
0 0.209473 0.456997 0.016602 0.042274 0.0 0.0 0.0 0.0 0.0 0.0 0.0 0.0 0.0 0.0 0.0 0.0 0.0 0.0 0.0
0 0.299805 0.483965 0.015625 0.034985 0.0 0.0 0.0 0.0 0.0 0.0 0.0 0.0 0.0 0.0 0.0 0.0 0.0 0.0 0.0
0 0.106934 0.599854 0.010742 0.030612 0.0 0.0 0.0 0.0 0.0 0.0 0.0 0.0 0.0 0.0 0.0 0.0 0.0 0.0 0.0
0 0.103516 0.568513 0.015625 0.034985 0.09967 0.565962 1.0 0.105927 0.565278 1.0 0.100586 0.571656 1.0 0.101349 0.578717 1.0 0.104858 0.578034 1.0
0 0.092773 0.483965 0.015625 0.026239 0.0 0.0 0.0 0.0 0.0 0.0 0.0 0.0 0.0 0.0 0.0 0.0 0.0 0.0 0.0
0 0.071289 0.470845 0.013672 0.023324 0.0 0.0 0.0 0.0 0.0 0.0 0.0 0.0 0.0 0.0 0.0 0.0 0.0 0.0 0.0
0 0.313477 0.592566 0.019531 0.033528 0.312757 0.592351 1.0 0.319807 0.591063 1.0 0.317505 0.599437 1.0 0.31175 0.604162 1.0 0.319807 0.603948 1.0
0 0.365234 0.594023 0.017578 0.036443 0.367101 0.592357 1.0 0.372279 0.592357 1.0 0.370553 0.598917 1.0 0.36663 0.603837 1.0 0.37071 0.604071 1.0
0 0.533691 0.521137 0.026367 0.05102 0.527317 0.516503 1.0 0.540179 0.518131 1.0 0.533639 0.528217 1.0 0.527972 0.534399 1.0 0.538871 0.534074 1.0
0 0.613281 0.627551 0.015625 0.030612 0.611319 0.626822 1.0 0.618774 0.627994 1.0 0.615112 0.632289 1.0 0.61145 0.636583 1.0 0.616158 0.63795 1.0
0 0.359863 0.478863 0.018555 0.033528 0.355547 0.476716 1.0 0.362597 0.47736 1.0 0.357562 0.482729 1.0 0.355115 0.488098 1.0 0.362453 0.488742 1.0
0 0.382324 0.48105 0.020508 0.040816 0.375384 0.479748 1.0 0.382359 0.476624 1.0 0.378174 0.486255 1.0 0.37765 0.493805 1.0 0.384103 0.49016 1.0
0 0.404785 0.491254 0.016602 0.034985 0.398621 0.490525 1.0 0.401978 0.487792 1.0 0.398773 0.494397 1.0 0.401367 0.500547 1.0 0.404113 0.498952 1.0
0 0.442871 0.473761 0.014648 0.029155 0.439349 0.473032 1.0 0.447819 0.472655 1.0 0.4439 0.477561 1.0 0.441245 0.482845 1.0 0.444911 0.483035 1.0
0 0.412109 0.465743 0.017578 0.027697 0.0 0.0 0.0 0.0 0.0 0.0 0.0 0.0 0.0 0.0 0.0 0.0 0.0 0.0 0.0
0 0.418457 0.439504 0.014648 0.027697 0.421164 0.436465 1.0 0.424578 0.434883 1.0 0.426461 0.442439 1.0 0.422106 0.448063 1.0 0.425167 0.447886 1.0
0 0.332031 0.480321 0.013672 0.027697 0.0 0.0 0.0 0.0 0.0 0.0 0.0 0.0 0.0 0.0 0.0 0.0 0.0 0.0 0.0
0 0.321289 0.483236 0.011719 0.024781 0.0 0.0 0.0 0.0 0.0 0.0 0.0 0.0 0.0 0.0 0.0 0.0 0.0 0.0 0.0
0 0.374512 0.458455 0.012695 0.021866 0.0 0.0 0.0 0.0 0.0 0.0 0.0 0.0 0.0 0.0 0.0 0.0 0.0 0.0 0.0
0 0.478027 0.472303 0.016602 0.029155 0.47389 0.470819 1.0 0.480717 0.470819 1.0 0.476798 0.478179 1.0 0.473637 0.481765 1.0 0.47781 0.481765 1.0
0 0.494629 0.446793 0.016602 0.033528 0.48713 0.44341 1.0 0.493355 0.444073 1.0 0.48802 0.450047 1.0 0.488168 0.455579 1.0 0.492615 0.455579 1.0
0 0.504395 0.393586 0.012695 0.023324 0.501412 0.393007 1.0 0.507128 0.393755 1.0 0.503618 0.398694 1.0 0.501313 0.401688 1.0 0.505323 0.402137 1.0
0 0.483398 0.518222 0.027344 0.039359 0.476476 0.515625 1.0 0.478084 0.515359 1.0 0.474151 0.524964 1.0 0.48005 0.5287 1.0 0.480944 0.528431 1.0
0 0.553711 0.5 0.017578 0.034985 0.549813 0.496108 1.0 0.556632 0.497657 1.0 0.553667 0.503853 1.0 0.550999 0.508942 1.0 0.556483 0.509605 1.0
0 0.77832 0.504373 0.017578 0.037901 0.775679 0.50069 1.0 0.783465 0.50069 1.0 0.780317 0.507614 1.0 0.77485 0.512312 1.0 0.783299 0.51256 1.0
0 0.758789 0.491983 0.015625 0.030612 0.755946 0.491254 1.0 0.762617 0.490472 1.0 0.75987 0.497111 1.0 0.757777 0.502773 1.0 0.762486 0.502187 1.0
0 0.758789 0.437318 0.015625 0.029155 0.755755 0.439042 1.0 0.761697 0.438854 1.0 0.758789 0.445647 1.0 0.755881 0.449423 1.0 0.760686 0.449611 1.0
0 0.818848 0.520408 0.018555 0.026239 0.817199 0.517219 1.0 0.82438 0.519152 1.0 0.820731 0.526707 1.0 0.816376 0.529695 1.0 0.821084 0.531452 1.0
0 0.852539 0.498542 0.013672 0.026239 0.850402 0.49465 1.0 0.855582 0.494475 1.0 0.853228 0.499044 1.0 0.851227 0.506248 1.0 0.8557 0.506423 1.0
0 0.858398 0.450437 0.015625 0.03207 0.856794 0.448563 1.0 0.862096 0.44898 1.0 0.859863 0.453978 1.0 0.856794 0.459809 1.0 0.861397 0.460224 1.0
0 0.83252 0.462828 0.012695 0.021866 0.0 0.0 0.0 0.0 0.0 0.0 0.0 0.0 0.0 0.0 0.0 0.0 0.0 0.0 0.0
0 0.907715 0.491983 0.012695 0.027697 0.0 0.0 0.0 0.0 0.0 0.0 0.0 0.0 0.0 0.0 0.0 0.0 0.0 0.0 0.0
0 0.291992 0.479592 0.011719 0.026239 0.0 0.0 0.0 0.0 0.0 0.0 0.0 0.0 0.0 0.0 0.0 0.0 0.0 0.0 0.0
0 0.523438 0.454082 0.007812 0.016035 0.0 0.0 0.0 0.0 0.0 0.0 0.0 0.0 0.0 0.0 0.0 0.0 0.0 0.0 0.0
0 0.434082 0.594752 0.018555 0.029155 0.42841 0.592325 1.0 0.43549 0.592136 1.0 0.430307 0.59893 1.0 0.429169 0.603271 1.0 0.432835 0.603459 1.0
0 0.939941 0.580904 0.012695 0.01895 0.935982 0.576602 1.0 0.94087 0.576726 1.0 0.937805 0.581548 1.0 0.936729 0.585752 1.0 0.939876 0.585876 1.0
0 0.986328 0.488338 0.015625 0.026239 0.0 0.0 0.0 0.0 0.0 0.0 0.0 0.0 0.0 0.0 0.0 0.0 0.0 0.0 0.0
0 0.949707 0.620991 0.008789 0.017493 0.0 0.0 0.0 0.0 0.0 0.0 0.0 0.0 0.0 0.0 0.0 0.0 0.0 0.0 0.0