0 0.131348 0.213528 0.038086 0.061008 0.121791 0.206707 1.0 0.139928 0.204782 1.0 0.13256 0.217098 1.0 0.124342 0.227489 1.0 0.140494 0.22595 1.0
0 0.267578 0.161804 0.037109 0.066313 0.256836 0.149867 1.0 0.277344 0.151194 1.0 0.267578 0.164456 1.0 0.260742 0.17374 1.0 0.274414 0.17374 1.0
0 0.386719 0.116711 0.041016 0.066313 0.375977 0.107427 1.0 0.395508 0.104775 1.0 0.385742 0.12069 1.0 0.378906 0.129973 1.0 0.394531 0.127321 1.0
0 0.512207 0.12069 0.038086 0.06366 0.50293 0.105675 1.0 0.523682 0.10648 1.0 0.512713 0.119767 1.0 0.505598 0.13104 1.0 0.520124 0.131845 1.0
0 0.634277 0.127984 0.038086 0.049072 0.625083 0.114484 1.0 0.643224 0.11111 1.0 0.635271 0.124609 1.0 0.628313 0.134733 1.0 0.645957 0.132708 1.0
0 0.754395 0.171751 0.040039 0.059682 0.745392 0.158695 1.0 0.764344 0.158322 1.0 0.752808 0.172496 1.0 0.746216 0.182195 1.0 0.76352 0.181076 1.0
0 0.721191 0.293767 0.038086 0.067639 0.712855 0.28671 1.0 0.732631 0.287135 1.0 0.721645 0.302056 1.0 0.713483 0.30845 1.0 0.731376 0.308877 1.0
0 0.600586 0.275862 0.041016 0.068966 0.586583 0.264826 1.0 0.607906 0.265257 1.0 0.595176 0.283844 1.0 0.589447 0.289462 1.0 0.605996 0.289894 1.0
0 0.490723 0.286472 0.040039 0.068966 0.480368 0.275436 1.0 0.502328 0.275436 1.0 0.491825 0.288834 1.0 0.482914 0.299641 1.0 0.500736 0.297479 1.0
0 0.364258 0.287135 0.041016 0.075597 0.356236 0.280788 1.0 0.375419 0.28221 1.0 0.366351 0.294524 1.0 0.355538 0.302103 1.0 0.374721 0.303997 1.0
0 0.229492 0.331565 0.041016 0.074271 0.221331 0.323134 1.0 0.242606 0.322187 1.0 0.232491 0.338765 1.0 0.222028 0.349659 1.0 0.239467 0.350133 1.0
0 0.30957 0.516578 0.042969 0.088859 0.299216 0.507578 1.0 0.32448 0.507578 1.0 0.31247 0.526141 1.0 0.300873 0.536265 1.0 0.321167 0.536265 1.0
0 0.185547 0.607427 0.046875 0.084881 0.174072 0.597574 1.0 0.19526 0.598641 1.0 0.187805 0.616225 1.0 0.174857 0.623686 1.0 0.196437 0.624219 1.0
0 0.438965 0.484748 0.043945 0.078249 0.430154 0.478359 1.0 0.452227 0.477867 1.0 0.440647 0.493594 1.0 0.430154 0.502439 1.0 0.450779 0.501456 1.0
0 0.57373 0.473475 0.043945 0.074271 0.564453 0.461538 1.0 0.59082 0.465517 1.0 0.577148 0.481432 1.0 0.563477 0.488064 1.0 0.583984 0.490716 1.0
0 0.675781 0.598143 0.048828 0.084881 0.659599 0.58829 1.0 0.685103 0.58829 1.0 0.671762 0.607475 1.0 0.665092 0.616533 1.0 0.683533 0.616533 1.0
0 0.875488 0.220822 0.036133 0.062334 0.864066 0.213516 1.0 0.882481 0.214297 1.0 0.87126 0.227584 1.0 0.866943 0.23579 1.0 0.88018 0.234618 1.0