0 0.129883 0.448052 0.046875 0.072727 0.111328 0.42987 1.0 0.126953 0.431169 1.0 0.112305 0.445455 1.0 0.110352 0.463636 1.0 0.125 0.464935 1.0
0 0.333984 0.440909 0.111328 0.175325 0.294015 0.386456 1.0 0.333984 0.388671 1.0 0.293183 0.426322 1.0 0.291517 0.472831 1.0 0.328155 0.471725 1.0
0 0.165039 0.30974 0.027344 0.04026 0.172873 0.30196 1.0 0.174186 0.30196 1.0 0.176623 0.312181 1.0 0.167812 0.31966 1.0 0.168374 0.320158 1.0
0 0.04834 0.281818 0.024414 0.046753 0.053711 0.276623 1.0 0.060547 0.275325 1.0 0.05957 0.284416 1.0 0.053711 0.292208 1.0 0.05957 0.292208 1.0
0 0.233887 0.3 0.016602 0.031169 0.239258 0.292208 1.0 0.242188 0.290909 1.0 0.242188 0.3 1.0 0.237305 0.306494 1.0 0.242188 0.306494 1.0
0 0.541504 0.474026 0.03418 0.051948 0.530827 0.464123 1.0 0.543998 0.464784 1.0 0.533312 0.47536 1.0 0.531572 0.486265 1.0 0.540519 0.487257 1.0
0 0.499023 0.454545 0.017578 0.031169 0.493539 0.447055 1.0 0.50095 0.445871 1.0 0.495614 0.452377 1.0 0.49428 0.460656 1.0 0.500506 0.461839 1.0
0 0.43457 0.508442 0.025391 0.04026 0.427734 0.502597 1.0 0.438477 0.502597 1.0 0.431641 0.511688 1.0 0.429688 0.518182 1.0 0.435547 0.520779 1.0
0 0.698242 0.431169 0.056641 0.077922 0.680961 0.407357 1.0 0.702824 0.408343 1.0 0.68726 0.418692 1.0 0.682442 0.443332 1.0 0.696896 0.444318 1.0
0 0.605469 0.496104 0.015625 0.028571 0.601493 0.48961 1.0 0.609026 0.488869 1.0 0.604562 0.494248 1.0 0.601074 0.501856 1.0 0.607771 0.502226 1.0
0 0.526855 0.512987 0.020508 0.033766 0.0 0.0 0.0 0.0 0.0 0.0 0.0 0.0 0.0 0.0 0.0 0.0 0.0 0.0 0.0
0 0.473145 0.374026 0.012695 0.020779 0.0 0.0 0.0 0.0 0.0 0.0 0.0 0.0 0.0 0.0 0.0 0.0 0.0 0.0 0.0
0 0.454102 0.351948 0.015625 0.028571 0.0 0.0 0.0 0.0 0.0 0.0 0.0 0.0 0.0 0.0 0.0 0.0 0.0 0.0 0.0
0 0.651855 0.401299 0.008789 0.018182 0.654244 0.399768 1.0 0.65686 0.399304 1.0 0.655988 0.402551 1.0 0.65407 0.404755 1.0 0.657035 0.404986 1.0
0 0.560547 0.380519 0.009766 0.018182 0.0 0.0 0.0 0.0 0.0 0.0 0.0 0.0 0.0 0.0 0.0 0.0 0.0 0.0 0.0
0 0.521973 0.39026 0.010742 0.016883 0.0 0.0 0.0 0.0 0.0 0.0 0.0 0.0 0.0 0.0 0.0 0.0 0.0 0.0 0.0
0 0.793457 0.418182 0.041992 0.057143 0.781922 0.403652 1.0 0.801422 0.402557 1.0 0.789611 0.410958 1.0 0.782745 0.431413 1.0 0.798676 0.429221 1.0
0 0.847656 0.47013 0.027344 0.044156 0.841797 0.461039 1.0 0.853516 0.462338 1.0 0.84668 0.467532 1.0 0.842773 0.475325 1.0 0.849609 0.476623 1.0
0 0.885742 0.474675 0.015625 0.027273 0.883789 0.47013 1.0 0.891602 0.471429 1.0 0.887695 0.476623 1.0 0.885742 0.480519 1.0 0.889648 0.480519 1.0
0 0.898926 0.477922 0.012695 0.023377 0.897112 0.471499 1.0 0.901646 0.471951 1.0 0.899379 0.476322 1.0 0.896886 0.481447 1.0 0.900739 0.482201 1.0
0 0.495117 0.40974 0.009766 0.016883 0.0 0.0 0.0 0.0 0.0 0.0 0.0 0.0 0.0 0.0 0.0 0.0 0.0 0.0 0.0