0 0.006348 0.1401 0.010742 0.026152 0.0 0.138232 1.0 0.001953 0.138232 1.0 0.0 0.141968 1.0 0.0 0.146949 1.0 0.001953 0.146949 1.0
0 0.067871 0.227895 0.032227 0.049813 0.065644 0.220935 1.0 0.078565 0.219034 1.0 0.074341 0.232026 1.0 0.066389 0.240899 1.0 0.075583 0.240265 1.0
0 0.109863 0.156912 0.020508 0.034869 0.102888 0.154466 1.0 0.110387 0.155355 1.0 0.104632 0.161359 1.0 0.103585 0.166919 1.0 0.107422 0.167141 1.0
0 0.123047 0.193026 0.03125 0.054795 0.125305 0.188902 1.0 0.136017 0.188902 1.0 0.132721 0.197308 1.0 0.124756 0.208516 1.0 0.133545 0.208164 1.0
0 0.138184 0.208593 0.014648 0.036115 0.126613 0.19013 1.0 0.135193 0.190585 1.0 0.130188 0.198107 1.0 0.12572 0.208137 1.0 0.131618 0.208593 1.0
0 0.200195 0.214819 0.033203 0.063512 0.196354 0.209138 1.0 0.210676 0.210355 1.0 0.206539 0.219284 1.0 0.1989 0.228212 1.0 0.210039 0.228618 1.0
0 0.233398 0.18929 0.023438 0.03736 0.230469 0.191781 1.0 0.242188 0.191781 1.0 0.236328 0.196762 1.0 0.232422 0.201743 1.0 0.239258 0.202989 1.0
0 0.260254 0.171856 0.018555 0.032379 0.255406 0.169164 1.0 0.262987 0.16937 1.0 0.257825 0.174924 1.0 0.255406 0.179244 1.0 0.261697 0.17945 1.0
0 0.311523 0.186177 0.027344 0.05604 0.0 0.0 0.0 0.0 0.0 0.0 0.0 0.0 0.0 0.0 0.0 0.0 0.0 0.0 0.0
0 0.240234 0.252802 0.039062 0.07472 0.242964 0.245091 1.0 0.257045 0.243674 1.0 0.257045 0.255015 1.0 0.244816 0.272499 1.0 0.25371 0.272499 1.0
0 0.373047 0.237858 0.035156 0.069738 0.371861 0.232965 1.0 0.386161 0.232076 1.0 0.384417 0.244085 1.0 0.374651 0.256983 1.0 0.385812 0.256538 1.0
0 0.36377 0.17746 0.026367 0.046077 0.0 0.0 0.0 0.0 0.0 0.0 0.0 0.0 0.0 0.0 0.0 0.0 0.0 0.0 0.0
0 0.380859 0.202989 0.027344 0.042341 0.0 0.0 0.0 0.0 0.0 0.0 0.0 0.0 0.0 0.0 0.0 0.0 0.0 0.0 0.0
0 0.449707 0.199875 0.032227 0.061021 0.450195 0.194271 1.0 0.462891 0.195517 1.0 0.459961 0.20797 1.0 0.450195 0.217933 1.0 0.459961 0.217933 1.0
0 0.553223 0.166874 0.022461 0.03736 0.556483 0.15908 1.0 0.563607 0.161232 1.0 0.56192 0.167925 1.0 0.553859 0.174141 1.0 0.560982 0.176291 1.0
0 0.508301 0.227895 0.024414 0.039851 0.0 0.0 0.0 0.0 0.0 0.0 0.0 0.0 0.0 0.0 0.0 0.0 0.0 0.0 0.0
0 0.551758 0.234122 0.029297 0.052304 0.546334 0.22954 1.0 0.560722 0.228874 1.0 0.557582 0.23888 1.0 0.548427 0.247888 1.0 0.56046 0.247888 1.0
0 0.52832 0.272727 0.037109 0.067248 0.528495 0.267679 1.0 0.542079 0.267679 1.0 0.539098 0.280777 1.0 0.528495 0.292608 1.0 0.539098 0.293031 1.0
0 0.641113 0.156289 0.016602 0.028643 0.0 0.0 0.0 0.0 0.0 0.0 0.0 0.0 0.0 0.0 0.0 0.0 0.0 0.0 0.0
0 0.649414 0.232877 0.035156 0.064757 0.650665 0.224137 1.0 0.664986 0.223325 1.0 0.664669 0.234689 1.0 0.653529 0.245646 1.0 0.663714 0.243212 1.0
0 0.70166 0.192403 0.020508 0.043587 0.696289 0.18929 1.0 0.708984 0.188045 1.0 0.703125 0.195517 1.0 0.697266 0.205479 1.0 0.706055 0.205479 1.0
0 0.696777 0.227273 0.024414 0.046077 0.692889 0.222603 1.0 0.702637 0.222025 1.0 0.698783 0.231275 1.0 0.694249 0.237346 1.0 0.701503 0.237057 1.0
0 0.756836 0.237858 0.025391 0.047323 0.756565 0.233655 1.0 0.766218 0.233955 1.0 0.763628 0.244763 1.0 0.758449 0.251667 1.0 0.765041 0.251367 1.0
0 0.773438 0.229763 0.019531 0.043587 0.0 0.0 0.0 0.0 0.0 0.0 0.0 0.0 0.0 0.0 0.0 0.0 0.0 0.0 0.0
0 0.694336 0.318182 0.037109 0.073474 0.697828 0.309553 1.0 0.70977 0.30863 1.0 0.712664 0.319244 1.0 0.701085 0.33401 1.0 0.710493 0.334471 1.0
0 0.806152 0.277086 0.03418 0.063512 0.806292 0.274462 1.0 0.819161 0.272861 1.0 0.817278 0.281267 1.0 0.812569 0.295677 1.0 0.818534 0.295677 1.0
0 0.806641 0.250311 0.03125 0.047323 0.0 0.0 0.0 0.0 0.0 0.0 0.0 0.0 0.0 0.0 0.0 0.0 0.0 0.0 0.0
0 0.866211 0.215442 0.023438 0.03736 0.862349 0.208365 1.0 0.873783 0.208126 1.0 0.870222 0.215298 1.0 0.864223 0.222709 1.0 0.874346 0.222709 1.0
0 0.907227 0.217933 0.027344 0.052304 0.911935 0.21393 1.0 0.920306 0.211262 1.0 0.920829 0.220935 1.0 0.913243 0.230941 1.0 0.920829 0.229608 1.0
0 0.87207 0.333748 0.037109 0.07721 0.875802 0.328856 1.0 0.885394 0.329834 1.0 0.888847 0.341577 1.0 0.876569 0.354296 1.0 0.880406 0.354786 1.0
0 0.973633 0.248443 0.039062 0.073474 0.976998 0.237831 1.0 0.990387 0.237831 1.0 0.99111 0.250289 1.0 0.978084 0.264132 1.0 0.987854 0.263671 1.0
0 0.986328 0.209838 0.027344 0.063512 0.0 0.0 0.0 0.0 0.0 0.0 0.0 0.0 0.0 0.0 0.0 0.0 0.0 0.0 0.0
0 0.054199 0.179328 0.022461 0.029888 0.0 0.0 0.0 0.0 0.0 0.0 0.0 0.0 0.0 0.0 0.0 0.0 0.0 0.0 0.0