0 0.006836 0.089312 0.013672 0.029283 0.0 0.0 0.0 0.0 0.0 0.0 0.0 0.0 0.0 0.0 0.0 0.0 0.0 0.0 0.0
0 0.047852 0.106881 0.015625 0.029283 0.0 0.0 0.0 0.0 0.0 0.0 0.0 0.0 0.0 0.0 0.0 0.0 0.0 0.0 0.0
0 0.083496 0.09224 0.014648 0.029283 0.084351 0.088619 1.0 0.08932 0.087835 1.0 0.08932 0.095874 1.0 0.08592 0.100384 1.0 0.089451 0.099796 1.0
0 0.129883 0.047584 0.015625 0.02489 0.0 0.0 0.0 0.0 0.0 0.0 0.0 0.0 0.0 0.0 0.0 0.0 0.0 0.0 0.0
0 0.147461 0.135432 0.013672 0.02489 0.0 0.0 0.0 0.0 0.0 0.0 0.0 0.0 0.0 0.0 0.0 0.0 0.0 0.0 0.0
0 0.166992 0.114202 0.015625 0.029283 0.0 0.0 0.0 0.0 0.0 0.0 0.0 0.0 0.0 0.0 0.0 0.0 0.0 0.0 0.0
0 0.149414 0.101025 0.011719 0.026354 0.0 0.0 0.0 0.0 0.0 0.0 0.0 0.0 0.0 0.0 0.0 0.0 0.0 0.0 0.0
0 0.187012 0.040996 0.012695 0.023426 0.0 0.0 0.0 0.0 0.0 0.0 0.0 0.0 0.0 0.0 0.0 0.0 0.0 0.0 0.0
0 0.211914 0.035139 0.013672 0.026354 0.0 0.0 0.0 0.0 0.0 0.0 0.0 0.0 0.0 0.0 0.0 0.0 0.0 0.0 0.0
0 0.219238 0.065886 0.014648 0.026354 0.0 0.0 0.0 0.0 0.0 0.0 0.0 0.0 0.0 0.0 0.0 0.0 0.0 0.0 0.0
0 0.22168 0.147145 0.011719 0.027818 0.0 0.0 0.0 0.0 0.0 0.0 0.0 0.0 0.0 0.0 0.0 0.0 0.0 0.0 0.0
0 0.20752 0.145681 0.012695 0.030747 0.202437 0.143654 1.0 0.210274 0.140007 1.0 0.208112 0.149734 1.0 0.207031 0.154394 1.0 0.212302 0.151962 1.0
0 0.243164 0.112006 0.015625 0.027818 0.0 0.0 0.0 0.0 0.0 0.0 0.0 0.0 0.0 0.0 0.0 0.0 0.0 0.0 0.0
0 0.005371 0.150073 0.010742 0.027818 0.00061 0.147511 1.0 0.004883 0.147877 1.0 0.000244 0.153734 1.0 0.001465 0.158492 1.0 0.005737 0.159407 1.0
0 0.069824 0.142753 0.016602 0.027818 0.0 0.0 0.0 0.0 0.0 0.0 0.0 0.0 0.0 0.0 0.0 0.0 0.0 0.0 0.0
0 0.10498 0.234993 0.018555 0.033675 0.100298 0.225372 1.0 0.109488 0.225149 1.0 0.105782 0.233594 1.0 0.101929 0.240706 1.0 0.109044 0.240483 1.0
0 0.166504 0.245974 0.018555 0.032211 0.0 0.0 0.0 0.0 0.0 0.0 0.0 0.0 0.0 0.0 0.0 0.0 0.0 0.0 0.0
0 0.202637 0.306735 0.018555 0.033675 0.0 0.0 0.0 0.0 0.0 0.0 0.0 0.0 0.0 0.0 0.0 0.0 0.0 0.0 0.0
0 0.099121 0.338214 0.020508 0.040996 0.094971 0.328906 1.0 0.104911 0.329952 1.0 0.100377 0.336488 1.0 0.095319 0.345638 1.0 0.102818 0.3459 1.0
0 0.064941 0.34041 0.018555 0.030747 0.0 0.0 0.0 0.0 0.0 0.0 0.0 0.0 0.0 0.0 0.0 0.0 0.0 0.0 0.0
0 0.070312 0.284773 0.019531 0.030747 0.0 0.0 0.0 0.0 0.0 0.0 0.0 0.0 0.0 0.0 0.0 0.0 0.0 0.0 0.0
0 0.037598 0.307467 0.020508 0.035139 0.0 0.0 0.0 0.0 0.0 0.0 0.0 0.0 0.0 0.0 0.0 0.0 0.0 0.0 0.0
0 0.035156 0.431186 0.025391 0.045388 0.0 0.0 0.0 0.0 0.0 0.0 0.0 0.0 0.0 0.0 0.0 0.0 0.0 0.0 0.0
0 0.117188 0.394583 0.023438 0.04246 0.112671 0.383968 1.0 0.122925 0.383968 1.0 0.117798 0.392204 1.0 0.115051 0.401262 1.0 0.12146 0.401262 1.0
0 0.165527 0.417277 0.026367 0.043924 0.162842 0.403458 1.0 0.174377 0.40593 1.0 0.167969 0.411145 1.0 0.161926 0.42048 1.0 0.170898 0.42295 1.0
0 0.009277 0.421669 0.018555 0.040996 0.0 0.0 0.0 0.0 0.0 0.0 0.0 0.0 0.0 0.0 0.0 0.0 0.0 0.0 0.0
0 0.111328 0.515373 0.035156 0.055637 0.0 0.0 0.0 0.0 0.0 0.0 0.0 0.0 0.0 0.0 0.0 0.0 0.0 0.0 0.0
0 0.208496 0.427526 0.030273 0.055637 0.203064 0.416231 1.0 0.213894 0.41729 1.0 0.208479 0.425054 1.0 0.204712 0.434937 1.0 0.210833 0.435291 1.0
0 0.084961 0.497072 0.029297 0.054173 0.0 0.0 0.0 0.0 0.0 0.0 0.0 0.0 0.0 0.0 0.0 0.0 0.0 0.0 0.0
0 0.219238 0.591508 0.036133 0.064422 0.21106 0.572657 1.0 0.227539 0.573482 1.0 0.219849 0.583776 1.0 0.213257 0.594482 1.0 0.225067 0.594893 1.0
0 0.017578 0.885798 0.035156 0.105417 0.006905 0.877804 1.0 0.024959 0.871202 1.0 0.028481 0.890347 1.0 0.017914 0.911473 1.0 0.032004 0.906851 1.0
0 0.031738 0.873353 0.041992 0.083455 0.024623 0.854423 1.0 0.039271 0.852332 1.0 0.03404 0.871679 1.0 0.029854 0.891026 1.0 0.041364 0.889458 1.0
0 0.10498 0.920205 0.049805 0.095168 0.095756 0.905643 1.0 0.117013 0.904439 1.0 0.107788 0.92669 1.0 0.099767 0.944127 1.0 0.11581 0.943527 1.0
0 0.303223 0.622255 0.038086 0.064422 0.297455 0.606698 1.0 0.312012 0.608757 1.0 0.305694 0.624406 1.0 0.298279 0.634288 1.0 0.310363 0.635523 1.0
0 0.253906 0.346999 0.025391 0.046852 0.249002 0.335972 1.0 0.261165 0.335972 1.0 0.255279 0.343619 1.0 0.251552 0.355091 1.0 0.258419 0.355091 1.0
0 0.29248 0.376281 0.020508 0.035139 0.0 0.0 0.0 0.0 0.0 0.0 0.0 0.0 0.0 0.0 0.0 0.0 0.0 0.0 0.0
0 0.331543 0.36896 0.018555 0.038067 0.0 0.0 0.0 0.0 0.0 0.0 0.0 0.0 0.0 0.0 0.0 0.0 0.0 0.0 0.0
0 0.34668 0.395315 0.023438 0.040996 0.344657 0.384072 1.0 0.353202 0.385641 1.0 0.348319 0.388779 1.0 0.34361 0.397407 1.0 0.351109 0.39976 1.0
0 0.37207 0.396779 0.025391 0.046852 0.369176 0.382085 1.0 0.379604 0.38419 1.0 0.373588 0.390504 1.0 0.369176 0.40193 1.0 0.375994 0.40223 1.0
0 0.396484 0.41142 0.027344 0.046852 0.393389 0.39793 1.0 0.403016 0.39793 1.0 0.397199 0.404845 1.0 0.394993 0.415669 1.0 0.402413 0.415669 1.0
0 0.430664 0.456808 0.025391 0.046852 0.426653 0.445082 1.0 0.439287 0.445082 1.0 0.433472 0.452599 1.0 0.427856 0.458914 1.0 0.440892 0.458612 1.0
0 0.469238 0.473646 0.024414 0.039531 0.464277 0.463723 1.0 0.475045 0.465214 1.0 0.468419 0.472168 1.0 0.465271 0.480613 1.0 0.472229 0.48111 1.0
0 0.444824 0.345534 0.022461 0.032211 0.0 0.0 0.0 0.0 0.0 0.0 0.0 0.0 0.0 0.0 0.0 0.0 0.0 0.0 0.0
0 0.494141 0.35798 0.021484 0.039531 0.488913 0.343515 1.0 0.500135 0.341476 1.0 0.495204 0.353966 1.0 0.488063 0.363908 1.0 0.497925 0.364417 1.0
0 0.38623 0.557101 0.026367 0.045388 0.0 0.0 0.0 0.0 0.0 0.0 0.0 0.0 0.0 0.0 0.0 0.0 0.0 0.0 0.0
0 0.241699 0.458272 0.026367 0.04978 0.0 0.0 0.0 0.0 0.0 0.0 0.0 0.0 0.0 0.0 0.0 0.0 0.0 0.0 0.0
0 0.487305 0.614202 0.037109 0.051245 0.481148 0.593378 1.0 0.496216 0.592672 1.0 0.490565 0.606791 1.0 0.48468 0.623026 1.0 0.494097 0.622321 1.0
0 0.322754 0.736457 0.036133 0.055637 0.0 0.0 0.0 0.0 0.0 0.0 0.0 0.0 0.0 0.0 0.0 0.0 0.0 0.0 0.0
0 0.378906 0.736457 0.035156 0.061493 0.37173 0.716829 1.0 0.387936 0.71837 1.0 0.380476 0.730712 1.0 0.375074 0.738038 1.0 0.383305 0.738425 1.0
0 0.429688 0.748902 0.037109 0.068814 0.421431 0.732208 1.0 0.436681 0.733072 1.0 0.431789 0.749032 1.0 0.42402 0.761111 1.0 0.436393 0.761111 1.0
0 0.479004 0.760615 0.036133 0.065886 0.0 0.0 0.0 0.0 0.0 0.0 0.0 0.0 0.0 0.0 0.0 0.0 0.0 0.0 0.0
0 0.529785 0.825037 0.038086 0.068814 0.526908 0.809206 1.0 0.536115 0.80748 1.0 0.53295 0.820422 1.0 0.528347 0.835952 1.0 0.535828 0.834657 1.0
0 0.638184 0.784041 0.041992 0.068814 0.0 0.0 0.0 0.0 0.0 0.0 0.0 0.0 0.0 0.0 0.0 0.0 0.0 0.0 0.0
0 0.720703 0.809663 0.048828 0.079063 0.0 0.0 0.0 0.0 0.0 0.0 0.0 0.0 0.0 0.0 0.0 0.0 0.0 0.0 0.0
0 0.768555 0.856515 0.048828 0.081991 0.755859 0.830893 1.0 0.776786 0.825141 1.0 0.767021 0.842397 1.0 0.762486 0.864359 1.0 0.778181 0.859653 1.0
0 0.930664 0.814788 0.042969 0.077599 0.0 0.0 0.0 0.0 0.0 0.0 0.0 0.0 0.0 0.0 0.0 0.0 0.0 0.0 0.0
0 0.913574 0.649341 0.036133 0.062958 0.909302 0.630777 1.0 0.922816 0.629968 1.0 0.916329 0.642124 1.0 0.909843 0.651041 1.0 0.920384 0.649824 1.0
0 0.847656 0.658126 0.035156 0.051245 0.0 0.0 0.0 0.0 0.0 0.0 0.0 0.0 0.0 0.0 0.0 0.0 0.0 0.0 0.0
0 0.567871 0.650805 0.03418 0.057101 0.55971 0.634962 1.0 0.576974 0.635681 1.0 0.57122 0.648981 1.0 0.562348 0.658688 1.0 0.578893 0.658688 1.0
0 0.516113 0.655198 0.038086 0.054173 0.0 0.0 0.0 0.0 0.0 0.0 0.0 0.0 0.0 0.0 0.0 0.0 0.0 0.0 0.0
0 0.617188 0.680088 0.03125 0.054173 0.612357 0.673578 1.0 0.624825 0.674597 1.0 0.618705 0.682414 1.0 0.613717 0.687854 1.0 0.623692 0.689212 1.0
0 0.756836 0.625183 0.029297 0.046852 0.0 0.0 0.0 0.0 0.0 0.0 0.0 0.0 0.0 0.0 0.0 0.0 0.0 0.0 0.0
0 0.605957 0.543192 0.026367 0.046852 0.0 0.0 0.0 0.0 0.0 0.0 0.0 0.0 0.0 0.0 0.0 0.0 0.0 0.0 0.0
0 0.663086 0.499268 0.023438 0.040996 0.0 0.0 0.0 0.0 0.0 0.0 0.0 0.0 0.0 0.0 0.0 0.0 0.0 0.0 0.0
0 0.686523 0.541728 0.029297 0.046852 0.0 0.0 0.0 0.0 0.0 0.0 0.0 0.0 0.0 0.0 0.0 0.0 0.0 0.0 0.0
0 0.518555 0.404832 0.023438 0.036603 0.513985 0.397511 1.0 0.525286 0.397981 1.0 0.520421 0.406688 1.0 0.516183 0.413041 1.0 0.522618 0.413277 1.0
0 0.552734 0.409224 0.023438 0.036603 0.549988 0.398086 1.0 0.56015 0.397845 1.0 0.554666 0.408243 1.0 0.551117 0.414531 1.0 0.557085 0.41429 1.0
0 0.629883 0.415813 0.025391 0.043924 0.0 0.0 0.0 0.0 0.0 0.0 0.0 0.0 0.0 0.0 0.0 0.0 0.0 0.0 0.0
0 0.149414 0.186676 0.013672 0.021962 0.0 0.0 0.0 0.0 0.0 0.0 0.0 0.0 0.0 0.0 0.0 0.0 0.0 0.0 0.0
0 0.172363 0.193997 0.012695 0.021962 0.0 0.0 0.0 0.0 0.0 0.0 0.0 0.0 0.0 0.0 0.0 0.0 0.0 0.0 0.0
0 0.199707 0.218155 0.014648 0.023426 0.0 0.0 0.0 0.0 0.0 0.0 0.0 0.0 0.0 0.0 0.0 0.0 0.0 0.0 0.0
0 0.214844 0.234993 0.015625 0.02489 0.0 0.0 0.0 0.0 0.0 0.0 0.0 0.0 0.0 0.0 0.0 0.0 0.0 0.0 0.0
0 0.227051 0.263543 0.016602 0.029283 0.0 0.0 0.0 0.0 0.0 0.0 0.0 0.0 0.0 0.0 0.0 0.0 0.0 0.0 0.0
0 0.257812 0.247438 0.015625 0.026354 0.255249 0.243764 1.0 0.261257 0.244785 1.0 0.257629 0.249883 1.0 0.255362 0.253451 1.0 0.259896 0.254302 1.0
0 0.286621 0.254026 0.018555 0.030747 0.0 0.0 0.0 0.0 0.0 0.0 0.0 0.0 0.0 0.0 0.0 0.0 0.0 0.0 0.0
0 0.23584 0.31918 0.018555 0.029283 0.0 0.0 0.0 0.0 0.0 0.0 0.0 0.0 0.0 0.0 0.0 0.0 0.0 0.0 0.0
0 0.219727 0.31918 0.015625 0.035139 0.0 0.0 0.0 0.0 0.0 0.0 0.0 0.0 0.0 0.0 0.0 0.0 0.0 0.0 0.0
0 0.321289 0.283309 0.017578 0.033675 0.0 0.0 0.0 0.0 0.0 0.0 0.0 0.0 0.0 0.0 0.0 0.0 0.0 0.0 0.0
0 0.34375 0.29795 0.019531 0.030747 0.0 0.0 0.0 0.0 0.0 0.0 0.0 0.0 0.0 0.0 0.0 0.0 0.0 0.0 0.0
0 0.369141 0.302343 0.023438 0.033675 0.0 0.0 0.0 0.0 0.0 0.0 0.0 0.0 0.0 0.0 0.0 0.0 0.0 0.0 0.0
0 0.333008 0.227672 0.015625 0.027818 0.0 0.0 0.0 0.0 0.0 0.0 0.0 0.0 0.0 0.0 0.0 0.0 0.0 0.0 0.0
0 0.402832 0.31918 0.024414 0.035139 0.0 0.0 0.0 0.0 0.0 0.0 0.0 0.0 0.0 0.0 0.0 0.0 0.0 0.0 0.0
0 0.411621 0.260615 0.018555 0.029283 0.0 0.0 0.0 0.0 0.0 0.0 0.0 0.0 0.0 0.0 0.0 0.0 0.0 0.0 0.0
0 0.436035 0.275988 0.018555 0.030747 0.0 0.0 0.0 0.0 0.0 0.0 0.0 0.0 0.0 0.0 0.0 0.0 0.0 0.0 0.0
0 0.279785 0.098829 0.016602 0.033675 0.275591 0.094319 1.0 0.281224 0.094097 1.0 0.277222 0.100097 1.0 0.277222 0.105874 1.0 0.282262 0.105653 1.0
0 0.355469 0.087848 0.015625 0.023426 0.0 0.0 0.0 0.0 0.0 0.0 0.0 0.0 0.0 0.0 0.0 0.0 0.0 0.0 0.0
0 0.337891 0.066618 0.015625 0.030747 0.0 0.0 0.0 0.0 0.0 0.0 0.0 0.0 0.0 0.0 0.0 0.0 0.0 0.0 0.0
0 0.312988 0.073939 0.014648 0.027818 0.0 0.0 0.0 0.0 0.0 0.0 0.0 0.0 0.0 0.0 0.0 0.0 0.0 0.0 0.0
0 0.270508 0.045388 0.015625 0.026354 0.0 0.0 0.0 0.0 0.0 0.0 0.0 0.0 0.0 0.0 0.0 0.0 0.0 0.0 0.0
0 0.254883 0.027086 0.011719 0.019034 0.0 0.0 0.0 0.0 0.0 0.0 0.0 0.0 0.0 0.0 0.0 0.0 0.0 0.0 0.0
0 0.307617 0.030747 0.013672 0.023426 0.0 0.0 0.0 0.0 0.0 0.0 0.0 0.0 0.0 0.0 0.0 0.0 0.0 0.0 0.0
0 0.459473 0.120059 0.012695 0.029283 0.0 0.0 0.0 0.0 0.0 0.0 0.0 0.0 0.0 0.0 0.0 0.0 0.0 0.0 0.0
0 0.432617 0.081259 0.013672 0.033675 0.0 0.0 0.0 0.0 0.0 0.0 0.0 0.0 0.0 0.0 0.0 0.0 0.0 0.0 0.0
0 0.380371 0.103953 0.014648 0.029283 0.0 0.0 0.0 0.0 0.0 0.0 0.0 0.0 0.0 0.0 0.0 0.0 0.0 0.0 0.0
0 0.359863 0.060761 0.014648 0.019034 0.0 0.0 0.0 0.0 0.0 0.0 0.0 0.0 0.0 0.0 0.0 0.0 0.0 0.0 0.0
0 0.297363 0.196925 0.014648 0.027818 0.297363 0.19418 1.0 0.304321 0.19235 1.0 0.303467 0.199305 1.0 0.302734 0.208272 1.0 0.305664 0.205344 1.0
0 0.505859 0.123719 0.013672 0.027818 0.0 0.0 0.0 0.0 0.0 0.0 0.0 0.0 0.0 0.0 0.0 0.0 0.0 0.0 0.0
0 0.509277 0.105417 0.014648 0.026354 0.0 0.0 0.0 0.0 0.0 0.0 0.0 0.0 0.0 0.0 0.0 0.0 0.0 0.0 0.0
0 0.486816 0.084919 0.014648 0.032211 0.0 0.0 0.0 0.0 0.0 0.0 0.0 0.0 0.0 0.0 0.0 0.0 0.0 0.0 0.0
0 0.568359 0.120791 0.011719 0.027818 0.0 0.0 0.0 0.0 0.0 0.0 0.0 0.0 0.0 0.0 0.0 0.0 0.0 0.0 0.0
0 0.601562 0.168375 0.015625 0.032211 0.0 0.0 0.0 0.0 0.0 0.0 0.0 0.0 0.0 0.0 0.0 0.0 0.0 0.0 0.0
0 0.620117 0.118594 0.013672 0.026354 0.0 0.0 0.0 0.0 0.0 0.0 0.0 0.0 0.0 0.0 0.0 0.0 0.0 0.0 0.0
0 0.680664 0.057833 0.015625 0.027818 0.0 0.0 0.0 0.0 0.0 0.0 0.0 0.0 0.0 0.0 0.0 0.0 0.0 0.0 0.0
0 0.671875 0.123719 0.015625 0.02489 0.0 0.0 0.0 0.0 0.0 0.0 0.0 0.0 0.0 0.0 0.0 0.0 0.0 0.0 0.0
0 0.731445 0.166911 0.013672 0.026354 0.729073 0.164818 1.0 0.735313 0.16376 1.0 0.732252 0.17029 1.0 0.730722 0.175761 1.0 0.735077 0.175408 1.0
0 0.793945 0.15593 0.011719 0.02489 0.0 0.0 0.0 0.0 0.0 0.0 0.0 0.0 0.0 0.0 0.0 0.0 0.0 0.0 0.0
0 0.864258 0.214495 0.017578 0.033675 0.861668 0.210012 1.0 0.870156 0.209148 1.0 0.86656 0.218638 1.0 0.863538 0.223384 1.0 0.869149 0.223168 1.0
0 0.868652 0.141288 0.010742 0.021962 0.0 0.0 0.0 0.0 0.0 0.0 0.0 0.0 0.0 0.0 0.0 0.0 0.0 0.0 0.0
0 0.941406 0.128843 0.013672 0.032211 0.0 0.0 0.0 0.0 0.0 0.0 0.0 0.0 0.0 0.0 0.0 0.0 0.0 0.0 0.0
0 0.994629 0.124451 0.010742 0.032211 0.0 0.0 0.0 0.0 0.0 0.0 0.0 0.0 0.0 0.0 0.0 0.0 0.0 0.0 0.0
0 0.832031 0.249634 0.013672 0.027818 0.0 0.0 0.0 0.0 0.0 0.0 0.0 0.0 0.0 0.0 0.0 0.0 0.0 0.0 0.0
0 0.54541 0.325769 0.016602 0.027818 0.0 0.0 0.0 0.0 0.0 0.0 0.0 0.0 0.0 0.0 0.0 0.0 0.0 0.0 0.0
0 0.609375 0.346999 0.019531 0.032211 0.0 0.0 0.0 0.0 0.0 0.0 0.0 0.0 0.0 0.0 0.0 0.0 0.0 0.0 0.0
0 0.655273 0.372621 0.021484 0.033675 0.0 0.0 0.0 0.0 0.0 0.0 0.0 0.0 0.0 0.0 0.0 0.0 0.0 0.0 0.0
0 0.752441 0.456808 0.016602 0.026354 0.0 0.0 0.0 0.0 0.0 0.0 0.0 0.0 0.0 0.0 0.0 0.0 0.0 0.0 0.0
0 0.769531 0.476574 0.021484 0.030747 0.0 0.0 0.0 0.0 0.0 0.0 0.0 0.0 0.0 0.0 0.0 0.0 0.0 0.0 0.0
0 0.953613 0.57101 0.03418 0.04978 0.0 0.0 0.0 0.0 0.0 0.0 0.0 0.0 0.0 0.0 0.0 0.0 0.0 0.0 0.0
0 0.825684 0.532211 0.026367 0.039531 0.0 0.0 0.0 0.0 0.0 0.0 0.0 0.0 0.0 0.0 0.0 0.0 0.0 0.0 0.0
0 0.80127 0.648609 0.03418 0.058565 0.0 0.0 0.0 0.0 0.0 0.0 0.0 0.0 0.0 0.0 0.0 0.0 0.0 0.0 0.0
0 0.851074 0.439239 0.02832 0.043924 0.0 0.0 0.0 0.0 0.0 0.0 0.0 0.0 0.0 0.0 0.0 0.0 0.0 0.0 0.0
0 0.299805 0.508785 0.029297 0.054173 0.0 0.0 0.0 0.0 0.0 0.0 0.0 0.0 0.0 0.0 0.0 0.0 0.0 0.0 0.0
0 0.687012 0.174231 0.018555 0.032211 0.0 0.0 0.0 0.0 0.0 0.0 0.0 0.0 0.0 0.0 0.0 0.0 0.0 0.0 0.0
0 0.257812 0.114202 0.011719 0.026354 0.0 0.0 0.0 0.0 0.0 0.0 0.0 0.0 0.0 0.0 0.0 0.0 0.0 0.0 0.0
0 0.166504 0.066618 0.014648 0.02489 0.0 0.0 0.0 0.0 0.0 0.0 0.0 0.0 0.0 0.0 0.0 0.0 0.0 0.0 0.0
0 0.967285 0.270132 0.016602 0.033675 0.0 0.0 0.0 0.0 0.0 0.0 0.0 0.0 0.0 0.0 0.0 0.0 0.0 0.0 0.0
0 0.930176 0.151537 0.012695 0.030747 0.0 0.0 0.0 0.0 0.0 0.0 0.0 0.0 0.0 0.0 0.0 0.0 0.0 0.0 0.0