0 0.858398 0.169065 0.011719 0.018705 0.0 0.0 0.0 0.0 0.0 0.0 0.0 0.0 0.0 0.0 0.0 0.0 0.0 0.0 0.0
0 0.794434 0.156115 0.018555 0.033094 0.791125 0.152344 1.0 0.798894 0.150224 1.0 0.795297 0.156584 1.0 0.793282 0.165275 1.0 0.798605 0.163155 1.0
0 0.76709 0.166906 0.010742 0.025899 0.769471 0.161626 1.0 0.771057 0.161125 1.0 0.771851 0.165468 1.0 0.769924 0.174153 1.0 0.771057 0.174153 1.0
0 0.749512 0.136691 0.012695 0.014388 0.0 0.0 0.0 0.0 0.0 0.0 0.0 0.0 0.0 0.0 0.0 0.0 0.0 0.0 0.0
0 0.776855 0.127338 0.008789 0.01295 0.0 0.0 0.0 0.0 0.0 0.0 0.0 0.0 0.0 0.0 0.0 0.0 0.0 0.0 0.0
0 0.774902 0.14964 0.010742 0.023022 0.0 0.0 0.0 0.0 0.0 0.0 0.0 0.0 0.0 0.0 0.0 0.0 0.0 0.0 0.0
0 0.836914 0.120863 0.007812 0.020144 0.0 0.0 0.0 0.0 0.0 0.0 0.0 0.0 0.0 0.0 0.0 0.0 0.0 0.0 0.0
0 0.821289 0.161151 0.011719 0.020144 0.0 0.0 0.0 0.0 0.0 0.0 0.0 0.0 0.0 0.0 0.0 0.0 0.0 0.0 0.0
0 0.919434 0.178417 0.014648 0.031655 0.918666 0.17225 1.0 0.924525 0.172662 1.0 0.922852 0.181912 1.0 0.919225 0.185406 1.0 0.923688 0.186845 1.0
0 0.754395 0.07482 0.004883 0.008633 0.0 0.0 0.0 0.0 0.0 0.0 0.0 0.0 0.0 0.0 0.0 0.0 0.0 0.0 0.0
0 0.773926 0.080576 0.004883 0.008633 0.0 0.0 0.0 0.0 0.0 0.0 0.0 0.0 0.0 0.0 0.0 0.0 0.0 0.0 0.0
0 0.785645 0.081295 0.004883 0.010072 0.0 0.0 0.0 0.0 0.0 0.0 0.0 0.0 0.0 0.0 0.0 0.0 0.0 0.0 0.0
0 0.819336 0.092806 0.005859 0.010072 0.0 0.0 0.0 0.0 0.0 0.0 0.0 0.0 0.0 0.0 0.0 0.0 0.0 0.0 0.0
0 0.848145 0.067626 0.006836 0.008633 0.0 0.0 0.0 0.0 0.0 0.0 0.0 0.0 0.0 0.0 0.0 0.0 0.0 0.0 0.0
0 0.870605 0.080576 0.006836 0.008633 0.0 0.0 0.0 0.0 0.0 0.0 0.0 0.0 0.0 0.0 0.0 0.0 0.0 0.0 0.0
0 0.901367 0.102878 0.005859 0.015827 0.0 0.0 0.0 0.0 0.0 0.0 0.0 0.0 0.0 0.0 0.0 0.0 0.0 0.0 0.0
0 0.923828 0.114388 0.007812 0.01295 0.0 0.0 0.0 0.0 0.0 0.0 0.0 0.0 0.0 0.0 0.0 0.0 0.0 0.0 0.0
0 0.960449 0.104317 0.006836 0.010072 0.0 0.0 0.0 0.0 0.0 0.0 0.0 0.0 0.0 0.0 0.0 0.0 0.0 0.0 0.0
0 0.979004 0.072662 0.004883 0.01295 0.0 0.0 0.0 0.0 0.0 0.0 0.0 0.0 0.0 0.0 0.0 0.0 0.0 0.0 0.0
0 0.970703 0.127338 0.005859 0.01295 0.0 0.0 0.0 0.0 0.0 0.0 0.0 0.0 0.0 0.0 0.0 0.0 0.0 0.0 0.0
0 0.916992 0.152518 0.009766 0.014388 0.0 0.0 0.0 0.0 0.0 0.0 0.0 0.0 0.0 0.0 0.0 0.0 0.0 0.0 0.0
0 0.822754 0.121583 0.006836 0.01295 0.0 0.0 0.0 0.0 0.0 0.0 0.0 0.0 0.0 0.0 0.0 0.0 0.0 0.0 0.0
0 0.873047 0.17554 0.005859 0.011511 0.0 0.0 0.0 0.0 0.0 0.0 0.0 0.0 0.0 0.0 0.0 0.0 0.0 0.0 0.0
0 0.783691 0.102878 0.004883 0.01295 0.0 0.0 0.0 0.0 0.0 0.0 0.0 0.0 0.0 0.0 0.0 0.0 0.0 0.0 0.0
0 0.881836 0.143165 0.005859 0.01295 0.0 0.0 0.0 0.0 0.0 0.0 0.0 0.0 0.0 0.0 0.0 0.0 0.0 0.0 0.0
0 0.845215 0.110072 0.004883 0.01295 0.0 0.0 0.0 0.0 0.0 0.0 0.0 0.0 0.0 0.0 0.0 0.0 0.0 0.0 0.0
0 0.800293 0.082734 0.004883 0.010072 0.0 0.0 0.0 0.0 0.0 0.0 0.0 0.0 0.0 0.0 0.0 0.0 0.0 0.0 0.0
0 0.803711 0.114388 0.005859 0.01295 0.0 0.0 0.0 0.0 0.0 0.0 0.0 0.0 0.0 0.0 0.0 0.0 0.0 0.0 0.0
0 0.049316 0.044604 0.006836 0.011511 0.0 0.0 0.0 0.0 0.0 0.0 0.0 0.0 0.0 0.0 0.0 0.0 0.0 0.0 0.0
0 0.027344 0.043165 0.005859 0.011511 0.0 0.0 0.0 0.0 0.0 0.0 0.0 0.0 0.0 0.0 0.0 0.0 0.0 0.0 0.0
0 0.010254 0.086331 0.006836 0.014388 0.0 0.0 0.0 0.0 0.0 0.0 0.0 0.0 0.0 0.0 0.0 0.0 0.0 0.0 0.0
0 0.035156 0.102158 0.007812 0.014388 0.0 0.0 0.0 0.0 0.0 0.0 0.0 0.0 0.0 0.0 0.0 0.0 0.0 0.0 0.0
0 0.078613 0.048921 0.004883 0.008633 0.0 0.0 0.0 0.0 0.0 0.0 0.0 0.0 0.0 0.0 0.0 0.0 0.0 0.0 0.0
0 0.075195 0.114388 0.005859 0.010072 0.0 0.0 0.0 0.0 0.0 0.0 0.0 0.0 0.0 0.0 0.0 0.0 0.0 0.0 0.0
0 0.635742 0.066906 0.005859 0.01295 0.0 0.0 0.0 0.0 0.0 0.0 0.0 0.0 0.0 0.0 0.0 0.0 0.0 0.0 0.0
0 0.491211 0.208633 0.035156 0.07482 0.484357 0.198066 1.0 0.500589 0.195722 1.0 0.492313 0.206506 1.0 0.487858 0.224325 1.0 0.498997 0.223856 1.0
0 0.293457 0.219424 0.038086 0.073381 0.287005 0.208993 1.0 0.308978 0.213617 1.0 0.296422 0.222868 1.0 0.287633 0.233967 1.0 0.301444 0.237668 1.0
0 0.677734 0.553237 0.042969 0.064748 0.665807 0.531963 1.0 0.687291 0.529085 1.0 0.677804 0.543063 1.0 0.669713 0.560329 1.0 0.688407 0.55704 1.0
0 0.887695 0.570504 0.048828 0.067626 0.0 0.0 0.0 0.0 0.0 0.0 0.0 0.0 0.0 0.0 0.0 0.0 0.0 0.0 0.0
0 0.566895 0.761871 0.057617 0.093525 0.547956 0.737512 1.0 0.57884 0.736922 1.0 0.561593 0.761742 1.0 0.554374 0.775925 1.0 0.577235 0.774742 1.0
0 0.441406 0.719424 0.064453 0.097842 0.43246 0.688174 1.0 0.46164 0.690043 1.0 0.448107 0.708112 1.0 0.433306 0.730544 1.0 0.457833 0.730544 1.0
0 0.521973 0.568345 0.047852 0.080576 0.50943 0.553925 1.0 0.531128 0.553925 1.0 0.515974 0.568134 1.0 0.509086 0.582342 1.0 0.525617 0.585894 1.0
0 0.248535 0.590647 0.045898 0.073381 0.239886 0.574666 1.0 0.2628 0.573741 1.0 0.251186 0.591778 1.0 0.242083 0.60334 1.0 0.258405 0.603803 1.0
0 0.432129 0.55036 0.049805 0.082014 0.429548 0.528571 1.0 0.450475 0.54039 1.0 0.441406 0.54964 1.0 0.425014 0.559918 1.0 0.44036 0.570196 1.0
0 0.719727 0.188489 0.03125 0.054676 0.709407 0.175404 1.0 0.726672 0.173991 1.0 0.71732 0.185296 1.0 0.713004 0.199781 1.0 0.723555 0.198722 1.0
0 0.548828 0.216547 0.029297 0.044604 0.0 0.0 0.0 0.0 0.0 0.0 0.0 0.0 0.0 0.0 0.0 0.0 0.0 0.0 0.0
0 0.37207 0.229496 0.033203 0.047482 0.365814 0.214928 1.0 0.380555 0.215557 1.0 0.373932 0.221538 1.0 0.369873 0.233498 1.0 0.376495 0.233813 1.0
0 0.078613 0.182014 0.030273 0.05036 0.069405 0.17166 1.0 0.085318 0.172944 1.0 0.0766 0.178404 1.0 0.070277 0.191252 1.0 0.081612 0.190288 1.0
0 0.166992 0.155396 0.021484 0.040288 0.16476 0.151131 1.0 0.174177 0.151131 1.0 0.171387 0.158068 1.0 0.165807 0.165006 1.0 0.173131 0.165006 1.0
0 0.124512 0.15036 0.016602 0.027338 0.121582 0.143345 1.0 0.128418 0.144964 1.0 0.124023 0.148201 1.0 0.120483 0.154856 1.0 0.125854 0.155396 1.0
0 0.21875 0.141727 0.017578 0.030216 0.213885 0.138341 1.0 0.222669 0.138142 1.0 0.217939 0.145112 1.0 0.214966 0.151085 1.0 0.220236 0.151085 1.0
0 0.186523 0.157554 0.017578 0.027338 0.0 0.0 0.0 0.0 0.0 0.0 0.0 0.0 0.0 0.0 0.0 0.0 0.0 0.0 0.0
0 0.253418 0.13741 0.020508 0.033094 0.249333 0.127447 1.0 0.258828 0.128931 1.0 0.253649 0.135927 1.0 0.249621 0.140801 1.0 0.256814 0.141862 1.0
0 0.299805 0.158273 0.019531 0.028777 0.293771 0.155132 1.0 0.303253 0.154201 1.0 0.298196 0.159603 1.0 0.295794 0.165937 1.0 0.299587 0.165937 1.0
0 0.334473 0.166187 0.018555 0.02446 0.0 0.0 0.0 0.0 0.0 0.0 0.0 0.0 0.0 0.0 0.0 0.0 0.0 0.0 0.0
0 0.322754 0.209353 0.022461 0.041727 0.315002 0.197302 1.0 0.323791 0.197302 1.0 0.318299 0.207554 1.0 0.316102 0.214029 1.0 0.322876 0.214837 1.0
0 0.37793 0.154676 0.019531 0.02446 0.0 0.0 0.0 0.0 0.0 0.0 0.0 0.0 0.0 0.0 0.0 0.0 0.0 0.0 0.0
0 0.402832 0.182014 0.018555 0.027338 0.0 0.0 0.0 0.0 0.0 0.0 0.0 0.0 0.0 0.0 0.0 0.0 0.0 0.0 0.0
0 0.457031 0.172662 0.021484 0.031655 0.45122 0.166219 1.0 0.461866 0.16516 1.0 0.456831 0.17385 1.0 0.453666 0.181269 1.0 0.459996 0.181269 1.0
0 0.463867 0.123741 0.021484 0.03741 0.459991 0.11803 1.0 0.468863 0.11803 1.0 0.463379 0.123735 1.0 0.461443 0.13134 1.0 0.466767 0.13134 1.0
0 0.539551 0.128058 0.018555 0.028777 0.536055 0.121312 1.0 0.543771 0.12035 1.0 0.54037 0.127479 1.0 0.53867 0.135958 1.0 0.543117 0.13538 1.0
0 0.524414 0.190647 0.017578 0.027338 0.0 0.0 0.0 0.0 0.0 0.0 0.0 0.0 0.0 0.0 0.0 0.0 0.0 0.0 0.0
0 0.590332 0.184173 0.020508 0.031655 0.585249 0.177281 1.0 0.592411 0.176285 1.0 0.589303 0.18405 1.0 0.586465 0.190223 1.0 0.593357 0.189626 1.0
0 0.152832 0.082734 0.006836 0.01295 0.0 0.0 0.0 0.0 0.0 0.0 0.0 0.0 0.0 0.0 0.0 0.0 0.0 0.0 0.0
0 0.100098 0.045324 0.004883 0.010072 0.0 0.0 0.0 0.0 0.0 0.0 0.0 0.0 0.0 0.0 0.0 0.0 0.0 0.0 0.0
0 0.105957 0.083453 0.006836 0.011511 0.0 0.0 0.0 0.0 0.0 0.0 0.0 0.0 0.0 0.0 0.0 0.0 0.0 0.0 0.0
0 0.17627 0.094964 0.006836 0.011511 0.0 0.0 0.0 0.0 0.0 0.0 0.0 0.0 0.0 0.0 0.0 0.0 0.0 0.0 0.0
0 0.144043 0.135252 0.006836 0.014388 0.0 0.0 0.0 0.0 0.0 0.0 0.0 0.0 0.0 0.0 0.0 0.0 0.0 0.0 0.0
0 0.288574 0.11295 0.006836 0.010072 0.0 0.0 0.0 0.0 0.0 0.0 0.0 0.0 0.0 0.0 0.0 0.0 0.0 0.0 0.0
0 0.31543 0.08777 0.005859 0.014388 0.0 0.0 0.0 0.0 0.0 0.0 0.0 0.0 0.0 0.0 0.0 0.0 0.0 0.0 0.0
0 0.36084 0.079137 0.006836 0.011511 0.0 0.0 0.0 0.0 0.0 0.0 0.0 0.0 0.0 0.0 0.0 0.0 0.0 0.0 0.0
0 0.40332 0.101439 0.005859 0.010072 0.0 0.0 0.0 0.0 0.0 0.0 0.0 0.0 0.0 0.0 0.0 0.0 0.0 0.0 0.0
0 0.436523 0.111511 0.005859 0.01295 0.0 0.0 0.0 0.0 0.0 0.0 0.0 0.0 0.0 0.0 0.0 0.0 0.0 0.0 0.0
0 0.420898 0.155396 0.007812 0.011511 0.0 0.0 0.0 0.0 0.0 0.0 0.0 0.0 0.0 0.0 0.0 0.0 0.0 0.0 0.0
0 0.636719 0.105755 0.007812 0.01295 0.0 0.0 0.0 0.0 0.0 0.0 0.0 0.0 0.0 0.0 0.0 0.0 0.0 0.0 0.0
0 0.675781 0.117986 0.013672 0.025899 0.674704 0.113104 1.0 0.680119 0.113278 1.0 0.678471 0.118134 1.0 0.675411 0.123683 1.0 0.678824 0.12403 1.0
0 0.693359 0.156835 0.015625 0.023022 0.690665 0.155672 1.0 0.696581 0.155672 1.0 0.693372 0.160843 1.0 0.691567 0.165127 1.0 0.695679 0.164537 1.0
0 0.567383 0.053957 0.005859 0.010072 0.0 0.0 0.0 0.0 0.0 0.0 0.0 0.0 0.0 0.0 0.0 0.0 0.0 0.0 0.0
0 0.470215 0.06259 0.004883 0.010072 0.0 0.0 0.0 0.0 0.0 0.0 0.0 0.0 0.0 0.0 0.0 0.0 0.0 0.0 0.0
0 0.51416 0.073381 0.004883 0.008633 0.0 0.0 0.0 0.0 0.0 0.0 0.0 0.0 0.0 0.0 0.0 0.0 0.0 0.0 0.0
0 0.713867 0.121583 0.009766 0.015827 0.0 0.0 0.0 0.0 0.0 0.0 0.0 0.0 0.0 0.0 0.0 0.0 0.0 0.0 0.0
0 0.719238 0.073381 0.004883 0.011511 0.0 0.0 0.0 0.0 0.0 0.0 0.0 0.0 0.0 0.0 0.0 0.0 0.0 0.0 0.0
0 0.728027 0.079137 0.004883 0.008633 0.0 0.0 0.0 0.0 0.0 0.0 0.0 0.0 0.0 0.0 0.0 0.0 0.0 0.0 0.0
0 0.726562 0.115827 0.007812 0.01295 0.0 0.0 0.0 0.0 0.0 0.0 0.0 0.0 0.0 0.0 0.0 0.0 0.0 0.0 0.0
0 0.693359 0.117986 0.005859 0.011511 0.0 0.0 0.0 0.0 0.0 0.0 0.0 0.0 0.0 0.0 0.0 0.0 0.0 0.0 0.0
0 0.515625 0.090647 0.007812 0.011511 0.0 0.0 0.0 0.0 0.0 0.0 0.0 0.0 0.0 0.0 0.0 0.0 0.0 0.0 0.0
0 0.942871 0.194964 0.018555 0.035971 0.941267 0.187308 1.0 0.949585 0.188001 1.0 0.947074 0.194938 1.0 0.941424 0.202106 1.0 0.946289 0.20257 1.0
0 0.977051 0.173381 0.010742 0.021583 0.976746 0.170824 1.0 0.9825 0.171814 1.0 0.980103 0.176194 1.0 0.977705 0.179728 1.0 0.981157 0.179728 1.0