0 0.904785 0.377061 0.032227 0.058471 0.89917 0.368441 1.0 0.913818 0.36919 1.0 0.908936 0.379685 1.0 0.896484 0.387931 1.0 0.912598 0.39018 1.0
0 0.874512 0.576462 0.03418 0.061469 0.875 0.571214 1.0 0.887695 0.568216 1.0 0.885742 0.58021 1.0 0.880859 0.593703 1.0 0.888672 0.592204 1.0
0 0.78418 0.512744 0.03125 0.05997 0.782697 0.507309 1.0 0.795341 0.506144 1.0 0.794076 0.516237 1.0 0.784215 0.527883 1.0 0.794835 0.526718 1.0
0 0.8125 0.371814 0.025391 0.044978 0.808825 0.359552 1.0 0.821197 0.36243 1.0 0.815573 0.370201 1.0 0.809574 0.377684 1.0 0.817636 0.379411 1.0
0 0.732422 0.318591 0.027344 0.046477 0.727914 0.310766 1.0 0.740077 0.311369 1.0 0.733015 0.319802 1.0 0.72811 0.328235 1.0 0.736153 0.329742 1.0
0 0.682129 0.606447 0.02832 0.055472 0.683489 0.598736 1.0 0.693237 0.596996 1.0 0.692784 0.61057 1.0 0.685303 0.620315 1.0 0.692784 0.620663 1.0
0 0.584961 0.627436 0.029297 0.049475 0.58238 0.618655 1.0 0.594308 0.617048 1.0 0.59389 0.629256 1.0 0.583845 0.638895 1.0 0.592843 0.638252 1.0
0 0.586426 0.355322 0.026367 0.047976 0.585624 0.348858 1.0 0.597055 0.349165 1.0 0.594447 0.359016 1.0 0.587429 0.367637 1.0 0.594047 0.368253 1.0
0 0.65332 0.344828 0.03125 0.05997 0.646493 0.336675 1.0 0.661159 0.336675 1.0 0.65509 0.345604 1.0 0.647758 0.356085 1.0 0.660906 0.356085 1.0
0 0.673828 0.281859 0.025391 0.044978 0.670341 0.273051 1.0 0.682713 0.273339 1.0 0.678214 0.279382 1.0 0.67109 0.289744 1.0 0.678401 0.291183 1.0
0 0.606934 0.3006 0.026367 0.046477 0.60478 0.288559 1.0 0.617924 0.288861 1.0 0.611646 0.302112 1.0 0.605957 0.30934 1.0 0.615374 0.30934 1.0
0 0.535645 0.338831 0.026367 0.044978 0.532271 0.329447 1.0 0.546143 0.330022 1.0 0.539581 0.339808 1.0 0.533207 0.347003 1.0 0.543144 0.346715 1.0
0 0.444336 0.36057 0.029297 0.052474 0.440067 0.353951 1.0 0.453854 0.355657 1.0 0.448295 0.365898 1.0 0.441624 0.372724 1.0 0.450963 0.37409 1.0
0 0.504883 0.565217 0.037109 0.071964 0.504979 0.553256 1.0 0.518999 0.554603 1.0 0.514326 0.564916 1.0 0.506439 0.580163 1.0 0.515494 0.580612 1.0
0 0.387695 0.568216 0.029297 0.056972 0.386013 0.555151 1.0 0.399432 0.554429 1.0 0.397077 0.568885 1.0 0.388838 0.582258 1.0 0.398961 0.58009 1.0
0 0.359375 0.362069 0.029297 0.049475 0.357452 0.350744 1.0 0.371591 0.351688 1.0 0.365443 0.363327 1.0 0.357043 0.368046 1.0 0.367902 0.368675 1.0
0 0.363281 0.296852 0.023438 0.038981 0.360316 0.285688 1.0 0.373735 0.28696 1.0 0.368269 0.294334 1.0 0.363961 0.307052 1.0 0.370754 0.306289 1.0
0 0.465332 0.326087 0.024414 0.046477 0.462926 0.319153 1.0 0.473668 0.318859 1.0 0.47079 0.325631 1.0 0.462542 0.335645 1.0 0.472133 0.335351 1.0
0 0.526367 0.286357 0.027344 0.044978 0.523441 0.273232 1.0 0.536002 0.27352 1.0 0.53094 0.282441 1.0 0.525316 0.292226 1.0 0.535064 0.291651 1.0
0 0.200195 0.302099 0.039062 0.073463 0.196586 0.296906 1.0 0.211626 0.299214 1.0 0.206212 0.308913 1.0 0.195984 0.319997 1.0 0.210423 0.320921 1.0
0 0.245605 0.21964 0.030273 0.064468 0.243007 0.213081 1.0 0.256522 0.214741 1.0 0.251387 0.2247 1.0 0.244358 0.23715 1.0 0.253278 0.23715 1.0
0 0.164062 0.24063 0.03125 0.055472 0.163574 0.236018 1.0 0.176514 0.235664 1.0 0.173279 0.244532 1.0 0.165653 0.256592 1.0 0.17351 0.256948 1.0
0 0.09668 0.29985 0.041016 0.08096 0.091378 0.288687 1.0 0.108607 0.291229 1.0 0.101981 0.301912 1.0 0.089722 0.313102 1.0 0.107613 0.31412 1.0
0 0.26416 0.517241 0.041992 0.08096 0.259308 0.510823 1.0 0.276764 0.508246 1.0 0.273407 0.52216 1.0 0.260986 0.537106 1.0 0.276093 0.533499 1.0
0 0.290527 0.338081 0.030273 0.064468 0.287113 0.328691 1.0 0.30174 0.330732 1.0 0.296422 0.338898 1.0 0.288178 0.351145 1.0 0.298549 0.351555 1.0
0 0.287598 0.293103 0.026367 0.043478 0.0 0.0 0.0 0.0 0.0 0.0 0.0 0.0 0.0 0.0 0.0 0.0 0.0 0.0 0.0
0 0.128906 0.322339 0.029297 0.065967 0.124572 0.313577 1.0 0.141876 0.312312 1.0 0.140777 0.324541 1.0 0.130341 0.340142 1.0 0.140777 0.338034 1.0
0 0.518066 0.385307 0.026367 0.050975 0.512237 0.377999 1.0 0.525909 0.377999 1.0 0.519073 0.388822 1.0 0.513092 0.396364 1.0 0.523986 0.396036 1.0