0 0.790039 0.591508 0.011719 0.023426 0.789351 0.589874 1.0 0.794765 0.589874 1.0 0.792158 0.594534 1.0 0.790453 0.597993 1.0 0.793762 0.598142 1.0
0 0.712891 0.584919 0.011719 0.021962 0.709717 0.581946 1.0 0.715027 0.581808 1.0 0.712098 0.585514 1.0 0.710724 0.588808 1.0 0.71466 0.588946 1.0
0 0.75293 0.590776 0.009766 0.019034 0.750697 0.589259 1.0 0.755058 0.588999 1.0 0.752703 0.593442 1.0 0.751744 0.596712 1.0 0.755318 0.59658 1.0
0 0.813477 0.59224 0.007812 0.016105 0.811175 0.591195 1.0 0.814802 0.591089 1.0 0.813058 0.59454 1.0 0.812151 0.597261 1.0 0.814313 0.597261 1.0
0 0.821289 0.594436 0.005859 0.014641 0.0 0.0 0.0 0.0 0.0 0.0 0.0 0.0 0.0 0.0 0.0 0.0 0.0 0.0 0.0
0 0.996094 0.618594 0.007812 0.030747 0.0 0.0 0.0 0.0 0.0 0.0 0.0 0.0 0.0 0.0 0.0 0.0 0.0 0.0 0.0
0 0.844727 0.579795 0.003906 0.008785 0.0 0.0 0.0 0.0 0.0 0.0 0.0 0.0 0.0 0.0 0.0 0.0 0.0 0.0 0.0
0 0.72998 0.585652 0.004883 0.008785 0.0 0.0 0.0 0.0 0.0 0.0 0.0 0.0 0.0 0.0 0.0 0.0 0.0 0.0 0.0
0 0.659668 0.589312 0.006836 0.013177 0.0 0.0 0.0 0.0 0.0 0.0 0.0 0.0 0.0 0.0 0.0 0.0 0.0 0.0 0.0
0 0.618164 0.595168 0.007812 0.016105 0.615038 0.592704 1.0 0.61904 0.592482 1.0 0.617188 0.59637 1.0 0.615187 0.599816 1.0 0.618003 0.599038 1.0
0 0.515137 0.58858 0.016602 0.026354 0.511701 0.586946 1.0 0.518729 0.586436 1.0 0.515441 0.590855 1.0 0.512722 0.596802 1.0 0.518389 0.596633 1.0
0 0.467285 0.610542 0.008789 0.014641 0.0 0.0 0.0 0.0 0.0 0.0 0.0 0.0 0.0 0.0 0.0 0.0 0.0 0.0 0.0
0 0.368164 0.610542 0.009766 0.01757 0.365949 0.60943 1.0 0.36948 0.608608 1.0 0.367283 0.612372 1.0 0.36642 0.616136 1.0 0.369088 0.61543 1.0
0 0.487305 0.598097 0.005859 0.013177 0.0 0.0 0.0 0.0 0.0 0.0 0.0 0.0 0.0 0.0 0.0 0.0 0.0 0.0 0.0
0 0.583496 0.594436 0.004883 0.011713 0.0 0.0 0.0 0.0 0.0 0.0 0.0 0.0 0.0 0.0 0.0 0.0 0.0 0.0 0.0
0 0.651855 0.582723 0.004883 0.008785 0.0 0.0 0.0 0.0 0.0 0.0 0.0 0.0 0.0 0.0 0.0 0.0 0.0 0.0 0.0
0 0.313965 0.648609 0.006836 0.014641 0.0 0.0 0.0 0.0 0.0 0.0 0.0 0.0 0.0 0.0 0.0 0.0 0.0 0.0 0.0
0 0.345215 0.620059 0.004883 0.010249 0.0 0.0 0.0 0.0 0.0 0.0 0.0 0.0 0.0 0.0 0.0 0.0 0.0 0.0 0.0
0 0.395996 0.636896 0.004883 0.011713 0.0 0.0 0.0 0.0 0.0 0.0 0.0 0.0 0.0 0.0 0.0 0.0 0.0 0.0 0.0
0 0.199707 0.598097 0.018555 0.030747 0.196473 0.595012 1.0 0.203143 0.594423 1.0 0.200004 0.600502 1.0 0.19778 0.606189 1.0 0.202357 0.6056 1.0
0 0.228516 0.581991 0.011719 0.021962 0.226292 0.580684 1.0 0.231376 0.580684 1.0 0.228402 0.585861 1.0 0.226388 0.589312 1.0 0.230608 0.589744 1.0
0 0.121094 0.637628 0.005859 0.016105 0.0 0.0 0.0 0.0 0.0 0.0 0.0 0.0 0.0 0.0 0.0 0.0 0.0 0.0 0.0
0 0.083984 0.628111 0.003906 0.008785 0.0 0.0 0.0 0.0 0.0 0.0 0.0 0.0 0.0 0.0 0.0 0.0 0.0 0.0 0.0
0 0.088867 0.625183 0.005859 0.008785 0.0 0.0 0.0 0.0 0.0 0.0 0.0 0.0 0.0 0.0 0.0 0.0 0.0 0.0 0.0
0 0.047363 0.683016 0.004883 0.016105 0.0 0.0 0.0 0.0 0.0 0.0 0.0 0.0 0.0 0.0 0.0 0.0 0.0 0.0 0.0
0 0.017578 0.622255 0.007812 0.020498 0.0 0.0 0.0 0.0 0.0 0.0 0.0 0.0 0.0 0.0 0.0 0.0 0.0 0.0 0.0