0 0.962891 0.374707 0.019531 0.051522 0.0 0.0 0.0 0.0 0.0 0.0 0.0 0.0 0.0 0.0 0.0 0.0 0.0 0.0 0.0
0 0.896484 0.348946 0.011719 0.046838 0.892438 0.338377 1.0 0.893197 0.338679 1.0 0.891554 0.34929 1.0 0.892944 0.356871 1.0 0.893576 0.357478 1.0
0 0.812988 0.324356 0.016602 0.058548 0.0 0.0 0.0 0.0 0.0 0.0 0.0 0.0 0.0 0.0 0.0 0.0 0.0 0.0 0.0
0 0.864258 0.350117 0.009766 0.030445 0.861607 0.345988 1.0 0.863927 0.346185 1.0 0.862436 0.352543 1.0 0.862353 0.359297 1.0 0.863927 0.358304 1.0
0 0.702637 0.327869 0.016602 0.056206 0.704926 0.319014 1.0 0.708436 0.320112 1.0 0.709961 0.332187 1.0 0.705841 0.342066 1.0 0.709351 0.343164 1.0
0 0.634766 0.381733 0.03125 0.098361 0.634539 0.356014 1.0 0.646571 0.360405 1.0 0.647356 0.37985 1.0 0.638725 0.400553 1.0 0.64631 0.400553 1.0
0 0.675781 0.346604 0.009766 0.032787 0.0 0.0 0.0 0.0 0.0 0.0 0.0 0.0 0.0 0.0 0.0 0.0 0.0 0.0 0.0
0 0.746094 0.355972 0.009766 0.028103 0.0 0.0 0.0 0.0 0.0 0.0 0.0 0.0 0.0 0.0 0.0 0.0 0.0 0.0 0.0
0 0.758301 0.368852 0.006836 0.025761 0.0 0.0 0.0 0.0 0.0 0.0 0.0 0.0 0.0 0.0 0.0 0.0 0.0 0.0 0.0
0 0.733398 0.352459 0.007812 0.030445 0.0 0.0 0.0 0.0 0.0 0.0 0.0 0.0 0.0 0.0 0.0 0.0 0.0 0.0 0.0
0 0.649902 0.375878 0.006836 0.025761 0.0 0.0 0.0 0.0 0.0 0.0 0.0 0.0 0.0 0.0 0.0 0.0 0.0 0.0 0.0
0 0.450684 0.372365 0.02832 0.088993 0.451874 0.35797 1.0 0.463623 0.35682 1.0 0.462664 0.37522 1.0 0.454751 0.39477 1.0 0.463144 0.393621 1.0
0 0.325195 0.331382 0.027344 0.077283 0.32176 0.322536 1.0 0.334464 0.319096 1.0 0.328932 0.336295 1.0 0.324833 0.350054 1.0 0.3318 0.349562 1.0
0 0.48584 0.340749 0.012695 0.039813 0.0 0.0 0.0 0.0 0.0 0.0 0.0 0.0 0.0 0.0 0.0 0.0 0.0 0.0 0.0
0 0.381836 0.358314 0.009766 0.032787 0.0 0.0 0.0 0.0 0.0 0.0 0.0 0.0 0.0 0.0 0.0 0.0 0.0 0.0 0.0
0 0.352051 0.360656 0.008789 0.028103 0.0 0.0 0.0 0.0 0.0 0.0 0.0 0.0 0.0 0.0 0.0 0.0 0.0 0.0 0.0
0 0.268555 0.331382 0.009766 0.030445 0.0 0.0 0.0 0.0 0.0 0.0 0.0 0.0 0.0 0.0 0.0 0.0 0.0 0.0 0.0
0 0.289062 0.345433 0.009766 0.025761 0.0 0.0 0.0 0.0 0.0 0.0 0.0 0.0 0.0 0.0 0.0 0.0 0.0 0.0 0.0
0 0.534668 0.352459 0.006836 0.016393 0.0 0.0 0.0 0.0 0.0 0.0 0.0 0.0 0.0 0.0 0.0 0.0 0.0 0.0 0.0
0 0.531738 0.392272 0.006836 0.016393 0.0 0.0 0.0 0.0 0.0 0.0 0.0 0.0 0.0 0.0 0.0 0.0 0.0 0.0 0.0
0 0.543457 0.379391 0.006836 0.018735 0.0 0.0 0.0 0.0 0.0 0.0 0.0 0.0 0.0 0.0 0.0 0.0 0.0 0.0 0.0
0 0.581543 0.384075 0.008789 0.023419 0.0 0.0 0.0 0.0 0.0 0.0 0.0 0.0 0.0 0.0 0.0 0.0 0.0 0.0 0.0
0 0.119629 0.344262 0.016602 0.046838 0.0 0.0 0.0 0.0 0.0 0.0 0.0 0.0 0.0 0.0 0.0 0.0 0.0 0.0 0.0
0 0.081055 0.368852 0.013672 0.035129 0.080287 0.363311 1.0 0.084892 0.362391 1.0 0.083165 0.370902 1.0 0.081534 0.379412 1.0 0.084699 0.378721 1.0
0 0.196289 0.331382 0.013672 0.04918 0.0 0.0 0.0 0.0 0.0 0.0 0.0 0.0 0.0 0.0 0.0 0.0 0.0 0.0 0.0
0 0.226562 0.339578 0.021484 0.065574 0.225342 0.328454 1.0 0.235107 0.32929 1.0 0.231097 0.342255 1.0 0.226562 0.356056 1.0 0.233887 0.354382 1.0
0 0.066406 0.345433 0.011719 0.035129 0.0 0.0 0.0 0.0 0.0 0.0 0.0 0.0 0.0 0.0 0.0 0.0 0.0 0.0 0.0
0 0.044922 0.337237 0.009766 0.023419 0.0 0.0 0.0 0.0 0.0 0.0 0.0 0.0 0.0 0.0 0.0 0.0 0.0 0.0 0.0
0 0.033203 0.336066 0.007812 0.021077 0.0 0.0 0.0 0.0 0.0 0.0 0.0 0.0 0.0 0.0 0.0 0.0 0.0 0.0 0.0
0 0.025391 0.336066 0.007812 0.025761 0.0 0.0 0.0 0.0 0.0 0.0 0.0 0.0 0.0 0.0 0.0 0.0 0.0 0.0 0.0
0 0.134277 0.346604 0.006836 0.018735 0.0 0.0 0.0 0.0 0.0 0.0 0.0 0.0 0.0 0.0 0.0 0.0 0.0 0.0 0.0
0 0.249512 0.350117 0.006836 0.021077 0.0 0.0 0.0 0.0 0.0 0.0 0.0 0.0 0.0 0.0 0.0 0.0 0.0 0.0 0.0
0 0.009766 0.319672 0.007812 0.021077 0.0 0.0 0.0 0.0 0.0 0.0 0.0 0.0 0.0 0.0 0.0 0.0 0.0 0.0 0.0
0 0.422852 0.323185 0.013672 0.037471 0.0 0.0 0.0 0.0 0.0 0.0 0.0 0.0 0.0 0.0 0.0 0.0 0.0 0.0 0.0
0 0.470215 0.337237 0.008789 0.023419 0.0 0.0 0.0 0.0 0.0 0.0 0.0 0.0 0.0 0.0 0.0 0.0 0.0 0.0 0.0