0 0.963379 0.43348 0.012695 0.024854 0.0 0.0 0.0 0.0 0.0 0.0 0.0 0.0 0.0 0.0 0.0 0.0 0.0 0.0 0.0
0 0.929688 0.434942 0.015625 0.024854 0.925293 0.436404 1.0 0.927177 0.435934 1.0 0.924142 0.439849 1.0 0.926444 0.444863 1.0 0.928536 0.443295 1.0
0 0.896973 0.388158 0.014648 0.027778 0.891188 0.384405 1.0 0.897309 0.386344 1.0 0.892012 0.390044 1.0 0.891069 0.396917 1.0 0.89566 0.396741 1.0
0 0.847168 0.412281 0.014648 0.026316 0.0 0.0 0.0 0.0 0.0 0.0 0.0 0.0 0.0 0.0 0.0 0.0 0.0 0.0 0.0
0 0.820312 0.39693 0.013672 0.027778 0.0 0.0 0.0 0.0 0.0 0.0 0.0 0.0 0.0 0.0 0.0 0.0 0.0 0.0 0.0
0 0.817383 0.323099 0.011719 0.017544 0.0 0.0 0.0 0.0 0.0 0.0 0.0 0.0 0.0 0.0 0.0 0.0 0.0 0.0 0.0
0 0.851074 0.290936 0.014648 0.026316 0.0 0.0 0.0 0.0 0.0 0.0 0.0 0.0 0.0 0.0 0.0 0.0 0.0 0.0 0.0
0 0.870117 0.291667 0.013672 0.027778 0.865979 0.286203 1.0 0.872454 0.285851 1.0 0.868569 0.290962 1.0 0.867274 0.301712 1.0 0.871513 0.301535 1.0
0 0.928711 0.304094 0.013672 0.026316 0.0 0.0 0.0 0.0 0.0 0.0 0.0 0.0 0.0 0.0 0.0 0.0 0.0 0.0 0.0
0 0.96582 0.304094 0.013672 0.026316 0.963479 0.29961 1.0 0.971218 0.297488 1.0 0.968166 0.306626 1.0 0.964569 0.310216 1.0 0.970128 0.310868 1.0
0 0.994629 0.30848 0.010742 0.026316 0.0 0.0 0.0 0.0 0.0 0.0 0.0 0.0 0.0 0.0 0.0 0.0 0.0 0.0 0.0
0 0.813965 0.301901 0.012695 0.02193 0.0 0.0 0.0 0.0 0.0 0.0 0.0 0.0 0.0 0.0 0.0 0.0 0.0 0.0 0.0
0 0.770996 0.303363 0.016602 0.024854 0.0 0.0 0.0 0.0 0.0 0.0 0.0 0.0 0.0 0.0 0.0 0.0 0.0 0.0 0.0
0 0.763184 0.415205 0.022461 0.040936 0.768795 0.405564 1.0 0.769305 0.405056 1.0 0.774575 0.412946 1.0 0.770324 0.425928 1.0 0.770835 0.425164 1.0
0 0.553223 0.38231 0.030273 0.057018 0.542969 0.375 1.0 0.553467 0.375365 1.0 0.543213 0.38633 1.0 0.541016 0.396199 1.0 0.552734 0.39693 1.0
0 0.508789 0.320175 0.029297 0.05848 0.497615 0.308284 1.0 0.509543 0.310887 1.0 0.498857 0.321677 1.0 0.49836 0.330977 1.0 0.509295 0.332465 1.0
0 0.554199 0.295322 0.010742 0.020468 0.0 0.0 0.0 0.0 0.0 0.0 0.0 0.0 0.0 0.0 0.0 0.0 0.0 0.0 0.0
0 0.602051 0.337719 0.020508 0.052632 0.610518 0.329094 1.0 0.611006 0.329444 1.0 0.613818 0.340336 1.0 0.60918 0.351082 1.0 0.609854 0.351287 1.0
0 0.404297 0.35307 0.021484 0.045322 0.399492 0.342497 1.0 0.405574 0.341615 1.0 0.400081 0.352776 1.0 0.396746 0.365406 1.0 0.40322 0.361588 1.0
0 0.490723 0.270468 0.010742 0.023392 0.0 0.0 0.0 0.0 0.0 0.0 0.0 0.0 0.0 0.0 0.0 0.0 0.0 0.0 0.0
0 0.341797 0.312865 0.03125 0.052632 0.334595 0.303148 1.0 0.347046 0.302149 1.0 0.341265 0.313466 1.0 0.335484 0.32212 1.0 0.347269 0.320789 1.0
0 0.307617 0.339181 0.023438 0.046784 0.0 0.0 0.0 0.0 0.0 0.0 0.0 0.0 0.0 0.0 0.0 0.0 0.0 0.0 0.0
0 0.274902 0.247076 0.022461 0.038012 0.280038 0.240902 1.0 0.286665 0.241646 1.0 0.28534 0.248094 1.0 0.281032 0.256279 1.0 0.28418 0.256775 1.0
0 0.347168 0.261696 0.012695 0.023392 0.0 0.0 0.0 0.0 0.0 0.0 0.0 0.0 0.0 0.0 0.0 0.0 0.0 0.0 0.0
0 0.384277 0.29386 0.012695 0.020468 0.380563 0.292294 1.0 0.385533 0.292684 1.0 0.382568 0.297123 1.0 0.381086 0.300518 1.0 0.383964 0.300386 1.0
0 0.443359 0.295322 0.011719 0.020468 0.0 0.0 0.0 0.0 0.0 0.0 0.0 0.0 0.0 0.0 0.0 0.0 0.0 0.0 0.0
0 0.095215 0.395468 0.024414 0.042398 0.099609 0.384868 1.0 0.10382 0.384868 1.0 0.106567 0.392544 1.0 0.10144 0.402961 1.0 0.105469 0.403234 1.0
0 0.09375 0.31652 0.025391 0.033626 0.089874 0.31314 1.0 0.099392 0.321108 1.0 0.091004 0.325939 1.0 0.085519 0.322557 1.0 0.092616 0.330769 1.0
0 0.132324 0.247076 0.022461 0.040936 0.130327 0.241509 1.0 0.138488 0.241254 1.0 0.136278 0.246345 1.0 0.131688 0.255 1.0 0.140019 0.255 1.0
0 0.190918 0.325292 0.008789 0.019006 0.0 0.0 0.0 0.0 0.0 0.0 0.0 0.0 0.0 0.0 0.0 0.0 0.0 0.0 0.0
0 0.442871 0.080409 0.008789 0.017544 0.0 0.0 0.0 0.0 0.0 0.0 0.0 0.0 0.0 0.0 0.0 0.0 0.0 0.0 0.0
0 0.470703 0.078947 0.007812 0.01462 0.0 0.0 0.0 0.0 0.0 0.0 0.0 0.0 0.0 0.0 0.0 0.0 0.0 0.0 0.0
0 0.482422 0.084064 0.007812 0.016082 0.0 0.0 0.0 0.0 0.0 0.0 0.0 0.0 0.0 0.0 0.0 0.0 0.0 0.0 0.0
0 0.408691 0.071637 0.008789 0.017544 0.0 0.0 0.0 0.0 0.0 0.0 0.0 0.0 0.0 0.0 0.0 0.0 0.0 0.0 0.0
0 0.150879 0.02193 0.008789 0.01462 0.0 0.0 0.0 0.0 0.0 0.0 0.0 0.0 0.0 0.0 0.0 0.0 0.0 0.0 0.0
0 0.167969 0.019737 0.007812 0.013158 0.0 0.0 0.0 0.0 0.0 0.0 0.0 0.0 0.0 0.0 0.0 0.0 0.0 0.0 0.0
0 0.114746 0.054094 0.008789 0.01462 0.0 0.0 0.0 0.0 0.0 0.0 0.0 0.0 0.0 0.0 0.0 0.0 0.0 0.0 0.0
0 0.094727 0.055556 0.007812 0.011696 0.0 0.0 0.0 0.0 0.0 0.0 0.0 0.0 0.0 0.0 0.0 0.0 0.0 0.0 0.0
0 0.082031 0.048977 0.007812 0.016082 0.0 0.0 0.0 0.0 0.0 0.0 0.0 0.0 0.0 0.0 0.0 0.0 0.0 0.0 0.0
0 0.882812 0.325292 0.013672 0.024854 0.0 0.0 0.0 0.0 0.0 0.0 0.0 0.0 0.0 0.0 0.0 0.0 0.0 0.0 0.0
0 0.759277 0.281433 0.010742 0.02193 0.0 0.0 0.0 0.0 0.0 0.0 0.0 0.0 0.0 0.0 0.0 0.0 0.0 0.0 0.0
0 0.945312 0.291667 0.013672 0.030702 0.0 0.0 0.0 0.0 0.0 0.0 0.0 0.0 0.0 0.0 0.0 0.0 0.0 0.0 0.0
0 0.376465 0.108187 0.008789 0.017544 0.0 0.0 0.0 0.0 0.0 0.0 0.0 0.0 0.0 0.0 0.0 0.0 0.0 0.0 0.0
0 0.410645 0.119152 0.006836 0.016082 0.0 0.0 0.0 0.0 0.0 0.0 0.0 0.0 0.0 0.0 0.0 0.0 0.0 0.0 0.0
0 0.492188 0.33114 0.023438 0.05117 0.0 0.0 0.0 0.0 0.0 0.0 0.0 0.0 0.0 0.0 0.0 0.0 0.0 0.0 0.0