0 0.14209 0.195015 0.038086 0.058651 0.131976 0.179449 1.0 0.146136 0.179069 1.0 0.131976 0.191218 1.0 0.129699 0.208682 1.0 0.139309 0.207924 1.0
0 0.197754 0.21261 0.020508 0.055718 0.202785 0.205632 1.0 0.20394 0.205632 1.0 0.207406 0.216733 1.0 0.202323 0.226449 1.0 0.203247 0.226449 1.0
0 0.230957 0.210411 0.022461 0.054252 0.236015 0.207982 1.0 0.238094 0.207289 1.0 0.240404 0.216655 1.0 0.234396 0.225676 1.0 0.236938 0.224982 1.0
0 0.276367 0.247067 0.011719 0.033724 0.0 0.0 0.0 0.0 0.0 0.0 0.0 0.0 0.0 0.0 0.0 0.0 0.0 0.0 0.0
0 0.453613 0.17522 0.043945 0.06305 0.0 0.0 0.0 0.0 0.0 0.0 0.0 0.0 0.0 0.0 0.0 0.0 0.0 0.0 0.0
0 0.508301 0.200147 0.016602 0.045455 0.0 0.0 0.0 0.0 0.0 0.0 0.0 0.0 0.0 0.0 0.0 0.0 0.0 0.0 0.0
0 0.520508 0.192082 0.017578 0.043988 0.0 0.0 0.0 0.0 0.0 0.0 0.0 0.0 0.0 0.0 0.0 0.0 0.0 0.0 0.0
0 0.561523 0.213343 0.013672 0.033724 0.0 0.0 0.0 0.0 0.0 0.0 0.0 0.0 0.0 0.0 0.0 0.0 0.0 0.0 0.0
0 0.591797 0.260264 0.033203 0.057185 0.583008 0.248534 1.0 0.594482 0.250367 1.0 0.582764 0.259531 1.0 0.579834 0.270528 1.0 0.5896 0.273094 1.0
0 0.771973 0.206745 0.045898 0.067449 0.759412 0.186276 1.0 0.777522 0.18496 1.0 0.764086 0.198556 1.0 0.759412 0.220045 1.0 0.770805 0.221362 1.0
0 0.880859 0.252199 0.039062 0.058651 0.869934 0.241765 1.0 0.884099 0.241019 1.0 0.875649 0.248109 1.0 0.874407 0.266764 1.0 0.885341 0.264525 1.0
0 0.945312 0.207478 0.033203 0.048387 0.934631 0.191768 1.0 0.947492 0.189477 1.0 0.939863 0.198314 1.0 0.934413 0.210751 1.0 0.9488 0.210424 1.0
0 0.975586 0.203079 0.019531 0.027859 0.0 0.0 0.0 0.0 0.0 0.0 0.0 0.0 0.0 0.0 0.0 0.0 0.0 0.0 0.0
0 0.04834 0.223607 0.014648 0.027859 0.0 0.0 0.0 0.0 0.0 0.0 0.0 0.0 0.0 0.0 0.0 0.0 0.0 0.0 0.0
0 0.039062 0.219941 0.011719 0.026393 0.0 0.0 0.0 0.0 0.0 0.0 0.0 0.0 0.0 0.0 0.0 0.0 0.0 0.0 0.0
0 0.330078 0.258798 0.025391 0.045455 0.0 0.0 0.0 0.0 0.0 0.0 0.0 0.0 0.0 0.0 0.0 0.0 0.0 0.0 0.0