0 0.074219 0.084259 0.011719 0.024074 0.0 0.0 0.0 0.0 0.0 0.0 0.0 0.0 0.0 0.0 0.0 0.0 0.0 0.0 0.0
0 0.01709 0.200926 0.018555 0.05 0.014178 0.198346 1.0 0.022169 0.195122 1.0 0.019788 0.204472 1.0 0.018769 0.217693 1.0 0.022169 0.2135 1.0
0 0.010742 0.239815 0.013672 0.046296 0.0 0.0 0.0 0.0 0.0 0.0 0.0 0.0 0.0 0.0 0.0 0.0 0.0 0.0 0.0
0 0.114746 0.258333 0.020508 0.042593 0.0 0.0 0.0 0.0 0.0 0.0 0.0 0.0 0.0 0.0 0.0 0.0 0.0 0.0 0.0
0 0.086914 0.173148 0.017578 0.046296 0.086609 0.170428 1.0 0.091492 0.167535 1.0 0.093018 0.175057 1.0 0.090729 0.186054 1.0 0.094086 0.183448 1.0
0 0.076172 0.142593 0.015625 0.037037 0.0 0.0 0.0 0.0 0.0 0.0 0.0 0.0 0.0 0.0 0.0 0.0 0.0 0.0 0.0
0 0.147949 0.17037 0.018555 0.048148 0.0 0.0 0.0 0.0 0.0 0.0 0.0 0.0 0.0 0.0 0.0 0.0 0.0 0.0 0.0
0 0.182129 0.185185 0.022461 0.048148 0.181645 0.180283 1.0 0.187291 0.180283 1.0 0.187291 0.18793 1.0 0.183419 0.195883 1.0 0.187613 0.195578 1.0
0 0.221191 0.109259 0.010742 0.022222 0.0 0.0 0.0 0.0 0.0 0.0 0.0 0.0 0.0 0.0 0.0 0.0 0.0 0.0 0.0
0 0.297852 0.156481 0.015625 0.046296 0.0 0.0 0.0 0.0 0.0 0.0 0.0 0.0 0.0 0.0 0.0 0.0 0.0 0.0 0.0
0 0.26416 0.202778 0.014648 0.027778 0.0 0.0 0.0 0.0 0.0 0.0 0.0 0.0 0.0 0.0 0.0 0.0 0.0 0.0 0.0
0 0.223145 0.267593 0.026367 0.053704 0.22229 0.255556 1.0 0.225402 0.257639 1.0 0.217713 0.267015 1.0 0.221924 0.283681 1.0 0.221924 0.283681 1.0
0 0.178223 0.318519 0.032227 0.066667 0.165906 0.302415 1.0 0.177246 0.30157 1.0 0.168353 0.311689 1.0 0.166796 0.330663 1.0 0.174578 0.331506 1.0
0 0.303711 0.291667 0.033203 0.072222 0.292672 0.276174 1.0 0.302743 0.276628 1.0 0.29507 0.289359 1.0 0.292192 0.307093 1.0 0.303702 0.308002 1.0
0 0.36084 0.25 0.02832 0.059259 0.34927 0.239774 1.0 0.357705 0.23903 1.0 0.351231 0.252794 1.0 0.352016 0.265815 1.0 0.35849 0.263956 1.0
0 0.287109 0.140741 0.017578 0.044444 0.0 0.0 0.0 0.0 0.0 0.0 0.0 0.0 0.0 0.0 0.0 0.0 0.0 0.0 0.0
0 0.375977 0.102778 0.013672 0.042593 0.0 0.0 0.0 0.0 0.0 0.0 0.0 0.0 0.0 0.0 0.0 0.0 0.0 0.0 0.0
0 0.40918 0.097222 0.009766 0.024074 0.0 0.0 0.0 0.0 0.0 0.0 0.0 0.0 0.0 0.0 0.0 0.0 0.0 0.0 0.0
0 0.397461 0.037963 0.009766 0.024074 0.0 0.0 0.0 0.0 0.0 0.0 0.0 0.0 0.0 0.0 0.0 0.0 0.0 0.0 0.0
0 0.428711 0.043519 0.011719 0.027778 0.0 0.0 0.0 0.0 0.0 0.0 0.0 0.0 0.0 0.0 0.0 0.0 0.0 0.0 0.0
0 0.452637 0.076852 0.012695 0.035185 0.0 0.0 0.0 0.0 0.0 0.0 0.0 0.0 0.0 0.0 0.0 0.0 0.0 0.0 0.0
0 0.447266 0.125 0.015625 0.046296 0.44754 0.120081 1.0 0.453186 0.120081 1.0 0.452423 0.131367 1.0 0.44693 0.141204 1.0 0.450897 0.141204 1.0
0 0.477539 0.172222 0.019531 0.051852 0.469552 0.168585 1.0 0.476702 0.1666 1.0 0.472343 0.177513 1.0 0.471122 0.187104 1.0 0.477923 0.186111 1.0
0 0.478516 0.251852 0.023438 0.062963 0.472447 0.236507 1.0 0.480608 0.236906 1.0 0.475586 0.245635 1.0 0.473912 0.259524 1.0 0.47998 0.260317 1.0
0 0.499023 0.289815 0.035156 0.07963 0.486611 0.278381 1.0 0.497781 0.276869 1.0 0.487409 0.293511 1.0 0.488207 0.308639 1.0 0.496983 0.310656 1.0
0 0.584473 0.1 0.016602 0.037037 0.585881 0.095239 1.0 0.591064 0.09308 1.0 0.59018 0.10243 1.0 0.586513 0.108665 1.0 0.590306 0.109622 1.0
0 0.540527 0.101852 0.012695 0.02963 0.537702 0.101257 1.0 0.544608 0.100265 1.0 0.541783 0.105622 1.0 0.539062 0.111574 1.0 0.543144 0.110581 1.0
0 0.507812 0.090741 0.011719 0.02963 0.506487 0.093717 1.0 0.510986 0.092924 1.0 0.508476 0.09947 1.0 0.50837 0.104233 1.0 0.510463 0.103439 1.0
0 0.46875 0.060185 0.007812 0.024074 0.0 0.0 0.0 0.0 0.0 0.0 0.0 0.0 0.0 0.0 0.0 0.0 0.0 0.0 0.0
0 0.572754 0.035185 0.008789 0.014815 0.0 0.0 0.0 0.0 0.0 0.0 0.0 0.0 0.0 0.0 0.0 0.0 0.0 0.0 0.0
0 0.618652 0.108333 0.016602 0.035185 0.0 0.0 0.0 0.0 0.0 0.0 0.0 0.0 0.0 0.0 0.0 0.0 0.0 0.0 0.0
0 0.601074 0.149074 0.024414 0.05 0.591086 0.147461 1.0 0.599077 0.144559 1.0 0.592446 0.153911 1.0 0.592106 0.165194 1.0 0.597207 0.163583 1.0
0 0.606934 0.223148 0.030273 0.053704 0.596087 0.212765 1.0 0.605103 0.211674 1.0 0.598389 0.224406 1.0 0.598005 0.238591 1.0 0.60376 0.237863 1.0
0 0.659668 0.244444 0.030273 0.07037 0.649963 0.23125 1.0 0.66013 0.23125 1.0 0.65366 0.248776 1.0 0.652274 0.261483 1.0 0.660361 0.262359 1.0
0 0.708008 0.082407 0.013672 0.035185 0.0 0.0 0.0 0.0 0.0 0.0 0.0 0.0 0.0 0.0 0.0 0.0 0.0 0.0 0.0
0 0.726562 0.048148 0.013672 0.033333 0.724091 0.045437 1.0 0.729505 0.044544 1.0 0.727622 0.051687 1.0 0.724914 0.058159 1.0 0.729034 0.057713 1.0
0 0.738281 0.103704 0.021484 0.051852 0.731341 0.094576 1.0 0.73849 0.093585 1.0 0.733782 0.103506 1.0 0.732213 0.117724 1.0 0.739711 0.116733 1.0
0 0.809082 0.05463 0.008789 0.027778 0.0 0.0 0.0 0.0 0.0 0.0 0.0 0.0 0.0 0.0 0.0 0.0 0.0 0.0 0.0
0 0.835938 0.032407 0.009766 0.031481 0.0 0.0 0.0 0.0 0.0 0.0 0.0 0.0 0.0 0.0 0.0 0.0 0.0 0.0 0.0
0 0.855957 0.016667 0.008789 0.018519 0.0 0.0 0.0 0.0 0.0 0.0 0.0 0.0 0.0 0.0 0.0 0.0 0.0 0.0 0.0
0 0.916992 0.139815 0.023438 0.046296 0.0 0.0 0.0 0.0 0.0 0.0 0.0 0.0 0.0 0.0 0.0 0.0 0.0 0.0 0.0
0 0.873047 0.227778 0.029297 0.062963 0.0 0.0 0.0 0.0 0.0 0.0 0.0 0.0 0.0 0.0 0.0 0.0 0.0 0.0 0.0
0 0.780273 0.20463 0.03125 0.057407 0.768516 0.192287 1.0 0.778351 0.189567 1.0 0.771999 0.203556 1.0 0.770975 0.215989 1.0 0.77958 0.2156 1.0
0 0.769531 0.312963 0.037109 0.085185 0.759046 0.299678 1.0 0.772082 0.301828 1.0 0.76188 0.314187 1.0 0.757346 0.330307 1.0 0.769531 0.334607 1.0
0 0.979004 0.240741 0.026367 0.055556 0.0 0.0 0.0 0.0 0.0 0.0 0.0 0.0 0.0 0.0 0.0 0.0 0.0 0.0 0.0
0 0.947266 0.097222 0.009766 0.024074 0.947423 0.093981 1.0 0.950213 0.09365 1.0 0.9503 0.098611 1.0 0.94812 0.102083 1.0 0.950038 0.101919 1.0
0 0.973145 0.090741 0.008789 0.025926 0.0 0.0 0.0 0.0 0.0 0.0 0.0 0.0 0.0 0.0 0.0 0.0 0.0 0.0 0.0
0 0.890625 0.025926 0.007812 0.022222 0.0 0.0 0.0 0.0 0.0 0.0 0.0 0.0 0.0 0.0 0.0 0.0 0.0 0.0 0.0
0 0.943848 0.018519 0.006836 0.014815 0.0 0.0 0.0 0.0 0.0 0.0 0.0 0.0 0.0 0.0 0.0 0.0 0.0 0.0 0.0
0 0.826172 0.196296 0.025391 0.048148 0.816397 0.181565 1.0 0.826669 0.184391 1.0 0.819214 0.194759 1.0 0.814906 0.207011 1.0 0.822527 0.207954 1.0
0 0.672363 0.064815 0.010742 0.033333 0.0 0.0 0.0 0.0 0.0 0.0 0.0 0.0 0.0 0.0 0.0 0.0 0.0 0.0 0.0
0 0.636719 0.058333 0.011719 0.024074 0.0 0.0 0.0 0.0 0.0 0.0 0.0 0.0 0.0 0.0 0.0 0.0 0.0 0.0 0.0
0 0.674805 0.017593 0.007812 0.016667 0.0 0.0 0.0 0.0 0.0 0.0 0.0 0.0 0.0 0.0 0.0 0.0 0.0 0.0 0.0
0 0.594727 0.025 0.009766 0.024074 0.0 0.0 0.0 0.0 0.0 0.0 0.0 0.0 0.0 0.0 0.0 0.0 0.0 0.0 0.0
0 0.020508 0.334259 0.027344 0.064815 0.011736 0.325067 1.0 0.016968 0.325893 1.0 0.007595 0.3416 1.0 0.01348 0.354828 1.0 0.015006 0.354828 1.0
0 0.422852 0.125 0.011719 0.035185 0.0 0.0 0.0 0.0 0.0 0.0 0.0 0.0 0.0 0.0 0.0 0.0 0.0 0.0 0.0
0 0.091309 0.367593 0.018555 0.046296 0.0 0.0 0.0 0.0 0.0 0.0 0.0 0.0 0.0 0.0 0.0 0.0 0.0 0.0 0.0
0 0.339355 0.138889 0.014648 0.025926 0.0 0.0 0.0 0.0 0.0 0.0 0.0 0.0 0.0 0.0 0.0 0.0 0.0 0.0 0.0
0 0.328125 0.134259 0.011719 0.027778 0.0 0.0 0.0 0.0 0.0 0.0 0.0 0.0 0.0 0.0 0.0 0.0 0.0 0.0 0.0
0 0.69043 0.011111 0.009766 0.018519 0.0 0.0 0.0 0.0 0.0 0.0 0.0 0.0 0.0 0.0 0.0 0.0 0.0 0.0 0.0
0 0.682617 0.02037 0.005859 0.018519 0.0 0.0 0.0 0.0 0.0 0.0 0.0 0.0 0.0 0.0 0.0 0.0 0.0 0.0 0.0
0 0.714355 0.014815 0.010742 0.022222 0.0 0.0 0.0 0.0 0.0 0.0 0.0 0.0 0.0 0.0 0.0 0.0 0.0 0.0 0.0
0 0.924316 0.006481 0.008789 0.012963 0.0 0.0 0.0 0.0 0.0 0.0 0.0 0.0 0.0 0.0 0.0 0.0 0.0 0.0 0.0
0 0.564941 0.069444 0.014648 0.031481 0.0 0.0 0.0 0.0 0.0 0.0 0.0 0.0 0.0 0.0 0.0 0.0 0.0 0.0 0.0
0 0.515137 0.094444 0.012695 0.033333 0.0 0.0 0.0 0.0 0.0 0.0 0.0 0.0 0.0 0.0 0.0 0.0 0.0 0.0 0.0
0 0.990723 0.098148 0.018555 0.044444 0.0 0.0 0.0 0.0 0.0 0.0 0.0 0.0 0.0 0.0 0.0 0.0 0.0 0.0 0.0