0 0.101074 0.592955 0.022461 0.054795 0.101946 0.588063 1.0 0.109096 0.587014 1.0 0.10648 0.597847 1.0 0.10247 0.610429 1.0 0.107003 0.609728 1.0
0 0.204102 0.635029 0.023438 0.048924 0.199847 0.627131 1.0 0.207223 0.627761 1.0 0.201729 0.640971 1.0 0.199532 0.651035 1.0 0.205497 0.651035 1.0
0 0.255371 0.605675 0.018555 0.04501 0.249023 0.600783 1.0 0.256836 0.596869 1.0 0.25293 0.608611 1.0 0.25293 0.620352 1.0 0.257812 0.616438 1.0
0 0.243164 0.588063 0.013672 0.041096 0.239258 0.581213 1.0 0.244141 0.581213 1.0 0.243164 0.590998 1.0 0.242188 0.60274 1.0 0.246094 0.60274 1.0
0 0.192383 0.241683 0.013672 0.052838 0.0 0.0 0.0 0.0 0.0 0.0 0.0 0.0 0.0 0.0 0.0 0.0 0.0 0.0 0.0
0 0.355957 0.652642 0.020508 0.04501 0.354283 0.643049 1.0 0.36125 0.647802 1.0 0.355469 0.658495 1.0 0.351467 0.657902 1.0 0.355766 0.665922 1.0
0 0.370117 0.634051 0.017578 0.054795 0.365234 0.632094 1.0 0.366211 0.632094 1.0 0.366211 0.645793 1.0 0.369141 0.65362 1.0 0.369141 0.65362 1.0
0 0.362793 0.549902 0.018555 0.054795 0.355469 0.549902 1.0 0.363281 0.547945 1.0 0.358398 0.561644 1.0 0.360352 0.569472 1.0 0.366211 0.565558 1.0
0 0.350098 0.507828 0.016602 0.04501 0.345703 0.504892 1.0 0.352539 0.504892 1.0 0.349609 0.516634 1.0 0.347656 0.522505 1.0 0.351562 0.522505 1.0
0 0.391113 0.500978 0.018555 0.046967 0.385406 0.499695 1.0 0.393799 0.499389 1.0 0.388153 0.51162 1.0 0.386322 0.517123 1.0 0.393494 0.516205 1.0
0 0.404297 0.559687 0.019531 0.050881 0.400391 0.555773 1.0 0.40918 0.555773 1.0 0.404297 0.567515 1.0 0.402344 0.575342 1.0 0.408203 0.573386 1.0
0 0.435547 0.571429 0.021484 0.046967 0.426906 0.569769 1.0 0.435059 0.567689 1.0 0.431353 0.581352 1.0 0.429426 0.587591 1.0 0.434466 0.586106 1.0
0 0.474121 0.500978 0.016602 0.046967 0.470307 0.495718 1.0 0.478088 0.495413 1.0 0.471527 0.506115 1.0 0.471069 0.516205 1.0 0.475494 0.516205 1.0
0 0.48291 0.562622 0.018555 0.04501 0.479213 0.559687 1.0 0.486328 0.560804 1.0 0.481585 0.569751 1.0 0.481445 0.576182 1.0 0.485491 0.576182 1.0
0 0.502441 0.560665 0.020508 0.041096 0.495924 0.549937 1.0 0.503627 0.547771 1.0 0.499572 0.559957 1.0 0.499032 0.571333 1.0 0.504032 0.56754 1.0
0 0.523926 0.566536 0.014648 0.037182 0.0 0.0 0.0 0.0 0.0 0.0 0.0 0.0 0.0 0.0 0.0 0.0 0.0 0.0 0.0
0 0.475586 0.642857 0.017578 0.048924 0.470843 0.63716 1.0 0.471313 0.637791 1.0 0.468959 0.651943 1.0 0.473981 0.65383 1.0 0.474609 0.654145 1.0
0 0.55957 0.581213 0.017578 0.050881 0.553606 0.575272 1.0 0.559239 0.574941 1.0 0.554601 0.58656 1.0 0.553771 0.595523 1.0 0.558576 0.595192 1.0
0 0.609375 0.426614 0.019531 0.046967 0.604004 0.418603 1.0 0.611023 0.419215 1.0 0.605835 0.427472 1.0 0.603699 0.437256 1.0 0.610107 0.436949 1.0
0 0.586914 0.556751 0.015625 0.037182 0.582031 0.555773 1.0 0.588867 0.553816 1.0 0.584961 0.561644 1.0 0.586914 0.567515 1.0 0.589844 0.565558 1.0
0 0.603516 0.582192 0.017578 0.041096 0.597656 0.567515 1.0 0.602539 0.567515 1.0 0.598633 0.58317 1.0 0.599609 0.592955 1.0 0.603516 0.592955 1.0
0 0.658691 0.527397 0.018555 0.04501 0.655273 0.528376 1.0 0.660156 0.524462 1.0 0.65625 0.53816 1.0 0.658203 0.545988 1.0 0.662109 0.542074 1.0
0 0.586426 0.677104 0.016602 0.058708 0.0 0.0 0.0 0.0 0.0 0.0 0.0 0.0 0.0 0.0 0.0 0.0 0.0 0.0 0.0
0 0.725098 0.540117 0.016602 0.035225 0.720756 0.539209 1.0 0.725743 0.541025 1.0 0.722002 0.549204 1.0 0.721436 0.552838 1.0 0.72597 0.552838 1.0
0 0.753906 0.564579 0.019531 0.04501 0.74823 0.561225 1.0 0.750602 0.55974 1.0 0.747489 0.571027 1.0 0.751787 0.57875 1.0 0.753862 0.577859 1.0
0 0.767578 0.493151 0.017578 0.050881 0.763672 0.483366 1.0 0.772461 0.483366 1.0 0.768555 0.493151 1.0 0.764648 0.504892 1.0 0.770508 0.504892 1.0
0 0.840332 0.553816 0.020508 0.039139 0.834961 0.553816 1.0 0.84082 0.551859 1.0 0.838867 0.561644 1.0 0.84082 0.569472 1.0 0.84375 0.565558 1.0
0 0.84082 0.502935 0.017578 0.046967 0.0 0.0 0.0 0.0 0.0 0.0 0.0 0.0 0.0 0.0 0.0 0.0 0.0 0.0 0.0
0 0.871094 0.590998 0.017578 0.050881 0.864258 0.585127 1.0 0.869141 0.587084 1.0 0.865234 0.592955 1.0 0.867188 0.604697 1.0 0.869141 0.604697 1.0
0 0.909668 0.504892 0.016602 0.046967 0.906098 0.505442 1.0 0.907929 0.506055 1.0 0.905945 0.515534 1.0 0.911133 0.520427 1.0 0.911743 0.519814 1.0