0 0.616699 0.554688 0.038086 0.059896 0.60941 0.545724 1.0 0.627546 0.546858 1.0 0.618194 0.561594 1.0 0.609977 0.567638 1.0 0.624996 0.566883 1.0
0 0.468262 0.546224 0.043945 0.063802 0.454956 0.536214 1.0 0.473572 0.534586 1.0 0.461975 0.556966 1.0 0.457092 0.566732 1.0 0.472352 0.566326 1.0
0 0.289551 0.567057 0.040039 0.066406 0.275565 0.558035 1.0 0.28404 0.560547 1.0 0.270229 0.573103 1.0 0.277448 0.581892 1.0 0.283727 0.583566 1.0
0 0.174805 0.542969 0.039062 0.059896 0.168082 0.539296 1.0 0.188485 0.536272 1.0 0.1814 0.550253 1.0 0.17375 0.560454 1.0 0.187068 0.557809 1.0
0 0.313477 0.401693 0.03125 0.045573 0.307757 0.397263 1.0 0.321708 0.393776 1.0 0.31604 0.406564 1.0 0.310154 0.412086 1.0 0.321489 0.410342 1.0
0 0.154297 0.391276 0.03125 0.045573 0.0 0.0 0.0 0.0 0.0 0.0 0.0 0.0 0.0 0.0 0.0 0.0 0.0 0.0 0.0
0 0.594727 0.287109 0.019531 0.032552 0.585763 0.281227 1.0 0.591728 0.281854 1.0 0.586548 0.289178 1.0 0.58592 0.293783 1.0 0.590629 0.29462 1.0
0 0.503906 0.283854 0.017578 0.028646 0.500349 0.279018 1.0 0.509417 0.278646 1.0 0.505092 0.284227 1.0 0.502022 0.289806 1.0 0.507464 0.289806 1.0
0 0.429199 0.285156 0.016602 0.026042 0.425314 0.278773 1.0 0.433153 0.279111 1.0 0.42974 0.284 1.0 0.427464 0.290068 1.0 0.432142 0.290237 1.0
0 0.407227 0.291667 0.013672 0.018229 0.403168 0.290161 1.0 0.408936 0.290405 1.0 0.405182 0.293823 1.0 0.403992 0.297241 1.0 0.408203 0.297241 1.0
0 0.334961 0.303385 0.017578 0.028646 0.336822 0.302194 1.0 0.341958 0.300932 1.0 0.343039 0.307059 1.0 0.338444 0.312285 1.0 0.34277 0.311203 1.0
0 0.876465 0.38151 0.032227 0.049479 0.864677 0.374604 1.0 0.875977 0.37743 1.0 0.866324 0.383079 1.0 0.863028 0.392182 1.0 0.871739 0.394066 1.0
0 0.74707 0.359375 0.03125 0.041667 0.75449 0.353527 1.0 0.760507 0.351121 1.0 0.760507 0.35941 1.0 0.755493 0.369839 1.0 0.759304 0.366897 1.0
0 0.907227 0.63737 0.035156 0.045573 0.0 0.0 0.0 0.0 0.0 0.0 0.0 0.0 0.0 0.0 0.0 0.0 0.0 0.0 0.0
0 0.98584 0.285156 0.014648 0.015625 0.0 0.0 0.0 0.0 0.0 0.0 0.0 0.0 0.0 0.0 0.0 0.0 0.0 0.0 0.0
0 0.187012 0.280599 0.014648 0.02474 0.182251 0.273926 1.0 0.18396 0.277995 1.0 0.180786 0.280599 1.0 0.182129 0.286458 1.0 0.18396 0.287272 1.0
0 0.242188 0.276693 0.013672 0.02474 0.236031 0.271624 1.0 0.242152 0.272565 1.0 0.236974 0.277273 1.0 0.236385 0.283238 1.0 0.240857 0.282924 1.0
0 0.259766 0.26888 0.011719 0.022135 0.0 0.0 0.0 0.0 0.0 0.0 0.0 0.0 0.0 0.0 0.0 0.0 0.0 0.0 0.0
0 0.188477 0.195312 0.007812 0.013021 0.0 0.0 0.0 0.0 0.0 0.0 0.0 0.0 0.0 0.0 0.0 0.0 0.0 0.0 0.0
0 0.150391 0.195964 0.009766 0.014323 0.148229 0.195499 1.0 0.151576 0.194289 1.0 0.150182 0.197917 1.0 0.149623 0.200613 1.0 0.151855 0.200056 1.0
0 0.124512 0.211589 0.006836 0.011719 0.0 0.0 0.0 0.0 0.0 0.0 0.0 0.0 0.0 0.0 0.0 0.0 0.0 0.0 0.0
0 0.026855 0.255208 0.016602 0.028646 0.0 0.0 0.0 0.0 0.0 0.0 0.0 0.0 0.0 0.0 0.0 0.0 0.0 0.0 0.0
0 0.390625 0.21224 0.007812 0.013021 0.0 0.0 0.0 0.0 0.0 0.0 0.0 0.0 0.0 0.0 0.0 0.0 0.0 0.0 0.0
0 0.446777 0.196615 0.006836 0.013021 0.446058 0.195004 1.0 0.447104 0.195353 1.0 0.445404 0.198667 1.0 0.445927 0.200934 1.0 0.446777 0.201457 1.0