0 0.089844 0.366373 0.023438 0.048458 0.0 0.0 0.0 0.0 0.0 0.0 0.0 0.0 0.0 0.0 0.0 0.0 0.0 0.0 0.0
0 0.224121 0.301028 0.020508 0.052863 0.217006 0.288927 1.0 0.227456 0.288927 1.0 0.217451 0.29762 1.0 0.217896 0.30999 1.0 0.224121 0.310323 1.0
0 0.248535 0.249633 0.038086 0.079295 0.235125 0.234712 1.0 0.249703 0.235709 1.0 0.238106 0.251154 1.0 0.234794 0.267595 1.0 0.247384 0.267097 1.0
0 0.065918 0.374449 0.016602 0.038179 0.0 0.0 0.0 0.0 0.0 0.0 0.0 0.0 0.0 0.0 0.0 0.0 0.0 0.0 0.0
0 0.354492 0.533774 0.017578 0.036711 0.354614 0.527847 1.0 0.358852 0.525724 1.0 0.360578 0.53304 1.0 0.357439 0.541063 1.0 0.360421 0.539884 1.0
0 0.34668 0.372981 0.009766 0.017621 0.0 0.0 0.0 0.0 0.0 0.0 0.0 0.0 0.0 0.0 0.0 0.0 0.0 0.0 0.0
0 0.338379 0.370778 0.006836 0.016153 0.0 0.0 0.0 0.0 0.0 0.0 0.0 0.0 0.0 0.0 0.0 0.0 0.0 0.0 0.0
0 0.412109 0.344347 0.025391 0.033774 0.404672 0.330921 1.0 0.414943 0.330673 1.0 0.405831 0.339391 1.0 0.404175 0.348856 1.0 0.410967 0.348856 1.0
0 0.446289 0.389134 0.013672 0.029369 0.0 0.0 0.0 0.0 0.0 0.0 0.0 0.0 0.0 0.0 0.0 0.0 0.0 0.0 0.0
0 0.471191 0.393539 0.012695 0.035242 0.0 0.0 0.0 0.0 0.0 0.0 0.0 0.0 0.0 0.0 0.0 0.0 0.0 0.0 0.0
0 0.479004 0.379589 0.012695 0.0279 0.0 0.0 0.0 0.0 0.0 0.0 0.0 0.0 0.0 0.0 0.0 0.0 0.0 0.0 0.0
0 0.506348 0.359031 0.012695 0.0279 0.0 0.0 0.0 0.0 0.0 0.0 0.0 0.0 0.0 0.0 0.0 0.0 0.0 0.0 0.0
0 0.535156 0.36931 0.021484 0.033774 0.0 0.0 0.0 0.0 0.0 0.0 0.0 0.0 0.0 0.0 0.0 0.0 0.0 0.0 0.0
0 0.041016 0.323054 0.019531 0.038179 0.042141 0.321592 1.0 0.046496 0.321107 1.0 0.048108 0.326928 1.0 0.045205 0.335419 1.0 0.048754 0.333963 1.0
0 0.577637 0.337739 0.032227 0.061674 0.566197 0.327512 1.0 0.580061 0.327119 1.0 0.569074 0.339705 1.0 0.56829 0.351112 1.0 0.577184 0.351112 1.0
0 0.707031 0.317181 0.025391 0.0558 0.699498 0.306915 1.0 0.710327 0.307623 1.0 0.702088 0.31895 1.0 0.699498 0.327446 1.0 0.707973 0.328508 1.0
0 0.639648 0.390602 0.007812 0.014684 0.0 0.0 0.0 0.0 0.0 0.0 0.0 0.0 0.0 0.0 0.0 0.0 0.0 0.0 0.0
0 0.876953 0.27533 0.039062 0.069016 0.865949 0.263032 1.0 0.882891 0.26391 1.0 0.870915 0.276648 1.0 0.865073 0.28675 1.0 0.879386 0.288507 1.0
0 0.991699 0.344347 0.016602 0.051395 0.987745 0.329636 1.0 0.999974 0.329301 1.0 0.992191 0.343009 1.0 0.989746 0.35237 1.0 1.000419 0.35237 1.0
0 0.616211 0.516887 0.015625 0.029369 0.0 0.0 0.0 0.0 0.0 0.0 0.0 0.0 0.0 0.0 0.0 0.0 0.0 0.0 0.0