0 0.01123 0.220351 0.018555 0.048316 0.0 0.0 0.0 0.0 0.0 0.0 0.0 0.0 0.0 0.0 0.0 0.0 0.0 0.0 0.0
0 0.035645 0.219619 0.024414 0.04978 0.029925 0.214599 1.0 0.041644 0.215227 1.0 0.036621 0.224012 1.0 0.030971 0.231855 1.0 0.039342 0.23311 1.0
0 0.120605 0.256955 0.03418 0.071742 0.115906 0.247823 1.0 0.131548 0.24647 1.0 0.125833 0.253687 1.0 0.115003 0.273079 1.0 0.131849 0.272628 1.0
0 0.173828 0.264275 0.029297 0.048316 0.0 0.0 0.0 0.0 0.0 0.0 0.0 0.0 0.0 0.0 0.0 0.0 0.0 0.0 0.0
0 0.210938 0.248902 0.019531 0.032211 0.205989 0.236738 1.0 0.215053 0.235012 1.0 0.210881 0.247091 1.0 0.208004 0.253777 1.0 0.214334 0.253777 1.0
0 0.268555 0.279649 0.03125 0.058565 0.262839 0.274445 1.0 0.278246 0.272956 1.0 0.271537 0.282643 1.0 0.265076 0.296054 1.0 0.275016 0.295682 1.0
0 0.331543 0.256223 0.030273 0.04978 0.320452 0.244719 1.0 0.331962 0.244719 1.0 0.323382 0.255072 1.0 0.321289 0.264798 1.0 0.330915 0.263543 1.0
0 0.30127 0.288433 0.020508 0.032211 0.298409 0.286341 1.0 0.305106 0.288015 1.0 0.3012 0.292198 1.0 0.296596 0.296173 1.0 0.302177 0.298473 1.0
0 0.490234 0.304539 0.021484 0.035139 0.488604 0.297075 1.0 0.496904 0.298852 1.0 0.493792 0.303741 1.0 0.489493 0.310852 1.0 0.49557 0.31152 1.0
0 0.401855 0.286237 0.008789 0.019034 0.0 0.0 0.0 0.0 0.0 0.0 0.0 0.0 0.0 0.0 0.0 0.0 0.0 0.0 0.0
0 0.388184 0.292826 0.006836 0.014641 0.0 0.0 0.0 0.0 0.0 0.0 0.0 0.0 0.0 0.0 0.0 0.0 0.0 0.0 0.0
0 0.433105 0.297218 0.008789 0.01757 0.0 0.0 0.0 0.0 0.0 0.0 0.0 0.0 0.0 0.0 0.0 0.0 0.0 0.0 0.0
0 0.543945 0.302343 0.044922 0.086384 0.529707 0.295996 1.0 0.546714 0.291113 1.0 0.535496 0.303592 1.0 0.534772 0.322037 1.0 0.543819 0.320408 1.0
0 0.643066 0.312592 0.03418 0.068814 0.641715 0.311859 1.0 0.655526 0.30884 1.0 0.652073 0.323939 1.0 0.644305 0.334723 1.0 0.654375 0.332567 1.0
0 0.691895 0.304539 0.020508 0.035139 0.684989 0.300539 1.0 0.694327 0.300539 1.0 0.688694 0.307205 1.0 0.687064 0.313206 1.0 0.691659 0.312761 1.0
0 0.670898 0.314056 0.013672 0.02489 0.0 0.0 0.0 0.0 0.0 0.0 0.0 0.0 0.0 0.0 0.0 0.0 0.0 0.0 0.0
0 0.728027 0.308199 0.016602 0.033675 0.0 0.0 0.0 0.0 0.0 0.0 0.0 0.0 0.0 0.0 0.0 0.0 0.0 0.0 0.0
0 0.773926 0.363836 0.012695 0.027818 0.768311 0.359444 1.0 0.774048 0.359627 1.0 0.768799 0.3653 1.0 0.767944 0.368777 1.0 0.772095 0.368777 1.0
0 0.789062 0.366032 0.013672 0.023426 0.0 0.0 0.0 0.0 0.0 0.0 0.0 0.0 0.0 0.0 0.0 0.0 0.0 0.0 0.0
0 0.820801 0.33675 0.024414 0.046852 0.0 0.0 0.0 0.0 0.0 0.0 0.0 0.0 0.0 0.0 0.0 0.0 0.0 0.0 0.0
0 0.856934 0.332357 0.030273 0.058565 0.848084 0.329325 1.0 0.859715 0.327429 1.0 0.853646 0.336906 1.0 0.849854 0.349796 1.0 0.861738 0.349796 1.0
0 0.875977 0.256955 0.027344 0.048316 0.869546 0.251425 1.0 0.881021 0.249581 1.0 0.875283 0.257262 1.0 0.87098 0.271394 1.0 0.882455 0.266785 1.0
0 0.811523 0.293558 0.019531 0.030747 0.0 0.0 0.0 0.0 0.0 0.0 0.0 0.0 0.0 0.0 0.0 0.0 0.0 0.0 0.0
0 0.791992 0.301611 0.013672 0.026354 0.0 0.0 0.0 0.0 0.0 0.0 0.0 0.0 0.0 0.0 0.0 0.0 0.0 0.0 0.0
0 0.739258 0.289898 0.013672 0.023426 0.0 0.0 0.0 0.0 0.0 0.0 0.0 0.0 0.0 0.0 0.0 0.0 0.0 0.0 0.0
0 0.716797 0.261347 0.009766 0.021962 0.0 0.0 0.0 0.0 0.0 0.0 0.0 0.0 0.0 0.0 0.0 0.0 0.0 0.0 0.0
0 0.959961 0.308199 0.017578 0.033675 0.0 0.0 0.0 0.0 0.0 0.0 0.0 0.0 0.0 0.0 0.0 0.0 0.0 0.0 0.0
0 0.945312 0.377013 0.009766 0.02489 0.0 0.0 0.0 0.0 0.0 0.0 0.0 0.0 0.0 0.0 0.0 0.0 0.0 0.0 0.0
0 0.970215 0.374085 0.014648 0.02489 0.0 0.0 0.0 0.0 0.0 0.0 0.0 0.0 0.0 0.0 0.0 0.0 0.0 0.0 0.0
0 0.937012 0.283309 0.012695 0.02489 0.0 0.0 0.0 0.0 0.0 0.0 0.0 0.0 0.0 0.0 0.0 0.0 0.0 0.0 0.0
0 0.941895 0.247438 0.012695 0.023426 0.0 0.0 0.0 0.0 0.0 0.0 0.0 0.0 0.0 0.0 0.0 0.0 0.0 0.0 0.0
0 0.742188 0.385066 0.009766 0.020498 0.0 0.0 0.0 0.0 0.0 0.0 0.0 0.0 0.0 0.0 0.0 0.0 0.0 0.0 0.0
0 0.75293 0.36896 0.013672 0.029283 0.0 0.0 0.0 0.0 0.0 0.0 0.0 0.0 0.0 0.0 0.0 0.0 0.0 0.0 0.0
0 0.46582 0.285505 0.007812 0.01757 0.0 0.0 0.0 0.0 0.0 0.0 0.0 0.0 0.0 0.0 0.0 0.0 0.0 0.0 0.0
0 0.994629 0.297218 0.010742 0.029283 0.0 0.0 0.0 0.0 0.0 0.0 0.0 0.0 0.0 0.0 0.0 0.0 0.0 0.0 0.0
0 0.990723 0.392387 0.014648 0.026354 0.986119 0.387013 1.0 0.989293 0.387353 1.0 0.987252 0.392622 1.0 0.986686 0.397381 1.0 0.989293 0.397551 1.0
0 0.989258 0.481698 0.013672 0.029283 0.0 0.0 0.0 0.0 0.0 0.0 0.0 0.0 0.0 0.0 0.0 0.0 0.0 0.0 0.0
0 0.961914 0.478038 0.013672 0.030747 0.0 0.0 0.0 0.0 0.0 0.0 0.0 0.0 0.0 0.0 0.0 0.0 0.0 0.0 0.0
0 0.989746 0.243045 0.008789 0.023426 0.0 0.0 0.0 0.0 0.0 0.0 0.0 0.0 0.0 0.0 0.0 0.0 0.0 0.0 0.0
0 0.641602 0.264275 0.009766 0.02489 0.0 0.0 0.0 0.0 0.0 0.0 0.0 0.0 0.0 0.0 0.0 0.0 0.0 0.0 0.0
0 0.657715 0.274524 0.008789 0.019034 0.0 0.0 0.0 0.0 0.0 0.0 0.0 0.0 0.0 0.0 0.0 0.0 0.0 0.0 0.0
0 0.751953 0.275256 0.011719 0.023426 0.0 0.0 0.0 0.0 0.0 0.0 0.0 0.0 0.0 0.0 0.0 0.0 0.0 0.0 0.0
0 0.915039 0.286969 0.015625 0.026354 0.0 0.0 0.0 0.0 0.0 0.0 0.0 0.0 0.0 0.0 0.0 0.0 0.0 0.0 0.0
0 0.413574 0.271596 0.006836 0.013177 0.0 0.0 0.0 0.0 0.0 0.0 0.0 0.0 0.0 0.0 0.0 0.0 0.0 0.0 0.0