0 0.161621 0.379589 0.036133 0.057269 0.147696 0.365527 1.0 0.153931 0.365888 1.0 0.153211 0.384997 1.0 0.150094 0.391488 1.0 0.163282 0.390767 1.0
0 0.215332 0.417034 0.014648 0.026432 0.21201 0.410399 1.0 0.215171 0.411875 1.0 0.21201 0.416627 1.0 0.214626 0.421872 1.0 0.214953 0.422035 1.0
0 0.28418 0.45301 0.007812 0.013216 0.0 0.0 0.0 0.0 0.0 0.0 0.0 0.0 0.0 0.0 0.0 0.0 0.0 0.0 0.0
0 0.376465 0.342878 0.038086 0.07489 0.378034 0.330344 1.0 0.390904 0.330344 1.0 0.389335 0.344032 1.0 0.379604 0.359608 1.0 0.390276 0.359135 1.0
0 0.476074 0.407489 0.012695 0.016153 0.0 0.0 0.0 0.0 0.0 0.0 0.0 0.0 0.0 0.0 0.0 0.0 0.0 0.0 0.0
0 0.465332 0.41116 0.006836 0.014684 0.0 0.0 0.0 0.0 0.0 0.0 0.0 0.0 0.0 0.0 0.0 0.0 0.0 0.0 0.0
0 0.497559 0.409692 0.008789 0.020558 0.0 0.0 0.0 0.0 0.0 0.0 0.0 0.0 0.0 0.0 0.0 0.0 0.0 0.0 0.0
0 0.518066 0.419971 0.014648 0.026432 0.51784 0.416562 1.0 0.524414 0.417584 1.0 0.520787 0.422357 1.0 0.518066 0.426618 1.0 0.522374 0.426278 1.0
0 0.536133 0.408957 0.011719 0.01909 0.534659 0.404473 1.0 0.539464 0.405097 1.0 0.537476 0.409207 1.0 0.534825 0.412818 1.0 0.538139 0.413317 1.0
0 0.556152 0.415565 0.012695 0.023495 0.553145 0.409856 1.0 0.558659 0.409404 1.0 0.555551 0.416943 1.0 0.554146 0.420711 1.0 0.558358 0.420711 1.0
0 0.581055 0.43906 0.021484 0.044053 0.574306 0.431561 1.0 0.576931 0.431843 1.0 0.571494 0.440581 1.0 0.573931 0.448756 1.0 0.574681 0.448756 1.0
0 0.605469 0.401615 0.015625 0.024963 0.60369 0.396633 1.0 0.6107 0.39679 1.0 0.606725 0.40041 1.0 0.605155 0.406545 1.0 0.608607 0.406545 1.0
0 0.626465 0.396476 0.010742 0.020558 0.0 0.0 0.0 0.0 0.0 0.0 0.0 0.0 0.0 0.0 0.0 0.0 0.0 0.0 0.0
0 0.654297 0.41116 0.011719 0.020558 0.0 0.0 0.0 0.0 0.0 0.0 0.0 0.0 0.0 0.0 0.0 0.0 0.0 0.0 0.0
0 0.6875 0.429515 0.013672 0.022026 0.684222 0.424887 1.0 0.6894 0.424743 1.0 0.686812 0.429646 1.0 0.685276 0.434117 1.0 0.688921 0.43383 1.0
0 0.769531 0.404552 0.009766 0.01909 0.0 0.0 0.0 0.0 0.0 0.0 0.0 0.0 0.0 0.0 0.0 0.0 0.0 0.0 0.0
0 0.700684 0.406755 0.008789 0.017621 0.0 0.0 0.0 0.0 0.0 0.0 0.0 0.0 0.0 0.0 0.0 0.0 0.0 0.0 0.0
0 0.718262 0.4163 0.006836 0.013216 0.0 0.0 0.0 0.0 0.0 0.0 0.0 0.0 0.0 0.0 0.0 0.0 0.0 0.0 0.0
0 0.801758 0.434655 0.007812 0.011747 0.0 0.0 0.0 0.0 0.0 0.0 0.0 0.0 0.0 0.0 0.0 0.0 0.0 0.0 0.0
0 0.816406 0.429515 0.007812 0.013216 0.0 0.0 0.0 0.0 0.0 0.0 0.0 0.0 0.0 0.0 0.0 0.0 0.0 0.0 0.0
0 0.837402 0.423642 0.008789 0.013216 0.0 0.0 0.0 0.0 0.0 0.0 0.0 0.0 0.0 0.0 0.0 0.0 0.0 0.0 0.0
0 0.910156 0.454479 0.013672 0.024963 0.908962 0.451037 1.0 0.913866 0.450874 1.0 0.912231 0.456772 1.0 0.911142 0.460379 1.0 0.911469 0.460379 1.0
0 0.746094 0.414831 0.007812 0.013216 0.0 0.0 0.0 0.0 0.0 0.0 0.0 0.0 0.0 0.0 0.0 0.0 0.0 0.0 0.0
0 0.739746 0.406021 0.006836 0.013216 0.0 0.0 0.0 0.0 0.0 0.0 0.0 0.0 0.0 0.0 0.0 0.0 0.0 0.0 0.0