0 0.023438 0.53177 0.017578 0.034796 0.019052 0.525502 1.0 0.02676 0.524124 1.0 0.022758 0.531932 1.0 0.020237 0.53997 1.0 0.026167 0.53974 1.0
0 0.058105 0.527988 0.014648 0.027231 0.05501 0.521734 1.0 0.061812 0.521909 1.0 0.05773 0.528407 1.0 0.054104 0.534026 1.0 0.061925 0.53508 1.0
0 0.071289 0.543873 0.011719 0.028744 0.0 0.0 0.0 0.0 0.0 0.0 0.0 0.0 0.0 0.0 0.0 0.0 0.0 0.0 0.0
0 0.086426 0.549924 0.012695 0.025719 0.082912 0.546534 1.0 0.089373 0.545304 1.0 0.085179 0.552856 1.0 0.083139 0.560407 1.0 0.089033 0.560582 1.0
0 0.101074 0.56354 0.012695 0.025719 0.0 0.0 0.0 0.0 0.0 0.0 0.0 0.0 0.0 0.0 0.0 0.0 0.0 0.0 0.0
0 0.117676 0.569592 0.012695 0.028744 0.112061 0.56562 1.0 0.119507 0.56354 1.0 0.116211 0.571861 1.0 0.114136 0.577156 1.0 0.119507 0.576021 1.0
0 0.173828 0.509834 0.017578 0.033283 0.168248 0.502053 1.0 0.177874 0.500756 1.0 0.173688 0.509834 1.0 0.169782 0.516749 1.0 0.178153 0.516318 1.0
0 0.219727 0.516641 0.017578 0.034796 0.0 0.0 0.0 0.0 0.0 0.0 0.0 0.0 0.0 0.0 0.0 0.0 0.0 0.0 0.0
0 0.134277 0.573374 0.010742 0.02118 0.0 0.0 0.0 0.0 0.0 0.0 0.0 0.0 0.0 0.0 0.0 0.0 0.0 0.0 0.0
0 0.23877 0.521936 0.012695 0.027231 0.0 0.0 0.0 0.0 0.0 0.0 0.0 0.0 0.0 0.0 0.0 0.0 0.0 0.0 0.0
0 0.253906 0.525719 0.013672 0.028744 0.0 0.0 0.0 0.0 0.0 0.0 0.0 0.0 0.0 0.0 0.0 0.0 0.0 0.0 0.0
0 0.266602 0.535552 0.013672 0.024206 0.0 0.0 0.0 0.0 0.0 0.0 0.0 0.0 0.0 0.0 0.0 0.0 0.0 0.0 0.0
0 0.341797 0.409228 0.033203 0.05295 0.334333 0.402731 1.0 0.346758 0.40138 1.0 0.340873 0.410498 1.0 0.336949 0.424343 1.0 0.34545 0.424343 1.0
0 0.399902 0.509834 0.014648 0.033283 0.0 0.0 0.0 0.0 0.0 0.0 0.0 0.0 0.0 0.0 0.0 0.0 0.0 0.0 0.0
0 0.414062 0.530257 0.011719 0.022693 0.0 0.0 0.0 0.0 0.0 0.0 0.0 0.0 0.0 0.0 0.0 0.0 0.0 0.0 0.0
0 0.592285 0.540847 0.012695 0.022693 0.0 0.0 0.0 0.0 0.0 0.0 0.0 0.0 0.0 0.0 0.0 0.0 0.0 0.0 0.0
0 0.623535 0.518154 0.022461 0.034796 0.618155 0.509132 1.0 0.628828 0.509132 1.0 0.622454 0.51671 1.0 0.617859 0.523828 1.0 0.627346 0.524516 1.0
0 0.708984 0.566566 0.011719 0.022693 0.706874 0.560906 1.0 0.713588 0.561054 1.0 0.710423 0.5667 1.0 0.70745 0.570861 1.0 0.712437 0.570861 1.0
0 0.723633 0.559002 0.011719 0.022693 0.0 0.0 0.0 0.0 0.0 0.0 0.0 0.0 0.0 0.0 0.0 0.0 0.0 0.0 0.0
0 0.741699 0.543873 0.014648 0.028744 0.739624 0.539334 1.0 0.74585 0.538578 1.0 0.742554 0.54671 1.0 0.740723 0.552761 1.0 0.745239 0.552761 1.0
0 0.771484 0.54236 0.015625 0.03177 0.768563 0.535404 1.0 0.776267 0.534357 1.0 0.77397 0.541685 1.0 0.771537 0.551106 1.0 0.776132 0.54985 1.0
0 0.819824 0.516641 0.020508 0.037821 0.814628 0.506646 1.0 0.823417 0.505917 1.0 0.819964 0.513697 1.0 0.816825 0.523179 1.0 0.82373 0.522936 1.0
0 0.879883 0.571104 0.013672 0.028744 0.876569 0.567038 1.0 0.882809 0.567221 1.0 0.879865 0.571962 1.0 0.875863 0.576156 1.0 0.881749 0.57652 1.0
0 0.898926 0.552194 0.014648 0.027231 0.894775 0.547628 1.0 0.901123 0.547803 1.0 0.897723 0.553422 1.0 0.895455 0.559569 1.0 0.899196 0.559569 1.0
0 0.91748 0.546899 0.014648 0.03177 0.913461 0.539658 1.0 0.924055 0.540064 1.0 0.919085 0.548371 1.0 0.915815 0.554652 1.0 0.922485 0.55526 1.0
0 0.940918 0.53177 0.018555 0.034796 0.936633 0.524415 1.0 0.944977 0.523523 1.0 0.941093 0.532216 1.0 0.937783 0.539126 1.0 0.943826 0.538679 1.0
0 0.981445 0.58472 0.011719 0.025719 0.977688 0.58033 1.0 0.984444 0.58033 1.0 0.980739 0.58489 1.0 0.978668 0.59198 1.0 0.984009 0.591643 1.0
0 0.532715 0.596823 0.004883 0.01059 0.0 0.0 0.0 0.0 0.0 0.0 0.0 0.0 0.0 0.0 0.0 0.0 0.0 0.0 0.0