0 0.468262 0.335069 0.057617 0.079861 0.45459 0.30816 1.0 0.478027 0.304253 1.0 0.465576 0.302951 1.0 0.457886 0.334852 1.0 0.478027 0.328993 1.0
0 0.215332 0.460938 0.012695 0.022569 0.0 0.0 0.0 0.0 0.0 0.0 0.0 0.0 0.0 0.0 0.0 0.0 0.0 0.0 0.0
0 0.182617 0.450521 0.017578 0.032986 0.0 0.0 0.0 0.0 0.0 0.0 0.0 0.0 0.0 0.0 0.0 0.0 0.0 0.0 0.0
0 0.140625 0.453125 0.015625 0.024306 0.0 0.0 0.0 0.0 0.0 0.0 0.0 0.0 0.0 0.0 0.0 0.0 0.0 0.0 0.0
0 0.11377 0.434896 0.012695 0.019097 0.113604 0.432719 1.0 0.117828 0.432571 1.0 0.115923 0.435811 1.0 0.113936 0.440965 1.0 0.117248 0.440818 1.0
0 0.29248 0.446181 0.010742 0.020833 0.0 0.0 0.0 0.0 0.0 0.0 0.0 0.0 0.0 0.0 0.0 0.0 0.0 0.0 0.0
0 0.303711 0.444444 0.007812 0.017361 0.0 0.0 0.0 0.0 0.0 0.0 0.0 0.0 0.0 0.0 0.0 0.0 0.0 0.0 0.0
0 0.338379 0.434896 0.016602 0.019097 0.0 0.0 0.0 0.0 0.0 0.0 0.0 0.0 0.0 0.0 0.0 0.0 0.0 0.0 0.0
0 0.829102 0.434028 0.007812 0.017361 0.0 0.0 0.0 0.0 0.0 0.0 0.0 0.0 0.0 0.0 0.0 0.0 0.0 0.0 0.0
0 0.725098 0.46441 0.018555 0.036458 0.724017 0.459123 1.0 0.731079 0.459123 1.0 0.726894 0.466099 1.0 0.723755 0.47354 1.0 0.730033 0.473307 1.0
0 0.77002 0.448785 0.012695 0.026042 0.0 0.0 0.0 0.0 0.0 0.0 0.0 0.0 0.0 0.0 0.0 0.0 0.0 0.0 0.0
0 0.671875 0.427951 0.013672 0.026042 0.0 0.0 0.0 0.0 0.0 0.0 0.0 0.0 0.0 0.0 0.0 0.0 0.0 0.0 0.0
0 0.631348 0.454861 0.016602 0.027778 0.0 0.0 0.0 0.0 0.0 0.0 0.0 0.0 0.0 0.0 0.0 0.0 0.0 0.0 0.0
0 0.588379 0.439236 0.010742 0.020833 0.588527 0.436524 1.0 0.593122 0.435469 1.0 0.59127 0.43929 1.0 0.589639 0.443903 1.0 0.592899 0.443375 1.0
0 0.604004 0.443576 0.006836 0.012153 0.0 0.0 0.0 0.0 0.0 0.0 0.0 0.0 0.0 0.0 0.0 0.0 0.0 0.0 0.0
0 0.705566 0.450521 0.006836 0.012153 0.0 0.0 0.0 0.0 0.0 0.0 0.0 0.0 0.0 0.0 0.0 0.0 0.0 0.0 0.0
0 0.258301 0.445312 0.008789 0.015625 0.0 0.0 0.0 0.0 0.0 0.0 0.0 0.0 0.0 0.0 0.0 0.0 0.0 0.0 0.0
0 0.897949 0.447049 0.008789 0.015625 0.0 0.0 0.0 0.0 0.0 0.0 0.0 0.0 0.0 0.0 0.0 0.0 0.0 0.0 0.0
0 0.945312 0.440972 0.011719 0.017361 0.0 0.0 0.0 0.0 0.0 0.0 0.0 0.0 0.0 0.0 0.0 0.0 0.0 0.0 0.0
0 0.978027 0.463542 0.016602 0.027778 0.0 0.0 0.0 0.0 0.0 0.0 0.0 0.0 0.0 0.0 0.0 0.0 0.0 0.0 0.0
0 0.848633 0.469618 0.023438 0.039931 0.844038 0.463557 1.0 0.852339 0.463293 1.0 0.847892 0.468828 1.0 0.843297 0.476997 1.0 0.852486 0.476997 1.0