0 0.038574 0.375813 0.026367 0.036411 0.035156 0.375813 1.0 0.046875 0.375813 1.0 0.040039 0.383615 1.0 0.035156 0.390117 1.0 0.044922 0.391417 1.0
0 0.095215 0.373862 0.022461 0.03251 0.09239 0.370913 1.0 0.100708 0.371122 1.0 0.096471 0.376555 1.0 0.093175 0.382199 1.0 0.099296 0.382616 1.0
0 0.120605 0.382315 0.018555 0.031209 0.116708 0.379551 1.0 0.126936 0.380341 1.0 0.121896 0.386854 1.0 0.118042 0.388828 1.0 0.124564 0.38942 1.0
0 0.154785 0.362809 0.020508 0.031209 0.151733 0.357485 1.0 0.159058 0.357079 1.0 0.155854 0.362362 1.0 0.151581 0.36602 1.0 0.159363 0.366222 1.0
0 0.141602 0.407672 0.021484 0.027308 0.135437 0.403423 1.0 0.144222 0.402704 1.0 0.140167 0.409362 1.0 0.137194 0.413321 1.0 0.145844 0.411701 1.0
0 0.179199 0.389467 0.022461 0.03251 0.176984 0.384845 1.0 0.184989 0.385891 1.0 0.180123 0.39216 1.0 0.176827 0.397177 1.0 0.183105 0.397804 1.0
0 0.22168 0.379714 0.017578 0.026008 0.21936 0.375488 1.0 0.227051 0.376788 1.0 0.223633 0.380689 1.0 0.21936 0.384265 1.0 0.226074 0.385403 1.0
0 0.246582 0.381664 0.016602 0.024707 0.243164 0.378901 1.0 0.250732 0.379064 1.0 0.247681 0.383453 1.0 0.244507 0.387841 1.0 0.250244 0.388004 1.0
0 0.244629 0.419376 0.018555 0.024707 0.240723 0.410598 1.0 0.249634 0.410598 1.0 0.244507 0.418075 1.0 0.240234 0.421001 1.0 0.248901 0.421326 1.0
0 0.266602 0.407022 0.011719 0.026008 0.264526 0.404746 1.0 0.270996 0.404584 1.0 0.268311 0.410598 1.0 0.265137 0.414662 1.0 0.269897 0.414337 1.0
0 0.286621 0.396619 0.014648 0.023407 0.283203 0.392718 1.0 0.290039 0.391417 1.0 0.287109 0.397919 1.0 0.283203 0.403121 1.0 0.289062 0.403121 1.0
0 0.272461 0.371261 0.015625 0.022107 0.268376 0.369375 1.0 0.274152 0.368069 1.0 0.272082 0.373003 1.0 0.269575 0.377792 1.0 0.274915 0.376341 1.0
0 0.294922 0.372562 0.015625 0.024707 0.292969 0.369636 1.0 0.299683 0.370449 1.0 0.296021 0.375325 1.0 0.291748 0.377113 1.0 0.298584 0.377601 1.0
0 0.300781 0.415475 0.017578 0.03251 0.295898 0.412224 1.0 0.302734 0.412224 1.0 0.298828 0.417425 1.0 0.295898 0.422627 1.0 0.302734 0.423927 1.0
0 0.334473 0.386216 0.018555 0.028609 0.331055 0.383615 1.0 0.338448 0.38473 1.0 0.334682 0.389375 1.0 0.330357 0.391975 1.0 0.337193 0.393276 1.0
0 0.316895 0.374512 0.010742 0.018205 0.314453 0.370611 1.0 0.320312 0.369311 1.0 0.318359 0.374512 1.0 0.31543 0.378414 1.0 0.320312 0.378414 1.0
0 0.32959 0.359558 0.012695 0.019506 0.327148 0.356307 1.0 0.333008 0.356307 1.0 0.330078 0.361508 1.0 0.327148 0.36541 1.0 0.332031 0.36541 1.0
0 0.352539 0.379714 0.009766 0.026008 0.349609 0.375813 1.0 0.355469 0.375813 1.0 0.351562 0.381014 1.0 0.349609 0.384915 1.0 0.356445 0.384915 1.0
0 0.376465 0.388166 0.014648 0.024707 0.373047 0.386216 1.0 0.380859 0.386216 1.0 0.376953 0.391417 1.0 0.374023 0.394018 1.0 0.379883 0.394018 1.0
0 0.401367 0.384265 0.013672 0.024707 0.397583 0.380456 1.0 0.404999 0.3803 1.0 0.400997 0.385629 1.0 0.396759 0.389705 1.0 0.403351 0.389547 1.0
0 0.39209 0.347854 0.014648 0.019506 0.389648 0.340702 1.0 0.395508 0.340702 1.0 0.391602 0.345904 1.0 0.388672 0.348505 1.0 0.394531 0.348505 1.0
0 0.428711 0.377113 0.015625 0.023407 0.424304 0.372388 1.0 0.431602 0.371447 1.0 0.4276 0.37756 1.0 0.424892 0.380381 1.0 0.43066 0.380538 1.0
0 0.351074 0.497399 0.020508 0.029909 0.347766 0.493376 1.0 0.355246 0.493376 1.0 0.351362 0.500081 1.0 0.348772 0.503147 1.0 0.354671 0.502954 1.0
0 0.322754 0.525358 0.020508 0.031209 0.318708 0.52307 1.0 0.32686 0.523268 1.0 0.322858 0.526425 1.0 0.31856 0.531756 1.0 0.32686 0.531756 1.0
0 0.287109 0.529259 0.019531 0.031209 0.282279 0.52314 1.0 0.291766 0.524127 1.0 0.286133 0.53143 1.0 0.281538 0.533996 1.0 0.29058 0.534785 1.0
0 0.254883 0.498049 0.017578 0.026008 0.252516 0.495547 1.0 0.259596 0.495884 1.0 0.256562 0.499756 1.0 0.252389 0.504975 1.0 0.258837 0.505143 1.0
0 0.226562 0.53186 0.019531 0.031209 0.221034 0.529886 1.0 0.228001 0.528307 1.0 0.224147 0.536202 1.0 0.222961 0.53936 1.0 0.230966 0.536991 1.0
0 0.461426 0.391417 0.014648 0.020806 0.458008 0.388817 1.0 0.464844 0.387516 1.0 0.461914 0.392718 1.0 0.458984 0.397919 1.0 0.464844 0.397919 1.0
0 0.462402 0.36541 0.014648 0.018205 0.458984 0.364109 1.0 0.46582 0.364109 1.0 0.461914 0.370611 1.0 0.458008 0.374512 1.0 0.466797 0.373212 1.0
0 0.482422 0.388166 0.019531 0.029909 0.478137 0.385908 1.0 0.4872 0.384758 1.0 0.483172 0.391655 1.0 0.479432 0.394146 1.0 0.4872 0.393954 1.0
0 0.513184 0.377113 0.014648 0.028609 0.508998 0.375627 1.0 0.515974 0.375813 1.0 0.512904 0.381757 1.0 0.510114 0.384544 1.0 0.514579 0.384544 1.0
0 0.508301 0.357607 0.012695 0.023407 0.5063 0.352882 1.0 0.513244 0.353039 1.0 0.509831 0.355546 1.0 0.507006 0.359466 1.0 0.511243 0.359466 1.0
0 0.535645 0.382965 0.016602 0.024707 0.531869 0.377746 1.0 0.539834 0.377577 1.0 0.535662 0.382965 1.0 0.53326 0.386668 1.0 0.538696 0.386501 1.0
0 0.562012 0.36606 0.012695 0.019506 0.564453 0.364109 1.0 0.570312 0.362809 1.0 0.567383 0.36801 1.0 0.564453 0.371912 1.0 0.569336 0.371912 1.0
0 0.57959 0.363459 0.014648 0.022107 0.578064 0.359105 1.0 0.584059 0.360411 1.0 0.580462 0.364039 1.0 0.577519 0.367958 1.0 0.582097 0.368538 1.0
0 0.591797 0.384915 0.013672 0.020806 0.586796 0.381061 1.0 0.595319 0.381328 1.0 0.590707 0.387069 1.0 0.5882 0.390274 1.0 0.594617 0.390675 1.0
0 0.609375 0.364109 0.015625 0.026008 0.606445 0.360208 1.0 0.613281 0.358908 1.0 0.610352 0.36541 1.0 0.607422 0.370611 1.0 0.612305 0.369311 1.0
0 0.598145 0.362159 0.012695 0.019506 0.597656 0.360208 1.0 0.602539 0.360208 1.0 0.599609 0.364109 1.0 0.597656 0.36801 1.0 0.601562 0.36801 1.0
0 0.623535 0.383615 0.016602 0.023407 0.620553 0.381653 1.0 0.626787 0.381502 1.0 0.6235 0.386482 1.0 0.62078 0.389954 1.0 0.626447 0.389804 1.0
0 0.646484 0.371261 0.013672 0.019506 0.643555 0.36671 1.0 0.649414 0.36541 1.0 0.647461 0.371912 1.0 0.644531 0.377113 1.0 0.651367 0.375813 1.0
0 0.666016 0.353056 0.015625 0.024707 0.666138 0.351756 1.0 0.672363 0.353218 1.0 0.668213 0.356144 1.0 0.665894 0.358745 1.0 0.671021 0.35972 1.0
0 0.697754 0.376463 0.018555 0.024707 0.69458 0.373862 1.0 0.701904 0.373212 1.0 0.698486 0.379876 1.0 0.696411 0.384265 1.0 0.700928 0.383778 1.0
0 0.684082 0.43238 0.020508 0.03251 0.679513 0.42964 1.0 0.686419 0.429013 1.0 0.682652 0.434446 1.0 0.680769 0.439254 1.0 0.686104 0.438627 1.0
0 0.640137 0.425228 0.018555 0.028609 0.637695 0.423927 1.0 0.643555 0.422627 1.0 0.639648 0.429129 1.0 0.636719 0.43303 1.0 0.643555 0.43303 1.0
0 0.594727 0.420676 0.017578 0.029909 0.590044 0.41825 1.0 0.597604 0.417854 1.0 0.593602 0.423579 1.0 0.590785 0.429698 1.0 0.596863 0.429303 1.0
0 0.613281 0.46554 0.017578 0.028609 0.610072 0.462381 1.0 0.61663 0.46201 1.0 0.613839 0.466654 1.0 0.611328 0.470927 1.0 0.616351 0.470927 1.0
0 0.630371 0.524707 0.014648 0.029909 0.627062 0.521642 1.0 0.634543 0.522026 1.0 0.630659 0.528347 1.0 0.626918 0.531412 1.0 0.633968 0.531796 1.0
0 0.577637 0.525358 0.016602 0.028609 0.573987 0.521289 1.0 0.581691 0.520748 1.0 0.577907 0.527947 1.0 0.573582 0.531546 1.0 0.581962 0.531726 1.0
0 0.561035 0.501951 0.016602 0.023407 0.557111 0.496424 1.0 0.565159 0.495971 1.0 0.560966 0.501555 1.0 0.557678 0.504575 1.0 0.56414 0.504876 1.0
0 0.525391 0.524707 0.017578 0.027308 0.522064 0.521648 1.0 0.528146 0.521289 1.0 0.525037 0.527047 1.0 0.522604 0.532986 1.0 0.52774 0.532806 1.0
0 0.475098 0.526008 0.016602 0.029909 0.473546 0.522217 1.0 0.479876 0.523941 1.0 0.476279 0.528922 1.0 0.471531 0.531412 1.0 0.478869 0.532179 1.0
0 0.700684 0.526008 0.018555 0.029909 0.698242 0.522757 1.0 0.705078 0.521456 1.0 0.702148 0.526658 1.0 0.698242 0.53186 1.0 0.705078 0.53186 1.0
0 0.719238 0.497399 0.020508 0.029909 0.715829 0.49359 1.0 0.722203 0.492407 1.0 0.719535 0.499512 1.0 0.716866 0.505039 1.0 0.723389 0.504644 1.0
0 0.760254 0.479194 0.018555 0.027308 0.755938 0.475757 1.0 0.763393 0.475757 1.0 0.759208 0.480459 1.0 0.756723 0.484466 1.0 0.763262 0.484466 1.0
0 0.798828 0.535761 0.019531 0.031209 0.794826 0.531105 1.0 0.803275 0.529921 1.0 0.799125 0.537026 1.0 0.796753 0.540776 1.0 0.802979 0.539592 1.0
0 0.810547 0.491547 0.023438 0.028609 0.804871 0.488296 1.0 0.814637 0.487891 1.0 0.809754 0.495408 1.0 0.807007 0.500285 1.0 0.813721 0.500285 1.0
0 0.773438 0.395319 0.019531 0.028609 0.769082 0.393589 1.0 0.77638 0.393408 1.0 0.772866 0.397728 1.0 0.769487 0.402047 1.0 0.775975 0.401687 1.0
0 0.733887 0.390767 0.018555 0.027308 0.730782 0.388897 1.0 0.737846 0.389072 1.0 0.734444 0.397083 1.0 0.730129 0.397257 1.0 0.738892 0.397083 1.0
0 0.727539 0.371261 0.015625 0.022107 0.724609 0.36541 1.0 0.730469 0.36541 1.0 0.728516 0.369311 1.0 0.724609 0.373212 1.0 0.731445 0.373212 1.0
0 0.758789 0.347854 0.017578 0.027308 0.755859 0.344603 1.0 0.764648 0.344603 1.0 0.760742 0.353706 1.0 0.756836 0.358908 1.0 0.762695 0.358908 1.0
0 0.797852 0.389467 0.017578 0.022107 0.801165 0.381113 1.0 0.801754 0.380956 1.0 0.797398 0.386756 1.0 0.800576 0.391928 1.0 0.801165 0.391771 1.0
0 0.833496 0.36606 0.022461 0.029909 0.827184 0.364225 1.0 0.83578 0.361264 1.0 0.832371 0.370147 1.0 0.830593 0.374884 1.0 0.836226 0.373304 1.0
0 0.885742 0.381664 0.019531 0.03251 0.880074 0.378298 1.0 0.886823 0.376416 1.0 0.884155 0.383104 1.0 0.882115 0.387912 1.0 0.887765 0.385821 1.0
0 0.859863 0.488947 0.022461 0.03381 0.854414 0.483896 1.0 0.861703 0.483455 1.0 0.85839 0.490956 1.0 0.854579 0.493161 1.0 0.863028 0.49272 1.0