0 0.011719 0.653646 0.023438 0.041667 0.005336 0.653111 1.0 0.015765 0.649367 1.0 0.012556 0.656587 1.0 0.008946 0.667016 1.0 0.01777 0.663539 1.0
0 0.057129 0.652344 0.022461 0.039062 0.051317 0.645944 1.0 0.062753 0.646194 1.0 0.056941 0.653693 1.0 0.053005 0.661941 1.0 0.059754 0.66219 1.0
0 0.105957 0.807943 0.010742 0.014323 0.0 0.0 0.0 0.0 0.0 0.0 0.0 0.0 0.0 0.0 0.0 0.0 0.0 0.0 0.0
0 0.158691 0.85612 0.026367 0.042969 0.146205 0.851284 1.0 0.152901 0.85491 1.0 0.146624 0.861607 1.0 0.149554 0.867746 1.0 0.153739 0.868025 1.0
0 0.23584 0.785807 0.016602 0.027344 0.230547 0.781842 1.0 0.238525 0.780448 1.0 0.236956 0.787423 1.0 0.233425 0.793004 1.0 0.241533 0.790388 1.0
0 0.267578 0.726562 0.011719 0.020833 0.0 0.0 0.0 0.0 0.0 0.0 0.0 0.0 0.0 0.0 0.0 0.0 0.0 0.0 0.0
0 0.326172 0.69401 0.017578 0.041667 0.0 0.0 0.0 0.0 0.0 0.0 0.0 0.0 0.0 0.0 0.0 0.0 0.0 0.0 0.0
0 0.469727 0.682943 0.039062 0.082031 0.476005 0.669736 1.0 0.479144 0.669212 1.0 0.489345 0.684384 1.0 0.481105 0.702695 1.0 0.483459 0.702172 1.0
0 0.614258 0.610026 0.033203 0.06901 0.619982 0.606108 1.0 0.624887 0.604365 1.0 0.6311 0.61352 1.0 0.623579 0.628342 1.0 0.626849 0.627034 1.0
0 0.724121 0.611328 0.026367 0.053385 0.0 0.0 0.0 0.0 0.0 0.0 0.0 0.0 0.0 0.0 0.0 0.0 0.0 0.0 0.0
0 0.546387 0.779948 0.020508 0.044271 0.0 0.0 0.0 0.0 0.0 0.0 0.0 0.0 0.0 0.0 0.0 0.0 0.0 0.0 0.0
0 0.873535 0.757812 0.022461 0.046875 0.0 0.0 0.0 0.0 0.0 0.0 0.0 0.0 0.0 0.0 0.0 0.0 0.0 0.0 0.0
0 0.938965 0.83724 0.024414 0.052083 0.928039 0.835926 1.0 0.936985 0.836919 1.0 0.929282 0.843547 1.0 0.930027 0.851499 1.0 0.935743 0.852492 1.0