0 0.19043 0.428047 0.015625 0.0279 0.186279 0.423642 1.0 0.191772 0.426028 1.0 0.185791 0.43025 1.0 0.185669 0.440162 1.0 0.187256 0.441263 1.0
0 0.223633 0.490455 0.017578 0.041116 0.216483 0.4839 1.0 0.224854 0.486784 1.0 0.215611 0.493602 1.0 0.216657 0.500944 1.0 0.220494 0.501731 1.0
0 0.237793 0.481645 0.018555 0.032305 0.0 0.0 0.0 0.0 0.0 0.0 0.0 0.0 0.0 0.0 0.0 0.0 0.0 0.0 0.0
0 0.5 0.527166 0.025391 0.0558 0.491524 0.518264 1.0 0.493408 0.518972 1.0 0.488229 0.53384 1.0 0.491996 0.537733 1.0 0.494114 0.538088 1.0
0 0.503418 0.534508 0.024414 0.052863 0.0 0.0 0.0 0.0 0.0 0.0 0.0 0.0 0.0 0.0 0.0 0.0 0.0 0.0 0.0
0 0.51416 0.572687 0.02832 0.035242 0.0 0.0 0.0 0.0 0.0 0.0 0.0 0.0 0.0 0.0 0.0 0.0 0.0 0.0 0.0
0 0.585449 0.533774 0.030273 0.063142 0.0 0.0 0.0 0.0 0.0 0.0 0.0 0.0 0.0 0.0 0.0 0.0 0.0 0.0 0.0
0 0.57959 0.437592 0.032227 0.061674 0.566842 0.430617 1.0 0.574951 0.432189 1.0 0.563441 0.443596 1.0 0.566842 0.454609 1.0 0.572858 0.456577 1.0
0 0.640137 0.419971 0.032227 0.064611 0.628052 0.413454 1.0 0.637391 0.417584 1.0 0.626404 0.42667 1.0 0.628052 0.43906 1.0 0.635193 0.441125 1.0
0 0.094727 0.835536 0.011719 0.023495 0.0 0.0 0.0 0.0 0.0 0.0 0.0 0.0 0.0 0.0 0.0 0.0 0.0 0.0 0.0
0 0.087402 0.820117 0.016602 0.01909 0.0 0.0 0.0 0.0 0.0 0.0 0.0 0.0 0.0 0.0 0.0 0.0 0.0 0.0 0.0
0 0.881348 0.183554 0.15918 0.276065 0.845006 0.166791 1.0 0.926797 0.1769 1.0 0.885341 0.207226 1.0 0.860691 0.271247 1.0 0.904389 0.276301 1.0
0 0.397461 0.328194 0.115234 0.198238 0.375436 0.291339 1.0 0.416024 0.290094 1.0 0.396973 0.334932 1.0 0.374607 0.36358 1.0 0.41851 0.359844 1.0
0 0.172852 0.537445 0.013672 0.026432 0.0 0.0 0.0 0.0 0.0 0.0 0.0 0.0 0.0 0.0 0.0 0.0 0.0 0.0 0.0