0 0.699707 0.80146 0.026367 0.049635 0.702567 0.795203 1.0 0.710729 0.793013 1.0 0.711565 0.80146 1.0 0.706124 0.814599 1.0 0.711356 0.814599 1.0
0 0.802734 0.731387 0.025391 0.055474 0.807042 0.724204 1.0 0.809919 0.722771 1.0 0.813995 0.731016 1.0 0.809439 0.744994 1.0 0.810398 0.744636 1.0
0 0.897949 0.632117 0.026367 0.049635 0.902135 0.625651 1.0 0.908831 0.623461 1.0 0.909877 0.630969 1.0 0.904018 0.643796 1.0 0.905692 0.642857 1.0
0 0.977051 0.588321 0.020508 0.046715 0.982579 0.582664 1.0 0.984384 0.581765 1.0 0.986188 0.58986 1.0 0.980373 0.598254 1.0 0.982178 0.597654 1.0
0 0.318359 0.713139 0.023438 0.036496 0.0 0.0 0.0 0.0 0.0 0.0 0.0 0.0 0.0 0.0 0.0 0.0 0.0 0.0 0.0
0 0.452148 0.646715 0.023438 0.046715 0.456159 0.63926 1.0 0.462577 0.634762 1.0 0.462577 0.644956 1.0 0.458767 0.656048 1.0 0.46378 0.65425 1.0
0 0.556152 0.582482 0.020508 0.040876 0.55807 0.576746 1.0 0.563825 0.573879 1.0 0.565046 0.581961 1.0 0.55964 0.591345 1.0 0.563477 0.590302 1.0
0 0.163086 0.560584 0.021484 0.029197 0.0 0.0 0.0 0.0 0.0 0.0 0.0 0.0 0.0 0.0 0.0 0.0 0.0 0.0 0.0
0 0.241699 0.505839 0.020508 0.033577 0.0 0.0 0.0 0.0 0.0 0.0 0.0 0.0 0.0 0.0 0.0 0.0 0.0 0.0 0.0
0 0.334961 0.489051 0.021484 0.035036 0.0 0.0 0.0 0.0 0.0 0.0 0.0 0.0 0.0 0.0 0.0 0.0 0.0 0.0 0.0
0 0.44043 0.437226 0.021484 0.030657 0.0 0.0 0.0 0.0 0.0 0.0 0.0 0.0 0.0 0.0 0.0 0.0 0.0 0.0 0.0
0 0.644043 0.538686 0.020508 0.046715 0.645909 0.53473 1.0 0.65199 0.529451 1.0 0.653756 0.539715 1.0 0.648263 0.550274 1.0 0.651795 0.548807 1.0
0 0.737305 0.50365 0.019531 0.032117 0.0 0.0 0.0 0.0 0.0 0.0 0.0 0.0 0.0 0.0 0.0 0.0 0.0 0.0 0.0
0 0.805664 0.454015 0.019531 0.037956 0.806344 0.451785 1.0 0.813468 0.449804 1.0 0.813302 0.455006 1.0 0.807007 0.464911 1.0 0.812474 0.463921 1.0
0 0.885254 0.394161 0.018555 0.040876 0.0 0.0 0.0 0.0 0.0 0.0 0.0 0.0 0.0 0.0 0.0 0.0 0.0 0.0 0.0
0 0.97998 0.374453 0.014648 0.027737 0.0 0.0 0.0 0.0 0.0 0.0 0.0 0.0 0.0 0.0 0.0 0.0 0.0 0.0 0.0
0 0.509277 0.408759 0.016602 0.029197 0.0 0.0 0.0 0.0 0.0 0.0 0.0 0.0 0.0 0.0 0.0 0.0 0.0 0.0 0.0
0 0.588867 0.354745 0.015625 0.035036 0.0 0.0 0.0 0.0 0.0 0.0 0.0 0.0 0.0 0.0 0.0 0.0 0.0 0.0 0.0
0 0.680176 0.313869 0.014648 0.029197 0.0 0.0 0.0 0.0 0.0 0.0 0.0 0.0 0.0 0.0 0.0 0.0 0.0 0.0 0.0
0 0.770508 0.311679 0.013672 0.027737 0.770874 0.308577 1.0 0.772827 0.307664 1.0 0.775269 0.310401 1.0 0.772583 0.318796 1.0 0.773682 0.318248 1.0
0 0.843262 0.267153 0.014648 0.029197 0.0 0.0 0.0 0.0 0.0 0.0 0.0 0.0 0.0 0.0 0.0 0.0 0.0 0.0 0.0
0 0.89502 0.265693 0.012695 0.023358 0.0 0.0 0.0 0.0 0.0 0.0 0.0 0.0 0.0 0.0 0.0 0.0 0.0 0.0 0.0
0 0.942383 0.187591 0.013672 0.024818 0.936065 0.186777 1.0 0.940099 0.186451 1.0 0.937592 0.191339 1.0 0.938027 0.194923 1.0 0.941516 0.194761 1.0
0 0.026367 0.634307 0.021484 0.039416 0.025548 0.630853 1.0 0.033996 0.629118 1.0 0.032506 0.635558 1.0 0.026707 0.644226 1.0 0.033831 0.642245 1.0
0 0.067871 0.442336 0.018555 0.032117 0.0 0.0 0.0 0.0 0.0 0.0 0.0 0.0 0.0 0.0 0.0 0.0 0.0 0.0 0.0
0 0.165039 0.366423 0.019531 0.035036 0.164215 0.359764 1.0 0.170929 0.357482 1.0 0.170014 0.362728 1.0 0.166504 0.372993 1.0 0.170624 0.372537 1.0
0 0.252441 0.351095 0.016602 0.033577 0.0 0.0 0.0 0.0 0.0 0.0 0.0 0.0 0.0 0.0 0.0 0.0 0.0 0.0 0.0
0 0.363281 0.330657 0.013672 0.024818 0.0 0.0 0.0 0.0 0.0 0.0 0.0 0.0 0.0 0.0 0.0 0.0 0.0 0.0 0.0
0 0.473145 0.283942 0.014648 0.027737 0.0 0.0 0.0 0.0 0.0 0.0 0.0 0.0 0.0 0.0 0.0 0.0 0.0 0.0 0.0
0 0.575195 0.264964 0.011719 0.021898 0.0 0.0 0.0 0.0 0.0 0.0 0.0 0.0 0.0 0.0 0.0 0.0 0.0 0.0 0.0
0 0.634277 0.247445 0.012695 0.024818 0.0 0.0 0.0 0.0 0.0 0.0 0.0 0.0 0.0 0.0 0.0 0.0 0.0 0.0 0.0
0 0.68457 0.223358 0.011719 0.023358 0.0 0.0 0.0 0.0 0.0 0.0 0.0 0.0 0.0 0.0 0.0 0.0 0.0 0.0 0.0
0 0.494141 0.207299 0.011719 0.020438 0.0 0.0 0.0 0.0 0.0 0.0 0.0 0.0 0.0 0.0 0.0 0.0 0.0 0.0 0.0
0 0.436523 0.205839 0.013672 0.023358 0.0 0.0 0.0 0.0 0.0 0.0 0.0 0.0 0.0 0.0 0.0 0.0 0.0 0.0 0.0
0 0.263672 0.252555 0.015625 0.026277 0.0 0.0 0.0 0.0 0.0 0.0 0.0 0.0 0.0 0.0 0.0 0.0 0.0 0.0 0.0
0 0.256836 0.19927 0.013672 0.024818 0.0 0.0 0.0 0.0 0.0 0.0 0.0 0.0 0.0 0.0 0.0 0.0 0.0 0.0 0.0
0 0.245117 0.128467 0.015625 0.026277 0.242248 0.125587 1.0 0.24735 0.126264 1.0 0.244742 0.13067 1.0 0.241568 0.134907 1.0 0.24735 0.135245 1.0
0 0.163574 0.105839 0.012695 0.024818 0.0 0.0 0.0 0.0 0.0 0.0 0.0 0.0 0.0 0.0 0.0 0.0 0.0 0.0 0.0
0 0.192383 0.172263 0.011719 0.020438 0.0 0.0 0.0 0.0 0.0 0.0 0.0 0.0 0.0 0.0 0.0 0.0 0.0 0.0 0.0
0 0.186035 0.216788 0.014648 0.024818 0.186698 0.213869 1.0 0.189941 0.212305 1.0 0.191825 0.217309 1.0 0.19015 0.222784 1.0 0.191511 0.221689 1.0
0 0.124512 0.186131 0.012695 0.027737 0.0 0.0 0.0 0.0 0.0 0.0 0.0 0.0 0.0 0.0 0.0 0.0 0.0 0.0 0.0
0 0.318359 0.183942 0.013672 0.026277 0.0 0.0 0.0 0.0 0.0 0.0 0.0 0.0 0.0 0.0 0.0 0.0 0.0 0.0 0.0
0 0.169434 0.317518 0.014648 0.030657 0.0 0.0 0.0 0.0 0.0 0.0 0.0 0.0 0.0 0.0 0.0 0.0 0.0 0.0 0.0
0 0.089844 0.340876 0.015625 0.033577 0.0 0.0 0.0 0.0 0.0 0.0 0.0 0.0 0.0 0.0 0.0 0.0 0.0 0.0 0.0
0 0.087402 0.257664 0.014648 0.030657 0.0 0.0 0.0 0.0 0.0 0.0 0.0 0.0 0.0 0.0 0.0 0.0 0.0 0.0 0.0
0 0.069824 0.164964 0.010742 0.020438 0.066314 0.165876 1.0 0.067505 0.165876 1.0 0.065948 0.168888 1.0 0.067047 0.171488 1.0 0.067963 0.171077 1.0
0 0.046387 0.20365 0.012695 0.024818 0.0 0.0 0.0 0.0 0.0 0.0 0.0 0.0 0.0 0.0 0.0 0.0 0.0 0.0 0.0
0 0.362305 0.233577 0.013672 0.026277 0.359924 0.231882 1.0 0.362984 0.231882 1.0 0.361058 0.236457 1.0 0.359811 0.239847 1.0 0.362305 0.239677 1.0
0 0.908203 0.184672 0.011719 0.024818 0.907227 0.183003 1.0 0.912458 0.182691 1.0 0.91068 0.187539 1.0 0.90754 0.190823 1.0 0.912354 0.190667 1.0
0 0.847656 0.173723 0.011719 0.023358 0.844273 0.172784 1.0 0.849609 0.171845 1.0 0.846889 0.180761 1.0 0.846993 0.186705 1.0 0.8494 0.187174 1.0
0 0.965332 0.152555 0.012695 0.021898 0.0 0.0 0.0 0.0 0.0 0.0 0.0 0.0 0.0 0.0 0.0 0.0 0.0 0.0 0.0
0 0.928223 0.143066 0.012695 0.020438 0.0 0.0 0.0 0.0 0.0 0.0 0.0 0.0 0.0 0.0 0.0 0.0 0.0 0.0 0.0
0 0.882812 0.144526 0.009766 0.026277 0.0 0.0 0.0 0.0 0.0 0.0 0.0 0.0 0.0 0.0 0.0 0.0 0.0 0.0 0.0
0 0.85498 0.137956 0.012695 0.024818 0.851807 0.136288 1.0 0.856515 0.136288 1.0 0.854527 0.14145 1.0 0.852644 0.145047 1.0 0.856097 0.145047 1.0
0 0.924805 0.113139 0.013672 0.024818 0.925733 0.11102 1.0 0.929875 0.109391 1.0 0.929657 0.114279 1.0 0.925733 0.117701 1.0 0.929657 0.11705 1.0
0 0.888184 0.113869 0.012695 0.020438 0.885725 0.110193 1.0 0.890956 0.110584 1.0 0.888341 0.115276 1.0 0.886597 0.118534 1.0 0.889823 0.118666 1.0
0 0.952148 0.118978 0.007812 0.018978 0.0 0.0 0.0 0.0 0.0 0.0 0.0 0.0 0.0 0.0 0.0 0.0 0.0 0.0 0.0
0 0.958496 0.081022 0.010742 0.027737 0.0 0.0 0.0 0.0 0.0 0.0 0.0 0.0 0.0 0.0 0.0 0.0 0.0 0.0 0.0
0 0.992676 0.114599 0.010742 0.024818 0.0 0.0 0.0 0.0 0.0 0.0 0.0 0.0 0.0 0.0 0.0 0.0 0.0 0.0 0.0
0 0.967285 0.035036 0.008789 0.017518 0.0 0.0 0.0 0.0 0.0 0.0 0.0 0.0 0.0 0.0 0.0 0.0 0.0 0.0 0.0
0 0.84082 0.105839 0.013672 0.024818 0.0 0.0 0.0 0.0 0.0 0.0 0.0 0.0 0.0 0.0 0.0 0.0 0.0 0.0 0.0
0 0.81543 0.108759 0.009766 0.018978 0.0 0.0 0.0 0.0 0.0 0.0 0.0 0.0 0.0 0.0 0.0 0.0 0.0 0.0 0.0
0 0.823242 0.075182 0.007812 0.016058 0.818917 0.070073 1.0 0.822754 0.068926 1.0 0.820243 0.073723 1.0 0.821289 0.078728 1.0 0.823382 0.078102 1.0
0 0.809082 0.137956 0.010742 0.016058 0.0 0.0 0.0 0.0 0.0 0.0 0.0 0.0 0.0 0.0 0.0 0.0 0.0 0.0 0.0
0 0.781738 0.141606 0.012695 0.017518 0.777937 0.1378 1.0 0.778547 0.13793 1.0 0.776192 0.144317 1.0 0.778722 0.149009 1.0 0.77907 0.149009 1.0
0 0.790039 0.188321 0.009766 0.020438 0.788033 0.187539 1.0 0.792829 0.187409 1.0 0.790039 0.190537 1.0 0.789254 0.19575 1.0 0.792045 0.195491 1.0
0 0.74707 0.164234 0.011719 0.024818 0.0 0.0 0.0 0.0 0.0 0.0 0.0 0.0 0.0 0.0 0.0 0.0 0.0 0.0 0.0
0 0.780762 0.09927 0.008789 0.017518 0.0 0.0 0.0 0.0 0.0 0.0 0.0 0.0 0.0 0.0 0.0 0.0 0.0 0.0 0.0
0 0.87793 0.077372 0.013672 0.020438 0.0 0.0 0.0 0.0 0.0 0.0 0.0 0.0 0.0 0.0 0.0 0.0 0.0 0.0 0.0
0 0.759766 0.027007 0.011719 0.018978 0.0 0.0 0.0 0.0 0.0 0.0 0.0 0.0 0.0 0.0 0.0 0.0 0.0 0.0 0.0
0 0.739746 0.09781 0.010742 0.023358 0.73665 0.094272 1.0 0.737453 0.094571 1.0 0.734244 0.099518 1.0 0.738255 0.104914 1.0 0.738556 0.104914 1.0
0 0.720215 0.066423 0.010742 0.016058 0.717207 0.06454 1.0 0.721728 0.064651 1.0 0.719134 0.06875 1.0 0.718318 0.071742 1.0 0.720542 0.07152 1.0
0 0.724121 0.130657 0.010742 0.021898 0.0 0.0 0.0 0.0 0.0 0.0 0.0 0.0 0.0 0.0 0.0 0.0 0.0 0.0 0.0
0 0.626465 0.113869 0.010742 0.020438 0.0 0.0 0.0 0.0 0.0 0.0 0.0 0.0 0.0 0.0 0.0 0.0 0.0 0.0 0.0
0 0.657227 0.129197 0.009766 0.018978 0.0 0.0 0.0 0.0 0.0 0.0 0.0 0.0 0.0 0.0 0.0 0.0 0.0 0.0 0.0
0 0.681152 0.09562 0.010742 0.024818 0.0 0.0 0.0 0.0 0.0 0.0 0.0 0.0 0.0 0.0 0.0 0.0 0.0 0.0 0.0
0 0.685547 0.129927 0.009766 0.020438 0.0 0.0 0.0 0.0 0.0 0.0 0.0 0.0 0.0 0.0 0.0 0.0 0.0 0.0 0.0
0 0.626465 0.154015 0.012695 0.024818 0.624687 0.152034 1.0 0.625 0.151877 1.0 0.621861 0.156569 1.0 0.624163 0.160636 1.0 0.625628 0.160949 1.0
0 0.583496 0.151825 0.012695 0.026277 0.0 0.0 0.0 0.0 0.0 0.0 0.0 0.0 0.0 0.0 0.0 0.0 0.0 0.0 0.0
0 0.56543 0.148905 0.011719 0.023358 0.562923 0.147276 1.0 0.568237 0.149225 1.0 0.564126 0.153721 1.0 0.56182 0.15447 1.0 0.566332 0.157019 1.0
0 0.606934 0.087591 0.010742 0.020438 0.601867 0.085584 1.0 0.605896 0.085174 1.0 0.602691 0.090236 1.0 0.602051 0.093796 1.0 0.605164 0.093521 1.0
0 0.583008 0.065693 0.009766 0.017518 0.580715 0.064702 1.0 0.585109 0.064702 1.0 0.582833 0.067518 1.0 0.581578 0.070568 1.0 0.584089 0.070568 1.0
0 0.59668 0.051825 0.009766 0.021898 0.0 0.0 0.0 0.0 0.0 0.0 0.0 0.0 0.0 0.0 0.0 0.0 0.0 0.0 0.0
0 0.552246 0.083942 0.010742 0.018978 0.0 0.0 0.0 0.0 0.0 0.0 0.0 0.0 0.0 0.0 0.0 0.0 0.0 0.0 0.0
0 0.550293 0.116058 0.010742 0.021898 0.0 0.0 0.0 0.0 0.0 0.0 0.0 0.0 0.0 0.0 0.0 0.0 0.0 0.0 0.0
0 0.585938 0.121898 0.011719 0.021898 0.0 0.0 0.0 0.0 0.0 0.0 0.0 0.0 0.0 0.0 0.0 0.0 0.0 0.0 0.0
0 0.57959 0.09927 0.008789 0.017518 0.0 0.0 0.0 0.0 0.0 0.0 0.0 0.0 0.0 0.0 0.0 0.0 0.0 0.0 0.0
0 0.662109 0.037956 0.009766 0.017518 0.0 0.0 0.0 0.0 0.0 0.0 0.0 0.0 0.0 0.0 0.0 0.0 0.0 0.0 0.0
0 0.63916 0.035766 0.008789 0.016058 0.0 0.0 0.0 0.0 0.0 0.0 0.0 0.0 0.0 0.0 0.0 0.0 0.0 0.0 0.0
0 0.71875 0.10292 0.011719 0.021898 0.0 0.0 0.0 0.0 0.0 0.0 0.0 0.0 0.0 0.0 0.0 0.0 0.0 0.0 0.0
0 0.706543 0.005109 0.010742 0.010219 0.0 0.0 0.0 0.0 0.0 0.0 0.0 0.0 0.0 0.0 0.0 0.0 0.0 0.0 0.0
0 0.530762 0.142336 0.010742 0.018978 0.0 0.0 0.0 0.0 0.0 0.0 0.0 0.0 0.0 0.0 0.0 0.0 0.0 0.0 0.0
0 0.520996 0.116058 0.010742 0.018978 0.0 0.0 0.0 0.0 0.0 0.0 0.0 0.0 0.0 0.0 0.0 0.0 0.0 0.0 0.0
0 0.519043 0.088321 0.010742 0.021898 0.516253 0.085584 1.0 0.519706 0.085584 1.0 0.517308 0.090029 1.0 0.517212 0.094044 1.0 0.520377 0.094044 1.0
0 0.552246 0.024818 0.008789 0.017518 0.549403 0.020594 1.0 0.552778 0.02212 1.0 0.549639 0.026225 1.0 0.54854 0.029158 1.0 0.55113 0.030096 1.0
0 0.518555 0.021168 0.007812 0.018978 0.0 0.0 0.0 0.0 0.0 0.0 0.0 0.0 0.0 0.0 0.0 0.0 0.0 0.0 0.0
0 0.495117 0.019708 0.011719 0.018978 0.492062 0.020229 1.0 0.496037 0.020601 1.0 0.493469 0.024315 1.0 0.492144 0.027164 1.0 0.495374 0.027782 1.0
0 0.504883 0.060584 0.007812 0.016058 0.0 0.0 0.0 0.0 0.0 0.0 0.0 0.0 0.0 0.0 0.0 0.0 0.0 0.0 0.0
0 0.491211 0.075912 0.011719 0.020438 0.0 0.0 0.0 0.0 0.0 0.0 0.0 0.0 0.0 0.0 0.0 0.0 0.0 0.0 0.0
0 0.497559 0.138686 0.012695 0.026277 0.0 0.0 0.0 0.0 0.0 0.0 0.0 0.0 0.0 0.0 0.0 0.0 0.0 0.0 0.0
0 0.461914 0.140146 0.011719 0.023358 0.0 0.0 0.0 0.0 0.0 0.0 0.0 0.0 0.0 0.0 0.0 0.0 0.0 0.0 0.0
0 0.438965 0.135036 0.010742 0.018978 0.0 0.0 0.0 0.0 0.0 0.0 0.0 0.0 0.0 0.0 0.0 0.0 0.0 0.0 0.0
0 0.438965 0.09854 0.010742 0.021898 0.0 0.0 0.0 0.0 0.0 0.0 0.0 0.0 0.0 0.0 0.0 0.0 0.0 0.0 0.0
0 0.454102 0.085401 0.009766 0.016058 0.0 0.0 0.0 0.0 0.0 0.0 0.0 0.0 0.0 0.0 0.0 0.0 0.0 0.0 0.0
0 0.462891 0.117518 0.009766 0.016058 0.0 0.0 0.0 0.0 0.0 0.0 0.0 0.0 0.0 0.0 0.0 0.0 0.0 0.0 0.0
0 0.462402 0.022628 0.010742 0.016058 0.46055 0.018509 1.0 0.465589 0.017069 1.0 0.463069 0.022387 1.0 0.461587 0.025822 1.0 0.465367 0.025378 1.0
0 0.494141 0.121898 0.009766 0.016058 0.0 0.0 0.0 0.0 0.0 0.0 0.0 0.0 0.0 0.0 0.0 0.0 0.0 0.0 0.0
0 0.546875 0.073723 0.007812 0.013139 0.0 0.0 0.0 0.0 0.0 0.0 0.0 0.0 0.0 0.0 0.0 0.0 0.0 0.0 0.0
0 0.401855 0.126277 0.008789 0.018978 0.0 0.0 0.0 0.0 0.0 0.0 0.0 0.0 0.0 0.0 0.0 0.0 0.0 0.0 0.0
0 0.105957 0.028467 0.010742 0.018978 0.0 0.0 0.0 0.0 0.0 0.0 0.0 0.0 0.0 0.0 0.0 0.0 0.0 0.0 0.0
0 0.081055 0.049635 0.011719 0.020438 0.079398 0.048984 1.0 0.084281 0.048853 1.0 0.082014 0.053806 1.0 0.080619 0.057585 1.0 0.083583 0.057717 1.0
0 0.057129 0.048175 0.010742 0.020438 0.0 0.0 0.0 0.0 0.0 0.0 0.0 0.0 0.0 0.0 0.0 0.0 0.0 0.0 0.0
0 0.03125 0.043066 0.007812 0.018978 0.0 0.0 0.0 0.0 0.0 0.0 0.0 0.0 0.0 0.0 0.0 0.0 0.0 0.0 0.0
0 0.044434 0.013869 0.008789 0.016058 0.0 0.0 0.0 0.0 0.0 0.0 0.0 0.0 0.0 0.0 0.0 0.0 0.0 0.0 0.0
0 0.049805 0.094891 0.007812 0.017518 0.0 0.0 0.0 0.0 0.0 0.0 0.0 0.0 0.0 0.0 0.0 0.0 0.0 0.0 0.0
0 0.032227 0.091971 0.009766 0.020438 0.0 0.0 0.0 0.0 0.0 0.0 0.0 0.0 0.0 0.0 0.0 0.0 0.0 0.0 0.0
0 0.02002 0.10219 0.006836 0.014599 0.0 0.0 0.0 0.0 0.0 0.0 0.0 0.0 0.0 0.0 0.0 0.0 0.0 0.0 0.0
0 0.070801 0.013869 0.006836 0.013139 0.0 0.0 0.0 0.0 0.0 0.0 0.0 0.0 0.0 0.0 0.0 0.0 0.0 0.0 0.0
0 0.011719 0.045255 0.005859 0.011679 0.0 0.0 0.0 0.0 0.0 0.0 0.0 0.0 0.0 0.0 0.0 0.0 0.0 0.0 0.0
0 0.348145 0.137956 0.014648 0.021898 0.0 0.0 0.0 0.0 0.0 0.0 0.0 0.0 0.0 0.0 0.0 0.0 0.0 0.0 0.0
0 0.786133 0.013139 0.009766 0.020438 0.78329 0.012787 1.0 0.786979 0.012904 1.0 0.784703 0.017597 1.0 0.782506 0.020528 1.0 0.786351 0.020647 1.0