0 0.221191 0.239965 0.026367 0.031414 0.214478 0.241714 1.0 0.229597 0.239529 1.0 0.22226 0.247277 1.0 0.217146 0.251647 1.0 0.228263 0.250853 1.0
0 0.419922 0.383944 0.304688 0.315881 0.33765 0.340057 1.0 0.472481 0.328207 1.0 0.412803 0.411159 1.0 0.353123 0.436834 1.0 0.487954 0.423009 1.0
0 0.626953 0.500873 0.265625 0.296684 0.526855 0.449935 1.0 0.630615 0.479603 1.0 0.531006 0.529668 1.0 0.52063 0.550065 1.0 0.616089 0.574171 1.0
0 0.700684 0.557592 0.036133 0.036649 0.697614 0.55876 1.0 0.705462 0.551749 1.0 0.712786 0.554787 1.0 0.704938 0.56437 1.0 0.711217 0.562266 1.0
0 0.774902 0.54014 0.03418 0.050611 0.767923 0.536864 1.0 0.769688 0.536864 1.0 0.759094 0.54349 1.0 0.770041 0.551694 1.0 0.771807 0.551694 1.0
0 0.170898 0.46815 0.021484 0.02356 0.166992 0.463351 1.0 0.180664 0.467714 1.0 0.172852 0.467714 1.0 0.165039 0.472949 1.0 0.172852 0.475567 1.0
0 0.194824 0.48822 0.018555 0.021815 0.189628 0.484137 1.0 0.200614 0.484558 1.0 0.194493 0.486802 1.0 0.190099 0.493253 1.0 0.198103 0.492972 1.0
0 0.306641 0.589005 0.021484 0.026178 0.300153 0.584549 1.0 0.308402 0.584716 1.0 0.302216 0.590412 1.0 0.300528 0.595604 1.0 0.308777 0.595437 1.0
0 0.246094 0.774869 0.072266 0.08377 0.236188 0.763389 1.0 0.268559 0.766545 1.0 0.254434 0.779166 1.0 0.233246 0.792313 1.0 0.265616 0.794417 1.0
0 0.366699 0.772688 0.069336 0.081152 0.348589 0.755996 1.0 0.358298 0.760588 1.0 0.331456 0.773346 1.0 0.345733 0.789166 1.0 0.355442 0.792738 1.0
0 0.537598 0.691099 0.018555 0.022688 0.537271 0.68778 1.0 0.541142 0.68706 1.0 0.545981 0.689942 1.0 0.54098 0.694266 1.0 0.54469 0.693978 1.0
0 0.583008 0.688045 0.019531 0.02356 0.579102 0.682373 1.0 0.583008 0.683246 1.0 0.577148 0.686736 1.0 0.577148 0.692845 1.0 0.580078 0.693717 1.0