0 0.046875 0.236457 0.03125 0.071742 0.0 0.0 0.0 0.0 0.0 0.0 0.0 0.0 0.0 0.0 0.0 0.0 0.0 0.0 0.0
0 0.165527 0.234261 0.026367 0.052709 0.172777 0.226529 1.0 0.173222 0.226529 1.0 0.176558 0.232529 1.0 0.172777 0.243529 1.0 0.173444 0.243529 1.0
0 0.238281 0.283309 0.025391 0.039531 0.0 0.0 0.0 0.0 0.0 0.0 0.0 0.0 0.0 0.0 0.0 0.0 0.0 0.0 0.0
0 0.265137 0.262811 0.008789 0.021962 0.0 0.0 0.0 0.0 0.0 0.0 0.0 0.0 0.0 0.0 0.0 0.0 0.0 0.0 0.0
0 0.094727 0.168375 0.021484 0.038067 0.0 0.0 0.0 0.0 0.0 0.0 0.0 0.0 0.0 0.0 0.0 0.0 0.0 0.0 0.0
0 0.283691 0.316252 0.024414 0.046852 0.0 0.0 0.0 0.0 0.0 0.0 0.0 0.0 0.0 0.0 0.0 0.0 0.0 0.0 0.0
0 0.330566 0.418009 0.040039 0.086384 0.335083 0.397511 1.0 0.336548 0.39806 1.0 0.346436 0.412335 1.0 0.335083 0.429356 1.0 0.338379 0.431552 1.0
0 0.398926 0.334553 0.020508 0.04246 0.0 0.0 0.0 0.0 0.0 0.0 0.0 0.0 0.0 0.0 0.0 0.0 0.0 0.0 0.0
0 0.412109 0.321376 0.017578 0.039531 0.0 0.0 0.0 0.0 0.0 0.0 0.0 0.0 0.0 0.0 0.0 0.0 0.0 0.0 0.0
0 0.469727 0.390922 0.023438 0.052709 0.0 0.0 0.0 0.0 0.0 0.0 0.0 0.0 0.0 0.0 0.0 0.0 0.0 0.0 0.0
0 0.496582 0.321376 0.012695 0.021962 0.0 0.0 0.0 0.0 0.0 0.0 0.0 0.0 0.0 0.0 0.0 0.0 0.0 0.0 0.0
0 0.589844 0.367496 0.015625 0.029283 0.0 0.0 0.0 0.0 0.0 0.0 0.0 0.0 0.0 0.0 0.0 0.0 0.0 0.0 0.0
0 0.583496 0.387262 0.020508 0.036603 0.587433 0.365895 1.0 0.592469 0.365895 1.0 0.589569 0.371385 1.0 0.588195 0.376647 1.0 0.591248 0.376876 1.0
0 0.67041 0.407028 0.020508 0.043924 0.676296 0.396739 1.0 0.684919 0.397864 1.0 0.680982 0.404609 1.0 0.676108 0.411635 1.0 0.684169 0.41276 1.0
0 0.67627 0.356515 0.026367 0.054173 0.671365 0.348469 1.0 0.671827 0.348816 1.0 0.665588 0.355744 1.0 0.669285 0.36683 1.0 0.669517 0.36683 1.0
0 0.733887 0.444363 0.010742 0.021962 0.0 0.0 0.0 0.0 0.0 0.0 0.0 0.0 0.0 0.0 0.0 0.0 0.0 0.0 0.0
0 0.788574 0.45022 0.014648 0.02489 0.0 0.0 0.0 0.0 0.0 0.0 0.0 0.0 0.0 0.0 0.0 0.0 0.0 0.0 0.0
0 0.788086 0.485359 0.019531 0.036603 0.0 0.0 0.0 0.0 0.0 0.0 0.0 0.0 0.0 0.0 0.0 0.0 0.0 0.0 0.0
0 0.76709 0.435578 0.012695 0.021962 0.0 0.0 0.0 0.0 0.0 0.0 0.0 0.0 0.0 0.0 0.0 0.0 0.0 0.0 0.0
0 0.790039 0.577599 0.039062 0.080527 0.787511 0.56871 1.0 0.797032 0.560042 1.0 0.805873 0.570748 1.0 0.803833 0.595221 1.0 0.807573 0.593691 1.0
0 0.913086 0.483163 0.011719 0.020498 0.0 0.0 0.0 0.0 0.0 0.0 0.0 0.0 0.0 0.0 0.0 0.0 0.0 0.0 0.0
0 0.949219 0.560029 0.007812 0.016105 0.0 0.0 0.0 0.0 0.0 0.0 0.0 0.0 0.0 0.0 0.0 0.0 0.0 0.0 0.0
0 0.932617 0.527086 0.007812 0.01757 0.0 0.0 0.0 0.0 0.0 0.0 0.0 0.0 0.0 0.0 0.0 0.0 0.0 0.0 0.0