0 0.118164 0.564741 0.013672 0.033865 0.0 0.0 0.0 0.0 0.0 0.0 0.0 0.0 0.0 0.0 0.0 0.0 0.0 0.0 0.0
0 0.095703 0.591633 0.013672 0.031873 0.091282 0.59062 1.0 0.095694 0.588859 1.0 0.092625 0.597271 1.0 0.094447 0.603337 1.0 0.097133 0.601771 1.0
0 0.168945 0.590637 0.009766 0.025896 0.0 0.0 0.0 0.0 0.0 0.0 0.0 0.0 0.0 0.0 0.0 0.0 0.0 0.0 0.0
0 0.095703 0.535857 0.013672 0.035857 0.095328 0.53109 1.0 0.101109 0.531783 1.0 0.097936 0.538257 1.0 0.094875 0.543345 1.0 0.098615 0.543807 1.0
0 0.243164 0.547809 0.019531 0.043825 0.239746 0.545817 1.0 0.247001 0.545247 1.0 0.242815 0.551223 1.0 0.240862 0.560898 1.0 0.247001 0.561183 1.0
0 0.316406 0.518924 0.015625 0.045817 0.31284 0.51599 1.0 0.321041 0.513936 1.0 0.317875 0.5245 1.0 0.314135 0.531544 1.0 0.320033 0.532129 1.0
0 0.288086 0.508964 0.011719 0.02988 0.0 0.0 0.0 0.0 0.0 0.0 0.0 0.0 0.0 0.0 0.0 0.0 0.0 0.0 0.0
0 0.266602 0.502988 0.015625 0.025896 0.0 0.0 0.0 0.0 0.0 0.0 0.0 0.0 0.0 0.0 0.0 0.0 0.0 0.0 0.0
0 0.251953 0.496016 0.009766 0.023904 0.0 0.0 0.0 0.0 0.0 0.0 0.0 0.0 0.0 0.0 0.0 0.0 0.0 0.0 0.0
0 0.187012 0.517928 0.014648 0.039841 0.182478 0.512807 1.0 0.183236 0.512807 1.0 0.182099 0.520801 1.0 0.183362 0.525958 1.0 0.184501 0.525958 1.0
0 0.202637 0.50996 0.014648 0.031873 0.0 0.0 0.0 0.0 0.0 0.0 0.0 0.0 0.0 0.0 0.0 0.0 0.0 0.0 0.0
0 0.36377 0.537849 0.014648 0.047809 0.363098 0.533428 1.0 0.368896 0.534363 1.0 0.367218 0.541211 1.0 0.363709 0.548681 1.0 0.36798 0.548681 1.0
0 0.396484 0.532869 0.015625 0.033865 0.39093 0.528209 1.0 0.398124 0.52643 1.0 0.393437 0.539769 1.0 0.392565 0.545773 1.0 0.39747 0.543994 1.0
0 0.377441 0.536853 0.012695 0.02988 0.374738 0.530378 1.0 0.381452 0.530574 1.0 0.377999 0.536444 1.0 0.374931 0.544661 1.0 0.37963 0.544857 1.0
0 0.469727 0.516932 0.015625 0.033865 0.466378 0.514229 1.0 0.475377 0.514442 1.0 0.471296 0.519992 1.0 0.467529 0.527888 1.0 0.474121 0.527675 1.0
0 0.41748 0.487052 0.014648 0.033865 0.412851 0.487719 1.0 0.418191 0.484829 1.0 0.41503 0.4935 1.0 0.415575 0.498614 1.0 0.418736 0.496612 1.0
0 0.34082 0.49004 0.013672 0.031873 0.339242 0.485416 1.0 0.344757 0.48562 1.0 0.34225 0.491552 1.0 0.340044 0.496257 1.0 0.343554 0.496665 1.0
0 0.375488 0.48506 0.012695 0.02988 0.372035 0.482498 1.0 0.377502 0.483086 1.0 0.374529 0.487781 1.0 0.373282 0.489542 1.0 0.375872 0.489737 1.0
0 0.392578 0.489044 0.011719 0.037849 0.0 0.0 0.0 0.0 0.0 0.0 0.0 0.0 0.0 0.0 0.0 0.0 0.0 0.0 0.0
0 0.434082 0.482072 0.012695 0.031873 0.0 0.0 0.0 0.0 0.0 0.0 0.0 0.0 0.0 0.0 0.0 0.0 0.0 0.0 0.0
0 0.456055 0.48008 0.011719 0.023904 0.0 0.0 0.0 0.0 0.0 0.0 0.0 0.0 0.0 0.0 0.0 0.0 0.0 0.0 0.0
0 0.352051 0.400398 0.008789 0.01992 0.0 0.0 0.0 0.0 0.0 0.0 0.0 0.0 0.0 0.0 0.0 0.0 0.0 0.0 0.0
0 0.278809 0.460159 0.014648 0.027888 0.280334 0.459163 1.0 0.283883 0.457793 1.0 0.283116 0.464251 1.0 0.281294 0.468749 1.0 0.283787 0.467968 1.0
0 0.352539 0.500996 0.009766 0.021912 0.0 0.0 0.0 0.0 0.0 0.0 0.0 0.0 0.0 0.0 0.0 0.0 0.0 0.0 0.0
0 0.328125 0.478088 0.009766 0.01992 0.0 0.0 0.0 0.0 0.0 0.0 0.0 0.0 0.0 0.0 0.0 0.0 0.0 0.0 0.0
0 0.484375 0.487052 0.007812 0.021912 0.0 0.0 0.0 0.0 0.0 0.0 0.0 0.0 0.0 0.0 0.0 0.0 0.0 0.0 0.0
0 0.300293 0.50996 0.010742 0.027888 0.0 0.0 0.0 0.0 0.0 0.0 0.0 0.0 0.0 0.0 0.0 0.0 0.0 0.0 0.0
0 0.534668 0.526892 0.018555 0.045817 0.531512 0.523655 1.0 0.538479 0.521237 1.0 0.535662 0.533633 1.0 0.532104 0.546635 1.0 0.539071 0.546635 1.0
0 0.559082 0.520916 0.016602 0.037849 0.55481 0.516932 1.0 0.561401 0.514691 1.0 0.558228 0.523655 1.0 0.55603 0.530627 1.0 0.560913 0.529133 1.0
0 0.500977 0.515936 0.013672 0.027888 0.0 0.0 0.0 0.0 0.0 0.0 0.0 0.0 0.0 0.0 0.0 0.0 0.0 0.0 0.0
0 0.52002 0.512948 0.012695 0.02988 0.0 0.0 0.0 0.0 0.0 0.0 0.0 0.0 0.0 0.0 0.0 0.0 0.0 0.0 0.0
0 0.626465 0.515936 0.012695 0.035857 0.619324 0.51302 1.0 0.623291 0.512789 1.0 0.619777 0.519956 1.0 0.623971 0.52458 1.0 0.624312 0.52458 1.0
0 0.64502 0.50498 0.012695 0.037849 0.643677 0.496514 1.0 0.648682 0.496763 1.0 0.647705 0.503237 1.0 0.644043 0.512699 1.0 0.64856 0.512948 1.0
0 0.643066 0.458167 0.014648 0.027888 0.639701 0.454414 1.0 0.646798 0.453827 1.0 0.643921 0.462827 1.0 0.639988 0.469283 1.0 0.646511 0.468697 1.0
0 0.550293 0.48506 0.010742 0.025896 0.0 0.0 0.0 0.0 0.0 0.0 0.0 0.0 0.0 0.0 0.0 0.0 0.0 0.0 0.0
0 0.565918 0.436255 0.014648 0.035857 0.0 0.0 0.0 0.0 0.0 0.0 0.0 0.0 0.0 0.0 0.0 0.0 0.0 0.0 0.0
0 0.525391 0.473108 0.011719 0.025896 0.0 0.0 0.0 0.0 0.0 0.0 0.0 0.0 0.0 0.0 0.0 0.0 0.0 0.0 0.0
0 0.694824 0.551793 0.014648 0.035857 0.691615 0.544251 1.0 0.69921 0.543327 1.0 0.695129 0.554193 1.0 0.691842 0.55905 1.0 0.698189 0.55905 1.0
0 0.702637 0.49502 0.014648 0.033865 0.699507 0.496337 1.0 0.706534 0.496337 1.0 0.70336 0.50651 1.0 0.69962 0.51044 1.0 0.705287 0.510902 1.0
0 0.765625 0.499004 0.013672 0.033865 0.763062 0.49454 1.0 0.769749 0.495002 1.0 0.766462 0.501938 1.0 0.764082 0.507026 1.0 0.767936 0.507257 1.0
0 0.932617 0.512948 0.015625 0.041833 0.928693 0.507149 1.0 0.937064 0.506351 1.0 0.93301 0.512219 1.0 0.929086 0.522624 1.0 0.936279 0.523157 1.0
0 0.875488 0.587649 0.012695 0.027888 0.872162 0.585719 1.0 0.878021 0.586653 1.0 0.874451 0.592629 1.0 0.872619 0.597299 1.0 0.876281 0.598418 1.0
0 0.850098 0.508964 0.014648 0.037849 0.0 0.0 0.0 0.0 0.0 0.0 0.0 0.0 0.0 0.0 0.0 0.0 0.0 0.0 0.0
0 0.824219 0.523904 0.017578 0.043825 0.821921 0.519876 1.0 0.82922 0.521255 1.0 0.825436 0.527044 1.0 0.822057 0.532558 1.0 0.826246 0.533384 1.0
0 0.442383 0.502988 0.015625 0.037849 0.0 0.0 0.0 0.0 0.0 0.0 0.0 0.0 0.0 0.0 0.0 0.0 0.0 0.0 0.0