0 0.809082 0.386364 0.040039 0.080645 0.811654 0.37695 1.0 0.827637 0.37644 1.0 0.824236 0.389205 1.0 0.816415 0.407585 1.0 0.826276 0.407075 1.0
0 0.925781 0.359971 0.039062 0.077713 0.918311 0.356598 1.0 0.936367 0.353402 1.0 0.929873 0.366921 1.0 0.921885 0.38176 1.0 0.937471 0.378798 1.0
0 0.983887 0.33871 0.012695 0.029326 0.0 0.0 0.0 0.0 0.0 0.0 0.0 0.0 0.0 0.0 0.0 0.0 0.0 0.0 0.0
0 0.591797 0.21261 0.052734 0.090909 0.582484 0.199937 1.0 0.606654 0.195905 1.0 0.598598 0.221251 1.0 0.587855 0.239107 1.0 0.607422 0.235651 1.0
0 0.648438 0.104839 0.027344 0.05132 0.642447 0.10116 1.0 0.654219 0.100177 1.0 0.649205 0.10967 1.0 0.643974 0.118506 1.0 0.654219 0.118506 1.0
0 0.465332 0.187683 0.045898 0.090909 0.457555 0.180456 1.0 0.479423 0.183913 1.0 0.469063 0.19601 1.0 0.459856 0.21329 1.0 0.47597 0.21329 1.0
0 0.352539 0.186217 0.042969 0.076246 0.339465 0.174192 1.0 0.357448 0.175666 1.0 0.346331 0.190393 1.0 0.339465 0.207576 1.0 0.354179 0.207085 1.0
0 0.311035 0.183284 0.040039 0.067449 0.298645 0.170638 1.0 0.316215 0.169787 1.0 0.306013 0.181701 1.0 0.298929 0.195742 1.0 0.316215 0.194465 1.0
0 0.283691 0.167155 0.03418 0.058651 0.277487 0.158214 1.0 0.291652 0.158214 1.0 0.286186 0.170526 1.0 0.279476 0.182466 1.0 0.290658 0.182094 1.0
0 0.42627 0.11217 0.022461 0.042522 0.419189 0.107038 1.0 0.428345 0.107038 1.0 0.422485 0.11666 1.0 0.419006 0.123258 1.0 0.425049 0.124633 1.0
0 0.380371 0.103372 0.016602 0.030792 0.0 0.0 0.0 0.0 0.0 0.0 0.0 0.0 0.0 0.0 0.0 0.0 0.0 0.0 0.0
0 0.318848 0.089443 0.024414 0.032258 0.0 0.0 0.0 0.0 0.0 0.0 0.0 0.0 0.0 0.0 0.0 0.0 0.0 0.0 0.0
0 0.124023 0.118768 0.025391 0.046921 0.123631 0.118035 1.0 0.133244 0.11833 1.0 0.130693 0.124516 1.0 0.125004 0.130996 1.0 0.131479 0.130996 1.0
0 0.855469 0.099707 0.023438 0.041056 0.851667 0.095622 1.0 0.860212 0.095622 1.0 0.855504 0.103216 1.0 0.850098 0.1095 1.0 0.861084 0.110284 1.0
0 0.800781 0.104839 0.025391 0.06305 0.804813 0.091793 1.0 0.805611 0.091793 1.0 0.811994 0.103771 1.0 0.804016 0.119743 1.0 0.804548 0.119743 1.0
0 0.705078 0.126833 0.023438 0.060117 0.0 0.0 0.0 0.0 0.0 0.0 0.0 0.0 0.0 0.0 0.0 0.0 0.0 0.0 0.0
0 0.773926 0.021994 0.022461 0.032258 0.0 0.0 0.0 0.0 0.0 0.0 0.0 0.0 0.0 0.0 0.0 0.0 0.0 0.0 0.0
0 0.17334 0.673754 0.05957 0.121701 0.174892 0.667626 1.0 0.197335 0.665328 1.0 0.193255 0.685242 1.0 0.181522 0.711282 1.0 0.197335 0.706686 1.0
0 0.093262 0.573314 0.055664 0.105572 0.096375 0.558494 1.0 0.11594 0.558494 1.0 0.114606 0.576522 1.0 0.098598 0.597887 1.0 0.115051 0.597887 1.0
0 0.21875 0.52566 0.039062 0.07478 0.0 0.0 0.0 0.0 0.0 0.0 0.0 0.0 0.0 0.0 0.0 0.0 0.0 0.0 0.0
0 0.359375 0.603372 0.046875 0.107038 0.362479 0.593141 1.0 0.374604 0.593815 1.0 0.381339 0.612694 1.0 0.368316 0.632246 1.0 0.37595 0.630897 1.0
0 0.402344 0.719941 0.037109 0.067449 0.390834 0.712597 1.0 0.406947 0.712597 1.0 0.396014 0.725557 1.0 0.392561 0.739815 1.0 0.404646 0.740246 1.0
0 0.403809 0.568915 0.02832 0.055718 0.393433 0.564673 1.0 0.406146 0.564673 1.0 0.397435 0.576337 1.0 0.395552 0.585528 1.0 0.403556 0.585528 1.0
0 0.236328 0.507331 0.027344 0.061584 0.0 0.0 0.0 0.0 0.0 0.0 0.0 0.0 0.0 0.0 0.0 0.0 0.0 0.0 0.0
0 0.539062 0.559384 0.027344 0.05132 0.530836 0.550704 1.0 0.544398 0.55204 1.0 0.535282 0.560051 1.0 0.530169 0.570735 1.0 0.539285 0.572403 1.0
0 0.638184 0.56085 0.018555 0.036657 0.631295 0.556818 1.0 0.638358 0.555639 1.0 0.633179 0.562238 1.0 0.632865 0.569544 1.0 0.63726 0.569308 1.0
0 0.662109 0.502199 0.017578 0.030792 0.660575 0.49695 1.0 0.667899 0.49695 1.0 0.664237 0.502842 1.0 0.661098 0.510107 1.0 0.666722 0.510107 1.0
0 0.599121 0.531525 0.014648 0.021994 0.0 0.0 0.0 0.0 0.0 0.0 0.0 0.0 0.0 0.0 0.0 0.0 0.0 0.0 0.0
0 0.496094 0.516129 0.013672 0.026393 0.494054 0.517491 1.0 0.499381 0.517831 1.0 0.49632 0.52532 1.0 0.495527 0.528043 1.0 0.497907 0.528213 1.0
0 0.526855 0.510264 0.014648 0.026393 0.0 0.0 0.0 0.0 0.0 0.0 0.0 0.0 0.0 0.0 0.0 0.0 0.0 0.0 0.0
0 0.689941 0.711877 0.012695 0.027859 0.0 0.0 0.0 0.0 0.0 0.0 0.0 0.0 0.0 0.0 0.0 0.0 0.0 0.0 0.0
0 0.719238 0.750733 0.022461 0.055718 0.717119 0.752853 1.0 0.727242 0.74932 1.0 0.724653 0.761337 1.0 0.718532 0.770174 1.0 0.726301 0.769821 1.0
0 0.786133 0.739736 0.023438 0.054252 0.789687 0.73676 1.0 0.797246 0.737214 1.0 0.796914 0.746364 1.0 0.790029 0.755235 1.0 0.795566 0.755748 1.0
0 0.867676 0.713343 0.02832 0.054252 0.860229 0.707714 1.0 0.872707 0.705284 1.0 0.866931 0.717774 1.0 0.863695 0.728183 1.0 0.873169 0.727836 1.0
0 0.824219 0.667889 0.025391 0.045455 0.814313 0.662881 1.0 0.821376 0.661997 1.0 0.814902 0.669361 1.0 0.813921 0.680554 1.0 0.820592 0.679672 1.0
0 0.79834 0.693548 0.014648 0.038123 0.0 0.0 0.0 0.0 0.0 0.0 0.0 0.0 0.0 0.0 0.0 0.0 0.0 0.0 0.0
0 0.791016 0.685484 0.013672 0.036657 0.0 0.0 0.0 0.0 0.0 0.0 0.0 0.0 0.0 0.0 0.0 0.0 0.0 0.0 0.0
0 0.714844 0.674487 0.013672 0.038123 0.714194 0.670364 1.0 0.719194 0.668183 1.0 0.719033 0.676418 1.0 0.713227 0.682957 1.0 0.720162 0.683199 1.0
0 0.779785 0.645894 0.008789 0.016129 0.0 0.0 0.0 0.0 0.0 0.0 0.0 0.0 0.0 0.0 0.0 0.0 0.0 0.0 0.0
0 0.836426 0.434751 0.014648 0.021994 0.835235 0.435955 1.0 0.84045 0.434751 1.0 0.838745 0.44017 1.0 0.836138 0.442579 1.0 0.840751 0.442128 1.0
0 0.950684 0.695748 0.018555 0.042522 0.0 0.0 0.0 0.0 0.0 0.0 0.0 0.0 0.0 0.0 0.0 0.0 0.0 0.0 0.0
0 0.937988 0.696481 0.014648 0.035191 0.0 0.0 0.0 0.0 0.0 0.0 0.0 0.0 0.0 0.0 0.0 0.0 0.0 0.0 0.0
0 0.95166 0.653226 0.018555 0.033724 0.94536 0.651327 1.0 0.950396 0.652192 1.0 0.945504 0.658456 1.0 0.945792 0.66256 1.0 0.949677 0.663856 1.0
0 0.75 0.684751 0.007812 0.017595 0.0 0.0 0.0 0.0 0.0 0.0 0.0 0.0 0.0 0.0 0.0 0.0 0.0 0.0 0.0
0 0.985352 0.013196 0.019531 0.026393 0.0 0.0 0.0 0.0 0.0 0.0 0.0 0.0 0.0 0.0 0.0 0.0 0.0 0.0 0.0
0 0.246094 0.116569 0.017578 0.027859 0.0 0.0 0.0 0.0 0.0 0.0 0.0 0.0 0.0 0.0 0.0 0.0 0.0 0.0 0.0
0 0.391602 0.08651 0.017578 0.02346 0.0 0.0 0.0 0.0 0.0 0.0 0.0 0.0 0.0 0.0 0.0 0.0 0.0 0.0 0.0
0 0.236328 0.092375 0.009766 0.032258 0.0 0.0 0.0 0.0 0.0 0.0 0.0 0.0 0.0 0.0 0.0 0.0 0.0 0.0 0.0