0 0.721191 0.295588 0.02832 0.05 0.72419 0.283088 1.0 0.733398 0.286869 1.0 0.732771 0.295693 1.0 0.723981 0.304832 1.0 0.731097 0.307353 1.0
0 0.639648 0.335294 0.021484 0.035294 0.64209 0.330424 1.0 0.648804 0.330653 1.0 0.648651 0.335938 1.0 0.643006 0.344209 1.0 0.648346 0.344669 1.0
0 0.746094 0.283824 0.007812 0.017647 0.0 0.0 0.0 0.0 0.0 0.0 0.0 0.0 0.0 0.0 0.0 0.0 0.0 0.0 0.0
0 0.789551 0.272794 0.008789 0.016176 0.0 0.0 0.0 0.0 0.0 0.0 0.0 0.0 0.0 0.0 0.0 0.0 0.0 0.0 0.0
0 0.81543 0.319118 0.023438 0.041176 0.818852 0.308141 1.0 0.826503 0.310701 1.0 0.826333 0.315822 1.0 0.821232 0.327088 1.0 0.827693 0.327856 1.0
0 0.902344 0.323529 0.023438 0.038235 0.90734 0.311621 1.0 0.908631 0.311621 1.0 0.914276 0.318665 1.0 0.909921 0.328866 1.0 0.910728 0.328866 1.0
0 0.882324 0.233824 0.010742 0.023529 0.880432 0.230824 1.0 0.881435 0.230974 1.0 0.879129 0.235051 1.0 0.880131 0.240185 1.0 0.880131 0.240185 1.0
0 0.946777 0.241176 0.014648 0.023529 0.944497 0.240743 1.0 0.951517 0.238478 1.0 0.948809 0.243763 1.0 0.946102 0.249199 1.0 0.951015 0.248596 1.0
0 0.956543 0.352206 0.022461 0.036765 0.960663 0.343841 1.0 0.966613 0.343612 1.0 0.969055 0.352344 1.0 0.961121 0.360846 1.0 0.964478 0.359697 1.0
0 0.994629 0.372794 0.010742 0.027941 0.0 0.0 0.0 0.0 0.0 0.0 0.0 0.0 0.0 0.0 0.0 0.0 0.0 0.0 0.0
0 0.833008 0.291912 0.005859 0.016176 0.0 0.0 0.0 0.0 0.0 0.0 0.0 0.0 0.0 0.0 0.0 0.0 0.0 0.0 0.0
0 0.931152 0.285294 0.010742 0.020588 0.0 0.0 0.0 0.0 0.0 0.0 0.0 0.0 0.0 0.0 0.0 0.0 0.0 0.0 0.0
0 0.419922 0.295588 0.033203 0.05 0.420502 0.278768 1.0 0.435028 0.280056 1.0 0.431824 0.287776 1.0 0.426056 0.301929 1.0 0.433319 0.301609 1.0
0 0.443359 0.322794 0.017578 0.027941 0.44043 0.315809 1.0 0.450806 0.31636 1.0 0.448486 0.322426 1.0 0.440918 0.329963 1.0 0.448853 0.331618 1.0
0 0.317383 0.407353 0.009766 0.014706 0.316686 0.403151 1.0 0.321638 0.402837 1.0 0.319824 0.408719 1.0 0.317383 0.412396 1.0 0.320801 0.41229 1.0
0 0.32959 0.408824 0.008789 0.014706 0.0 0.0 0.0 0.0 0.0 0.0 0.0 0.0 0.0 0.0 0.0 0.0 0.0 0.0 0.0
0 0.251953 0.261029 0.041016 0.060294 0.251997 0.242674 1.0 0.265294 0.245476 1.0 0.260507 0.257491 1.0 0.251465 0.269906 1.0 0.259177 0.270706 1.0
0 0.095215 0.400735 0.012695 0.019118 0.094866 0.39396 1.0 0.099836 0.394879 1.0 0.097656 0.401313 1.0 0.094604 0.40499 1.0 0.099749 0.405515 1.0
0 0.056152 0.405882 0.010742 0.017647 0.0 0.0 0.0 0.0 0.0 0.0 0.0 0.0 0.0 0.0 0.0 0.0 0.0 0.0 0.0
0 0.050781 0.402941 0.007812 0.014706 0.0 0.0 0.0 0.0 0.0 0.0 0.0 0.0 0.0 0.0 0.0 0.0 0.0 0.0 0.0
0 0.027832 0.413235 0.006836 0.014706 0.0 0.0 0.0 0.0 0.0 0.0 0.0 0.0 0.0 0.0 0.0 0.0 0.0 0.0 0.0
0 0.56543 0.261029 0.033203 0.063235 0.566847 0.248615 1.0 0.578016 0.251018 1.0 0.574559 0.261029 1.0 0.566049 0.273444 1.0 0.575623 0.274246 1.0