0 0.027344 0.634956 0.011719 0.028024 0.023189 0.63028 1.0 0.029074 0.630459 1.0 0.025543 0.635437 1.0 0.024131 0.638459 1.0 0.027544 0.638814 1.0
0 0.039551 0.619469 0.010742 0.017699 0.036172 0.617388 1.0 0.040396 0.617276 1.0 0.038025 0.621083 1.0 0.036617 0.623544 1.0 0.039952 0.623209 1.0
0 0.063477 0.634218 0.011719 0.026549 0.058306 0.630353 1.0 0.064301 0.630353 1.0 0.06114 0.634139 1.0 0.059614 0.637925 1.0 0.063102 0.637761 1.0
0 0.011719 0.55826 0.005859 0.016224 0.0 0.0 0.0 0.0 0.0 0.0 0.0 0.0 0.0 0.0 0.0 0.0 0.0 0.0 0.0
0 0.057129 0.616519 0.008789 0.017699 0.0 0.0 0.0 0.0 0.0 0.0 0.0 0.0 0.0 0.0 0.0 0.0 0.0 0.0 0.0
0 0.083008 0.629794 0.007812 0.017699 0.082049 0.629201 1.0 0.085187 0.62932 1.0 0.083854 0.63323 1.0 0.082284 0.634889 1.0 0.084874 0.635245 1.0
0 0.091797 0.635693 0.003906 0.014749 0.0 0.0 0.0 0.0 0.0 0.0 0.0 0.0 0.0 0.0 0.0 0.0 0.0 0.0 0.0
0 0.101562 0.633481 0.011719 0.022124 0.099549 0.630715 1.0 0.104344 0.630426 1.0 0.101371 0.634482 1.0 0.099645 0.639407 1.0 0.103576 0.639117 1.0
0 0.114258 0.619469 0.007812 0.011799 0.0 0.0 0.0 0.0 0.0 0.0 0.0 0.0 0.0 0.0 0.0 0.0 0.0 0.0 0.0
0 0.140625 0.629056 0.011719 0.022124 0.136492 0.625855 1.0 0.142727 0.625855 1.0 0.138985 0.630926 1.0 0.137547 0.636142 1.0 0.141191 0.636142 1.0
0 0.155762 0.632743 0.006836 0.011799 0.0 0.0 0.0 0.0 0.0 0.0 0.0 0.0 0.0 0.0 0.0 0.0 0.0 0.0 0.0
0 0.16748 0.628319 0.008789 0.017699 0.0 0.0 0.0 0.0 0.0 0.0 0.0 0.0 0.0 0.0 0.0 0.0 0.0 0.0 0.0
0 0.178711 0.623894 0.011719 0.023599 0.176827 0.621997 1.0 0.18206 0.621839 1.0 0.179234 0.625791 1.0 0.177979 0.630373 1.0 0.182582 0.629425 1.0
0 0.21875 0.625369 0.011719 0.023599 0.216657 0.621906 1.0 0.221972 0.621754 1.0 0.218763 0.626296 1.0 0.217059 0.630235 1.0 0.221771 0.629932 1.0
0 0.258789 0.626106 0.011719 0.025074 0.255192 0.621503 1.0 0.261405 0.621174 1.0 0.258244 0.625619 1.0 0.2565 0.630392 1.0 0.260751 0.630229 1.0
0 0.292969 0.623156 0.011719 0.028024 0.289307 0.620022 1.0 0.295166 0.620022 1.0 0.291992 0.623894 1.0 0.290039 0.628134 1.0 0.294067 0.628134 1.0
0 0.32373 0.618732 0.010742 0.025074 0.321171 0.614451 1.0 0.326839 0.614288 1.0 0.323896 0.618897 1.0 0.321825 0.62367 1.0 0.326729 0.623176 1.0
0 0.363281 0.621681 0.011719 0.028024 0.361633 0.617006 1.0 0.366695 0.617006 1.0 0.363399 0.621096 1.0 0.36128 0.624473 1.0 0.366224 0.624295 1.0
0 0.400391 0.618732 0.011719 0.022124 0.39672 0.616914 1.0 0.402535 0.616611 1.0 0.399026 0.620853 1.0 0.397823 0.625091 1.0 0.401834 0.624789 1.0
0 0.390625 0.618732 0.009766 0.016224 0.0 0.0 0.0 0.0 0.0 0.0 0.0 0.0 0.0 0.0 0.0 0.0 0.0 0.0 0.0
0 0.41748 0.628319 0.008789 0.017699 0.0 0.0 0.0 0.0 0.0 0.0 0.0 0.0 0.0 0.0 0.0 0.0 0.0 0.0 0.0
0 0.437012 0.626844 0.010742 0.023599 0.434906 0.624289 1.0 0.439819 0.623985 1.0 0.437112 0.628378 1.0 0.435407 0.631407 1.0 0.439418 0.631709 1.0
0 0.452637 0.611357 0.008789 0.016224 0.449288 0.60946 1.0 0.452567 0.609987 1.0 0.449567 0.613147 1.0 0.449498 0.616308 1.0 0.451521 0.616835 1.0
0 0.465332 0.612094 0.008789 0.017699 0.0 0.0 0.0 0.0 0.0 0.0 0.0 0.0 0.0 0.0 0.0 0.0 0.0 0.0 0.0
0 0.473145 0.626844 0.010742 0.020649 0.469953 0.624209 1.0 0.475533 0.624209 1.0 0.472656 0.628029 1.0 0.470477 0.631979 1.0 0.474574 0.632111 1.0
0 0.487793 0.627581 0.006836 0.013274 0.0 0.0 0.0 0.0 0.0 0.0 0.0 0.0 0.0 0.0 0.0 0.0 0.0 0.0 0.0
0 0.507324 0.60767 0.008789 0.017699 0.0 0.0 0.0 0.0 0.0 0.0 0.0 0.0 0.0 0.0 0.0 0.0 0.0 0.0 0.0
0 0.514648 0.626844 0.011719 0.026549 0.510873 0.622972 1.0 0.517107 0.62263 1.0 0.513934 0.627937 1.0 0.511894 0.632046 1.0 0.516881 0.632217 1.0
0 0.549805 0.622419 0.011719 0.023599 0.546723 0.619258 1.0 0.552037 0.618956 1.0 0.54943 0.622742 1.0 0.547726 0.62683 1.0 0.551234 0.62683 1.0
0 0.539062 0.624631 0.009766 0.022124 0.0 0.0 0.0 0.0 0.0 0.0 0.0 0.0 0.0 0.0 0.0 0.0 0.0 0.0 0.0
0 0.589844 0.624631 0.011719 0.025074 0.58636 0.619864 1.0 0.591919 0.619864 1.0 0.588867 0.623814 1.0 0.587123 0.628094 1.0 0.590502 0.62826 1.0
0 0.617676 0.623894 0.008789 0.017699 0.0 0.0 0.0 0.0 0.0 0.0 0.0 0.0 0.0 0.0 0.0 0.0 0.0 0.0 0.0
0 0.628906 0.628319 0.013672 0.023599 0.626813 0.624789 1.0 0.632359 0.624789 1.0 0.629011 0.628583 1.0 0.627441 0.632217 1.0 0.631417 0.632375 1.0
0 0.654297 0.629794 0.009766 0.017699 0.0 0.0 0.0 0.0 0.0 0.0 0.0 0.0 0.0 0.0 0.0 0.0 0.0 0.0 0.0
0 0.669922 0.631268 0.013672 0.026549 0.667132 0.627845 1.0 0.672799 0.627845 1.0 0.669625 0.63144 1.0 0.667472 0.636404 1.0 0.672459 0.636233 1.0
0 0.70166 0.634218 0.010742 0.017699 0.0 0.0 0.0 0.0 0.0 0.0 0.0 0.0 0.0 0.0 0.0 0.0 0.0 0.0 0.0
0 0.716797 0.627581 0.011719 0.022124 0.0 0.0 0.0 0.0 0.0 0.0 0.0 0.0 0.0 0.0 0.0 0.0 0.0 0.0 0.0
0 0.759277 0.629056 0.012695 0.025074 0.0 0.0 0.0 0.0 0.0 0.0 0.0 0.0 0.0 0.0 0.0 0.0 0.0 0.0 0.0
0 0.793945 0.629794 0.011719 0.026549 0.0 0.0 0.0 0.0 0.0 0.0 0.0 0.0 0.0 0.0 0.0 0.0 0.0 0.0 0.0
0 0.826172 0.609145 0.009766 0.023599 0.823478 0.605378 1.0 0.828491 0.605681 1.0 0.825483 0.609316 1.0 0.82448 0.611739 1.0 0.827288 0.612041 1.0
0 0.838379 0.626106 0.010742 0.025074 0.836308 0.623472 1.0 0.841866 0.624131 1.0 0.839251 0.627423 1.0 0.836962 0.631373 1.0 0.840995 0.631867 1.0
0 0.862305 0.603245 0.011719 0.023599 0.858887 0.600979 1.0 0.862549 0.600822 1.0 0.860352 0.605721 1.0 0.85941 0.610146 1.0 0.862025 0.609671 1.0
0 0.890137 0.623894 0.012695 0.026549 0.0 0.0 0.0 0.0 0.0 0.0 0.0 0.0 0.0 0.0 0.0 0.0 0.0 0.0 0.0
0 0.905762 0.620944 0.006836 0.020649 0.0 0.0 0.0 0.0 0.0 0.0 0.0 0.0 0.0 0.0 0.0 0.0 0.0 0.0 0.0
0 0.915527 0.612094 0.006836 0.020649 0.0 0.0 0.0 0.0 0.0 0.0 0.0 0.0 0.0 0.0 0.0 0.0 0.0 0.0 0.0
0 0.921875 0.605457 0.009766 0.022124 0.0 0.0 0.0 0.0 0.0 0.0 0.0 0.0 0.0 0.0 0.0 0.0 0.0 0.0 0.0
0 0.95459 0.606932 0.010742 0.025074 0.0 0.0 0.0 0.0 0.0 0.0 0.0 0.0 0.0 0.0 0.0 0.0 0.0 0.0 0.0
0 0.981934 0.626844 0.012695 0.023599 0.97835 0.621714 1.0 0.983464 0.621563 1.0 0.980255 0.6255 1.0 0.979052 0.630499 1.0 0.983062 0.630347 1.0
0 0.980469 0.59587 0.005859 0.014749 0.0 0.0 0.0 0.0 0.0 0.0 0.0 0.0 0.0 0.0 0.0 0.0 0.0 0.0 0.0
0 0.337891 0.553835 0.007812 0.010324 0.0 0.0 0.0 0.0 0.0 0.0 0.0 0.0 0.0 0.0 0.0 0.0 0.0 0.0 0.0
0 0.36377 0.556785 0.008789 0.013274 0.0 0.0 0.0 0.0 0.0 0.0 0.0 0.0 0.0 0.0 0.0 0.0 0.0 0.0 0.0
0 0.270508 0.629794 0.005859 0.011799 0.0 0.0 0.0 0.0 0.0 0.0 0.0 0.0 0.0 0.0 0.0 0.0 0.0 0.0 0.0
0 0.847656 0.629794 0.009766 0.020649 0.0 0.0 0.0 0.0 0.0 0.0 0.0 0.0 0.0 0.0 0.0 0.0 0.0 0.0 0.0