0 0.116211 0.63151 0.03125 0.046875 0.109676 0.632341 1.0 0.121683 0.630563 1.0 0.116124 0.641531 1.0 0.11101 0.645385 1.0 0.122127 0.644201 1.0
0 0.294434 0.59375 0.026367 0.039062 0.293335 0.593669 1.0 0.301392 0.593669 1.0 0.297729 0.598552 1.0 0.293885 0.604655 1.0 0.298828 0.605388 1.0
0 0.446289 0.573568 0.03125 0.042969 0.444336 0.575521 1.0 0.454102 0.578125 1.0 0.450195 0.584635 1.0 0.442383 0.58724 1.0 0.446289 0.589844 1.0
0 0.490234 0.628255 0.025391 0.03776 0.493164 0.630208 1.0 0.5 0.630208 1.0 0.496094 0.636719 1.0 0.490234 0.640625 1.0 0.493164 0.641927 1.0
0 0.217285 0.529297 0.018555 0.027344 0.216797 0.526042 1.0 0.224609 0.52474 1.0 0.22168 0.532552 1.0 0.216797 0.536458 1.0 0.22168 0.536458 1.0
0 0.1875 0.591797 0.019531 0.027344 0.193359 0.592448 1.0 0.197266 0.591146 1.0 0.195312 0.597656 1.0 0.192383 0.604167 1.0 0.194336 0.604167 1.0
0 0.050293 0.46224 0.020508 0.03125 0.042969 0.455729 1.0 0.048828 0.455729 1.0 0.044922 0.460938 1.0 0.042969 0.470052 1.0 0.047852 0.46875 1.0
0 0.263672 0.45638 0.015625 0.02474 0.261719 0.454427 1.0 0.268555 0.453125 1.0 0.266602 0.459635 1.0 0.263672 0.463542 1.0 0.266602 0.46224 1.0
0 0.333008 0.484375 0.017578 0.026042 0.331055 0.483073 1.0 0.337891 0.485677 1.0 0.333008 0.490885 1.0 0.328125 0.49349 1.0 0.331055 0.494792 1.0
0 0.466309 0.533203 0.020508 0.032552 0.461914 0.528646 1.0 0.470703 0.529948 1.0 0.46582 0.533854 1.0 0.462891 0.540365 1.0 0.467773 0.541667 1.0
0 0.327637 0.457031 0.014648 0.023438 0.0 0.0 0.0 0.0 0.0 0.0 0.0 0.0 0.0 0.0 0.0 0.0 0.0 0.0 0.0
0 0.537109 0.490885 0.015625 0.018229 0.538086 0.488281 1.0 0.542969 0.488281 1.0 0.539062 0.494792 1.0 0.536133 0.5 1.0 0.539062 0.5 1.0
0 0.557617 0.449219 0.009766 0.013021 0.554688 0.446615 1.0 0.558594 0.447917 1.0 0.555664 0.451823 1.0 0.554688 0.457031 1.0 0.556641 0.457031 1.0
0 0.614258 0.453125 0.013672 0.020833 0.610003 0.450846 1.0 0.615967 0.452521 1.0 0.612096 0.455729 1.0 0.613351 0.45852 1.0 0.610526 0.458241 1.0
0 0.638672 0.441406 0.005859 0.010417 0.0 0.0 0.0 0.0 0.0 0.0 0.0 0.0 0.0 0.0 0.0 0.0 0.0 0.0 0.0
0 0.603516 0.439453 0.005859 0.009115 0.0 0.0 0.0 0.0 0.0 0.0 0.0 0.0 0.0 0.0 0.0 0.0 0.0 0.0 0.0
0 0.595703 0.449219 0.005859 0.007812 0.0 0.0 0.0 0.0 0.0 0.0 0.0 0.0 0.0 0.0 0.0 0.0 0.0 0.0 0.0
0 0.756348 0.535156 0.024414 0.049479 0.749974 0.530401 1.0 0.760803 0.531342 1.0 0.755859 0.541388 1.0 0.751622 0.547665 1.0 0.759155 0.548921 1.0
0 0.626953 0.688802 0.025391 0.044271 0.62497 0.687581 1.0 0.63501 0.686727 1.0 0.629883 0.695557 1.0 0.625184 0.701253 1.0 0.633515 0.700684 1.0
0 0.854492 0.515625 0.029297 0.028646 0.844727 0.515625 1.0 0.854492 0.513021 1.0 0.851562 0.523438 1.0 0.851562 0.529948 1.0 0.857422 0.529948 1.0
0 0.958008 0.467448 0.021484 0.036458 0.949986 0.467076 1.0 0.955043 0.469401 1.0 0.950335 0.474749 1.0 0.955043 0.480329 1.0 0.958356 0.481259 1.0
0 0.927246 0.449219 0.014648 0.020833 0.0 0.0 0.0 0.0 0.0 0.0 0.0 0.0 0.0 0.0 0.0 0.0 0.0 0.0 0.0
0 0.885254 0.648438 0.016602 0.028646 0.0 0.0 0.0 0.0 0.0 0.0 0.0 0.0 0.0 0.0 0.0 0.0 0.0 0.0 0.0
0 0.681641 0.555339 0.017578 0.02474 0.0 0.0 0.0 0.0 0.0 0.0 0.0 0.0 0.0 0.0 0.0 0.0 0.0 0.0 0.0
0 0.458008 0.454427 0.005859 0.007812 0.0 0.0 0.0 0.0 0.0 0.0 0.0 0.0 0.0 0.0 0.0 0.0 0.0 0.0 0.0
0 0.42334 0.44987 0.004883 0.011719 0.0 0.0 0.0 0.0 0.0 0.0 0.0 0.0 0.0 0.0 0.0 0.0 0.0 0.0 0.0
0 0.676758 0.472005 0.011719 0.02474 0.0 0.0 0.0 0.0 0.0 0.0 0.0 0.0 0.0 0.0 0.0 0.0 0.0 0.0 0.0
0 0.480469 0.465495 0.011719 0.016927 0.0 0.0 0.0 0.0 0.0 0.0 0.0 0.0 0.0 0.0 0.0 0.0 0.0 0.0 0.0
0 0.253906 0.290365 0.029297 0.039062 0.251242 0.285215 1.0 0.262115 0.285465 1.0 0.257241 0.293214 1.0 0.251055 0.300961 1.0 0.260803 0.301211 1.0