0 0.034668 0.517961 0.016602 0.023175 0.0 0.0 0.0 0.0 0.0 0.0 0.0 0.0 0.0 0.0 0.0 0.0 0.0 0.0 0.0
0 0.103027 0.522016 0.024414 0.031286 0.097743 0.510429 1.0 0.102548 0.510429 1.0 0.093437 0.51672 1.0 0.094099 0.524189 1.0 0.099565 0.524386 1.0
0 0.155273 0.508691 0.017578 0.020857 0.0 0.0 0.0 0.0 0.0 0.0 0.0 0.0 0.0 0.0 0.0 0.0 0.0 0.0 0.0
0 0.258301 0.476825 0.022461 0.038239 0.250231 0.467586 1.0 0.260271 0.469045 1.0 0.25187 0.474879 1.0 0.250641 0.48266 1.0 0.256788 0.483389 1.0
0 0.302246 0.462341 0.018555 0.032445 0.295898 0.451912 1.0 0.302734 0.453071 1.0 0.296875 0.457706 1.0 0.297852 0.465817 1.0 0.301758 0.464658 1.0
0 0.353027 0.349363 0.051758 0.089224 0.338771 0.336394 1.0 0.364433 0.332447 1.0 0.352077 0.348798 1.0 0.344949 0.369662 1.0 0.363957 0.367406 1.0
0 0.457031 0.376014 0.041016 0.082271 0.459673 0.365042 1.0 0.472883 0.363997 1.0 0.474645 0.374969 1.0 0.464517 0.3943 1.0 0.474645 0.391166 1.0
0 0.533691 0.3146 0.06543 0.103129 0.514465 0.306199 1.0 0.54248 0.300985 1.0 0.5271 0.322494 1.0 0.521057 0.3427 1.0 0.541932 0.339441 1.0
0 0.740723 0.389919 0.032227 0.068366 0.743853 0.382749 1.0 0.754347 0.382749 1.0 0.753984 0.391766 1.0 0.742768 0.406793 1.0 0.750004 0.406364 1.0
0 0.811035 0.43511 0.016602 0.026651 0.805995 0.427847 1.0 0.811776 0.428023 1.0 0.807922 0.43541 1.0 0.807033 0.440159 1.0 0.813259 0.439455 1.0
0 0.883301 0.399768 0.024414 0.039397 0.874163 0.391409 1.0 0.881696 0.390912 1.0 0.873744 0.397864 1.0 0.873744 0.403576 1.0 0.879813 0.402583 1.0
0 0.940918 0.423523 0.020508 0.031286 0.935329 0.416864 1.0 0.94145 0.416864 1.0 0.935839 0.423523 1.0 0.935839 0.428567 1.0 0.9406 0.42897 1.0