0 0.483398 0.392578 0.041016 0.066406 0.47018 0.390253 1.0 0.48713 0.389835 1.0 0.477086 0.401553 1.0 0.469866 0.411598 1.0 0.485247 0.414109 1.0
0 0.54834 0.413411 0.016602 0.02474 0.543731 0.411482 1.0 0.550323 0.412581 1.0 0.546203 0.416346 1.0 0.543379 0.420427 1.0 0.548911 0.421526 1.0
0 0.587891 0.424479 0.027344 0.044271 0.581146 0.420695 1.0 0.593964 0.419556 1.0 0.586914 0.42981 1.0 0.582215 0.439779 1.0 0.592041 0.439779 1.0
0 0.617676 0.404948 0.014648 0.023438 0.613281 0.40625 1.0 0.619141 0.403646 1.0 0.617188 0.408854 1.0 0.617188 0.414062 1.0 0.620117 0.411458 1.0
0 0.19873 0.380859 0.024414 0.040365 0.192383 0.376302 1.0 0.201172 0.377604 1.0 0.195312 0.38151 1.0 0.19043 0.388021 1.0 0.199219 0.389323 1.0
0 0.436523 0.410807 0.019531 0.032552 0.431641 0.411458 1.0 0.439453 0.411458 1.0 0.43457 0.416667 1.0 0.431641 0.420573 1.0 0.4375 0.421875 1.0
0 0.743652 0.431641 0.020508 0.032552 0.738438 0.429315 1.0 0.747384 0.429315 1.0 0.742676 0.436221 1.0 0.73938 0.442081 1.0 0.746285 0.441871 1.0
0 0.801758 0.428385 0.013672 0.023438 0.796779 0.426322 1.0 0.804901 0.426322 1.0 0.801252 0.432129 1.0 0.797956 0.436052 1.0 0.804195 0.436523 1.0
0 0.855469 0.423177 0.015625 0.023438 0.85192 0.418096 1.0 0.858381 0.41991 1.0 0.854527 0.423085 1.0 0.851014 0.427921 1.0 0.856907 0.429129 1.0
0 0.8125 0.408203 0.013672 0.019531 0.0 0.0 0.0 0.0 0.0 0.0 0.0 0.0 0.0 0.0 0.0 0.0 0.0 0.0 0.0
0 0.794434 0.397786 0.012695 0.019531 0.791739 0.394194 1.0 0.796631 0.393939 1.0 0.792411 0.39931 1.0 0.792123 0.404297 1.0 0.795959 0.404042 1.0
0 0.934082 0.406901 0.008789 0.011719 0.0 0.0 0.0 0.0 0.0 0.0 0.0 0.0 0.0 0.0 0.0 0.0 0.0 0.0 0.0
0 0.709473 0.39974 0.008789 0.013021 0.0 0.0 0.0 0.0 0.0 0.0 0.0 0.0 0.0 0.0 0.0 0.0 0.0 0.0 0.0
0 0.065918 0.490885 0.008789 0.018229 0.0 0.0 0.0 0.0 0.0 0.0 0.0 0.0 0.0 0.0 0.0 0.0 0.0 0.0 0.0
0 0.078613 0.489583 0.008789 0.015625 0.0 0.0 0.0 0.0 0.0 0.0 0.0 0.0 0.0 0.0 0.0 0.0 0.0 0.0 0.0
0 0.140625 0.483724 0.007812 0.014323 0.0 0.0 0.0 0.0 0.0 0.0 0.0 0.0 0.0 0.0 0.0 0.0 0.0 0.0 0.0
0 0.155273 0.488932 0.005859 0.009115 0.0 0.0 0.0 0.0 0.0 0.0 0.0 0.0 0.0 0.0 0.0 0.0 0.0 0.0 0.0
0 0.125 0.458984 0.007812 0.014323 0.0 0.0 0.0 0.0 0.0 0.0 0.0 0.0 0.0 0.0 0.0 0.0 0.0 0.0 0.0
0 0.117676 0.41862 0.004883 0.00651 0.0 0.0 0.0 0.0 0.0 0.0 0.0 0.0 0.0 0.0 0.0 0.0 0.0 0.0 0.0
0 0.155273 0.408854 0.005859 0.007812 0.0 0.0 0.0 0.0 0.0 0.0 0.0 0.0 0.0 0.0 0.0 0.0 0.0 0.0 0.0
0 0.02832 0.424479 0.005859 0.010417 0.0 0.0 0.0 0.0 0.0 0.0 0.0 0.0 0.0 0.0 0.0 0.0 0.0 0.0 0.0
0 0.059082 0.417318 0.006836 0.011719 0.0 0.0 0.0 0.0 0.0 0.0 0.0 0.0 0.0 0.0 0.0 0.0 0.0 0.0 0.0
0 0.111816 0.445312 0.006836 0.013021 0.0 0.0 0.0 0.0 0.0 0.0 0.0 0.0 0.0 0.0 0.0 0.0 0.0 0.0 0.0
0 0.239258 0.472005 0.005859 0.009115 0.0 0.0 0.0 0.0 0.0 0.0 0.0 0.0 0.0 0.0 0.0 0.0 0.0 0.0 0.0
0 0.245117 0.475911 0.005859 0.011719 0.0 0.0 0.0 0.0 0.0 0.0 0.0 0.0 0.0 0.0 0.0 0.0 0.0 0.0 0.0
0 0.257812 0.426432 0.005859 0.00651 0.0 0.0 0.0 0.0 0.0 0.0 0.0 0.0 0.0 0.0 0.0 0.0 0.0 0.0 0.0
0 0.279785 0.417318 0.006836 0.009115 0.0 0.0 0.0 0.0 0.0 0.0 0.0 0.0 0.0 0.0 0.0 0.0 0.0 0.0 0.0
0 0.293457 0.416016 0.004883 0.009115 0.0 0.0 0.0 0.0 0.0 0.0 0.0 0.0 0.0 0.0 0.0 0.0 0.0 0.0 0.0
0 0.302246 0.411458 0.004883 0.007812 0.0 0.0 0.0 0.0 0.0 0.0 0.0 0.0 0.0 0.0 0.0 0.0 0.0 0.0 0.0
0 0.345215 0.412109 0.006836 0.009115 0.0 0.0 0.0 0.0 0.0 0.0 0.0 0.0 0.0 0.0 0.0 0.0 0.0 0.0 0.0
0 0.989258 0.409505 0.005859 0.00651 0.0 0.0 0.0 0.0 0.0 0.0 0.0 0.0 0.0 0.0 0.0 0.0 0.0 0.0 0.0
0 0.961426 0.412109 0.004883 0.00651 0.0 0.0 0.0 0.0 0.0 0.0 0.0 0.0 0.0 0.0 0.0 0.0 0.0 0.0 0.0
0 0.005859 0.427734 0.007812 0.014323 0.002228 0.424868 1.0 0.005637 0.424474 1.0 0.004081 0.42813 1.0 0.003043 0.430699 1.0 0.005934 0.430303 1.0