0 0.099121 0.763648 0.010742 0.019973 0.100264 0.760628 1.0 0.101127 0.760237 1.0 0.103141 0.763767 1.0 0.101223 0.767691 1.0 0.10151 0.767429 1.0
0 0.109375 0.741678 0.011719 0.023968 0.0 0.0 0.0 0.0 0.0 0.0 0.0 0.0 0.0 0.0 0.0 0.0 0.0 0.0 0.0
0 0.158203 0.754328 0.011719 0.0253 0.0 0.0 0.0 0.0 0.0 0.0 0.0 0.0 0.0 0.0 0.0 0.0 0.0 0.0 0.0
0 0.125977 0.758988 0.009766 0.021305 0.0 0.0 0.0 0.0 0.0 0.0 0.0 0.0 0.0 0.0 0.0 0.0 0.0 0.0 0.0
0 0.16748 0.758322 0.010742 0.019973 0.0 0.0 0.0 0.0 0.0 0.0 0.0 0.0 0.0 0.0 0.0 0.0 0.0 0.0 0.0
0 0.241699 0.756991 0.012695 0.022636 0.236328 0.752901 1.0 0.240514 0.751189 1.0 0.237374 0.756467 1.0 0.23727 0.761461 1.0 0.240304 0.760462 1.0
0 0.271484 0.716378 0.007812 0.013316 0.0 0.0 0.0 0.0 0.0 0.0 0.0 0.0 0.0 0.0 0.0 0.0 0.0 0.0 0.0
0 0.333008 0.740346 0.009766 0.018642 0.0 0.0 0.0 0.0 0.0 0.0 0.0 0.0 0.0 0.0 0.0 0.0 0.0 0.0 0.0
0 0.367188 0.744341 0.009766 0.021305 0.0 0.0 0.0 0.0 0.0 0.0 0.0 0.0 0.0 0.0 0.0 0.0 0.0 0.0 0.0
0 0.382812 0.75233 0.007812 0.013316 0.0 0.0 0.0 0.0 0.0 0.0 0.0 0.0 0.0 0.0 0.0 0.0 0.0 0.0 0.0
0 0.427246 0.762317 0.012695 0.019973 0.425224 0.757859 1.0 0.430786 0.757466 1.0 0.42858 0.76139 1.0 0.42647 0.767144 1.0 0.430307 0.767274 1.0
0 0.574707 0.76032 0.012695 0.021305 0.572858 0.756706 1.0 0.57401 0.756419 1.0 0.570138 0.762411 1.0 0.573905 0.766121 1.0 0.574742 0.765407 1.0
0 0.628418 0.746338 0.012695 0.0253 0.626587 0.744008 1.0 0.632568 0.743342 1.0 0.629883 0.748003 1.0 0.628174 0.753662 1.0 0.631348 0.753329 1.0
0 0.614258 0.743009 0.011719 0.018642 0.0 0.0 0.0 0.0 0.0 0.0 0.0 0.0 0.0 0.0 0.0 0.0 0.0 0.0 0.0
0 0.59375 0.723702 0.009766 0.014647 0.0 0.0 0.0 0.0 0.0 0.0 0.0 0.0 0.0 0.0 0.0 0.0 0.0 0.0 0.0
0 0.553223 0.727696 0.006836 0.011984 0.0 0.0 0.0 0.0 0.0 0.0 0.0 0.0 0.0 0.0 0.0 0.0 0.0 0.0 0.0
0 0.575195 0.718375 0.005859 0.011984 0.0 0.0 0.0 0.0 0.0 0.0 0.0 0.0 0.0 0.0 0.0 0.0 0.0 0.0 0.0
0 0.722168 0.733023 0.012695 0.022636 0.718628 0.730348 1.0 0.724296 0.729754 1.0 0.721244 0.735847 1.0 0.719282 0.738521 1.0 0.723751 0.738076 1.0
0 0.79541 0.748336 0.014648 0.026631 0.795314 0.74629 1.0 0.801984 0.745399 1.0 0.800153 0.750748 1.0 0.797407 0.756277 1.0 0.800677 0.755742 1.0
0 0.265137 0.749667 0.008789 0.013316 0.0 0.0 0.0 0.0 0.0 0.0 0.0 0.0 0.0 0.0 0.0 0.0 0.0 0.0 0.0
0 0.27832 0.74767 0.007812 0.01731 0.0 0.0 0.0 0.0 0.0 0.0 0.0 0.0 0.0 0.0 0.0 0.0 0.0 0.0 0.0
0 0.303711 0.754328 0.009766 0.01731 0.0 0.0 0.0 0.0 0.0 0.0 0.0 0.0 0.0 0.0 0.0 0.0 0.0 0.0 0.0
0 0.312988 0.756991 0.010742 0.019973 0.0 0.0 0.0 0.0 0.0 0.0 0.0 0.0 0.0 0.0 0.0 0.0 0.0 0.0 0.0
0 0.30127 0.773635 0.008789 0.015979 0.0 0.0 0.0 0.0 0.0 0.0 0.0 0.0 0.0 0.0 0.0 0.0 0.0 0.0 0.0
0 0.131348 0.737683 0.010742 0.021305 0.0 0.0 0.0 0.0 0.0 0.0 0.0 0.0 0.0 0.0 0.0 0.0 0.0 0.0 0.0
0 0.055664 0.750999 0.009766 0.023968 0.0 0.0 0.0 0.0 0.0 0.0 0.0 0.0 0.0 0.0 0.0 0.0 0.0 0.0 0.0
0 0.009766 0.749667 0.009766 0.023968 0.0 0.0 0.0 0.0 0.0 0.0 0.0 0.0 0.0 0.0 0.0 0.0 0.0 0.0 0.0
0 0.013672 0.744341 0.007812 0.023968 0.0 0.0 0.0 0.0 0.0 0.0 0.0 0.0 0.0 0.0 0.0 0.0 0.0 0.0 0.0
0 0.080566 0.750333 0.012695 0.027963 0.0 0.0 0.0 0.0 0.0 0.0 0.0 0.0 0.0 0.0 0.0 0.0 0.0 0.0 0.0
0 0.207031 0.733023 0.005859 0.009321 0.0 0.0 0.0 0.0 0.0 0.0 0.0 0.0 0.0 0.0 0.0 0.0 0.0 0.0 0.0
0 0.430176 0.736352 0.008789 0.013316 0.427464 0.736667 1.0 0.431715 0.736667 1.0 0.429884 0.739698 1.0 0.428902 0.742016 1.0 0.431388 0.742105 1.0
0 0.400391 0.740346 0.007812 0.015979 0.0 0.0 0.0 0.0 0.0 0.0 0.0 0.0 0.0 0.0 0.0 0.0 0.0 0.0 0.0
0 0.46875 0.742344 0.005859 0.011984 0.0 0.0 0.0 0.0 0.0 0.0 0.0 0.0 0.0 0.0 0.0 0.0 0.0 0.0 0.0
0 0.475098 0.735686 0.006836 0.01731 0.0 0.0 0.0 0.0 0.0 0.0 0.0 0.0 0.0 0.0 0.0 0.0 0.0 0.0 0.0
0 0.542969 0.740346 0.009766 0.015979 0.0 0.0 0.0 0.0 0.0 0.0 0.0 0.0 0.0 0.0 0.0 0.0 0.0 0.0 0.0
0 0.473633 0.816245 0.009766 0.018642 0.0 0.0 0.0 0.0 0.0 0.0 0.0 0.0 0.0 0.0 0.0 0.0 0.0 0.0 0.0
0 0.53125 0.713715 0.005859 0.010652 0.0 0.0 0.0 0.0 0.0 0.0 0.0 0.0 0.0 0.0 0.0 0.0 0.0 0.0 0.0
0 0.519531 0.806258 0.009766 0.01731 0.0 0.0 0.0 0.0 0.0 0.0 0.0 0.0 0.0 0.0 0.0 0.0 0.0 0.0 0.0
0 0.534668 0.761651 0.010742 0.015979 0.0 0.0 0.0 0.0 0.0 0.0 0.0 0.0 0.0 0.0 0.0 0.0 0.0 0.0 0.0
0 0.313477 0.830892 0.011719 0.021305 0.0 0.0 0.0 0.0 0.0 0.0 0.0 0.0 0.0 0.0 0.0 0.0 0.0 0.0 0.0