0 0.06543 0.704412 0.068359 0.094118 0.053771 0.710753 1.0 0.084961 0.691453 1.0 0.075135 0.728125 1.0 0.063172 0.739706 1.0 0.087524 0.723621 1.0
0 0.138184 0.502206 0.03418 0.051471 0.126796 0.502126 1.0 0.140093 0.494249 1.0 0.133554 0.509349 1.0 0.133771 0.519853 1.0 0.144017 0.514272 1.0
0 0.046875 0.521324 0.03125 0.051471 0.0 0.0 0.0 0.0 0.0 0.0 0.0 0.0 0.0 0.0 0.0 0.0 0.0 0.0 0.0
0 0.194336 0.422059 0.033203 0.05 0.184745 0.423044 1.0 0.198914 0.414837 1.0 0.195644 0.430265 1.0 0.192811 0.440441 1.0 0.204581 0.432891 1.0
0 0.171387 0.422059 0.022461 0.044118 0.168091 0.423988 1.0 0.17395 0.420679 1.0 0.17395 0.433915 1.0 0.172119 0.440257 1.0 0.17743 0.436949 1.0
0 0.235352 0.452941 0.035156 0.070588 0.227644 0.449369 1.0 0.227644 0.449816 1.0 0.229126 0.465441 1.0 0.240687 0.476156 1.0 0.240095 0.475709 1.0
0 0.400879 0.4 0.061523 0.102941 0.388711 0.395088 1.0 0.414053 0.382897 1.0 0.406621 0.406603 1.0 0.401992 0.429912 1.0 0.420742 0.419882 1.0
0 0.115723 0.450735 0.012695 0.025 0.0 0.0 0.0 0.0 0.0 0.0 0.0 0.0 0.0 0.0 0.0 0.0 0.0 0.0 0.0
0 0.334961 0.398529 0.03125 0.094118 0.0 0.0 0.0 0.0 0.0 0.0 0.0 0.0 0.0 0.0 0.0 0.0 0.0 0.0 0.0
0 0.335938 0.322059 0.03125 0.05 0.0 0.0 0.0 0.0 0.0 0.0 0.0 0.0 0.0 0.0 0.0 0.0 0.0 0.0 0.0
0 0.37793 0.303676 0.029297 0.042647 0.0 0.0 0.0 0.0 0.0 0.0 0.0 0.0 0.0 0.0 0.0 0.0 0.0 0.0 0.0
0 0.53418 0.164706 0.021484 0.067647 0.534337 0.156526 1.0 0.535187 0.155672 1.0 0.542838 0.165487 1.0 0.538587 0.178716 1.0 0.540287 0.177435 1.0
0 0.612793 0.211765 0.055664 0.082353 0.608202 0.202521 1.0 0.610674 0.197203 1.0 0.625152 0.198266 1.0 0.626918 0.22326 1.0 0.628331 0.219006 1.0
0 0.628906 0.194118 0.044922 0.088235 0.60791 0.203676 1.0 0.615601 0.188787 1.0 0.62146 0.204228 1.0 0.626587 0.224081 1.0 0.628418 0.220772 1.0
0 0.414551 0.372059 0.055664 0.094118 0.388855 0.395693 1.0 0.413574 0.383285 1.0 0.408866 0.401601 1.0 0.399449 0.430554 1.0 0.420244 0.420509 1.0
0 0.731934 0.0875 0.032227 0.045588 0.722237 0.093382 1.0 0.733119 0.084244 1.0 0.729353 0.103781 1.0 0.728725 0.108193 1.0 0.738561 0.101891 1.0
0 0.772461 0.091912 0.021484 0.042647 0.0 0.0 0.0 0.0 0.0 0.0 0.0 0.0 0.0 0.0 0.0 0.0 0.0 0.0 0.0
0 0.851562 0.075 0.041016 0.058824 0.842931 0.069932 1.0 0.858363 0.058903 1.0 0.854439 0.078597 1.0 0.853655 0.09396 1.0 0.865165 0.083719 1.0
0 0.435059 0.264706 0.012695 0.038235 0.0 0.0 0.0 0.0 0.0 0.0 0.0 0.0 0.0 0.0 0.0 0.0 0.0 0.0 0.0
0 0.682617 0.119118 0.007812 0.023529 0.0 0.0 0.0 0.0 0.0 0.0 0.0 0.0 0.0 0.0 0.0 0.0 0.0 0.0 0.0
0 0.786621 0.040441 0.014648 0.022059 0.782584 0.035084 1.0 0.788818 0.031184 1.0 0.787188 0.038406 1.0 0.7869 0.045772 1.0 0.790449 0.04375 1.0
0 0.065918 0.297794 0.010742 0.019118 0.0 0.0 0.0 0.0 0.0 0.0 0.0 0.0 0.0 0.0 0.0 0.0 0.0 0.0 0.0
0 0.010742 0.489706 0.021484 0.035294 0.0 0.0 0.0 0.0 0.0 0.0 0.0 0.0 0.0 0.0 0.0 0.0 0.0 0.0 0.0
0 0.018066 0.558824 0.026367 0.061765 0.0 0.0 0.0 0.0 0.0 0.0 0.0 0.0 0.0 0.0 0.0 0.0 0.0 0.0 0.0
0 0.35791 0.1125 0.018555 0.033824 0.0 0.0 0.0 0.0 0.0 0.0 0.0 0.0 0.0 0.0 0.0 0.0 0.0 0.0 0.0