0 0.893066 0.23871 0.043945 0.087097 0.877472 0.229032 1.0 0.899292 0.227369 1.0 0.885193 0.245665 1.0 0.880493 0.264516 1.0 0.897277 0.262853 1.0
0 0.988281 0.346774 0.023438 0.080645 0.98066 0.331142 1.0 0.997685 0.329608 1.0 0.987161 0.348013 1.0 0.982827 0.360794 1.0 0.997685 0.361305 1.0
0 0.758301 0.512903 0.026367 0.06129 0.757093 0.504968 1.0 0.767164 0.502197 1.0 0.763807 0.514473 1.0 0.757812 0.527145 1.0 0.765965 0.526353 1.0
0 0.807129 0.465323 0.022461 0.053226 0.0 0.0 0.0 0.0 0.0 0.0 0.0 0.0 0.0 0.0 0.0 0.0 0.0 0.0 0.0
0 0.713867 0.447581 0.019531 0.046774 0.713013 0.444052 1.0 0.721252 0.443448 1.0 0.718689 0.452823 1.0 0.714295 0.46371 1.0 0.719055 0.464315 1.0
0 0.758789 0.445968 0.019531 0.05 0.0 0.0 0.0 0.0 0.0 0.0 0.0 0.0 0.0 0.0 0.0 0.0 0.0 0.0 0.0
0 0.701172 0.404839 0.021484 0.045161 0.0 0.0 0.0 0.0 0.0 0.0 0.0 0.0 0.0 0.0 0.0 0.0 0.0 0.0 0.0
0 0.40332 0.474194 0.027344 0.06129 0.400194 0.469823 1.0 0.412184 0.468239 1.0 0.407867 0.482495 1.0 0.401153 0.490019 1.0 0.410266 0.489227 1.0
0 0.425293 0.369355 0.018555 0.045161 0.0 0.0 0.0 0.0 0.0 0.0 0.0 0.0 0.0 0.0 0.0 0.0 0.0 0.0 0.0
0 0.430176 0.251613 0.022461 0.048387 0.433249 0.250497 1.0 0.438873 0.250187 1.0 0.440748 0.260405 1.0 0.433999 0.268765 1.0 0.436812 0.268765 1.0
0 0.31543 0.473387 0.027344 0.059677 0.0 0.0 0.0 0.0 0.0 0.0 0.0 0.0 0.0 0.0 0.0 0.0 0.0 0.0 0.0
0 0.34375 0.424194 0.023438 0.048387 0.0 0.0 0.0 0.0 0.0 0.0 0.0 0.0 0.0 0.0 0.0 0.0 0.0 0.0 0.0
0 0.324707 0.366129 0.020508 0.048387 0.329655 0.368729 1.0 0.332279 0.36749 1.0 0.332654 0.374611 1.0 0.329093 0.381423 1.0 0.33153 0.380494 1.0
0 0.280273 0.370161 0.017578 0.040323 0.0 0.0 0.0 0.0 0.0 0.0 0.0 0.0 0.0 0.0 0.0 0.0 0.0 0.0 0.0
0 0.367676 0.269355 0.020508 0.045161 0.0 0.0 0.0 0.0 0.0 0.0 0.0 0.0 0.0 0.0 0.0 0.0 0.0 0.0 0.0
0 0.220215 0.496774 0.026367 0.048387 0.0 0.0 0.0 0.0 0.0 0.0 0.0 0.0 0.0 0.0 0.0 0.0 0.0 0.0 0.0
0 0.231934 0.417742 0.020508 0.045161 0.233411 0.408669 1.0 0.239489 0.40926 1.0 0.238953 0.418706 1.0 0.234842 0.426973 1.0 0.238416 0.427268 1.0
0 0.185547 0.346774 0.021484 0.041935 0.0 0.0 0.0 0.0 0.0 0.0 0.0 0.0 0.0 0.0 0.0 0.0 0.0 0.0 0.0
0 0.067871 0.300806 0.055664 0.101613 0.058358 0.288335 1.0 0.082293 0.284447 1.0 0.074838 0.305832 1.0 0.065028 0.329161 1.0 0.083077 0.327866 1.0
0 0.152832 0.110484 0.014648 0.033871 0.0 0.0 0.0 0.0 0.0 0.0 0.0 0.0 0.0 0.0 0.0 0.0 0.0 0.0 0.0
0 0.183594 0.178226 0.017578 0.037097 0.0 0.0 0.0 0.0 0.0 0.0 0.0 0.0 0.0 0.0 0.0 0.0 0.0 0.0 0.0
0 0.103516 0.179032 0.017578 0.035484 0.0 0.0 0.0 0.0 0.0 0.0 0.0 0.0 0.0 0.0 0.0 0.0 0.0 0.0 0.0
0 0.115723 0.11371 0.016602 0.027419 0.0 0.0 0.0 0.0 0.0 0.0 0.0 0.0 0.0 0.0 0.0 0.0 0.0 0.0 0.0
0 0.719727 0.309677 0.017578 0.032258 0.0 0.0 0.0 0.0 0.0 0.0 0.0 0.0 0.0 0.0 0.0 0.0 0.0 0.0 0.0
0 0.570801 0.275806 0.055664 0.119355 0.56665 0.257611 1.0 0.589996 0.258368 1.0 0.581757 0.283316 1.0 0.567108 0.304485 1.0 0.585877 0.305998 1.0
0 0.677246 0.499194 0.024414 0.059677 0.676305 0.491647 1.0 0.685826 0.496515 1.0 0.679932 0.505502 1.0 0.671997 0.513365 1.0 0.682426 0.517856 1.0
0 0.797852 0.381452 0.027344 0.024194 0.0 0.0 0.0 0.0 0.0 0.0 0.0 0.0 0.0 0.0 0.0 0.0 0.0 0.0 0.0