0 0.982422 0.821646 0.017578 0.04878 0.979579 0.80986 1.0 0.989585 0.812003 1.0 0.981737 0.815985 1.0 0.978599 0.82854 1.0 0.983896 0.830989 1.0
0 0.942871 0.943598 0.022461 0.051829 0.0 0.0 0.0 0.0 0.0 0.0 0.0 0.0 0.0 0.0 0.0 0.0 0.0 0.0 0.0
0 0.901855 0.905488 0.020508 0.045732 0.897431 0.901213 1.0 0.907179 0.90297 1.0 0.900805 0.908238 1.0 0.896681 0.915261 1.0 0.903992 0.917308 1.0
0 0.908203 0.85061 0.019531 0.042683 0.0 0.0 0.0 0.0 0.0 0.0 0.0 0.0 0.0 0.0 0.0 0.0 0.0 0.0 0.0
0 0.919922 0.778201 0.023438 0.044207 0.916016 0.771723 1.0 0.92627 0.776296 1.0 0.919312 0.784585 1.0 0.914367 0.788015 1.0 0.921875 0.792873 1.0
0 0.846191 0.934451 0.024414 0.045732 0.838466 0.93047 1.0 0.846527 0.930762 1.0 0.84409 0.938663 1.0 0.841653 0.945979 1.0 0.848776 0.945979 1.0
0 0.802246 0.907012 0.020508 0.039634 0.795794 0.898736 1.0 0.806894 0.900288 1.0 0.800598 0.910633 1.0 0.795959 0.915288 1.0 0.805402 0.915805 1.0
0 0.802734 0.810976 0.021484 0.039634 0.795476 0.802155 1.0 0.803863 0.80543 1.0 0.797572 0.813235 1.0 0.79483 0.819277 1.0 0.804024 0.819277 1.0
0 0.795898 0.778201 0.025391 0.050305 0.0 0.0 0.0 0.0 0.0 0.0 0.0 0.0 0.0 0.0 0.0 0.0 0.0 0.0 0.0
0 0.884766 0.749238 0.021484 0.041159 0.0 0.0 0.0 0.0 0.0 0.0 0.0 0.0 0.0 0.0 0.0 0.0 0.0 0.0 0.0
0 0.763672 0.873476 0.021484 0.04878 0.759159 0.867814 1.0 0.76838 0.87057 1.0 0.762299 0.879758 1.0 0.757394 0.884963 1.0 0.765241 0.888332 1.0
0 0.772949 0.717226 0.022461 0.047256 0.765499 0.711713 1.0 0.7757 0.71355 1.0 0.768245 0.720901 1.0 0.764125 0.727637 1.0 0.775896 0.727944 1.0
0 0.723633 0.795732 0.025391 0.045732 0.718201 0.789062 1.0 0.727539 0.790777 1.0 0.722046 0.803925 1.0 0.718384 0.808498 1.0 0.725158 0.812213 1.0
0 0.719238 0.865854 0.018555 0.039634 0.714233 0.862573 1.0 0.723105 0.865848 1.0 0.717137 0.87189 1.0 0.713911 0.87466 1.0 0.720847 0.877178 1.0
0 0.947754 0.610518 0.020508 0.041159 0.0 0.0 0.0 0.0 0.0 0.0 0.0 0.0 0.0 0.0 0.0 0.0 0.0 0.0 0.0
0 0.942871 0.65625 0.022461 0.047256 0.935616 0.650738 1.0 0.945818 0.652575 1.0 0.940129 0.656556 1.0 0.936401 0.667274 1.0 0.94366 0.668194 1.0
0 0.804199 0.666159 0.022461 0.039634 0.797102 0.659102 1.0 0.806941 0.659354 1.0 0.801618 0.669174 1.0 0.799037 0.676727 1.0 0.80807 0.675216 1.0
0 0.894531 0.599848 0.019531 0.041159 0.889562 0.595206 1.0 0.898839 0.595465 1.0 0.89304 0.600637 1.0 0.889064 0.611498 1.0 0.896354 0.612532 1.0
0 0.741211 0.602134 0.027344 0.060976 0.735992 0.591287 1.0 0.747921 0.59245 1.0 0.740217 0.600209 1.0 0.735744 0.614948 1.0 0.745684 0.614561 1.0
0 0.785156 0.605183 0.023438 0.042683 0.77839 0.601372 1.0 0.789899 0.601372 1.0 0.784319 0.609267 1.0 0.77996 0.616616 1.0 0.786063 0.616616 1.0
0 0.785156 0.554116 0.023438 0.044207 0.780151 0.544779 1.0 0.789625 0.545337 1.0 0.783369 0.550639 1.0 0.779794 0.56403 1.0 0.787301 0.56459 1.0
0 0.811035 0.573933 0.022461 0.03811 0.802211 0.571701 1.0 0.813982 0.571945 1.0 0.807233 0.582971 1.0 0.804408 0.589095 1.0 0.812413 0.589831 1.0
0 0.874512 0.533537 0.020508 0.051829 0.870117 0.528093 1.0 0.880371 0.527765 1.0 0.874931 0.532992 1.0 0.870745 0.544425 1.0 0.878697 0.543445 1.0
0 0.930664 0.455793 0.025391 0.054878 0.923906 0.445177 1.0 0.933689 0.447259 1.0 0.926574 0.454547 1.0 0.922572 0.463572 1.0 0.930132 0.466348 1.0
0 0.904785 0.427591 0.024414 0.053354 0.897539 0.422745 1.0 0.907784 0.424448 1.0 0.902117 0.429552 1.0 0.895796 0.437037 1.0 0.907566 0.438738 1.0
0 0.953125 0.372713 0.023438 0.050305 0.945387 0.36863 1.0 0.955222 0.36863 1.0 0.950305 0.376627 1.0 0.945387 0.382704 1.0 0.954197 0.382704 1.0
0 0.980957 0.379573 0.024414 0.051829 0.971496 0.375143 1.0 0.985596 0.375809 1.0 0.97577 0.381145 1.0 0.972352 0.391816 1.0 0.978974 0.391482 1.0
0 0.952148 0.323933 0.021484 0.03811 0.946027 0.32121 1.0 0.957799 0.320966 1.0 0.952619 0.327826 1.0 0.948539 0.33591 1.0 0.957484 0.336155 1.0
0 0.915527 0.316311 0.020508 0.041159 0.0 0.0 0.0 0.0 0.0 0.0 0.0 0.0 0.0 0.0 0.0 0.0 0.0 0.0 0.0
0 0.859863 0.328506 0.022461 0.041159 0.852757 0.316623 1.0 0.860875 0.317142 1.0 0.855076 0.327744 1.0 0.85226 0.335502 1.0 0.860875 0.336277 1.0
0 0.827637 0.375 0.022461 0.051829 0.821289 0.36629 1.0 0.832171 0.368248 1.0 0.825475 0.375108 1.0 0.821708 0.383602 1.0 0.830706 0.383276 1.0
0 0.787109 0.366616 0.023438 0.050305 0.0 0.0 0.0 0.0 0.0 0.0 0.0 0.0 0.0 0.0 0.0 0.0 0.0 0.0 0.0
0 0.753906 0.378811 0.021484 0.047256 0.748025 0.375442 1.0 0.758423 0.376668 1.0 0.75293 0.38218 1.0 0.749398 0.391061 1.0 0.755284 0.391061 1.0
0 0.800781 0.310213 0.023438 0.053354 0.794268 0.306418 1.0 0.805 0.306707 1.0 0.799092 0.314497 1.0 0.795234 0.324924 1.0 0.80335 0.325229 1.0
0 0.776367 0.45503 0.025391 0.050305 0.769653 0.451587 1.0 0.779284 0.452227 1.0 0.773547 0.461503 1.0 0.769858 0.466939 1.0 0.778669 0.468858 1.0
0 0.803223 0.483232 0.024414 0.04878 0.797241 0.479101 1.0 0.808816 0.481857 1.0 0.802538 0.487369 1.0 0.797634 0.49472 1.0 0.806069 0.496556 1.0
0 0.852051 0.458079 0.024414 0.044207 0.845154 0.452744 1.0 0.857056 0.452744 1.0 0.848999 0.458747 1.0 0.84552 0.469322 1.0 0.85376 0.469893 1.0
0 0.991211 0.160823 0.017578 0.053354 0.990771 0.158047 1.0 0.999442 0.160823 1.0 0.994328 0.169152 1.0 0.98877 0.177829 1.0 0.997886 0.179218 1.0
0 0.975586 0.248476 0.023438 0.04878 0.968994 0.245971 1.0 0.980826 0.246284 1.0 0.97481 0.253485 1.0 0.970398 0.261623 1.0 0.979222 0.261311 1.0
0 0.918457 0.189024 0.026367 0.051829 0.912842 0.183261 1.0 0.922882 0.187928 1.0 0.915405 0.195598 1.0 0.909424 0.200267 1.0 0.91925 0.204936 1.0
0 0.898438 0.145579 0.021484 0.044207 0.891724 0.137386 1.0 0.901795 0.137671 1.0 0.895386 0.147104 1.0 0.893555 0.157393 1.0 0.90033 0.157393 1.0
0 0.874023 0.217988 0.023438 0.04878 0.865788 0.215082 1.0 0.875793 0.216919 1.0 0.869908 0.227637 1.0 0.866181 0.231313 1.0 0.876186 0.232845 1.0
0 0.840332 0.189787 0.022461 0.03811 0.834821 0.186329 1.0 0.846278 0.185105 1.0 0.840472 0.19613 1.0 0.836391 0.199314 1.0 0.844552 0.200049 1.0
0 0.784668 0.207317 0.018555 0.033537 0.785802 0.206133 1.0 0.790802 0.202335 1.0 0.790262 0.211197 1.0 0.785396 0.216892 1.0 0.785396 0.216892 1.0
0 0.787109 0.271341 0.021484 0.039634 0.786943 0.26979 1.0 0.794564 0.267721 1.0 0.792908 0.279617 1.0 0.786778 0.285306 1.0 0.794564 0.284012 1.0
0 0.825195 0.125762 0.025391 0.035061 0.0 0.0 0.0 0.0 0.0 0.0 0.0 0.0 0.0 0.0 0.0 0.0 0.0 0.0 0.0
0 0.757812 0.189024 0.017578 0.033537 0.750837 0.179008 1.0 0.759486 0.179008 1.0 0.754883 0.187936 1.0 0.752093 0.196428 1.0 0.758929 0.194904 1.0
0 0.686035 0.16311 0.024414 0.051829 0.67865 0.154678 1.0 0.690186 0.155345 1.0 0.682922 0.162681 1.0 0.680146 0.173018 1.0 0.68634 0.173018 1.0
0 0.708984 0.116616 0.019531 0.041159 0.706286 0.111907 1.0 0.716997 0.113498 1.0 0.712066 0.120665 1.0 0.706286 0.127035 1.0 0.714617 0.128627 1.0
0 0.731934 0.121189 0.020508 0.03811 0.729736 0.115527 1.0 0.738683 0.115282 1.0 0.734602 0.122387 1.0 0.731306 0.130227 1.0 0.736956 0.129982 1.0
0 0.708496 0.25 0.020508 0.042683 0.703757 0.244991 1.0 0.714299 0.246319 1.0 0.709198 0.256139 1.0 0.703757 0.263305 1.0 0.711578 0.263305 1.0
0 0.678223 0.255335 0.024414 0.047256 0.0 0.0 0.0 0.0 0.0 0.0 0.0 0.0 0.0 0.0 0.0 0.0 0.0 0.0 0.0
0 0.689941 0.307927 0.024414 0.045732 0.681018 0.30336 1.0 0.69264 0.300727 1.0 0.685704 0.309506 1.0 0.686267 0.322381 1.0 0.692452 0.319163 1.0
0 0.878418 0.043445 0.02832 0.041159 0.871007 0.038218 1.0 0.882089 0.04073 1.0 0.875297 0.044636 1.0 0.870471 0.051611 1.0 0.88048 0.053285 1.0
0 0.96875 0.085366 0.023438 0.039634 0.961635 0.075797 1.0 0.972734 0.076832 1.0 0.966771 0.083814 1.0 0.963789 0.093383 1.0 0.969256 0.093383 1.0
0 0.94873 0.020579 0.024414 0.041159 0.943534 0.007023 1.0 0.954363 0.007023 1.0 0.948399 0.013883 1.0 0.944005 0.025152 1.0 0.952637 0.024663 1.0
0 0.646484 0.122713 0.025391 0.050305 0.640259 0.118311 1.0 0.649069 0.117351 1.0 0.644562 0.126306 1.0 0.641283 0.134622 1.0 0.650299 0.133663 1.0
0 0.627441 0.204268 0.024414 0.04878 0.623344 0.200198 1.0 0.634173 0.200198 1.0 0.629159 0.207712 1.0 0.623945 0.215538 1.0 0.63317 0.215538 1.0
0 0.570801 0.192835 0.020508 0.044207 0.566467 0.183213 1.0 0.576904 0.185213 1.0 0.571594 0.192073 1.0 0.565734 0.203506 1.0 0.575256 0.204363 1.0
0 0.542969 0.237805 0.023438 0.04878 0.535906 0.230305 1.0 0.544931 0.230611 1.0 0.539634 0.241329 1.0 0.53571 0.24868 1.0 0.544734 0.24868 1.0
0 0.603027 0.251524 0.020508 0.042683 0.0 0.0 0.0 0.0 0.0 0.0 0.0 0.0 0.0 0.0 0.0 0.0 0.0 0.0 0.0
0 0.518066 0.324695 0.024414 0.042683 0.512312 0.321157 1.0 0.522601 0.320884 1.0 0.516846 0.327689 1.0 0.513532 0.339122 1.0 0.522252 0.339395 1.0
0 0.630371 0.288872 0.022461 0.044207 0.623937 0.28093 1.0 0.635376 0.28093 1.0 0.629478 0.290695 1.0 0.626438 0.299625 1.0 0.63341 0.299625 1.0
0 0.62207 0.072409 0.021484 0.044207 0.615479 0.068788 1.0 0.624084 0.069073 1.0 0.618592 0.077363 1.0 0.616395 0.084794 1.0 0.623352 0.084794 1.0
0 0.560547 0.108994 0.025391 0.047256 0.556327 0.103441 1.0 0.568028 0.103441 1.0 0.562465 0.113023 1.0 0.558053 0.121107 1.0 0.567069 0.120808 1.0
0 0.503418 0.116616 0.024414 0.044207 0.498509 0.112581 1.0 0.509591 0.111186 1.0 0.506195 0.117881 1.0 0.50119 0.128764 1.0 0.508697 0.126811 1.0
0 0.702637 0.037348 0.022461 0.050305 0.698334 0.025909 1.0 0.708988 0.026227 1.0 0.703047 0.037742 1.0 0.698129 0.046058 1.0 0.707555 0.046698 1.0
0 0.762207 0.014482 0.020508 0.028963 0.755571 0.006098 1.0 0.764465 0.006302 1.0 0.757533 0.01896 1.0 0.756226 0.024268 1.0 0.760934 0.024268 1.0
0 0.727051 0.012195 0.022461 0.02439 0.0 0.0 0.0 0.0 0.0 0.0 0.0 0.0 0.0 0.0 0.0 0.0 0.0 0.0 0.0
0 0.984863 0.703506 0.024414 0.041159 0.98141 0.697055 1.0 0.99102 0.698348 1.0 0.985552 0.708433 1.0 0.980251 0.71102 1.0 0.990025 0.713864 1.0
0 0.880859 0.670732 0.019531 0.030488 0.0 0.0 0.0 0.0 0.0 0.0 0.0 0.0 0.0 0.0 0.0 0.0 0.0 0.0 0.0
0 0.705566 0.50686 0.024414 0.053354 0.698539 0.500312 1.0 0.709438 0.500654 1.0 0.703553 0.511541 1.0 0.699192 0.521069 1.0 0.708784 0.521069 1.0
0 0.697754 0.421494 0.022461 0.053354 0.692139 0.413966 1.0 0.703033 0.415302 1.0 0.697479 0.422303 1.0 0.692353 0.43164 1.0 0.700256 0.431974 1.0
0 0.661133 0.426067 0.021484 0.047256 0.0 0.0 0.0 0.0 0.0 0.0 0.0 0.0 0.0 0.0 0.0 0.0 0.0 0.0 0.0
0 0.63623 0.419207 0.020508 0.042683 0.0 0.0 0.0 0.0 0.0 0.0 0.0 0.0 0.0 0.0 0.0 0.0 0.0 0.0 0.0
0 0.580078 0.45122 0.023438 0.042683 0.575056 0.443706 1.0 0.585519 0.444523 1.0 0.580636 0.453779 1.0 0.5768 0.460584 1.0 0.583427 0.460855 1.0
0 0.620605 0.538872 0.024414 0.044207 0.616315 0.537756 1.0 0.626146 0.536361 1.0 0.620963 0.545848 1.0 0.617745 0.552265 1.0 0.624538 0.551428 1.0
0 0.591309 0.542683 0.024414 0.042683 0.586352 0.535782 1.0 0.597255 0.536619 1.0 0.591178 0.543595 1.0 0.586352 0.551965 1.0 0.594574 0.552244 1.0
0 0.589355 0.506098 0.024414 0.042683 0.581368 0.498857 1.0 0.593575 0.497495 1.0 0.588344 0.505934 1.0 0.584682 0.514918 1.0 0.593401 0.514101 1.0
0 0.675293 0.840701 0.026367 0.059451 0.668945 0.831174 1.0 0.681396 0.83003 1.0 0.675537 0.841082 1.0 0.670898 0.851753 1.0 0.680176 0.851753 1.0
0 0.673828 0.771341 0.021484 0.039634 0.666883 0.768817 1.0 0.678175 0.770076 1.0 0.672045 0.775111 1.0 0.668496 0.779392 1.0 0.675271 0.779896 1.0
0 0.706055 0.70122 0.025391 0.04878 0.700038 0.686506 1.0 0.712472 0.68682 1.0 0.705653 0.698088 1.0 0.699838 0.70529 1.0 0.711269 0.704663 1.0
0 0.679688 0.670732 0.023438 0.051829 0.674988 0.663966 1.0 0.685669 0.667636 1.0 0.679047 0.675639 1.0 0.673065 0.678973 1.0 0.681824 0.684642 1.0
0 0.61084 0.713415 0.022461 0.051829 0.607422 0.706983 1.0 0.615967 0.705649 1.0 0.611908 0.716654 1.0 0.608917 0.725991 1.0 0.615967 0.725991 1.0
0 0.624512 0.780488 0.022461 0.04878 0.619611 0.777889 1.0 0.628439 0.777276 1.0 0.623535 0.784931 1.0 0.620789 0.793506 1.0 0.629617 0.794119 1.0
0 0.584961 0.79497 0.021484 0.047256 0.581233 0.789463 1.0 0.591043 0.790995 1.0 0.584372 0.80202 1.0 0.578879 0.807532 1.0 0.589669 0.808758 1.0
0 0.601074 0.882622 0.018555 0.039634 0.0 0.0 0.0 0.0 0.0 0.0 0.0 0.0 0.0 0.0 0.0 0.0 0.0 0.0 0.0
0 0.509277 0.747713 0.024414 0.041159 0.50449 0.743358 1.0 0.514928 0.742323 1.0 0.509461 0.750599 1.0 0.503993 0.759392 1.0 0.5141 0.758357 1.0
0 0.416504 0.814787 0.020508 0.03811 0.414979 0.808021 1.0 0.423523 0.808261 1.0 0.419098 0.815405 1.0 0.415283 0.823505 1.0 0.422912 0.823027 1.0
0 0.416504 0.721037 0.026367 0.04878 0.411918 0.713878 1.0 0.419939 0.712939 1.0 0.416932 0.722643 1.0 0.41292 0.732034 1.0 0.421944 0.731095 1.0
0 0.462402 0.707317 0.026367 0.039634 0.459045 0.700184 1.0 0.470947 0.703636 1.0 0.463636 0.710537 1.0 0.457855 0.715845 1.0 0.464316 0.718498 1.0
0 0.39502 0.65625 0.022461 0.041159 0.392173 0.646764 1.0 0.401524 0.646233 1.0 0.397273 0.65446 1.0 0.393363 0.665341 1.0 0.400164 0.6672 1.0
0 0.41748 0.643293 0.020508 0.033537 0.413714 0.64155 1.0 0.422084 0.641114 1.0 0.418597 0.64939 1.0 0.416085 0.654834 1.0 0.420131 0.655052 1.0
0 0.372559 0.601372 0.022461 0.044207 0.369141 0.59232 1.0 0.378662 0.59175 1.0 0.373535 0.600896 1.0 0.369873 0.610613 1.0 0.377014 0.610613 1.0
0 0.487305 0.601372 0.023438 0.050305 0.0 0.0 0.0 0.0 0.0 0.0 0.0 0.0 0.0 0.0 0.0 0.0 0.0 0.0 0.0
0 0.588379 0.676067 0.024414 0.044207 0.582642 0.665872 1.0 0.593811 0.667302 1.0 0.588318 0.673018 1.0 0.580811 0.682165 1.0 0.590516 0.686166 1.0
0 0.687012 0.577744 0.018555 0.030488 0.68338 0.568299 1.0 0.691978 0.569285 1.0 0.688058 0.576785 1.0 0.682621 0.584877 1.0 0.690334 0.584678 1.0
0 0.722168 0.583841 0.016602 0.036585 0.0 0.0 0.0 0.0 0.0 0.0 0.0 0.0 0.0 0.0 0.0 0.0 0.0 0.0 0.0
0 0.709473 0.621951 0.022461 0.045732 0.704298 0.613581 1.0 0.714233 0.614459 1.0 0.708984 0.621482 1.0 0.703735 0.632017 1.0 0.714046 0.631724 1.0
0 0.540039 0.705793 0.021484 0.039634 0.0 0.0 0.0 0.0 0.0 0.0 0.0 0.0 0.0 0.0 0.0 0.0 0.0 0.0 0.0
0 0.457031 0.646341 0.025391 0.039634 0.0 0.0 0.0 0.0 0.0 0.0 0.0 0.0 0.0 0.0 0.0 0.0 0.0 0.0 0.0
0 0.461426 0.907774 0.022461 0.041159 0.45813 0.897703 1.0 0.467241 0.897444 1.0 0.46426 0.903392 1.0 0.459952 0.911925 1.0 0.467738 0.911149 1.0
0 0.546875 0.432165 0.021484 0.050305 0.541674 0.427762 1.0 0.553354 0.426482 1.0 0.547206 0.436078 1.0 0.542084 0.444073 1.0 0.552943 0.443434 1.0
0 0.609375 0.374238 0.021484 0.047256 0.603027 0.365691 1.0 0.613386 0.364194 1.0 0.607439 0.371979 1.0 0.604754 0.383956 1.0 0.611468 0.383657 1.0
0 0.562988 0.299543 0.024414 0.044207 0.557853 0.29173 1.0 0.569649 0.292009 1.0 0.56393 0.300659 1.0 0.559104 0.308192 1.0 0.569113 0.308192 1.0
0 0.467285 0.318598 0.022461 0.04878 0.461796 0.31661 1.0 0.472194 0.31416 1.0 0.467682 0.324573 1.0 0.462777 0.331003 1.0 0.472979 0.330085 1.0
0 0.410645 0.376524 0.026367 0.042683 0.404127 0.378552 1.0 0.414137 0.377994 1.0 0.408417 0.38804 1.0 0.405378 0.392782 1.0 0.413958 0.391666 1.0
0 0.42334 0.43064 0.022461 0.047256 0.0 0.0 0.0 0.0 0.0 0.0 0.0 0.0 0.0 0.0 0.0 0.0 0.0 0.0 0.0
0 0.432129 0.48628 0.022461 0.039634 0.427935 0.479727 1.0 0.437774 0.479224 1.0 0.433258 0.487029 1.0 0.429548 0.494582 1.0 0.436807 0.495087 1.0
0 0.483398 0.472561 0.023438 0.051829 0.477355 0.471799 1.0 0.488892 0.470465 1.0 0.483551 0.477468 1.0 0.480773 0.488805 1.0 0.490387 0.486137 1.0
0 0.534668 0.501524 0.022461 0.04878 0.529366 0.494366 1.0 0.539394 0.495617 1.0 0.533778 0.50407 1.0 0.529969 0.512835 1.0 0.537188 0.513148 1.0
0 0.506348 0.389482 0.022461 0.044207 0.501438 0.384889 1.0 0.511448 0.38461 1.0 0.507694 0.394654 1.0 0.501617 0.399956 1.0 0.51127 0.399677 1.0
0 0.351074 0.381098 0.022461 0.04878 0.347264 0.373939 1.0 0.357491 0.373625 1.0 0.352479 0.383017 1.0 0.347264 0.394287 1.0 0.356489 0.39366 1.0
0 0.427246 0.282012 0.022461 0.04878 0.422032 0.277983 1.0 0.43206 0.275479 1.0 0.427647 0.282053 1.0 0.42524 0.295201 1.0 0.431858 0.293636 1.0
0 0.380859 0.335366 0.021484 0.045732 0.377746 0.331677 1.0 0.385995 0.331677 1.0 0.383183 0.337823 1.0 0.378871 0.348649 1.0 0.384308 0.349235 1.0
0 0.391602 0.250762 0.023438 0.047256 0.386112 0.243726 1.0 0.397491 0.243726 1.0 0.39141 0.249238 1.0 0.387094 0.265162 1.0 0.395333 0.26455 1.0
0 0.468262 0.221037 0.024414 0.042683 0.463937 0.215157 1.0 0.475272 0.215157 1.0 0.469169 0.224412 1.0 0.463937 0.230945 1.0 0.474749 0.230945 1.0
0 0.501465 0.227896 0.020508 0.041159 0.496726 0.221793 1.0 0.508628 0.221261 1.0 0.503527 0.231878 1.0 0.497406 0.238777 1.0 0.506077 0.238512 1.0
0 0.98584 0.496951 0.022461 0.04878 0.0 0.0 0.0 0.0 0.0 0.0 0.0 0.0 0.0 0.0 0.0 0.0 0.0 0.0 0.0
0 0.600098 0.032774 0.020508 0.044207 0.594783 0.029297 1.0 0.604078 0.029576 1.0 0.599609 0.037947 1.0 0.596213 0.047991 1.0 0.603363 0.047991 1.0
0 0.558594 0.023628 0.023438 0.044207 0.551361 0.01572 1.0 0.562195 0.015482 1.0 0.556701 0.024771 1.0 0.55365 0.032869 1.0 0.562348 0.032155 1.0
0 0.508301 0.022104 0.024414 0.041159 0.504359 0.018075 1.0 0.514562 0.02028 1.0 0.508754 0.02861 1.0 0.503731 0.034489 1.0 0.50483 0.034489 1.0
0 0.462891 0.056402 0.023438 0.042683 0.456861 0.046712 1.0 0.470268 0.045596 1.0 0.464011 0.060105 1.0 0.457755 0.068755 1.0 0.46973 0.067918 1.0
0 0.470703 0.029726 0.021484 0.044207 0.0 0.0 0.0 0.0 0.0 0.0 0.0 0.0 0.0 0.0 0.0 0.0 0.0 0.0 0.0
0 0.44043 0.02439 0.019531 0.039634 0.434762 0.014822 1.0 0.446703 0.015047 1.0 0.440948 0.023581 1.0 0.43505 0.030543 1.0 0.446415 0.031441 1.0
0 0.40625 0.130335 0.021484 0.044207 0.402675 0.121556 1.0 0.412506 0.120998 1.0 0.408573 0.133555 1.0 0.40339 0.139692 1.0 0.412327 0.139413 1.0
0 0.416504 0.214177 0.022461 0.047256 0.413173 0.212951 1.0 0.422394 0.213258 1.0 0.417686 0.223364 1.0 0.414154 0.230101 1.0 0.420628 0.230101 1.0
0 0.308594 0.051067 0.023438 0.044207 0.30426 0.048018 1.0 0.314148 0.045732 1.0 0.30957 0.053448 1.0 0.305359 0.062595 1.0 0.313232 0.061738 1.0
0 0.268555 0.134909 0.021484 0.047256 0.259892 0.129872 1.0 0.269266 0.129872 1.0 0.263079 0.138944 1.0 0.261579 0.145674 1.0 0.270016 0.145383 1.0
0 0.232422 0.125 0.023438 0.045732 0.230359 0.121896 1.0 0.240295 0.125409 1.0 0.237296 0.13448 1.0 0.229235 0.138284 1.0 0.238233 0.142381 1.0
0 0.224121 0.178354 0.022461 0.04878 0.220912 0.172405 1.0 0.230939 0.173032 1.0 0.225726 0.184927 1.0 0.220712 0.189936 1.0 0.230538 0.189311 1.0
0 0.352051 0.202744 0.022461 0.04878 0.34824 0.194605 1.0 0.358067 0.194918 1.0 0.353855 0.201492 1.0 0.348842 0.213701 1.0 0.356062 0.213701 1.0
0 0.294922 0.220274 0.023438 0.047256 0.290021 0.212625 1.0 0.300956 0.212625 1.0 0.295585 0.219213 1.0 0.291173 0.229694 1.0 0.299421 0.228495 1.0
0 0.34082 0.253049 0.027344 0.04878 0.336562 0.244512 1.0 0.348936 0.245335 1.0 0.343662 0.25282 1.0 0.33748 0.263171 1.0 0.347451 0.263857 1.0
0 0.399902 0.012957 0.018555 0.025915 0.0 0.0 0.0 0.0 0.0 0.0 0.0 0.0 0.0 0.0 0.0 0.0 0.0 0.0 0.0
0 0.330566 0.010671 0.016602 0.021341 0.326678 -0.000558 1.0 0.336766 -0.000558 1.0 0.332005 -0.000381 1.0 0.327925 0.004573 1.0 0.335405 0.005104 1.0
0 0.239746 0.076982 0.020508 0.047256 0.235884 0.076921 1.0 0.244694 0.077799 1.0 0.240195 0.086578 1.0 0.244319 0.091552 1.0 0.244882 0.090966 1.0
0 0.265137 0.256098 0.022461 0.045732 0.260149 0.246849 1.0 0.272896 0.246556 1.0 0.265961 0.253872 1.0 0.259587 0.263529 1.0 0.271397 0.263822 1.0
0 0.816406 0.983994 0.023438 0.032012 0.811663 0.986131 1.0 0.821742 0.987518 1.0 0.815369 0.996311 1.0 0.812256 1.003485 1.0 0.81863 1.003716 1.0
0 0.77832 0.95503 0.025391 0.035061 0.771877 0.94523 1.0 0.782148 0.947041 1.0 0.774693 0.95273 1.0 0.771877 0.957643 1.0 0.778172 0.958419 1.0
0 0.723145 0.952744 0.020508 0.036585 0.716579 0.944183 1.0 0.72488 0.945108 1.0 0.718506 0.95552 1.0 0.716579 0.961537 1.0 0.723842 0.961998 1.0
0 0.703125 0.967226 0.023438 0.03811 0.696342 0.966709 1.0 0.707171 0.968424 1.0 0.701991 0.975038 1.0 0.697283 0.975038 1.0 0.706072 0.975527 1.0
0 0.407227 0.48247 0.025391 0.053354 0.40107 0.477284 1.0 0.413496 0.477284 1.0 0.407393 0.486471 1.0 0.40216 0.495319 1.0 0.411316 0.494977 1.0
0 0.358398 0.471799 0.021484 0.044207 0.0 0.0 0.0 0.0 0.0 0.0 0.0 0.0 0.0 0.0 0.0 0.0 0.0 0.0 0.0
0 0.313965 0.51753 0.022461 0.053354 0.309287 0.509558 1.0 0.319258 0.509177 1.0 0.315049 0.516585 1.0 0.310527 0.527942 1.0 0.319414 0.527591 1.0
0 0.309082 0.446646 0.024414 0.051829 0.30426 0.438215 1.0 0.315155 0.436881 1.0 0.309814 0.443884 1.0 0.307037 0.458889 1.0 0.315155 0.458223 1.0
0 0.334961 0.612043 0.021484 0.041159 0.0 0.0 0.0 0.0 0.0 0.0 0.0 0.0 0.0 0.0 0.0 0.0 0.0 0.0 0.0
0 0.300781 0.617378 0.021484 0.036585 0.298126 0.61614 1.0 0.307892 0.614948 1.0 0.303467 0.626858 1.0 0.297211 0.632098 1.0 0.30484 0.631622 1.0
0 0.279785 0.484756 0.024414 0.054878 0.274763 0.478985 1.0 0.286098 0.478277 1.0 0.280431 0.48677 1.0 0.276576 0.497387 1.0 0.285645 0.496678 1.0
0 0.262207 0.536585 0.024414 0.04878 0.260445 0.530617 1.0 0.271432 0.530311 1.0 0.267116 0.54011 1.0 0.259661 0.549297 1.0 0.268882 0.549297 1.0
0 0.322266 0.72561 0.023438 0.051829 0.0 0.0 0.0 0.0 0.0 0.0 0.0 0.0 0.0 0.0 0.0 0.0 0.0 0.0 0.0
0 0.57373 0.971037 0.018555 0.039634 0.0 0.0 0.0 0.0 0.0 0.0 0.0 0.0 0.0 0.0 0.0 0.0 0.0 0.0 0.0
0 0.283203 0.879573 0.023438 0.030488 0.0 0.0 0.0 0.0 0.0 0.0 0.0 0.0 0.0 0.0 0.0 0.0 0.0 0.0 0.0
0 0.208984 0.911585 0.021484 0.042683 0.207415 0.906523 1.0 0.217354 0.904345 1.0 0.216657 0.911694 1.0 0.211426 0.924488 1.0 0.218925 0.921767 1.0
0 0.277344 0.921494 0.015625 0.041159 0.0 0.0 0.0 0.0 0.0 0.0 0.0 0.0 0.0 0.0 0.0 0.0 0.0 0.0 0.0
0 0.272949 0.824695 0.022461 0.04878 0.269365 0.820625 1.0 0.280195 0.821252 1.0 0.275182 0.832209 1.0 0.269767 0.838155 1.0 0.277788 0.840034 1.0
0 0.234863 0.846799 0.022461 0.044207 0.0 0.0 0.0 0.0 0.0 0.0 0.0 0.0 0.0 0.0 0.0 0.0 0.0 0.0 0.0
0 0.070312 0.884146 0.021484 0.042683 0.067731 0.881152 1.0 0.077323 0.878974 1.0 0.075404 0.887413 1.0 0.07087 0.898302 1.0 0.077672 0.895852 1.0
0 0.16748 0.753049 0.022461 0.04878 0.162184 0.752593 1.0 0.173954 0.747081 1.0 0.169246 0.755043 1.0 0.165519 0.765149 1.0 0.174739 0.761168 1.0
0 0.065918 0.780488 0.018555 0.039634 0.064462 0.781739 1.0 0.072688 0.777712 1.0 0.070914 0.78602 1.0 0.065914 0.793323 1.0 0.072688 0.790302 1.0
0 0.195312 0.941311 0.013672 0.028963 0.0 0.0 0.0 0.0 0.0 0.0 0.0 0.0 0.0 0.0 0.0 0.0 0.0 0.0 0.0
0 0.13623 0.903963 0.02832 0.042683 0.0 0.0 0.0 0.0 0.0 0.0 0.0 0.0 0.0 0.0 0.0 0.0 0.0 0.0 0.0
0 0.274902 0.660061 0.024414 0.045732 0.271863 0.651983 1.0 0.280675 0.649642 1.0 0.278425 0.660762 1.0 0.272051 0.669541 1.0 0.282361 0.666614 1.0
0 0.231934 0.703506 0.026367 0.047256 0.228211 0.70075 1.0 0.238412 0.696768 1.0 0.235077 0.70228 1.0 0.232134 0.713918 1.0 0.238412 0.711774 1.0
0 0.175293 0.714939 0.022461 0.04878 0.172599 0.711495 1.0 0.181623 0.708991 1.0 0.179417 0.720573 1.0 0.175606 0.729965 1.0 0.182826 0.725896 1.0
0 0.188965 0.66311 0.024414 0.042683 0.0 0.0 0.0 0.0 0.0 0.0 0.0 0.0 0.0 0.0 0.0 0.0 0.0 0.0 0.0
0 0.233887 0.574695 0.022461 0.051829 0.227569 0.568598 1.0 0.235474 0.569265 1.0 0.230133 0.578601 1.0 0.22586 0.585938 1.0 0.236542 0.587271 1.0
0 0.169434 0.571646 0.022461 0.04878 0.165336 0.569183 1.0 0.176566 0.569183 1.0 0.171953 0.575131 1.0 0.166338 0.582331 1.0 0.175162 0.582331 1.0
0 0.226074 0.518293 0.026367 0.033537 0.0 0.0 0.0 0.0 0.0 0.0 0.0 0.0 0.0 0.0 0.0 0.0 0.0 0.0 0.0
0 0.15332 0.473323 0.025391 0.03811 0.151542 0.468532 1.0 0.161543 0.467273 1.0 0.157994 0.480114 1.0 0.152993 0.487418 1.0 0.162026 0.487418 1.0
0 0.063477 0.650915 0.023438 0.042683 0.059326 0.64313 1.0 0.070312 0.640407 1.0 0.066999 0.64939 1.0 0.062291 0.66164 1.0 0.069789 0.658645 1.0
0 0.089355 0.61128 0.024414 0.039634 0.086452 0.602965 1.0 0.095162 0.601454 1.0 0.090969 0.612785 1.0 0.087581 0.621095 1.0 0.096292 0.619835 1.0
0 0.085449 0.553354 0.022461 0.036585 0.081596 0.547665 1.0 0.09123 0.546508 1.0 0.087969 0.557383 1.0 0.082188 0.564555 1.0 0.091972 0.563398 1.0
0 0.03125 0.581555 0.023438 0.047256 0.028016 0.576043 1.0 0.038413 0.570837 1.0 0.035862 0.58278 1.0 0.031154 0.593192 1.0 0.041355 0.586454 1.0
0 0.009766 0.846799 0.017578 0.044207 0.005188 0.842607 1.0 0.015991 0.841463 1.0 0.012329 0.851466 1.0 0.00702 0.858041 1.0 0.014344 0.858326 1.0
0 0.03125 0.405488 0.021484 0.04878 0.027152 0.398329 1.0 0.038383 0.397076 1.0 0.033971 0.405529 1.0 0.027954 0.413668 1.0 0.03758 0.414294 1.0
0 0.035645 0.494665 0.024414 0.044207 0.033469 0.487349 1.0 0.043029 0.4853 1.0 0.039468 0.497299 1.0 0.032906 0.504614 1.0 0.042655 0.503151 1.0
0 0.066895 0.455793 0.020508 0.042683 0.064977 0.445544 1.0 0.070696 0.444149 1.0 0.069803 0.45252 1.0 0.066049 0.467029 1.0 0.073198 0.466191 1.0
0 0.080078 0.41997 0.021484 0.03811 0.074523 0.418445 1.0 0.084747 0.41654 1.0 0.081391 0.425829 1.0 0.079406 0.433689 1.0 0.083832 0.432259 1.0
0 0.070312 0.365854 0.017578 0.036585 0.064531 0.363078 1.0 0.07476 0.36539 1.0 0.069571 0.371407 1.0 0.067052 0.375572 1.0 0.073129 0.37696 1.0
0 0.04248 0.3125 0.022461 0.036585 0.0 0.0 0.0 0.0 0.0 0.0 0.0 0.0 0.0 0.0 0.0 0.0 0.0 0.0 0.0
0 0.117188 0.344512 0.023438 0.045732 0.114136 0.329555 1.0 0.125305 0.329555 1.0 0.120728 0.34013 1.0 0.11377 0.350134 1.0 0.122925 0.350704 1.0
0 0.152832 0.326982 0.026367 0.047256 0.147723 0.313643 1.0 0.159615 0.314242 1.0 0.154053 0.32113 1.0 0.147914 0.334305 1.0 0.158081 0.335502 1.0
0 0.192871 0.33003 0.024414 0.056402 0.188203 0.32003 1.0 0.199219 0.318049 1.0 0.196299 0.325259 1.0 0.191895 0.341418 1.0 0.201367 0.33968 1.0
0 0.172363 0.394817 0.022461 0.042683 0.168388 0.388665 1.0 0.179723 0.386759 1.0 0.174316 0.398736 1.0 0.169434 0.406631 1.0 0.178502 0.406087 1.0
0 0.115234 0.418445 0.021484 0.041159 0.110983 0.414198 1.0 0.119995 0.414198 1.0 0.115574 0.422427 1.0 0.110983 0.429326 1.0 0.118805 0.429858 1.0
0 0.141602 0.504573 0.021484 0.036585 0.140045 0.502858 1.0 0.146454 0.500953 1.0 0.144623 0.509052 1.0 0.142639 0.515959 1.0 0.146606 0.515006 1.0
0 0.222168 0.435213 0.024414 0.047256 0.215925 0.423672 1.0 0.228202 0.423971 1.0 0.223981 0.431457 1.0 0.218227 0.441937 1.0 0.227818 0.441937 1.0
0 0.255371 0.375762 0.020508 0.044207 0.250593 0.365867 1.0 0.26096 0.365867 1.0 0.257206 0.372843 1.0 0.254347 0.385677 1.0 0.258637 0.385398 1.0
0 0.321289 0.342226 0.021484 0.035061 0.0 0.0 0.0 0.0 0.0 0.0 0.0 0.0 0.0 0.0 0.0 0.0 0.0 0.0 0.0
0 0.334473 0.946646 0.014648 0.036585 0.0 0.0 0.0 0.0 0.0 0.0 0.0 0.0 0.0 0.0 0.0 0.0 0.0 0.0 0.0
0 0.109375 0.157774 0.025391 0.053354 0.103332 0.15625 1.0 0.114228 0.153248 1.0 0.110168 0.163253 1.0 0.106109 0.173924 1.0 0.115295 0.169588 1.0
0 0.080078 0.264482 0.021484 0.044207 0.077267 0.259459 1.0 0.086203 0.258622 1.0 0.08245 0.268668 1.0 0.077088 0.275363 1.0 0.086382 0.275363 1.0
0 0.087402 0.217988 0.024414 0.042683 0.082314 0.216389 1.0 0.094827 0.214436 1.0 0.089107 0.225038 1.0 0.085175 0.232014 1.0 0.092503 0.23034 1.0
0 0.191406 0.23628 0.025391 0.04878 0.189715 0.229747 1.0 0.199742 0.230686 1.0 0.194729 0.238826 1.0 0.187709 0.245399 1.0 0.197937 0.246026 1.0
0 0.15625 0.28125 0.021484 0.041159 0.151114 0.277902 1.0 0.161717 0.276351 1.0 0.157244 0.285401 1.0 0.154262 0.292384 1.0 0.162049 0.291866 1.0
0 0.186035 0.041921 0.020508 0.03811 0.180036 0.038709 1.0 0.191022 0.034788 1.0 0.186628 0.043363 1.0 0.182861 0.051694 1.0 0.191022 0.050223 1.0
0 0.120605 0.10061 0.026367 0.057927 0.116395 0.089027 1.0 0.126792 0.087584 1.0 0.122863 0.097323 1.0 0.116625 0.110308 1.0 0.127485 0.109585 1.0
0 0.148926 0.075457 0.018555 0.035061 0.0 0.0 0.0 0.0 0.0 0.0 0.0 0.0 0.0 0.0 0.0 0.0 0.0 0.0 0.0
0 0.316895 0.166159 0.020508 0.036585 0.0 0.0 0.0 0.0 0.0 0.0 0.0 0.0 0.0 0.0 0.0 0.0 0.0 0.0 0.0
0 0.030273 0.237805 0.021484 0.054878 0.026716 0.231006 1.0 0.036722 0.229965 1.0 0.033164 0.235866 1.0 0.028272 0.249748 1.0 0.03761 0.249401 1.0
0 0.040527 0.185976 0.024414 0.045732 0.035165 0.183165 1.0 0.046788 0.182287 1.0 0.041164 0.189602 1.0 0.034228 0.197503 1.0 0.046601 0.196334 1.0
0 0.039062 0.126524 0.025391 0.04878 0.03622 0.116881 1.0 0.048188 0.114738 1.0 0.045833 0.124843 1.0 0.03622 0.134643 1.0 0.047991 0.133724 1.0
0 0.033203 0.007622 0.015625 0.015244 0.0 0.0 0.0 0.0 0.0 0.0 0.0 0.0 0.0 0.0 0.0 0.0 0.0 0.0 0.0
0 0.015625 0.011433 0.017578 0.022866 0.0 0.0 0.0 0.0 0.0 0.0 0.0 0.0 0.0 0.0 0.0 0.0 0.0 0.0 0.0
0 0.010742 0.735518 0.019531 0.053354 0.0 0.0 0.0 0.0 0.0 0.0 0.0 0.0 0.0 0.0 0.0 0.0 0.0 0.0 0.0
0 0.52002 0.186738 0.024414 0.050305 0.514204 0.183614 1.0 0.525474 0.183614 1.0 0.519941 0.188732 1.0 0.514204 0.196409 1.0 0.523425 0.197367 1.0
0 0.350586 0.734756 0.017578 0.033537 0.0 0.0 0.0 0.0 0.0 0.0 0.0 0.0 0.0 0.0 0.0 0.0 0.0 0.0 0.0
0 0.365723 0.721799 0.018555 0.032012 0.0 0.0 0.0 0.0 0.0 0.0 0.0 0.0 0.0 0.0 0.0 0.0 0.0 0.0 0.0
0 0.024902 0.36814 0.024414 0.050305 0.021545 0.358864 1.0 0.030971 0.358864 1.0 0.028103 0.366541 1.0 0.023185 0.375817 1.0 0.031176 0.374857 1.0
0 0.337402 0.123476 0.020508 0.042683 0.0 0.0 0.0 0.0 0.0 0.0 0.0 0.0 0.0 0.0 0.0 0.0 0.0 0.0 0.0
0 0.402344 0.864329 0.023438 0.042683 0.0 0.0 0.0 0.0 0.0 0.0 0.0 0.0 0.0 0.0 0.0 0.0 0.0 0.0 0.0
0 0.423828 0.865091 0.019531 0.035061 0.417441 0.854584 1.0 0.425066 0.854808 1.0 0.420318 0.865364 1.0 0.418017 0.870305 1.0 0.423483 0.871427 1.0
0 0.967773 0.990091 0.023438 0.019817 0.0 0.0 0.0 0.0 0.0 0.0 0.0 0.0 0.0 0.0 0.0 0.0 0.0 0.0 0.0
0 0.992676 0.88186 0.014648 0.041159 0.990043 0.878675 1.0 0.997863 0.877613 1.0 0.992933 0.888761 1.0 0.993443 0.895395 1.0 0.999054 0.895662 1.0