0 0.04248 0.286385 0.032227 0.042254 0.0 0.0 0.0 0.0 0.0 0.0 0.0 0.0 0.0 0.0 0.0 0.0 0.0 0.0 0.0
0 0.069336 0.122653 0.015625 0.0223 0.0 0.0 0.0 0.0 0.0 0.0 0.0 0.0 0.0 0.0 0.0 0.0 0.0 0.0 0.0
0 0.070801 0.084507 0.016602 0.021127 0.0 0.0 0.0 0.0 0.0 0.0 0.0 0.0 0.0 0.0 0.0 0.0 0.0 0.0 0.0
0 0.09375 0.024061 0.015625 0.017606 0.0 0.0 0.0 0.0 0.0 0.0 0.0 0.0 0.0 0.0 0.0 0.0 0.0 0.0 0.0
0 0.231934 0.008803 0.012695 0.015258 0.0 0.0 0.0 0.0 0.0 0.0 0.0 0.0 0.0 0.0 0.0 0.0 0.0 0.0 0.0
0 0.263672 0.15493 0.013672 0.023474 0.0 0.0 0.0 0.0 0.0 0.0 0.0 0.0 0.0 0.0 0.0 0.0 0.0 0.0 0.0
0 0.365723 0.09331 0.014648 0.026995 0.0 0.0 0.0 0.0 0.0 0.0 0.0 0.0 0.0 0.0 0.0 0.0 0.0 0.0 0.0
0 0.200684 0.125587 0.014648 0.021127 0.0 0.0 0.0 0.0 0.0 0.0 0.0 0.0 0.0 0.0 0.0 0.0 0.0 0.0 0.0
0 0.311523 0.223592 0.050781 0.069249 0.299683 0.217283 1.0 0.318359 0.216843 1.0 0.307739 0.230047 1.0 0.300781 0.23929 1.0 0.319824 0.23841 1.0
0 0.40918 0.053991 0.013672 0.023474 0.0 0.0 0.0 0.0 0.0 0.0 0.0 0.0 0.0 0.0 0.0 0.0 0.0 0.0 0.0
0 0.438965 0.034624 0.016602 0.015258 0.0 0.0 0.0 0.0 0.0 0.0 0.0 0.0 0.0 0.0 0.0 0.0 0.0 0.0 0.0
0 0.470703 0.059272 0.013672 0.024648 0.0 0.0 0.0 0.0 0.0 0.0 0.0 0.0 0.0 0.0 0.0 0.0 0.0 0.0 0.0
0 0.504883 0.036972 0.013672 0.019953 0.0 0.0 0.0 0.0 0.0 0.0 0.0 0.0 0.0 0.0 0.0 0.0 0.0 0.0 0.0
0 0.570312 0.044014 0.015625 0.017606 0.0 0.0 0.0 0.0 0.0 0.0 0.0 0.0 0.0 0.0 0.0 0.0 0.0 0.0 0.0
0 0.571289 0.095657 0.015625 0.024648 0.0 0.0 0.0 0.0 0.0 0.0 0.0 0.0 0.0 0.0 0.0 0.0 0.0 0.0 0.0
0 0.588867 0.122066 0.015625 0.023474 0.0 0.0 0.0 0.0 0.0 0.0 0.0 0.0 0.0 0.0 0.0 0.0 0.0 0.0 0.0
0 0.562988 0.157277 0.012695 0.018779 0.0 0.0 0.0 0.0 0.0 0.0 0.0 0.0 0.0 0.0 0.0 0.0 0.0 0.0 0.0
0 0.655273 0.234742 0.050781 0.068075 0.638502 0.225022 1.0 0.659127 0.223283 1.0 0.646101 0.236764 1.0 0.639949 0.249811 1.0 0.659489 0.249377 1.0
0 0.70752 0.123826 0.010742 0.017606 0.0 0.0 0.0 0.0 0.0 0.0 0.0 0.0 0.0 0.0 0.0 0.0 0.0 0.0 0.0
0 0.798828 0.209507 0.052734 0.057512 0.78424 0.193809 1.0 0.810089 0.193405 1.0 0.796661 0.203088 1.0 0.788604 0.218016 1.0 0.804383 0.217613 1.0
0 0.871094 0.126174 0.015625 0.024648 0.864981 0.123858 1.0 0.873482 0.124486 1.0 0.868251 0.130932 1.0 0.865505 0.135961 1.0 0.873352 0.13659 1.0
0 0.884277 0.068662 0.014648 0.024648 0.0 0.0 0.0 0.0 0.0 0.0 0.0 0.0 0.0 0.0 0.0 0.0 0.0 0.0 0.0
0 0.930176 0.116197 0.014648 0.023474 0.928589 0.115317 1.0 0.936157 0.114877 1.0 0.933105 0.120305 1.0 0.929199 0.12456 1.0 0.936646 0.123386 1.0
0 0.907715 0.053991 0.014648 0.018779 0.0 0.0 0.0 0.0 0.0 0.0 0.0 0.0 0.0 0.0 0.0 0.0 0.0 0.0 0.0
0 0.730957 0.093897 0.010742 0.021127 0.0 0.0 0.0 0.0 0.0 0.0 0.0 0.0 0.0 0.0 0.0 0.0 0.0 0.0 0.0
0 0.829102 0.030516 0.015625 0.018779 0.0 0.0 0.0 0.0 0.0 0.0 0.0 0.0 0.0 0.0 0.0 0.0 0.0 0.0 0.0
0 0.963379 0.077465 0.012695 0.023474 0.0 0.0 0.0 0.0 0.0 0.0 0.0 0.0 0.0 0.0 0.0 0.0 0.0 0.0 0.0
0 0.984375 0.133216 0.013672 0.015258 0.0 0.0 0.0 0.0 0.0 0.0 0.0 0.0 0.0 0.0 0.0 0.0 0.0 0.0 0.0
0 0.482422 0.012911 0.011719 0.021127 0.0 0.0 0.0 0.0 0.0 0.0 0.0 0.0 0.0 0.0 0.0 0.0 0.0 0.0 0.0
0 0.57959 0.01115 0.014648 0.019953 0.0 0.0 0.0 0.0 0.0 0.0 0.0 0.0 0.0 0.0 0.0 0.0 0.0 0.0 0.0
0 0.65918 0.009977 0.011719 0.017606 0.0 0.0 0.0 0.0 0.0 0.0 0.0 0.0 0.0 0.0 0.0 0.0 0.0 0.0 0.0
0 0.735352 0.01115 0.017578 0.017606 0.0 0.0 0.0 0.0 0.0 0.0 0.0 0.0 0.0 0.0 0.0 0.0 0.0 0.0 0.0
0 0.792969 0.013498 0.017578 0.019953 0.0 0.0 0.0 0.0 0.0 0.0 0.0 0.0 0.0 0.0 0.0 0.0 0.0 0.0 0.0
0 0.29248 0.008216 0.010742 0.011737 0.0 0.0 0.0 0.0 0.0 0.0 0.0 0.0 0.0 0.0 0.0 0.0 0.0 0.0 0.0
0 0.20459 0.008216 0.012695 0.016432 0.0 0.0 0.0 0.0 0.0 0.0 0.0 0.0 0.0 0.0 0.0 0.0 0.0 0.0 0.0