0 0.062012 0.289831 0.008789 0.071186 0.0 0.0 0.0 0.0 0.0 0.0 0.0 0.0 0.0 0.0 0.0 0.0 0.0 0.0 0.0
0 0.098633 0.227119 0.019531 0.074576 0.091588 0.218885 1.0 0.098145 0.218403 1.0 0.093819 0.237288 1.0 0.094099 0.245037 1.0 0.100377 0.243098 1.0
0 0.178711 0.261017 0.011719 0.067797 0.175424 0.248349 1.0 0.182251 0.24879 1.0 0.177952 0.259759 1.0 0.176562 0.272925 1.0 0.182757 0.272925 1.0
0 0.249023 0.201695 0.015625 0.084746 0.245471 0.200576 1.0 0.252406 0.200014 1.0 0.248051 0.220732 1.0 0.247083 0.227451 1.0 0.250793 0.22801 1.0
0 0.310059 0.174576 0.014648 0.071186 0.305611 0.171519 1.0 0.31189 0.174244 1.0 0.306396 0.188773 1.0 0.306789 0.198759 1.0 0.312021 0.201031 1.0
0 0.373047 0.177966 0.015625 0.084746 0.367711 0.168098 1.0 0.373832 0.170278 1.0 0.36881 0.1888 1.0 0.369123 0.200786 1.0 0.373988 0.201878 1.0
0 0.430664 0.216949 0.011719 0.067797 0.42688 0.210593 1.0 0.430908 0.211017 1.0 0.427368 0.224576 1.0 0.428223 0.236864 1.0 0.430908 0.236441 1.0
0 0.486816 0.222034 0.016602 0.077966 0.481148 0.217041 1.0 0.48604 0.213546 1.0 0.484026 0.230024 1.0 0.483307 0.241512 1.0 0.489637 0.237017 1.0
0 0.547852 0.262712 0.013672 0.064407 0.0 0.0 0.0 0.0 0.0 0.0 0.0 0.0 0.0 0.0 0.0 0.0 0.0 0.0 0.0
0 0.606934 0.235593 0.014648 0.064407 0.602539 0.222458 1.0 0.606567 0.222034 1.0 0.600952 0.238136 1.0 0.603638 0.249153 1.0 0.607666 0.248729 1.0
0 0.680664 0.225424 0.011719 0.071186 0.678419 0.216512 1.0 0.683689 0.223546 1.0 0.679771 0.2334 1.0 0.677338 0.241844 1.0 0.681798 0.247471 1.0
0 0.773926 0.201695 0.016602 0.077966 0.76899 0.188166 1.0 0.774475 0.193827 1.0 0.769287 0.208234 1.0 0.768694 0.224698 1.0 0.772993 0.225725 1.0
0 0.415527 0.267797 0.010742 0.074576 0.0 0.0 0.0 0.0 0.0 0.0 0.0 0.0 0.0 0.0 0.0 0.0 0.0 0.0 0.0
0 0.819824 0.313559 0.012695 0.077966 0.0 0.0 0.0 0.0 0.0 0.0 0.0 0.0 0.0 0.0 0.0 0.0 0.0 0.0 0.0