0 0.407715 0.345754 0.073242 0.140381 0.403216 0.328849 1.0 0.431793 0.313723 1.0 0.425275 0.36088 1.0 0.409232 0.386683 1.0 0.436306 0.370667 1.0
0 0.305176 0.264298 0.024414 0.053726 0.313477 0.263432 1.0 0.311523 0.261698 1.0 0.314453 0.27383 1.0 0.306641 0.280763 1.0 0.306641 0.280763 1.0
0 0.454102 0.164645 0.029297 0.065858 0.449847 0.158315 1.0 0.461854 0.157898 1.0 0.456674 0.17461 1.0 0.451259 0.185055 1.0 0.459734 0.184638 1.0
0 0.443359 0.082322 0.025391 0.053726 0.434239 0.083367 1.0 0.444048 0.081626 1.0 0.437967 0.091026 1.0 0.437378 0.100426 1.0 0.443852 0.099035 1.0
0 0.481445 0.067591 0.011719 0.041594 0.0 0.0 0.0 0.0 0.0 0.0 0.0 0.0 0.0 0.0 0.0 0.0 0.0 0.0 0.0
0 0.375 0.071924 0.021484 0.053726 0.368565 0.06561 1.0 0.377389 0.066291 1.0 0.371442 0.077185 1.0 0.368949 0.086036 1.0 0.378349 0.086376 1.0
0 0.274414 0.060659 0.023438 0.051993 0.271 0.052806 1.0 0.280187 0.052473 1.0 0.276624 0.061123 1.0 0.27325 0.074097 1.0 0.280374 0.073764 1.0
0 0.289551 0.084055 0.012695 0.032929 0.0 0.0 0.0 0.0 0.0 0.0 0.0 0.0 0.0 0.0 0.0 0.0 0.0 0.0 0.0
0 0.243164 0.090988 0.013672 0.043328 0.243774 0.086222 1.0 0.249268 0.086501 1.0 0.248326 0.094856 1.0 0.244088 0.102099 1.0 0.247384 0.102099 1.0
0 0.239746 0.049393 0.014648 0.039861 0.239258 0.048527 1.0 0.24707 0.05026 1.0 0.244141 0.057192 1.0 0.240234 0.062392 1.0 0.245117 0.064125 1.0
0 0.192871 0.04766 0.020508 0.046794 0.189227 0.041795 1.0 0.19751 0.04062 1.0 0.193699 0.051792 1.0 0.192705 0.05826 1.0 0.198504 0.05826 1.0
0 0.12207 0.04766 0.021484 0.043328 0.112793 0.041224 1.0 0.120641 0.04178 1.0 0.114049 0.052643 1.0 0.114205 0.060163 1.0 0.120954 0.061277 1.0
0 0.09668 0.051127 0.017578 0.046794 0.101562 0.046794 1.0 0.104492 0.046794 1.0 0.104492 0.055459 1.0 0.099609 0.062392 1.0 0.101562 0.062392 1.0
0 0.08252 0.055459 0.022461 0.045061 0.079102 0.055459 1.0 0.088867 0.051993 1.0 0.085938 0.060659 1.0 0.083984 0.071057 1.0 0.092773 0.065858 1.0
0 0.007324 0.035529 0.014648 0.053726 0.0 0.0 0.0 0.0 0.0 0.0 0.0 0.0 0.0 0.0 0.0 0.0 0.0 0.0 0.0
0 0.171875 0.060659 0.011719 0.031196 0.0 0.0 0.0 0.0 0.0 0.0 0.0 0.0 0.0 0.0 0.0 0.0 0.0 0.0 0.0