0 0.992676 0.286969 0.014648 0.040996 0.0 0.0 0.0 0.0 0.0 0.0 0.0 0.0 0.0 0.0 0.0 0.0 0.0 0.0 0.0
0 0.986328 0.287701 0.019531 0.045388 0.977975 0.283518 1.0 0.986991 0.284094 1.0 0.978551 0.290996 1.0 0.977975 0.299335 1.0 0.986031 0.299335 1.0
0 0.84375 0.33675 0.021484 0.06735 0.840472 0.333129 1.0 0.842198 0.333559 1.0 0.833854 0.339599 1.0 0.837019 0.352972 1.0 0.838745 0.353404 1.0
0 0.828613 0.331625 0.018555 0.065886 0.823456 0.328331 1.0 0.828949 0.329978 1.0 0.818787 0.340272 1.0 0.824279 0.347685 1.0 0.829498 0.348508 1.0
0 0.584473 0.335286 0.03418 0.076135 0.568664 0.334318 1.0 0.575762 0.332384 1.0 0.569633 0.345444 1.0 0.576085 0.356568 1.0 0.582537 0.352698 1.0
0 0.398926 0.300878 0.020508 0.04246 0.0 0.0 0.0 0.0 0.0 0.0 0.0 0.0 0.0 0.0 0.0 0.0 0.0 0.0 0.0
0 0.359375 0.341142 0.027344 0.064422 0.362519 0.335057 1.0 0.366089 0.33588 1.0 0.369934 0.346176 1.0 0.362244 0.357293 1.0 0.363617 0.357293 1.0
0 0.274414 0.31918 0.03125 0.06735 0.277688 0.31505 1.0 0.282789 0.312075 1.0 0.28704 0.324395 1.0 0.279955 0.336717 1.0 0.283072 0.337567 1.0
0 0.209961 0.352855 0.015625 0.073206 0.213807 0.347946 1.0 0.214425 0.347482 1.0 0.213807 0.36094 1.0 0.210401 0.373006 1.0 0.210711 0.373006 1.0
0 0.141113 0.306735 0.018555 0.04246 0.140991 0.300512 1.0 0.14923 0.301335 1.0 0.147583 0.308748 1.0 0.139893 0.315886 1.0 0.148865 0.317807 1.0
0 0.125488 0.314788 0.022461 0.073206 0.133488 0.311735 1.0 0.136274 0.311735 1.0 0.13906 0.327978 1.0 0.129154 0.336331 1.0 0.130393 0.336795 1.0