0 0.306641 0.406901 0.021484 0.032552 0.0 0.0 0.0 0.0 0.0 0.0 0.0 0.0 0.0 0.0 0.0 0.0 0.0 0.0 0.0
0 0.135742 0.363932 0.015625 0.022135 0.0 0.0 0.0 0.0 0.0 0.0 0.0 0.0 0.0 0.0 0.0 0.0 0.0 0.0 0.0
0 0.720703 0.150391 0.019531 0.029948 0.0 0.0 0.0 0.0 0.0 0.0 0.0 0.0 0.0 0.0 0.0 0.0 0.0 0.0 0.0
0 0.706055 0.141276 0.015625 0.027344 0.0 0.0 0.0 0.0 0.0 0.0 0.0 0.0 0.0 0.0 0.0 0.0 0.0 0.0 0.0
0 0.639648 0.16862 0.019531 0.02474 0.0 0.0 0.0 0.0 0.0 0.0 0.0 0.0 0.0 0.0 0.0 0.0 0.0 0.0 0.0
0 0.638672 0.218099 0.023438 0.032552 0.0 0.0 0.0 0.0 0.0 0.0 0.0 0.0 0.0 0.0 0.0 0.0 0.0 0.0 0.0
0 0.628906 0.200521 0.015625 0.026042 0.0 0.0 0.0 0.0 0.0 0.0 0.0 0.0 0.0 0.0 0.0 0.0 0.0 0.0 0.0
0 0.668945 0.207031 0.015625 0.023438 0.0 0.0 0.0 0.0 0.0 0.0 0.0 0.0 0.0 0.0 0.0 0.0 0.0 0.0 0.0
0 0.875977 0.167318 0.03125 0.058594 0.0 0.0 0.0 0.0 0.0 0.0 0.0 0.0 0.0 0.0 0.0 0.0 0.0 0.0 0.0
0 0.980469 0.17513 0.035156 0.035156 0.0 0.0 0.0 0.0 0.0 0.0 0.0 0.0 0.0 0.0 0.0 0.0 0.0 0.0 0.0
0 0.949707 0.119792 0.026367 0.041667 0.0 0.0 0.0 0.0 0.0 0.0 0.0 0.0 0.0 0.0 0.0 0.0 0.0 0.0 0.0
0 0.946289 0.087891 0.023438 0.035156 0.0 0.0 0.0 0.0 0.0 0.0 0.0 0.0 0.0 0.0 0.0 0.0 0.0 0.0 0.0
0 0.477539 0.33724 0.017578 0.028646 0.0 0.0 0.0 0.0 0.0 0.0 0.0 0.0 0.0 0.0 0.0 0.0 0.0 0.0 0.0
0 0.415039 0.321615 0.013672 0.028646 0.0 0.0 0.0 0.0 0.0 0.0 0.0 0.0 0.0 0.0 0.0 0.0 0.0 0.0 0.0
0 0.431641 0.322266 0.019531 0.03776 0.0 0.0 0.0 0.0 0.0 0.0 0.0 0.0 0.0 0.0 0.0 0.0 0.0 0.0 0.0
0 0.493652 0.288411 0.016602 0.029948 0.0 0.0 0.0 0.0 0.0 0.0 0.0 0.0 0.0 0.0 0.0 0.0 0.0 0.0 0.0
0 0.439453 0.388021 0.023438 0.033854 0.0 0.0 0.0 0.0 0.0 0.0 0.0 0.0 0.0 0.0 0.0 0.0 0.0 0.0 0.0
0 0.382812 0.329427 0.011719 0.018229 0.0 0.0 0.0 0.0 0.0 0.0 0.0 0.0 0.0 0.0 0.0 0.0 0.0 0.0 0.0
0 0.355469 0.330729 0.015625 0.026042 0.0 0.0 0.0 0.0 0.0 0.0 0.0 0.0 0.0 0.0 0.0 0.0 0.0 0.0 0.0
0 0.34375 0.385417 0.03125 0.052083 0.0 0.0 0.0 0.0 0.0 0.0 0.0 0.0 0.0 0.0 0.0 0.0 0.0 0.0 0.0
0 0.310059 0.360677 0.016602 0.033854 0.30426 0.3514 1.0 0.313372 0.350737 1.0 0.30807 0.359573 1.0 0.305089 0.366421 1.0 0.312544 0.365978 1.0
0 0.339355 0.28776 0.014648 0.023438 0.0 0.0 0.0 0.0 0.0 0.0 0.0 0.0 0.0 0.0 0.0 0.0 0.0 0.0 0.0
0 0.366211 0.292318 0.023438 0.029948 0.0 0.0 0.0 0.0 0.0 0.0 0.0 0.0 0.0 0.0 0.0 0.0 0.0 0.0 0.0
0 0.391602 0.453776 0.042969 0.058594 0.0 0.0 0.0 0.0 0.0 0.0 0.0 0.0 0.0 0.0 0.0 0.0 0.0 0.0 0.0
0 0.214355 0.307943 0.014648 0.02474 0.0 0.0 0.0 0.0 0.0 0.0 0.0 0.0 0.0 0.0 0.0 0.0 0.0 0.0 0.0
0 0.27002 0.397135 0.020508 0.036458 0.0 0.0 0.0 0.0 0.0 0.0 0.0 0.0 0.0 0.0 0.0 0.0 0.0 0.0 0.0
0 0.20459 0.421875 0.022461 0.039062 0.0 0.0 0.0 0.0 0.0 0.0 0.0 0.0 0.0 0.0 0.0 0.0 0.0 0.0 0.0
0 0.165527 0.330078 0.016602 0.02474 0.0 0.0 0.0 0.0 0.0 0.0 0.0 0.0 0.0 0.0 0.0 0.0 0.0 0.0 0.0
0 0.55127 0.241536 0.016602 0.029948 0.0 0.0 0.0 0.0 0.0 0.0 0.0 0.0 0.0 0.0 0.0 0.0 0.0 0.0 0.0
0 0.80957 0.251302 0.037109 0.070312 0.0 0.0 0.0 0.0 0.0 0.0 0.0 0.0 0.0 0.0 0.0 0.0 0.0 0.0 0.0
0 0.356934 0.460938 0.02832 0.049479 0.0 0.0 0.0 0.0 0.0 0.0 0.0 0.0 0.0 0.0 0.0 0.0 0.0 0.0 0.0
0 0.823242 0.35026 0.048828 0.085938 0.800859 0.336095 1.0 0.803698 0.336635 1.0 0.799238 0.349609 1.0 0.810185 0.371233 1.0 0.811401 0.36907 1.0
0 0.646973 0.49349 0.145508 0.234375 0.651999 0.445777 1.0 0.70384 0.444307 1.0 0.704943 0.486956 1.0 0.657515 0.54137 1.0 0.700531 0.542841 1.0
0 0.428223 0.549479 0.063477 0.098958 0.410941 0.530169 1.0 0.43893 0.532656 1.0 0.420271 0.55256 1.0 0.412807 0.571219 1.0 0.431466 0.572464 1.0
0 0.296387 0.669922 0.106445 0.167969 0.289551 0.644938 1.0 0.336365 0.644938 1.0 0.322082 0.692546 1.0 0.294312 0.712646 1.0 0.326844 0.714763 1.0
0 0.166016 0.583984 0.083984 0.13151 0.153765 0.554443 1.0 0.188433 0.547014 1.0 0.177909 0.587461 1.0 0.160575 0.610573 1.0 0.189671 0.599017 1.0
0 0.064941 0.516927 0.069336 0.098958 0.07145 0.491397 1.0 0.091043 0.488909 1.0 0.08871 0.511301 1.0 0.070984 0.531203 1.0 0.087777 0.528094 1.0
0 0.102539 0.412109 0.015625 0.02474 0.0 0.0 0.0 0.0 0.0 0.0 0.0 0.0 0.0 0.0 0.0 0.0 0.0 0.0 0.0
0 0.15918 0.429688 0.017578 0.023438 0.0 0.0 0.0 0.0 0.0 0.0 0.0 0.0 0.0 0.0 0.0 0.0 0.0 0.0 0.0
0 0.231934 0.330729 0.020508 0.036458 0.0 0.0 0.0 0.0 0.0 0.0 0.0 0.0 0.0 0.0 0.0 0.0 0.0 0.0 0.0