0 0.9375 0.369343 0.042969 0.070073 0.934344 0.355918 1.0 0.94887 0.355474 1.0 0.945312 0.371872 1.0 0.936419 0.385166 1.0 0.947388 0.384724 1.0
0 0.89502 0.372993 0.036133 0.056934 0.892844 0.356479 1.0 0.906271 0.353969 1.0 0.903634 0.368307 1.0 0.894522 0.382286 1.0 0.90843 0.380853 1.0
0 0.821289 0.366423 0.037109 0.061314 0.817924 0.35206 1.0 0.834664 0.350495 1.0 0.830479 0.36379 1.0 0.819755 0.379823 1.0 0.83388 0.37865 1.0
0 0.75293 0.374453 0.041016 0.062774 0.750846 0.362258 1.0 0.7676 0.360669 1.0 0.761749 0.37021 1.0 0.755367 0.387702 1.0 0.767334 0.387702 1.0
0 0.719238 0.375182 0.036133 0.058394 0.71875 0.364964 1.0 0.733154 0.360219 1.0 0.727295 0.374818 1.0 0.719482 0.395985 1.0 0.736084 0.392336 1.0
0 0.651855 0.369343 0.036133 0.055474 0.650426 0.356974 1.0 0.664551 0.35627 1.0 0.659371 0.372107 1.0 0.650896 0.381257 1.0 0.664551 0.380553 1.0
0 0.574219 0.378832 0.039062 0.062774 0.570008 0.365712 1.0 0.585964 0.365315 1.0 0.580379 0.379229 1.0 0.572135 0.394337 1.0 0.584634 0.394734 1.0
0 0.477051 0.367883 0.03418 0.058394 0.473877 0.357664 1.0 0.489746 0.356934 1.0 0.486328 0.367153 1.0 0.476562 0.380657 1.0 0.489014 0.380292 1.0
0 0.391113 0.370073 0.047852 0.059854 0.384194 0.350006 1.0 0.407357 0.350006 1.0 0.398935 0.362597 1.0 0.388406 0.381035 1.0 0.405252 0.379236 1.0
0 0.3125 0.383212 0.037109 0.059854 0.307617 0.372263 1.0 0.325195 0.369343 1.0 0.319336 0.381022 1.0 0.310547 0.39854 1.0 0.325195 0.39562 1.0
0 0.236816 0.371533 0.041992 0.065693 0.230817 0.357873 1.0 0.249232 0.357038 1.0 0.245048 0.370803 1.0 0.234444 0.386653 1.0 0.248954 0.388321 1.0
0 0.146484 0.391971 0.037109 0.056934 0.139893 0.376277 1.0 0.157959 0.376277 1.0 0.151367 0.390146 1.0 0.142578 0.40365 1.0 0.156738 0.40365 1.0
0 0.094727 0.375182 0.027344 0.049635 0.091797 0.363086 1.0 0.101423 0.363086 1.0 0.097656 0.377476 1.0 0.094308 0.386235 1.0 0.100795 0.38561 1.0
0 0.040039 0.370803 0.042969 0.067153 0.036299 0.357469 1.0 0.056152 0.356178 1.0 0.051836 0.366502 1.0 0.040614 0.386288 1.0 0.05644 0.383707 1.0
0 0.253418 0.386861 0.020508 0.040876 0.238451 0.359 1.0 0.249176 0.359 1.0 0.243277 0.370491 1.0 0.238272 0.386255 1.0 0.248818 0.38679 1.0
0 0.993164 0.356204 0.013672 0.058394 0.0 0.0 0.0 0.0 0.0 0.0 0.0 0.0 0.0 0.0 0.0 0.0 0.0 0.0 0.0
0 0.419922 0.378832 0.025391 0.056934 0.0 0.0 0.0 0.0 0.0 0.0 0.0 0.0 0.0 0.0 0.0 0.0 0.0 0.0 0.0
0 0.358398 0.386861 0.037109 0.055474 0.0 0.0 0.0 0.0 0.0 0.0 0.0 0.0 0.0 0.0 0.0 0.0 0.0 0.0 0.0
0 0.191406 0.390511 0.042969 0.059854 0.0 0.0 0.0 0.0 0.0 0.0 0.0 0.0 0.0 0.0 0.0 0.0 0.0 0.0 0.0
0 0.515137 0.377372 0.036133 0.051095 0.505663 0.365204 1.0 0.521606 0.370731 1.0 0.513288 0.388692 1.0 0.499655 0.388692 1.0 0.517909 0.398709 1.0