0 0.130859 0.636896 0.033203 0.102489 0.0 0.0 0.0 0.0 0.0 0.0 0.0 0.0 0.0 0.0 0.0 0.0 0.0 0.0 0.0
0 0.350586 0.66325 0.023438 0.052709 0.0 0.0 0.0 0.0 0.0 0.0 0.0 0.0 0.0 0.0 0.0 0.0 0.0 0.0 0.0
0 0.334961 0.573206 0.03125 0.048316 0.0 0.0 0.0 0.0 0.0 0.0 0.0 0.0 0.0 0.0 0.0 0.0 0.0 0.0 0.0
0 0.277832 0.639824 0.016602 0.052709 0.0 0.0 0.0 0.0 0.0 0.0 0.0 0.0 0.0 0.0 0.0 0.0 0.0 0.0 0.0
0 0.198242 0.691069 0.023438 0.070278 0.0 0.0 0.0 0.0 0.0 0.0 0.0 0.0 0.0 0.0 0.0 0.0 0.0 0.0 0.0
0 0.073242 0.472182 0.015625 0.021962 0.068543 0.474436 1.0 0.072954 0.47143 1.0 0.071952 0.478947 1.0 0.073757 0.481502 1.0 0.077065 0.479247 1.0
0 0.024902 0.439971 0.006836 0.010249 0.0 0.0 0.0 0.0 0.0 0.0 0.0 0.0 0.0 0.0 0.0 0.0 0.0 0.0 0.0
0 0.208496 0.512445 0.010742 0.020498 0.0 0.0 0.0 0.0 0.0 0.0 0.0 0.0 0.0 0.0 0.0 0.0 0.0 0.0 0.0
0 0.241211 0.520498 0.019531 0.033675 0.0 0.0 0.0 0.0 0.0 0.0 0.0 0.0 0.0 0.0 0.0 0.0 0.0 0.0 0.0
0 0.368164 0.360176 0.021484 0.046852 0.0 0.0 0.0 0.0 0.0 0.0 0.0 0.0 0.0 0.0 0.0 0.0 0.0 0.0 0.0
0 0.420898 0.497804 0.023438 0.035139 0.0 0.0 0.0 0.0 0.0 0.0 0.0 0.0 0.0 0.0 0.0 0.0 0.0 0.0 0.0
0 0.384766 0.530747 0.017578 0.036603 0.381139 0.527426 1.0 0.389613 0.527662 1.0 0.385847 0.534486 1.0 0.383492 0.541309 1.0 0.388044 0.541545 1.0
0 0.604492 0.640556 0.037109 0.065886 0.592216 0.626019 1.0 0.610631 0.622255 1.0 0.602539 0.636896 1.0 0.595006 0.654047 1.0 0.614258 0.646517 1.0
0 0.675293 0.463397 0.012695 0.021962 0.0 0.0 0.0 0.0 0.0 0.0 0.0 0.0 0.0 0.0 0.0 0.0 0.0 0.0 0.0
0 0.887695 0.508785 0.025391 0.057101 0.880859 0.50183 1.0 0.882812 0.502562 1.0 0.876465 0.510981 1.0 0.881348 0.523426 1.0 0.882324 0.523792 1.0
0 0.867676 0.505124 0.010742 0.020498 0.0 0.0 0.0 0.0 0.0 0.0 0.0 0.0 0.0 0.0 0.0 0.0 0.0 0.0 0.0
0 0.918457 0.440703 0.008789 0.014641 0.0 0.0 0.0 0.0 0.0 0.0 0.0 0.0 0.0 0.0 0.0 0.0 0.0 0.0 0.0
0 0.959961 0.471449 0.013672 0.032211 0.0 0.0 0.0 0.0 0.0 0.0 0.0 0.0 0.0 0.0 0.0 0.0 0.0 0.0 0.0
0 0.981934 0.469985 0.014648 0.026354 0.977592 0.467097 1.0 0.983599 0.467266 1.0 0.979972 0.474064 1.0 0.978045 0.478313 1.0 0.983032 0.477972 1.0
0 0.943848 0.426061 0.008789 0.011713 0.0 0.0 0.0 0.0 0.0 0.0 0.0 0.0 0.0 0.0 0.0 0.0 0.0 0.0 0.0
0 0.962402 0.430454 0.006836 0.014641 0.0 0.0 0.0 0.0 0.0 0.0 0.0 0.0 0.0 0.0 0.0 0.0 0.0 0.0 0.0
0 0.932129 0.554173 0.030273 0.065886 0.0 0.0 0.0 0.0 0.0 0.0 0.0 0.0 0.0 0.0 0.0 0.0 0.0 0.0 0.0
0 0.743652 0.5959 0.049805 0.096633 0.727182 0.584227 1.0 0.746853 0.578697 1.0 0.738246 0.605731 1.0 0.7321 0.617406 1.0 0.753819 0.611261 1.0