0 0.023926 0.213393 0.010742 0.030357 0.0 0.0 0.0 0.0 0.0 0.0 0.0 0.0 0.0 0.0 0.0 0.0 0.0 0.0 0.0
0 0.03418 0.204464 0.013672 0.033929 0.0 0.0 0.0 0.0 0.0 0.0 0.0 0.0 0.0 0.0 0.0 0.0 0.0 0.0 0.0
0 0.049316 0.192857 0.016602 0.035714 0.0 0.0 0.0 0.0 0.0 0.0 0.0 0.0 0.0 0.0 0.0 0.0 0.0 0.0 0.0
0 0.065918 0.167857 0.026367 0.053571 0.0 0.0 0.0 0.0 0.0 0.0 0.0 0.0 0.0 0.0 0.0 0.0 0.0 0.0 0.0
0 0.095703 0.164286 0.035156 0.060714 0.091213 0.151602 1.0 0.105221 0.152009 1.0 0.099662 0.165425 1.0 0.093214 0.175996 1.0 0.105221 0.177623 1.0
0 0.152344 0.108929 0.046875 0.089286 0.145752 0.094866 1.0 0.165588 0.095425 1.0 0.15918 0.109932 1.0 0.152771 0.129464 1.0 0.163758 0.128907 1.0
0 0.206055 0.182143 0.023438 0.046429 0.199768 0.169723 1.0 0.210205 0.169723 1.0 0.204406 0.178811 1.0 0.201425 0.189716 1.0 0.208714 0.189716 1.0
0 0.236328 0.225 0.011719 0.025 0.0 0.0 0.0 0.0 0.0 0.0 0.0 0.0 0.0 0.0 0.0 0.0 0.0 0.0 0.0
0 0.272949 0.178571 0.02832 0.060714 0.264091 0.164923 1.0 0.276437 0.165305 1.0 0.267857 0.173725 1.0 0.263672 0.189796 1.0 0.271624 0.189796 1.0
0 0.303711 0.219643 0.011719 0.025 0.0 0.0 0.0 0.0 0.0 0.0 0.0 0.0 0.0 0.0 0.0 0.0 0.0 0.0 0.0
0 0.320312 0.197321 0.021484 0.033929 0.0 0.0 0.0 0.0 0.0 0.0 0.0 0.0 0.0 0.0 0.0 0.0 0.0 0.0 0.0
0 0.358398 0.120536 0.037109 0.076786 0.348603 0.106107 1.0 0.364293 0.106593 1.0 0.354187 0.116805 1.0 0.349666 0.136257 1.0 0.360569 0.135284 1.0
0 0.40625 0.166964 0.023438 0.055357 0.403211 0.160866 1.0 0.413217 0.161225 1.0 0.41047 0.170193 1.0 0.405369 0.184543 1.0 0.413021 0.182748 1.0
0 0.381348 0.177679 0.006836 0.0125 0.0 0.0 0.0 0.0 0.0 0.0 0.0 0.0 0.0 0.0 0.0 0.0 0.0 0.0 0.0
0 0.44043 0.208036 0.013672 0.026786 0.0 0.0 0.0 0.0 0.0 0.0 0.0 0.0 0.0 0.0 0.0 0.0 0.0 0.0 0.0
0 0.462891 0.227679 0.009766 0.019643 0.0 0.0 0.0 0.0 0.0 0.0 0.0 0.0 0.0 0.0 0.0 0.0 0.0 0.0 0.0
0 0.504883 0.18125 0.015625 0.033929 0.0 0.0 0.0 0.0 0.0 0.0 0.0 0.0 0.0 0.0 0.0 0.0 0.0 0.0 0.0
0 0.516602 0.14375 0.03125 0.073214 0.508021 0.133146 1.0 0.521424 0.131298 1.0 0.513838 0.144245 1.0 0.509033 0.159964 1.0 0.520159 0.159039 1.0
0 0.607422 0.198214 0.019531 0.039286 0.605817 0.18852 1.0 0.613909 0.18852 1.0 0.609724 0.199745 1.0 0.605817 0.207909 1.0 0.611119 0.207909 1.0
0 0.637695 0.160714 0.025391 0.057143 0.631417 0.150495 1.0 0.642447 0.149027 1.0 0.636632 0.159663 1.0 0.634426 0.171396 1.0 0.641244 0.170296 1.0
0 0.678711 0.191071 0.015625 0.039286 0.0 0.0 0.0 0.0 0.0 0.0 0.0 0.0 0.0 0.0 0.0 0.0 0.0 0.0 0.0
0 0.72168 0.174107 0.021484 0.048214 0.718641 0.163846 1.0 0.728503 0.163536 1.0 0.724422 0.172552 1.0 0.720512 0.184679 1.0 0.727652 0.184368 1.0
0 0.739746 0.198214 0.012695 0.039286 0.73669 0.191143 1.0 0.743447 0.191143 1.0 0.740475 0.200039 1.0 0.73669 0.208443 1.0 0.743177 0.208443 1.0
0 0.785156 0.20625 0.015625 0.030357 0.0 0.0 0.0 0.0 0.0 0.0 0.0 0.0 0.0 0.0 0.0 0.0 0.0 0.0 0.0
0 0.803223 0.172321 0.020508 0.044643 0.0 0.0 0.0 0.0 0.0 0.0 0.0 0.0 0.0 0.0 0.0 0.0 0.0 0.0 0.0
0 0.851562 0.196429 0.017578 0.046429 0.849134 0.187277 1.0 0.856231 0.187571 1.0 0.854457 0.196421 1.0 0.850586 0.20527 1.0 0.855587 0.205564 1.0
0 0.861328 0.222321 0.009766 0.026786 0.0 0.0 0.0 0.0 0.0 0.0 0.0 0.0 0.0 0.0 0.0 0.0 0.0 0.0 0.0
0 0.893066 0.205357 0.014648 0.032143 0.0 0.0 0.0 0.0 0.0 0.0 0.0 0.0 0.0 0.0 0.0 0.0 0.0 0.0 0.0
0 0.930176 0.207143 0.016602 0.035714 0.928314 0.20047 1.0 0.935015 0.200932 1.0 0.931602 0.207405 1.0 0.92844 0.214111 1.0 0.933118 0.214804 1.0
0 0.95752 0.220536 0.014648 0.030357 0.0 0.0 0.0 0.0 0.0 0.0 0.0 0.0 0.0 0.0 0.0 0.0 0.0 0.0 0.0
0 0.98584 0.253571 0.006836 0.014286 0.0 0.0 0.0 0.0 0.0 0.0 0.0 0.0 0.0 0.0 0.0 0.0 0.0 0.0 0.0
0 0.997559 0.248214 0.004883 0.014286 0.0 0.0 0.0 0.0 0.0 0.0 0.0 0.0 0.0 0.0 0.0 0.0 0.0 0.0 0.0
0 0.566406 0.219643 0.017578 0.039286 0.0 0.0 0.0 0.0 0.0 0.0 0.0 0.0 0.0 0.0 0.0 0.0 0.0 0.0 0.0