0 0.043945 0.526093 0.03125 0.047955 0.039123 0.513047 1.0 0.052368 0.511504 1.0 0.046387 0.525079 1.0 0.039123 0.536495 1.0 0.051086 0.536804 1.0
0 0.049805 0.46756 0.013672 0.023977 0.0 0.0 0.0 0.0 0.0 0.0 0.0 0.0 0.0 0.0 0.0 0.0 0.0 0.0 0.0
0 0.069336 0.459803 0.009766 0.016925 0.0 0.0 0.0 0.0 0.0 0.0 0.0 0.0 0.0 0.0 0.0 0.0 0.0 0.0 0.0
0 0.103027 0.456982 0.014648 0.03103 0.0 0.0 0.0 0.0 0.0 0.0 0.0 0.0 0.0 0.0 0.0 0.0 0.0 0.0 0.0
0 0.094238 0.45275 0.006836 0.014104 0.0 0.0 0.0 0.0 0.0 0.0 0.0 0.0 0.0 0.0 0.0 0.0 0.0 0.0 0.0
0 0.187012 0.449224 0.012695 0.026798 0.189087 0.446403 1.0 0.191162 0.445522 1.0 0.192871 0.451164 1.0 0.189087 0.455748 1.0 0.19104 0.454866 1.0
0 0.165527 0.446403 0.00293 0.007052 0.0 0.0 0.0 0.0 0.0 0.0 0.0 0.0 0.0 0.0 0.0 0.0 0.0 0.0 0.0
0 0.263672 0.440056 0.017578 0.025388 0.262007 0.432891 1.0 0.269187 0.432381 1.0 0.266715 0.438161 1.0 0.262595 0.444622 1.0 0.269187 0.444111 1.0
0 0.349121 0.502821 0.036133 0.057828 0.351693 0.491305 1.0 0.363269 0.492419 1.0 0.362496 0.503192 1.0 0.354008 0.514337 1.0 0.362239 0.514709 1.0
0 0.395508 0.511283 0.021484 0.035261 0.0 0.0 0.0 0.0 0.0 0.0 0.0 0.0 0.0 0.0 0.0 0.0 0.0 0.0 0.0
0 0.503418 0.59591 0.026367 0.055007 0.508301 0.590973 1.0 0.510986 0.588858 1.0 0.515137 0.596615 1.0 0.510742 0.615656 1.0 0.512451 0.614951 1.0
0 0.661621 0.512694 0.026367 0.052186 0.660941 0.506423 1.0 0.67205 0.506423 1.0 0.669782 0.511007 1.0 0.662981 0.52443 1.0 0.672503 0.523776 1.0
0 0.590332 0.541608 0.02832 0.053597 0.591282 0.532938 1.0 0.601833 0.535016 1.0 0.599195 0.542288 1.0 0.593201 0.554062 1.0 0.600154 0.554409 1.0
0 0.585938 0.447109 0.023438 0.039492 0.0 0.0 0.0 0.0 0.0 0.0 0.0 0.0 0.0 0.0 0.0 0.0 0.0 0.0 0.0
0 0.533203 0.502116 0.005859 0.011283 0.0 0.0 0.0 0.0 0.0 0.0 0.0 0.0 0.0 0.0 0.0 0.0 0.0 0.0 0.0
0 0.624512 0.491537 0.014648 0.035261 0.0 0.0 0.0 0.0 0.0 0.0 0.0 0.0 0.0 0.0 0.0 0.0 0.0 0.0 0.0
0 0.728027 0.476728 0.008789 0.014104 0.0 0.0 0.0 0.0 0.0 0.0 0.0 0.0 0.0 0.0 0.0 0.0 0.0 0.0 0.0
0 0.615234 0.464034 0.017578 0.03103 0.0 0.0 0.0 0.0 0.0 0.0 0.0 0.0 0.0 0.0 0.0 0.0 0.0 0.0 0.0
0 0.87207 0.43512 0.027344 0.049365 0.875506 0.42308 1.0 0.884443 0.422137 1.0 0.886405 0.431267 1.0 0.874852 0.44197 1.0 0.882045 0.441027 1.0
0 0.910645 0.56347 0.018555 0.029619 0.0 0.0 0.0 0.0 0.0 0.0 0.0 0.0 0.0 0.0 0.0 0.0 0.0 0.0 0.0
0 0.971191 0.500705 0.008789 0.014104 0.970829 0.498772 1.0 0.9758 0.498772 1.0 0.973707 0.5017 1.0 0.971745 0.503873 1.0 0.974818 0.503966 1.0
0 0.132324 0.495063 0.024414 0.039492 0.131479 0.487388 1.0 0.140952 0.487388 1.0 0.136841 0.494874 1.0 0.131121 0.502619 1.0 0.138985 0.502361 1.0