0 0.811523 0.24349 0.035156 0.046875 0.814148 0.229678 1.0 0.822597 0.228492 1.0 0.827934 0.23709 1.0 0.821708 0.251913 1.0 0.827044 0.251023 1.0
0 0.644531 0.286458 0.023438 0.03125 0.644623 0.283366 1.0 0.6521 0.284993 1.0 0.649658 0.288452 1.0 0.645691 0.294556 1.0 0.651031 0.29537 1.0
0 0.522949 0.255208 0.020508 0.028646 0.521903 0.25093 1.0 0.530134 0.250743 1.0 0.527483 0.256138 1.0 0.523856 0.262091 1.0 0.529716 0.262091 1.0
0 0.453613 0.263021 0.041992 0.049479 0.453125 0.249755 1.0 0.469884 0.250477 1.0 0.465288 0.264893 1.0 0.456099 0.276785 1.0 0.467181 0.276785 1.0
0 0.405762 0.244792 0.024414 0.033854 0.405762 0.235323 1.0 0.414795 0.235107 1.0 0.412053 0.243065 1.0 0.406568 0.251668 1.0 0.414795 0.251668 1.0
0 0.831055 0.284505 0.025391 0.032552 0.829102 0.279948 1.0 0.839844 0.278646 1.0 0.837891 0.283854 1.0 0.833008 0.292969 1.0 0.841797 0.292969 1.0
0 0.145508 0.263021 0.029297 0.036458 0.144082 0.25622 1.0 0.155705 0.25622 1.0 0.151206 0.262969 1.0 0.147645 0.270717 1.0 0.15458 0.270717 1.0
0 0.177246 0.230469 0.018555 0.026042 0.17749 0.228516 1.0 0.183838 0.228678 1.0 0.181519 0.232259 1.0 0.179321 0.237305 1.0 0.183105 0.237142 1.0
0 0.220215 0.259115 0.018555 0.026042 0.219727 0.25651 1.0 0.226562 0.25651 1.0 0.223633 0.263021 1.0 0.220703 0.268229 1.0 0.226562 0.268229 1.0
0 0.008789 0.291016 0.017578 0.027344 0.003418 0.288272 1.0 0.012181 0.288098 1.0 0.007734 0.293504 1.0 0.005642 0.29612 1.0 0.01048 0.29612 1.0
0 0.305664 0.263672 0.009766 0.00651 0.0 0.0 0.0 0.0 0.0 0.0 0.0 0.0 0.0 0.0 0.0 0.0 0.0 0.0 0.0
0 0.25 0.24349 0.033203 0.044271 0.249128 0.236514 1.0 0.261989 0.236224 1.0 0.258937 0.24349 1.0 0.252834 0.254534 1.0 0.261553 0.254824 1.0