0 0.025391 0.584672 0.029297 0.054015 0.013567 0.579536 1.0 0.020142 0.580213 1.0 0.014021 0.592415 1.0 0.017875 0.598853 1.0 0.023769 0.597498 1.0
0 0.155762 0.625547 0.018555 0.030657 0.148342 0.619539 1.0 0.155012 0.619539 1.0 0.150565 0.626772 1.0 0.149519 0.634984 1.0 0.155273 0.63342 1.0
0 0.181152 0.629197 0.016602 0.029197 0.177268 0.623931 1.0 0.182831 0.62412 1.0 0.178406 0.630168 1.0 0.179291 0.637917 1.0 0.18321 0.638485 1.0
0 0.216309 0.637226 0.018555 0.030657 0.210497 0.63359 1.0 0.218606 0.632984 1.0 0.213065 0.637832 1.0 0.211038 0.646924 1.0 0.217255 0.646721 1.0
0 0.27832 0.612409 0.021484 0.030657 0.273438 0.602816 1.0 0.28418 0.60365 1.0 0.277763 0.609072 1.0 0.273717 0.619291 1.0 0.280971 0.619708 1.0
0 0.358887 0.649635 0.012695 0.026277 0.354025 0.646089 1.0 0.361088 0.645914 1.0 0.356851 0.652073 1.0 0.355438 0.655416 1.0 0.35897 0.655943 1.0
0 0.37793 0.647445 0.015625 0.024818 0.374023 0.643796 1.0 0.379883 0.643796 1.0 0.375977 0.648175 1.0 0.374023 0.655474 1.0 0.379883 0.655474 1.0
0 0.398926 0.617518 0.012695 0.026277 0.394531 0.608759 1.0 0.397461 0.608759 1.0 0.393555 0.616058 1.0 0.393555 0.624818 1.0 0.395508 0.623358 1.0
0 0.444336 0.60219 0.013672 0.021898 0.440865 0.598736 1.0 0.446429 0.599022 1.0 0.442592 0.603324 1.0 0.439715 0.609489 1.0 0.445182 0.609346 1.0
0 0.500488 0.659124 0.014648 0.024818 0.495117 0.654015 1.0 0.500977 0.654015 1.0 0.496094 0.661314 1.0 0.494141 0.667153 1.0 0.498047 0.667153 1.0
0 0.450684 0.656204 0.010742 0.021898 0.449219 0.652555 1.0 0.455078 0.651095 1.0 0.453125 0.655474 1.0 0.450195 0.661314 1.0 0.455078 0.661314 1.0
0 0.48584 0.652555 0.010742 0.017518 0.482422 0.652555 1.0 0.488281 0.652555 1.0 0.484375 0.655474 1.0 0.483398 0.661314 1.0 0.487305 0.661314 1.0
0 0.515625 0.650365 0.009766 0.018978 0.512561 0.648038 1.0 0.516288 0.647914 1.0 0.513389 0.652743 1.0 0.51314 0.655964 1.0 0.516205 0.655715 1.0
0 0.606934 0.645255 0.006836 0.014599 0.602539 0.643796 1.0 0.606445 0.645255 1.0 0.603516 0.648175 1.0 0.602539 0.652555 1.0 0.605469 0.654015 1.0
0 0.614258 0.661314 0.011719 0.023358 0.609672 0.658035 1.0 0.614184 0.658785 1.0 0.611176 0.662382 1.0 0.610273 0.66658 1.0 0.61288 0.666429 1.0
0 0.635742 0.648905 0.013672 0.027737 0.630737 0.645803 1.0 0.636719 0.645985 1.0 0.631836 0.651095 1.0 0.630859 0.656204 1.0 0.635498 0.656204 1.0
0 0.662598 0.659854 0.016602 0.032117 0.658831 0.656934 1.0 0.666085 0.657143 1.0 0.663017 0.6634 1.0 0.657296 0.666945 1.0 0.668038 0.667362 1.0
0 0.6875 0.665693 0.009766 0.020438 0.684174 0.665784 1.0 0.689209 0.665101 1.0 0.685363 0.671123 1.0 0.685181 0.675775 1.0 0.688477 0.673997 1.0
0 0.731445 0.662044 0.019531 0.039416 0.726144 0.653388 1.0 0.727635 0.653388 1.0 0.722665 0.662305 1.0 0.726476 0.671964 1.0 0.728629 0.671715 1.0