0 0.457031 0.467635 0.058594 0.097754 0.445984 0.458306 1.0 0.472534 0.457067 1.0 0.461548 0.475025 1.0 0.450562 0.493601 1.0 0.46933 0.493601 1.0
0 0.018555 0.472259 0.021484 0.040951 0.015084 0.463814 1.0 0.027169 0.466408 1.0 0.023717 0.472896 1.0 0.014125 0.480421 1.0 0.023908 0.482238 1.0
0 0.051758 0.496697 0.021484 0.034346 0.048828 0.488771 1.0 0.05957 0.490092 1.0 0.051758 0.496697 1.0 0.049805 0.505945 1.0 0.056641 0.507266 1.0
0 0.13623 0.455746 0.038086 0.050198 0.127441 0.44749 1.0 0.146729 0.446169 1.0 0.142822 0.452774 1.0 0.133545 0.467966 1.0 0.149414 0.467966 1.0
0 0.1875 0.498018 0.013672 0.029062 0.187988 0.492546 1.0 0.192592 0.492546 1.0 0.192871 0.498773 1.0 0.187291 0.504812 1.0 0.191337 0.505001 1.0
0 0.35791 0.366579 0.051758 0.088507 0.363569 0.353723 1.0 0.380781 0.35982 1.0 0.382011 0.371461 1.0 0.366438 0.386429 1.0 0.377093 0.391419 1.0
0 0.40918 0.509908 0.015625 0.02642 0.0 0.0 0.0 0.0 0.0 0.0 0.0 0.0 0.0 0.0 0.0 0.0 0.0 0.0 0.0
0 0.539062 0.471598 0.027344 0.05284 0.536329 0.465223 1.0 0.547263 0.466568 1.0 0.545523 0.476653 1.0 0.535832 0.486737 1.0 0.546518 0.48909 1.0
0 0.581055 0.490753 0.017578 0.035667 0.58354 0.48942 1.0 0.590332 0.488523 1.0 0.589007 0.49547 1.0 0.585693 0.501522 1.0 0.590498 0.501297 1.0
0 0.757324 0.500661 0.041992 0.071334 0.749634 0.495913 1.0 0.768769 0.495005 1.0 0.759705 0.506811 1.0 0.753662 0.521342 1.0 0.766418 0.520888 1.0
0 0.822754 0.498679 0.022461 0.048877 0.823242 0.494055 1.0 0.828125 0.495376 1.0 0.830078 0.504624 1.0 0.825195 0.509908 1.0 0.826172 0.513871 1.0
0 0.85498 0.501321 0.018555 0.043593 0.853058 0.49307 1.0 0.860024 0.491684 1.0 0.863098 0.499169 1.0 0.85859 0.510532 1.0 0.863918 0.510255 1.0
0 0.871094 0.508587 0.011719 0.02642 0.873047 0.508587 1.0 0.870117 0.508587 1.0 0.87793 0.51255 1.0 0.873047 0.516513 1.0 0.869141 0.517834 1.0
0 0.883789 0.502642 0.011719 0.025099 0.879883 0.499339 1.0 0.87793 0.499339 1.0 0.87793 0.503303 1.0 0.882812 0.511229 1.0 0.879883 0.508587 1.0
0 0.914551 0.540951 0.018555 0.030383 0.918945 0.536328 1.0 0.915039 0.533686 1.0 0.921875 0.544254 1.0 0.911133 0.546896 1.0 0.913086 0.550859 1.0
0 0.93457 0.508587 0.015625 0.031704 0.933891 0.504659 1.0 0.937744 0.504458 1.0 0.940412 0.510875 1.0 0.93641 0.518293 1.0 0.938634 0.518092 1.0
0 0.960449 0.517173 0.016602 0.035667 0.965428 0.516513 1.0 0.966256 0.516513 1.0 0.968741 0.523908 1.0 0.964269 0.527493 1.0 0.965097 0.527717 1.0
0 0.968262 0.562087 0.018555 0.027741 0.968916 0.554881 1.0 0.975717 0.556119 1.0 0.97467 0.562135 1.0 0.970354 0.56762 1.0 0.975455 0.568149 1.0