0 0.962402 0.391234 0.03418 0.024026 0.0 0.0 0.0 0.0 0.0 0.0 0.0 0.0 0.0 0.0 0.0 0.0 0.0 0.0 0.0
0 0.903809 0.458117 0.051758 0.03961 0.0 0.0 0.0 0.0 0.0 0.0 0.0 0.0 0.0 0.0 0.0 0.0 0.0 0.0 0.0
0 0.867676 0.412338 0.032227 0.027273 0.0 0.0 0.0 0.0 0.0 0.0 0.0 0.0 0.0 0.0 0.0 0.0 0.0 0.0 0.0
0 0.875977 0.377922 0.029297 0.024675 0.874023 0.372727 1.0 0.894531 0.372727 1.0 0.886719 0.37987 1.0 0.878906 0.385714 1.0 0.891602 0.385714 1.0
0 0.769043 0.38961 0.061523 0.061039 0.755981 0.379279 1.0 0.787057 0.379662 1.0 0.77785 0.390758 1.0 0.763463 0.403769 1.0 0.785906 0.403769 1.0
0 0.56543 0.403896 0.207031 0.164935 0.585175 0.372525 1.0 0.648986 0.384943 1.0 0.662994 0.403571 1.0 0.589844 0.437723 1.0 0.647431 0.444968 1.0
0 0.299316 0.329545 0.145508 0.133117 0.287528 0.311688 1.0 0.345284 0.315863 1.0 0.332729 0.322542 1.0 0.296317 0.357606 1.0 0.345284 0.360946 1.0
0 0.701172 0.418831 0.101562 0.093506 0.684754 0.409091 1.0 0.732544 0.410856 1.0 0.725464 0.421449 1.0 0.695373 0.444988 1.0 0.735199 0.445577 1.0
0 0.160156 0.354221 0.0625 0.059091 0.0 0.0 0.0 0.0 0.0 0.0 0.0 0.0 0.0 0.0 0.0 0.0 0.0 0.0 0.0
0 0.104492 0.378247 0.052734 0.037013 0.095664 0.372611 1.0 0.109083 0.369324 1.0 0.112968 0.378716 1.0 0.105552 0.387405 1.0 0.11438 0.385526 1.0
0 0.061523 0.343831 0.054688 0.044805 0.038979 0.335395 1.0 0.05801 0.334833 1.0 0.041517 0.343269 1.0 0.045323 0.353392 1.0 0.055473 0.352829 1.0
0 0.019531 0.350974 0.037109 0.038312 0.004639 0.347971 1.0 0.024414 0.348458 1.0 0.014893 0.354789 1.0 0.008301 0.362581 1.0 0.020752 0.362338 1.0