0 0.907715 0.820896 0.020508 0.046908 0.0 0.0 0.0 0.0 0.0 0.0 0.0 0.0 0.0 0.0 0.0 0.0 0.0 0.0 0.0
0 0.841797 0.787846 0.023438 0.049041 0.839338 0.779337 1.0 0.848677 0.777719 1.0 0.845415 0.790341 1.0 0.841117 0.798431 1.0 0.849565 0.79649 1.0
0 0.887207 0.767591 0.018555 0.03838 0.0 0.0 0.0 0.0 0.0 0.0 0.0 0.0 0.0 0.0 0.0 0.0 0.0 0.0 0.0
0 0.933105 0.732409 0.018555 0.040512 0.0 0.0 0.0 0.0 0.0 0.0 0.0 0.0 0.0 0.0 0.0 0.0 0.0 0.0 0.0
0 0.815918 0.810235 0.020508 0.046908 0.813546 0.802923 1.0 0.822475 0.802011 1.0 0.819545 0.812672 1.0 0.816895 0.823028 1.0 0.82387 0.823333 1.0
0 0.835938 0.735608 0.009766 0.021322 0.0 0.0 0.0 0.0 0.0 0.0 0.0 0.0 0.0 0.0 0.0 0.0 0.0 0.0 0.0
0 0.727539 0.942431 0.017578 0.046908 0.723912 0.935119 1.0 0.730888 0.93177 1.0 0.728097 0.940299 1.0 0.725586 0.950959 1.0 0.732562 0.949742 1.0
0 0.67041 0.974414 0.020508 0.051173 0.665214 0.963448 1.0 0.676069 0.961736 1.0 0.671753 0.975727 1.0 0.667437 0.988292 1.0 0.676592 0.988006 1.0
0 0.48291 0.504264 0.081055 0.206823 0.471749 0.461772 1.0 0.507324 0.464362 1.0 0.49428 0.477307 1.0 0.477086 0.543328 1.0 0.507917 0.545919 1.0
0 0.202148 0.840085 0.023438 0.051173 0.196319 0.832156 1.0 0.206391 0.832156 1.0 0.198914 0.842817 1.0 0.196167 0.85581 1.0 0.204102 0.855478 1.0
0 0.272949 0.895522 0.020508 0.051173 0.267578 0.888126 1.0 0.277496 0.888461 1.0 0.271851 0.900452 1.0 0.268341 0.910115 1.0 0.275055 0.909115 1.0
0 0.278809 0.813433 0.018555 0.044776 0.273646 0.806371 1.0 0.280578 0.806085 1.0 0.276132 0.814367 1.0 0.273777 0.823789 1.0 0.278617 0.82436 1.0
0 0.155273 0.836887 0.017578 0.049041 0.151275 0.827844 1.0 0.151132 0.827844 1.0 0.146097 0.838211 1.0 0.149405 0.849518 1.0 0.149405 0.849518 1.0
0 0.111816 0.83049 0.018555 0.049041 0.0 0.0 0.0 0.0 0.0 0.0 0.0 0.0 0.0 0.0 0.0 0.0 0.0 0.0 0.0
0 0.064453 0.882729 0.023438 0.051173 0.056671 0.871002 1.0 0.065521 0.874 1.0 0.05835 0.884994 1.0 0.055146 0.894657 1.0 0.062774 0.894324 1.0
0 0.080566 0.815565 0.018555 0.044776 0.071315 0.806789 1.0 0.079162 0.809644 1.0 0.07367 0.815928 1.0 0.076678 0.824495 1.0 0.077854 0.824495 1.0
0 0.02002 0.855011 0.018555 0.034115 0.0 0.0 0.0 0.0 0.0 0.0 0.0 0.0 0.0 0.0 0.0 0.0 0.0 0.0 0.0
0 0.293457 0.840085 0.008789 0.025586 0.0 0.0 0.0 0.0 0.0 0.0 0.0 0.0 0.0 0.0 0.0 0.0 0.0 0.0 0.0
0 0.320801 0.911514 0.020508 0.044776 0.31423 0.912399 1.0 0.320447 0.904727 1.0 0.320312 0.915055 1.0 0.320042 0.928923 1.0 0.324907 0.921546 1.0
0 0.235352 0.855011 0.017578 0.042644 0.231686 0.848699 1.0 0.232064 0.849529 1.0 0.227134 0.854772 1.0 0.229789 0.866367 1.0 0.230168 0.867194 1.0
0 0.247559 0.809168 0.010742 0.027719 0.0 0.0 0.0 0.0 0.0 0.0 0.0 0.0 0.0 0.0 0.0 0.0 0.0 0.0 0.0
0 0.264648 0.824094 0.007812 0.027719 0.0 0.0 0.0 0.0 0.0 0.0 0.0 0.0 0.0 0.0 0.0 0.0 0.0 0.0 0.0
0 0.89502 0.723881 0.010742 0.023454 0.0 0.0 0.0 0.0 0.0 0.0 0.0 0.0 0.0 0.0 0.0 0.0 0.0 0.0 0.0
0 0.858887 0.73774 0.008789 0.025586 0.0 0.0 0.0 0.0 0.0 0.0 0.0 0.0 0.0 0.0 0.0 0.0 0.0 0.0 0.0
0 0.98877 0.80064 0.020508 0.044776 0.0 0.0 0.0 0.0 0.0 0.0 0.0 0.0 0.0 0.0 0.0 0.0 0.0 0.0 0.0
0 0.944824 0.803838 0.016602 0.034115 0.947985 0.793377 1.0 0.954197 0.793614 1.0 0.952018 0.802896 1.0 0.947767 0.80932 1.0 0.950492 0.80932 1.0
0 0.956543 0.76226 0.016602 0.044776 0.957493 0.752055 1.0 0.961417 0.750915 1.0 0.963248 0.761194 1.0 0.95854 0.77433 1.0 0.962071 0.774902 1.0