0 0.513184 0.420088 0.016602 0.036657 0.506749 0.410636 1.0 0.511928 0.409928 1.0 0.50518 0.421004 1.0 0.50722 0.428309 1.0 0.511771 0.428545 1.0
0 0.576172 0.449413 0.009766 0.021994 0.0 0.0 0.0 0.0 0.0 0.0 0.0 0.0 0.0 0.0 0.0 0.0 0.0 0.0 0.0
0 0.654785 0.423021 0.024414 0.045455 0.645177 0.416239 1.0 0.657453 0.415663 1.0 0.650548 0.425743 1.0 0.647862 0.432655 1.0 0.65611 0.432081 1.0
0 0.756348 0.373167 0.02832 0.05132 0.74687 0.367198 1.0 0.759513 0.36556 1.0 0.751447 0.37538 1.0 0.748396 0.382908 1.0 0.758641 0.383235 1.0
0 0.697754 0.445015 0.010742 0.024927 0.0 0.0 0.0 0.0 0.0 0.0 0.0 0.0 0.0 0.0 0.0 0.0 0.0 0.0 0.0
0 0.615723 0.434751 0.010742 0.016129 0.0 0.0 0.0 0.0 0.0 0.0 0.0 0.0 0.0 0.0 0.0 0.0 0.0 0.0 0.0
0 0.859375 0.395161 0.009766 0.016129 0.0 0.0 0.0 0.0 0.0 0.0 0.0 0.0 0.0 0.0 0.0 0.0 0.0 0.0 0.0
0 0.838867 0.396628 0.009766 0.016129 0.0 0.0 0.0 0.0 0.0 0.0 0.0 0.0 0.0 0.0 0.0 0.0 0.0 0.0 0.0
0 0.885254 0.398827 0.010742 0.020528 0.0 0.0 0.0 0.0 0.0 0.0 0.0 0.0 0.0 0.0 0.0 0.0 0.0 0.0 0.0
0 0.472656 0.435484 0.007812 0.020528 0.0 0.0 0.0 0.0 0.0 0.0 0.0 0.0 0.0 0.0 0.0 0.0 0.0 0.0 0.0
0 0.441895 0.437683 0.010742 0.021994 0.0 0.0 0.0 0.0 0.0 0.0 0.0 0.0 0.0 0.0 0.0 0.0 0.0 0.0 0.0
0 0.406738 0.447947 0.012695 0.024927 0.403961 0.445328 1.0 0.40952 0.44582 1.0 0.406032 0.45122 1.0 0.403961 0.454657 1.0 0.408103 0.454657 1.0
0 0.366211 0.457478 0.009766 0.02346 0.363212 0.454965 1.0 0.369176 0.456378 1.0 0.366246 0.46062 1.0 0.364467 0.46549 1.0 0.367711 0.465805 1.0
0 0.312012 0.450147 0.014648 0.026393 0.0 0.0 0.0 0.0 0.0 0.0 0.0 0.0 0.0 0.0 0.0 0.0 0.0 0.0 0.0
0 0.334473 0.422287 0.008789 0.020528 0.0 0.0 0.0 0.0 0.0 0.0 0.0 0.0 0.0 0.0 0.0 0.0 0.0 0.0 0.0
0 0.053223 0.449413 0.010742 0.021994 0.050314 0.446441 1.0 0.054928 0.445087 1.0 0.05202 0.450056 1.0 0.050916 0.454723 1.0 0.055128 0.453969 1.0
0 0.109375 0.446481 0.015625 0.030792 0.104439 0.440249 1.0 0.111633 0.442409 1.0 0.10601 0.446927 1.0 0.103394 0.45321 1.0 0.108494 0.455174 1.0
0 0.174316 0.458944 0.012695 0.02346 0.0 0.0 0.0 0.0 0.0 0.0 0.0 0.0 0.0 0.0 0.0 0.0 0.0 0.0 0.0
0 0.206055 0.524194 0.011719 0.019062 0.0 0.0 0.0 0.0 0.0 0.0 0.0 0.0 0.0 0.0 0.0 0.0 0.0 0.0 0.0
0 0.018066 0.467009 0.016602 0.036657 0.0 0.0 0.0 0.0 0.0 0.0 0.0 0.0 0.0 0.0 0.0 0.0 0.0 0.0 0.0
0 0.938477 0.404692 0.009766 0.017595 0.0 0.0 0.0 0.0 0.0 0.0 0.0 0.0 0.0 0.0 0.0 0.0 0.0 0.0 0.0
0 0.952148 0.398827 0.009766 0.017595 0.0 0.0 0.0 0.0 0.0 0.0 0.0 0.0 0.0 0.0 0.0 0.0 0.0 0.0 0.0
0 0.449707 0.405425 0.008789 0.016129 0.0 0.0 0.0 0.0 0.0 0.0 0.0 0.0 0.0 0.0 0.0 0.0 0.0 0.0 0.0
0 0.560547 0.428886 0.007812 0.016129 0.0 0.0 0.0 0.0 0.0 0.0 0.0 0.0 0.0 0.0 0.0 0.0 0.0 0.0 0.0
0 0.589355 0.429619 0.008789 0.017595 0.0 0.0 0.0 0.0 0.0 0.0 0.0 0.0 0.0 0.0 0.0 0.0 0.0 0.0 0.0
0 0.918945 0.420088 0.009766 0.019062 0.0 0.0 0.0 0.0 0.0 0.0 0.0 0.0 0.0 0.0 0.0 0.0 0.0 0.0 0.0