0 0.068359 0.319629 0.03125 0.061008 0.065944 0.306733 1.0 0.068534 0.307515 1.0 0.064506 0.319237 1.0 0.06393 0.334869 1.0 0.065081 0.334869 1.0
0 0.18457 0.314987 0.056641 0.070292 0.165039 0.295756 1.0 0.185547 0.295756 1.0 0.170898 0.312997 1.0 0.166992 0.331565 1.0 0.183594 0.330239 1.0
0 0.237305 0.328912 0.037109 0.050398 0.228516 0.322281 1.0 0.244141 0.322281 1.0 0.233398 0.331565 1.0 0.229492 0.340849 1.0 0.239258 0.340849 1.0
0 0.308105 0.29244 0.040039 0.067639 0.29599 0.287686 1.0 0.312857 0.28639 1.0 0.302991 0.29633 1.0 0.298854 0.310594 1.0 0.312539 0.308432 1.0
0 0.34668 0.309682 0.035156 0.046419 0.338867 0.298408 1.0 0.349609 0.297082 1.0 0.341797 0.306366 1.0 0.339844 0.318302 1.0 0.347656 0.318302 1.0
0 0.407227 0.30305 0.052734 0.080902 0.390241 0.293731 1.0 0.411987 0.293221 1.0 0.39624 0.304934 1.0 0.390616 0.324282 1.0 0.406738 0.323773 1.0
0 0.510254 0.319629 0.045898 0.076923 0.495527 0.308646 1.0 0.517962 0.309137 1.0 0.505659 0.322897 1.0 0.499508 0.338131 1.0 0.515067 0.338622 1.0
0 0.578125 0.33687 0.042969 0.066313 0.56897 0.319391 1.0 0.583518 0.319812 1.0 0.576398 0.332844 1.0 0.565255 0.344614 1.0 0.586304 0.345455 1.0
0 0.622559 0.311671 0.036133 0.05305 0.614624 0.300546 1.0 0.629037 0.300546 1.0 0.619097 0.312695 1.0 0.617109 0.321808 1.0 0.628292 0.322483 1.0
0 0.664551 0.303714 0.024414 0.04244 0.0 0.0 0.0 0.0 0.0 0.0 0.0 0.0 0.0 0.0 0.0 0.0 0.0 0.0 0.0
0 0.685547 0.290451 0.042969 0.066313 0.668396 0.266744 1.0 0.68396 0.268817 1.0 0.672363 0.284151 1.0 0.672668 0.301143 1.0 0.68457 0.299485 1.0
0 0.73877 0.311008 0.030273 0.046419 0.733268 0.302056 1.0 0.745039 0.304127 1.0 0.739371 0.313009 1.0 0.732178 0.323074 1.0 0.743513 0.324554 1.0
0 0.814453 0.366048 0.025391 0.047745 0.809204 0.362969 1.0 0.818499 0.362969 1.0 0.813965 0.369743 1.0 0.811018 0.376516 1.0 0.817139 0.376208 1.0
0 0.909668 0.345491 0.02832 0.046419 0.899078 0.342009 1.0 0.907837 0.341139 1.0 0.899933 0.350133 1.0 0.899292 0.359707 1.0 0.906342 0.358546 1.0
0 0.770508 0.354775 0.023438 0.035809 0.0 0.0 0.0 0.0 0.0 0.0 0.0 0.0 0.0 0.0 0.0 0.0 0.0 0.0 0.0
0 0.025391 0.298408 0.017578 0.058355 0.0 0.0 0.0 0.0 0.0 0.0 0.0 0.0 0.0 0.0 0.0 0.0 0.0 0.0 0.0
0 0.85498 0.394562 0.022461 0.038462 0.0 0.0 0.0 0.0 0.0 0.0 0.0 0.0 0.0 0.0 0.0 0.0 0.0 0.0 0.0