0 0.211426 0.451172 0.016602 0.029948 0.207397 0.452514 1.0 0.215166 0.45098 1.0 0.211282 0.456352 1.0 0.208404 0.462874 1.0 0.215311 0.461914 1.0
0 0.206543 0.486328 0.022461 0.029948 0.204721 0.481132 1.0 0.213466 0.481329 1.0 0.209761 0.485479 1.0 0.206203 0.49299 1.0 0.212132 0.493582 1.0
0 0.165527 0.502604 0.020508 0.033854 0.165536 0.499953 1.0 0.172494 0.49929 1.0 0.171003 0.505697 1.0 0.16653 0.512103 1.0 0.174482 0.510336 1.0
0 0.231934 0.396484 0.014648 0.016927 0.228516 0.393229 1.0 0.235352 0.391927 1.0 0.233398 0.397135 1.0 0.229492 0.402344 1.0 0.237305 0.403646 1.0
0 0.264648 0.479818 0.019531 0.032552 0.259783 0.46975 1.0 0.268572 0.468495 1.0 0.265276 0.4754 1.0 0.26151 0.482724 1.0 0.269671 0.481887 1.0
0 0.291016 0.440104 0.015625 0.03125 0.286713 0.440064 1.0 0.293885 0.439047 1.0 0.289917 0.445557 1.0 0.287781 0.448202 1.0 0.294494 0.447997 1.0
0 0.296387 0.376302 0.014648 0.026042 0.292969 0.369792 1.0 0.299805 0.369792 1.0 0.296875 0.377604 1.0 0.293945 0.384115 1.0 0.301758 0.385417 1.0
0 0.318848 0.386719 0.016602 0.020833 0.316231 0.381342 1.0 0.323644 0.381342 1.0 0.320265 0.386719 1.0 0.31754 0.391224 1.0 0.323534 0.391078 1.0
0 0.34375 0.389974 0.015625 0.02474 0.339844 0.384115 1.0 0.348633 0.385417 1.0 0.34375 0.390625 1.0 0.341797 0.395833 1.0 0.34668 0.397135 1.0
0 0.349609 0.451172 0.017578 0.022135 0.348249 0.448301 1.0 0.35403 0.447997 1.0 0.352104 0.451776 1.0 0.350062 0.456613 1.0 0.354597 0.456915 1.0
0 0.345703 0.488932 0.019531 0.027344 0.343053 0.483887 1.0 0.351837 0.483526 1.0 0.348053 0.489112 1.0 0.34481 0.494339 1.0 0.350485 0.494518 1.0
0 0.379395 0.384115 0.014648 0.023438 0.376221 0.37722 1.0 0.384722 0.37722 1.0 0.381208 0.381603 1.0 0.378261 0.388707 1.0 0.384269 0.388858 1.0
0 0.40332 0.398438 0.013672 0.020833 0.399414 0.398438 1.0 0.405273 0.397135 1.0 0.402344 0.402344 1.0 0.399414 0.407552 1.0 0.40625 0.407552 1.0
0 0.434082 0.396484 0.016602 0.019531 0.430664 0.393229 1.0 0.438477 0.393229 1.0 0.43457 0.397135 1.0 0.430664 0.402344 1.0 0.438477 0.403646 1.0
0 0.418457 0.461589 0.016602 0.027344 0.411133 0.460938 1.0 0.419922 0.455729 1.0 0.416016 0.46224 1.0 0.414062 0.471354 1.0 0.419922 0.470052 1.0
0 0.413574 0.511068 0.018555 0.027344 0.408866 0.504487 1.0 0.41632 0.503441 1.0 0.412528 0.509719 1.0 0.410958 0.519833 1.0 0.418282 0.51931 1.0
0 0.47998 0.48112 0.018555 0.027344 0.478245 0.475411 1.0 0.485569 0.475411 1.0 0.482431 0.481341 1.0 0.478507 0.488491 1.0 0.484131 0.488316 1.0
0 0.458984 0.389323 0.015625 0.023438 0.456055 0.385417 1.0 0.462891 0.384115 1.0 0.460938 0.390625 1.0 0.458008 0.395833 1.0 0.464844 0.395833 1.0
0 0.490234 0.389974 0.017578 0.022135 0.48798 0.388561 1.0 0.494926 0.388247 1.0 0.491865 0.391073 1.0 0.487862 0.395937 1.0 0.495514 0.395467 1.0
0 0.478516 0.440755 0.015625 0.019531 0.473633 0.434896 1.0 0.482422 0.434896 1.0 0.477539 0.441406 1.0 0.474609 0.446615 1.0 0.481445 0.445312 1.0
0 0.526855 0.384115 0.016602 0.020833 0.524571 0.379609 1.0 0.531655 0.379465 1.0 0.528276 0.382952 1.0 0.525661 0.389201 1.0 0.530457 0.389056 1.0
0 0.563477 0.384766 0.015625 0.022135 0.560573 0.380336 1.0 0.567827 0.379883 1.0 0.564653 0.384266 1.0 0.561366 0.388497 1.0 0.566921 0.388497 1.0
0 0.537598 0.447917 0.016602 0.023438 0.534127 0.442836 1.0 0.541722 0.441779 1.0 0.538548 0.449335 1.0 0.534921 0.452962 1.0 0.541495 0.452056 1.0
0 0.59668 0.389974 0.019531 0.02474 0.59341 0.389637 1.0 0.602513 0.389637 1.0 0.597835 0.393177 1.0 0.595812 0.39874 1.0 0.599479 0.39874 1.0
0 0.626953 0.389323 0.015625 0.023438 0.62575 0.384544 1.0 0.631304 0.384393 1.0 0.628811 0.389382 1.0 0.62677 0.394368 1.0 0.631871 0.394368 1.0
0 0.668945 0.395182 0.017578 0.022135 0.665475 0.389846 1.0 0.672843 0.389846 1.0 0.668195 0.394833 1.0 0.665588 0.399973 1.0 0.670235 0.400275 1.0
0 0.699707 0.371745 0.016602 0.022135 0.699219 0.367188 1.0 0.707031 0.365885 1.0 0.704102 0.371094 1.0 0.701172 0.376302 1.0 0.706055 0.375 1.0
0 0.649414 0.425781 0.019531 0.026042 0.647261 0.420375 1.0 0.654585 0.420549 1.0 0.650661 0.426479 1.0 0.646083 0.428921 1.0 0.653407 0.429443 1.0
0 0.596191 0.423177 0.018555 0.028646 0.592106 0.41766 1.0 0.601026 0.418382 1.0 0.596837 0.423066 1.0 0.592917 0.428293 1.0 0.599404 0.428473 1.0
0 0.709961 0.452474 0.019531 0.027344 0.704102 0.447917 1.0 0.714844 0.446615 1.0 0.709961 0.453125 1.0 0.706055 0.458333 1.0 0.712891 0.458333 1.0
0 0.606934 0.485677 0.018555 0.023438 0.604736 0.479167 1.0 0.611938 0.479167 1.0 0.609131 0.486165 1.0 0.606079 0.491699 1.0 0.610474 0.492025 1.0
0 0.664551 0.485677 0.020508 0.023438 0.6604 0.479492 1.0 0.670079 0.478969 1.0 0.666024 0.483154 1.0 0.661577 0.488734 1.0 0.67021 0.487863 1.0
0 0.54248 0.509766 0.018555 0.027344 0.539115 0.503977 1.0 0.547747 0.504151 1.0 0.5433 0.509905 1.0 0.54003 0.516009 1.0 0.545393 0.516184 1.0
0 0.60498 0.58724 0.020508 0.03125 0.60086 0.581299 1.0 0.611694 0.581299 1.0 0.606506 0.58903 1.0 0.602844 0.594523 1.0 0.608185 0.594523 1.0
0 0.717285 0.611979 0.020508 0.033854 0.713087 0.607887 1.0 0.721636 0.608318 1.0 0.716958 0.61606 1.0 0.713087 0.621007 1.0 0.72212 0.621436 1.0
0 0.752441 0.595052 0.020508 0.033854 0.746146 0.592035 1.0 0.75647 0.591605 1.0 0.750018 0.597411 1.0 0.745501 0.603435 1.0 0.757115 0.603865 1.0
0 0.253418 0.641927 0.022461 0.039062 0.252843 0.640904 1.0 0.260899 0.640904 1.0 0.25783 0.649089 1.0 0.252843 0.653693 1.0 0.260899 0.653181 1.0
0 0.291992 0.674479 0.019531 0.036458 0.290301 0.670492 1.0 0.298165 0.671922 1.0 0.296021 0.678118 1.0 0.290301 0.682884 1.0 0.297271 0.683361 1.0
0 0.295898 0.620443 0.017578 0.03776 0.291704 0.619617 1.0 0.300105 0.618426 1.0 0.296709 0.625337 1.0 0.292956 0.630581 1.0 0.301893 0.627482 1.0
0 0.250488 0.60612 0.018555 0.027344 0.24735 0.603556 1.0 0.256134 0.601754 1.0 0.252485 0.606259 1.0 0.251134 0.612746 1.0 0.257215 0.612746 1.0
0 0.77002 0.657552 0.020508 0.039062 0.763672 0.656273 1.0 0.772304 0.656273 1.0 0.7677 0.6619 1.0 0.764247 0.667527 1.0 0.772304 0.667271 1.0
0 0.82666 0.63151 0.018555 0.036458 0.822649 0.627651 1.0 0.830497 0.630906 1.0 0.824394 0.633928 1.0 0.820033 0.641137 1.0 0.826835 0.642996 1.0
0 0.785156 0.611328 0.019531 0.03776 0.778591 0.61109 1.0 0.786991 0.610613 1.0 0.781986 0.617763 1.0 0.778948 0.621339 1.0 0.789315 0.620146 1.0
0 0.760254 0.364583 0.016602 0.026042 0.755358 0.359044 1.0 0.763955 0.359044 1.0 0.758266 0.363427 1.0 0.755358 0.371181 1.0 0.761933 0.370676 1.0
0 0.816406 0.440104 0.017578 0.026042 0.814021 0.441812 1.0 0.822366 0.438104 1.0 0.819837 0.444005 1.0 0.818446 0.44923 1.0 0.823251 0.446365 1.0
0 0.812988 0.472656 0.020508 0.028646 0.805873 0.467634 1.0 0.812709 0.467634 1.0 0.805455 0.471913 1.0 0.805036 0.479539 1.0 0.808803 0.480096 1.0
0 0.744141 0.4375 0.019531 0.033854 0.73914 0.434483 1.0 0.748335 0.433839 1.0 0.743495 0.439 1.0 0.738817 0.444591 1.0 0.748173 0.444807 1.0