0 0.027832 0.522431 0.008789 0.014472 0.0 0.0 0.0 0.0 0.0 0.0 0.0 0.0 0.0 0.0 0.0 0.0 0.0 0.0 0.0
0 0.039062 0.532562 0.009766 0.017366 0.03669 0.53041 1.0 0.040693 0.529641 1.0 0.038692 0.535023 1.0 0.037432 0.53678 1.0 0.041286 0.536012 1.0
0 0.066895 0.5 0.010742 0.015919 0.0 0.0 0.0 0.0 0.0 0.0 0.0 0.0 0.0 0.0 0.0 0.0 0.0 0.0 0.0
0 0.077637 0.517366 0.008789 0.018813 0.0 0.0 0.0 0.0 0.0 0.0 0.0 0.0 0.0 0.0 0.0 0.0 0.0 0.0 0.0
0 0.124512 0.5 0.012695 0.024602 0.0 0.0 0.0 0.0 0.0 0.0 0.0 0.0 0.0 0.0 0.0 0.0 0.0 0.0 0.0
0 0.134277 0.501447 0.006836 0.013025 0.0 0.0 0.0 0.0 0.0 0.0 0.0 0.0 0.0 0.0 0.0 0.0 0.0 0.0 0.0
0 0.158203 0.518813 0.009766 0.018813 0.157301 0.518323 1.0 0.162022 0.5182 1.0 0.159786 0.522127 1.0 0.157798 0.52532 1.0 0.161856 0.525441 1.0
0 0.146973 0.506512 0.008789 0.02026 0.0 0.0 0.0 0.0 0.0 0.0 0.0 0.0 0.0 0.0 0.0 0.0 0.0 0.0 0.0
0 0.17627 0.512301 0.012695 0.028944 0.17627 0.508321 1.0 0.181152 0.507779 1.0 0.18103 0.512844 1.0 0.176758 0.518813 1.0 0.182007 0.517909 1.0
0 0.181152 0.496382 0.010742 0.02026 0.0 0.0 0.0 0.0 0.0 0.0 0.0 0.0 0.0 0.0 0.0 0.0 0.0 0.0 0.0
0 0.198242 0.514472 0.013672 0.027496 0.0 0.0 0.0 0.0 0.0 0.0 0.0 0.0 0.0 0.0 0.0 0.0 0.0 0.0 0.0
0 0.228027 0.492764 0.018555 0.033285 0.0 0.0 0.0 0.0 0.0 0.0 0.0 0.0 0.0 0.0 0.0 0.0 0.0 0.0 0.0
0 0.25293 0.497829 0.009766 0.014472 0.0 0.0 0.0 0.0 0.0 0.0 0.0 0.0 0.0 0.0 0.0 0.0 0.0 0.0 0.0
0 0.377441 0.515919 0.012695 0.030391 0.0 0.0 0.0 0.0 0.0 0.0 0.0 0.0 0.0 0.0 0.0 0.0 0.0 0.0 0.0
0 0.38916 0.499276 0.014648 0.031838 0.0 0.0 0.0 0.0 0.0 0.0 0.0 0.0 0.0 0.0 0.0 0.0 0.0 0.0 0.0
0 0.410156 0.494935 0.013672 0.028944 0.0 0.0 0.0 0.0 0.0 0.0 0.0 0.0 0.0 0.0 0.0 0.0 0.0 0.0 0.0
0 0.435547 0.490593 0.009766 0.02026 0.0 0.0 0.0 0.0 0.0 0.0 0.0 0.0 0.0 0.0 0.0 0.0 0.0 0.0 0.0
0 0.445801 0.54848 0.016602 0.031838 0.0 0.0 0.0 0.0 0.0 0.0 0.0 0.0 0.0 0.0 0.0 0.0 0.0 0.0 0.0
0 0.475586 0.539797 0.015625 0.034732 0.476898 0.538169 1.0 0.481934 0.53636 1.0 0.481781 0.544501 1.0 0.477661 0.549928 1.0 0.481476 0.549023 1.0
0 0.480957 0.495658 0.008789 0.021708 0.47726 0.494172 1.0 0.481171 0.493726 1.0 0.477861 0.498482 1.0 0.478664 0.501751 1.0 0.482374 0.500414 1.0
0 0.512207 0.502171 0.008789 0.023155 0.0 0.0 0.0 0.0 0.0 0.0 0.0 0.0 0.0 0.0 0.0 0.0 0.0 0.0 0.0
0 0.519531 0.51013 0.009766 0.021708 0.0 0.0 0.0 0.0 0.0 0.0 0.0 0.0 0.0 0.0 0.0 0.0 0.0 0.0 0.0
0 0.546387 0.521708 0.018555 0.036179 0.545288 0.517961 1.0 0.55392 0.51703 1.0 0.551095 0.52424 1.0 0.545916 0.530986 1.0 0.552821 0.53052 1.0
0 0.52832 0.5767 0.017578 0.044863 0.532436 0.57825 1.0 0.534162 0.577398 1.0 0.53493 0.585643 1.0 0.530518 0.590475 1.0 0.532628 0.589622 1.0
0 0.577637 0.484081 0.010742 0.021708 0.0 0.0 0.0 0.0 0.0 0.0 0.0 0.0 0.0 0.0 0.0 0.0 0.0 0.0 0.0
0 0.607422 0.484081 0.009766 0.021708 0.604536 0.47952 1.0 0.607029 0.481084 1.0 0.603769 0.485631 1.0 0.604057 0.489896 1.0 0.606742 0.489754 1.0
0 0.609863 0.549928 0.018555 0.037627 0.607396 0.545534 1.0 0.61452 0.546517 1.0 0.614686 0.551427 1.0 0.610543 0.559282 1.0 0.615182 0.559282 1.0
0 0.626953 0.489146 0.009766 0.026049 0.0 0.0 0.0 0.0 0.0 0.0 0.0 0.0 0.0 0.0 0.0 0.0 0.0 0.0 0.0
0 0.664062 0.51013 0.019531 0.036179 0.0 0.0 0.0 0.0 0.0 0.0 0.0 0.0 0.0 0.0 0.0 0.0 0.0 0.0 0.0
0 0.755371 0.459479 0.018555 0.041968 0.758545 0.454957 1.0 0.762573 0.454414 1.0 0.764221 0.461198 1.0 0.759461 0.469609 1.0 0.763123 0.469881 1.0
0 0.767578 0.471056 0.013672 0.030391 0.762643 0.468007 1.0 0.764866 0.468589 1.0 0.76042 0.472852 1.0 0.761858 0.479055 1.0 0.763951 0.479637 1.0
0 0.758301 0.544863 0.016602 0.047757 0.0 0.0 0.0 0.0 0.0 0.0 0.0 0.0 0.0 0.0 0.0 0.0 0.0 0.0 0.0
0 0.892578 0.526049 0.021484 0.044863 0.888725 0.523619 1.0 0.900042 0.524188 1.0 0.896397 0.530726 1.0 0.890643 0.538686 1.0 0.898891 0.538971 1.0
0 0.97168 0.5 0.015625 0.030391 0.0 0.0 0.0 0.0 0.0 0.0 0.0 0.0 0.0 0.0 0.0 0.0 0.0 0.0 0.0