0 0.098145 0.34375 0.018555 0.028646 0.099609 0.340587 1.0 0.105748 0.340402 1.0 0.104213 0.345052 1.0 0.099749 0.352121 1.0 0.104632 0.352121 1.0
0 0.149902 0.364583 0.040039 0.067708 0.153285 0.358561 1.0 0.163932 0.356841 1.0 0.161351 0.367164 1.0 0.154898 0.378779 1.0 0.163932 0.376628 1.0
0 0.190918 0.354818 0.022461 0.042969 0.182975 0.350992 1.0 0.189941 0.350992 1.0 0.183999 0.359462 1.0 0.185434 0.367112 1.0 0.190352 0.366839 1.0
0 0.210938 0.351562 0.015625 0.033854 0.207467 0.344738 1.0 0.213928 0.344517 1.0 0.209952 0.351365 1.0 0.207633 0.356887 1.0 0.212935 0.356887 1.0
0 0.21875 0.39388 0.021484 0.042969 0.215062 0.389026 1.0 0.228585 0.390665 1.0 0.222233 0.396949 1.0 0.215267 0.402141 1.0 0.225922 0.402686 1.0
0 0.268066 0.322266 0.016602 0.027344 0.269243 0.320568 1.0 0.273429 0.320393 1.0 0.274345 0.325451 1.0 0.270159 0.329811 1.0 0.273821 0.329811 1.0
0 0.227051 0.353516 0.012695 0.02474 0.223633 0.351562 1.0 0.230469 0.354167 1.0 0.226562 0.356771 1.0 0.222656 0.363281 1.0 0.228516 0.365885 1.0
0 0.293457 0.373047 0.026367 0.045573 0.284415 0.363385 1.0 0.29466 0.366001 1.0 0.286377 0.371233 1.0 0.283325 0.380534 1.0 0.293788 0.382859 1.0
0 0.331055 0.363932 0.033203 0.042969 0.324799 0.353027 1.0 0.339111 0.353027 1.0 0.332489 0.364135 1.0 0.325226 0.37325 1.0 0.338684 0.37325 1.0
0 0.328125 0.429036 0.033203 0.058594 0.322685 0.423921 1.0 0.33831 0.422061 1.0 0.330775 0.434337 1.0 0.323242 0.443267 1.0 0.336077 0.442895 1.0
0 0.408203 0.411458 0.035156 0.078125 0.417114 0.405273 1.0 0.42041 0.40332 1.0 0.425171 0.418457 1.0 0.414917 0.435059 1.0 0.421143 0.431641 1.0
0 0.467285 0.374349 0.022461 0.019531 0.0 0.0 0.0 0.0 0.0 0.0 0.0 0.0 0.0 0.0 0.0 0.0 0.0 0.0 0.0
0 0.504395 0.361328 0.030273 0.048177 0.492558 0.352086 1.0 0.502956 0.352702 1.0 0.492789 0.361637 1.0 0.492558 0.373035 1.0 0.501569 0.375809 1.0
0 0.537598 0.38737 0.022461 0.029948 0.0 0.0 0.0 0.0 0.0 0.0 0.0 0.0 0.0 0.0 0.0 0.0 0.0 0.0 0.0
0 0.563477 0.375 0.041016 0.067708 0.553929 0.366711 1.0 0.573979 0.368409 1.0 0.563795 0.380289 1.0 0.554884 0.394293 1.0 0.570797 0.395142 1.0
0 0.596191 0.345052 0.014648 0.028646 0.591239 0.342262 1.0 0.592634 0.34282 1.0 0.589983 0.347284 1.0 0.589983 0.351935 1.0 0.593192 0.352306 1.0
0 0.635742 0.283854 0.017578 0.023438 0.0 0.0 0.0 0.0 0.0 0.0 0.0 0.0 0.0 0.0 0.0 0.0 0.0 0.0 0.0
0 0.647949 0.367188 0.020508 0.041667 0.649305 0.367629 1.0 0.657501 0.366263 1.0 0.656066 0.374733 1.0 0.647051 0.376645 1.0 0.652788 0.379104 1.0
0 0.669922 0.332031 0.007812 0.015625 0.669922 0.330729 1.0 0.673828 0.330729 1.0 0.671875 0.334635 1.0 0.668945 0.33724 1.0 0.671875 0.338542 1.0
0 0.700684 0.413411 0.053711 0.097656 0.699707 0.407831 1.0 0.721889 0.407215 1.0 0.712646 0.427548 1.0 0.699707 0.442336 1.0 0.714957 0.44172 1.0
0 0.733398 0.357422 0.011719 0.019531 0.0 0.0 0.0 0.0 0.0 0.0 0.0 0.0 0.0 0.0 0.0 0.0 0.0 0.0 0.0
0 0.756836 0.354167 0.009766 0.015625 0.0 0.0 0.0 0.0 0.0 0.0 0.0 0.0 0.0 0.0 0.0 0.0 0.0 0.0 0.0
0 0.80127 0.354818 0.024414 0.040365 0.806763 0.351161 1.0 0.813629 0.351161 1.0 0.812452 0.357439 1.0 0.808921 0.364503 1.0 0.815002 0.364241 1.0
0 0.821289 0.413411 0.023438 0.058594 0.827706 0.402344 1.0 0.828265 0.402716 1.0 0.833845 0.414992 1.0 0.825195 0.425409 1.0 0.825753 0.425781 1.0
0 0.845703 0.370443 0.011719 0.022135 0.844727 0.367188 1.0 0.852539 0.367188 1.0 0.847656 0.372396 1.0 0.844727 0.377604 1.0 0.850586 0.377604 1.0
0 0.863281 0.36263 0.019531 0.035156 0.85597 0.357701 1.0 0.864812 0.359967 1.0 0.858011 0.365862 1.0 0.85563 0.370849 1.0 0.861241 0.372663 1.0
0 0.865723 0.41862 0.032227 0.050781 0.87051 0.417318 1.0 0.877942 0.416358 1.0 0.880101 0.423712 1.0 0.87051 0.432344 1.0 0.873866 0.431704 1.0
0 0.916504 0.352865 0.022461 0.028646 0.913783 0.346354 1.0 0.924386 0.345052 1.0 0.920619 0.351004 1.0 0.916853 0.357143 1.0 0.923271 0.356957 1.0
0 0.964355 0.38151 0.022461 0.028646 0.963235 0.375488 1.0 0.973737 0.374721 1.0 0.969997 0.381435 1.0 0.964817 0.387766 1.0 0.971436 0.38719 1.0
0 0.987305 0.376953 0.015625 0.027344 0.0 0.0 0.0 0.0 0.0 0.0 0.0 0.0 0.0 0.0 0.0 0.0 0.0 0.0 0.0
0 0.995605 0.384766 0.008789 0.011719 0.991211 0.375 1.0 0.994141 0.375 1.0 0.994141 0.378906 1.0 0.990234 0.386719 1.0 0.994141 0.386719 1.0
0 0.996094 0.372396 0.005859 0.013021 0.0 0.0 0.0 0.0 0.0 0.0 0.0 0.0 0.0 0.0 0.0 0.0 0.0 0.0 0.0
0 0.959961 0.613281 0.080078 0.171875 0.956011 0.599725 1.0 0.993918 0.610479 1.0 0.986659 0.644892 1.0 0.951172 0.653495 1.0 0.985853 0.661022 1.0
0 0.49707 0.844401 0.042969 0.061198 0.499023 0.834635 1.0 0.515625 0.83724 1.0 0.511719 0.85026 1.0 0.501953 0.858073 1.0 0.514648 0.859375 1.0
0 0.725586 0.947917 0.091797 0.101562 0.756086 0.942104 1.0 0.757237 0.942104 1.0 0.769897 0.956682 1.0 0.748029 0.981236 1.0 0.749756 0.980469 1.0
0 0.130859 0.363281 0.023438 0.044271 0.0 0.0 0.0 0.0 0.0 0.0 0.0 0.0 0.0 0.0 0.0 0.0 0.0 0.0 0.0
0 0.370605 0.245443 0.022461 0.042969 0.369141 0.242188 1.0 0.37793 0.242188 1.0 0.373047 0.251302 1.0 0.367188 0.25651 1.0 0.376953 0.259115 1.0
0 0.398438 0.235026 0.023438 0.040365 0.394112 0.232561 1.0 0.403704 0.230771 1.0 0.399483 0.24049 1.0 0.394688 0.245094 1.0 0.402745 0.245094 1.0
0 0.013184 0.352865 0.020508 0.03125 0.008941 0.348145 1.0 0.016724 0.347128 1.0 0.013367 0.355266 1.0 0.010926 0.361368 1.0 0.016571 0.361368 1.0