0 0.098633 0.377321 0.017578 0.027851 0.101562 0.375332 1.0 0.104492 0.376658 1.0 0.104492 0.381963 1.0 0.100586 0.383289 1.0 0.100586 0.384615 1.0
0 0.34082 0.18634 0.033203 0.057029 0.327148 0.172414 1.0 0.34082 0.177719 1.0 0.329102 0.185676 1.0 0.327148 0.192308 1.0 0.339844 0.197613 1.0
0 0.179688 0.222812 0.037109 0.061008 0.166783 0.20898 1.0 0.179618 0.212771 1.0 0.169015 0.222243 1.0 0.164271 0.227548 1.0 0.172643 0.232853 1.0
0 0.080566 0.158488 0.016602 0.025199 0.083008 0.156499 1.0 0.086914 0.155172 1.0 0.088867 0.16313 1.0 0.083984 0.168435 1.0 0.085938 0.168435 1.0
0 0.077637 0.188329 0.014648 0.026525 0.080078 0.181698 1.0 0.083984 0.181698 1.0 0.085938 0.188329 1.0 0.079102 0.192308 1.0 0.081055 0.192308 1.0
0 0.021973 0.165119 0.014648 0.030504 0.021484 0.160477 1.0 0.025391 0.160477 1.0 0.02832 0.167109 1.0 0.021484 0.171088 1.0 0.024414 0.172414 1.0
0 0.406738 0.231432 0.030273 0.049072 0.393542 0.222889 1.0 0.408329 0.222574 1.0 0.397701 0.23544 1.0 0.403246 0.244227 1.0 0.404633 0.243914 1.0
0 0.445801 0.252653 0.030273 0.057029 0.434143 0.242658 1.0 0.447972 0.243381 1.0 0.439462 0.254938 1.0 0.437601 0.265412 1.0 0.446643 0.264329 1.0
0 0.512695 0.209549 0.03125 0.04244 0.50129 0.196902 1.0 0.516532 0.197447 1.0 0.507307 0.208341 1.0 0.504499 0.216784 1.0 0.511919 0.218146 1.0
0 0.553711 0.220822 0.033203 0.035809 0.543945 0.218076 1.0 0.558594 0.219496 1.0 0.548759 0.226601 1.0 0.546456 0.236548 1.0 0.553153 0.235695 1.0
0 0.588867 0.244032 0.037109 0.055703 0.573661 0.235861 1.0 0.59171 0.236572 1.0 0.582031 0.247939 1.0 0.579154 0.256821 1.0 0.590925 0.257176 1.0
0 0.64502 0.23939 0.030273 0.043767 0.633789 0.233422 1.0 0.648438 0.230769 1.0 0.640625 0.242706 1.0 0.637695 0.250663 1.0 0.645508 0.249337 1.0
0 0.648926 0.191645 0.026367 0.038462 0.0 0.0 0.0 0.0 0.0 0.0 0.0 0.0 0.0 0.0 0.0 0.0 0.0 0.0 0.0
0 0.732422 0.20756 0.033203 0.051724 0.722656 0.19695 1.0 0.735107 0.199934 1.0 0.723633 0.211207 1.0 0.727051 0.21817 1.0 0.733887 0.220159 1.0
0 0.783203 0.190318 0.033203 0.046419 0.773438 0.177719 1.0 0.787109 0.179045 1.0 0.779297 0.189655 1.0 0.775391 0.198939 1.0 0.787109 0.196286 1.0
0 0.827637 0.220159 0.030273 0.039788 0.0 0.0 0.0 0.0 0.0 0.0 0.0 0.0 0.0 0.0 0.0 0.0 0.0 0.0 0.0
0 0.876465 0.252653 0.030273 0.038462 0.867188 0.250663 1.0 0.880859 0.248011 1.0 0.875 0.261273 1.0 0.87207 0.267905 1.0 0.881836 0.267905 1.0
0 0.884277 0.189655 0.018555 0.034483 0.0 0.0 0.0 0.0 0.0 0.0 0.0 0.0 0.0 0.0 0.0 0.0 0.0 0.0 0.0
0 0.913086 0.237401 0.035156 0.050398 0.899414 0.227489 1.0 0.915894 0.22621 1.0 0.906477 0.239639 1.0 0.902004 0.248271 1.0 0.913774 0.247631 1.0
0 0.943848 0.208223 0.020508 0.03183 0.0 0.0 0.0 0.0 0.0 0.0 0.0 0.0 0.0 0.0 0.0 0.0 0.0 0.0 0.0
0 0.98291 0.190981 0.032227 0.037135 0.973816 0.181366 1.0 0.990662 0.181615 1.0 0.982605 0.192058 1.0 0.977661 0.200515 1.0 0.988465 0.200515 1.0
0 0.008301 0.237401 0.016602 0.018568 0.010742 0.237401 1.0 0.010742 0.237401 1.0 0.010742 0.242706 1.0 0.003906 0.244032 1.0 0.004883 0.244032 1.0