0 0.933105 0.107898 0.016602 0.023977 0.929217 0.101464 1.0 0.931483 0.100808 1.0 0.925362 0.108667 1.0 0.929443 0.11587 1.0 0.93069 0.115543 1.0
0 0.865234 0.09732 0.015625 0.025388 0.0 0.0 0.0 0.0 0.0 0.0 0.0 0.0 0.0 0.0 0.0 0.0 0.0 0.0 0.0
0 0.817383 0.107898 0.013672 0.023977 0.0 0.0 0.0 0.0 0.0 0.0 0.0 0.0 0.0 0.0 0.0 0.0 0.0 0.0 0.0
0 0.990723 0.070522 0.012695 0.022567 0.0 0.0 0.0 0.0 0.0 0.0 0.0 0.0 0.0 0.0 0.0 0.0 0.0 0.0 0.0
0 0.97998 0.722144 0.032227 0.050776 0.0 0.0 0.0 0.0 0.0 0.0 0.0 0.0 0.0 0.0 0.0 0.0 0.0 0.0 0.0
0 0.994141 0.642454 0.011719 0.043724 0.0 0.0 0.0 0.0 0.0 0.0 0.0 0.0 0.0 0.0 0.0 0.0 0.0 0.0 0.0
0 0.956055 0.586742 0.027344 0.042313 0.0 0.0 0.0 0.0 0.0 0.0 0.0 0.0 0.0 0.0 0.0 0.0 0.0 0.0 0.0
0 0.942383 0.51763 0.029297 0.042313 0.0 0.0 0.0 0.0 0.0 0.0 0.0 0.0 0.0 0.0 0.0 0.0 0.0 0.0 0.0
0 0.908203 0.593794 0.033203 0.047955 0.894897 0.583216 1.0 0.907074 0.58445 1.0 0.897675 0.595557 1.0 0.895752 0.60543 1.0 0.90622 0.606048 1.0
0 0.87793 0.692525 0.03125 0.039492 0.0 0.0 0.0 0.0 0.0 0.0 0.0 0.0 0.0 0.0 0.0 0.0 0.0 0.0 0.0
0 0.841797 0.760226 0.037109 0.056417 0.828613 0.748237 1.0 0.839844 0.747884 1.0 0.829346 0.762341 1.0 0.830078 0.77574 1.0 0.838623 0.774683 1.0
0 0.860352 0.497884 0.029297 0.047955 0.0 0.0 0.0 0.0 0.0 0.0 0.0 0.0 0.0 0.0 0.0 0.0 0.0 0.0 0.0
0 0.799316 0.559944 0.032227 0.047955 0.786285 0.549983 1.0 0.796539 0.550908 1.0 0.786713 0.561089 1.0 0.786499 0.570962 1.0 0.792694 0.572814 1.0
0 0.727051 0.56488 0.030273 0.043724 0.721767 0.554478 1.0 0.72522 0.555309 1.0 0.71371 0.561405 1.0 0.720424 0.574148 1.0 0.721575 0.574702 1.0
0 0.705078 0.51481 0.029297 0.045134 0.689863 0.503261 1.0 0.700492 0.501814 1.0 0.690465 0.516006 1.0 0.695879 0.524116 1.0 0.702697 0.522378 1.0
0 0.652344 0.374471 0.025391 0.03244 0.0 0.0 0.0 0.0 0.0 0.0 0.0 0.0 0.0 0.0 0.0 0.0 0.0 0.0 0.0
0 0.639648 0.543018 0.027344 0.042313 0.6296 0.534732 1.0 0.636723 0.535274 1.0 0.628287 0.547186 1.0 0.631474 0.55558 1.0 0.63691 0.556663 1.0
0 0.756836 0.739069 0.03125 0.056417 0.0 0.0 0.0 0.0 0.0 0.0 0.0 0.0 0.0 0.0 0.0 0.0 0.0 0.0 0.0
0 0.650391 0.708039 0.033203 0.050776 0.0 0.0 0.0 0.0 0.0 0.0 0.0 0.0 0.0 0.0 0.0 0.0 0.0 0.0 0.0
0 0.612793 0.777856 0.038086 0.057828 0.59838 0.764419 1.0 0.606219 0.76588 1.0 0.595093 0.779757 1.0 0.599645 0.790348 1.0 0.605207 0.792175 1.0
0 0.603516 0.602257 0.029297 0.050776 0.0 0.0 0.0 0.0 0.0 0.0 0.0 0.0 0.0 0.0 0.0 0.0 0.0 0.0 0.0
0 0.533203 0.583216 0.03125 0.049365 0.523612 0.574324 1.0 0.530806 0.575269 1.0 0.52165 0.586918 1.0 0.520996 0.594788 1.0 0.525792 0.595104 1.0
0 0.520996 0.765162 0.038086 0.057828 0.504578 0.749484 1.0 0.516209 0.750214 1.0 0.504072 0.762996 1.0 0.506854 0.776874 1.0 0.512922 0.777238 1.0
0 0.430664 0.827927 0.037109 0.056417 0.414551 0.814175 1.0 0.424805 0.81347 1.0 0.414795 0.827574 1.0 0.415771 0.840621 1.0 0.424316 0.841678 1.0
0 0.341309 0.722849 0.032227 0.052186 0.328574 0.714764 1.0 0.336661 0.71443 1.0 0.324877 0.724109 1.0 0.329498 0.734454 1.0 0.33643 0.733786 1.0
0 0.367188 0.659379 0.033203 0.049365 0.354439 0.64734 1.0 0.364467 0.64923 1.0 0.352479 0.661822 1.0 0.35989 0.671583 1.0 0.362941 0.669378 1.0
0 0.339355 0.846262 0.03418 0.053597 0.331674 0.832743 1.0 0.332633 0.834128 1.0 0.322562 0.844518 1.0 0.328797 0.859409 1.0 0.332873 0.860102 1.0
0 0.417969 0.760226 0.033203 0.053597 0.408905 0.746172 1.0 0.413988 0.746172 1.0 0.401049 0.758853 1.0 0.406595 0.772869 1.0 0.409367 0.772869 1.0
0 0.55957 0.686883 0.033203 0.056417 0.0 0.0 0.0 0.0 0.0 0.0 0.0 0.0 0.0 0.0 0.0 0.0 0.0 0.0 0.0
0 0.460449 0.657264 0.03418 0.053597 0.447954 0.648372 1.0 0.455018 0.648714 1.0 0.444894 0.659254 1.0 0.449367 0.668774 1.0 0.455018 0.669794 1.0
0 0.303223 0.617772 0.030273 0.050776 0.294421 0.607111 1.0 0.298867 0.608396 1.0 0.28864 0.620278 1.0 0.291085 0.628306 1.0 0.294865 0.627984 1.0
0 0.234863 0.803244 0.036133 0.06347 0.227051 0.792061 1.0 0.230957 0.793673 1.0 0.217843 0.804554 1.0 0.227051 0.815434 1.0 0.231236 0.817449 1.0
0 0.250977 0.698872 0.03125 0.049365 0.23659 0.688406 1.0 0.246617 0.688092 1.0 0.237244 0.701945 1.0 0.239642 0.712334 1.0 0.247707 0.712649 1.0
0 0.143066 0.753173 0.036133 0.053597 0.130571 0.740883 1.0 0.13787 0.741223 1.0 0.127511 0.753803 1.0 0.134103 0.763664 1.0 0.140224 0.764344 1.0
0 0.077637 0.738364 0.032227 0.055007 0.06492 0.729334 1.0 0.072593 0.729334 1.0 0.060844 0.739378 1.0 0.06492 0.750805 1.0 0.071634 0.751498 1.0
0 0.079102 0.645275 0.029297 0.055007 0.068359 0.635755 1.0 0.072021 0.638575 1.0 0.064941 0.650212 1.0 0.070068 0.657616 1.0 0.073242 0.657969 1.0
0 0.21875 0.588152 0.029297 0.050776 0.205811 0.579419 1.0 0.211813 0.579419 1.0 0.203143 0.592264 1.0 0.204032 0.598687 1.0 0.212036 0.599007 1.0
0 0.522949 0.403385 0.022461 0.03385 0.516388 0.399463 1.0 0.518982 0.399903 1.0 0.514862 0.406955 1.0 0.514862 0.414228 1.0 0.518066 0.414449 1.0
0 0.466797 0.38787 0.021484 0.039492 0.0 0.0 0.0 0.0 0.0 0.0 0.0 0.0 0.0 0.0 0.0 0.0 0.0 0.0 0.0
0 0.41748 0.367419 0.022461 0.035261 0.0 0.0 0.0 0.0 0.0 0.0 0.0 0.0 0.0 0.0 0.0 0.0 0.0 0.0 0.0
0 0.392578 0.428068 0.023438 0.038082 0.3814 0.423465 1.0 0.389901 0.423465 1.0 0.38191 0.432305 1.0 0.38157 0.439918 1.0 0.386841 0.440164 1.0
0 0.334473 0.392102 0.022461 0.036671 0.326355 0.384444 1.0 0.33 0.384444 1.0 0.32387 0.394494 1.0 0.326852 0.402151 1.0 0.329337 0.401673 1.0
0 0.364258 0.364598 0.019531 0.040903 0.0 0.0 0.0 0.0 0.0 0.0 0.0 0.0 0.0 0.0 0.0 0.0 0.0 0.0 0.0
0 0.214844 0.396333 0.023438 0.036671 0.0 0.0 0.0 0.0 0.0 0.0 0.0 0.0 0.0 0.0 0.0 0.0 0.0 0.0 0.0
0 0.266602 0.442877 0.023438 0.039492 0.258605 0.431588 1.0 0.265577 0.430554 1.0 0.255925 0.442946 1.0 0.261823 0.450949 1.0 0.26522 0.449659 1.0
0 0.138184 0.444993 0.024414 0.040903 0.134766 0.43609 1.0 0.135498 0.436354 1.0 0.12616 0.445346 1.0 0.133667 0.454601 1.0 0.134582 0.454866 1.0
0 0.083008 0.423836 0.021484 0.035261 0.075475 0.416557 1.0 0.081124 0.416557 1.0 0.074532 0.423131 1.0 0.075945 0.432199 1.0 0.080811 0.432425 1.0
0 0.160156 0.401975 0.021484 0.039492 0.0 0.0 0.0 0.0 0.0 0.0 0.0 0.0 0.0 0.0 0.0 0.0 0.0 0.0 0.0
0 0.101562 0.376587 0.021484 0.036671 0.0 0.0 0.0 0.0 0.0 0.0 0.0 0.0 0.0 0.0 0.0 0.0 0.0 0.0 0.0
0 0.191406 0.319464 0.021484 0.038082 0.184466 0.309188 1.0 0.186384 0.309691 1.0 0.183769 0.316492 1.0 0.183245 0.321529 1.0 0.186384 0.322032 1.0
0 0.254395 0.347673 0.016602 0.029619 0.0 0.0 0.0 0.0 0.0 0.0 0.0 0.0 0.0 0.0 0.0 0.0 0.0 0.0 0.0
0 0.025879 0.408322 0.024414 0.035261 0.0 0.0 0.0 0.0 0.0 0.0 0.0 0.0 0.0 0.0 0.0 0.0 0.0 0.0 0.0
0 0.046387 0.369535 0.022461 0.036671 0.0 0.0 0.0 0.0 0.0 0.0 0.0 0.0 0.0 0.0 0.0 0.0 0.0 0.0 0.0
0 0.007812 0.327221 0.015625 0.045134 0.0 0.0 0.0 0.0 0.0 0.0 0.0 0.0 0.0 0.0 0.0 0.0 0.0 0.0 0.0
0 0.224121 0.294076 0.014648 0.035261 0.0 0.0 0.0 0.0 0.0 0.0 0.0 0.0 0.0 0.0 0.0 0.0 0.0 0.0 0.0
0 0.145508 0.566996 0.027344 0.045134 0.135263 0.555341 1.0 0.143049 0.557117 1.0 0.132599 0.567178 1.0 0.141205 0.577832 1.0 0.141205 0.577832 1.0
0 0.717285 0.637518 0.032227 0.053597 0.702471 0.627468 1.0 0.713793 0.626801 1.0 0.70224 0.641151 1.0 0.704319 0.649828 1.0 0.713562 0.650161 1.0
0 0.142578 0.300423 0.025391 0.039492 0.0 0.0 0.0 0.0 0.0 0.0 0.0 0.0 0.0 0.0 0.0 0.0 0.0 0.0 0.0
0 0.103027 0.294781 0.018555 0.036671 0.0 0.0 0.0 0.0 0.0 0.0 0.0 0.0 0.0 0.0 0.0 0.0 0.0 0.0 0.0
0 0.162598 0.864598 0.040039 0.059238 0.151385 0.851753 1.0 0.158709 0.853642 1.0 0.146937 0.866865 1.0 0.152431 0.878577 1.0 0.158709 0.878955 1.0
0 0.016602 0.700282 0.033203 0.060649 0.011021 0.69068 1.0 0.010755 0.690296 1.0 -0.000148 0.705659 1.0 0.005171 0.716415 1.0 0.009957 0.715646 1.0
0 0.009277 0.449929 0.018555 0.045134 0.0 0.0 0.0 0.0 0.0 0.0 0.0 0.0 0.0 0.0 0.0 0.0 0.0 0.0 0.0
0 0.876465 0.54866 0.024414 0.045134 0.0 0.0 0.0 0.0 0.0 0.0 0.0 0.0 0.0 0.0 0.0 0.0 0.0 0.0 0.0
0 0.806641 0.647391 0.03125 0.050776 0.796146 0.640584 1.0 0.801483 0.639942 1.0 0.793257 0.655035 1.0 0.795925 0.664669 1.0 0.800149 0.666274 1.0
0 0.364746 0.549365 0.030273 0.046544 0.0 0.0 0.0 0.0 0.0 0.0 0.0 0.0 0.0 0.0 0.0 0.0 0.0 0.0 0.0
0 0.009766 0.630465 0.019531 0.047955 0.003662 0.619578 1.0 0.021393 0.614025 1.0 0.016479 0.630069 1.0 0.007935 0.644879 1.0 0.021393 0.643952 1.0