0 0.057129 0.375499 0.043945 0.069241 0.040409 0.363088 1.0 0.056959 0.363088 1.0 0.047093 0.378276 1.0 0.041683 0.392161 1.0 0.054731 0.392161 1.0
0 0.125977 0.381491 0.048828 0.070573 0.111459 0.36147 1.0 0.132106 0.36279 1.0 0.117589 0.381265 1.0 0.115008 0.395782 1.0 0.129525 0.396662 1.0
0 0.175293 0.366844 0.045898 0.067909 0.165388 0.357571 1.0 0.179513 0.357142 1.0 0.169782 0.366987 1.0 0.163505 0.383679 1.0 0.176061 0.383679 1.0
0 0.26416 0.406791 0.049805 0.070573 0.250266 0.396983 1.0 0.267269 0.398766 1.0 0.256479 0.40902 1.0 0.249612 0.424625 1.0 0.264979 0.425515 1.0
0 0.388184 0.393475 0.041992 0.062583 0.376012 0.380196 1.0 0.391785 0.380196 1.0 0.380978 0.395728 1.0 0.376012 0.407676 1.0 0.390908 0.407676 1.0
0 0.486816 0.467377 0.055664 0.08522 0.471025 0.452397 1.0 0.49496 0.454001 1.0 0.48162 0.477542 1.0 0.472596 0.485032 1.0 0.495745 0.486636 1.0
0 0.561523 0.414115 0.044922 0.071904 0.546788 0.396067 1.0 0.562691 0.400585 1.0 0.551095 0.415945 1.0 0.545794 0.424981 1.0 0.55971 0.426788 1.0
0 0.529785 0.327563 0.036133 0.050599 0.0 0.0 0.0 0.0 0.0 0.0 0.0 0.0 0.0 0.0 0.0 0.0 0.0 0.0 0.0
0 0.638672 0.421438 0.046875 0.070573 0.625444 0.410655 1.0 0.643511 0.409775 1.0 0.631574 0.424731 1.0 0.627381 0.435289 1.0 0.642221 0.433529 1.0
0 0.725098 0.406125 0.049805 0.08522 0.712799 0.393558 1.0 0.732636 0.395181 1.0 0.721131 0.413033 1.0 0.712799 0.426557 1.0 0.730652 0.427638 1.0
0 0.67334 0.370839 0.040039 0.043941 0.0 0.0 0.0 0.0 0.0 0.0 0.0 0.0 0.0 0.0 0.0 0.0 0.0 0.0 0.0
0 0.788574 0.370173 0.036133 0.055925 0.778202 0.359354 1.0 0.788042 0.36008 1.0 0.782191 0.373133 1.0 0.778469 0.384012 1.0 0.789106 0.382562 1.0
0 0.810547 0.380826 0.037109 0.053262 0.799116 0.362879 1.0 0.81502 0.363557 1.0 0.808311 0.375755 1.0 0.801104 0.391341 1.0 0.814025 0.396423 1.0
0 0.833008 0.325566 0.035156 0.057257 0.0 0.0 0.0 0.0 0.0 0.0 0.0 0.0 0.0 0.0 0.0 0.0 0.0 0.0 0.0
0 0.890625 0.350866 0.039062 0.062583 0.878745 0.340772 1.0 0.89335 0.340772 1.0 0.883711 0.349136 1.0 0.879913 0.363872 1.0 0.890137 0.366261 1.0
0 0.98291 0.381491 0.03418 0.073236 0.97699 0.366429 1.0 0.996796 0.368258 1.0 0.985382 0.387941 1.0 0.979004 0.397553 1.0 0.997131 0.398927 1.0