0 0.041504 0.43625 0.016602 0.0475 0.0 0.0 0.0 0.0 0.0 0.0 0.0 0.0 0.0 0.0 0.0 0.0 0.0 0.0 0.0
0 0.100586 0.47375 0.021484 0.0525 0.0 0.0 0.0 0.0 0.0 0.0 0.0 0.0 0.0 0.0 0.0 0.0 0.0 0.0 0.0
0 0.102539 0.42125 0.015625 0.0325 0.0 0.0 0.0 0.0 0.0 0.0 0.0 0.0 0.0 0.0 0.0 0.0 0.0 0.0 0.0
0 0.147461 0.405 0.017578 0.05 0.14502 0.39375 1.0 0.152588 0.390937 1.0 0.150146 0.400625 1.0 0.146606 0.413125 1.0 0.153198 0.413125 1.0
0 0.208008 0.385 0.019531 0.06 0.20391 0.376563 1.0 0.210973 0.37576 1.0 0.207677 0.38741 1.0 0.204852 0.39826 1.0 0.210502 0.39826 1.0
0 0.288086 0.4425 0.017578 0.06 0.289185 0.43241 1.0 0.295707 0.430513 1.0 0.294966 0.446072 1.0 0.29037 0.45442 1.0 0.294966 0.45366 1.0
0 0.272461 0.44875 0.011719 0.0425 0.270612 0.448302 1.0 0.275948 0.445358 1.0 0.274483 0.454465 1.0 0.272914 0.464108 1.0 0.276472 0.4625 1.0
0 0.366211 0.41 0.015625 0.06 0.362244 0.40328 1.0 0.369568 0.40289 1.0 0.365601 0.416563 1.0 0.363922 0.429845 1.0 0.36789 0.429453 1.0
0 0.409668 0.4375 0.016602 0.06 0.406259 0.433103 1.0 0.414708 0.432345 1.0 0.409668 0.443728 1.0 0.406407 0.453595 1.0 0.413521 0.453595 1.0
0 0.451172 0.41375 0.019531 0.0625 0.449445 0.405268 1.0 0.457921 0.399643 1.0 0.455253 0.416115 1.0 0.451485 0.42616 1.0 0.457293 0.424152 1.0
0 0.353027 0.335 0.018555 0.06 0.354466 0.331965 1.0 0.361137 0.329308 1.0 0.358765 0.344487 1.0 0.356689 0.354733 1.0 0.359209 0.353595 1.0
0 0.287109 0.0775 0.019531 0.05 0.283966 0.068483 1.0 0.291426 0.06654 1.0 0.288012 0.079488 1.0 0.285483 0.089197 1.0 0.291552 0.088225 1.0
0 0.526367 0.39875 0.009766 0.0575 0.0 0.0 0.0 0.0 0.0 0.0 0.0 0.0 0.0 0.0 0.0 0.0 0.0 0.0 0.0
0 0.530273 0.49875 0.019531 0.0625 0.525094 0.491472 1.0 0.534354 0.487052 1.0 0.529175 0.498302 1.0 0.528547 0.513572 1.0 0.534354 0.509153 1.0
0 0.509766 0.42 0.019531 0.065 0.505249 0.412948 1.0 0.513798 0.410055 1.0 0.509766 0.420793 1.0 0.508476 0.436073 1.0 0.512347 0.43318 1.0
0 0.581055 0.41375 0.019531 0.0625 0.576015 0.409687 1.0 0.585746 0.407278 1.0 0.581037 0.42375 1.0 0.576172 0.435403 1.0 0.585118 0.431385 1.0
0 0.644531 0.40625 0.021484 0.0625 0.64325 0.39672 1.0 0.653016 0.398672 1.0 0.64859 0.408438 1.0 0.643097 0.418595 1.0 0.651184 0.420938 1.0
0 0.683594 0.40125 0.019531 0.0625 0.0 0.0 0.0 0.0 0.0 0.0 0.0 0.0 0.0 0.0 0.0 0.0 0.0 0.0 0.0
0 0.754395 0.4475 0.012695 0.045 0.0 0.0 0.0 0.0 0.0 0.0 0.0 0.0 0.0 0.0 0.0 0.0 0.0 0.0 0.0
0 0.830566 0.4025 0.024414 0.055 0.824428 0.390448 1.0 0.829765 0.390848 1.0 0.826625 0.403303 1.0 0.823644 0.408927 1.0 0.829137 0.40933 1.0
0 0.901367 0.45625 0.021484 0.0625 0.0 0.0 0.0 0.0 0.0 0.0 0.0 0.0 0.0 0.0 0.0 0.0 0.0 0.0 0.0
0 0.969727 0.4125 0.021484 0.06 0.964172 0.40461 1.0 0.971344 0.40578 1.0 0.966156 0.414765 1.0 0.963257 0.428828 1.0 0.969208 0.42922 1.0
0 0.809082 0.07 0.018555 0.065 0.805106 0.064062 1.0 0.812727 0.062365 1.0 0.808585 0.075512 1.0 0.80494 0.08442 1.0 0.812396 0.084845 1.0