0 0.057129 0.382698 0.036133 0.076246 0.0 0.0 0.0 0.0 0.0 0.0 0.0 0.0 0.0 0.0 0.0 0.0 0.0 0.0 0.0
0 0.09375 0.412757 0.050781 0.095308 0.083234 0.403592 1.0 0.08524 0.404796 1.0 0.069196 0.418045 1.0 0.079224 0.442135 1.0 0.081229 0.443339 1.0
0 0.193359 0.468475 0.017578 0.033724 0.189562 0.465713 1.0 0.197331 0.46312 1.0 0.193591 0.471113 1.0 0.193015 0.477161 1.0 0.198482 0.475434 1.0
0 0.16748 0.47434 0.010742 0.021994 0.164211 0.473031 1.0 0.166801 0.472743 1.0 0.165361 0.477927 1.0 0.165745 0.480663 1.0 0.168144 0.480088 1.0
0 0.243652 0.512463 0.03418 0.027859 0.0 0.0 0.0 0.0 0.0 0.0 0.0 0.0 0.0 0.0 0.0 0.0 0.0 0.0 0.0
0 0.246582 0.423754 0.018555 0.038123 0.240775 0.420101 1.0 0.245453 0.419374 1.0 0.241904 0.426399 1.0 0.242065 0.433422 1.0 0.244646 0.43318 1.0
0 0.318848 0.375367 0.008789 0.014663 0.318002 0.37483 1.0 0.321729 0.374732 1.0 0.319898 0.377874 1.0 0.318525 0.380328 1.0 0.321468 0.380132 1.0
0 0.279297 0.443548 0.015625 0.027859 0.272452 0.438246 1.0 0.27869 0.438777 1.0 0.273982 0.444255 1.0 0.274336 0.451148 1.0 0.27716 0.451148 1.0
0 0.36084 0.408358 0.036133 0.06305 0.0 0.0 0.0 0.0 0.0 0.0 0.0 0.0 0.0 0.0 0.0 0.0 0.0 0.0 0.0
0 0.403809 0.373167 0.006836 0.013196 0.0 0.0 0.0 0.0 0.0 0.0 0.0 0.0 0.0 0.0 0.0 0.0 0.0 0.0 0.0
0 0.433594 0.432551 0.037109 0.073314 0.0 0.0 0.0 0.0 0.0 0.0 0.0 0.0 0.0 0.0 0.0 0.0 0.0 0.0 0.0
0 0.619141 0.371701 0.027344 0.054252 0.603376 0.356435 1.0 0.614236 0.356435 1.0 0.60638 0.369619 1.0 0.604301 0.380721 1.0 0.611926 0.380374 1.0
0 0.708496 0.35044 0.032227 0.064516 0.694981 0.338016 1.0 0.704171 0.335987 1.0 0.69444 0.351815 1.0 0.697414 0.365207 1.0 0.703631 0.363179 1.0
0 0.898438 0.30132 0.041016 0.080645 0.878078 0.294971 1.0 0.8944 0.290886 1.0 0.881479 0.302629 1.0 0.882158 0.32101 1.0 0.89508 0.319988 1.0
0 0.541016 0.372434 0.019531 0.046921 0.0 0.0 0.0 0.0 0.0 0.0 0.0 0.0 0.0 0.0 0.0 0.0 0.0 0.0 0.0
0 0.184082 0.41349 0.012695 0.020528 0.179047 0.415506 1.0 0.183624 0.413856 1.0 0.181519 0.419767 1.0 0.183808 0.423342 1.0 0.18454 0.42293 1.0