0 0.234375 0.486823 0.009766 0.019034 0.233241 0.486914 1.0 0.236302 0.487032 1.0 0.235518 0.490208 1.0 0.23285 0.493385 1.0 0.236066 0.493857 1.0
0 0.209473 0.505124 0.006836 0.014641 0.0 0.0 0.0 0.0 0.0 0.0 0.0 0.0 0.0 0.0 0.0 0.0 0.0 0.0 0.0
0 0.201172 0.494876 0.005859 0.011713 0.0 0.0 0.0 0.0 0.0 0.0 0.0 0.0 0.0 0.0 0.0 0.0 0.0 0.0 0.0
0 0.181641 0.497804 0.005859 0.011713 0.18062 0.496647 1.0 0.183058 0.496562 1.0 0.182037 0.499451 1.0 0.18062 0.50166 1.0 0.183794 0.501321 1.0
0 0.172363 0.494876 0.006836 0.011713 0.0 0.0 0.0 0.0 0.0 0.0 0.0 0.0 0.0 0.0 0.0 0.0 0.0 0.0 0.0
0 0.158203 0.500732 0.005859 0.011713 0.0 0.0 0.0 0.0 0.0 0.0 0.0 0.0 0.0 0.0 0.0 0.0 0.0 0.0 0.0
0 0.147949 0.495608 0.004883 0.010249 0.0 0.0 0.0 0.0 0.0 0.0 0.0 0.0 0.0 0.0 0.0 0.0 0.0 0.0 0.0
0 0.13623 0.498536 0.004883 0.010249 0.0 0.0 0.0 0.0 0.0 0.0 0.0 0.0 0.0 0.0 0.0 0.0 0.0 0.0 0.0
0 0.126953 0.494876 0.005859 0.011713 0.0 0.0 0.0 0.0 0.0 0.0 0.0 0.0 0.0 0.0 0.0 0.0 0.0 0.0 0.0
0 0.117188 0.500732 0.005859 0.008785 0.0 0.0 0.0 0.0 0.0 0.0 0.0 0.0 0.0 0.0 0.0 0.0 0.0 0.0 0.0
0 0.103516 0.505124 0.005859 0.011713 0.0 0.0 0.0 0.0 0.0 0.0 0.0 0.0 0.0 0.0 0.0 0.0 0.0 0.0 0.0
0 0.092285 0.491947 0.004883 0.008785 0.0 0.0 0.0 0.0 0.0 0.0 0.0 0.0 0.0 0.0 0.0 0.0 0.0 0.0 0.0
0 0.574219 0.491947 0.013672 0.029283 0.576259 0.490268 1.0 0.579926 0.490078 1.0 0.580179 0.495006 1.0 0.576512 0.500504 1.0 0.579167 0.500313 1.0
0 0.588379 0.488287 0.012695 0.021962 0.587411 0.483385 1.0 0.592878 0.483097 1.0 0.591823 0.48698 1.0 0.589233 0.492157 1.0 0.592974 0.492732 1.0
0 0.60498 0.499268 0.008789 0.020498 0.0 0.0 0.0 0.0 0.0 0.0 0.0 0.0 0.0 0.0 0.0 0.0 0.0 0.0 0.0
0 0.61377 0.488287 0.010742 0.021962 0.0 0.0 0.0 0.0 0.0 0.0 0.0 0.0 0.0 0.0 0.0 0.0 0.0 0.0 0.0
0 0.625977 0.493411 0.013672 0.026354 0.0 0.0 0.0 0.0 0.0 0.0 0.0 0.0 0.0 0.0 0.0 0.0 0.0 0.0 0.0
0 0.650391 0.494876 0.015625 0.032211 0.0 0.0 0.0 0.0 0.0 0.0 0.0 0.0 0.0 0.0 0.0 0.0 0.0 0.0 0.0
0 0.669922 0.494143 0.009766 0.02489 0.0 0.0 0.0 0.0 0.0 0.0 0.0 0.0 0.0 0.0 0.0 0.0 0.0 0.0 0.0
0 0.693359 0.466325 0.017578 0.033675 0.693647 0.459638 1.0 0.699402 0.459854 1.0 0.6971 0.465463 1.0 0.694942 0.471502 1.0 0.699258 0.470855 1.0
0 0.720703 0.510981 0.015625 0.035139 0.723816 0.504628 1.0 0.728411 0.504849 1.0 0.727521 0.510851 1.0 0.724409 0.517739 1.0 0.727226 0.517739 1.0
0 0.750488 0.479502 0.016602 0.036603 0.752105 0.477581 1.0 0.754547 0.47781 1.0 0.756073 0.482842 1.0 0.752105 0.488332 1.0 0.754242 0.488104 1.0
0 0.813477 0.453148 0.017578 0.04246 0.813751 0.452344 1.0 0.818935 0.451808 1.0 0.821438 0.459312 1.0 0.816969 0.466816 1.0 0.819828 0.466012 1.0
0 0.862305 0.461201 0.015625 0.043924 0.0 0.0 0.0 0.0 0.0 0.0 0.0 0.0 0.0 0.0 0.0 0.0 0.0 0.0 0.0
0 0.928711 0.514641 0.009766 0.019034 0.929652 0.513124 1.0 0.930438 0.512864 1.0 0.931571 0.516524 1.0 0.930263 0.519792 1.0 0.930699 0.519922 1.0
0 0.94873 0.516837 0.010742 0.020498 0.0 0.0 0.0 0.0 0.0 0.0 0.0 0.0 0.0 0.0 0.0 0.0 0.0 0.0 0.0
0 0.985352 0.501464 0.029297 0.095168 0.0 0.0 0.0 0.0 0.0 0.0 0.0 0.0 0.0 0.0 0.0 0.0 0.0 0.0 0.0
0 0.016602 0.5 0.003906 0.010249 0.0 0.0 0.0 0.0 0.0 0.0 0.0 0.0 0.0 0.0 0.0 0.0 0.0 0.0 0.0
0 0.060547 0.512445 0.003906 0.008785 0.0 0.0 0.0 0.0 0.0 0.0 0.0 0.0 0.0 0.0 0.0 0.0 0.0 0.0 0.0
0 0.08252 0.505857 0.004883 0.007321 0.0 0.0 0.0 0.0 0.0 0.0 0.0 0.0 0.0 0.0 0.0 0.0 0.0 0.0 0.0
0 0.257324 0.497804 0.004883 0.011713 0.0 0.0 0.0 0.0 0.0 0.0 0.0 0.0 0.0 0.0 0.0 0.0 0.0 0.0 0.0
0 0.283203 0.488287 0.011719 0.019034 0.0 0.0 0.0 0.0 0.0 0.0 0.0 0.0 0.0 0.0 0.0 0.0 0.0 0.0 0.0
0 0.275879 0.494143 0.008789 0.016105 0.0 0.0 0.0 0.0 0.0 0.0 0.0 0.0 0.0 0.0 0.0 0.0 0.0 0.0 0.0
0 0.29248 0.494876 0.006836 0.014641 0.291338 0.494438 1.0 0.293692 0.494242 1.0 0.292581 0.496693 1.0 0.291992 0.499928 1.0 0.293954 0.499732 1.0
0 0.308105 0.493411 0.010742 0.020498 0.308053 0.492889 1.0 0.310669 0.492366 1.0 0.310407 0.495504 1.0 0.308576 0.49851 1.0 0.310146 0.499032 1.0
0 0.341797 0.501464 0.009766 0.019034 0.342229 0.499974 1.0 0.342229 0.499974 1.0 0.344962 0.505313 1.0 0.342146 0.508047 1.0 0.342146 0.508047 1.0
0 0.364258 0.488287 0.011719 0.021962 0.365304 0.486404 1.0 0.369141 0.486693 1.0 0.367894 0.489855 1.0 0.365112 0.493881 1.0 0.368086 0.49417 1.0
0 0.375977 0.477306 0.009766 0.01757 0.0 0.0 0.0 0.0 0.0 0.0 0.0 0.0 0.0 0.0 0.0 0.0 0.0 0.0 0.0
0 0.399902 0.478038 0.010742 0.021962 0.0 0.0 0.0 0.0 0.0 0.0 0.0 0.0 0.0 0.0 0.0 0.0 0.0 0.0 0.0
0 0.412598 0.475842 0.012695 0.023426 0.409903 0.472404 1.0 0.41592 0.471953 1.0 0.414015 0.476012 1.0 0.411909 0.481123 1.0 0.415819 0.480823 1.0
0 0.429199 0.488287 0.010742 0.021962 0.0 0.0 0.0 0.0 0.0 0.0 0.0 0.0 0.0 0.0 0.0 0.0 0.0 0.0 0.0
0 0.446777 0.486091 0.012695 0.026354 0.0 0.0 0.0 0.0 0.0 0.0 0.0 0.0 0.0 0.0 0.0 0.0 0.0 0.0 0.0
0 0.477539 0.474378 0.015625 0.029283 0.478441 0.474593 1.0 0.483372 0.474214 1.0 0.482487 0.480091 1.0 0.478441 0.484261 1.0 0.482613 0.484449 1.0
0 0.490723 0.478038 0.010742 0.02489 0.0 0.0 0.0 0.0 0.0 0.0 0.0 0.0 0.0 0.0 0.0 0.0 0.0 0.0 0.0
0 0.522461 0.481698 0.007812 0.020498 0.0 0.0 0.0 0.0 0.0 0.0 0.0 0.0 0.0 0.0 0.0 0.0 0.0 0.0 0.0
0 0.529297 0.50366 0.011719 0.023426 0.529401 0.500628 1.0 0.533691 0.500157 1.0 0.531913 0.505334 1.0 0.528878 0.509883 1.0 0.532646 0.509883 1.0
0 0.537598 0.485359 0.008789 0.021962 0.537537 0.482385 1.0 0.539459 0.481974 1.0 0.54129 0.485542 1.0 0.53827 0.490072 1.0 0.539917 0.489796 1.0
0 0.557129 0.487555 0.008789 0.023426 0.557042 0.484868 1.0 0.557242 0.484717 1.0 0.559549 0.489679 1.0 0.557142 0.495091 1.0 0.557743 0.495392 1.0
0 0.822754 0.506589 0.010742 0.020498 0.0 0.0 0.0 0.0 0.0 0.0 0.0 0.0 0.0 0.0 0.0 0.0 0.0 0.0 0.0
0 0.226074 0.490483 0.006836 0.011713 0.0 0.0 0.0 0.0 0.0 0.0 0.0 0.0 0.0 0.0 0.0 0.0 0.0 0.0 0.0
0 0.249023 0.502928 0.005859 0.013177 0.0 0.0 0.0 0.0 0.0 0.0 0.0 0.0 0.0 0.0 0.0 0.0 0.0 0.0 0.0
0 0.762695 0.532211 0.009766 0.021962 0.0 0.0 0.0 0.0 0.0 0.0 0.0 0.0 0.0 0.0 0.0 0.0 0.0 0.0 0.0