0 0.171387 0.291362 0.030273 0.052709 0.163836 0.280381 1.0 0.177211 0.28242 1.0 0.170637 0.296356 1.0 0.164289 0.300094 1.0 0.178571 0.300433 1.0
0 0.30957 0.256955 0.033203 0.065886 0.304688 0.245974 1.0 0.321289 0.247438 1.0 0.311523 0.259151 1.0 0.304688 0.273792 1.0 0.318359 0.273792 1.0
0 0.373535 0.261347 0.038086 0.065886 0.369071 0.250994 1.0 0.385254 0.251411 1.0 0.378837 0.264798 1.0 0.368513 0.276511 1.0 0.383858 0.27693 1.0
0 0.257324 0.228404 0.024414 0.043924 0.254883 0.225476 1.0 0.266602 0.225476 1.0 0.262695 0.234261 1.0 0.255859 0.245974 1.0 0.266602 0.245974 1.0
0 0.067383 0.218887 0.027344 0.051245 0.066406 0.212299 1.0 0.078125 0.212299 1.0 0.073242 0.222548 1.0 0.066406 0.229868 1.0 0.077148 0.231332 1.0
0 0.231445 0.245974 0.021484 0.035139 0.0 0.0 0.0 0.0 0.0 0.0 0.0 0.0 0.0 0.0 0.0 0.0 0.0 0.0 0.0
0 0.020996 0.220351 0.030273 0.054173 0.021484 0.210835 1.0 0.03418 0.212299 1.0 0.029297 0.221083 1.0 0.021484 0.234261 1.0 0.030273 0.237189 1.0
0 0.185547 0.210102 0.011719 0.019034 0.0 0.0 0.0 0.0 0.0 0.0 0.0 0.0 0.0 0.0 0.0 0.0 0.0 0.0 0.0
0 0.421387 0.278184 0.018555 0.043924 0.426758 0.272328 1.0 0.432617 0.272328 1.0 0.430664 0.282577 1.0 0.423828 0.289898 1.0 0.432617 0.291362 1.0
0 0.533691 0.281845 0.03418 0.074671 0.544006 0.27289 1.0 0.547232 0.269988 1.0 0.550136 0.282081 1.0 0.542394 0.299977 1.0 0.544975 0.29659 1.0
0 0.563477 0.258419 0.03125 0.062958 0.561637 0.253634 1.0 0.572179 0.256066 1.0 0.566772 0.266196 1.0 0.559204 0.277139 1.0 0.565962 0.277139 1.0
0 0.61377 0.281845 0.045898 0.077599 0.615234 0.272328 1.0 0.632812 0.272328 1.0 0.626953 0.286969 1.0 0.612305 0.301611 1.0 0.630859 0.301611 1.0
0 0.66748 0.281113 0.030273 0.064422 0.670341 0.270328 1.0 0.678449 0.270734 1.0 0.677098 0.282081 1.0 0.669529 0.296264 1.0 0.676558 0.296669 1.0
0 0.824707 0.336018 0.051758 0.09224 0.832467 0.322638 1.0 0.842167 0.324384 1.0 0.845659 0.338927 1.0 0.830527 0.351142 1.0 0.839451 0.351142 1.0
0 0.884766 0.327233 0.035156 0.068814 0.886719 0.325037 1.0 0.899414 0.316252 1.0 0.900391 0.332357 1.0 0.890625 0.349927 1.0 0.900391 0.345534 1.0
0 0.958496 0.336018 0.036133 0.054173 0.956133 0.335325 1.0 0.967687 0.334633 1.0 0.963758 0.346064 1.0 0.959368 0.357842 1.0 0.965376 0.356802 1.0
0 0.470703 0.259151 0.025391 0.058565 0.0 0.0 0.0 0.0 0.0 0.0 0.0 0.0 0.0 0.0 0.0 0.0 0.0 0.0 0.0
0 0.916504 0.330161 0.020508 0.048316 0.921875 0.327965 1.0 0.922852 0.329429 1.0 0.929688 0.330893 1.0 0.923828 0.34407 1.0 0.923828 0.34407 1.0
0 0.149414 0.215959 0.015625 0.033675 0.0 0.0 0.0 0.0 0.0 0.0 0.0 0.0 0.0 0.0 0.0 0.0 0.0 0.0 0.0
0 0.118652 0.342606 0.049805 0.076135 0.114293 0.327129 1.0 0.131714 0.321808 1.0 0.127843 0.338736 1.0 0.122681 0.357117 1.0 0.135908 0.354215 1.0