0 0.169434 0.326754 0.018555 0.039474 0.172516 0.319627 1.0 0.177957 0.317845 1.0 0.178127 0.325481 1.0 0.171496 0.332608 1.0 0.177106 0.332864 1.0
0 0.240234 0.266813 0.021484 0.03655 0.236358 0.2615 1.0 0.246037 0.261259 1.0 0.240714 0.270436 1.0 0.237488 0.277197 1.0 0.244747 0.277197 1.0
0 0.279297 0.275585 0.037109 0.059942 0.265459 0.261722 1.0 0.278577 0.261722 1.0 0.268289 0.273275 1.0 0.265717 0.287137 1.0 0.277806 0.287137 1.0
0 0.37207 0.294591 0.03125 0.054094 0.361877 0.283522 1.0 0.374816 0.283867 1.0 0.366268 0.293208 1.0 0.363264 0.304968 1.0 0.372044 0.305314 1.0
0 0.461914 0.302632 0.035156 0.064327 0.448504 0.293481 1.0 0.464181 0.292673 1.0 0.45418 0.305216 1.0 0.45418 0.31857 1.0 0.461748 0.318975 1.0
0 0.57666 0.277778 0.032227 0.055556 0.565796 0.268561 1.0 0.578979 0.267857 1.0 0.569562 0.279136 1.0 0.567915 0.292175 1.0 0.57686 0.291118 1.0
0 0.392578 0.314327 0.011719 0.026316 0.390795 0.315887 1.0 0.396092 0.315711 1.0 0.393502 0.320292 1.0 0.392208 0.323994 1.0 0.395621 0.323642 1.0
0 0.403809 0.314327 0.010742 0.023392 0.400513 0.314047 1.0 0.405727 0.314648 1.0 0.402719 0.319151 1.0 0.400613 0.323504 1.0 0.403521 0.323654 1.0
0 0.332031 0.321637 0.011719 0.032164 0.336491 0.320254 1.0 0.338383 0.319646 1.0 0.338248 0.326121 1.0 0.336356 0.329763 1.0 0.337707 0.329358 1.0
0 0.31543 0.312865 0.015625 0.02924 0.0 0.0 0.0 0.0 0.0 0.0 0.0 0.0 0.0 0.0 0.0 0.0 0.0 0.0 0.0
0 0.523438 0.318713 0.011719 0.026316 0.0 0.0 0.0 0.0 0.0 0.0 0.0 0.0 0.0 0.0 0.0 0.0 0.0 0.0 0.0
0 0.538574 0.328216 0.016602 0.030702 0.53459 0.325332 1.0 0.542045 0.326506 1.0 0.538252 0.331206 1.0 0.533936 0.336101 1.0 0.540998 0.336885 1.0
0 0.609863 0.307749 0.012695 0.027778 0.0 0.0 0.0 0.0 0.0 0.0 0.0 0.0 0.0 0.0 0.0 0.0 0.0 0.0 0.0
0 0.633301 0.322368 0.010742 0.02193 0.632568 0.321592 1.0 0.636139 0.321592 1.0 0.634033 0.326251 1.0 0.632935 0.329678 1.0 0.635498 0.329816 1.0
0 0.675781 0.335526 0.025391 0.042398 0.667236 0.326845 1.0 0.679688 0.326023 1.0 0.671814 0.336713 1.0 0.668335 0.344115 1.0 0.677124 0.344664 1.0
0 0.700684 0.339181 0.014648 0.032164 0.698251 0.335213 1.0 0.705278 0.335415 1.0 0.701359 0.341485 1.0 0.698116 0.348769 1.0 0.703657 0.349174 1.0
0 0.76416 0.339181 0.014648 0.02924 0.759373 0.335044 1.0 0.761649 0.335044 1.0 0.757729 0.341099 1.0 0.760638 0.34905 1.0 0.762787 0.348292 1.0
0 0.788574 0.339181 0.016602 0.032164 0.0 0.0 0.0 0.0 0.0 0.0 0.0 0.0 0.0 0.0 0.0 0.0 0.0 0.0 0.0
0 0.803223 0.298977 0.014648 0.03655 0.799142 0.290022 1.0 0.800555 0.291197 1.0 0.796788 0.299186 1.0 0.798985 0.308349 1.0 0.800868 0.308114 1.0
0 0.876465 0.334795 0.016602 0.032164 0.87476 0.332446 1.0 0.882193 0.332243 1.0 0.87949 0.339123 1.0 0.875436 0.34317 1.0 0.881652 0.342765 1.0
0 0.915527 0.35307 0.016602 0.030702 0.909903 0.346955 1.0 0.914634 0.348371 1.0 0.910579 0.35262 1.0 0.909498 0.358083 1.0 0.912606 0.359095 1.0
0 0.945801 0.332602 0.018555 0.03655 0.94101 0.327942 1.0 0.949097 0.328399 1.0 0.94452 0.336395 1.0 0.942688 0.339592 1.0 0.947113 0.339364 1.0