0 0.083496 0.478516 0.03418 0.061198 0.087158 0.469564 1.0 0.098424 0.467193 1.0 0.09872 0.479445 1.0 0.090716 0.488142 1.0 0.098127 0.487352 1.0
0 0.131836 0.498698 0.017578 0.028646 0.0 0.0 0.0 0.0 0.0 0.0 0.0 0.0 0.0 0.0 0.0 0.0 0.0 0.0 0.0
0 0.125977 0.445312 0.013672 0.023438 0.0 0.0 0.0 0.0 0.0 0.0 0.0 0.0 0.0 0.0 0.0 0.0 0.0 0.0 0.0
0 0.161621 0.463542 0.018555 0.026042 0.0 0.0 0.0 0.0 0.0 0.0 0.0 0.0 0.0 0.0 0.0 0.0 0.0 0.0 0.0
0 0.120117 0.469401 0.011719 0.016927 0.0 0.0 0.0 0.0 0.0 0.0 0.0 0.0 0.0 0.0 0.0 0.0 0.0 0.0 0.0
0 0.02002 0.457682 0.014648 0.02474 0.0 0.0 0.0 0.0 0.0 0.0 0.0 0.0 0.0 0.0 0.0 0.0 0.0 0.0 0.0
0 0.005859 0.464193 0.011719 0.019531 0.0 0.0 0.0 0.0 0.0 0.0 0.0 0.0 0.0 0.0 0.0 0.0 0.0 0.0 0.0
0 0.222168 0.433594 0.018555 0.03125 0.2163 0.427072 1.0 0.220006 0.428456 1.0 0.213928 0.431815 1.0 0.219561 0.439918 1.0 0.215114 0.43972 1.0
0 0.327148 0.472656 0.027344 0.049479 0.318168 0.467901 1.0 0.322405 0.469156 1.0 0.313694 0.477945 1.0 0.316755 0.484852 1.0 0.320757 0.486734 1.0
0 0.249512 0.445964 0.010742 0.019531 0.0 0.0 0.0 0.0 0.0 0.0 0.0 0.0 0.0 0.0 0.0 0.0 0.0 0.0 0.0
0 0.367676 0.503906 0.02832 0.039062 0.354335 0.493676 1.0 0.362775 0.492652 1.0 0.355678 0.500326 1.0 0.358939 0.512346 1.0 0.364502 0.512091 1.0
0 0.244141 0.504557 0.023438 0.040365 0.0 0.0 0.0 0.0 0.0 0.0 0.0 0.0 0.0 0.0 0.0 0.0 0.0 0.0 0.0
0 0.242188 0.473307 0.019531 0.027344 0.0 0.0 0.0 0.0 0.0 0.0 0.0 0.0 0.0 0.0 0.0 0.0 0.0 0.0 0.0
0 0.27832 0.450521 0.009766 0.018229 0.0 0.0 0.0 0.0 0.0 0.0 0.0 0.0 0.0 0.0 0.0 0.0 0.0 0.0 0.0
0 0.180664 0.444661 0.003906 0.00651 0.0 0.0 0.0 0.0 0.0 0.0 0.0 0.0 0.0 0.0 0.0 0.0 0.0 0.0 0.0
0 0.381836 0.445312 0.011719 0.023438 0.0 0.0 0.0 0.0 0.0 0.0 0.0 0.0 0.0 0.0 0.0 0.0 0.0 0.0 0.0
0 0.395996 0.468099 0.014648 0.02474 0.0 0.0 0.0 0.0 0.0 0.0 0.0 0.0 0.0 0.0 0.0 0.0 0.0 0.0 0.0
0 0.438477 0.445964 0.035156 0.06901 0.423763 0.435064 1.0 0.433572 0.437245 1.0 0.421801 0.449016 1.0 0.426705 0.46253 1.0 0.43488 0.46253 1.0
0 0.501953 0.443359 0.03125 0.071615 0.0 0.0 0.0 0.0 0.0 0.0 0.0 0.0 0.0 0.0 0.0 0.0 0.0 0.0 0.0
0 0.490723 0.436849 0.018555 0.053385 0.0 0.0 0.0 0.0 0.0 0.0 0.0 0.0 0.0 0.0 0.0 0.0 0.0 0.0 0.0
0 0.577637 0.451823 0.020508 0.039062 0.570861 0.44344 1.0 0.57782 0.44393 1.0 0.57251 0.451986 1.0 0.571777 0.460531 1.0 0.578553 0.460286 1.0
0 0.696289 0.447917 0.052734 0.075521 0.676854 0.419922 1.0 0.696516 0.422305 1.0 0.687578 0.438512 1.0 0.679356 0.453764 1.0 0.696516 0.454241 1.0
0 0.652344 0.399089 0.005859 0.011719 0.0 0.0 0.0 0.0 0.0 0.0 0.0 0.0 0.0 0.0 0.0 0.0 0.0 0.0 0.0
0 0.813477 0.471354 0.064453 0.109375 0.789123 0.466552 1.0 0.814545 0.461711 1.0 0.796905 0.485229 1.0 0.79535 0.503215 1.0 0.815582 0.499755 1.0
0 0.780762 0.417318 0.020508 0.042969 0.775024 0.411307 1.0 0.784859 0.411581 1.0 0.777278 0.41841 1.0 0.774205 0.425514 1.0 0.785064 0.427973 1.0
0 0.880859 0.445312 0.033203 0.057292 0.0 0.0 0.0 0.0 0.0 0.0 0.0 0.0 0.0 0.0 0.0 0.0 0.0 0.0 0.0
0 0.9375 0.457031 0.046875 0.059896 0.925938 0.440826 1.0 0.944911 0.441616 1.0 0.933942 0.455451 1.0 0.926531 0.470076 1.0 0.943726 0.47047 1.0
0 0.956055 0.378255 0.013672 0.019531 0.951347 0.37722 1.0 0.957964 0.377092 1.0 0.952689 0.382081 1.0 0.95125 0.385661 1.0 0.955278 0.385661 1.0
0 0.970703 0.342448 0.007812 0.015625 0.0 0.0 0.0 0.0 0.0 0.0 0.0 0.0 0.0 0.0 0.0 0.0 0.0 0.0 0.0
0 0.916016 0.356771 0.011719 0.018229 0.0 0.0 0.0 0.0 0.0 0.0 0.0 0.0 0.0 0.0 0.0 0.0 0.0 0.0 0.0
0 0.795898 0.361328 0.011719 0.019531 0.0 0.0 0.0 0.0 0.0 0.0 0.0 0.0 0.0 0.0 0.0 0.0 0.0 0.0 0.0
0 0.603516 0.411458 0.009766 0.018229 0.0 0.0 0.0 0.0 0.0 0.0 0.0 0.0 0.0 0.0 0.0 0.0 0.0 0.0 0.0