0 0.029297 0.626619 0.023438 0.011511 0.0 0.0 0.0 0.0 0.0 0.0 0.0 0.0 0.0 0.0 0.0 0.0 0.0 0.0 0.0
0 0.053223 0.592446 0.020508 0.019424 0.050864 0.592446 1.0 0.059365 0.590943 1.0 0.057495 0.594576 1.0 0.055795 0.598083 1.0 0.059535 0.597456 1.0
0 0.093262 0.597122 0.016602 0.017266 0.088667 0.595639 1.0 0.096968 0.59542 1.0 0.092817 0.599679 1.0 0.089408 0.602518 1.0 0.096078 0.602299 1.0
0 0.151367 0.593885 0.015625 0.016547 0.0 0.0 0.0 0.0 0.0 0.0 0.0 0.0 0.0 0.0 0.0 0.0 0.0 0.0 0.0
0 0.155762 0.619065 0.016602 0.017986 0.159528 0.617086 1.0 0.159528 0.617086 1.0 0.164237 0.61963 1.0 0.161098 0.624601 1.0 0.161098 0.624601 1.0
0 0.179688 0.574101 0.017578 0.017266 0.179243 0.572945 1.0 0.186357 0.572945 1.0 0.183394 0.575565 1.0 0.181021 0.57906 1.0 0.186654 0.57906 1.0
0 0.147949 0.569065 0.018555 0.014388 0.145264 0.567176 1.0 0.154541 0.566367 1.0 0.150391 0.569245 1.0 0.148071 0.572302 1.0 0.153809 0.571583 1.0
0 0.111328 0.555396 0.019531 0.020144 0.0 0.0 0.0 0.0 0.0 0.0 0.0 0.0 0.0 0.0 0.0 0.0 0.0 0.0 0.0
0 0.117188 0.539568 0.017578 0.014388 0.0 0.0 0.0 0.0 0.0 0.0 0.0 0.0 0.0 0.0 0.0 0.0 0.0 0.0 0.0
0 0.041016 0.546763 0.013672 0.014388 0.0 0.0 0.0 0.0 0.0 0.0 0.0 0.0 0.0 0.0 0.0 0.0 0.0 0.0 0.0
0 0.078125 0.534892 0.015625 0.010791 0.0 0.0 0.0 0.0 0.0 0.0 0.0 0.0 0.0 0.0 0.0 0.0 0.0 0.0 0.0
0 0.098145 0.533813 0.014648 0.017266 0.092708 0.533453 1.0 0.098031 0.533453 1.0 0.092564 0.536739 1.0 0.09314 0.54013 1.0 0.0976 0.54013 1.0
0 0.193359 0.553957 0.015625 0.014388 0.192383 0.552518 1.0 0.198975 0.551978 1.0 0.196655 0.555935 1.0 0.190918 0.557104 1.0 0.197998 0.557374 1.0
0 0.209473 0.574101 0.016602 0.017266 0.206761 0.572071 1.0 0.21432 0.572945 1.0 0.211356 0.575783 1.0 0.206612 0.578514 1.0 0.213579 0.57906 1.0
0 0.021484 0.531295 0.015625 0.015108 0.0 0.0 0.0 0.0 0.0 0.0 0.0 0.0 0.0 0.0 0.0 0.0 0.0 0.0 0.0
0 0.305176 0.98705 0.03418 0.023022 0.300981 0.986337 1.0 0.314715 0.982804 1.0 0.311009 0.991316 1.0 0.305123 0.998702 1.0 0.316459 0.995651 1.0
0 0.19043 0.991727 0.033203 0.015108 0.0 0.0 0.0 0.0 0.0 0.0 0.0 0.0 0.0 0.0 0.0 0.0 0.0 0.0 0.0
0 0.10498 0.969424 0.024414 0.028058 0.096331 0.963759 1.0 0.103764 0.966409 1.0 0.09657 0.971532 1.0 0.096811 0.974888 1.0 0.101846 0.976478 1.0
0 0.040527 0.991007 0.032227 0.016547 0.027692 0.996609 1.0 0.044643 0.996454 1.0 0.034808 0.998921 1.0 0.030831 0.999075 1.0 0.041295 0.998921 1.0
0 0.410156 0.923741 0.029297 0.030216 0.414015 0.922245 1.0 0.421731 0.921107 1.0 0.423274 0.926603 1.0 0.415301 0.932287 1.0 0.415301 0.932287 1.0
0 0.26709 0.926619 0.030273 0.02446 0.260193 0.922729 1.0 0.272797 0.921627 1.0 0.26767 0.927922 1.0 0.26297 0.932801 1.0 0.273224 0.932486 1.0
0 0.212402 0.943885 0.032227 0.02446 0.201232 0.941007 1.0 0.214904 0.940535 1.0 0.208496 0.947617 1.0 0.205506 0.951394 1.0 0.214478 0.951079 1.0
0 0.113281 0.927338 0.03125 0.021583 0.112204 0.922065 1.0 0.123387 0.920186 1.0 0.120052 0.927123 1.0 0.114362 0.93276 1.0 0.123387 0.931747 1.0
0 0.043945 0.952158 0.035156 0.029496 0.038905 0.954406 1.0 0.051802 0.953475 1.0 0.045985 0.958877 1.0 0.036883 0.961112 1.0 0.049272 0.960554 1.0
0 0.021973 0.890288 0.026367 0.020863 0.01617 0.886935 1.0 0.03047 0.886935 1.0 0.024035 0.890622 1.0 0.019388 0.894967 1.0 0.027431 0.895231 1.0
0 0.15918 0.902878 0.027344 0.030216 0.157432 0.900434 1.0 0.170292 0.899296 1.0 0.166948 0.907065 1.0 0.163348 0.912561 1.0 0.169521 0.911803 1.0
0 0.211914 0.882374 0.025391 0.028058 0.209747 0.882008 1.0 0.218619 0.886424 1.0 0.221496 0.878652 1.0 0.213823 0.891194 1.0 0.222936 0.889073 1.0
0 0.28125 0.891727 0.027344 0.028058 0.280518 0.890647 1.0 0.293213 0.889209 1.0 0.28833 0.895863 1.0 0.282471 0.90018 1.0 0.290771 0.89946 1.0
0 0.370117 0.884892 0.023438 0.018705 0.0 0.0 0.0 0.0 0.0 0.0 0.0 0.0 0.0 0.0 0.0 0.0 0.0 0.0 0.0
0 0.44043 0.96223 0.029297 0.026619 0.436476 0.955383 1.0 0.452188 0.956745 1.0 0.444101 0.964235 1.0 0.436014 0.96866 1.0 0.44618 0.969341 1.0
0 0.526367 0.952158 0.027344 0.026619 0.524004 0.949737 1.0 0.534864 0.947694 1.0 0.532554 0.953992 1.0 0.527701 0.95978 1.0 0.536481 0.957567 1.0
0 0.582031 0.935252 0.027344 0.023022 0.575932 0.933986 1.0 0.589456 0.932778 1.0 0.582694 0.93927 1.0 0.579825 0.943043 1.0 0.588227 0.941685 1.0
0 0.618164 0.984892 0.03125 0.027338 0.61377 0.982689 1.0 0.62616 0.985679 1.0 0.618896 0.992446 1.0 0.612274 0.995122 1.0 0.622528 0.996695 1.0
0 0.645508 0.938849 0.027344 0.028777 0.637821 0.938123 1.0 0.651241 0.934828 1.0 0.647514 0.942883 1.0 0.642046 0.948192 1.0 0.651986 0.946727 1.0
0 0.811035 0.911511 0.020508 0.028777 0.0 0.0 0.0 0.0 0.0 0.0 0.0 0.0 0.0 0.0 0.0 0.0 0.0 0.0 0.0
0 0.834961 0.973022 0.03125 0.033813 0.829581 0.97245 1.0 0.843393 0.969058 1.0 0.840516 0.977537 1.0 0.836486 0.98644 1.0 0.846846 0.983473 1.0
0 0.843262 0.955036 0.030273 0.026619 0.843929 0.954865 1.0 0.854558 0.952653 1.0 0.851092 0.960313 1.0 0.849937 0.964909 1.0 0.85502 0.962866 1.0
0 0.702148 0.893525 0.025391 0.020144 0.704415 0.890185 1.0 0.712089 0.889542 1.0 0.712611 0.893782 1.0 0.705811 0.898278 1.0 0.71296 0.89815 1.0
0 0.556152 0.892446 0.02832 0.026619 0.55474 0.891935 1.0 0.566062 0.888871 1.0 0.563521 0.89534 1.0 0.558898 0.901468 1.0 0.566293 0.899255 1.0
0 0.456543 0.905036 0.032227 0.02446 0.454041 0.900427 1.0 0.466645 0.90027 1.0 0.463227 0.907981 1.0 0.455322 0.911758 1.0 0.463653 0.911915 1.0
0 0.780762 0.775899 0.02832 0.02518 0.0 0.0 0.0 0.0 0.0 0.0 0.0 0.0 0.0 0.0 0.0 0.0 0.0 0.0 0.0
0 0.772949 0.734173 0.022461 0.019424 0.767212 0.731199 1.0 0.777413 0.73195 1.0 0.771122 0.736585 1.0 0.767552 0.738965 1.0 0.774523 0.73884 1.0
0 0.75 0.677338 0.019531 0.019424 0.75034 0.677588 1.0 0.757651 0.677463 1.0 0.754421 0.680845 1.0 0.75 0.684979 1.0 0.754931 0.684728 1.0
0 0.830566 0.655396 0.020508 0.020144 0.830078 0.653135 1.0 0.837402 0.652492 1.0 0.834961 0.658017 1.0 0.83095 0.661485 1.0 0.837926 0.661357 1.0
0 0.883789 0.66223 0.023438 0.016547 0.878811 0.660123 1.0 0.888 0.65925 1.0 0.883257 0.663618 1.0 0.88222 0.667222 1.0 0.888445 0.666457 1.0
0 0.884766 0.631295 0.015625 0.007914 0.0 0.0 0.0 0.0 0.0 0.0 0.0 0.0 0.0 0.0 0.0 0.0 0.0 0.0 0.0
0 0.844238 0.621942 0.020508 0.019424 0.839352 0.62044 1.0 0.849553 0.621065 1.0 0.842752 0.623947 1.0 0.839011 0.627329 1.0 0.845982 0.627579 1.0
0 0.862793 0.598921 0.022461 0.022302 0.857979 0.599268 1.0 0.867379 0.597572 1.0 0.864311 0.602801 1.0 0.860474 0.606051 1.0 0.868146 0.605345 1.0
0 0.828125 0.575899 0.019531 0.017986 0.0 0.0 0.0 0.0 0.0 0.0 0.0 0.0 0.0 0.0 0.0 0.0 0.0 0.0 0.0
0 0.796875 0.566906 0.017578 0.018705 0.792834 0.567141 1.0 0.800737 0.566547 1.0 0.798156 0.569399 1.0 0.793963 0.572726 1.0 0.800576 0.57237 1.0
0 0.819824 0.551079 0.014648 0.014388 0.819074 0.549204 1.0 0.825744 0.548529 1.0 0.824437 0.551805 1.0 0.820905 0.554696 1.0 0.826398 0.554696 1.0
0 0.869629 0.548201 0.018555 0.017266 0.868548 0.546236 1.0 0.876404 0.546345 1.0 0.872994 0.549512 1.0 0.868548 0.55246 1.0 0.874032 0.552569 1.0
0 0.836914 0.526978 0.013672 0.013669 0.83323 0.525851 1.0 0.840175 0.525591 1.0 0.83735 0.528799 1.0 0.835231 0.53062 1.0 0.839469 0.530447 1.0
0 0.81543 0.507554 0.015625 0.015108 0.0 0.0 0.0 0.0 0.0 0.0 0.0 0.0 0.0 0.0 0.0 0.0 0.0 0.0 0.0
0 0.805176 0.532374 0.020508 0.015827 0.803571 0.530729 1.0 0.812081 0.530216 1.0 0.808733 0.533813 1.0 0.805943 0.536691 1.0 0.810966 0.536485 1.0
0 0.871582 0.495683 0.010742 0.011511 0.0 0.0 0.0 0.0 0.0 0.0 0.0 0.0 0.0 0.0 0.0 0.0 0.0 0.0 0.0
0 0.856445 0.478777 0.015625 0.010791 0.0 0.0 0.0 0.0 0.0 0.0 0.0 0.0 0.0 0.0 0.0 0.0 0.0 0.0 0.0
0 0.838867 0.497842 0.015625 0.01295 0.0 0.0 0.0 0.0 0.0 0.0 0.0 0.0 0.0 0.0 0.0 0.0 0.0 0.0 0.0
0 0.888184 0.442086 0.014648 0.015108 0.885733 0.441052 1.0 0.892403 0.441245 1.0 0.889003 0.444232 1.0 0.885995 0.446544 1.0 0.891357 0.447026 1.0
0 0.84375 0.464029 0.013672 0.008633 0.0 0.0 0.0 0.0 0.0 0.0 0.0 0.0 0.0 0.0 0.0 0.0 0.0 0.0 0.0
0 0.851074 0.451439 0.012695 0.010791 0.0 0.0 0.0 0.0 0.0 0.0 0.0 0.0 0.0 0.0 0.0 0.0 0.0 0.0 0.0
0 0.866211 0.431655 0.011719 0.01295 0.866646 0.430601 1.0 0.870296 0.430081 1.0 0.870885 0.432769 1.0 0.867118 0.435197 1.0 0.870414 0.434763 1.0
0 0.833496 0.444604 0.016602 0.014388 0.827872 0.441617 1.0 0.833627 0.442003 1.0 0.827479 0.444701 1.0 0.829572 0.447495 1.0 0.833104 0.447688 1.0
0 0.824707 0.463669 0.014648 0.010791 0.821629 0.463663 1.0 0.827384 0.46345 1.0 0.824794 0.465429 1.0 0.82326 0.467549 1.0 0.82911 0.467266 1.0
0 0.807129 0.482734 0.014648 0.007194 0.0 0.0 0.0 0.0 0.0 0.0 0.0 0.0 0.0 0.0 0.0 0.0 0.0 0.0 0.0
0 0.839844 0.414748 0.015625 0.015108 0.0 0.0 0.0 0.0 0.0 0.0 0.0 0.0 0.0 0.0 0.0 0.0 0.0 0.0 0.0
0 0.79834 0.443885 0.016602 0.014388 0.794168 0.442407 1.0 0.801121 0.44278 1.0 0.796317 0.444457 1.0 0.794041 0.447623 1.0 0.799099 0.447717 1.0
0 0.845215 0.382374 0.010742 0.01223 0.0 0.0 0.0 0.0 0.0 0.0 0.0 0.0 0.0 0.0 0.0 0.0 0.0 0.0 0.0
0 0.901855 0.361871 0.008789 0.011511 0.0 0.0 0.0 0.0 0.0 0.0 0.0 0.0 0.0 0.0 0.0 0.0 0.0 0.0 0.0
0 0.891602 0.361511 0.007812 0.007914 0.0 0.0 0.0 0.0 0.0 0.0 0.0 0.0 0.0 0.0 0.0 0.0 0.0 0.0 0.0
0 0.867188 0.353597 0.011719 0.010791 0.0 0.0 0.0 0.0 0.0 0.0 0.0 0.0 0.0 0.0 0.0 0.0 0.0 0.0 0.0
0 0.741699 0.86259 0.026367 0.017266 0.735748 0.856986 1.0 0.747311 0.857486 1.0 0.741189 0.861495 1.0 0.736259 0.864877 1.0 0.74612 0.865127 1.0
0 0.901855 0.943885 0.010742 0.021583 0.0 0.0 0.0 0.0 0.0 0.0 0.0 0.0 0.0 0.0 0.0 0.0 0.0 0.0 0.0
0 0.762207 0.85 0.026367 0.023741 0.760079 0.849281 1.0 0.770939 0.848224 1.0 0.76848 0.854413 1.0 0.763563 0.859394 1.0 0.772374 0.858186 1.0
0 0.583984 0.860791 0.033203 0.028058 0.579171 0.860438 1.0 0.59188 0.857965 1.0 0.588043 0.864501 1.0 0.582288 0.869271 1.0 0.593318 0.867681 1.0
0 0.640137 0.86259 0.022461 0.018705 0.0 0.0 0.0 0.0 0.0 0.0 0.0 0.0 0.0 0.0 0.0 0.0 0.0 0.0 0.0
0 0.481445 0.855755 0.03125 0.02518 0.474583 0.85395 1.0 0.488534 0.853147 1.0 0.481994 0.859571 1.0 0.477635 0.863104 1.0 0.487008 0.862943 1.0
0 0.847656 0.822302 0.027344 0.028777 0.0 0.0 0.0 0.0 0.0 0.0 0.0 0.0 0.0 0.0 0.0 0.0 0.0 0.0 0.0
0 0.88916 0.789928 0.026367 0.025899 0.88627 0.78875 1.0 0.898943 0.787603 1.0 0.894274 0.793336 1.0 0.88916 0.79825 1.0 0.897609 0.797267 1.0
0 0.848145 0.79964 0.026367 0.022302 0.0 0.0 0.0 0.0 0.0 0.0 0.0 0.0 0.0 0.0 0.0 0.0 0.0 0.0 0.0
0 0.85498 0.71259 0.022461 0.022302 0.847233 0.711434 1.0 0.856258 0.713024 1.0 0.848999 0.716058 1.0 0.847233 0.719383 1.0 0.853903 0.720828 1.0
0 0.885254 0.340288 0.012695 0.011511 0.0 0.0 0.0 0.0 0.0 0.0 0.0 0.0 0.0 0.0 0.0 0.0 0.0 0.0 0.0
0 0.898926 0.33741 0.010742 0.011511 0.896833 0.335129 1.0 0.901746 0.335278 1.0 0.898538 0.337272 1.0 0.896532 0.339858 1.0 0.900242 0.339858 1.0
0 0.849609 0.323741 0.011719 0.01295 0.849174 0.32298 1.0 0.854296 0.32314 1.0 0.851789 0.325228 1.0 0.850154 0.327316 1.0 0.852988 0.327476 1.0
0 0.835449 0.340647 0.010742 0.009353 0.0 0.0 0.0 0.0 0.0 0.0 0.0 0.0 0.0 0.0 0.0 0.0 0.0 0.0 0.0
0 0.874512 0.309712 0.008789 0.009353 0.0 0.0 0.0 0.0 0.0 0.0 0.0 0.0 0.0 0.0 0.0 0.0 0.0 0.0 0.0
0 0.856934 0.311511 0.008789 0.008633 0.0 0.0 0.0 0.0 0.0 0.0 0.0 0.0 0.0 0.0 0.0 0.0 0.0 0.0 0.0
0 0.831543 0.306115 0.010742 0.007914 0.0 0.0 0.0 0.0 0.0 0.0 0.0 0.0 0.0 0.0 0.0 0.0 0.0 0.0 0.0
0 0.875977 0.297482 0.009766 0.006475 0.0 0.0 0.0 0.0 0.0 0.0 0.0 0.0 0.0 0.0 0.0 0.0 0.0 0.0 0.0
0 0.896973 0.301799 0.012695 0.01223 0.0 0.0 0.0 0.0 0.0 0.0 0.0 0.0 0.0 0.0 0.0 0.0 0.0 0.0 0.0
0 0.832031 0.296403 0.009766 0.007194 0.0 0.0 0.0 0.0 0.0 0.0 0.0 0.0 0.0 0.0 0.0 0.0 0.0 0.0 0.0
0 0.805664 0.290288 0.009766 0.009353 0.803685 0.289494 1.0 0.807495 0.289494 1.0 0.805176 0.291264 1.0 0.804348 0.293034 1.0 0.807081 0.293095 1.0
0 0.868164 0.286691 0.009766 0.009353 0.0 0.0 0.0 0.0 0.0 0.0 0.0 0.0 0.0 0.0 0.0 0.0 0.0 0.0 0.0
0 0.896973 0.28705 0.008789 0.008633 0.0 0.0 0.0 0.0 0.0 0.0 0.0 0.0 0.0 0.0 0.0 0.0 0.0 0.0 0.0
0 0.861328 0.27446 0.009766 0.009353 0.0 0.0 0.0 0.0 0.0 0.0 0.0 0.0 0.0 0.0 0.0 0.0 0.0 0.0 0.0
0 0.831543 0.27446 0.008789 0.007914 0.0 0.0 0.0 0.0 0.0 0.0 0.0 0.0 0.0 0.0 0.0 0.0 0.0 0.0 0.0
0 0.818848 0.27482 0.006836 0.005755 0.0 0.0 0.0 0.0 0.0 0.0 0.0 0.0 0.0 0.0 0.0 0.0 0.0 0.0 0.0
0 0.788086 0.285612 0.009766 0.007194 0.0 0.0 0.0 0.0 0.0 0.0 0.0 0.0 0.0 0.0 0.0 0.0 0.0 0.0 0.0
0 0.789062 0.302518 0.007812 0.007914 0.786987 0.302299 1.0 0.790545 0.302245 1.0 0.78884 0.304211 1.0 0.78758 0.305466 1.0 0.790545 0.305466 1.0
0 0.765625 0.284892 0.009766 0.008633 0.0 0.0 0.0 0.0 0.0 0.0 0.0 0.0 0.0 0.0 0.0 0.0 0.0 0.0 0.0
0 0.803223 0.264748 0.008789 0.008633 0.0 0.0 0.0 0.0 0.0 0.0 0.0 0.0 0.0 0.0 0.0 0.0 0.0 0.0 0.0
0 0.775391 0.265108 0.007812 0.006475 0.0 0.0 0.0 0.0 0.0 0.0 0.0 0.0 0.0 0.0 0.0 0.0 0.0 0.0 0.0
0 0.776855 0.275899 0.008789 0.009353 0.0 0.0 0.0 0.0 0.0 0.0 0.0 0.0 0.0 0.0 0.0 0.0 0.0 0.0 0.0
0 0.782715 0.261511 0.008789 0.007914 0.0 0.0 0.0 0.0 0.0 0.0 0.0 0.0 0.0 0.0 0.0 0.0 0.0 0.0 0.0
0 0.78418 0.251439 0.007812 0.006475 0.0 0.0 0.0 0.0 0.0 0.0 0.0 0.0 0.0 0.0 0.0 0.0 0.0 0.0 0.0
0 0.736328 0.239928 0.005859 0.005036 0.0 0.0 0.0 0.0 0.0 0.0 0.0 0.0 0.0 0.0 0.0 0.0 0.0 0.0 0.0
0 0.746094 0.242806 0.005859 0.005036 0.0 0.0 0.0 0.0 0.0 0.0 0.0 0.0 0.0 0.0 0.0 0.0 0.0 0.0 0.0
0 0.699707 0.248561 0.008789 0.006475 0.0 0.0 0.0 0.0 0.0 0.0 0.0 0.0 0.0 0.0 0.0 0.0 0.0 0.0 0.0
0 0.749023 0.22518 0.007812 0.007194 0.0 0.0 0.0 0.0 0.0 0.0 0.0 0.0 0.0 0.0 0.0 0.0 0.0 0.0 0.0
0 0.769531 0.23705 0.005859 0.005036 0.0 0.0 0.0 0.0 0.0 0.0 0.0 0.0 0.0 0.0 0.0 0.0 0.0 0.0 0.0
0 0.730957 0.248921 0.006836 0.007194 0.0 0.0 0.0 0.0 0.0 0.0 0.0 0.0 0.0 0.0 0.0 0.0 0.0 0.0 0.0
0 0.79248 0.245324 0.006836 0.007194 0.0 0.0 0.0 0.0 0.0 0.0 0.0 0.0 0.0 0.0 0.0 0.0 0.0 0.0 0.0
0 0.445801 0.783813 0.020508 0.02518 0.440133 0.782811 1.0 0.451469 0.781526 1.0 0.445801 0.786504 1.0 0.442967 0.791483 1.0 0.451687 0.790519 1.0
0 0.409668 0.866906 0.022461 0.025899 0.410993 0.86602 1.0 0.420741 0.864016 1.0 0.418248 0.870195 1.0 0.411446 0.874371 1.0 0.420288 0.873201 1.0
0 0.327637 0.858273 0.024414 0.021583 0.0 0.0 0.0 0.0 0.0 0.0 0.0 0.0 0.0 0.0 0.0 0.0 0.0 0.0 0.0
0 0.37793 0.841007 0.027344 0.02446 0.373396 0.838386 1.0 0.386579 0.838232 1.0 0.380511 0.843628 1.0 0.374651 0.848407 1.0 0.38344 0.848253 1.0
0 0.323242 0.789928 0.025391 0.02446 0.322113 0.789973 1.0 0.331939 0.788714 1.0 0.328735 0.793593 1.0 0.324891 0.798471 1.0 0.331939 0.79737 1.0
0 0.29541 0.81295 0.024414 0.030216 0.28554 0.812423 1.0 0.294695 0.813386 1.0 0.285278 0.818204 1.0 0.286063 0.820902 1.0 0.292341 0.821865 1.0
0 0.274902 0.816187 0.018555 0.022302 0.276629 0.814414 1.0 0.280273 0.814273 1.0 0.282 0.819925 1.0 0.277013 0.823458 1.0 0.277972 0.823458 1.0
0 0.285645 0.853597 0.022461 0.019424 0.0 0.0 0.0 0.0 0.0 0.0 0.0 0.0 0.0 0.0 0.0 0.0 0.0 0.0 0.0
0 0.190918 0.860072 0.026367 0.022302 0.0 0.0 0.0 0.0 0.0 0.0 0.0 0.0 0.0 0.0 0.0 0.0 0.0 0.0 0.0
0 0.178711 0.833813 0.027344 0.021583 0.0 0.0 0.0 0.0 0.0 0.0 0.0 0.0 0.0 0.0 0.0 0.0 0.0 0.0 0.0
0 0.172363 0.8 0.022461 0.021583 0.16704 0.798259 1.0 0.179226 0.799088 1.0 0.170789 0.803645 1.0 0.166665 0.807236 1.0 0.172852 0.807512 1.0
0 0.245117 0.789928 0.023438 0.023022 0.243713 0.788913 1.0 0.252337 0.786845 1.0 0.250933 0.792755 1.0 0.246722 0.796743 1.0 0.25334 0.795857 1.0
0 0.277344 0.767626 0.025391 0.021583 0.274605 0.76699 1.0 0.285666 0.765609 1.0 0.281354 0.770719 1.0 0.27648 0.775138 1.0 0.285854 0.773204 1.0
0 0.165039 0.755755 0.025391 0.023741 0.160784 0.754933 1.0 0.173131 0.7537 1.0 0.168108 0.759558 1.0 0.163295 0.76372 1.0 0.172503 0.763104 1.0
0 0.192383 0.742446 0.023438 0.021583 0.188446 0.740981 1.0 0.198194 0.73891 1.0 0.194633 0.74402 1.0 0.192758 0.748991 1.0 0.198569 0.748024 1.0
0 0.272461 0.739928 0.023438 0.016547 0.0 0.0 0.0 0.0 0.0 0.0 0.0 0.0 0.0 0.0 0.0 0.0 0.0 0.0 0.0
0 0.293457 0.723022 0.022461 0.015827 0.290137 0.719676 1.0 0.300508 0.718784 1.0 0.296729 0.723734 1.0 0.292637 0.727906 1.0 0.30002 0.727245 1.0
0 0.369629 0.722302 0.022461 0.015827 0.364336 0.724127 1.0 0.375009 0.72227 1.0 0.371303 0.727402 1.0 0.369376 0.730351 1.0 0.376787 0.729696 1.0
0 0.369629 0.739568 0.02832 0.017266 0.0 0.0 0.0 0.0 0.0 0.0 0.0 0.0 0.0 0.0 0.0 0.0 0.0 0.0 0.0
0 0.213867 0.719424 0.021484 0.021583 0.212516 0.717545 1.0 0.221326 0.717269 1.0 0.217577 0.721827 1.0 0.213078 0.725694 1.0 0.21964 0.725694 1.0
0 0.134766 0.868345 0.025391 0.014388 0.0 0.0 0.0 0.0 0.0 0.0 0.0 0.0 0.0 0.0 0.0 0.0 0.0 0.0 0.0
0 0.074219 0.861151 0.027344 0.023022 0.069318 0.859545 1.0 0.083557 0.857477 1.0 0.077741 0.864421 1.0 0.073129 0.86974 1.0 0.082354 0.868114 1.0
0 0.067871 0.818705 0.02832 0.025899 0.059448 0.819206 1.0 0.07169 0.815198 1.0 0.065796 0.823047 1.0 0.065569 0.827557 1.0 0.072823 0.825219 1.0
0 0.012695 0.829856 0.025391 0.028058 0.007812 0.831835 1.0 0.018555 0.831475 1.0 0.013428 0.836691 1.0 0.008545 0.839928 1.0 0.017822 0.839029 1.0
0 0.100098 0.793525 0.026367 0.02446 0.091919 0.792064 1.0 0.103241 0.791749 1.0 0.09726 0.796942 1.0 0.092346 0.801349 1.0 0.102813 0.801035 1.0
0 0.087891 0.76223 0.019531 0.022302 0.083086 0.761655 1.0 0.090934 0.760355 1.0 0.088188 0.765268 1.0 0.084656 0.769604 1.0 0.092307 0.768014 1.0
0 0.422363 0.772662 0.018555 0.017266 0.417145 0.770054 1.0 0.425842 0.771965 1.0 0.420044 0.77545 1.0 0.419892 0.77826 1.0 0.424469 0.778597 1.0
0 0.343262 0.768705 0.026367 0.02518 0.339783 0.76902 1.0 0.352173 0.767604 1.0 0.34726 0.772482 1.0 0.344055 0.77736 1.0 0.351318 0.775472 1.0
0 0.443359 0.71223 0.027344 0.025899 0.437203 0.710008 1.0 0.449445 0.709841 1.0 0.443551 0.714183 1.0 0.44015 0.718859 1.0 0.449219 0.718525 1.0
0 0.418457 0.702158 0.020508 0.020144 0.412737 0.700542 1.0 0.422926 0.700675 1.0 0.417206 0.70502 1.0 0.413452 0.708971 1.0 0.421854 0.708839 1.0
0 0.536133 0.689209 0.021484 0.020144 0.531808 0.68759 1.0 0.540876 0.686691 1.0 0.537389 0.691058 1.0 0.535296 0.696197 1.0 0.543492 0.694527 1.0
0 0.459473 0.68741 0.020508 0.017986 0.459168 0.685342 1.0 0.467407 0.684217 1.0 0.466187 0.68804 1.0 0.462372 0.691862 1.0 0.467865 0.691412 1.0
0 0.379395 0.691727 0.022461 0.020863 0.0 0.0 0.0 0.0 0.0 0.0 0.0 0.0 0.0 0.0 0.0 0.0 0.0 0.0 0.0
0 0.268066 0.685971 0.024414 0.010791 0.0 0.0 0.0 0.0 0.0 0.0 0.0 0.0 0.0 0.0 0.0 0.0 0.0 0.0 0.0
0 0.818848 0.732374 0.020508 0.017266 0.0 0.0 0.0 0.0 0.0 0.0 0.0 0.0 0.0 0.0 0.0 0.0 0.0 0.0 0.0
0 0.720703 0.710432 0.021484 0.019424 0.714604 0.70871 1.0 0.724976 0.708585 1.0 0.720045 0.713219 1.0 0.716814 0.7161 1.0 0.723785 0.716351 1.0
0 0.731445 0.668345 0.021484 0.018705 0.0 0.0 0.0 0.0 0.0 0.0 0.0 0.0 0.0 0.0 0.0 0.0 0.0 0.0 0.0
0 0.693848 0.666187 0.022461 0.017266 0.691093 0.66372 1.0 0.700875 0.663612 1.0 0.695243 0.667106 1.0 0.69213 0.670491 1.0 0.698059 0.670491 1.0
0 0.660156 0.679137 0.023438 0.021583 0.659293 0.677119 1.0 0.668666 0.677672 1.0 0.665104 0.681815 1.0 0.660605 0.685129 1.0 0.666229 0.685544 1.0
0 0.652344 0.702878 0.019531 0.021583 0.0 0.0 0.0 0.0 0.0 0.0 0.0 0.0 0.0 0.0 0.0 0.0 0.0 0.0 0.0
0 0.652344 0.652518 0.015625 0.015827 0.646764 0.650873 1.0 0.655692 0.650771 1.0 0.651507 0.654676 1.0 0.648577 0.657965 1.0 0.654437 0.657863 1.0
0 0.708984 0.635252 0.019531 0.017266 0.706299 0.634212 1.0 0.71446 0.633286 1.0 0.712733 0.637217 1.0 0.709752 0.641148 1.0 0.714774 0.639761 1.0
0 0.76416 0.928417 0.026367 0.023741 0.0 0.0 0.0 0.0 0.0 0.0 0.0 0.0 0.0 0.0 0.0 0.0 0.0 0.0 0.0
0 0.692871 0.945324 0.022461 0.011511 0.0 0.0 0.0 0.0 0.0 0.0 0.0 0.0 0.0 0.0 0.0 0.0 0.0 0.0 0.0
0 0.038574 0.723022 0.024414 0.018705 0.033125 0.721557 1.0 0.044722 0.720459 1.0 0.039586 0.724608 1.0 0.036106 0.72888 1.0 0.045053 0.728147 1.0
0 0.107422 0.711151 0.023438 0.023741 0.105168 0.709943 1.0 0.116232 0.708736 1.0 0.113364 0.712208 1.0 0.107832 0.717642 1.0 0.116643 0.716736 1.0
0 0.13623 0.691367 0.020508 0.020144 0.13766 0.689825 1.0 0.143415 0.687641 1.0 0.144636 0.692009 1.0 0.139229 0.697791 1.0 0.144287 0.696506 1.0
0 0.176758 0.694245 0.019531 0.017266 0.17375 0.69086 1.0 0.183088 0.69086 1.0 0.179086 0.694791 1.0 0.176714 0.69894 1.0 0.181457 0.69894 1.0
0 0.180664 0.661511 0.021484 0.020863 0.177186 0.659397 1.0 0.18689 0.658858 1.0 0.183228 0.664524 1.0 0.179383 0.667896 1.0 0.185975 0.667491 1.0
0 0.111816 0.663669 0.018555 0.017986 0.111642 0.661575 1.0 0.120117 0.661344 1.0 0.117449 0.665622 1.0 0.111799 0.669322 1.0 0.119804 0.668628 1.0
0 0.062988 0.711151 0.026367 0.023741 0.060734 0.710849 1.0 0.070774 0.707679 1.0 0.070365 0.713265 1.0 0.067086 0.719001 1.0 0.073438 0.71734 1.0
0 0.300293 0.660432 0.022461 0.017266 0.0 0.0 0.0 0.0 0.0 0.0 0.0 0.0 0.0 0.0 0.0 0.0 0.0 0.0 0.0
0 0.233887 0.642446 0.018555 0.017266 0.22603 0.642337 1.0 0.230478 0.642446 1.0 0.227068 0.645613 1.0 0.228995 0.647578 1.0 0.231663 0.647578 1.0
0 0.168457 0.642806 0.020508 0.017986 0.16122 0.641521 1.0 0.171107 0.641521 1.0 0.164673 0.645914 1.0 0.162476 0.649152 1.0 0.167341 0.649268 1.0
0 0.194824 0.630935 0.022461 0.018705 0.194497 0.629981 1.0 0.201756 0.627961 1.0 0.200627 0.632477 1.0 0.197563 0.636636 1.0 0.20224 0.635329 1.0
0 0.026367 0.652158 0.021484 0.019424 0.0 0.0 0.0 0.0 0.0 0.0 0.0 0.0 0.0 0.0 0.0 0.0 0.0 0.0 0.0
0 0.073242 0.633094 0.017578 0.01295 0.0 0.0 0.0 0.0 0.0 0.0 0.0 0.0 0.0 0.0 0.0 0.0 0.0 0.0 0.0
0 0.231934 0.571223 0.014648 0.017266 0.235535 0.569852 1.0 0.23645 0.569627 1.0 0.238129 0.572774 1.0 0.235535 0.575922 1.0 0.236298 0.575697 1.0
0 0.25 0.564388 0.015625 0.015108 0.248692 0.563547 1.0 0.256147 0.563162 1.0 0.25327 0.566341 1.0 0.250131 0.569424 1.0 0.255231 0.568846 1.0
0 0.265625 0.545324 0.013672 0.01295 0.263606 0.543143 1.0 0.269845 0.54297 1.0 0.266785 0.546352 1.0 0.263253 0.548866 1.0 0.269374 0.54878 1.0
0 0.299805 0.547122 0.017578 0.015108 0.295715 0.546473 1.0 0.304217 0.546184 1.0 0.299508 0.550231 1.0 0.296762 0.553411 1.0 0.303039 0.552833 1.0
0 0.351562 0.582014 0.015625 0.015827 0.350211 0.581655 1.0 0.356698 0.581157 1.0 0.354671 0.58514 1.0 0.350076 0.587031 1.0 0.355212 0.586932 1.0
0 0.673828 0.251799 0.007812 0.007194 0.0 0.0 0.0 0.0 0.0 0.0 0.0 0.0 0.0 0.0 0.0 0.0 0.0 0.0 0.0
0 0.663574 0.240288 0.006836 0.007194 0.0 0.0 0.0 0.0 0.0 0.0 0.0 0.0 0.0 0.0 0.0 0.0 0.0 0.0 0.0
0 0.70752 0.201439 0.006836 0.005755 0.0 0.0 0.0 0.0 0.0 0.0 0.0 0.0 0.0 0.0 0.0 0.0 0.0 0.0 0.0
0 0.611816 0.206835 0.006836 0.006475 0.0 0.0 0.0 0.0 0.0 0.0 0.0 0.0 0.0 0.0 0.0 0.0 0.0 0.0 0.0
0 0.591309 0.201079 0.006836 0.006475 0.0 0.0 0.0 0.0 0.0 0.0 0.0 0.0 0.0 0.0 0.0 0.0 0.0 0.0 0.0
0 0.609375 0.196403 0.005859 0.004317 0.0 0.0 0.0 0.0 0.0 0.0 0.0 0.0 0.0 0.0 0.0 0.0 0.0 0.0 0.0
0 0.622559 0.202878 0.004883 0.004317 0.0 0.0 0.0 0.0 0.0 0.0 0.0 0.0 0.0 0.0 0.0 0.0 0.0 0.0 0.0
0 0.599609 0.176978 0.005859 0.005755 0.0 0.0 0.0 0.0 0.0 0.0 0.0 0.0 0.0 0.0 0.0 0.0 0.0 0.0 0.0
0 0.602051 0.171942 0.004883 0.004317 0.0 0.0 0.0 0.0 0.0 0.0 0.0 0.0 0.0 0.0 0.0 0.0 0.0 0.0 0.0
0 0.632324 0.155755 0.00293 0.003597 0.0 0.0 0.0 0.0 0.0 0.0 0.0 0.0 0.0 0.0 0.0 0.0 0.0 0.0 0.0
0 0.530762 0.198201 0.006836 0.006475 0.0 0.0 0.0 0.0 0.0 0.0 0.0 0.0 0.0 0.0 0.0 0.0 0.0 0.0 0.0
0 0.605469 0.152878 0.003906 0.003597 0.0 0.0 0.0 0.0 0.0 0.0 0.0 0.0 0.0 0.0 0.0 0.0 0.0 0.0 0.0
0 0.518555 0.168705 0.005859 0.005036 0.0 0.0 0.0 0.0 0.0 0.0 0.0 0.0 0.0 0.0 0.0 0.0 0.0 0.0 0.0
0 0.483398 0.176259 0.005859 0.007194 0.0 0.0 0.0 0.0 0.0 0.0 0.0 0.0 0.0 0.0 0.0 0.0 0.0 0.0 0.0
0 0.476074 0.176978 0.004883 0.005755 0.0 0.0 0.0 0.0 0.0 0.0 0.0 0.0 0.0 0.0 0.0 0.0 0.0 0.0 0.0
0 0.73584 0.798921 0.02832 0.029496 0.732064 0.796699 1.0 0.74496 0.794649 1.0 0.741673 0.801542 1.0 0.737121 0.807503 1.0 0.745972 0.80564 1.0
0 0.758301 0.77518 0.026367 0.023741 0.758711 0.772916 1.0 0.764652 0.770651 1.0 0.763628 0.777444 1.0 0.760555 0.782275 1.0 0.766497 0.78001 1.0
0 0.735352 0.760791 0.021484 0.017986 0.0 0.0 0.0 0.0 0.0 0.0 0.0 0.0 0.0 0.0 0.0 0.0 0.0 0.0 0.0
0 0.668457 0.742446 0.022461 0.018705 0.0 0.0 0.0 0.0 0.0 0.0 0.0 0.0 0.0 0.0 0.0 0.0 0.0 0.0 0.0
0 0.621582 0.814748 0.022461 0.016547 0.0 0.0 0.0 0.0 0.0 0.0 0.0 0.0 0.0 0.0 0.0 0.0 0.0 0.0 0.0
0 0.583496 0.788489 0.022461 0.017266 0.579376 0.788129 1.0 0.59082 0.78768 1.0 0.585785 0.793076 1.0 0.580902 0.795548 1.0 0.588227 0.795548 1.0
0 0.581543 0.766906 0.014648 0.017266 0.0 0.0 0.0 0.0 0.0 0.0 0.0 0.0 0.0 0.0 0.0 0.0 0.0 0.0 0.0
0 0.548828 0.763309 0.023438 0.025899 0.545846 0.762641 1.0 0.557408 0.761973 1.0 0.554008 0.766817 1.0 0.548566 0.77166 1.0 0.556501 0.770992 1.0
0 0.595215 0.739209 0.022461 0.02518 0.599701 0.739433 1.0 0.605683 0.738332 1.0 0.605896 0.742424 1.0 0.60077 0.74683 1.0 0.602479 0.74683 1.0
0 0.60791 0.741007 0.014648 0.020144 0.0 0.0 0.0 0.0 0.0 0.0 0.0 0.0 0.0 0.0 0.0 0.0 0.0 0.0 0.0
0 0.647949 0.715108 0.020508 0.02446 0.649018 0.71585 1.0 0.655854 0.713647 1.0 0.656494 0.717738 1.0 0.65329 0.723404 1.0 0.657349 0.722774 1.0
0 0.603027 0.715108 0.018555 0.017266 0.606393 0.711177 1.0 0.609654 0.709429 1.0 0.612471 0.713579 1.0 0.610247 0.717947 1.0 0.612174 0.717292 1.0
0 0.567383 0.720863 0.017578 0.017266 0.568926 0.719707 1.0 0.574263 0.718506 1.0 0.57441 0.722109 1.0 0.569371 0.72473 1.0 0.57441 0.724184 1.0
0 0.518066 0.726259 0.020508 0.016547 0.517347 0.72255 1.0 0.52526 0.721383 1.0 0.523246 0.725411 1.0 0.519649 0.730393 1.0 0.525979 0.728803 1.0
0 0.526855 0.76295 0.020508 0.019424 0.527388 0.762699 1.0 0.534528 0.762449 1.0 0.534358 0.767709 1.0 0.528748 0.771592 1.0 0.534528 0.771718 1.0
0 0.466797 0.736691 0.023438 0.021583 0.466004 0.734757 1.0 0.474609 0.732329 1.0 0.474243 0.738129 1.0 0.472229 0.743525 1.0 0.47644 0.741906 1.0
0 0.368652 0.580576 0.016602 0.010072 0.0 0.0 0.0 0.0 0.0 0.0 0.0 0.0 0.0 0.0 0.0 0.0 0.0 0.0 0.0
0 0.413086 0.585612 0.017578 0.018705 0.412589 0.585123 1.0 0.419878 0.584757 1.0 0.417725 0.58793 1.0 0.414246 0.591347 1.0 0.418388 0.591347 1.0
0 0.452148 0.570144 0.015625 0.016547 0.44628 0.568047 1.0 0.451604 0.568683 1.0 0.447432 0.571544 1.0 0.44628 0.574512 1.0 0.450884 0.575042 1.0
0 0.407227 0.617986 0.019531 0.017266 0.402771 0.616277 1.0 0.412231 0.616165 1.0 0.407654 0.620099 1.0 0.404297 0.623134 1.0 0.411469 0.623022 1.0
0 0.446777 0.628058 0.020508 0.017266 0.440582 0.626799 1.0 0.44867 0.626799 1.0 0.443023 0.630958 1.0 0.442566 0.633881 1.0 0.448975 0.633431 1.0
0 0.435547 0.61223 0.017578 0.01295 0.0 0.0 0.0 0.0 0.0 0.0 0.0 0.0 0.0 0.0 0.0 0.0 0.0 0.0 0.0
0 0.36377 0.638849 0.020508 0.020144 0.362758 0.637744 1.0 0.371129 0.636202 1.0 0.36956 0.641341 1.0 0.365025 0.645324 1.0 0.371129 0.644553 1.0
0 0.422852 0.655396 0.015625 0.015827 0.0 0.0 0.0 0.0 0.0 0.0 0.0 0.0 0.0 0.0 0.0 0.0 0.0 0.0 0.0
0 0.472168 0.653237 0.018555 0.018705 0.474487 0.651908 1.0 0.477801 0.651542 1.0 0.479457 0.654715 1.0 0.475315 0.658742 1.0 0.475646 0.658498 1.0
0 0.342285 0.680935 0.022461 0.023741 0.340401 0.680576 1.0 0.350446 0.67965 1.0 0.346471 0.683967 1.0 0.34375 0.688129 1.0 0.349609 0.687359 1.0
0 0.441895 0.679137 0.018555 0.018705 0.437169 0.677029 1.0 0.445173 0.677145 1.0 0.44172 0.680845 1.0 0.438896 0.68362 1.0 0.444231 0.683273 1.0
0 0.309082 0.653237 0.014648 0.018705 0.0 0.0 0.0 0.0 0.0 0.0 0.0 0.0 0.0 0.0 0.0 0.0 0.0 0.0 0.0
0 0.335938 0.627338 0.017578 0.018705 0.331543 0.626156 1.0 0.340019 0.625347 1.0 0.336095 0.629047 1.0 0.333427 0.6324 1.0 0.340019 0.632168 1.0
0 0.348633 0.617266 0.019531 0.017266 0.346924 0.614658 1.0 0.355773 0.614096 1.0 0.352111 0.618929 1.0 0.348907 0.621965 1.0 0.354553 0.62174 1.0
0 0.365723 0.606115 0.016602 0.016547 0.0 0.0 0.0 0.0 0.0 0.0 0.0 0.0 0.0 0.0 0.0 0.0 0.0 0.0 0.0
0 0.516602 0.666187 0.021484 0.01295 0.514387 0.662754 1.0 0.525608 0.662436 1.0 0.519278 0.668159 1.0 0.51453 0.667947 1.0 0.523595 0.668159 1.0
0 0.545898 0.664029 0.017578 0.018705 0.544085 0.663919 1.0 0.551871 0.663432 1.0 0.548724 0.667215 1.0 0.544582 0.670754 1.0 0.551871 0.670266 1.0
0 0.609863 0.684892 0.016602 0.021583 0.0 0.0 0.0 0.0 0.0 0.0 0.0 0.0 0.0 0.0 0.0 0.0 0.0 0.0 0.0
0 0.592773 0.67446 0.019531 0.016547 0.0 0.0 0.0 0.0 0.0 0.0 0.0 0.0 0.0 0.0 0.0 0.0 0.0 0.0 0.0
0 0.584473 0.640647 0.020508 0.023741 0.58803 0.641367 1.0 0.593471 0.638592 1.0 0.594308 0.643217 1.0 0.592425 0.648458 1.0 0.593053 0.64815 1.0
0 0.610352 0.613309 0.021484 0.020863 0.608215 0.611466 1.0 0.618469 0.611871 1.0 0.613525 0.616322 1.0 0.608947 0.619289 1.0 0.615906 0.619289 1.0
0 0.504883 0.647482 0.019531 0.014388 0.0 0.0 0.0 0.0 0.0 0.0 0.0 0.0 0.0 0.0 0.0 0.0 0.0 0.0 0.0
0 0.512695 0.635612 0.015625 0.009353 0.0 0.0 0.0 0.0 0.0 0.0 0.0 0.0 0.0 0.0 0.0 0.0 0.0 0.0 0.0
0 0.536133 0.571942 0.017578 0.01295 0.532846 0.569521 1.0 0.541914 0.569271 1.0 0.53772 0.572276 1.0 0.534772 0.576201 1.0 0.53976 0.57595 1.0
0 0.249512 0.633094 0.018555 0.017266 0.0 0.0 0.0 0.0 0.0 0.0 0.0 0.0 0.0 0.0 0.0 0.0 0.0 0.0 0.0
0 0.604492 0.58705 0.017578 0.018705 0.602178 0.58605 1.0 0.610928 0.586058 1.0 0.607334 0.589381 1.0 0.603145 0.592547 1.0 0.609756 0.592554 1.0
0 0.618164 0.578417 0.015625 0.015827 0.615862 0.577104 1.0 0.623487 0.576256 1.0 0.621473 0.579329 1.0 0.618739 0.582827 1.0 0.623919 0.582297 1.0
0 0.629883 0.623381 0.015625 0.016547 0.0 0.0 0.0 0.0 0.0 0.0 0.0 0.0 0.0 0.0 0.0 0.0 0.0 0.0 0.0
0 0.555176 0.560072 0.018555 0.019424 0.552708 0.557637 1.0 0.561323 0.558247 1.0 0.558341 0.561787 1.0 0.553868 0.565571 1.0 0.559666 0.566424 1.0
0 0.574707 0.554317 0.016602 0.013669 0.573853 0.553058 1.0 0.579956 0.552428 1.0 0.578003 0.556205 1.0 0.575562 0.557914 1.0 0.578979 0.558004 1.0
0 0.61084 0.557914 0.016602 0.010791 0.0 0.0 0.0 0.0 0.0 0.0 0.0 0.0 0.0 0.0 0.0 0.0 0.0 0.0 0.0
0 0.640625 0.561871 0.017578 0.014388 0.634399 0.561511 1.0 0.638916 0.561061 1.0 0.63562 0.565198 1.0 0.638184 0.566996 1.0 0.641724 0.566457 1.0
0 0.678711 0.569424 0.015625 0.010791 0.0 0.0 0.0 0.0 0.0 0.0 0.0 0.0 0.0 0.0 0.0 0.0 0.0 0.0 0.0
0 0.676758 0.598201 0.017578 0.010791 0.0 0.0 0.0 0.0 0.0 0.0 0.0 0.0 0.0 0.0 0.0 0.0 0.0 0.0 0.0
0 0.690918 0.636691 0.014648 0.015827 0.0 0.0 0.0 0.0 0.0 0.0 0.0 0.0 0.0 0.0 0.0 0.0 0.0 0.0 0.0
0 0.713379 0.613669 0.020508 0.015827 0.709821 0.612436 1.0 0.719169 0.611511 1.0 0.715263 0.615622 1.0 0.712054 0.619116 1.0 0.717913 0.618911 1.0
0 0.740234 0.629856 0.017578 0.019424 0.0 0.0 0.0 0.0 0.0 0.0 0.0 0.0 0.0 0.0 0.0 0.0 0.0 0.0 0.0
0 0.771484 0.636691 0.023438 0.018705 0.771815 0.634629 1.0 0.779934 0.633286 1.0 0.778608 0.637436 1.0 0.774963 0.641707 1.0 0.780099 0.640731 1.0
0 0.772461 0.591367 0.019531 0.015827 0.0 0.0 0.0 0.0 0.0 0.0 0.0 0.0 0.0 0.0 0.0 0.0 0.0 0.0 0.0
0 0.833008 0.615468 0.009766 0.01223 0.0 0.0 0.0 0.0 0.0 0.0 0.0 0.0 0.0 0.0 0.0 0.0 0.0 0.0 0.0
0 0.745117 0.581295 0.019531 0.014388 0.0 0.0 0.0 0.0 0.0 0.0 0.0 0.0 0.0 0.0 0.0 0.0 0.0 0.0 0.0
0 0.716309 0.550719 0.016602 0.016547 0.713807 0.550507 1.0 0.721 0.550507 1.0 0.717834 0.552945 1.0 0.715245 0.556337 1.0 0.719561 0.556231 1.0
0 0.771973 0.558273 0.016602 0.014388 0.768799 0.556385 1.0 0.776978 0.556205 1.0 0.77356 0.560432 1.0 0.769531 0.56304 1.0 0.775635 0.56277 1.0
0 0.657715 0.546403 0.018555 0.015108 0.652684 0.546281 1.0 0.657414 0.544986 1.0 0.654576 0.54887 1.0 0.656873 0.551558 1.0 0.659441 0.55096 1.0
0 0.616699 0.545324 0.014648 0.011511 0.0 0.0 0.0 0.0 0.0 0.0 0.0 0.0 0.0 0.0 0.0 0.0 0.0 0.0 0.0
0 0.893555 0.541007 0.009766 0.01295 0.0 0.0 0.0 0.0 0.0 0.0 0.0 0.0 0.0 0.0 0.0 0.0 0.0 0.0 0.0
0 0.759277 0.520863 0.016602 0.014388 0.762817 0.520863 1.0 0.766846 0.519604 1.0 0.766235 0.523741 1.0 0.761719 0.526349 1.0 0.765259 0.526439 1.0
0 0.770996 0.506835 0.012695 0.01223 0.0 0.0 0.0 0.0 0.0 0.0 0.0 0.0 0.0 0.0 0.0 0.0 0.0 0.0 0.0
0 0.756836 0.486331 0.013672 0.015827 0.0 0.0 0.0 0.0 0.0 0.0 0.0 0.0 0.0 0.0 0.0 0.0 0.0 0.0 0.0
0 0.774902 0.479496 0.010742 0.007914 0.0 0.0 0.0 0.0 0.0 0.0 0.0 0.0 0.0 0.0 0.0 0.0 0.0 0.0 0.0
0 0.746094 0.482734 0.015625 0.015827 0.0 0.0 0.0 0.0 0.0 0.0 0.0 0.0 0.0 0.0 0.0 0.0 0.0 0.0 0.0
0 0.711914 0.50036 0.015625 0.010791 0.708217 0.500848 1.0 0.712926 0.5 1.0 0.711356 0.504317 1.0 0.709682 0.505396 1.0 0.715646 0.504702 1.0
0 0.701172 0.529496 0.015625 0.015827 0.694755 0.527852 1.0 0.699219 0.527852 1.0 0.693778 0.530216 1.0 0.694755 0.533916 1.0 0.698382 0.533916 1.0
0 0.691895 0.526619 0.012695 0.015827 0.0 0.0 0.0 0.0 0.0 0.0 0.0 0.0 0.0 0.0 0.0 0.0 0.0 0.0 0.0
0 0.648438 0.531655 0.015625 0.015827 0.0 0.0 0.0 0.0 0.0 0.0 0.0 0.0 0.0 0.0 0.0 0.0 0.0 0.0 0.0
0 0.654785 0.522302 0.016602 0.011511 0.0 0.0 0.0 0.0 0.0 0.0 0.0 0.0 0.0 0.0 0.0 0.0 0.0 0.0 0.0
0 0.660156 0.505396 0.017578 0.017986 0.66047 0.506539 1.0 0.667689 0.505499 1.0 0.666905 0.509083 1.0 0.663295 0.512783 1.0 0.66816 0.51232 1.0
0 0.56543 0.535612 0.015625 0.013669 0.0 0.0 0.0 0.0 0.0 0.0 0.0 0.0 0.0 0.0 0.0 0.0 0.0 0.0 0.0
0 0.586914 0.496403 0.019531 0.014388 0.581621 0.495857 1.0 0.587816 0.493156 1.0 0.585288 0.496322 1.0 0.586047 0.499955 1.0 0.589966 0.498278 1.0
0 0.621094 0.489209 0.015625 0.01295 0.0 0.0 0.0 0.0 0.0 0.0 0.0 0.0 0.0 0.0 0.0 0.0 0.0 0.0 0.0
0 0.561523 0.502878 0.013672 0.014388 0.559326 0.501799 1.0 0.565796 0.501079 1.0 0.563721 0.504047 1.0 0.56189 0.507284 1.0 0.565674 0.506924 1.0
0 0.525391 0.531655 0.017578 0.015827 0.526437 0.53001 1.0 0.532575 0.530627 1.0 0.531041 0.532683 1.0 0.526019 0.535765 1.0 0.531738 0.536074 1.0
0 0.535645 0.498561 0.014648 0.010072 0.0 0.0 0.0 0.0 0.0 0.0 0.0 0.0 0.0 0.0 0.0 0.0 0.0 0.0 0.0
0 0.550293 0.488849 0.014648 0.01223 0.5467 0.486177 1.0 0.553292 0.486022 1.0 0.548793 0.489337 1.0 0.547015 0.491496 1.0 0.551933 0.491727 1.0
0 0.587402 0.47482 0.014648 0.011511 0.586042 0.473253 1.0 0.590934 0.472546 1.0 0.590263 0.475019 1.0 0.586617 0.477845 1.0 0.591029 0.477563 1.0
0 0.524414 0.471223 0.015625 0.01295 0.519788 0.470256 1.0 0.52638 0.470083 1.0 0.523084 0.472598 1.0 0.521554 0.475806 1.0 0.525086 0.475893 1.0
0 0.51416 0.519784 0.018555 0.01223 0.0 0.0 0.0 0.0 0.0 0.0 0.0 0.0 0.0 0.0 0.0 0.0 0.0 0.0 0.0
0 0.505859 0.558273 0.015625 0.01295 0.0 0.0 0.0 0.0 0.0 0.0 0.0 0.0 0.0 0.0 0.0 0.0 0.0 0.0 0.0
0 0.470703 0.547122 0.019531 0.016547 0.46633 0.546615 1.0 0.474963 0.545237 1.0 0.471941 0.548629 1.0 0.469352 0.551914 1.0 0.475538 0.551172 1.0
0 0.41748 0.552878 0.020508 0.015108 0.0 0.0 0.0 0.0 0.0 0.0 0.0 0.0 0.0 0.0 0.0 0.0 0.0 0.0 0.0
0 0.437012 0.546403 0.014648 0.01223 0.435478 0.545889 1.0 0.440499 0.545581 1.0 0.437884 0.547971 1.0 0.43621 0.550129 1.0 0.439767 0.550206 1.0
0 0.393555 0.538489 0.015625 0.013669 0.0 0.0 0.0 0.0 0.0 0.0 0.0 0.0 0.0 0.0 0.0 0.0 0.0 0.0 0.0
0 0.383789 0.524101 0.017578 0.016547 0.379342 0.523304 1.0 0.384975 0.52396 1.0 0.380676 0.52658 1.0 0.37949 0.529201 1.0 0.383345 0.529419 1.0
0 0.388672 0.502878 0.013672 0.014388 0.391092 0.502145 1.0 0.394885 0.501307 1.0 0.395264 0.504567 1.0 0.390839 0.507547 1.0 0.39362 0.507082 1.0
0 0.397949 0.484532 0.014648 0.013669 0.396419 0.483032 1.0 0.401951 0.481558 1.0 0.400421 0.484333 1.0 0.398538 0.488062 1.0 0.402893 0.486675 1.0
0 0.384277 0.489209 0.014648 0.010072 0.0 0.0 0.0 0.0 0.0 0.0 0.0 0.0 0.0 0.0 0.0 0.0 0.0 0.0 0.0
0 0.504395 0.483094 0.012695 0.01223 0.501617 0.481652 1.0 0.506958 0.480929 1.0 0.502381 0.483337 1.0 0.502489 0.485747 1.0 0.505541 0.485907 1.0
0 0.568359 0.486331 0.015625 0.010072 0.0 0.0 0.0 0.0 0.0 0.0 0.0 0.0 0.0 0.0 0.0 0.0 0.0 0.0 0.0
0 0.616211 0.458993 0.013672 0.01295 0.0 0.0 0.0 0.0 0.0 0.0 0.0 0.0 0.0 0.0 0.0 0.0 0.0 0.0 0.0
0 0.57373 0.46223 0.010742 0.007914 0.0 0.0 0.0 0.0 0.0 0.0 0.0 0.0 0.0 0.0 0.0 0.0 0.0 0.0 0.0
0 0.481445 0.485971 0.013672 0.013669 0.479897 0.486838 1.0 0.480957 0.486838 1.0 0.477308 0.489266 1.0 0.480251 0.491694 1.0 0.481311 0.491608 1.0
0 0.440918 0.479496 0.012695 0.009353 0.0 0.0 0.0 0.0 0.0 0.0 0.0 0.0 0.0 0.0 0.0 0.0 0.0 0.0 0.0
0 0.400391 0.465108 0.013672 0.009353 0.398254 0.464299 1.0 0.403473 0.464299 1.0 0.400543 0.466524 1.0 0.40036 0.468076 1.0 0.403016 0.468076 1.0
0 0.464355 0.453597 0.014648 0.013669 0.0 0.0 0.0 0.0 0.0 0.0 0.0 0.0 0.0 0.0 0.0 0.0 0.0 0.0 0.0
0 0.343262 0.486331 0.014648 0.01295 0.341597 0.485451 1.0 0.348306 0.485364 1.0 0.345834 0.487792 1.0 0.34242 0.49074 1.0 0.347717 0.490654 1.0
0 0.375977 0.457914 0.013672 0.007914 0.0 0.0 0.0 0.0 0.0 0.0 0.0 0.0 0.0 0.0 0.0 0.0 0.0 0.0 0.0
0 0.40918 0.44964 0.011719 0.01295 0.0 0.0 0.0 0.0 0.0 0.0 0.0 0.0 0.0 0.0 0.0 0.0 0.0 0.0 0.0
0 0.328125 0.45 0.017578 0.015108 0.324629 0.449833 1.0 0.331822 0.449929 1.0 0.328029 0.45282 1.0 0.325544 0.455518 1.0 0.331953 0.455518 1.0
0 0.342285 0.445683 0.010742 0.010791 0.339975 0.443981 1.0 0.345058 0.44384 1.0 0.342948 0.445041 1.0 0.340646 0.448715 1.0 0.345729 0.448715 1.0
0 0.312988 0.457194 0.012695 0.01223 0.309047 0.45776 1.0 0.314697 0.457065 1.0 0.311559 0.459763 1.0 0.31114 0.462307 1.0 0.314278 0.461922 1.0
0 0.296875 0.508993 0.015625 0.015108 0.295863 0.507914 1.0 0.301356 0.50801 1.0 0.299656 0.510612 1.0 0.297303 0.513406 1.0 0.30018 0.513502 1.0
0 0.264648 0.501079 0.017578 0.015108 0.261675 0.504092 1.0 0.268477 0.503128 1.0 0.265599 0.507175 1.0 0.26416 0.509006 1.0 0.267822 0.508524 1.0
0 0.288574 0.483813 0.016602 0.016547 0.28962 0.483659 1.0 0.292411 0.482734 1.0 0.294085 0.485509 1.0 0.289481 0.489312 1.0 0.291573 0.489209 1.0
0 0.220703 0.532014 0.017578 0.017986 0.216762 0.531308 1.0 0.224923 0.530845 1.0 0.220686 0.534661 1.0 0.218331 0.538129 1.0 0.224923 0.538129 1.0
0 0.27002 0.483453 0.016602 0.011511 0.0 0.0 0.0 0.0 0.0 0.0 0.0 0.0 0.0 0.0 0.0 0.0 0.0 0.0 0.0
0 0.425293 0.446763 0.010742 0.010072 0.0 0.0 0.0 0.0 0.0 0.0 0.0 0.0 0.0 0.0 0.0 0.0 0.0 0.0 0.0
0 0.32959 0.426259 0.014648 0.013669 0.326172 0.426079 1.0 0.332153 0.42554 1.0 0.329468 0.427068 1.0 0.327515 0.431385 1.0 0.333374 0.431025 1.0
0 0.277344 0.429496 0.013672 0.01295 0.278621 0.428529 1.0 0.282741 0.428529 1.0 0.281799 0.431652 1.0 0.278268 0.433386 1.0 0.281917 0.433386 1.0
0 0.270508 0.455396 0.011719 0.010072 0.0 0.0 0.0 0.0 0.0 0.0 0.0 0.0 0.0 0.0 0.0 0.0 0.0 0.0 0.0
0 0.194824 0.507194 0.014648 0.017266 0.195077 0.505711 1.0 0.201154 0.505055 1.0 0.199523 0.508877 1.0 0.195226 0.510734 1.0 0.202044 0.509969 1.0
0 0.200195 0.478417 0.007812 0.01295 0.0 0.0 0.0 0.0 0.0 0.0 0.0 0.0 0.0 0.0 0.0 0.0 0.0 0.0 0.0
0 0.188477 0.479856 0.017578 0.01295 0.0 0.0 0.0 0.0 0.0 0.0 0.0 0.0 0.0 0.0 0.0 0.0 0.0 0.0 0.0
0 0.179688 0.46259 0.015625 0.01295 0.0 0.0 0.0 0.0 0.0 0.0 0.0 0.0 0.0 0.0 0.0 0.0 0.0 0.0 0.0
0 0.202637 0.467986 0.012695 0.013669 0.0 0.0 0.0 0.0 0.0 0.0 0.0 0.0 0.0 0.0 0.0 0.0 0.0 0.0 0.0
0 0.179199 0.516187 0.016602 0.017986 0.176086 0.514681 1.0 0.185089 0.515018 1.0 0.180054 0.518278 1.0 0.175629 0.521763 1.0 0.181885 0.521763 1.0
0 0.151367 0.493525 0.015625 0.014388 0.148368 0.493445 1.0 0.155068 0.4927 1.0 0.152666 0.495214 1.0 0.149506 0.498381 1.0 0.155448 0.497357 1.0
0 0.107422 0.520863 0.017578 0.01295 0.104213 0.520947 1.0 0.111241 0.520863 1.0 0.107727 0.523285 1.0 0.104894 0.525706 1.0 0.111354 0.52554 1.0
0 0.060059 0.519424 0.016602 0.01295 0.0 0.0 0.0 0.0 0.0 0.0 0.0 0.0 0.0 0.0 0.0 0.0 0.0 0.0 0.0
0 0.112793 0.493165 0.014648 0.015108 0.107845 0.491771 1.0 0.113521 0.491672 1.0 0.110007 0.494858 1.0 0.108791 0.498442 1.0 0.113791 0.498342 1.0
0 0.067383 0.491367 0.017578 0.014388 0.06097 0.490076 1.0 0.066912 0.490355 1.0 0.062234 0.493801 1.0 0.06236 0.496223 1.0 0.067291 0.496409 1.0
0 0.089844 0.483813 0.013672 0.010791 0.0 0.0 0.0 0.0 0.0 0.0 0.0 0.0 0.0 0.0 0.0 0.0 0.0 0.0 0.0
0 0.133789 0.465108 0.015625 0.015108 0.13119 0.463913 1.0 0.13565 0.463515 1.0 0.134299 0.4669 1.0 0.131056 0.469887 1.0 0.138219 0.469091 1.0
0 0.097168 0.465468 0.016602 0.015827 0.094382 0.46461 1.0 0.10114 0.464212 1.0 0.098437 0.467398 1.0 0.09668 0.470883 1.0 0.101274 0.470783 1.0
0 0.140625 0.451799 0.013672 0.015827 0.0 0.0 0.0 0.0 0.0 0.0 0.0 0.0 0.0 0.0 0.0 0.0 0.0 0.0 0.0
0 0.085938 0.446403 0.013672 0.010791 0.0 0.0 0.0 0.0 0.0 0.0 0.0 0.0 0.0 0.0 0.0 0.0 0.0 0.0 0.0
0 0.05957 0.454676 0.015625 0.015827 0.058036 0.454265 1.0 0.064313 0.45406 1.0 0.061803 0.457143 1.0 0.059013 0.460226 1.0 0.064174 0.460021 1.0
0 0.195312 0.436331 0.013672 0.01223 0.0 0.0 0.0 0.0 0.0 0.0 0.0 0.0 0.0 0.0 0.0 0.0 0.0 0.0 0.0
0 0.229492 0.432374 0.005859 0.010072 0.0 0.0 0.0 0.0 0.0 0.0 0.0 0.0 0.0 0.0 0.0 0.0 0.0 0.0 0.0
0 0.253906 0.42446 0.011719 0.008633 0.0 0.0 0.0 0.0 0.0 0.0 0.0 0.0 0.0 0.0 0.0 0.0 0.0 0.0 0.0
0 0.159668 0.433813 0.014648 0.014388 0.156777 0.432615 1.0 0.163604 0.432801 1.0 0.159812 0.435223 1.0 0.156524 0.438204 1.0 0.161708 0.438204 1.0
0 0.150391 0.438489 0.009766 0.009353 0.0 0.0 0.0 0.0 0.0 0.0 0.0 0.0 0.0 0.0 0.0 0.0 0.0 0.0 0.0
0 0.166504 0.418705 0.012695 0.01295 0.0 0.0 0.0 0.0 0.0 0.0 0.0 0.0 0.0 0.0 0.0 0.0 0.0 0.0 0.0
0 0.126465 0.414388 0.012695 0.01295 0.0 0.0 0.0 0.0 0.0 0.0 0.0 0.0 0.0 0.0 0.0 0.0 0.0 0.0 0.0
0 0.144531 0.403597 0.011719 0.01295 0.0 0.0 0.0 0.0 0.0 0.0 0.0 0.0 0.0 0.0 0.0 0.0 0.0 0.0 0.0
0 0.095215 0.407554 0.012695 0.01223 0.0 0.0 0.0 0.0 0.0 0.0 0.0 0.0 0.0 0.0 0.0 0.0 0.0 0.0 0.0
0 0.106445 0.401799 0.011719 0.01223 0.0 0.0 0.0 0.0 0.0 0.0 0.0 0.0 0.0 0.0 0.0 0.0 0.0 0.0 0.0
0 0.092285 0.433094 0.012695 0.010072 0.0 0.0 0.0 0.0 0.0 0.0 0.0 0.0 0.0 0.0 0.0 0.0 0.0 0.0 0.0
0 0.066895 0.444964 0.014648 0.007914 0.0 0.0 0.0 0.0 0.0 0.0 0.0 0.0 0.0 0.0 0.0 0.0 0.0 0.0 0.0
0 0.033691 0.459353 0.012695 0.009353 0.0 0.0 0.0 0.0 0.0 0.0 0.0 0.0 0.0 0.0 0.0 0.0 0.0 0.0 0.0
0 0.040039 0.476259 0.019531 0.014388 0.0 0.0 0.0 0.0 0.0 0.0 0.0 0.0 0.0 0.0 0.0 0.0 0.0 0.0 0.0
0 0.024414 0.496403 0.015625 0.015827 0.02567 0.495273 1.0 0.03139 0.494142 1.0 0.03125 0.497328 1.0 0.027901 0.500925 1.0 0.032227 0.500617 1.0
0 0.056641 0.42554 0.011719 0.010791 0.058166 0.424614 1.0 0.058454 0.424473 1.0 0.061812 0.426663 1.0 0.057687 0.429349 1.0 0.057975 0.429207 1.0
0 0.04834 0.408993 0.010742 0.010791 0.0 0.0 0.0 0.0 0.0 0.0 0.0 0.0 0.0 0.0 0.0 0.0 0.0 0.0 0.0
0 0.024902 0.471223 0.014648 0.011511 0.0 0.0 0.0 0.0 0.0 0.0 0.0 0.0 0.0 0.0 0.0 0.0 0.0 0.0 0.0
0 0.039062 0.388849 0.013672 0.013669 0.0 0.0 0.0 0.0 0.0 0.0 0.0 0.0 0.0 0.0 0.0 0.0 0.0 0.0 0.0
0 0.084961 0.371223 0.013672 0.010072 0.0 0.0 0.0 0.0 0.0 0.0 0.0 0.0 0.0 0.0 0.0 0.0 0.0 0.0 0.0
0 0.030762 0.374101 0.014648 0.010072 0.0 0.0 0.0 0.0 0.0 0.0 0.0 0.0 0.0 0.0 0.0 0.0 0.0 0.0 0.0
0 0.046875 0.359712 0.013672 0.01295 0.043174 0.359272 1.0 0.04895 0.35863 1.0 0.045681 0.360878 1.0 0.044918 0.363849 1.0 0.04797 0.363608 1.0
0 0.072266 0.369424 0.009766 0.010791 0.0 0.0 0.0 0.0 0.0 0.0 0.0 0.0 0.0 0.0 0.0 0.0 0.0 0.0 0.0
0 0.108398 0.358273 0.009766 0.008633 0.0 0.0 0.0 0.0 0.0 0.0 0.0 0.0 0.0 0.0 0.0 0.0 0.0 0.0 0.0
0 0.065918 0.353597 0.010742 0.010791 0.066031 0.352785 1.0 0.069842 0.351898 1.0 0.069039 0.354853 1.0 0.066031 0.356552 1.0 0.070243 0.356256 1.0
0 0.111328 0.390288 0.005859 0.009353 0.0 0.0 0.0 0.0 0.0 0.0 0.0 0.0 0.0 0.0 0.0 0.0 0.0 0.0 0.0
0 0.15332 0.394604 0.009766 0.009353 0.0 0.0 0.0 0.0 0.0 0.0 0.0 0.0 0.0 0.0 0.0 0.0 0.0 0.0 0.0
0 0.126465 0.355396 0.010742 0.011511 0.0 0.0 0.0 0.0 0.0 0.0 0.0 0.0 0.0 0.0 0.0 0.0 0.0 0.0 0.0
0 0.053711 0.392806 0.007812 0.010072 0.0 0.0 0.0 0.0 0.0 0.0 0.0 0.0 0.0 0.0 0.0 0.0 0.0 0.0 0.0
0 0.12793 0.394964 0.007812 0.007194 0.0 0.0 0.0 0.0 0.0 0.0 0.0 0.0 0.0 0.0 0.0 0.0 0.0 0.0 0.0
0 0.140625 0.351079 0.011719 0.01295 0.0 0.0 0.0 0.0 0.0 0.0 0.0 0.0 0.0 0.0 0.0 0.0 0.0 0.0 0.0
0 0.680664 0.464748 0.015625 0.014388 0.0 0.0 0.0 0.0 0.0 0.0 0.0 0.0 0.0 0.0 0.0 0.0 0.0 0.0 0.0
0 0.712402 0.456475 0.014648 0.015108 0.710833 0.456076 1.0 0.716645 0.45528 1.0 0.715969 0.458964 1.0 0.712319 0.46205 1.0 0.71705 0.461254 1.0
0 0.722656 0.448921 0.013672 0.01295 0.0 0.0 0.0 0.0 0.0 0.0 0.0 0.0 0.0 0.0 0.0 0.0 0.0 0.0 0.0
0 0.747559 0.446043 0.008789 0.010072 0.0 0.0 0.0 0.0 0.0 0.0 0.0 0.0 0.0 0.0 0.0 0.0 0.0 0.0 0.0
0 0.773926 0.464748 0.014648 0.010072 0.772622 0.466309 1.0 0.777937 0.466235 1.0 0.775129 0.468082 1.0 0.773124 0.469707 1.0 0.776934 0.469633 1.0
0 0.757324 0.470504 0.008789 0.011511 0.0 0.0 0.0 0.0 0.0 0.0 0.0 0.0 0.0 0.0 0.0 0.0 0.0 0.0 0.0
0 0.777344 0.448201 0.011719 0.007194 0.0 0.0 0.0 0.0 0.0 0.0 0.0 0.0 0.0 0.0 0.0 0.0 0.0 0.0 0.0
0 0.769531 0.429856 0.011719 0.01223 0.0 0.0 0.0 0.0 0.0 0.0 0.0 0.0 0.0 0.0 0.0 0.0 0.0 0.0 0.0
0 0.740723 0.428058 0.012695 0.011511 0.737061 0.426645 1.0 0.742292 0.426645 1.0 0.73863 0.429727 1.0 0.736852 0.431886 1.0 0.741142 0.431655 1.0
0 0.660645 0.431655 0.016602 0.014388 0.657646 0.430363 1.0 0.663967 0.430922 1.0 0.660174 0.433717 1.0 0.657393 0.435952 1.0 0.662955 0.436232 1.0
0 0.654785 0.460072 0.014648 0.013669 0.0 0.0 0.0 0.0 0.0 0.0 0.0 0.0 0.0 0.0 0.0 0.0 0.0 0.0 0.0
0 0.638184 0.466187 0.012695 0.010072 0.63691 0.467215 1.0 0.643799 0.466637 1.0 0.641444 0.469014 1.0 0.63691 0.471133 1.0 0.642143 0.471262 1.0
0 0.605469 0.433813 0.011719 0.01295 0.604266 0.432509 1.0 0.609253 0.432425 1.0 0.607326 0.434847 1.0 0.604379 0.437436 1.0 0.608006 0.437603 1.0
0 0.566895 0.43741 0.014648 0.011511 0.564388 0.435573 1.0 0.570404 0.435425 1.0 0.566995 0.438011 1.0 0.565189 0.441335 1.0 0.569902 0.441261 1.0
0 0.537598 0.444245 0.016602 0.013669 0.535697 0.444219 1.0 0.541582 0.444045 1.0 0.54017 0.446473 1.0 0.536168 0.448468 1.0 0.542877 0.448555 1.0
0 0.514648 0.447482 0.011719 0.01295 0.514806 0.446981 1.0 0.518886 0.446063 1.0 0.518999 0.450321 1.0 0.516846 0.452492 1.0 0.519453 0.452492 1.0
0 0.480469 0.448921 0.013672 0.01295 0.476449 0.448041 1.0 0.481981 0.447 1.0 0.479745 0.450555 1.0 0.479274 0.453591 1.0 0.482923 0.452983 1.0
0 0.693848 0.429496 0.012695 0.010072 0.69193 0.430139 1.0 0.697597 0.429946 1.0 0.694981 0.433158 1.0 0.693237 0.434635 1.0 0.696027 0.434506 1.0
0 0.649902 0.432374 0.010742 0.008633 0.0 0.0 0.0 0.0 0.0 0.0 0.0 0.0 0.0 0.0 0.0 0.0 0.0 0.0 0.0
0 0.714844 0.410072 0.009766 0.010072 0.712372 0.409037 1.0 0.714203 0.409037 1.0 0.712006 0.411263 1.0 0.713379 0.413894 1.0 0.713471 0.413827 1.0
0 0.762695 0.408993 0.011719 0.01223 0.76335 0.408511 1.0 0.765856 0.407949 1.0 0.768581 0.410278 1.0 0.765965 0.413489 1.0 0.766837 0.413329 1.0
0 0.768066 0.403597 0.008789 0.010072 0.0 0.0 0.0 0.0 0.0 0.0 0.0 0.0 0.0 0.0 0.0 0.0 0.0 0.0 0.0
0 0.732422 0.394604 0.011719 0.010791 0.72781 0.393891 1.0 0.732125 0.39375 1.0 0.729536 0.396576 1.0 0.728864 0.398272 1.0 0.732317 0.398201 1.0
0 0.703613 0.402518 0.012695 0.009353 0.704193 0.400212 1.0 0.709826 0.399541 1.0 0.708004 0.402714 1.0 0.704524 0.404606 1.0 0.707921 0.404667 1.0
0 0.675293 0.415108 0.014648 0.01295 0.672538 0.413553 1.0 0.677071 0.413804 1.0 0.674012 0.415891 1.0 0.671518 0.418564 1.0 0.676958 0.418647 1.0
0 0.679688 0.404676 0.011719 0.010791 0.0 0.0 0.0 0.0 0.0 0.0 0.0 0.0 0.0 0.0 0.0 0.0 0.0 0.0 0.0
0 0.664551 0.403597 0.008789 0.010072 0.0 0.0 0.0 0.0 0.0 0.0 0.0 0.0 0.0 0.0 0.0 0.0 0.0 0.0 0.0
0 0.671387 0.389568 0.012695 0.010791 0.0 0.0 0.0 0.0 0.0 0.0 0.0 0.0 0.0 0.0 0.0 0.0 0.0 0.0 0.0
0 0.699219 0.388489 0.011719 0.010072 0.0 0.0 0.0 0.0 0.0 0.0 0.0 0.0 0.0 0.0 0.0 0.0 0.0 0.0 0.0
0 0.754883 0.38705 0.009766 0.010072 0.0 0.0 0.0 0.0 0.0 0.0 0.0 0.0 0.0 0.0 0.0 0.0 0.0 0.0 0.0
0 0.769043 0.384892 0.012695 0.014388 0.0 0.0 0.0 0.0 0.0 0.0 0.0 0.0 0.0 0.0 0.0 0.0 0.0 0.0 0.0
0 0.710938 0.379137 0.011719 0.011511 0.708156 0.378851 1.0 0.713771 0.379073 1.0 0.711164 0.38151 1.0 0.707955 0.384243 1.0 0.712167 0.38417 1.0
0 0.653809 0.385971 0.012695 0.01223 0.65203 0.384841 1.0 0.657157 0.384224 1.0 0.655901 0.386999 1.0 0.65339 0.389697 1.0 0.656947 0.389388 1.0
0 0.629883 0.382014 0.011719 0.008633 0.0 0.0 0.0 0.0 0.0 0.0 0.0 0.0 0.0 0.0 0.0 0.0 0.0 0.0 0.0
0 0.551758 0.426259 0.013672 0.01223 0.549525 0.424666 1.0 0.554652 0.424204 1.0 0.552665 0.426593 1.0 0.5512 0.429214 1.0 0.555385 0.428906 1.0
0 0.577148 0.421223 0.011719 0.009353 0.0 0.0 0.0 0.0 0.0 0.0 0.0 0.0 0.0 0.0 0.0 0.0 0.0 0.0 0.0
0 0.589355 0.401079 0.012695 0.013669 0.586866 0.400039 1.0 0.592281 0.399605 1.0 0.589927 0.402727 1.0 0.58769 0.405068 1.0 0.591574 0.405068 1.0
0 0.612305 0.404676 0.011719 0.010791 0.0 0.0 0.0 0.0 0.0 0.0 0.0 0.0 0.0 0.0 0.0 0.0 0.0 0.0 0.0
0 0.600586 0.421583 0.011719 0.008633 0.0 0.0 0.0 0.0 0.0 0.0 0.0 0.0 0.0 0.0 0.0 0.0 0.0 0.0 0.0
0 0.62793 0.416187 0.011719 0.007914 0.0 0.0 0.0 0.0 0.0 0.0 0.0 0.0 0.0 0.0 0.0 0.0 0.0 0.0 0.0
0 0.57373 0.400719 0.012695 0.011511 0.572052 0.401542 1.0 0.577467 0.401246 1.0 0.574859 0.402797 1.0 0.573255 0.404644 1.0 0.576865 0.404496 1.0
0 0.541504 0.408993 0.012695 0.007914 0.0 0.0 0.0 0.0 0.0 0.0 0.0 0.0 0.0 0.0 0.0 0.0 0.0 0.0 0.0
0 0.526855 0.423022 0.014648 0.014388 0.526764 0.421172 1.0 0.5322 0.421917 1.0 0.530051 0.423686 1.0 0.525879 0.426294 1.0 0.530178 0.42704 1.0
0 0.53125 0.403237 0.013672 0.010791 0.0 0.0 0.0 0.0 0.0 0.0 0.0 0.0 0.0 0.0 0.0 0.0 0.0 0.0 0.0
0 0.523438 0.389568 0.011719 0.010791 0.520839 0.390268 1.0 0.525635 0.390268 1.0 0.523813 0.392317 1.0 0.522086 0.395003 1.0 0.524867 0.395003 1.0
0 0.562988 0.38777 0.012695 0.010072 0.560486 0.386196 1.0 0.566254 0.385994 1.0 0.563507 0.388489 1.0 0.561035 0.390917 1.0 0.564697 0.390917 1.0
0 0.583008 0.38741 0.009766 0.006475 0.0 0.0 0.0 0.0 0.0 0.0 0.0 0.0 0.0 0.0 0.0 0.0 0.0 0.0 0.0
0 0.54248 0.380576 0.010742 0.011511 0.541051 0.379933 1.0 0.546387 0.379008 1.0 0.545131 0.382091 1.0 0.543353 0.384635 1.0 0.546282 0.384019 1.0
0 0.509277 0.385971 0.012695 0.010791 0.507499 0.385824 1.0 0.509805 0.386045 1.0 0.505994 0.388261 1.0 0.507198 0.390182 1.0 0.508501 0.390108 1.0
0 0.475586 0.406835 0.011719 0.01223 0.0 0.0 0.0 0.0 0.0 0.0 0.0 0.0 0.0 0.0 0.0 0.0 0.0 0.0 0.0
0 0.491211 0.405396 0.011719 0.013669 0.48999 0.403957 1.0 0.495605 0.402788 1.0 0.494995 0.407644 1.0 0.491333 0.410971 1.0 0.496582 0.410522 1.0
0 0.461426 0.4 0.010742 0.011511 0.459996 0.399923 1.0 0.464809 0.399691 1.0 0.462089 0.402467 1.0 0.460729 0.404933 1.0 0.464391 0.404779 1.0
0 0.451172 0.433813 0.013672 0.010072 0.0 0.0 0.0 0.0 0.0 0.0 0.0 0.0 0.0 0.0 0.0 0.0 0.0 0.0 0.0
0 0.438477 0.413309 0.011719 0.007914 0.0 0.0 0.0 0.0 0.0 0.0 0.0 0.0 0.0 0.0 0.0 0.0 0.0 0.0 0.0
0 0.499512 0.438489 0.012695 0.007914 0.0 0.0 0.0 0.0 0.0 0.0 0.0 0.0 0.0 0.0 0.0 0.0 0.0 0.0 0.0
0 0.405762 0.415108 0.010742 0.010072 0.0 0.0 0.0 0.0 0.0 0.0 0.0 0.0 0.0 0.0 0.0 0.0 0.0 0.0 0.0
0 0.359375 0.414748 0.009766 0.009353 0.0 0.0 0.0 0.0 0.0 0.0 0.0 0.0 0.0 0.0 0.0 0.0 0.0 0.0 0.0
0 0.186035 0.345683 0.010742 0.010791 0.0 0.0 0.0 0.0 0.0 0.0 0.0 0.0 0.0 0.0 0.0 0.0 0.0 0.0 0.0
0 0.463379 0.385971 0.012695 0.01223 0.0 0.0 0.0 0.0 0.0 0.0 0.0 0.0 0.0 0.0 0.0 0.0 0.0 0.0 0.0
0 0.46582 0.372302 0.009766 0.010791 0.0 0.0 0.0 0.0 0.0 0.0 0.0 0.0 0.0 0.0 0.0 0.0 0.0 0.0 0.0
0 0.459961 0.353237 0.009766 0.010072 0.459176 0.352852 1.0 0.464059 0.352852 1.0 0.461443 0.35465 1.0 0.459786 0.356128 1.0 0.463274 0.356192 1.0
0 0.456543 0.344604 0.008789 0.007194 0.0 0.0 0.0 0.0 0.0 0.0 0.0 0.0 0.0 0.0 0.0 0.0 0.0 0.0 0.0
0 0.465332 0.33705 0.008789 0.010791 0.463597 0.336196 1.0 0.468393 0.336125 1.0 0.466378 0.338174 1.0 0.464939 0.340153 1.0 0.467338 0.340082 1.0
0 0.454102 0.331295 0.007812 0.007914 0.0 0.0 0.0 0.0 0.0 0.0 0.0 0.0 0.0 0.0 0.0 0.0 0.0 0.0 0.0
0 0.427734 0.325899 0.009766 0.011511 0.0 0.0 0.0 0.0 0.0 0.0 0.0 0.0 0.0 0.0 0.0 0.0 0.0 0.0 0.0
0 0.417969 0.328777 0.009766 0.010072 0.417306 0.329856 1.0 0.420968 0.329856 1.0 0.41966 0.331462 1.0 0.417742 0.332683 1.0 0.421317 0.332361 1.0
0 0.395508 0.316547 0.009766 0.008633 0.0 0.0 0.0 0.0 0.0 0.0 0.0 0.0 0.0 0.0 0.0 0.0 0.0 0.0 0.0
0 0.429688 0.315468 0.009766 0.007914 0.0 0.0 0.0 0.0 0.0 0.0 0.0 0.0 0.0 0.0 0.0 0.0 0.0 0.0 0.0
0 0.438965 0.316547 0.008789 0.010072 0.0 0.0 0.0 0.0 0.0 0.0 0.0 0.0 0.0 0.0 0.0 0.0 0.0 0.0 0.0
0 0.380859 0.320504 0.009766 0.006475 0.0 0.0 0.0 0.0 0.0 0.0 0.0 0.0 0.0 0.0 0.0 0.0 0.0 0.0 0.0
0 0.34668 0.319424 0.009766 0.008633 0.0 0.0 0.0 0.0 0.0 0.0 0.0 0.0 0.0 0.0 0.0 0.0 0.0 0.0 0.0
0 0.356934 0.314748 0.010742 0.007914 0.0 0.0 0.0 0.0 0.0 0.0 0.0 0.0 0.0 0.0 0.0 0.0 0.0 0.0 0.0
0 0.325684 0.326259 0.008789 0.007914 0.0 0.0 0.0 0.0 0.0 0.0 0.0 0.0 0.0 0.0 0.0 0.0 0.0 0.0 0.0
0 0.322754 0.313669 0.010742 0.010072 0.0 0.0 0.0 0.0 0.0 0.0 0.0 0.0 0.0 0.0 0.0 0.0 0.0 0.0 0.0
0 0.30957 0.327698 0.009766 0.005036 0.0 0.0 0.0 0.0 0.0 0.0 0.0 0.0 0.0 0.0 0.0 0.0 0.0 0.0 0.0
0 0.284668 0.334173 0.010742 0.010791 0.0 0.0 0.0 0.0 0.0 0.0 0.0 0.0 0.0 0.0 0.0 0.0 0.0 0.0 0.0
0 0.26709 0.32482 0.010742 0.010791 0.265106 0.323629 1.0 0.269592 0.323426 1.0 0.267762 0.325787 1.0 0.266846 0.327676 1.0 0.268769 0.327608 1.0
0 0.251465 0.332374 0.010742 0.008633 0.251212 0.332201 1.0 0.255449 0.331854 1.0 0.253487 0.333473 1.0 0.252468 0.334745 1.0 0.255685 0.334282 1.0
0 0.235352 0.347122 0.009766 0.007914 0.0 0.0 0.0 0.0 0.0 0.0 0.0 0.0 0.0 0.0 0.0 0.0 0.0 0.0 0.0
0 0.225586 0.33705 0.007812 0.010791 0.0 0.0 0.0 0.0 0.0 0.0 0.0 0.0 0.0 0.0 0.0 0.0 0.0 0.0 0.0
0 0.229004 0.330935 0.012695 0.011511 0.229144 0.329625 1.0 0.234062 0.329933 1.0 0.233329 0.332168 1.0 0.230608 0.334404 1.0 0.233643 0.334558 1.0
0 0.155273 0.334173 0.009766 0.010791 0.0 0.0 0.0 0.0 0.0 0.0 0.0 0.0 0.0 0.0 0.0 0.0 0.0 0.0 0.0
0 0.170898 0.329137 0.009766 0.006475 0.0 0.0 0.0 0.0 0.0 0.0 0.0 0.0 0.0 0.0 0.0 0.0 0.0 0.0 0.0
0 0.188965 0.326978 0.010742 0.007914 0.18569 0.325408 1.0 0.190138 0.325244 1.0 0.187396 0.326991 1.0 0.185616 0.329121 1.0 0.188804 0.329012 1.0
0 0.203125 0.333094 0.009766 0.008633 0.0 0.0 0.0 0.0 0.0 0.0 0.0 0.0 0.0 0.0 0.0 0.0 0.0 0.0 0.0
0 0.219727 0.329496 0.009766 0.008633 0.0 0.0 0.0 0.0 0.0 0.0 0.0 0.0 0.0 0.0 0.0 0.0 0.0 0.0 0.0
0 0.223633 0.316547 0.009766 0.008633 0.221496 0.315827 1.0 0.225028 0.315191 1.0 0.223851 0.317273 1.0 0.223302 0.319065 1.0 0.225577 0.318776 1.0
0 0.189453 0.313669 0.009766 0.007194 0.188616 0.313309 1.0 0.193848 0.313823 1.0 0.19043 0.315108 1.0 0.188616 0.316444 1.0 0.191476 0.316701 1.0
0 0.291016 0.305755 0.009766 0.008633 0.288565 0.305351 1.0 0.292725 0.305293 1.0 0.29037 0.307605 1.0 0.289429 0.308993 1.0 0.292646 0.30905 1.0
0 0.351074 0.306115 0.010742 0.007914 0.0 0.0 0.0 0.0 0.0 0.0 0.0 0.0 0.0 0.0 0.0 0.0 0.0 0.0 0.0
0 0.388184 0.308993 0.008789 0.007914 0.0 0.0 0.0 0.0 0.0 0.0 0.0 0.0 0.0 0.0 0.0 0.0 0.0 0.0 0.0
0 0.415527 0.31295 0.008789 0.008633 0.0 0.0 0.0 0.0 0.0 0.0 0.0 0.0 0.0 0.0 0.0 0.0 0.0 0.0 0.0
0 0.404785 0.303957 0.008789 0.005036 0.0 0.0 0.0 0.0 0.0 0.0 0.0 0.0 0.0 0.0 0.0 0.0 0.0 0.0 0.0
0 0.441406 0.303237 0.007812 0.006475 0.0 0.0 0.0 0.0 0.0 0.0 0.0 0.0 0.0 0.0 0.0 0.0 0.0 0.0 0.0
0 0.455566 0.302518 0.008789 0.007914 0.0 0.0 0.0 0.0 0.0 0.0 0.0 0.0 0.0 0.0 0.0 0.0 0.0 0.0 0.0
0 0.311035 0.302518 0.010742 0.010791 0.308916 0.302299 1.0 0.312849 0.301805 1.0 0.311314 0.303501 1.0 0.309779 0.305974 1.0 0.313904 0.305974 1.0
0 0.25 0.303597 0.007812 0.007194 0.0 0.0 0.0 0.0 0.0 0.0 0.0 0.0 0.0 0.0 0.0 0.0 0.0 0.0 0.0
0 0.204102 0.304317 0.009766 0.010072 0.20203 0.303652 1.0 0.206752 0.303591 1.0 0.204102 0.305971 1.0 0.202776 0.307374 1.0 0.205427 0.307252 1.0
0 0.153809 0.310432 0.008789 0.006475 0.151528 0.309638 1.0 0.154872 0.309638 1.0 0.153285 0.311309 1.0 0.152096 0.312186 1.0 0.154136 0.312186 1.0
0 0.800781 0.389209 0.011719 0.008633 0.798313 0.389183 1.0 0.802551 0.389125 1.0 0.800197 0.391784 1.0 0.798628 0.393114 1.0 0.801767 0.393056 1.0
0 0.813477 0.373381 0.011719 0.008633 0.0 0.0 0.0 0.0 0.0 0.0 0.0 0.0 0.0 0.0 0.0 0.0 0.0 0.0 0.0
0 0.785645 0.365468 0.010742 0.007194 0.0 0.0 0.0 0.0 0.0 0.0 0.0 0.0 0.0 0.0 0.0 0.0 0.0 0.0 0.0
0 0.774414 0.365468 0.005859 0.005755 0.0 0.0 0.0 0.0 0.0 0.0 0.0 0.0 0.0 0.0 0.0 0.0 0.0 0.0 0.0
0 0.742188 0.369784 0.009766 0.011511 0.0 0.0 0.0 0.0 0.0 0.0 0.0 0.0 0.0 0.0 0.0 0.0 0.0 0.0 0.0
0 0.689941 0.367986 0.012695 0.01223 0.689614 0.367106 1.0 0.694628 0.366865 1.0 0.691794 0.369354 1.0 0.689832 0.372004 1.0 0.694192 0.371763 1.0
0 0.734863 0.360432 0.010742 0.011511 0.0 0.0 0.0 0.0 0.0 0.0 0.0 0.0 0.0 0.0 0.0 0.0 0.0 0.0 0.0
0 0.751465 0.335971 0.010742 0.011511 0.750074 0.334745 1.0 0.754386 0.334596 1.0 0.752982 0.33696 1.0 0.750876 0.338512 1.0 0.753984 0.338364 1.0
0 0.737793 0.343525 0.012695 0.007914 0.0 0.0 0.0 0.0 0.0 0.0 0.0 0.0 0.0 0.0 0.0 0.0 0.0 0.0 0.0
0 0.707031 0.344245 0.011719 0.010791 0.0 0.0 0.0 0.0 0.0 0.0 0.0 0.0 0.0 0.0 0.0 0.0 0.0 0.0 0.0
0 0.693848 0.345683 0.008789 0.009353 0.695008 0.345195 1.0 0.696581 0.345195 1.0 0.696995 0.347697 1.0 0.694511 0.34965 1.0 0.694676 0.350016 1.0
0 0.683105 0.360072 0.010742 0.007914 0.0 0.0 0.0 0.0 0.0 0.0 0.0 0.0 0.0 0.0 0.0 0.0 0.0 0.0 0.0
0 0.666992 0.369784 0.011719 0.008633 0.0 0.0 0.0 0.0 0.0 0.0 0.0 0.0 0.0 0.0 0.0 0.0 0.0 0.0 0.0
0 0.887207 0.422662 0.010742 0.007914 0.0 0.0 0.0 0.0 0.0 0.0 0.0 0.0 0.0 0.0 0.0 0.0 0.0 0.0 0.0
0 0.663086 0.356475 0.007812 0.007914 0.0 0.0 0.0 0.0 0.0 0.0 0.0 0.0 0.0 0.0 0.0 0.0 0.0 0.0 0.0
0 0.683594 0.327338 0.009766 0.008633 0.682513 0.325777 1.0 0.686515 0.325559 1.0 0.684662 0.327742 1.0 0.683328 0.330091 1.0 0.686219 0.329872 1.0
0 0.704102 0.332374 0.011719 0.010072 0.701747 0.331462 1.0 0.707415 0.330948 1.0 0.705409 0.333196 1.0 0.70445 0.334866 1.0 0.70724 0.334545 1.0
0 0.700195 0.318345 0.007812 0.007914 0.0 0.0 0.0 0.0 0.0 0.0 0.0 0.0 0.0 0.0 0.0 0.0 0.0 0.0 0.0
0 0.636719 0.330935 0.009766 0.008633 0.635132 0.331109 1.0 0.638741 0.330762 1.0 0.6378 0.332727 1.0 0.635917 0.333999 1.0 0.639369 0.333594 1.0
0 0.650879 0.347482 0.010742 0.007194 0.649065 0.34594 1.0 0.653181 0.34594 1.0 0.651088 0.347739 1.0 0.649763 0.349537 1.0 0.653041 0.349589 1.0
0 0.629883 0.361511 0.011719 0.009353 0.627812 0.361755 1.0 0.632285 0.361877 1.0 0.630297 0.363647 1.0 0.628806 0.36505 1.0 0.631374 0.365111 1.0
0 0.613281 0.379137 0.011719 0.010072 0.613805 0.377274 1.0 0.617641 0.377209 1.0 0.61642 0.379073 1.0 0.614764 0.381706 1.0 0.617554 0.381578 1.0
0 0.637695 0.379856 0.007812 0.008633 0.637853 0.379079 1.0 0.6395 0.379079 1.0 0.637538 0.380929 1.0 0.638951 0.382201 1.0 0.639344 0.382085 1.0
0 0.608887 0.368705 0.010742 0.007914 0.0 0.0 0.0 0.0 0.0 0.0 0.0 0.0 0.0 0.0 0.0 0.0 0.0 0.0 0.0
0 0.611328 0.345683 0.009766 0.007914 0.610186 0.344675 1.0 0.614567 0.344868 1.0 0.611951 0.346458 1.0 0.610251 0.34771 1.0 0.613194 0.347758 1.0
0 0.596191 0.350719 0.008789 0.009353 0.0 0.0 0.0 0.0 0.0 0.0 0.0 0.0 0.0 0.0 0.0 0.0 0.0 0.0 0.0
0 0.588379 0.358993 0.010742 0.01295 0.58517 0.357355 1.0 0.589704 0.357271 1.0 0.58687 0.359693 1.0 0.586077 0.362114 1.0 0.588344 0.361947 1.0
0 0.57373 0.371583 0.010742 0.010791 0.571123 0.370587 1.0 0.576494 0.370375 1.0 0.574097 0.372989 1.0 0.572082 0.374897 1.0 0.575535 0.374897 1.0
0 0.552734 0.368345 0.011719 0.011511 0.552534 0.367986 1.0 0.556846 0.367838 1.0 0.555041 0.369758 1.0 0.552634 0.372122 1.0 0.556043 0.372122 1.0
0 0.551758 0.359353 0.011719 0.007914 0.0 0.0 0.0 0.0 0.0 0.0 0.0 0.0 0.0 0.0 0.0 0.0 0.0 0.0 0.0
0 0.523438 0.373381 0.009766 0.007194 0.0 0.0 0.0 0.0 0.0 0.0 0.0 0.0 0.0 0.0 0.0 0.0 0.0 0.0 0.0
0 0.544434 0.346763 0.010742 0.005755 0.0 0.0 0.0 0.0 0.0 0.0 0.0 0.0 0.0 0.0 0.0 0.0 0.0 0.0 0.0
0 0.583496 0.335971 0.010742 0.010072 0.583775 0.334751 1.0 0.585606 0.333723 1.0 0.586739 0.336035 1.0 0.584996 0.338476 1.0 0.586479 0.337963 1.0
0 0.589844 0.336331 0.007812 0.007914 0.0 0.0 0.0 0.0 0.0 0.0 0.0 0.0 0.0 0.0 0.0 0.0 0.0 0.0 0.0
0 0.58252 0.313669 0.008789 0.007194 0.0 0.0 0.0 0.0 0.0 0.0 0.0 0.0 0.0 0.0 0.0 0.0 0.0 0.0 0.0
0 0.641602 0.348561 0.005859 0.006475 0.0 0.0 0.0 0.0 0.0 0.0 0.0 0.0 0.0 0.0 0.0 0.0 0.0 0.0 0.0
0 0.55957 0.328058 0.009766 0.010072 0.0 0.0 0.0 0.0 0.0 0.0 0.0 0.0 0.0 0.0 0.0 0.0 0.0 0.0 0.0
0 0.603027 0.315468 0.006836 0.006475 0.0 0.0 0.0 0.0 0.0 0.0 0.0 0.0 0.0 0.0 0.0 0.0 0.0 0.0 0.0
0 0.595215 0.30036 0.008789 0.007914 0.0 0.0 0.0 0.0 0.0 0.0 0.0 0.0 0.0 0.0 0.0 0.0 0.0 0.0 0.0
0 0.567383 0.3 0.007812 0.007194 0.0 0.0 0.0 0.0 0.0 0.0 0.0 0.0 0.0 0.0 0.0 0.0 0.0 0.0 0.0
0 0.561523 0.316547 0.009766 0.010072 0.0 0.0 0.0 0.0 0.0 0.0 0.0 0.0 0.0 0.0 0.0 0.0 0.0 0.0 0.0
0 0.529785 0.310791 0.010742 0.008633 0.0 0.0 0.0 0.0 0.0 0.0 0.0 0.0 0.0 0.0 0.0 0.0 0.0 0.0 0.0
0 0.543457 0.333094 0.008789 0.008633 0.0 0.0 0.0 0.0 0.0 0.0 0.0 0.0 0.0 0.0 0.0 0.0 0.0 0.0 0.0
0 0.531738 0.298201 0.010742 0.009353 0.0 0.0 0.0 0.0 0.0 0.0 0.0 0.0 0.0 0.0 0.0 0.0 0.0 0.0 0.0
0 0.488281 0.32482 0.009766 0.01223 0.0 0.0 0.0 0.0 0.0 0.0 0.0 0.0 0.0 0.0 0.0 0.0 0.0 0.0 0.0
0 0.49707 0.316906 0.009766 0.007914 0.494772 0.316961 1.0 0.499887 0.316797 1.0 0.497219 0.318217 1.0 0.495736 0.3198 1.0 0.498701 0.3198 1.0
0 0.499512 0.308993 0.008789 0.007914 0.497559 0.308942 1.0 0.501396 0.308942 1.0 0.499512 0.310381 1.0 0.498116 0.312024 1.0 0.501325 0.312024 1.0
0 0.475586 0.314388 0.007812 0.010072 0.0 0.0 0.0 0.0 0.0 0.0 0.0 0.0 0.0 0.0 0.0 0.0 0.0 0.0 0.0
0 0.480469 0.307914 0.009766 0.008633 0.0 0.0 0.0 0.0 0.0 0.0 0.0 0.0 0.0 0.0 0.0 0.0 0.0 0.0 0.0
0 0.494141 0.3 0.009766 0.008633 0.0 0.0 0.0 0.0 0.0 0.0 0.0 0.0 0.0 0.0 0.0 0.0 0.0 0.0 0.0
0 0.518555 0.290288 0.009766 0.009353 0.0 0.0 0.0 0.0 0.0 0.0 0.0 0.0 0.0 0.0 0.0 0.0 0.0 0.0 0.0
0 0.549316 0.28777 0.010742 0.010072 0.546661 0.286196 1.0 0.549865 0.285927 1.0 0.547577 0.287747 1.0 0.547485 0.289838 1.0 0.549865 0.289704 1.0
0 0.469727 0.301079 0.009766 0.007914 0.0 0.0 0.0 0.0 0.0 0.0 0.0 0.0 0.0 0.0 0.0 0.0 0.0 0.0 0.0
0 0.460938 0.28777 0.009766 0.010072 0.0 0.0 0.0 0.0 0.0 0.0 0.0 0.0 0.0 0.0 0.0 0.0 0.0 0.0 0.0
0 0.474609 0.288489 0.007812 0.008633 0.0 0.0 0.0 0.0 0.0 0.0 0.0 0.0 0.0 0.0 0.0 0.0 0.0 0.0 0.0
0 0.478027 0.288129 0.006836 0.006475 0.0 0.0 0.0 0.0 0.0 0.0 0.0 0.0 0.0 0.0 0.0 0.0 0.0 0.0 0.0
0 0.495605 0.28777 0.006836 0.007194 0.0 0.0 0.0 0.0 0.0 0.0 0.0 0.0 0.0 0.0 0.0 0.0 0.0 0.0 0.0
0 0.510254 0.283094 0.006836 0.007914 0.0 0.0 0.0 0.0 0.0 0.0 0.0 0.0 0.0 0.0 0.0 0.0 0.0 0.0 0.0
0 0.442871 0.294604 0.008789 0.006475 0.0 0.0 0.0 0.0 0.0 0.0 0.0 0.0 0.0 0.0 0.0 0.0 0.0 0.0 0.0
0 0.435547 0.28705 0.009766 0.008633 0.0 0.0 0.0 0.0 0.0 0.0 0.0 0.0 0.0 0.0 0.0 0.0 0.0 0.0 0.0
0 0.400391 0.295683 0.007812 0.007194 0.400251 0.295889 1.0 0.403181 0.295683 1.0 0.402483 0.297173 1.0 0.401298 0.298253 1.0 0.403669 0.29815 1.0
0 0.375977 0.298921 0.007812 0.009353 0.0 0.0 0.0 0.0 0.0 0.0 0.0 0.0 0.0 0.0 0.0 0.0 0.0 0.0 0.0
0 0.32959 0.299281 0.008789 0.008633 0.0 0.0 0.0 0.0 0.0 0.0 0.0 0.0 0.0 0.0 0.0 0.0 0.0 0.0 0.0
0 0.364746 0.295683 0.008789 0.008633 0.0 0.0 0.0 0.0 0.0 0.0 0.0 0.0 0.0 0.0 0.0 0.0 0.0 0.0 0.0
0 0.341797 0.291007 0.007812 0.006475 0.0 0.0 0.0 0.0 0.0 0.0 0.0 0.0 0.0 0.0 0.0 0.0 0.0 0.0 0.0
0 0.313477 0.283813 0.007812 0.009353 0.0 0.0 0.0 0.0 0.0 0.0 0.0 0.0 0.0 0.0 0.0 0.0 0.0 0.0 0.0
0 0.410156 0.281295 0.009766 0.010072 0.408395 0.280255 1.0 0.412929 0.28019 1.0 0.410924 0.282245 1.0 0.409703 0.284044 1.0 0.41197 0.283852 1.0
0 0.449707 0.281295 0.008789 0.008633 0.0 0.0 0.0 0.0 0.0 0.0 0.0 0.0 0.0 0.0 0.0 0.0 0.0 0.0 0.0
0 0.427246 0.27482 0.008789 0.008633 0.0 0.0 0.0 0.0 0.0 0.0 0.0 0.0 0.0 0.0 0.0 0.0 0.0 0.0 0.0
0 0.475586 0.272662 0.007812 0.008633 0.0 0.0 0.0 0.0 0.0 0.0 0.0 0.0 0.0 0.0 0.0 0.0 0.0 0.0 0.0
0 0.463379 0.278417 0.006836 0.005755 0.0 0.0 0.0 0.0 0.0 0.0 0.0 0.0 0.0 0.0 0.0 0.0 0.0 0.0 0.0
0 0.532715 0.269424 0.006836 0.005036 0.0 0.0 0.0 0.0 0.0 0.0 0.0 0.0 0.0 0.0 0.0 0.0 0.0 0.0 0.0
0 0.545898 0.265468 0.007812 0.008633 0.0 0.0 0.0 0.0 0.0 0.0 0.0 0.0 0.0 0.0 0.0 0.0 0.0 0.0 0.0
0 0.561523 0.267266 0.007812 0.007914 0.0 0.0 0.0 0.0 0.0 0.0 0.0 0.0 0.0 0.0 0.0 0.0 0.0 0.0 0.0
0 0.547852 0.275899 0.007812 0.006475 0.0 0.0 0.0 0.0 0.0 0.0 0.0 0.0 0.0 0.0 0.0 0.0 0.0 0.0 0.0
0 0.433594 0.264748 0.007812 0.008633 0.433925 0.263855 1.0 0.437691 0.264086 1.0 0.436122 0.26611 1.0 0.434553 0.267613 1.0 0.437221 0.267729 1.0
0 0.473633 0.259353 0.007812 0.007914 0.0 0.0 0.0 0.0 0.0 0.0 0.0 0.0 0.0 0.0 0.0 0.0 0.0 0.0 0.0
0 0.465332 0.259712 0.008789 0.008633 0.46303 0.258804 1.0 0.466178 0.258559 1.0 0.464024 0.260512 1.0 0.463775 0.262281 1.0 0.465764 0.26216 1.0
0 0.396484 0.276978 0.009766 0.010072 0.393293 0.276786 1.0 0.396083 0.276722 1.0 0.39434 0.278584 1.0 0.394775 0.281089 1.0 0.396606 0.280961 1.0
0 0.384277 0.283094 0.008789 0.009353 0.0 0.0 0.0 0.0 0.0 0.0 0.0 0.0 0.0 0.0 0.0 0.0 0.0 0.0 0.0
0 0.363281 0.277698 0.007812 0.007194 0.0 0.0 0.0 0.0 0.0 0.0 0.0 0.0 0.0 0.0 0.0 0.0 0.0 0.0 0.0
0 0.327148 0.282014 0.007812 0.008633 0.0 0.0 0.0 0.0 0.0 0.0 0.0 0.0 0.0 0.0 0.0 0.0 0.0 0.0 0.0
0 0.33252 0.278417 0.008789 0.008633 0.0 0.0 0.0 0.0 0.0 0.0 0.0 0.0 0.0 0.0 0.0 0.0 0.0 0.0 0.0
0 0.296875 0.292806 0.009766 0.008633 0.0 0.0 0.0 0.0 0.0 0.0 0.0 0.0 0.0 0.0 0.0 0.0 0.0 0.0 0.0
0 0.305664 0.278777 0.009766 0.009353 0.303776 0.277935 1.0 0.307918 0.27818 1.0 0.305599 0.279888 1.0 0.305102 0.281658 1.0 0.307421 0.281597 1.0
0 0.32373 0.271942 0.006836 0.005755 0.0 0.0 0.0 0.0 0.0 0.0 0.0 0.0 0.0 0.0 0.0 0.0 0.0 0.0 0.0
0 0.309082 0.267626 0.008789 0.005755 0.0 0.0 0.0 0.0 0.0 0.0 0.0 0.0 0.0 0.0 0.0 0.0 0.0 0.0 0.0
0 0.343262 0.266547 0.008789 0.006475 0.0 0.0 0.0 0.0 0.0 0.0 0.0 0.0 0.0 0.0 0.0 0.0 0.0 0.0 0.0
0 0.355469 0.267266 0.007812 0.007914 0.0 0.0 0.0 0.0 0.0 0.0 0.0 0.0 0.0 0.0 0.0 0.0 0.0 0.0 0.0
0 0.418457 0.265468 0.008789 0.007194 0.0 0.0 0.0 0.0 0.0 0.0 0.0 0.0 0.0 0.0 0.0 0.0 0.0 0.0 0.0
0 0.388184 0.273022 0.006836 0.005036 0.0 0.0 0.0 0.0 0.0 0.0 0.0 0.0 0.0 0.0 0.0 0.0 0.0 0.0 0.0
0 0.360352 0.260432 0.007812 0.008633 0.0 0.0 0.0 0.0 0.0 0.0 0.0 0.0 0.0 0.0 0.0 0.0 0.0 0.0 0.0
0 0.366699 0.256475 0.008789 0.007914 0.0 0.0 0.0 0.0 0.0 0.0 0.0 0.0 0.0 0.0 0.0 0.0 0.0 0.0 0.0
0 0.385742 0.257194 0.009766 0.009353 0.0 0.0 0.0 0.0 0.0 0.0 0.0 0.0 0.0 0.0 0.0 0.0 0.0 0.0 0.0
0 0.398438 0.257194 0.007812 0.006475 0.0 0.0 0.0 0.0 0.0 0.0 0.0 0.0 0.0 0.0 0.0 0.0 0.0 0.0 0.0
0 0.410645 0.254676 0.006836 0.004317 0.0 0.0 0.0 0.0 0.0 0.0 0.0 0.0 0.0 0.0 0.0 0.0 0.0 0.0 0.0
0 0.421387 0.256475 0.008789 0.007914 0.0 0.0 0.0 0.0 0.0 0.0 0.0 0.0 0.0 0.0 0.0 0.0 0.0 0.0 0.0
0 0.459473 0.249281 0.008789 0.007914 0.0 0.0 0.0 0.0 0.0 0.0 0.0 0.0 0.0 0.0 0.0 0.0 0.0 0.0 0.0
0 0.422852 0.247482 0.007812 0.005755 0.0 0.0 0.0 0.0 0.0 0.0 0.0 0.0 0.0 0.0 0.0 0.0 0.0 0.0 0.0
0 0.430176 0.244604 0.006836 0.005755 0.0 0.0 0.0 0.0 0.0 0.0 0.0 0.0 0.0 0.0 0.0 0.0 0.0 0.0 0.0
0 0.322754 0.252158 0.006836 0.006475 0.0 0.0 0.0 0.0 0.0 0.0 0.0 0.0 0.0 0.0 0.0 0.0 0.0 0.0 0.0
0 0.314453 0.247842 0.007812 0.009353 0.0 0.0 0.0 0.0 0.0 0.0 0.0 0.0 0.0 0.0 0.0 0.0 0.0 0.0 0.0
0 0.298828 0.26259 0.007812 0.010072 0.0 0.0 0.0 0.0 0.0 0.0 0.0 0.0 0.0 0.0 0.0 0.0 0.0 0.0 0.0
0 0.277344 0.265827 0.005859 0.005036 0.0 0.0 0.0 0.0 0.0 0.0 0.0 0.0 0.0 0.0 0.0 0.0 0.0 0.0 0.0
0 0.287109 0.247122 0.007812 0.006475 0.0 0.0 0.0 0.0 0.0 0.0 0.0 0.0 0.0 0.0 0.0 0.0 0.0 0.0 0.0
0 0.631836 0.315468 0.005859 0.007914 0.0 0.0 0.0 0.0 0.0 0.0 0.0 0.0 0.0 0.0 0.0 0.0 0.0 0.0 0.0
0 0.722168 0.297842 0.006836 0.004317 0.0 0.0 0.0 0.0 0.0 0.0 0.0 0.0 0.0 0.0 0.0 0.0 0.0 0.0 0.0
0 0.594727 0.27518 0.005859 0.003597 0.0 0.0 0.0 0.0 0.0 0.0 0.0 0.0 0.0 0.0 0.0 0.0 0.0 0.0 0.0
0 0.586426 0.257554 0.006836 0.005755 0.0 0.0 0.0 0.0 0.0 0.0 0.0 0.0 0.0 0.0 0.0 0.0 0.0 0.0 0.0
0 0.524414 0.244964 0.007812 0.006475 0.0 0.0 0.0 0.0 0.0 0.0 0.0 0.0 0.0 0.0 0.0 0.0 0.0 0.0 0.0
0 0.483398 0.248201 0.005859 0.005755 0.0 0.0 0.0 0.0 0.0 0.0 0.0 0.0 0.0 0.0 0.0 0.0 0.0 0.0 0.0
0 0.467773 0.240288 0.007812 0.007194 0.0 0.0 0.0 0.0 0.0 0.0 0.0 0.0 0.0 0.0 0.0 0.0 0.0 0.0 0.0
0 0.50293 0.25036 0.007812 0.004317 0.0 0.0 0.0 0.0 0.0 0.0 0.0 0.0 0.0 0.0 0.0 0.0 0.0 0.0 0.0
0 0.496582 0.258993 0.006836 0.005755 0.0 0.0 0.0 0.0 0.0 0.0 0.0 0.0 0.0 0.0 0.0 0.0 0.0 0.0 0.0
0 0.268555 0.288849 0.009766 0.007914 0.0 0.0 0.0 0.0 0.0 0.0 0.0 0.0 0.0 0.0 0.0 0.0 0.0 0.0 0.0
0 0.22998 0.289568 0.008789 0.009353 0.0 0.0 0.0 0.0 0.0 0.0 0.0 0.0 0.0 0.0 0.0 0.0 0.0 0.0 0.0
0 0.223633 0.280576 0.009766 0.007194 0.0 0.0 0.0 0.0 0.0 0.0 0.0 0.0 0.0 0.0 0.0 0.0 0.0 0.0 0.0
0 0.27002 0.275899 0.010742 0.009353 0.0 0.0 0.0 0.0 0.0 0.0 0.0 0.0 0.0 0.0 0.0 0.0 0.0 0.0 0.0
0 0.239746 0.269784 0.006836 0.007194 0.0 0.0 0.0 0.0 0.0 0.0 0.0 0.0 0.0 0.0 0.0 0.0 0.0 0.0 0.0
0 0.245117 0.27554 0.007812 0.005755 0.244542 0.275206 1.0 0.247838 0.27536 1.0 0.24585 0.276593 1.0 0.244385 0.277441 1.0 0.246844 0.277402 1.0
0 0.256836 0.270863 0.005859 0.006475 0.0 0.0 0.0 0.0 0.0 0.0 0.0 0.0 0.0 0.0 0.0 0.0 0.0 0.0 0.0
0 0.261719 0.256475 0.007812 0.007914 0.0 0.0 0.0 0.0 0.0 0.0 0.0 0.0 0.0 0.0 0.0 0.0 0.0 0.0 0.0
0 0.22168 0.255755 0.009766 0.009353 0.0 0.0 0.0 0.0 0.0 0.0 0.0 0.0 0.0 0.0 0.0 0.0 0.0 0.0 0.0
0 0.238281 0.247482 0.007812 0.007194 0.236716 0.247797 1.0 0.239528 0.247171 1.0 0.238939 0.249145 1.0 0.237959 0.250542 1.0 0.23979 0.250206 1.0
0 0.25293 0.247482 0.007812 0.007194 0.0 0.0 0.0 0.0 0.0 0.0 0.0 0.0 0.0 0.0 0.0 0.0 0.0 0.0 0.0
0 0.274414 0.251079 0.007812 0.007194 0.272321 0.250382 1.0 0.27618 0.250382 1.0 0.273498 0.251683 1.0 0.272583 0.25308 1.0 0.275003 0.253032 1.0
0 0.256348 0.236331 0.008789 0.007914 0.0 0.0 0.0 0.0 0.0 0.0 0.0 0.0 0.0 0.0 0.0 0.0 0.0 0.0 0.0
0 0.248535 0.234532 0.006836 0.007194 0.0 0.0 0.0 0.0 0.0 0.0 0.0 0.0 0.0 0.0 0.0 0.0 0.0 0.0 0.0
0 0.208496 0.242806 0.008789 0.007914 0.0 0.0 0.0 0.0 0.0 0.0 0.0 0.0 0.0 0.0 0.0 0.0 0.0 0.0 0.0
0 0.206543 0.261511 0.008789 0.006475 0.0 0.0 0.0 0.0 0.0 0.0 0.0 0.0 0.0 0.0 0.0 0.0 0.0 0.0 0.0
0 0.206055 0.27518 0.009766 0.009353 0.205483 0.274386 1.0 0.209294 0.274325 1.0 0.207223 0.276461 1.0 0.205483 0.278109 1.0 0.208797 0.27817 1.0
0 0.199219 0.282014 0.009766 0.010072 0.198434 0.280781 1.0 0.201922 0.280524 1.0 0.20105 0.282323 1.0 0.199654 0.284506 1.0 0.202881 0.284122 1.0
0 0.18457 0.304317 0.007812 0.005755 0.0 0.0 0.0 0.0 0.0 0.0 0.0 0.0 0.0 0.0 0.0 0.0 0.0 0.0 0.0
0 0.139648 0.306115 0.013672 0.01223 0.137835 0.305255 1.0 0.143162 0.305171 1.0 0.141009 0.307342 1.0 0.138515 0.310432 1.0 0.142822 0.310432 1.0
0 0.105957 0.331655 0.012695 0.011511 0.104004 0.33055 1.0 0.108398 0.330087 1.0 0.106934 0.3324 1.0 0.105469 0.335098 1.0 0.108398 0.334866 1.0
0 0.088379 0.328417 0.004883 0.009353 0.0 0.0 0.0 0.0 0.0 0.0 0.0 0.0 0.0 0.0 0.0 0.0 0.0 0.0 0.0
0 0.092285 0.328417 0.004883 0.009353 0.0 0.0 0.0 0.0 0.0 0.0 0.0 0.0 0.0 0.0 0.0 0.0 0.0 0.0 0.0
0 0.07373 0.335971 0.012695 0.011511 0.072941 0.33406 1.0 0.078155 0.334282 1.0 0.07605 0.336276 1.0 0.072941 0.337976 1.0 0.077253 0.338419 1.0
0 0.104004 0.343885 0.012695 0.010072 0.0 0.0 0.0 0.0 0.0 0.0 0.0 0.0 0.0 0.0 0.0 0.0 0.0 0.0 0.0
0 0.156738 0.346763 0.012695 0.011511 0.0 0.0 0.0 0.0 0.0 0.0 0.0 0.0 0.0 0.0 0.0 0.0 0.0 0.0 0.0
0 0.059082 0.321223 0.008789 0.010791 0.0 0.0 0.0 0.0 0.0 0.0 0.0 0.0 0.0 0.0 0.0 0.0 0.0 0.0 0.0
0 0.051758 0.335612 0.011719 0.010791 0.050127 0.335322 1.0 0.055402 0.334899 1.0 0.053292 0.337301 1.0 0.051566 0.339209 1.0 0.055786 0.339279 1.0
0 0.044434 0.308273 0.010742 0.009353 0.0 0.0 0.0 0.0 0.0 0.0 0.0 0.0 0.0 0.0 0.0 0.0 0.0 0.0 0.0
0 0.055664 0.305755 0.013672 0.008633 0.0 0.0 0.0 0.0 0.0 0.0 0.0 0.0 0.0 0.0 0.0 0.0 0.0 0.0 0.0
0 0.125 0.306115 0.013672 0.010791 0.0 0.0 0.0 0.0 0.0 0.0 0.0 0.0 0.0 0.0 0.0 0.0 0.0 0.0 0.0
0 0.098145 0.311151 0.012695 0.006475 0.0 0.0 0.0 0.0 0.0 0.0 0.0 0.0 0.0 0.0 0.0 0.0 0.0 0.0 0.0
0 0.176758 0.303237 0.007812 0.006475 0.0 0.0 0.0 0.0 0.0 0.0 0.0 0.0 0.0 0.0 0.0 0.0 0.0 0.0 0.0
0 0.16748 0.288489 0.008789 0.008633 0.0 0.0 0.0 0.0 0.0 0.0 0.0 0.0 0.0 0.0 0.0 0.0 0.0 0.0 0.0
0 0.129883 0.295683 0.009766 0.008633 0.0 0.0 0.0 0.0 0.0 0.0 0.0 0.0 0.0 0.0 0.0 0.0 0.0 0.0 0.0
0 0.132812 0.284892 0.005859 0.004317 0.0 0.0 0.0 0.0 0.0 0.0 0.0 0.0 0.0 0.0 0.0 0.0 0.0 0.0 0.0
0 0.146973 0.27482 0.008789 0.007194 0.0 0.0 0.0 0.0 0.0 0.0 0.0 0.0 0.0 0.0 0.0 0.0 0.0 0.0 0.0
0 0.174316 0.282734 0.006836 0.007194 0.0 0.0 0.0 0.0 0.0 0.0 0.0 0.0 0.0 0.0 0.0 0.0 0.0 0.0 0.0
0 0.159668 0.267266 0.006836 0.005036 0.0 0.0 0.0 0.0 0.0 0.0 0.0 0.0 0.0 0.0 0.0 0.0 0.0 0.0 0.0
0 0.188965 0.267266 0.008789 0.007914 0.0 0.0 0.0 0.0 0.0 0.0 0.0 0.0 0.0 0.0 0.0 0.0 0.0 0.0 0.0
0 0.140625 0.263669 0.007812 0.009353 0.0 0.0 0.0 0.0 0.0 0.0 0.0 0.0 0.0 0.0 0.0 0.0 0.0 0.0 0.0
0 0.134766 0.27518 0.009766 0.005036 0.0 0.0 0.0 0.0 0.0 0.0 0.0 0.0 0.0 0.0 0.0 0.0 0.0 0.0 0.0
0 0.125488 0.269065 0.008789 0.008633 0.0 0.0 0.0 0.0 0.0 0.0 0.0 0.0 0.0 0.0 0.0 0.0 0.0 0.0 0.0
0 0.182129 0.26295 0.008789 0.007914 0.0 0.0 0.0 0.0 0.0 0.0 0.0 0.0 0.0 0.0 0.0 0.0 0.0 0.0 0.0
0 0.155762 0.251439 0.008789 0.006475 0.0 0.0 0.0 0.0 0.0 0.0 0.0 0.0 0.0 0.0 0.0 0.0 0.0 0.0 0.0
0 0.179199 0.25036 0.004883 0.004317 0.0 0.0 0.0 0.0 0.0 0.0 0.0 0.0 0.0 0.0 0.0 0.0 0.0 0.0 0.0
0 0.190918 0.248561 0.006836 0.006475 0.0 0.0 0.0 0.0 0.0 0.0 0.0 0.0 0.0 0.0 0.0 0.0 0.0 0.0 0.0
0 0.186035 0.255036 0.006836 0.005036 0.0 0.0 0.0 0.0 0.0 0.0 0.0 0.0 0.0 0.0 0.0 0.0 0.0 0.0 0.0
0 0.163574 0.241727 0.006836 0.007194 0.0 0.0 0.0 0.0 0.0 0.0 0.0 0.0 0.0 0.0 0.0 0.0 0.0 0.0 0.0
0 0.178711 0.234173 0.007812 0.005036 0.0 0.0 0.0 0.0 0.0 0.0 0.0 0.0 0.0 0.0 0.0 0.0 0.0 0.0 0.0
0 0.166016 0.234173 0.007812 0.003597 0.0 0.0 0.0 0.0 0.0 0.0 0.0 0.0 0.0 0.0 0.0 0.0 0.0 0.0 0.0
0 0.141602 0.238129 0.007812 0.005755 0.0 0.0 0.0 0.0 0.0 0.0 0.0 0.0 0.0 0.0 0.0 0.0 0.0 0.0 0.0
0 0.139648 0.253957 0.009766 0.007194 0.0 0.0 0.0 0.0 0.0 0.0 0.0 0.0 0.0 0.0 0.0 0.0 0.0 0.0 0.0
0 0.120117 0.258633 0.011719 0.009353 0.0 0.0 0.0 0.0 0.0 0.0 0.0 0.0 0.0 0.0 0.0 0.0 0.0 0.0 0.0
0 0.27832 0.277338 0.005859 0.009353 0.0 0.0 0.0 0.0 0.0 0.0 0.0 0.0 0.0 0.0 0.0 0.0 0.0 0.0 0.0
0 0.152832 0.228777 0.006836 0.007194 0.151123 0.227203 1.0 0.154785 0.227338 1.0 0.152648 0.229181 1.0 0.151307 0.230576 1.0 0.153504 0.230576 1.0
0 0.125488 0.228417 0.006836 0.006475 0.0 0.0 0.0 0.0 0.0 0.0 0.0 0.0 0.0 0.0 0.0 0.0 0.0 0.0 0.0
0 0.126953 0.244964 0.007812 0.007914 0.0 0.0 0.0 0.0 0.0 0.0 0.0 0.0 0.0 0.0 0.0 0.0 0.0 0.0 0.0
0 0.15918 0.226259 0.005859 0.006475 0.0 0.0 0.0 0.0 0.0 0.0 0.0 0.0 0.0 0.0 0.0 0.0 0.0 0.0 0.0
0 0.208496 0.228058 0.006836 0.007194 0.0 0.0 0.0 0.0 0.0 0.0 0.0 0.0 0.0 0.0 0.0 0.0 0.0 0.0 0.0
0 0.234863 0.229496 0.008789 0.008633 0.0 0.0 0.0 0.0 0.0 0.0 0.0 0.0 0.0 0.0 0.0 0.0 0.0 0.0 0.0
0 0.268066 0.235971 0.006836 0.007194 0.0 0.0 0.0 0.0 0.0 0.0 0.0 0.0 0.0 0.0 0.0 0.0 0.0 0.0 0.0
0 0.272461 0.233094 0.005859 0.007194 0.0 0.0 0.0 0.0 0.0 0.0 0.0 0.0 0.0 0.0 0.0 0.0 0.0 0.0 0.0
0 0.281738 0.241367 0.006836 0.005036 0.0 0.0 0.0 0.0 0.0 0.0 0.0 0.0 0.0 0.0 0.0 0.0 0.0 0.0 0.0
0 0.29834 0.241007 0.008789 0.008633 0.0 0.0 0.0 0.0 0.0 0.0 0.0 0.0 0.0 0.0 0.0 0.0 0.0 0.0 0.0
0 0.548828 0.232014 0.005859 0.006475 0.547974 0.23179 1.0 0.551514 0.231519 1.0 0.549865 0.233004 1.0 0.548889 0.234173 1.0 0.550903 0.234083 1.0
0 0.59375 0.225899 0.005859 0.005755 0.0 0.0 0.0 0.0 0.0 0.0 0.0 0.0 0.0 0.0 0.0 0.0 0.0 0.0 0.0
0 0.62207 0.210432 0.005859 0.007914 0.0 0.0 0.0 0.0 0.0 0.0 0.0 0.0 0.0 0.0 0.0 0.0 0.0 0.0 0.0
0 0.537109 0.215468 0.007812 0.007914 0.535226 0.214542 1.0 0.538155 0.21444 1.0 0.536621 0.216187 1.0 0.536063 0.217677 1.0 0.538505 0.217626 1.0
0 0.525879 0.221223 0.006836 0.006475 0.0 0.0 0.0 0.0 0.0 0.0 0.0 0.0 0.0 0.0 0.0 0.0 0.0 0.0 0.0
0 0.527832 0.236691 0.006836 0.005755 0.0 0.0 0.0 0.0 0.0 0.0 0.0 0.0 0.0 0.0 0.0 0.0 0.0 0.0 0.0
0 0.513672 0.233094 0.005859 0.005755 0.0 0.0 0.0 0.0 0.0 0.0 0.0 0.0 0.0 0.0 0.0 0.0 0.0 0.0 0.0
0 0.519531 0.221942 0.005859 0.007914 0.0 0.0 0.0 0.0 0.0 0.0 0.0 0.0 0.0 0.0 0.0 0.0 0.0 0.0 0.0
0 0.495117 0.209353 0.005859 0.007194 0.0 0.0 0.0 0.0 0.0 0.0 0.0 0.0 0.0 0.0 0.0 0.0 0.0 0.0 0.0
0 0.503418 0.201079 0.004883 0.005036 0.0 0.0 0.0 0.0 0.0 0.0 0.0 0.0 0.0 0.0 0.0 0.0 0.0 0.0 0.0
0 0.516113 0.198561 0.004883 0.002878 0.0 0.0 0.0 0.0 0.0 0.0 0.0 0.0 0.0 0.0 0.0 0.0 0.0 0.0 0.0
0 0.487305 0.195324 0.007812 0.005036 0.0 0.0 0.0 0.0 0.0 0.0 0.0 0.0 0.0 0.0 0.0 0.0 0.0 0.0 0.0
0 0.496582 0.194245 0.004883 0.004317 0.0 0.0 0.0 0.0 0.0 0.0 0.0 0.0 0.0 0.0 0.0 0.0 0.0 0.0 0.0
0 0.450684 0.240647 0.006836 0.005036 0.0 0.0 0.0 0.0 0.0 0.0 0.0 0.0 0.0 0.0 0.0 0.0 0.0 0.0 0.0
0 0.466797 0.229856 0.007812 0.006475 0.0 0.0 0.0 0.0 0.0 0.0 0.0 0.0 0.0 0.0 0.0 0.0 0.0 0.0 0.0
0 0.475098 0.226619 0.006836 0.007194 0.0 0.0 0.0 0.0 0.0 0.0 0.0 0.0 0.0 0.0 0.0 0.0 0.0 0.0 0.0
0 0.484863 0.238489 0.006836 0.006475 0.0 0.0 0.0 0.0 0.0 0.0 0.0 0.0 0.0 0.0 0.0 0.0 0.0 0.0 0.0
0 0.494629 0.234173 0.008789 0.006475 0.0 0.0 0.0 0.0 0.0 0.0 0.0 0.0 0.0 0.0 0.0 0.0 0.0 0.0 0.0
0 0.499512 0.232374 0.006836 0.005755 0.0 0.0 0.0 0.0 0.0 0.0 0.0 0.0 0.0 0.0 0.0 0.0 0.0 0.0 0.0
0 0.480469 0.21295 0.005859 0.005755 0.0 0.0 0.0 0.0 0.0 0.0 0.0 0.0 0.0 0.0 0.0 0.0 0.0 0.0 0.0
0 0.459473 0.220144 0.006836 0.005755 0.0 0.0 0.0 0.0 0.0 0.0 0.0 0.0 0.0 0.0 0.0 0.0 0.0 0.0 0.0
0 0.454102 0.22446 0.005859 0.007194 0.0 0.0 0.0 0.0 0.0 0.0 0.0 0.0 0.0 0.0 0.0 0.0 0.0 0.0 0.0
0 0.419434 0.239209 0.008789 0.005036 0.0 0.0 0.0 0.0 0.0 0.0 0.0 0.0 0.0 0.0 0.0 0.0 0.0 0.0 0.0
0 0.427734 0.231655 0.005859 0.005755 0.0 0.0 0.0 0.0 0.0 0.0 0.0 0.0 0.0 0.0 0.0 0.0 0.0 0.0 0.0
0 0.444824 0.217266 0.008789 0.007194 0.444039 0.217533 1.0 0.446852 0.216232 1.0 0.446132 0.218159 1.0 0.446001 0.219171 1.0 0.447506 0.218737 1.0
0 0.452148 0.211871 0.007812 0.005036 0.0 0.0 0.0 0.0 0.0 0.0 0.0 0.0 0.0 0.0 0.0 0.0 0.0 0.0 0.0
0 0.458008 0.203957 0.007812 0.006475 0.0 0.0 0.0 0.0 0.0 0.0 0.0 0.0 0.0 0.0 0.0 0.0 0.0 0.0 0.0
0 0.458984 0.196403 0.005859 0.005755 0.0 0.0 0.0 0.0 0.0 0.0 0.0 0.0 0.0 0.0 0.0 0.0 0.0 0.0 0.0
0 0.446777 0.205396 0.006836 0.006475 0.0 0.0 0.0 0.0 0.0 0.0 0.0 0.0 0.0 0.0 0.0 0.0 0.0 0.0 0.0
0 0.433105 0.213669 0.008789 0.007194 0.0 0.0 0.0 0.0 0.0 0.0 0.0 0.0 0.0 0.0 0.0 0.0 0.0 0.0 0.0
0 0.438477 0.19964 0.007812 0.005036 0.0 0.0 0.0 0.0 0.0 0.0 0.0 0.0 0.0 0.0 0.0 0.0 0.0 0.0 0.0
0 0.404297 0.229856 0.007812 0.005036 0.0 0.0 0.0 0.0 0.0 0.0 0.0 0.0 0.0 0.0 0.0 0.0 0.0 0.0 0.0
0 0.419922 0.201079 0.005859 0.005036 0.0 0.0 0.0 0.0 0.0 0.0 0.0 0.0 0.0 0.0 0.0 0.0 0.0 0.0 0.0
0 0.440918 0.190288 0.006836 0.005036 0.44135 0.190204 1.0 0.444131 0.190134 1.0 0.442932 0.19137 1.0 0.441973 0.192359 1.0 0.443412 0.192359 1.0
0 0.42627 0.219784 0.006836 0.005036 0.0 0.0 0.0 0.0 0.0 0.0 0.0 0.0 0.0 0.0 0.0 0.0 0.0 0.0 0.0
0 0.414551 0.214029 0.008789 0.005036 0.0 0.0 0.0 0.0 0.0 0.0 0.0 0.0 0.0 0.0 0.0 0.0 0.0 0.0 0.0
0 0.393066 0.203597 0.006836 0.005755 0.0 0.0 0.0 0.0 0.0 0.0 0.0 0.0 0.0 0.0 0.0 0.0 0.0 0.0 0.0
0 0.398926 0.206115 0.004883 0.005036 0.0 0.0 0.0 0.0 0.0 0.0 0.0 0.0 0.0 0.0 0.0 0.0 0.0 0.0 0.0
0 0.401855 0.193885 0.006836 0.005036 0.0 0.0 0.0 0.0 0.0 0.0 0.0 0.0 0.0 0.0 0.0 0.0 0.0 0.0 0.0
0 0.399902 0.184532 0.006836 0.005036 0.0 0.0 0.0 0.0 0.0 0.0 0.0 0.0 0.0 0.0 0.0 0.0 0.0 0.0 0.0
0 0.416504 0.189568 0.004883 0.003597 0.0 0.0 0.0 0.0 0.0 0.0 0.0 0.0 0.0 0.0 0.0 0.0 0.0 0.0 0.0
0 0.477051 0.183094 0.006836 0.005036 0.0 0.0 0.0 0.0 0.0 0.0 0.0 0.0 0.0 0.0 0.0 0.0 0.0 0.0 0.0
0 0.439453 0.184173 0.005859 0.005755 0.0 0.0 0.0 0.0 0.0 0.0 0.0 0.0 0.0 0.0 0.0 0.0 0.0 0.0 0.0
0 0.410156 0.247482 0.005859 0.004317 0.0 0.0 0.0 0.0 0.0 0.0 0.0 0.0 0.0 0.0 0.0 0.0 0.0 0.0 0.0
0 0.383789 0.242446 0.005859 0.005755 0.0 0.0 0.0 0.0 0.0 0.0 0.0 0.0 0.0 0.0 0.0 0.0 0.0 0.0 0.0
0 0.375 0.238849 0.007812 0.007194 0.0 0.0 0.0 0.0 0.0 0.0 0.0 0.0 0.0 0.0 0.0 0.0 0.0 0.0 0.0
0 0.359375 0.226978 0.007812 0.007914 0.0 0.0 0.0 0.0 0.0 0.0 0.0 0.0 0.0 0.0 0.0 0.0 0.0 0.0 0.0
0 0.37793 0.223741 0.007812 0.008633 0.0 0.0 0.0 0.0 0.0 0.0 0.0 0.0 0.0 0.0 0.0 0.0 0.0 0.0 0.0
0 0.371094 0.221223 0.005859 0.006475 0.0 0.0 0.0 0.0 0.0 0.0 0.0 0.0 0.0 0.0 0.0 0.0 0.0 0.0 0.0
0 0.327637 0.244604 0.006836 0.005755 0.0 0.0 0.0 0.0 0.0 0.0 0.0 0.0 0.0 0.0 0.0 0.0 0.0 0.0 0.0
0 0.346191 0.234532 0.006836 0.007194 0.0 0.0 0.0 0.0 0.0 0.0 0.0 0.0 0.0 0.0 0.0 0.0 0.0 0.0 0.0
0 0.313965 0.236691 0.006836 0.005755 0.0 0.0 0.0 0.0 0.0 0.0 0.0 0.0 0.0 0.0 0.0 0.0 0.0 0.0 0.0
0 0.338379 0.242446 0.004883 0.005755 0.0 0.0 0.0 0.0 0.0 0.0 0.0 0.0 0.0 0.0 0.0 0.0 0.0 0.0 0.0
0 0.371094 0.193885 0.005859 0.006475 0.0 0.0 0.0 0.0 0.0 0.0 0.0 0.0 0.0 0.0 0.0 0.0 0.0 0.0 0.0
0 0.387695 0.194245 0.005859 0.004317 0.0 0.0 0.0 0.0 0.0 0.0 0.0 0.0 0.0 0.0 0.0 0.0 0.0 0.0 0.0
0 0.433105 0.182734 0.004883 0.005755 0.0 0.0 0.0 0.0 0.0 0.0 0.0 0.0 0.0 0.0 0.0 0.0 0.0 0.0 0.0
0 0.416504 0.181655 0.004883 0.005036 0.0 0.0 0.0 0.0 0.0 0.0 0.0 0.0 0.0 0.0 0.0 0.0 0.0 0.0 0.0
0 0.423828 0.176619 0.005859 0.005036 0.0 0.0 0.0 0.0 0.0 0.0 0.0 0.0 0.0 0.0 0.0 0.0 0.0 0.0 0.0
0 0.408203 0.17482 0.007812 0.005755 0.0 0.0 0.0 0.0 0.0 0.0 0.0 0.0 0.0 0.0 0.0 0.0 0.0 0.0 0.0
0 0.389648 0.176978 0.005859 0.004317 0.0 0.0 0.0 0.0 0.0 0.0 0.0 0.0 0.0 0.0 0.0 0.0 0.0 0.0 0.0
0 0.376465 0.185252 0.006836 0.006475 0.0 0.0 0.0 0.0 0.0 0.0 0.0 0.0 0.0 0.0 0.0 0.0 0.0 0.0 0.0
0 0.385254 0.184892 0.006836 0.005755 0.0 0.0 0.0 0.0 0.0 0.0 0.0 0.0 0.0 0.0 0.0 0.0 0.0 0.0 0.0
0 0.362305 0.185971 0.005859 0.005036 0.36383 0.186289 1.0 0.365557 0.186324 1.0 0.364886 0.187137 1.0 0.364118 0.187737 1.0 0.365461 0.187702 1.0
0 0.351562 0.179856 0.005859 0.005755 0.0 0.0 0.0 0.0 0.0 0.0 0.0 0.0 0.0 0.0 0.0 0.0 0.0 0.0 0.0
0 0.345215 0.185612 0.006836 0.004317 0.0 0.0 0.0 0.0 0.0 0.0 0.0 0.0 0.0 0.0 0.0 0.0 0.0 0.0 0.0
0 0.348633 0.196763 0.005859 0.005036 0.0 0.0 0.0 0.0 0.0 0.0 0.0 0.0 0.0 0.0 0.0 0.0 0.0 0.0 0.0
0 0.376953 0.206835 0.005859 0.005036 0.0 0.0 0.0 0.0 0.0 0.0 0.0 0.0 0.0 0.0 0.0 0.0 0.0 0.0 0.0
0 0.359863 0.210432 0.006836 0.005036 0.0 0.0 0.0 0.0 0.0 0.0 0.0 0.0 0.0 0.0 0.0 0.0 0.0 0.0 0.0
0 0.364746 0.206115 0.006836 0.005036 0.0 0.0 0.0 0.0 0.0 0.0 0.0 0.0 0.0 0.0 0.0 0.0 0.0 0.0 0.0
0 0.347656 0.204317 0.005859 0.004317 0.0 0.0 0.0 0.0 0.0 0.0 0.0 0.0 0.0 0.0 0.0 0.0 0.0 0.0 0.0
0 0.335449 0.214748 0.006836 0.006475 0.0 0.0 0.0 0.0 0.0 0.0 0.0 0.0 0.0 0.0 0.0 0.0 0.0 0.0 0.0
0 0.328125 0.215108 0.007812 0.007194 0.328544 0.214029 1.0 0.331334 0.213823 1.0 0.330218 0.215468 1.0 0.328822 0.217163 1.0 0.330706 0.217163 1.0
0 0.328125 0.205036 0.007812 0.007194 0.0 0.0 0.0 0.0 0.0 0.0 0.0 0.0 0.0 0.0 0.0 0.0 0.0 0.0 0.0
0 0.336426 0.22482 0.006836 0.005036 0.0 0.0 0.0 0.0 0.0 0.0 0.0 0.0 0.0 0.0 0.0 0.0 0.0 0.0 0.0
0 0.349121 0.22482 0.004883 0.005036 0.0 0.0 0.0 0.0 0.0 0.0 0.0 0.0 0.0 0.0 0.0 0.0 0.0 0.0 0.0
0 0.322266 0.22446 0.007812 0.005755 0.0 0.0 0.0 0.0 0.0 0.0 0.0 0.0 0.0 0.0 0.0 0.0 0.0 0.0 0.0
0 0.303711 0.232374 0.007812 0.007194 0.0 0.0 0.0 0.0 0.0 0.0 0.0 0.0 0.0 0.0 0.0 0.0 0.0 0.0 0.0
0 0.293457 0.231295 0.006836 0.006475 0.0 0.0 0.0 0.0 0.0 0.0 0.0 0.0 0.0 0.0 0.0 0.0 0.0 0.0 0.0
0 0.289551 0.219424 0.006836 0.005755 0.0 0.0 0.0 0.0 0.0 0.0 0.0 0.0 0.0 0.0 0.0 0.0 0.0 0.0 0.0
0 0.300293 0.215468 0.006836 0.006475 0.0 0.0 0.0 0.0 0.0 0.0 0.0 0.0 0.0 0.0 0.0 0.0 0.0 0.0 0.0
0 0.311035 0.209353 0.006836 0.007194 0.0 0.0 0.0 0.0 0.0 0.0 0.0 0.0 0.0 0.0 0.0 0.0 0.0 0.0 0.0
0 0.327637 0.191367 0.006836 0.007194 0.0 0.0 0.0 0.0 0.0 0.0 0.0 0.0 0.0 0.0 0.0 0.0 0.0 0.0 0.0
0 0.341797 0.192086 0.005859 0.005755 0.0 0.0 0.0 0.0 0.0 0.0 0.0 0.0 0.0 0.0 0.0 0.0 0.0 0.0 0.0
0 0.333984 0.185252 0.005859 0.005036 0.0 0.0 0.0 0.0 0.0 0.0 0.0 0.0 0.0 0.0 0.0 0.0 0.0 0.0 0.0
0 0.331055 0.177338 0.005859 0.006475 0.0 0.0 0.0 0.0 0.0 0.0 0.0 0.0 0.0 0.0 0.0 0.0 0.0 0.0 0.0
0 0.269043 0.220144 0.006836 0.007194 0.0 0.0 0.0 0.0 0.0 0.0 0.0 0.0 0.0 0.0 0.0 0.0 0.0 0.0 0.0
0 0.286621 0.210432 0.006836 0.005036 0.0 0.0 0.0 0.0 0.0 0.0 0.0 0.0 0.0 0.0 0.0 0.0 0.0 0.0 0.0
0 0.291992 0.203957 0.005859 0.005036 0.0 0.0 0.0 0.0 0.0 0.0 0.0 0.0 0.0 0.0 0.0 0.0 0.0 0.0 0.0
0 0.290527 0.197122 0.006836 0.004317 0.0 0.0 0.0 0.0 0.0 0.0 0.0 0.0 0.0 0.0 0.0 0.0 0.0 0.0 0.0
0 0.308105 0.198201 0.006836 0.005036 0.0 0.0 0.0 0.0 0.0 0.0 0.0 0.0 0.0 0.0 0.0 0.0 0.0 0.0 0.0
0 0.314453 0.196043 0.003906 0.005036 0.0 0.0 0.0 0.0 0.0 0.0 0.0 0.0 0.0 0.0 0.0 0.0 0.0 0.0 0.0
0 0.315918 0.184892 0.004883 0.005755 0.0 0.0 0.0 0.0 0.0 0.0 0.0 0.0 0.0 0.0 0.0 0.0 0.0 0.0 0.0
0 0.307617 0.186691 0.005859 0.005036 0.0 0.0 0.0 0.0 0.0 0.0 0.0 0.0 0.0 0.0 0.0 0.0 0.0 0.0 0.0
0 0.32666 0.182014 0.004883 0.004317 0.0 0.0 0.0 0.0 0.0 0.0 0.0 0.0 0.0 0.0 0.0 0.0 0.0 0.0 0.0
0 0.291992 0.184532 0.005859 0.005036 0.0 0.0 0.0 0.0 0.0 0.0 0.0 0.0 0.0 0.0 0.0 0.0 0.0 0.0 0.0
0 0.285156 0.189209 0.005859 0.005755 0.0 0.0 0.0 0.0 0.0 0.0 0.0 0.0 0.0 0.0 0.0 0.0 0.0 0.0 0.0
0 0.282715 0.196043 0.004883 0.005036 0.0 0.0 0.0 0.0 0.0 0.0 0.0 0.0 0.0 0.0 0.0 0.0 0.0 0.0 0.0
0 0.273438 0.198921 0.005859 0.006475 0.0 0.0 0.0 0.0 0.0 0.0 0.0 0.0 0.0 0.0 0.0 0.0 0.0 0.0 0.0
0 0.265625 0.2 0.005859 0.007194 0.0 0.0 0.0 0.0 0.0 0.0 0.0 0.0 0.0 0.0 0.0 0.0 0.0 0.0 0.0
0 0.249512 0.210791 0.008789 0.007194 0.0 0.0 0.0 0.0 0.0 0.0 0.0 0.0 0.0 0.0 0.0 0.0 0.0 0.0 0.0
0 0.245117 0.223741 0.005859 0.005755 0.0 0.0 0.0 0.0 0.0 0.0 0.0 0.0 0.0 0.0 0.0 0.0 0.0 0.0 0.0
0 0.229492 0.217626 0.007812 0.007914 0.0 0.0 0.0 0.0 0.0 0.0 0.0 0.0 0.0 0.0 0.0 0.0 0.0 0.0 0.0
0 0.237793 0.208273 0.006836 0.005036 0.0 0.0 0.0 0.0 0.0 0.0 0.0 0.0 0.0 0.0 0.0 0.0 0.0 0.0 0.0
0 0.243652 0.202518 0.006836 0.007914 0.0 0.0 0.0 0.0 0.0 0.0 0.0 0.0 0.0 0.0 0.0 0.0 0.0 0.0 0.0
0 0.25293 0.198561 0.005859 0.004317 0.0 0.0 0.0 0.0 0.0 0.0 0.0 0.0 0.0 0.0 0.0 0.0 0.0 0.0 0.0
0 0.248047 0.190288 0.005859 0.005036 0.0 0.0 0.0 0.0 0.0 0.0 0.0 0.0 0.0 0.0 0.0 0.0 0.0 0.0 0.0
0 0.257324 0.191007 0.006836 0.005036 0.0 0.0 0.0 0.0 0.0 0.0 0.0 0.0 0.0 0.0 0.0 0.0 0.0 0.0 0.0
0 0.260742 0.183453 0.005859 0.004317 0.0 0.0 0.0 0.0 0.0 0.0 0.0 0.0 0.0 0.0 0.0 0.0 0.0 0.0 0.0
0 0.270996 0.176259 0.006836 0.005755 0.0 0.0 0.0 0.0 0.0 0.0 0.0 0.0 0.0 0.0 0.0 0.0 0.0 0.0 0.0
0 0.280762 0.181655 0.004883 0.006475 0.0 0.0 0.0 0.0 0.0 0.0 0.0 0.0 0.0 0.0 0.0 0.0 0.0 0.0 0.0
0 0.211426 0.217266 0.008789 0.008633 0.0 0.0 0.0 0.0 0.0 0.0 0.0 0.0 0.0 0.0 0.0 0.0 0.0 0.0 0.0
0 0.231445 0.196043 0.005859 0.006475 0.0 0.0 0.0 0.0 0.0 0.0 0.0 0.0 0.0 0.0 0.0 0.0 0.0 0.0 0.0
0 0.204102 0.198561 0.007812 0.007194 0.0 0.0 0.0 0.0 0.0 0.0 0.0 0.0 0.0 0.0 0.0 0.0 0.0 0.0 0.0
0 0.234375 0.180935 0.005859 0.005036 0.0 0.0 0.0 0.0 0.0 0.0 0.0 0.0 0.0 0.0 0.0 0.0 0.0 0.0 0.0
0 0.255859 0.178058 0.005859 0.006475 0.0 0.0 0.0 0.0 0.0 0.0 0.0 0.0 0.0 0.0 0.0 0.0 0.0 0.0 0.0
0 0.213867 0.184532 0.005859 0.006475 0.0 0.0 0.0 0.0 0.0 0.0 0.0 0.0 0.0 0.0 0.0 0.0 0.0 0.0 0.0
0 0.187988 0.222302 0.006836 0.007194 0.0 0.0 0.0 0.0 0.0 0.0 0.0 0.0 0.0 0.0 0.0 0.0 0.0 0.0 0.0
0 0.198242 0.213309 0.007812 0.007914 0.0 0.0 0.0 0.0 0.0 0.0 0.0 0.0 0.0 0.0 0.0 0.0 0.0 0.0 0.0
0 0.153809 0.210072 0.006836 0.007194 0.0 0.0 0.0 0.0 0.0 0.0 0.0 0.0 0.0 0.0 0.0 0.0 0.0 0.0 0.0
0 0.166016 0.211151 0.005859 0.005036 0.0 0.0 0.0 0.0 0.0 0.0 0.0 0.0 0.0 0.0 0.0 0.0 0.0 0.0 0.0
0 0.166992 0.202518 0.005859 0.006475 0.0 0.0 0.0 0.0 0.0 0.0 0.0 0.0 0.0 0.0 0.0 0.0 0.0 0.0 0.0
0 0.137207 0.218345 0.006836 0.006475 0.0 0.0 0.0 0.0 0.0 0.0 0.0 0.0 0.0 0.0 0.0 0.0 0.0 0.0 0.0
0 0.145508 0.215108 0.007812 0.005755 0.0 0.0 0.0 0.0 0.0 0.0 0.0 0.0 0.0 0.0 0.0 0.0 0.0 0.0 0.0
0 0.141113 0.202878 0.006836 0.007194 0.0 0.0 0.0 0.0 0.0 0.0 0.0 0.0 0.0 0.0 0.0 0.0 0.0 0.0 0.0
0 0.146484 0.194964 0.007812 0.007194 0.0 0.0 0.0 0.0 0.0 0.0 0.0 0.0 0.0 0.0 0.0 0.0 0.0 0.0 0.0
0 0.129395 0.198201 0.012695 0.009353 0.0 0.0 0.0 0.0 0.0 0.0 0.0 0.0 0.0 0.0 0.0 0.0 0.0 0.0 0.0
0 0.160156 0.192086 0.007812 0.007194 0.0 0.0 0.0 0.0 0.0 0.0 0.0 0.0 0.0 0.0 0.0 0.0 0.0 0.0 0.0
0 0.168457 0.182014 0.006836 0.005755 0.0 0.0 0.0 0.0 0.0 0.0 0.0 0.0 0.0 0.0 0.0 0.0 0.0 0.0 0.0
0 0.181152 0.174101 0.004883 0.004317 0.0 0.0 0.0 0.0 0.0 0.0 0.0 0.0 0.0 0.0 0.0 0.0 0.0 0.0 0.0
0 0.195801 0.171942 0.006836 0.004317 0.0 0.0 0.0 0.0 0.0 0.0 0.0 0.0 0.0 0.0 0.0 0.0 0.0 0.0 0.0
0 0.203125 0.172302 0.007812 0.006475 0.0 0.0 0.0 0.0 0.0 0.0 0.0 0.0 0.0 0.0 0.0 0.0 0.0 0.0 0.0
0 0.204102 0.179856 0.005859 0.004317 0.0 0.0 0.0 0.0 0.0 0.0 0.0 0.0 0.0 0.0 0.0 0.0 0.0 0.0 0.0
0 0.155273 0.179137 0.005859 0.005755 0.0 0.0 0.0 0.0 0.0 0.0 0.0 0.0 0.0 0.0 0.0 0.0 0.0 0.0 0.0
0 0.129883 0.176978 0.005859 0.004317 0.0 0.0 0.0 0.0 0.0 0.0 0.0 0.0 0.0 0.0 0.0 0.0 0.0 0.0 0.0
0 0.150391 0.179856 0.005859 0.004317 0.0 0.0 0.0 0.0 0.0 0.0 0.0 0.0 0.0 0.0 0.0 0.0 0.0 0.0 0.0
0 0.154297 0.169065 0.005859 0.005755 0.0 0.0 0.0 0.0 0.0 0.0 0.0 0.0 0.0 0.0 0.0 0.0 0.0 0.0 0.0
0 0.171387 0.166547 0.006836 0.005036 0.0 0.0 0.0 0.0 0.0 0.0 0.0 0.0 0.0 0.0 0.0 0.0 0.0 0.0 0.0
0 0.152344 0.159353 0.005859 0.005036 0.0 0.0 0.0 0.0 0.0 0.0 0.0 0.0 0.0 0.0 0.0 0.0 0.0 0.0 0.0
0 0.189453 0.161871 0.005859 0.005755 0.0 0.0 0.0 0.0 0.0 0.0 0.0 0.0 0.0 0.0 0.0 0.0 0.0 0.0 0.0
0 0.196777 0.165827 0.006836 0.005036 0.0 0.0 0.0 0.0 0.0 0.0 0.0 0.0 0.0 0.0 0.0 0.0 0.0 0.0 0.0
0 0.208008 0.163669 0.005859 0.005036 0.0 0.0 0.0 0.0 0.0 0.0 0.0 0.0 0.0 0.0 0.0 0.0 0.0 0.0 0.0
0 0.17627 0.165108 0.004883 0.005036 0.0 0.0 0.0 0.0 0.0 0.0 0.0 0.0 0.0 0.0 0.0 0.0 0.0 0.0 0.0
0 0.174316 0.153597 0.004883 0.005036 0.0 0.0 0.0 0.0 0.0 0.0 0.0 0.0 0.0 0.0 0.0 0.0 0.0 0.0 0.0
0 0.140137 0.155036 0.004883 0.005036 0.0 0.0 0.0 0.0 0.0 0.0 0.0 0.0 0.0 0.0 0.0 0.0 0.0 0.0 0.0
0 0.194336 0.146043 0.005859 0.005755 0.0 0.0 0.0 0.0 0.0 0.0 0.0 0.0 0.0 0.0 0.0 0.0 0.0 0.0 0.0
0 0.202637 0.147122 0.006836 0.005036 0.0 0.0 0.0 0.0 0.0 0.0 0.0 0.0 0.0 0.0 0.0 0.0 0.0 0.0 0.0
0 0.198242 0.153957 0.005859 0.004317 0.0 0.0 0.0 0.0 0.0 0.0 0.0 0.0 0.0 0.0 0.0 0.0 0.0 0.0 0.0
0 0.131836 0.165468 0.007812 0.005755 0.0 0.0 0.0 0.0 0.0 0.0 0.0 0.0 0.0 0.0 0.0 0.0 0.0 0.0 0.0
0 0.202637 0.191007 0.006836 0.005036 0.0 0.0 0.0 0.0 0.0 0.0 0.0 0.0 0.0 0.0 0.0 0.0 0.0 0.0 0.0
0 0.21875 0.169424 0.005859 0.005036 0.0 0.0 0.0 0.0 0.0 0.0 0.0 0.0 0.0 0.0 0.0 0.0 0.0 0.0 0.0
0 0.222168 0.160791 0.004883 0.005036 0.0 0.0 0.0 0.0 0.0 0.0 0.0 0.0 0.0 0.0 0.0 0.0 0.0 0.0 0.0
0 0.226074 0.160432 0.004883 0.005755 0.0 0.0 0.0 0.0 0.0 0.0 0.0 0.0 0.0 0.0 0.0 0.0 0.0 0.0 0.0
0 0.231934 0.153597 0.004883 0.005036 0.0 0.0 0.0 0.0 0.0 0.0 0.0 0.0 0.0 0.0 0.0 0.0 0.0 0.0 0.0
0 0.260742 0.155755 0.005859 0.005036 0.0 0.0 0.0 0.0 0.0 0.0 0.0 0.0 0.0 0.0 0.0 0.0 0.0 0.0 0.0
0 0.270996 0.157194 0.004883 0.005036 0.0 0.0 0.0 0.0 0.0 0.0 0.0 0.0 0.0 0.0 0.0 0.0 0.0 0.0 0.0
0 0.271484 0.168345 0.005859 0.004317 0.0 0.0 0.0 0.0 0.0 0.0 0.0 0.0 0.0 0.0 0.0 0.0 0.0 0.0 0.0
0 0.277344 0.170504 0.005859 0.004317 0.0 0.0 0.0 0.0 0.0 0.0 0.0 0.0 0.0 0.0 0.0 0.0 0.0 0.0 0.0
0 0.287109 0.169424 0.005859 0.006475 0.0 0.0 0.0 0.0 0.0 0.0 0.0 0.0 0.0 0.0 0.0 0.0 0.0 0.0 0.0
0 0.305664 0.165827 0.005859 0.006475 0.0 0.0 0.0 0.0 0.0 0.0 0.0 0.0 0.0 0.0 0.0 0.0 0.0 0.0 0.0
0 0.3125 0.173381 0.005859 0.005755 0.0 0.0 0.0 0.0 0.0 0.0 0.0 0.0 0.0 0.0 0.0 0.0 0.0 0.0 0.0
0 0.316406 0.171223 0.005859 0.005755 0.0 0.0 0.0 0.0 0.0 0.0 0.0 0.0 0.0 0.0 0.0 0.0 0.0 0.0 0.0
0 0.321289 0.167626 0.005859 0.005755 0.0 0.0 0.0 0.0 0.0 0.0 0.0 0.0 0.0 0.0 0.0 0.0 0.0 0.0 0.0
0 0.339844 0.169784 0.005859 0.007194 0.0 0.0 0.0 0.0 0.0 0.0 0.0 0.0 0.0 0.0 0.0 0.0 0.0 0.0 0.0
0 0.347168 0.165827 0.004883 0.005036 0.0 0.0 0.0 0.0 0.0 0.0 0.0 0.0 0.0 0.0 0.0 0.0 0.0 0.0 0.0
0 0.382324 0.171942 0.004883 0.005755 0.0 0.0 0.0 0.0 0.0 0.0 0.0 0.0 0.0 0.0 0.0 0.0 0.0 0.0 0.0
0 0.376953 0.160432 0.005859 0.005755 0.0 0.0 0.0 0.0 0.0 0.0 0.0 0.0 0.0 0.0 0.0 0.0 0.0 0.0 0.0
0 0.363281 0.170504 0.003906 0.002878 0.0 0.0 0.0 0.0 0.0 0.0 0.0 0.0 0.0 0.0 0.0 0.0 0.0 0.0 0.0
0 0.351562 0.156835 0.003906 0.004317 0.0 0.0 0.0 0.0 0.0 0.0 0.0 0.0 0.0 0.0 0.0 0.0 0.0 0.0 0.0
0 0.310547 0.155396 0.005859 0.005755 0.0 0.0 0.0 0.0 0.0 0.0 0.0 0.0 0.0 0.0 0.0 0.0 0.0 0.0 0.0
0 0.296875 0.158633 0.005859 0.003597 0.0 0.0 0.0 0.0 0.0 0.0 0.0 0.0 0.0 0.0 0.0 0.0 0.0 0.0 0.0
0 0.278809 0.158633 0.004883 0.005036 0.0 0.0 0.0 0.0 0.0 0.0 0.0 0.0 0.0 0.0 0.0 0.0 0.0 0.0 0.0
0 0.34082 0.155396 0.003906 0.004317 0.0 0.0 0.0 0.0 0.0 0.0 0.0 0.0 0.0 0.0 0.0 0.0 0.0 0.0 0.0
0 0.315918 0.163309 0.004883 0.004317 0.0 0.0 0.0 0.0 0.0 0.0 0.0 0.0 0.0 0.0 0.0 0.0 0.0 0.0 0.0
0 0.361816 0.146763 0.004883 0.004317 0.0 0.0 0.0 0.0 0.0 0.0 0.0 0.0 0.0 0.0 0.0 0.0 0.0 0.0 0.0
0 0.34668 0.147122 0.003906 0.005036 0.0 0.0 0.0 0.0 0.0 0.0 0.0 0.0 0.0 0.0 0.0 0.0 0.0 0.0 0.0
0 0.355469 0.146403 0.003906 0.003597 0.0 0.0 0.0 0.0 0.0 0.0 0.0 0.0 0.0 0.0 0.0 0.0 0.0 0.0 0.0
0 0.455566 0.181655 0.006836 0.006475 0.0 0.0 0.0 0.0 0.0 0.0 0.0 0.0 0.0 0.0 0.0 0.0 0.0 0.0 0.0
0 0.431152 0.173022 0.004883 0.005036 0.42889 0.171609 1.0 0.432247 0.171255 1.0 0.430855 0.172563 1.0 0.429944 0.173728 1.0 0.431959 0.17341 1.0
0 0.435547 0.157194 0.005859 0.005036 0.0 0.0 0.0 0.0 0.0 0.0 0.0 0.0 0.0 0.0 0.0 0.0 0.0 0.0 0.0
0 0.418945 0.167626 0.005859 0.005755 0.0 0.0 0.0 0.0 0.0 0.0 0.0 0.0 0.0 0.0 0.0 0.0 0.0 0.0 0.0
0 0.411133 0.155396 0.005859 0.005755 0.0 0.0 0.0 0.0 0.0 0.0 0.0 0.0 0.0 0.0 0.0 0.0 0.0 0.0 0.0
0 0.416016 0.153237 0.005859 0.005755 0.0 0.0 0.0 0.0 0.0 0.0 0.0 0.0 0.0 0.0 0.0 0.0 0.0 0.0 0.0
0 0.427734 0.154317 0.005859 0.005036 0.0 0.0 0.0 0.0 0.0 0.0 0.0 0.0 0.0 0.0 0.0 0.0 0.0 0.0 0.0
0 0.398926 0.16223 0.004883 0.005036 0.0 0.0 0.0 0.0 0.0 0.0 0.0 0.0 0.0 0.0 0.0 0.0 0.0 0.0 0.0
0 0.388184 0.155396 0.004883 0.005755 0.0 0.0 0.0 0.0 0.0 0.0 0.0 0.0 0.0 0.0 0.0 0.0 0.0 0.0 0.0
0 0.40625 0.151799 0.005859 0.005755 0.0 0.0 0.0 0.0 0.0 0.0 0.0 0.0 0.0 0.0 0.0 0.0 0.0 0.0 0.0
0 0.445312 0.147842 0.005859 0.003597 0.0 0.0 0.0 0.0 0.0 0.0 0.0 0.0 0.0 0.0 0.0 0.0 0.0 0.0 0.0
0 0.422852 0.133094 0.003906 0.004317 0.0 0.0 0.0 0.0 0.0 0.0 0.0 0.0 0.0 0.0 0.0 0.0 0.0 0.0 0.0
0 0.401855 0.130216 0.004883 0.004317 0.0 0.0 0.0 0.0 0.0 0.0 0.0 0.0 0.0 0.0 0.0 0.0 0.0 0.0 0.0
0 0.387207 0.135612 0.004883 0.005036 0.0 0.0 0.0 0.0 0.0 0.0 0.0 0.0 0.0 0.0 0.0 0.0 0.0 0.0 0.0
0 0.519531 0.161871 0.003906 0.002878 0.0 0.0 0.0 0.0 0.0 0.0 0.0 0.0 0.0 0.0 0.0 0.0 0.0 0.0 0.0
0 0.455078 0.154676 0.005859 0.004317 0.0 0.0 0.0 0.0 0.0 0.0 0.0 0.0 0.0 0.0 0.0 0.0 0.0 0.0 0.0
0 0.374023 0.166906 0.005859 0.004317 0.0 0.0 0.0 0.0 0.0 0.0 0.0 0.0 0.0 0.0 0.0 0.0 0.0 0.0 0.0
0 0.346191 0.132014 0.004883 0.005036 0.0 0.0 0.0 0.0 0.0 0.0 0.0 0.0 0.0 0.0 0.0 0.0 0.0 0.0 0.0
0 0.33252 0.13777 0.004883 0.005036 0.0 0.0 0.0 0.0 0.0 0.0 0.0 0.0 0.0 0.0 0.0 0.0 0.0 0.0 0.0
0 0.314453 0.135252 0.003906 0.004317 0.0 0.0 0.0 0.0 0.0 0.0 0.0 0.0 0.0 0.0 0.0 0.0 0.0 0.0 0.0
0 0.302246 0.134892 0.004883 0.003597 0.0 0.0 0.0 0.0 0.0 0.0 0.0 0.0 0.0 0.0 0.0 0.0 0.0 0.0 0.0
0 0.279297 0.138849 0.003906 0.004317 0.0 0.0 0.0 0.0 0.0 0.0 0.0 0.0 0.0 0.0 0.0 0.0 0.0 0.0 0.0
0 0.265625 0.138129 0.005859 0.005755 0.0 0.0 0.0 0.0 0.0 0.0 0.0 0.0 0.0 0.0 0.0 0.0 0.0 0.0 0.0
0 0.255859 0.144245 0.005859 0.005036 0.0 0.0 0.0 0.0 0.0 0.0 0.0 0.0 0.0 0.0 0.0 0.0 0.0 0.0 0.0
0 0.267578 0.147842 0.005859 0.005036 0.0 0.0 0.0 0.0 0.0 0.0 0.0 0.0 0.0 0.0 0.0 0.0 0.0 0.0 0.0
0 0.305664 0.147122 0.003906 0.003597 0.0 0.0 0.0 0.0 0.0 0.0 0.0 0.0 0.0 0.0 0.0 0.0 0.0 0.0 0.0
0 0.268555 0.133453 0.003906 0.003597 0.0 0.0 0.0 0.0 0.0 0.0 0.0 0.0 0.0 0.0 0.0 0.0 0.0 0.0 0.0
0 0.289551 0.12518 0.004883 0.004317 0.0 0.0 0.0 0.0 0.0 0.0 0.0 0.0 0.0 0.0 0.0 0.0 0.0 0.0 0.0
0 0.291504 0.143525 0.004883 0.005036 0.0 0.0 0.0 0.0 0.0 0.0 0.0 0.0 0.0 0.0 0.0 0.0 0.0 0.0 0.0
0 0.270508 0.125899 0.003906 0.004317 0.0 0.0 0.0 0.0 0.0 0.0 0.0 0.0 0.0 0.0 0.0 0.0 0.0 0.0 0.0
0 0.251465 0.129137 0.004883 0.005036 0.0 0.0 0.0 0.0 0.0 0.0 0.0 0.0 0.0 0.0 0.0 0.0 0.0 0.0 0.0
0 0.29541 0.123022 0.004883 0.004317 0.0 0.0 0.0 0.0 0.0 0.0 0.0 0.0 0.0 0.0 0.0 0.0 0.0 0.0 0.0
0 0.261719 0.121223 0.003906 0.003597 0.0 0.0 0.0 0.0 0.0 0.0 0.0 0.0 0.0 0.0 0.0 0.0 0.0 0.0 0.0
0 0.170898 0.140288 0.003906 0.004317 0.0 0.0 0.0 0.0 0.0 0.0 0.0 0.0 0.0 0.0 0.0 0.0 0.0 0.0 0.0
0 0.179688 0.130576 0.003906 0.003597 0.0 0.0 0.0 0.0 0.0 0.0 0.0 0.0 0.0 0.0 0.0 0.0 0.0 0.0 0.0
0 0.215332 0.138849 0.004883 0.002878 0.0 0.0 0.0 0.0 0.0 0.0 0.0 0.0 0.0 0.0 0.0 0.0 0.0 0.0 0.0
0 0.222168 0.148561 0.006836 0.005036 0.0 0.0 0.0 0.0 0.0 0.0 0.0 0.0 0.0 0.0 0.0 0.0 0.0 0.0 0.0
0 0.147461 0.153957 0.005859 0.004317 0.0 0.0 0.0 0.0 0.0 0.0 0.0 0.0 0.0 0.0 0.0 0.0 0.0 0.0 0.0
0 0.15918 0.139568 0.005859 0.004317 0.0 0.0 0.0 0.0 0.0 0.0 0.0 0.0 0.0 0.0 0.0 0.0 0.0 0.0 0.0
0 0.191895 0.133453 0.004883 0.006475 0.0 0.0 0.0 0.0 0.0 0.0 0.0 0.0 0.0 0.0 0.0 0.0 0.0 0.0 0.0
0 0.195312 0.122662 0.005859 0.005036 0.0 0.0 0.0 0.0 0.0 0.0 0.0 0.0 0.0 0.0 0.0 0.0 0.0 0.0 0.0
0 0.227051 0.12518 0.004883 0.004317 0.0 0.0 0.0 0.0 0.0 0.0 0.0 0.0 0.0 0.0 0.0 0.0 0.0 0.0 0.0
0 0.20166 0.127338 0.00293 0.002878 0.0 0.0 0.0 0.0 0.0 0.0 0.0 0.0 0.0 0.0 0.0 0.0 0.0 0.0 0.0
0 0.249023 0.121583 0.003906 0.004317 0.0 0.0 0.0 0.0 0.0 0.0 0.0 0.0 0.0 0.0 0.0 0.0 0.0 0.0 0.0
0 0.587891 0.173022 0.003906 0.002158 0.0 0.0 0.0 0.0 0.0 0.0 0.0 0.0 0.0 0.0 0.0 0.0 0.0 0.0 0.0
0 0.460449 0.175899 0.00293 0.002158 0.0 0.0 0.0 0.0 0.0 0.0 0.0 0.0 0.0 0.0 0.0 0.0 0.0 0.0 0.0
0 0.426758 0.102518 0.003906 0.005036 0.0 0.0 0.0 0.0 0.0 0.0 0.0 0.0 0.0 0.0 0.0 0.0 0.0 0.0 0.0
0 0.279785 0.120144 0.00293 0.002878 0.0 0.0 0.0 0.0 0.0 0.0 0.0 0.0 0.0 0.0 0.0 0.0 0.0 0.0 0.0
0 0.283203 0.11295 0.003906 0.002878 0.0 0.0 0.0 0.0 0.0 0.0 0.0 0.0 0.0 0.0 0.0 0.0 0.0 0.0 0.0
0 0.195801 0.117986 0.004883 0.004317 0.0 0.0 0.0 0.0 0.0 0.0 0.0 0.0 0.0 0.0 0.0 0.0 0.0 0.0 0.0
0 0.184082 0.12554 0.004883 0.005036 0.0 0.0 0.0 0.0 0.0 0.0 0.0 0.0 0.0 0.0 0.0 0.0 0.0 0.0 0.0
0 0.206543 0.11223 0.004883 0.002878 0.0 0.0 0.0 0.0 0.0 0.0 0.0 0.0 0.0 0.0 0.0 0.0 0.0 0.0 0.0
0 0.277832 0.108633 0.00293 0.002878 0.0 0.0 0.0 0.0 0.0 0.0 0.0 0.0 0.0 0.0 0.0 0.0 0.0 0.0 0.0
0 0.262695 0.11259 0.003906 0.003597 0.0 0.0 0.0 0.0 0.0 0.0 0.0 0.0 0.0 0.0 0.0 0.0 0.0 0.0 0.0
0 0.245117 0.098561 0.003906 0.002878 0.0 0.0 0.0 0.0 0.0 0.0 0.0 0.0 0.0 0.0 0.0 0.0 0.0 0.0 0.0
0 0.24707 0.103237 0.003906 0.002158 0.0 0.0 0.0 0.0 0.0 0.0 0.0 0.0 0.0 0.0 0.0 0.0 0.0 0.0 0.0
0 0.263672 0.103597 0.003906 0.002878 0.0 0.0 0.0 0.0 0.0 0.0 0.0 0.0 0.0 0.0 0.0 0.0 0.0 0.0 0.0
0 0.234863 0.097122 0.00293 0.002878 0.0 0.0 0.0 0.0 0.0 0.0 0.0 0.0 0.0 0.0 0.0 0.0 0.0 0.0 0.0
0 0.223145 0.091367 0.00293 0.002878 0.0 0.0 0.0 0.0 0.0 0.0 0.0 0.0 0.0 0.0 0.0 0.0 0.0 0.0 0.0
0 0.26709 0.100719 0.00293 0.002878 0.0 0.0 0.0 0.0 0.0 0.0 0.0 0.0 0.0 0.0 0.0 0.0 0.0 0.0 0.0
0 0.265137 0.091007 0.00293 0.002158 0.0 0.0 0.0 0.0 0.0 0.0 0.0 0.0 0.0 0.0 0.0 0.0 0.0 0.0 0.0
0 0.230469 0.094604 0.003906 0.002158 0.0 0.0 0.0 0.0 0.0 0.0 0.0 0.0 0.0 0.0 0.0 0.0 0.0 0.0 0.0
0 0.245117 0.084892 0.003906 0.002878 0.0 0.0 0.0 0.0 0.0 0.0 0.0 0.0 0.0 0.0 0.0 0.0 0.0 0.0 0.0
0 0.274902 0.102158 0.004883 0.005755 0.0 0.0 0.0 0.0 0.0 0.0 0.0 0.0 0.0 0.0 0.0 0.0 0.0 0.0 0.0
0 0.281738 0.102158 0.004883 0.005755 0.0 0.0 0.0 0.0 0.0 0.0 0.0 0.0 0.0 0.0 0.0 0.0 0.0 0.0 0.0
0 0.215332 0.11259 0.004883 0.003597 0.0 0.0 0.0 0.0 0.0 0.0 0.0 0.0 0.0 0.0 0.0 0.0 0.0 0.0 0.0
0 0.221191 0.126978 0.00293 0.003597 0.0 0.0 0.0 0.0 0.0 0.0 0.0 0.0 0.0 0.0 0.0 0.0 0.0 0.0 0.0
0 0.188477 0.095683 0.001953 0.002878 0.0 0.0 0.0 0.0 0.0 0.0 0.0 0.0 0.0 0.0 0.0 0.0 0.0 0.0 0.0
0 0.161621 0.105396 0.004883 0.003597 0.0 0.0 0.0 0.0 0.0 0.0 0.0 0.0 0.0 0.0 0.0 0.0 0.0 0.0 0.0
0 0.147461 0.097842 0.003906 0.002878 0.0 0.0 0.0 0.0 0.0 0.0 0.0 0.0 0.0 0.0 0.0 0.0 0.0 0.0 0.0
0 0.168457 0.121583 0.004883 0.002878 0.0 0.0 0.0 0.0 0.0 0.0 0.0 0.0 0.0 0.0 0.0 0.0 0.0 0.0 0.0
0 0.390625 0.16259 0.003906 0.002878 0.0 0.0 0.0 0.0 0.0 0.0 0.0 0.0 0.0 0.0 0.0 0.0 0.0 0.0 0.0
0 0.414551 0.133453 0.004883 0.005036 0.0 0.0 0.0 0.0 0.0 0.0 0.0 0.0 0.0 0.0 0.0 0.0 0.0 0.0 0.0
0 0.317383 0.158273 0.003906 0.002878 0.0 0.0 0.0 0.0 0.0 0.0 0.0 0.0 0.0 0.0 0.0 0.0 0.0 0.0 0.0
0 0.029297 0.796043 0.021484 0.007914 0.0 0.0 0.0 0.0 0.0 0.0 0.0 0.0 0.0 0.0 0.0 0.0 0.0 0.0 0.0
0 0.683105 0.455755 0.014648 0.010791 0.0 0.0 0.0 0.0 0.0 0.0 0.0 0.0 0.0 0.0 0.0 0.0 0.0 0.0 0.0
0 0.271973 0.117986 0.004883 0.005755 0.0 0.0 0.0 0.0 0.0 0.0 0.0 0.0 0.0 0.0 0.0 0.0 0.0 0.0 0.0