0 0.512695 0.306366 0.011719 0.02122 0.0 0.0 0.0 0.0 0.0 0.0 0.0 0.0 0.0 0.0 0.0 0.0 0.0 0.0 0.0
0 0.787109 0.415782 0.011719 0.043767 0.0 0.0 0.0 0.0 0.0 0.0 0.0 0.0 0.0 0.0 0.0 0.0 0.0 0.0 0.0
0 0.642578 0.405836 0.007812 0.01061 0.0 0.0 0.0 0.0 0.0 0.0 0.0 0.0 0.0 0.0 0.0 0.0 0.0 0.0 0.0
0 0.685059 0.430371 0.008789 0.017241 0.0 0.0 0.0 0.0 0.0 0.0 0.0 0.0 0.0 0.0 0.0 0.0 0.0 0.0 0.0
0 0.750977 0.429708 0.019531 0.037135 0.0 0.0 0.0 0.0 0.0 0.0 0.0 0.0 0.0 0.0 0.0 0.0 0.0 0.0 0.0
0 0.831055 0.429045 0.005859 0.011936 0.0 0.0 0.0 0.0 0.0 0.0 0.0 0.0 0.0 0.0 0.0 0.0 0.0 0.0 0.0
0 0.85791 0.425066 0.010742 0.022546 0.856271 0.421135 1.0 0.861921 0.421277 1.0 0.858887 0.424687 1.0 0.85648 0.430371 1.0 0.861503 0.430513 1.0
0 0.866699 0.422414 0.012695 0.025199 0.857056 0.420922 1.0 0.859131 0.420756 1.0 0.858887 0.425232 1.0 0.857178 0.430371 1.0 0.861938 0.430371 1.0
0 0.904785 0.439655 0.03418 0.059682 0.909681 0.435422 1.0 0.920449 0.434268 1.0 0.920166 0.446582 1.0 0.90798 0.458513 1.0 0.914498 0.45582 1.0
0 0.916504 0.404509 0.022461 0.047745 0.0 0.0 0.0 0.0 0.0 0.0 0.0 0.0 0.0 0.0 0.0 0.0 0.0 0.0 0.0
0 0.619629 0.407825 0.006836 0.011936 0.0 0.0 0.0 0.0 0.0 0.0 0.0 0.0 0.0 0.0 0.0 0.0 0.0 0.0 0.0
0 0.602539 0.411141 0.003906 0.007958 0.0 0.0 0.0 0.0 0.0 0.0 0.0 0.0 0.0 0.0 0.0 0.0 0.0 0.0 0.0
0 0.563477 0.419098 0.003906 0.007958 0.0 0.0 0.0 0.0 0.0 0.0 0.0 0.0 0.0 0.0 0.0 0.0 0.0 0.0 0.0
0 0.021973 0.423077 0.010742 0.023873 0.0 0.0 0.0 0.0 0.0 0.0 0.0 0.0 0.0 0.0 0.0 0.0 0.0 0.0 0.0
0 0.054688 0.427056 0.033203 0.047745 0.042415 0.416126 1.0 0.052198 0.416126 1.0 0.040858 0.423675 1.0 0.041081 0.438471 1.0 0.048641 0.438471 1.0
0 0.098633 0.415782 0.011719 0.022546 0.0 0.0 0.0 0.0 0.0 0.0 0.0 0.0 0.0 0.0 0.0 0.0 0.0 0.0 0.0
0 0.171387 0.392573 0.026367 0.061008 0.0 0.0 0.0 0.0 0.0 0.0 0.0 0.0 0.0 0.0 0.0 0.0 0.0 0.0 0.0
0 0.18457 0.405172 0.005859 0.011936 0.0 0.0 0.0 0.0 0.0 0.0 0.0 0.0 0.0 0.0 0.0 0.0 0.0 0.0 0.0
0 0.231934 0.421088 0.006836 0.014589 0.0 0.0 0.0 0.0 0.0 0.0 0.0 0.0 0.0 0.0 0.0 0.0 0.0 0.0 0.0
0 0.246094 0.414456 0.009766 0.019894 0.0 0.0 0.0 0.0 0.0 0.0 0.0 0.0 0.0 0.0 0.0 0.0 0.0 0.0 0.0
0 0.255859 0.41313 0.005859 0.011936 0.0 0.0 0.0 0.0 0.0 0.0 0.0 0.0 0.0 0.0 0.0 0.0 0.0 0.0 0.0
0 0.285156 0.430371 0.009766 0.019894 0.0 0.0 0.0 0.0 0.0 0.0 0.0 0.0 0.0 0.0 0.0 0.0 0.0 0.0 0.0
0 0.327148 0.417772 0.005859 0.01061 0.0 0.0 0.0 0.0 0.0 0.0 0.0 0.0 0.0 0.0 0.0 0.0 0.0 0.0 0.0
0 0.363281 0.420424 0.007812 0.013263 0.0 0.0 0.0 0.0 0.0 0.0 0.0 0.0 0.0 0.0 0.0 0.0 0.0 0.0 0.0
0 0.34668 0.428382 0.003906 0.007958 0.0 0.0 0.0 0.0 0.0 0.0 0.0 0.0 0.0 0.0 0.0 0.0 0.0 0.0 0.0
0 0.467773 0.379973 0.054688 0.091512 0.456647 0.36217 1.0 0.481598 0.364467 1.0 0.47018 0.374805 1.0 0.458762 0.397777 1.0 0.475678 0.398926 1.0
0 0.65625 0.45557 0.03125 0.054377 0.649963 0.461089 1.0 0.661848 0.460402 1.0 0.656538 0.47242 1.0 0.652239 0.474138 1.0 0.661089 0.473794 1.0