0 0.057129 0.106461 0.014648 0.0279 0.0 0.0 0.0 0.0 0.0 0.0 0.0 0.0 0.0 0.0 0.0 0.0 0.0 0.0 0.0
0 0.073242 0.106461 0.013672 0.030837 0.0 0.0 0.0 0.0 0.0 0.0 0.0 0.0 0.0 0.0 0.0 0.0 0.0 0.0 0.0
0 0.158691 0.10793 0.012695 0.024963 0.0 0.0 0.0 0.0 0.0 0.0 0.0 0.0 0.0 0.0 0.0 0.0 0.0 0.0 0.0
0 0.170898 0.10793 0.009766 0.0279 0.0 0.0 0.0 0.0 0.0 0.0 0.0 0.0 0.0 0.0 0.0 0.0 0.0 0.0 0.0
0 0.154297 0.214391 0.015625 0.026432 0.151925 0.207285 1.0 0.158988 0.206399 1.0 0.155692 0.212595 1.0 0.153573 0.218612 1.0 0.158399 0.218612 1.0
0 0.099121 0.211454 0.014648 0.023495 0.0 0.0 0.0 0.0 0.0 0.0 0.0 0.0 0.0 0.0 0.0 0.0 0.0 0.0 0.0
0 0.041016 0.207048 0.015625 0.026432 0.0 0.0 0.0 0.0 0.0 0.0 0.0 0.0 0.0 0.0 0.0 0.0 0.0 0.0 0.0
0 0.253418 0.109398 0.012695 0.0279 0.250811 0.103327 1.0 0.256461 0.102266 1.0 0.253519 0.107222 1.0 0.251046 0.114125 1.0 0.255872 0.113239 1.0
0 0.290039 0.165198 0.015625 0.036711 0.0 0.0 0.0 0.0 0.0 0.0 0.0 0.0 0.0 0.0 0.0 0.0 0.0 0.0 0.0
0 0.306152 0.127019 0.014648 0.0279 0.0 0.0 0.0 0.0 0.0 0.0 0.0 0.0 0.0 0.0 0.0 0.0 0.0 0.0 0.0
0 0.354004 0.110132 0.014648 0.029369 0.0 0.0 0.0 0.0 0.0 0.0 0.0 0.0 0.0 0.0 0.0 0.0 0.0 0.0 0.0
0 0.402832 0.150514 0.016602 0.033774 0.399571 0.145098 1.0 0.406538 0.143985 1.0 0.404166 0.149112 1.0 0.402239 0.155352 1.0 0.40639 0.155129 1.0
0 0.450684 0.112335 0.012695 0.0279 0.0 0.0 0.0 0.0 0.0 0.0 0.0 0.0 0.0 0.0 0.0 0.0 0.0 0.0 0.0
0 0.557617 0.122614 0.013672 0.024963 0.0 0.0 0.0 0.0 0.0 0.0 0.0 0.0 0.0 0.0 0.0 0.0 0.0 0.0 0.0
0 0.645996 0.137298 0.012695 0.022026 0.0 0.0 0.0 0.0 0.0 0.0 0.0 0.0 0.0 0.0 0.0 0.0 0.0 0.0 0.0
0 0.549316 0.259912 0.014648 0.026432 0.0 0.0 0.0 0.0 0.0 0.0 0.0 0.0 0.0 0.0 0.0 0.0 0.0 0.0 0.0
0 0.744629 0.110132 0.012695 0.029369 0.0 0.0 0.0 0.0 0.0 0.0 0.0 0.0 0.0 0.0 0.0 0.0 0.0 0.0 0.0
0 0.845703 0.107195 0.013672 0.029369 0.0 0.0 0.0 0.0 0.0 0.0 0.0 0.0 0.0 0.0 0.0 0.0 0.0 0.0 0.0
0 0.941895 0.113803 0.012695 0.022026 0.0 0.0 0.0 0.0 0.0 0.0 0.0 0.0 0.0 0.0 0.0 0.0 0.0 0.0 0.0
0 0.207031 0.248164 0.013672 0.029369 0.0 0.0 0.0 0.0 0.0 0.0 0.0 0.0 0.0 0.0 0.0 0.0 0.0 0.0 0.0
0 0.048828 0.272394 0.011719 0.022026 0.0 0.0 0.0 0.0 0.0 0.0 0.0 0.0 0.0 0.0 0.0 0.0 0.0 0.0 0.0
0 0.100586 0.273862 0.015625 0.0279 0.0 0.0 0.0 0.0 0.0 0.0 0.0 0.0 0.0 0.0 0.0 0.0 0.0 0.0 0.0
0 0.138672 0.526432 0.023438 0.039648 0.144811 0.515209 1.0 0.150216 0.513636 1.0 0.150391 0.523338 1.0 0.147426 0.533827 1.0 0.149867 0.533302 1.0
0 0.149902 0.510279 0.020508 0.036711 0.0 0.0 0.0 0.0 0.0 0.0 0.0 0.0 0.0 0.0 0.0 0.0 0.0 0.0 0.0
0 0.166992 0.502203 0.017578 0.032305 0.0 0.0 0.0 0.0 0.0 0.0 0.0 0.0 0.0 0.0 0.0 0.0 0.0 0.0 0.0
0 0.378906 0.513216 0.023438 0.039648 0.0 0.0 0.0 0.0 0.0 0.0 0.0 0.0 0.0 0.0 0.0 0.0 0.0 0.0 0.0
0 0.405762 0.449339 0.016602 0.044053 0.0 0.0 0.0 0.0 0.0 0.0 0.0 0.0 0.0 0.0 0.0 0.0 0.0 0.0 0.0
0 0.416504 0.445668 0.014648 0.042584 0.0 0.0 0.0 0.0 0.0 0.0 0.0 0.0 0.0 0.0 0.0 0.0 0.0 0.0 0.0
0 0.437012 0.410426 0.012695 0.033774 0.0 0.0 0.0 0.0 0.0 0.0 0.0 0.0 0.0 0.0 0.0 0.0 0.0 0.0 0.0
0 0.447754 0.39207 0.012695 0.038179 0.0 0.0 0.0 0.0 0.0 0.0 0.0 0.0 0.0 0.0 0.0 0.0 0.0 0.0 0.0
0 0.225098 0.431718 0.016602 0.035242 0.0 0.0 0.0 0.0 0.0 0.0 0.0 0.0 0.0 0.0 0.0 0.0 0.0 0.0 0.0
0 0.634766 0.505874 0.021484 0.042584 0.639509 0.497542 1.0 0.642012 0.497542 1.0 0.644514 0.505336 1.0 0.640402 0.515818 1.0 0.642369 0.515549 1.0
0 0.890625 0.50514 0.021484 0.041116 0.894736 0.493924 1.0 0.896702 0.494461 1.0 0.900813 0.499567 1.0 0.897417 0.510856 1.0 0.899026 0.511394 1.0
0 0.03125 0.422173 0.013672 0.030837 0.0 0.0 0.0 0.0 0.0 0.0 0.0 0.0 0.0 0.0 0.0 0.0 0.0 0.0 0.0
0 0.050293 0.408957 0.012695 0.030837 0.0 0.0 0.0 0.0 0.0 0.0 0.0 0.0 0.0 0.0 0.0 0.0 0.0 0.0 0.0