0 0.375 0.430556 0.027344 0.057018 0.368408 0.423977 1.0 0.382568 0.424708 1.0 0.376221 0.437135 1.0 0.368896 0.442982 1.0 0.382324 0.442251 1.0
0 0.315918 0.388889 0.022461 0.046784 0.310817 0.383459 1.0 0.322392 0.384633 1.0 0.316507 0.394914 1.0 0.309836 0.400494 1.0 0.321607 0.401374 1.0
0 0.278809 0.33845 0.022461 0.042398 0.273089 0.33283 1.0 0.287031 0.331493 1.0 0.28006 0.342196 1.0 0.274876 0.348618 1.0 0.285243 0.348618 1.0
0 0.361816 0.233918 0.022461 0.046784 0.357971 0.227972 1.0 0.369036 0.229506 1.0 0.363709 0.239016 1.0 0.357151 0.24607 1.0 0.367396 0.247605 1.0
0 0.402344 0.320175 0.027344 0.046784 0.394305 0.315626 1.0 0.406664 0.314158 1.0 0.400387 0.326787 1.0 0.396267 0.331781 1.0 0.406271 0.331487 1.0
0 0.449219 0.390351 0.025391 0.046784 0.443687 0.384712 1.0 0.4568 0.385325 1.0 0.450858 0.394528 1.0 0.445325 0.40189 1.0 0.455161 0.40281 1.0
0 0.450684 0.26462 0.022461 0.046784 0.442945 0.256833 1.0 0.455854 0.256219 1.0 0.449912 0.26573 1.0 0.444584 0.274319 1.0 0.455854 0.273705 1.0
0 0.54248 0.276316 0.020508 0.046784 0.535862 0.269711 1.0 0.547093 0.26881 1.0 0.541076 0.277516 1.0 0.537267 0.287725 1.0 0.547694 0.285923 1.0
0 0.55957 0.392544 0.027344 0.05117 0.553711 0.383041 1.0 0.567383 0.381579 1.0 0.560547 0.394737 1.0 0.554688 0.404971 1.0 0.56543 0.402047 1.0
0 0.631348 0.421053 0.026367 0.052632 0.624634 0.415329 1.0 0.638419 0.416327 1.0 0.631082 0.425648 1.0 0.6233 0.433303 1.0 0.637308 0.434635 1.0
0 0.616699 0.315058 0.024414 0.045322 0.612187 0.307716 1.0 0.624154 0.308596 1.0 0.617876 0.317408 1.0 0.611599 0.32475 1.0 0.622781 0.325632 1.0
0 0.643066 0.244152 0.020508 0.038012 0.635289 0.23944 1.0 0.646223 0.234975 1.0 0.641418 0.247873 1.0 0.638603 0.255064 1.0 0.647548 0.251345 1.0
0 0.688965 0.378655 0.026367 0.052632 0.683036 0.369387 1.0 0.697091 0.370405 1.0 0.689837 0.382623 1.0 0.682582 0.389411 1.0 0.695731 0.38975 1.0
0 0.716309 0.319444 0.020508 0.045322 0.710916 0.314452 1.0 0.722687 0.314746 1.0 0.716801 0.325319 1.0 0.710327 0.329724 1.0 0.721902 0.330311 1.0