0 0.840332 0.39693 0.018555 0.033626 0.842809 0.390515 1.0 0.847556 0.390083 1.0 0.848995 0.396545 1.0 0.844535 0.404083 1.0 0.847844 0.404515 1.0
0 0.429199 0.336988 0.026367 0.045322 0.428902 0.326468 1.0 0.439453 0.331924 1.0 0.435809 0.336519 1.0 0.426984 0.343123 1.0 0.436959 0.347143 1.0
0 0.765625 0.459064 0.005859 0.011696 0.0 0.0 0.0 0.0 0.0 0.0 0.0 0.0 0.0 0.0 0.0 0.0 0.0 0.0 0.0
0 0.72998 0.46345 0.004883 0.011696 0.0 0.0 0.0 0.0 0.0 0.0 0.0 0.0 0.0 0.0 0.0 0.0 0.0 0.0 0.0
0 0.685547 0.447368 0.007812 0.011696 0.0 0.0 0.0 0.0 0.0 0.0 0.0 0.0 0.0 0.0 0.0 0.0 0.0 0.0 0.0
0 0.873535 0.475877 0.004883 0.010234 0.0 0.0 0.0 0.0 0.0 0.0 0.0 0.0 0.0 0.0 0.0 0.0 0.0 0.0 0.0
0 0.917969 0.47807 0.005859 0.008772 0.0 0.0 0.0 0.0 0.0 0.0 0.0 0.0 0.0 0.0 0.0 0.0 0.0 0.0 0.0
0 0.646973 0.464912 0.006836 0.011696 0.0 0.0 0.0 0.0 0.0 0.0 0.0 0.0 0.0 0.0 0.0 0.0 0.0 0.0 0.0
0 0.590332 0.435673 0.006836 0.011696 0.0 0.0 0.0 0.0 0.0 0.0 0.0 0.0 0.0 0.0 0.0 0.0 0.0 0.0 0.0
0 0.56543 0.446637 0.007812 0.010234 0.0 0.0 0.0 0.0 0.0 0.0 0.0 0.0 0.0 0.0 0.0 0.0 0.0 0.0 0.0
0 0.507812 0.434211 0.007812 0.011696 0.0 0.0 0.0 0.0 0.0 0.0 0.0 0.0 0.0 0.0 0.0 0.0 0.0 0.0 0.0
0 0.635742 0.45614 0.005859 0.008772 0.0 0.0 0.0 0.0 0.0 0.0 0.0 0.0 0.0 0.0 0.0 0.0 0.0 0.0 0.0
0 0.160156 0.333333 0.019531 0.032164 0.0 0.0 0.0 0.0 0.0 0.0 0.0 0.0 0.0 0.0 0.0 0.0 0.0 0.0 0.0
0 0.21582 0.364766 0.015625 0.024854 0.216806 0.362482 1.0 0.223019 0.363298 1.0 0.220838 0.367867 1.0 0.217786 0.371292 1.0 0.2228 0.372272 1.0
0 0.041016 0.298977 0.021484 0.033626 0.041435 0.295322 1.0 0.048271 0.292398 1.0 0.049247 0.299708 1.0 0.044364 0.308061 1.0 0.049525 0.305765 1.0
0 0.103516 0.364766 0.013672 0.030702 0.0 0.0 0.0 0.0 0.0 0.0 0.0 0.0 0.0 0.0 0.0 0.0 0.0 0.0 0.0
0 0.956543 0.482456 0.004883 0.011696 0.0 0.0 0.0 0.0 0.0 0.0 0.0 0.0 0.0 0.0 0.0 0.0 0.0 0.0 0.0
0 0.981445 0.489035 0.005859 0.010234 0.0 0.0 0.0 0.0 0.0 0.0 0.0 0.0 0.0 0.0 0.0 0.0 0.0 0.0 0.0