0 0.907227 0.392361 0.021484 0.041667 0.907227 0.385773 1.0 0.915676 0.393679 1.0 0.907523 0.398686 1.0 0.901445 0.401321 1.0 0.905893 0.4087 1.0
0 0.887207 0.28559 0.020508 0.039931 0.884992 0.276382 1.0 0.893049 0.284568 1.0 0.886719 0.28917 1.0 0.881396 0.294286 1.0 0.886144 0.300168 1.0
0 0.880371 0.188368 0.018555 0.036458 0.876805 0.179958 1.0 0.88559 0.183082 1.0 0.879373 0.190531 1.0 0.875184 0.196778 1.0 0.879913 0.198939 1.0
0 0.816895 0.164062 0.020508 0.043403 0.813896 0.156498 1.0 0.823626 0.160684 1.0 0.817348 0.169333 1.0 0.812953 0.172403 1.0 0.819389 0.17547 1.0
0 0.741211 0.159722 0.015625 0.034722 0.737073 0.155259 1.0 0.745165 0.155259 1.0 0.741119 0.165597 1.0 0.737959 0.169642 1.0 0.742763 0.169418 1.0
0 0.821777 0.249132 0.022461 0.046875 0.819057 0.243993 1.0 0.829259 0.247016 1.0 0.823138 0.255177 1.0 0.817017 0.261826 1.0 0.824498 0.262734 1.0
0 0.834473 0.383681 0.024414 0.041667 0.83075 0.373861 1.0 0.839447 0.377116 1.0 0.832886 0.386068 1.0 0.828613 0.392578 1.0 0.835479 0.395292 1.0
0 0.748535 0.375868 0.022461 0.043403 0.744437 0.371094 1.0 0.755424 0.374443 1.0 0.748988 0.384208 1.0 0.744751 0.388672 1.0 0.750087 0.391182 1.0
0 0.755859 0.486111 0.027344 0.048611 0.7515 0.477741 1.0 0.763707 0.481151 1.0 0.756731 0.490451 1.0 0.752022 0.497582 1.0 0.760394 0.500062 1.0
0 0.845215 0.497396 0.02832 0.046875 0.843445 0.485785 1.0 0.853516 0.492295 1.0 0.847107 0.496528 1.0 0.839783 0.504991 1.0 0.84729 0.5102 1.0
0 0.746582 0.256944 0.018555 0.038194 0.74231 0.252472 1.0 0.751229 0.256316 1.0 0.745688 0.262323 1.0 0.741904 0.267609 1.0 0.74758 0.270012 1.0
0 0.669434 0.284722 0.020508 0.041667 0.666016 0.277778 1.0 0.673828 0.277778 1.0 0.667969 0.286458 1.0 0.664062 0.296875 1.0 0.671875 0.296875 1.0
0 0.662598 0.195312 0.018555 0.039931 0.659599 0.190476 1.0 0.667411 0.193453 1.0 0.663086 0.202134 1.0 0.659599 0.207589 1.0 0.663644 0.209078 1.0
0 0.608887 0.06684 0.022461 0.043403 0.605748 0.060113 1.0 0.614537 0.06067 1.0 0.609985 0.069321 1.0 0.605277 0.077134 1.0 0.613281 0.077691 1.0
0 0.608398 0.201389 0.023438 0.045139 0.602909 0.193352 1.0 0.61162 0.193352 1.0 0.607104 0.205109 1.0 0.603071 0.213139 1.0 0.610975 0.212566 1.0
0 0.609375 0.27691 0.021484 0.039931 0.605285 0.268927 1.0 0.616106 0.268927 1.0 0.610029 0.278413 1.0 0.606323 0.285002 1.0 0.612697 0.285002 1.0
0 0.604004 0.382812 0.022461 0.046875 0.601021 0.374286 1.0 0.609803 0.374286 1.0 0.604832 0.385479 1.0 0.599696 0.389896 1.0 0.609637 0.390191 1.0
0 0.67627 0.364583 0.020508 0.045139 0.674813 0.357406 1.0 0.681104 0.359988 1.0 0.678039 0.367156 1.0 0.674007 0.376333 1.0 0.678685 0.37662 1.0
0 0.535156 0.282986 0.021484 0.041667 0.531189 0.281033 1.0 0.54126 0.281033 1.0 0.536377 0.29134 1.0 0.533325 0.296224 1.0 0.538208 0.296495 1.0
0 0.530762 0.085069 0.018555 0.041667 0.527457 0.080698 1.0 0.535758 0.079908 1.0 0.531756 0.089394 1.0 0.527457 0.092293 1.0 0.535609 0.091502 1.0
0 0.529297 0.196181 0.019531 0.038194 0.525251 0.189981 1.0 0.5339 0.189236 1.0 0.529994 0.199653 1.0 0.526088 0.207094 1.0 0.532506 0.207342 1.0
0 0.462402 0.244792 0.020508 0.045139 0.458361 0.237328 1.0 0.467878 0.236755 1.0 0.462555 0.245644 1.0 0.459006 0.255394 1.0 0.46691 0.256542 1.0
0 0.463867 0.152778 0.017578 0.038194 0.460502 0.147306 1.0 0.469277 0.146283 1.0 0.465249 0.15549 1.0 0.462228 0.164186 1.0 0.467982 0.164443 1.0
0 0.461914 0.071181 0.017578 0.041667 0.458356 0.064174 1.0 0.467102 0.065227 1.0 0.462655 0.074188 1.0 0.460136 0.081302 1.0 0.464138 0.081566 1.0
0 0.396484 0.107639 0.017578 0.038194 0.392578 0.100694 1.0 0.402344 0.098958 1.0 0.398438 0.111111 1.0 0.394531 0.118056 1.0 0.402344 0.116319 1.0
0 0.408203 0.199653 0.017578 0.041667 0.404898 0.195436 1.0 0.412606 0.195436 1.0 0.4089 0.202814 1.0 0.405937 0.210193 1.0 0.412458 0.209667 1.0
0 0.388184 0.280382 0.018555 0.043403 0.385742 0.274306 1.0 0.394531 0.274306 1.0 0.390625 0.282986 1.0 0.386719 0.291667 1.0 0.393555 0.293403 1.0
0 0.45752 0.361111 0.020508 0.045139 0.454132 0.35422 1.0 0.464295 0.35422 1.0 0.45881 0.364832 1.0 0.454132 0.371141 1.0 0.462036 0.371427 1.0
0 0.530273 0.40625 0.019531 0.034722 0.527431 0.399042 1.0 0.535933 0.398809 1.0 0.531747 0.410668 1.0 0.527692 0.417875 1.0 0.534232 0.417642 1.0
0 0.375488 0.396701 0.022461 0.039931 0.370195 0.39133 1.0 0.381273 0.38954 1.0 0.375519 0.402328 1.0 0.37336 0.410512 1.0 0.380842 0.40949 1.0
0 0.333008 0.150174 0.023438 0.039931 0.327584 0.144903 1.0 0.338701 0.138842 1.0 0.33381 0.155708 1.0 0.331587 0.161769 1.0 0.338998 0.158342 1.0
0 0.318848 0.286458 0.018555 0.041667 0.315766 0.280708 1.0 0.322174 0.27908 1.0 0.319428 0.289931 1.0 0.317597 0.297526 1.0 0.323547 0.296712 1.0
0 0.268066 0.167535 0.022461 0.036458 0.263062 0.163597 1.0 0.271838 0.158738 1.0 0.268528 0.169481 1.0 0.266946 0.17792 1.0 0.273852 0.173316 1.0
0 0.255859 0.292535 0.023438 0.043403 0.250209 0.289094 1.0 0.260049 0.287373 1.0 0.2565 0.297696 1.0 0.254081 0.30716 1.0 0.260694 0.306587 1.0
0 0.247559 0.395833 0.024414 0.045139 0.241211 0.388889 1.0 0.251953 0.390625 1.0 0.246094 0.401042 1.0 0.244141 0.40625 1.0 0.25293 0.40625 1.0
0 0.311035 0.388889 0.020508 0.045139 0.307617 0.385417 1.0 0.316406 0.383681 1.0 0.3125 0.394097 1.0 0.310547 0.404514 1.0 0.317383 0.401042 1.0
0 0.291992 0.472222 0.023438 0.048611 0.287523 0.462457 1.0 0.294674 0.461503 1.0 0.291635 0.472307 1.0 0.288774 0.484701 1.0 0.294853 0.484382 1.0
0 0.174316 0.367188 0.024414 0.043403 0.168945 0.366319 1.0 0.178711 0.361111 1.0 0.175781 0.371528 1.0 0.173828 0.381944 1.0 0.182617 0.378472 1.0
0 0.181152 0.272569 0.020508 0.038194 0.174874 0.270833 1.0 0.184082 0.265377 1.0 0.181571 0.27505 1.0 0.180873 0.285219 1.0 0.186732 0.281995 1.0
0 0.21582 0.202257 0.017578 0.032986 0.211112 0.197172 1.0 0.219234 0.194872 1.0 0.215585 0.204288 1.0 0.21429 0.21224 1.0 0.220058 0.209309 1.0
0 0.156738 0.19184 0.020508 0.032986 0.151411 0.191438 1.0 0.160958 0.186321 1.0 0.157819 0.200738 1.0 0.158735 0.208179 1.0 0.162789 0.20376 1.0
0 0.129883 0.306424 0.025391 0.039931 0.125039 0.301262 1.0 0.132621 0.29696 1.0 0.132137 0.306997 1.0 0.128104 0.317894 1.0 0.137943 0.311012 1.0
0 0.913574 0.799479 0.032227 0.053819 0.908691 0.787203 1.0 0.922084 0.799479 1.0 0.911621 0.805059 1.0 0.905553 0.809896 1.0 0.912667 0.817708 1.0
0 0.862793 0.6875 0.026367 0.048611 0.859724 0.678943 1.0 0.86792 0.689484 1.0 0.859898 0.693825 1.0 0.853969 0.695375 1.0 0.861468 0.702194 1.0
0 0.783203 0.661458 0.025391 0.045139 0.780134 0.6517 1.0 0.78949 0.66059 1.0 0.781425 0.666038 1.0 0.776102 0.668906 1.0 0.782876 0.675788 1.0
0 0.789551 0.765625 0.030273 0.055556 0.785139 0.754976 1.0 0.797372 0.756403 1.0 0.790554 0.768167 1.0 0.784938 0.777793 1.0 0.793963 0.781002 1.0
0 0.702637 0.803819 0.02832 0.048611 0.697266 0.791667 1.0 0.709961 0.791667 1.0 0.704102 0.809028 1.0 0.697266 0.815972 1.0 0.708008 0.814236 1.0
0 0.707031 0.623264 0.029297 0.055556 0.701844 0.614707 1.0 0.714678 0.618986 1.0 0.705453 0.630394 1.0 0.701041 0.635743 1.0 0.709063 0.638951 1.0
0 0.677246 0.488715 0.024414 0.046875 0.674377 0.484483 1.0 0.6856 0.485391 1.0 0.679648 0.499597 1.0 0.673527 0.503224 1.0 0.682028 0.505642 1.0
0 0.935059 0.680556 0.02832 0.048611 0.932373 0.671658 1.0 0.944092 0.677191 1.0 0.937134 0.68533 1.0 0.92981 0.689562 1.0 0.938049 0.694771 1.0
0 0.516113 0.479167 0.024414 0.052083 0.511719 0.470486 1.0 0.523438 0.470486 1.0 0.517578 0.482639 1.0 0.512695 0.491319 1.0 0.521484 0.493056 1.0
0 0.534668 0.607639 0.02832 0.052083 0.528233 0.599455 1.0 0.541277 0.59809 1.0 0.535714 0.61446 1.0 0.53111 0.61821 1.0 0.539359 0.617528 1.0
0 0.441895 0.499132 0.022461 0.050347 0.436449 0.490405 1.0 0.446816 0.490405 1.0 0.442169 0.503116 1.0 0.438773 0.512332 1.0 0.445565 0.512649 1.0
0 0.368164 0.508681 0.017578 0.034722 0.366158 0.501295 1.0 0.37109 0.501069 1.0 0.368688 0.510958 1.0 0.366411 0.516354 1.0 0.372606 0.515679 1.0
0 0.440918 0.673611 0.024414 0.048611 0.43607 0.665675 1.0 0.447929 0.662575 1.0 0.441825 0.679005 1.0 0.437988 0.686755 1.0 0.447057 0.685516 1.0
0 0.526367 0.791667 0.027344 0.055556 0.522461 0.782986 1.0 0.53418 0.779514 1.0 0.530273 0.796875 1.0 0.525391 0.807292 1.0 0.533203 0.807292 1.0
0 0.615723 0.793403 0.026367 0.052083 0.610631 0.778708 1.0 0.621757 0.780413 1.0 0.616193 0.796781 1.0 0.609479 0.80599 1.0 0.620222 0.807694 1.0
0 0.437012 0.804688 0.026367 0.046875 0.430106 0.799247 1.0 0.442178 0.798642 1.0 0.436227 0.814359 1.0 0.433166 0.820708 1.0 0.440647 0.820708 1.0
0 0.359863 0.782118 0.02832 0.046875 0.352355 0.774809 1.0 0.363975 0.773538 1.0 0.358612 0.791969 1.0 0.356288 0.796418 1.0 0.364868 0.79451 1.0
0 0.367188 0.659722 0.023438 0.045139 0.361241 0.652359 1.0 0.372506 0.650592 1.0 0.367536 0.664729 1.0 0.363063 0.672092 1.0 0.372672 0.671503 1.0
0 0.292969 0.603299 0.023438 0.046875 0.287014 0.596247 1.0 0.299438 0.595068 1.0 0.293641 0.606849 1.0 0.289002 0.612149 1.0 0.29861 0.611266 1.0
0 0.272461 0.756944 0.023438 0.048611 0.266968 0.74972 1.0 0.27662 0.748767 1.0 0.271615 0.760844 1.0 0.270007 0.769424 1.0 0.276441 0.768786 1.0
0 0.204102 0.633681 0.025391 0.045139 0.198809 0.636332 1.0 0.209743 0.628378 1.0 0.206927 0.645755 1.0 0.207258 0.653413 1.0 0.211896 0.649585 1.0
0 0.119629 0.59809 0.02832 0.043403 0.113098 0.59809 1.0 0.123901 0.588 1.0 0.120422 0.602323 1.0 0.118957 0.613389 1.0 0.125549 0.605903 1.0
0 0.216309 0.499132 0.024414 0.043403 0.210327 0.494915 1.0 0.220686 0.485988 1.0 0.218488 0.503007 1.0 0.218018 0.511936 1.0 0.223668 0.507193 1.0
0 0.144043 0.488715 0.026367 0.043403 0.138672 0.489583 1.0 0.149414 0.486111 1.0 0.142578 0.5 1.0 0.144531 0.506944 1.0 0.149414 0.505208 1.0
0 0.061035 0.496528 0.024414 0.045139 0.055664 0.5 1.0 0.067383 0.489583 1.0 0.066406 0.503472 1.0 0.06543 0.513889 1.0 0.072266 0.508681 1.0
0 0.114746 0.407118 0.024414 0.046875 0.109157 0.40387 1.0 0.118509 0.396616 1.0 0.117658 0.411729 1.0 0.115108 0.422007 1.0 0.122589 0.415358 1.0
0 0.182129 0.748264 0.032227 0.052083 0.172816 0.746682 1.0 0.187256 0.734205 1.0 0.183847 0.756309 1.0 0.184648 0.7695 1.0 0.190465 0.760587 1.0
0 0.105469 0.791667 0.029297 0.041667 0.099549 0.795681 1.0 0.113281 0.785264 1.0 0.108338 0.799913 1.0 0.109619 0.809679 1.0 0.115662 0.801866 1.0
0 0.060059 0.625 0.026367 0.041667 0.056641 0.626736 1.0 0.06543 0.616319 1.0 0.064453 0.631944 1.0 0.064453 0.640625 1.0 0.070312 0.633681 1.0
0 0.902832 0.573785 0.024414 0.043403 0.899444 0.564887 1.0 0.91122 0.574351 1.0 0.901703 0.577505 1.0 0.895734 0.581233 1.0 0.90251 0.587828 1.0
0 0.622559 0.642361 0.024414 0.052083 0.618164 0.638889 1.0 0.629883 0.638889 1.0 0.624023 0.652778 1.0 0.618164 0.657986 1.0 0.62793 0.657986 1.0
0 0.591797 0.482639 0.023438 0.052083 0.587747 0.480104 1.0 0.598245 0.480104 1.0 0.593371 0.492769 1.0 0.587372 0.499767 1.0 0.598245 0.499434 1.0