0 0.022949 0.199089 0.018555 0.020695 0.020734 0.19801 1.0 0.026698 0.19841 1.0 0.023873 0.202401 1.0 0.021049 0.203998 1.0 0.026698 0.203998 1.0
0 0.06543 0.176738 0.019531 0.01904 0.0 0.0 0.0 0.0 0.0 0.0 0.0 0.0 0.0 0.0 0.0 0.0 0.0 0.0 0.0
0 0.126465 0.088576 0.016602 0.016556 0.0 0.0 0.0 0.0 0.0 0.0 0.0 0.0 0.0 0.0 0.0 0.0 0.0 0.0 0.0
0 0.192871 0.178808 0.018555 0.019868 0.0 0.0 0.0 0.0 0.0 0.0 0.0 0.0 0.0 0.0 0.0 0.0 0.0 0.0 0.0
0 0.288086 0.086093 0.013672 0.014901 0.284311 0.086477 1.0 0.289751 0.086381 1.0 0.286464 0.089648 1.0 0.284877 0.090993 1.0 0.288277 0.091185 1.0
0 0.271484 0.194536 0.017578 0.018212 0.0 0.0 0.0 0.0 0.0 0.0 0.0 0.0 0.0 0.0 0.0 0.0 0.0 0.0 0.0
0 0.310059 0.180877 0.018555 0.01904 0.306262 0.177488 1.0 0.314318 0.177854 1.0 0.310577 0.181269 1.0 0.307844 0.185903 1.0 0.313311 0.186026 1.0
0 0.519043 0.081954 0.014648 0.016556 0.0 0.0 0.0 0.0 0.0 0.0 0.0 0.0 0.0 0.0 0.0 0.0 0.0 0.0 0.0
0 0.493652 0.177566 0.016602 0.017384 0.0 0.0 0.0 0.0 0.0 0.0 0.0 0.0 0.0 0.0 0.0 0.0 0.0 0.0 0.0
0 0.569336 0.201987 0.015625 0.014901 0.0 0.0 0.0 0.0 0.0 0.0 0.0 0.0 0.0 0.0 0.0 0.0 0.0 0.0 0.0
0 0.540527 0.277732 0.022461 0.024007 0.0 0.0 0.0 0.0 0.0 0.0 0.0 0.0 0.0 0.0 0.0 0.0 0.0 0.0 0.0
0 0.753418 0.007036 0.014648 0.014073 0.753919 0.003008 1.0 0.759233 0.002839 1.0 0.757328 0.005388 1.0 0.754621 0.007599 1.0 0.757529 0.007513 1.0
0 0.734863 0.08154 0.014648 0.017384 0.0 0.0 0.0 0.0 0.0 0.0 0.0 0.0 0.0 0.0 0.0 0.0 0.0 0.0 0.0
0 0.907715 0.084023 0.014648 0.015728 0.904053 0.080608 1.0 0.911011 0.080712 1.0 0.905518 0.085575 1.0 0.904053 0.090128 1.0 0.909546 0.090025 1.0
0 0.742676 0.17053 0.018555 0.018212 0.0 0.0 0.0 0.0 0.0 0.0 0.0 0.0 0.0 0.0 0.0 0.0 0.0 0.0 0.0
0 0.849609 0.171358 0.017578 0.018212 0.0 0.0 0.0 0.0 0.0 0.0 0.0 0.0 0.0 0.0 0.0 0.0 0.0 0.0 0.0
0 0.702148 0.264073 0.019531 0.021523 0.0 0.0 0.0 0.0 0.0 0.0 0.0 0.0 0.0 0.0 0.0 0.0 0.0 0.0 0.0
0 0.808594 0.210265 0.015625 0.016556 0.0 0.0 0.0 0.0 0.0 0.0 0.0 0.0 0.0 0.0 0.0 0.0 0.0 0.0 0.0
0 0.956055 0.28394 0.019531 0.019868 0.0 0.0 0.0 0.0 0.0 0.0 0.0 0.0 0.0 0.0 0.0 0.0 0.0 0.0 0.0
0 0.838379 0.264073 0.018555 0.018212 0.831822 0.26561 1.0 0.844238 0.265492 1.0 0.838798 0.269512 1.0 0.833915 0.272942 1.0 0.841728 0.272942 1.0
0 0.087402 0.912252 0.02832 0.028146 0.081573 0.90894 1.0 0.093536 0.90894 1.0 0.088195 0.917814 1.0 0.080292 0.918175 1.0 0.092469 0.917995 1.0
0 0.226074 0.912252 0.02832 0.028146 0.222237 0.909118 1.0 0.233538 0.90894 1.0 0.229353 0.915326 1.0 0.221819 0.917455 1.0 0.23291 0.918165 1.0
0 0.369141 0.911424 0.027344 0.031457 0.363456 0.90863 1.0 0.376875 0.908829 1.0 0.370989 0.914417 1.0 0.367223 0.919207 1.0 0.375933 0.919207 1.0
0 0.533203 0.911424 0.027344 0.028146 0.528016 0.908113 1.0 0.539551 0.908475 1.0 0.53421 0.913545 1.0 0.526947 0.918616 1.0 0.539337 0.918072 1.0
0 0.675293 0.904387 0.026367 0.032285 0.672638 0.90173 1.0 0.683907 0.900917 1.0 0.679592 0.907015 1.0 0.671919 0.912503 1.0 0.683428 0.9123 1.0
0 0.847168 0.907699 0.026367 0.025662 0.850324 0.906634 1.0 0.855695 0.905008 1.0 0.858573 0.911187 1.0 0.849749 0.916716 1.0 0.852435 0.916391 1.0
0 0.991699 0.908113 0.016602 0.031457 0.992606 0.907292 1.0 1.002197 0.906276 1.0 0.99932 0.913186 1.0 0.993805 0.917658 1.0 1.002438 0.917455 1.0
0 0.29541 0.001656 0.014648 0.003311 0.0 0.0 0.0 0.0 0.0 0.0 0.0 0.0 0.0 0.0 0.0 0.0 0.0 0.0 0.0