0 0.021973 0.221485 0.012695 0.029178 0.022618 0.215316 1.0 0.026402 0.215316 1.0 0.027078 0.221005 1.0 0.022348 0.22798 1.0 0.026537 0.227797 1.0
0 0.033203 0.236737 0.011719 0.019894 0.0 0.0 0.0 0.0 0.0 0.0 0.0 0.0 0.0 0.0 0.0 0.0 0.0 0.0 0.0
0 0.070801 0.209549 0.014648 0.026525 0.072536 0.208483 1.0 0.074891 0.206529 1.0 0.078422 0.211858 1.0 0.07476 0.219141 1.0 0.078029 0.21843 1.0
0 0.09668 0.179045 0.009766 0.018568 0.095825 0.177885 1.0 0.10022 0.177138 1.0 0.098755 0.181615 1.0 0.097016 0.185594 1.0 0.10022 0.185095 1.0
0 0.100586 0.208886 0.007812 0.011936 0.0 0.0 0.0 0.0 0.0 0.0 0.0 0.0 0.0 0.0 0.0 0.0 0.0 0.0 0.0
0 0.241211 0.223475 0.070312 0.133952 0.24939 0.20467 1.0 0.251866 0.20467 1.0 0.274152 0.224008 1.0 0.256199 0.255115 1.0 0.258057 0.254275 1.0
0 0.310547 0.165782 0.017578 0.029178 0.313477 0.161424 1.0 0.316127 0.161235 1.0 0.317522 0.167109 1.0 0.31236 0.172603 1.0 0.314453 0.172603 1.0
0 0.442871 0.222812 0.06543 0.108753 0.440377 0.207015 1.0 0.467687 0.21045 1.0 0.460101 0.23174 1.0 0.441895 0.250284 1.0 0.460101 0.250284 1.0
0 0.522949 0.150531 0.026367 0.046419 0.525975 0.146302 1.0 0.532867 0.146302 1.0 0.533312 0.155664 1.0 0.525086 0.163515 1.0 0.528865 0.163515 1.0
0 0.624023 0.157825 0.011719 0.02122 0.619123 0.154029 1.0 0.623735 0.154166 1.0 0.619123 0.159069 1.0 0.620227 0.162881 1.0 0.622231 0.163017 1.0
0 0.755859 0.133952 0.068359 0.129973 0.764997 0.122513 1.0 0.77703 0.115976 1.0 0.787859 0.145391 1.0 0.760185 0.165001 1.0 0.774021 0.164184 1.0
0 0.936035 0.126658 0.045898 0.064987 0.923523 0.116877 1.0 0.929932 0.121021 1.0 0.915894 0.128481 1.0 0.916504 0.142159 1.0 0.923218 0.144231 1.0
0 0.587402 0.150531 0.022461 0.049072 0.0 0.0 0.0 0.0 0.0 0.0 0.0 0.0 0.0 0.0 0.0 0.0 0.0 0.0 0.0
0 0.344727 0.220159 0.015625 0.050398 0.0 0.0 0.0 0.0 0.0 0.0 0.0 0.0 0.0 0.0 0.0 0.0 0.0 0.0 0.0
0 0.675293 0.167772 0.006836 0.011936 0.0 0.0 0.0 0.0 0.0 0.0 0.0 0.0 0.0 0.0 0.0 0.0 0.0 0.0 0.0