0 0.40918 0.04443 0.013672 0.019894 0.406965 0.036993 1.0 0.413583 0.041552 1.0 0.407637 0.045069 1.0 0.4038 0.046763 1.0 0.406006 0.049759 1.0
0 0.384277 0.128647 0.014648 0.02122 0.0 0.0 0.0 0.0 0.0 0.0 0.0 0.0 0.0 0.0 0.0 0.0 0.0 0.0 0.0
0 0.484375 0.175066 0.015625 0.023873 0.481437 0.168908 1.0 0.487671 0.173834 1.0 0.480529 0.1783 1.0 0.478263 0.1803 1.0 0.482344 0.182301 1.0
0 0.500977 0.103448 0.015625 0.026525 0.0 0.0 0.0 0.0 0.0 0.0 0.0 0.0 0.0 0.0 0.0 0.0 0.0 0.0 0.0
0 0.523438 0.036472 0.015625 0.022546 0.0 0.0 0.0 0.0 0.0 0.0 0.0 0.0 0.0 0.0 0.0 0.0 0.0 0.0 0.0
0 0.368164 0.204907 0.017578 0.022546 0.0 0.0 0.0 0.0 0.0 0.0 0.0 0.0 0.0 0.0 0.0 0.0 0.0 0.0 0.0
0 0.344727 0.293767 0.015625 0.019894 0.0 0.0 0.0 0.0 0.0 0.0 0.0 0.0 0.0 0.0 0.0 0.0 0.0 0.0 0.0
0 0.438477 0.34748 0.017578 0.023873 0.431152 0.337782 1.0 0.435913 0.342708 1.0 0.429792 0.347019 1.0 0.428092 0.349943 1.0 0.430359 0.35256 1.0
0 0.462402 0.263926 0.016602 0.023873 0.458483 0.255749 1.0 0.46484 0.262463 1.0 0.457776 0.265021 1.0 0.455894 0.268538 1.0 0.459425 0.271095 1.0
0 0.624512 0.020557 0.016602 0.022546 0.0 0.0 0.0 0.0 0.0 0.0 0.0 0.0 0.0 0.0 0.0 0.0 0.0 0.0 0.0
0 0.729492 0.074271 0.015625 0.02122 0.0 0.0 0.0 0.0 0.0 0.0 0.0 0.0 0.0 0.0 0.0 0.0 0.0 0.0 0.0
0 0.623047 0.082228 0.017578 0.026525 0.620392 0.075383 1.0 0.62684 0.082252 1.0 0.620519 0.084655 1.0 0.616346 0.086716 1.0 0.62115 0.091524 1.0
0 0.721191 0.143236 0.016602 0.023873 0.718907 0.136653 1.0 0.725011 0.141684 1.0 0.718471 0.144202 1.0 0.715964 0.146866 1.0 0.719779 0.150862 1.0
0 0.60498 0.157825 0.016602 0.02122 0.0 0.0 0.0 0.0 0.0 0.0 0.0 0.0 0.0 0.0 0.0 0.0 0.0 0.0 0.0
0 0.842285 0.062334 0.014648 0.02122 0.0 0.0 0.0 0.0 0.0 0.0 0.0 0.0 0.0 0.0 0.0 0.0 0.0 0.0 0.0
0 0.832031 0.127984 0.013672 0.022546 0.0 0.0 0.0 0.0 0.0 0.0 0.0 0.0 0.0 0.0 0.0 0.0 0.0 0.0 0.0
0 0.817383 0.198276 0.015625 0.019894 0.0 0.0 0.0 0.0 0.0 0.0 0.0 0.0 0.0 0.0 0.0 0.0 0.0 0.0 0.0
0 0.700684 0.216844 0.014648 0.022546 0.0 0.0 0.0 0.0 0.0 0.0 0.0 0.0 0.0 0.0 0.0 0.0 0.0 0.0 0.0
0 0.805176 0.27122 0.018555 0.025199 0.0 0.0 0.0 0.0 0.0 0.0 0.0 0.0 0.0 0.0 0.0 0.0 0.0 0.0 0.0
0 0.699219 0.298408 0.015625 0.023873 0.0 0.0 0.0 0.0 0.0 0.0 0.0 0.0 0.0 0.0 0.0 0.0 0.0 0.0 0.0
0 0.790039 0.352785 0.015625 0.02122 0.0 0.0 0.0 0.0 0.0 0.0 0.0 0.0 0.0 0.0 0.0 0.0 0.0 0.0 0.0
0 0.669434 0.386605 0.014648 0.019894 0.0 0.0 0.0 0.0 0.0 0.0 0.0 0.0 0.0 0.0 0.0 0.0 0.0 0.0 0.0
0 0.589355 0.230769 0.018555 0.026525 0.585562 0.224955 1.0 0.592137 0.229763 1.0 0.586321 0.233369 1.0 0.58354 0.236802 1.0 0.587838 0.237833 1.0
0 0.564941 0.330902 0.016602 0.022546 0.0 0.0 0.0 0.0 0.0 0.0 0.0 0.0 0.0 0.0 0.0 0.0 0.0 0.0 0.0
0 0.553711 0.421088 0.017578 0.025199 0.0 0.0 0.0 0.0 0.0 0.0 0.0 0.0 0.0 0.0 0.0 0.0 0.0 0.0 0.0
0 0.767578 0.448939 0.017578 0.025199 0.765224 0.442178 1.0 0.769933 0.447613 1.0 0.764518 0.45113 1.0 0.761104 0.452889 1.0 0.765694 0.456885 1.0
0 0.646973 0.47679 0.018555 0.022546 0.0 0.0 0.0 0.0 0.0 0.0 0.0 0.0 0.0 0.0 0.0 0.0 0.0 0.0 0.0
0 0.751465 0.528515 0.016602 0.025199 0.0 0.0 0.0 0.0 0.0 0.0 0.0 0.0 0.0 0.0 0.0 0.0 0.0 0.0 0.0
0 0.507812 0.653846 0.017578 0.023873 0.0 0.0 0.0 0.0 0.0 0.0 0.0 0.0 0.0 0.0 0.0 0.0 0.0 0.0 0.0