0 0.506836 0.373372 0.033203 0.049204 0.507271 0.360051 1.0 0.519479 0.359404 1.0 0.516209 0.372648 1.0 0.508144 0.383631 1.0 0.517299 0.383308 1.0
0 0.41748 0.339363 0.030273 0.044863 0.417376 0.331533 1.0 0.427159 0.331533 1.0 0.423706 0.340061 1.0 0.416801 0.349441 1.0 0.427159 0.35001 1.0
0 0.330566 0.375543 0.030273 0.044863 0.327925 0.365664 1.0 0.339499 0.365664 1.0 0.335575 0.375839 1.0 0.330082 0.388632 1.0 0.338322 0.388342 1.0
0 0.271973 0.348046 0.032227 0.047757 0.272587 0.340454 1.0 0.282423 0.340758 1.0 0.278734 0.351082 1.0 0.269309 0.360799 1.0 0.282628 0.361103 1.0
0 0.192871 0.370478 0.032227 0.049204 0.188904 0.359307 1.0 0.204712 0.358357 1.0 0.19809 0.374185 1.0 0.191254 0.383051 1.0 0.201935 0.383051 1.0
0 0.12207 0.356729 0.033203 0.053546 0.121094 0.348279 1.0 0.134696 0.347606 1.0 0.130615 0.359029 1.0 0.122001 0.369109 1.0 0.133336 0.36978 1.0
0 0.056152 0.388567 0.026367 0.044863 0.054042 0.379315 1.0 0.067662 0.379601 1.0 0.062482 0.392107 1.0 0.055769 0.401773 1.0 0.06536 0.401489 1.0
0 0.355469 0.280029 0.015625 0.030391 0.0 0.0 0.0 0.0 0.0 0.0 0.0 0.0 0.0 0.0 0.0 0.0 0.0 0.0 0.0
0 0.400879 0.280753 0.020508 0.031838 0.0 0.0 0.0 0.0 0.0 0.0 0.0 0.0 0.0 0.0 0.0 0.0 0.0 0.0 0.0
0 0.309082 0.279305 0.014648 0.026049 0.0 0.0 0.0 0.0 0.0 0.0 0.0 0.0 0.0 0.0 0.0 0.0 0.0 0.0 0.0
0 0.150879 0.287988 0.012695 0.023155 0.0 0.0 0.0 0.0 0.0 0.0 0.0 0.0 0.0 0.0 0.0 0.0 0.0 0.0 0.0
0 0.19873 0.291606 0.012695 0.018813 0.0 0.0 0.0 0.0 0.0 0.0 0.0 0.0 0.0 0.0 0.0 0.0 0.0 0.0 0.0
0 0.222656 0.293054 0.013672 0.027496 0.0 0.0 0.0 0.0 0.0 0.0 0.0 0.0 0.0 0.0 0.0 0.0 0.0 0.0 0.0
0 0.036621 0.289436 0.012695 0.026049 0.0 0.0 0.0 0.0 0.0 0.0 0.0 0.0 0.0 0.0 0.0 0.0 0.0 0.0 0.0
0 0.615234 0.313314 0.033203 0.05644 0.613316 0.298745 1.0 0.626744 0.298035 1.0 0.624346 0.310826 1.0 0.615714 0.32433 1.0 0.626983 0.323974 1.0
0 0.793945 0.349493 0.027344 0.050651 0.793125 0.334009 1.0 0.803438 0.335181 1.0 0.801611 0.343213 1.0 0.794404 0.355731 1.0 0.80249 0.3567 1.0