0 0.072754 0.407895 0.049805 0.067251 0.05406 0.395155 1.0 0.071324 0.392806 1.0 0.057826 0.410662 1.0 0.061907 0.42523 1.0 0.074776 0.42476 1.0
0 0.060547 0.300439 0.033203 0.057018 0.0 0.0 0.0 0.0 0.0 0.0 0.0 0.0 0.0 0.0 0.0 0.0 0.0 0.0 0.0
0 0.211914 0.325292 0.017578 0.03655 0.209525 0.319158 1.0 0.217529 0.317042 1.0 0.214233 0.326442 1.0 0.211565 0.333725 1.0 0.218628 0.3302 1.0
0 0.275879 0.44883 0.047852 0.093567 0.262739 0.441194 1.0 0.284712 0.438257 1.0 0.276079 0.45823 1.0 0.270586 0.477026 1.0 0.286281 0.473501 1.0
0 0.238281 0.214912 0.009766 0.017544 0.0 0.0 0.0 0.0 0.0 0.0 0.0 0.0 0.0 0.0 0.0 0.0 0.0 0.0 0.0
0 0.249512 0.198099 0.006836 0.013158 0.0 0.0 0.0 0.0 0.0 0.0 0.0 0.0 0.0 0.0 0.0 0.0 0.0 0.0 0.0
0 0.388184 0.21345 0.010742 0.017544 0.0 0.0 0.0 0.0 0.0 0.0 0.0 0.0 0.0 0.0 0.0 0.0 0.0 0.0 0.0
0 0.441895 0.291667 0.014648 0.027778 0.441772 0.286732 1.0 0.446777 0.285088 1.0 0.446167 0.291667 1.0 0.442505 0.298611 1.0 0.447388 0.298246 1.0
0 0.44873 0.613304 0.077148 0.130117 0.432312 0.602705 1.0 0.464722 0.609284 1.0 0.444396 0.637244 1.0 0.436707 0.657804 1.0 0.455933 0.659447 1.0
0 0.430664 0.351608 0.03125 0.059942 0.424107 0.353149 1.0 0.437003 0.348984 1.0 0.432704 0.362234 1.0 0.428153 0.372076 1.0 0.439025 0.369048 1.0
0 0.492676 0.29386 0.022461 0.038012 0.0 0.0 0.0 0.0 0.0 0.0 0.0 0.0 0.0 0.0 0.0 0.0 0.0 0.0 0.0
0 0.49707 0.363304 0.037109 0.071637 0.489563 0.356177 1.0 0.507264 0.353436 1.0 0.499939 0.372167 1.0 0.492004 0.384503 1.0 0.507568 0.382219 1.0
0 0.599121 0.277047 0.024414 0.042398 0.597168 0.270012 1.0 0.608154 0.271382 1.0 0.602295 0.282073 1.0 0.595887 0.287556 1.0 0.605591 0.288925 1.0
0 0.674805 0.403509 0.039062 0.070175 0.663644 0.392282 1.0 0.678467 0.39894 1.0 0.666905 0.41048 1.0 0.661865 0.420687 1.0 0.672241 0.424681 1.0
0 0.658691 0.27924 0.016602 0.038012 0.0 0.0 0.0 0.0 0.0 0.0 0.0 0.0 0.0 0.0 0.0 0.0 0.0 0.0 0.0
0 0.503906 0.225146 0.009766 0.017544 0.0 0.0 0.0 0.0 0.0 0.0 0.0 0.0 0.0 0.0 0.0 0.0 0.0 0.0 0.0
0 0.595703 0.225877 0.009766 0.016082 0.594251 0.225101 1.0 0.59855 0.22499 1.0 0.595882 0.228096 1.0 0.595066 0.231425 1.0 0.598401 0.231537 1.0
0 0.768066 0.372076 0.038086 0.062865 0.76028 0.360825 1.0 0.779741 0.364061 1.0 0.767849 0.378629 1.0 0.76082 0.388746 1.0 0.771633 0.390364 1.0
0 0.555664 0.211257 0.005859 0.013158 0.0 0.0 0.0 0.0 0.0 0.0 0.0 0.0 0.0 0.0 0.0 0.0 0.0 0.0 0.0
0 0.606445 0.212719 0.009766 0.016082 0.0 0.0 0.0 0.0 0.0 0.0 0.0 0.0 0.0 0.0 0.0 0.0 0.0 0.0 0.0
0 0.550293 0.20614 0.006836 0.01462 0.0 0.0 0.0 0.0 0.0 0.0 0.0 0.0 0.0 0.0 0.0 0.0 0.0 0.0 0.0
0 0.692383 0.237573 0.011719 0.024854 0.690639 0.2335 1.0 0.695107 0.233827 1.0 0.692928 0.237579 1.0 0.690857 0.241985 1.0 0.69489 0.242148 1.0
0 0.64209 0.240497 0.010742 0.019006 0.0 0.0 0.0 0.0 0.0 0.0 0.0 0.0 0.0 0.0 0.0 0.0 0.0 0.0 0.0
0 0.629883 0.252924 0.009766 0.020468 0.0 0.0 0.0 0.0 0.0 0.0 0.0 0.0 0.0 0.0 0.0 0.0 0.0 0.0 0.0
0 0.709961 0.241228 0.009766 0.017544 0.0 0.0 0.0 0.0 0.0 0.0 0.0 0.0 0.0 0.0 0.0 0.0 0.0 0.0 0.0
0 0.719727 0.221491 0.007812 0.016082 0.0 0.0 0.0 0.0 0.0 0.0 0.0 0.0 0.0 0.0 0.0 0.0 0.0 0.0 0.0
0 0.736816 0.217836 0.006836 0.011696 0.0 0.0 0.0 0.0 0.0 0.0 0.0 0.0 0.0 0.0 0.0 0.0 0.0 0.0 0.0
0 0.756836 0.290936 0.027344 0.055556 0.757524 0.289879 1.0 0.768354 0.289174 1.0 0.764823 0.296575 1.0 0.757289 0.307852 1.0 0.768119 0.306795 1.0
0 0.843262 0.323099 0.026367 0.046784 0.832231 0.313792 1.0 0.839051 0.315594 1.0 0.830227 0.327904 1.0 0.832633 0.334808 1.0 0.839251 0.33631 1.0
0 0.791016 0.277778 0.013672 0.026316 0.0 0.0 0.0 0.0 0.0 0.0 0.0 0.0 0.0 0.0 0.0 0.0 0.0 0.0 0.0
0 0.90625 0.337719 0.042969 0.073099 0.896964 0.333281 1.0 0.916774 0.332817 1.0 0.90656 0.345792 1.0 0.898512 0.35645 1.0 0.91244 0.356914 1.0
0 0.91748 0.263889 0.016602 0.033626 0.917511 0.257858 1.0 0.924129 0.257212 1.0 0.924704 0.265396 1.0 0.918662 0.272719 1.0 0.921252 0.272289 1.0
0 0.944824 0.256579 0.016602 0.030702 0.943442 0.255365 1.0 0.94993 0.255567 1.0 0.946415 0.261434 1.0 0.944118 0.265886 1.0 0.947767 0.265886 1.0
0 0.873535 0.540205 0.063477 0.100877 0.862365 0.526681 1.0 0.891846 0.532439 1.0 0.881164 0.553545 1.0 0.861512 0.568896 1.0 0.885437 0.573374 1.0
0 0.957031 0.657895 0.085938 0.239766 0.0 0.0 0.0 0.0 0.0 0.0 0.0 0.0 0.0 0.0 0.0 0.0 0.0 0.0 0.0
0 0.586426 0.184211 0.010742 0.020468 0.0 0.0 0.0 0.0 0.0 0.0 0.0 0.0 0.0 0.0 0.0 0.0 0.0 0.0 0.0
0 0.524902 0.195175 0.012695 0.02193 0.0 0.0 0.0 0.0 0.0 0.0 0.0 0.0 0.0 0.0 0.0 0.0 0.0 0.0 0.0
0 0.943359 0.21345 0.009766 0.017544 0.0 0.0 0.0 0.0 0.0 0.0 0.0 0.0 0.0 0.0 0.0 0.0 0.0 0.0 0.0
0 0.870117 0.221491 0.007812 0.013158 0.0 0.0 0.0 0.0 0.0 0.0 0.0 0.0 0.0 0.0 0.0 0.0 0.0 0.0 0.0
0 0.648926 0.201754 0.006836 0.008772 0.0 0.0 0.0 0.0 0.0 0.0 0.0 0.0 0.0 0.0 0.0 0.0 0.0 0.0 0.0
0 0.088867 0.221491 0.007812 0.013158 0.0 0.0 0.0 0.0 0.0 0.0 0.0 0.0 0.0 0.0 0.0 0.0 0.0 0.0 0.0
0 0.074219 0.210526 0.007812 0.01462 0.0 0.0 0.0 0.0 0.0 0.0 0.0 0.0 0.0 0.0 0.0 0.0 0.0 0.0 0.0
0 0.10791 0.211988 0.006836 0.01462 0.0 0.0 0.0 0.0 0.0 0.0 0.0 0.0 0.0 0.0 0.0 0.0 0.0 0.0 0.0