0 0.093262 0.307365 0.014648 0.025496 0.0 0.0 0.0 0.0 0.0 0.0 0.0 0.0 0.0 0.0 0.0 0.0 0.0 0.0 0.0
0 0.954102 0.375354 0.029297 0.050992 0.942273 0.363037 1.0 0.953613 0.363681 1.0 0.944053 0.374969 1.0 0.943607 0.387222 1.0 0.950056 0.387222 1.0
0 0.850098 0.449008 0.030273 0.050992 0.838989 0.433782 1.0 0.850098 0.433782 1.0 0.842616 0.449565 1.0 0.840576 0.457785 1.0 0.851458 0.459758 1.0
0 0.82373 0.34915 0.02832 0.052408 0.0 0.0 0.0 0.0 0.0 0.0 0.0 0.0 0.0 0.0 0.0 0.0 0.0 0.0 0.0
0 0.995117 0.363314 0.009766 0.046742 0.995954 0.354715 1.0 0.998047 0.356232 1.0 0.991142 0.367766 1.0 0.997001 0.380514 1.0 0.997838 0.380514 1.0
0 0.705078 0.419263 0.035156 0.05949 0.696516 0.405225 1.0 0.700439 0.406364 1.0 0.688407 0.422678 1.0 0.697823 0.433681 1.0 0.701747 0.435578 1.0
0 0.773438 0.348442 0.021484 0.03966 0.765621 0.336585 1.0 0.772949 0.336585 1.0 0.761152 0.350326 1.0 0.768123 0.358623 1.0 0.770447 0.359142 1.0
0 0.745605 0.335694 0.020508 0.042493 0.0 0.0 0.0 0.0 0.0 0.0 0.0 0.0 0.0 0.0 0.0 0.0 0.0 0.0 0.0
0 0.696777 0.333569 0.030273 0.046742 0.685429 0.321681 1.0 0.698953 0.321681 1.0 0.690757 0.338027 1.0 0.689322 0.347538 1.0 0.696903 0.347538 1.0
0 0.681152 0.338527 0.022461 0.042493 0.0 0.0 0.0 0.0 0.0 0.0 0.0 0.0 0.0 0.0 0.0 0.0 0.0 0.0 0.0
0 0.652832 0.32153 0.022461 0.03966 0.0 0.0 0.0 0.0 0.0 0.0 0.0 0.0 0.0 0.0 0.0 0.0 0.0 0.0 0.0
0 0.595215 0.310198 0.02832 0.045326 0.585902 0.300017 1.0 0.600342 0.300599 1.0 0.589713 0.313688 1.0 0.586705 0.32416 1.0 0.595328 0.32445 1.0
0 0.620605 0.324363 0.022461 0.036827 0.0 0.0 0.0 0.0 0.0 0.0 0.0 0.0 0.0 0.0 0.0 0.0 0.0 0.0 0.0
0 0.576172 0.320822 0.025391 0.038244 0.0 0.0 0.0 0.0 0.0 0.0 0.0 0.0 0.0 0.0 0.0 0.0 0.0 0.0 0.0
0 0.55957 0.314448 0.019531 0.036827 0.0 0.0 0.0 0.0 0.0 0.0 0.0 0.0 0.0 0.0 0.0 0.0 0.0 0.0 0.0
0 0.533691 0.298159 0.020508 0.035411 0.52785 0.293353 1.0 0.537737 0.295174 1.0 0.530988 0.302231 1.0 0.529105 0.30815 1.0 0.534127 0.308833 1.0
0 0.584473 0.399433 0.02832 0.050992 0.571969 0.387494 1.0 0.583758 0.390455 1.0 0.574463 0.401635 1.0 0.574916 0.410841 1.0 0.582624 0.410841 1.0
0 0.474121 0.368272 0.030273 0.048159 0.0 0.0 0.0 0.0 0.0 0.0 0.0 0.0 0.0 0.0 0.0 0.0 0.0 0.0 0.0
0 0.486328 0.313739 0.021484 0.041076 0.0 0.0 0.0 0.0 0.0 0.0 0.0 0.0 0.0 0.0 0.0 0.0 0.0 0.0 0.0
0 0.463867 0.311615 0.019531 0.033994 0.457895 0.3028 1.0 0.464713 0.30366 1.0 0.460266 0.314194 1.0 0.458487 0.322579 1.0 0.464269 0.322579 1.0
0 0.437988 0.314448 0.018555 0.033994 0.0 0.0 0.0 0.0 0.0 0.0 0.0 0.0 0.0 0.0 0.0 0.0 0.0 0.0 0.0
0 0.39209 0.296742 0.024414 0.041076 0.0 0.0 0.0 0.0 0.0 0.0 0.0 0.0 0.0 0.0 0.0 0.0 0.0 0.0 0.0
0 0.358887 0.356232 0.024414 0.046742 0.35069 0.34583 1.0 0.359297 0.347316 1.0 0.348437 0.359501 1.0 0.352535 0.370497 1.0 0.357657 0.370201 1.0
0 0.290039 0.294618 0.025391 0.042493 0.0 0.0 0.0 0.0 0.0 0.0 0.0 0.0 0.0 0.0 0.0 0.0 0.0 0.0 0.0
0 0.243652 0.338527 0.026367 0.045326 0.0 0.0 0.0 0.0 0.0 0.0 0.0 0.0 0.0 0.0 0.0 0.0 0.0 0.0 0.0
0 0.14209 0.32153 0.026367 0.045326 0.130973 0.308441 1.0 0.141602 0.308441 1.0 0.132577 0.322402 1.0 0.132377 0.332874 1.0 0.141401 0.333164 1.0
0 0.199219 0.281161 0.023438 0.041076 0.189436 0.271708 1.0 0.201232 0.272486 1.0 0.191938 0.2813 1.0 0.192117 0.291931 1.0 0.20016 0.291931 1.0
0 0.043457 0.326487 0.026367 0.046742 0.033543 0.317047 1.0 0.044403 0.316154 1.0 0.036821 0.328042 1.0 0.036412 0.33904 1.0 0.044198 0.338445 1.0
0 0.07959 0.269122 0.014648 0.025496 0.0 0.0 0.0 0.0 0.0 0.0 0.0 0.0 0.0 0.0 0.0 0.0 0.0 0.0 0.0
0 0.106445 0.262748 0.013672 0.024079 0.0 0.0 0.0 0.0 0.0 0.0 0.0 0.0 0.0 0.0 0.0 0.0 0.0 0.0 0.0
0 0.087891 0.24221 0.013672 0.022663 0.0 0.0 0.0 0.0 0.0 0.0 0.0 0.0 0.0 0.0 0.0 0.0 0.0 0.0 0.0
0 0.055176 0.234419 0.012695 0.021246 0.0 0.0 0.0 0.0 0.0 0.0 0.0 0.0 0.0 0.0 0.0 0.0 0.0 0.0 0.0
0 0.026367 0.240793 0.015625 0.025496 0.0 0.0 0.0 0.0 0.0 0.0 0.0 0.0 0.0 0.0 0.0 0.0 0.0 0.0 0.0
0 0.266113 0.268414 0.010742 0.021246 0.0 0.0 0.0 0.0 0.0 0.0 0.0 0.0 0.0 0.0 0.0 0.0 0.0 0.0 0.0
0 0.246094 0.264164 0.009766 0.018414 0.0 0.0 0.0 0.0 0.0 0.0 0.0 0.0 0.0 0.0 0.0 0.0 0.0 0.0 0.0
0 0.467773 0.252125 0.009766 0.01983 0.0 0.0 0.0 0.0 0.0 0.0 0.0 0.0 0.0 0.0 0.0 0.0 0.0 0.0 0.0
0 0.580078 0.25 0.009766 0.018414 0.0 0.0 0.0 0.0 0.0 0.0 0.0 0.0 0.0 0.0 0.0 0.0 0.0 0.0 0.0
0 0.524902 0.26204 0.008789 0.016997 0.0 0.0 0.0 0.0 0.0 0.0 0.0 0.0 0.0 0.0 0.0 0.0 0.0 0.0 0.0
0 0.558594 0.267705 0.009766 0.016997 0.0 0.0 0.0 0.0 0.0 0.0 0.0 0.0 0.0 0.0 0.0 0.0 0.0 0.0 0.0
0 0.561035 0.241501 0.010742 0.018414 0.0 0.0 0.0 0.0 0.0 0.0 0.0 0.0 0.0 0.0 0.0 0.0 0.0 0.0 0.0
0 0.460938 0.231586 0.009766 0.018414 0.0 0.0 0.0 0.0 0.0 0.0 0.0 0.0 0.0 0.0 0.0 0.0 0.0 0.0 0.0
0 0.633301 0.252833 0.008789 0.018414 0.0 0.0 0.0 0.0 0.0 0.0 0.0 0.0 0.0 0.0 0.0 0.0 0.0 0.0 0.0
0 0.649414 0.254958 0.007812 0.016997 0.0 0.0 0.0 0.0 0.0 0.0 0.0 0.0 0.0 0.0 0.0 0.0 0.0 0.0 0.0
0 0.724609 0.254958 0.009766 0.014164 0.0 0.0 0.0 0.0 0.0 0.0 0.0 0.0 0.0 0.0 0.0 0.0 0.0 0.0 0.0
0 0.732422 0.271246 0.007812 0.015581 0.0 0.0 0.0 0.0 0.0 0.0 0.0 0.0 0.0 0.0 0.0 0.0 0.0 0.0 0.0
0 0.675781 0.254958 0.009766 0.016997 0.0 0.0 0.0 0.0 0.0 0.0 0.0 0.0 0.0 0.0 0.0 0.0 0.0 0.0 0.0
0 0.668945 0.1983 0.007812 0.014164 0.0 0.0 0.0 0.0 0.0 0.0 0.0 0.0 0.0 0.0 0.0 0.0 0.0 0.0 0.0
0 0.8125 0.234419 0.009766 0.015581 0.0 0.0 0.0 0.0 0.0 0.0 0.0 0.0 0.0 0.0 0.0 0.0 0.0 0.0 0.0
0 0.894531 0.356232 0.021484 0.032578 0.0 0.0 0.0 0.0 0.0 0.0 0.0 0.0 0.0 0.0 0.0 0.0 0.0 0.0 0.0
0 0.931641 0.348442 0.019531 0.036827 0.0 0.0 0.0 0.0 0.0 0.0 0.0 0.0 0.0 0.0 0.0 0.0 0.0 0.0 0.0
0 0.915527 0.325779 0.018555 0.033994 0.0 0.0 0.0 0.0 0.0 0.0 0.0 0.0 0.0 0.0 0.0 0.0 0.0 0.0 0.0
0 0.291016 0.23796 0.011719 0.01983 0.0 0.0 0.0 0.0 0.0 0.0 0.0 0.0 0.0 0.0 0.0 0.0 0.0 0.0 0.0
0 0.154297 0.25 0.011719 0.021246 0.0 0.0 0.0 0.0 0.0 0.0 0.0 0.0 0.0 0.0 0.0 0.0 0.0 0.0 0.0
0 0.505859 0.240793 0.011719 0.01983 0.0 0.0 0.0 0.0 0.0 0.0 0.0 0.0 0.0 0.0 0.0 0.0 0.0 0.0 0.0
0 0.444824 0.252833 0.010742 0.018414 0.0 0.0 0.0 0.0 0.0 0.0 0.0 0.0 0.0 0.0 0.0 0.0 0.0 0.0 0.0
0 0.571777 0.230878 0.010742 0.016997 0.0 0.0 0.0 0.0 0.0 0.0 0.0 0.0 0.0 0.0 0.0 0.0 0.0 0.0 0.0