0 0.048828 0.192308 0.011719 0.015915 0.0 0.0 0.0 0.0 0.0 0.0 0.0 0.0 0.0 0.0 0.0 0.0 0.0 0.0 0.0
0 0.265137 0.20756 0.012695 0.019894 0.261582 0.204284 1.0 0.266133 0.20435 1.0 0.262725 0.208103 1.0 0.262002 0.21195 1.0 0.265283 0.211936 1.0
0 0.275391 0.201592 0.009766 0.02122 0.0 0.0 0.0 0.0 0.0 0.0 0.0 0.0 0.0 0.0 0.0 0.0 0.0 0.0 0.0
0 0.304199 0.202255 0.008789 0.014589 0.0 0.0 0.0 0.0 0.0 0.0 0.0 0.0 0.0 0.0 0.0 0.0 0.0 0.0 0.0
0 0.31543 0.208886 0.011719 0.025199 0.313765 0.205481 1.0 0.319062 0.205481 1.0 0.316236 0.209477 1.0 0.313293 0.213634 1.0 0.318943 0.213794 1.0
0 0.349609 0.208223 0.011719 0.02122 0.0 0.0 0.0 0.0 0.0 0.0 0.0 0.0 0.0 0.0 0.0 0.0 0.0 0.0 0.0
0 0.375 0.208223 0.009766 0.018568 0.373431 0.205145 1.0 0.377441 0.205618 1.0 0.374825 0.209052 1.0 0.373344 0.213907 1.0 0.377006 0.213788 1.0
0 0.388184 0.202918 0.010742 0.018568 0.386444 0.200763 1.0 0.390839 0.199768 1.0 0.389008 0.203747 1.0 0.387451 0.207973 1.0 0.391479 0.206979 1.0
0 0.409668 0.217507 0.012695 0.023873 0.404384 0.212178 1.0 0.410278 0.212178 1.0 0.405291 0.215719 1.0 0.405064 0.220183 1.0 0.408465 0.220029 1.0
0 0.436523 0.213528 0.011719 0.018568 0.433075 0.212243 1.0 0.43811 0.210875 1.0 0.435455 0.215973 1.0 0.435089 0.219578 1.0 0.43747 0.219455 1.0
0 0.456543 0.20557 0.010742 0.02122 0.452545 0.203818 1.0 0.45776 0.20409 1.0 0.453849 0.206405 1.0 0.453247 0.211308 1.0 0.456456 0.211444 1.0
0 0.427734 0.218833 0.007812 0.013263 0.428327 0.217281 1.0 0.429504 0.21737 1.0 0.430747 0.221634 1.0 0.427478 0.22421 1.0 0.42872 0.22421 1.0
0 0.503418 0.214854 0.010742 0.015915 0.0 0.0 0.0 0.0 0.0 0.0 0.0 0.0 0.0 0.0 0.0 0.0 0.0 0.0 0.0
0 0.520996 0.223475 0.014648 0.019894 0.515607 0.22145 1.0 0.521925 0.222403 1.0 0.517412 0.224309 1.0 0.51631 0.228122 1.0 0.52032 0.22894 1.0
0 0.567383 0.238064 0.011719 0.019894 0.564575 0.23643 1.0 0.568887 0.23711 1.0 0.56638 0.24106 1.0 0.564676 0.245145 1.0 0.568386 0.24569 1.0
0 0.592773 0.248011 0.009766 0.018568 0.0 0.0 0.0 0.0 0.0 0.0 0.0 0.0 0.0 0.0 0.0 0.0 0.0 0.0 0.0
0 0.600586 0.231432 0.009766 0.017241 0.599052 0.229703 1.0 0.602364 0.22994 1.0 0.601057 0.233256 1.0 0.599226 0.235861 1.0 0.601842 0.236098 1.0
0 0.605957 0.255305 0.010742 0.019894 0.603926 0.253078 1.0 0.608721 0.25321 1.0 0.606994 0.256595 1.0 0.605556 0.260894 1.0 0.608241 0.260634 1.0
0 0.614746 0.245358 0.008789 0.018568 0.611991 0.243818 1.0 0.616437 0.244411 1.0 0.612862 0.246898 1.0 0.611555 0.25045 1.0 0.613561 0.250687 1.0
0 0.634766 0.228117 0.009766 0.018568 0.633179 0.225092 1.0 0.637391 0.226086 1.0 0.635376 0.229443 1.0 0.632996 0.2328 1.0 0.636475 0.233297 1.0
0 0.644043 0.234085 0.010742 0.019894 0.640869 0.230166 1.0 0.642787 0.231468 1.0 0.639047 0.233162 1.0 0.639718 0.237329 1.0 0.641349 0.238111 1.0
0 0.711914 0.251989 0.009766 0.018568 0.0 0.0 0.0 0.0 0.0 0.0 0.0 0.0 0.0 0.0 0.0 0.0 0.0 0.0 0.0
0 0.716309 0.238727 0.008789 0.013263 0.0 0.0 0.0 0.0 0.0 0.0 0.0 0.0 0.0 0.0 0.0 0.0 0.0 0.0 0.0
0 0.752441 0.259284 0.010742 0.022546 0.0 0.0 0.0 0.0 0.0 0.0 0.0 0.0 0.0 0.0 0.0 0.0 0.0 0.0 0.0
0 0.778809 0.26061 0.014648 0.022546 0.0 0.0 0.0 0.0 0.0 0.0 0.0 0.0 0.0 0.0 0.0 0.0 0.0 0.0 0.0
0 0.805176 0.281167 0.010742 0.02122 0.802268 0.277916 1.0 0.807182 0.278053 1.0 0.804173 0.282683 1.0 0.802469 0.286768 1.0 0.805477 0.286359 1.0
0 0.802734 0.264589 0.011719 0.022546 0.0 0.0 0.0 0.0 0.0 0.0 0.0 0.0 0.0 0.0 0.0 0.0 0.0 0.0 0.0
0 0.82959 0.27122 0.012695 0.025199 0.0 0.0 0.0 0.0 0.0 0.0 0.0 0.0 0.0 0.0 0.0 0.0 0.0 0.0 0.0
0 0.910156 0.269894 0.015625 0.027851 0.905744 0.270924 1.0 0.912153 0.269149 1.0 0.908229 0.277496 1.0 0.907444 0.28016 1.0 0.911892 0.278918 1.0
0 0.927246 0.278515 0.022461 0.034483 0.0 0.0 0.0 0.0 0.0 0.0 0.0 0.0 0.0 0.0 0.0 0.0 0.0 0.0 0.0
0 0.967285 0.277188 0.012695 0.02122 0.0 0.0 0.0 0.0 0.0 0.0 0.0 0.0 0.0 0.0 0.0 0.0 0.0 0.0 0.0
0 0.982422 0.267241 0.017578 0.041114 0.0 0.0 0.0 0.0 0.0 0.0 0.0 0.0 0.0 0.0 0.0 0.0 0.0 0.0 0.0
0 0.691895 0.265252 0.008789 0.013263 0.0 0.0 0.0 0.0 0.0 0.0 0.0 0.0 0.0 0.0 0.0 0.0 0.0 0.0 0.0
0 0.687988 0.238064 0.008789 0.014589 0.0 0.0 0.0 0.0 0.0 0.0 0.0 0.0 0.0 0.0 0.0 0.0 0.0 0.0 0.0
0 0.030273 0.185013 0.007812 0.011936 0.0 0.0 0.0 0.0 0.0 0.0 0.0 0.0 0.0 0.0 0.0 0.0 0.0 0.0 0.0
0 0.845215 0.242042 0.016602 0.046419 0.0 0.0 0.0 0.0 0.0 0.0 0.0 0.0 0.0 0.0 0.0 0.0 0.0 0.0 0.0