0 0.866211 0.290141 0.0625 0.143662 0.842494 0.275654 1.0 0.846889 0.277465 1.0 0.834961 0.303723 1.0 0.845006 0.32998 1.0 0.846261 0.333601 1.0
0 0.833984 0.249296 0.042969 0.098592 0.823569 0.234897 1.0 0.834359 0.241121 1.0 0.813211 0.255439 1.0 0.817095 0.272869 1.0 0.823138 0.277225 1.0
0 0.800293 0.223944 0.040039 0.076056 0.785226 0.21919 1.0 0.80113 0.2125 1.0 0.787214 0.232093 1.0 0.787877 0.248339 1.0 0.796491 0.246907 1.0
0 0.760254 0.2 0.030273 0.064789 0.746904 0.197096 1.0 0.762154 0.193775 1.0 0.750933 0.204149 1.0 0.748631 0.217845 1.0 0.758414 0.215769 1.0
0 0.714844 0.209859 0.021484 0.033803 0.712891 0.205634 1.0 0.719727 0.214085 1.0 0.713867 0.214085 1.0 0.708984 0.21831 1.0 0.713867 0.221127 1.0
0 0.658203 0.212676 0.029297 0.04507 0.651786 0.206351 1.0 0.662615 0.215896 1.0 0.653591 0.221101 1.0 0.647374 0.222259 1.0 0.655396 0.2292 1.0
0 0.616699 0.207042 0.016602 0.025352 0.612305 0.207042 1.0 0.619141 0.207042 1.0 0.616211 0.211268 1.0 0.614258 0.215493 1.0 0.619141 0.215493 1.0
0 0.513184 0.200704 0.022461 0.040845 0.510986 0.195775 1.0 0.520874 0.197623 1.0 0.517395 0.203961 1.0 0.51007 0.21162 1.0 0.519592 0.213468 1.0
0 0.520996 0.222535 0.012695 0.030986 0.522461 0.219718 1.0 0.527344 0.221127 1.0 0.525391 0.225352 1.0 0.521484 0.232394 1.0 0.524414 0.232394 1.0
0 0.486816 0.216197 0.02832 0.057746 0.490234 0.211268 1.0 0.498047 0.211268 1.0 0.499023 0.222535 1.0 0.488281 0.232394 1.0 0.493164 0.232394 1.0
0 0.293945 0.238028 0.039062 0.073239 0.289149 0.23503 1.0 0.305381 0.22998 1.0 0.30188 0.247882 1.0 0.295196 0.261651 1.0 0.307927 0.25752 1.0
0 0.204102 0.282394 0.0625 0.083099 0.215912 0.267254 1.0 0.230194 0.268397 1.0 0.227417 0.287852 1.0 0.205994 0.301013 1.0 0.217499 0.306162 1.0
0 0.090332 0.3 0.088867 0.230986 0.104492 0.269014 1.0 0.108398 0.266197 1.0 0.135742 0.309859 1.0 0.124023 0.357746 1.0 0.126953 0.356338 1.0