0 0.473633 0.273792 0.025391 0.046852 0.474657 0.265379 1.0 0.483673 0.271832 1.0 0.478756 0.280433 1.0 0.469944 0.283813 1.0 0.478346 0.289956 1.0
0 0.507324 0.266471 0.024414 0.043924 0.50769 0.26034 1.0 0.516662 0.263909 1.0 0.512817 0.271596 1.0 0.505127 0.277909 1.0 0.510803 0.279283 1.0
0 0.541016 0.263543 0.019531 0.040996 0.543457 0.262498 1.0 0.549561 0.266419 1.0 0.546073 0.273739 1.0 0.540318 0.275832 1.0 0.545898 0.278184 1.0
0 0.570801 0.265007 0.022461 0.029283 0.573242 0.261556 1.0 0.576729 0.264485 1.0 0.574916 0.270968 1.0 0.567662 0.272432 1.0 0.570033 0.274315 1.0
0 0.410156 0.31918 0.029297 0.055637 0.408744 0.312212 1.0 0.421914 0.313599 1.0 0.416138 0.329187 1.0 0.406896 0.339233 1.0 0.417293 0.340272 1.0
0 0.378418 0.256955 0.016602 0.027818 0.381208 0.253196 1.0 0.384269 0.256373 1.0 0.383209 0.262549 1.0 0.378147 0.266962 1.0 0.380855 0.268903 1.0
0 0.292969 0.262079 0.021484 0.038067 0.29514 0.264589 1.0 0.299778 0.266824 1.0 0.298784 0.27502 1.0 0.293483 0.279243 1.0 0.297459 0.280982 1.0
0 0.291016 0.347731 0.039062 0.071742 0.296056 0.341306 1.0 0.304178 0.338599 1.0 0.307787 0.355287 1.0 0.299364 0.369268 1.0 0.303877 0.368817 1.0
0 0.175293 0.374817 0.06543 0.114202 0.185547 0.367496 1.0 0.185547 0.367496 1.0 0.196289 0.396779 1.0 0.174805 0.408492 1.0 0.174805 0.407028 1.0
0 0.146973 0.265007 0.026367 0.035139 0.0 0.0 0.0 0.0 0.0 0.0 0.0 0.0 0.0 0.0 0.0 0.0 0.0 0.0 0.0
0 0.823242 0.281845 0.029297 0.051245 0.815778 0.275556 1.0 0.82646 0.279479 1.0 0.814253 0.284054 1.0 0.811201 0.292878 1.0 0.821446 0.296473 1.0
0 0.943848 0.298682 0.022461 0.026354 0.0 0.0 0.0 0.0 0.0 0.0 0.0 0.0 0.0 0.0 0.0 0.0 0.0 0.0 0.0
0 0.98584 0.283309 0.020508 0.036603 0.977818 0.277871 1.0 0.984724 0.282341 1.0 0.975621 0.287518 1.0 0.978289 0.295048 1.0 0.980016 0.295048 1.0
0 0.793457 0.420937 0.073242 0.121523 0.766732 0.409407 1.0 0.786281 0.407864 1.0 0.76879 0.445657 1.0 0.777021 0.460312 1.0 0.791426 0.457227 1.0
0 0.73584 0.325769 0.024414 0.060029 0.0 0.0 0.0 0.0 0.0 0.0 0.0 0.0 0.0 0.0 0.0 0.0 0.0 0.0 0.0
0 0.756348 0.27306 0.024414 0.051245 0.0 0.0 0.0 0.0 0.0 0.0 0.0 0.0 0.0 0.0 0.0 0.0 0.0 0.0 0.0