0 0.246582 0.382161 0.022461 0.035156 0.247428 0.377534 1.0 0.252895 0.375326 1.0 0.25538 0.38394 1.0 0.251072 0.390346 1.0 0.253392 0.389462 1.0
0 0.22168 0.419271 0.021484 0.039062 0.224976 0.412598 1.0 0.229004 0.412598 1.0 0.231567 0.42041 1.0 0.226258 0.42749 1.0 0.228455 0.42749 1.0
0 0.189941 0.427083 0.032227 0.052083 0.193481 0.422363 1.0 0.200309 0.41562 1.0 0.20486 0.42877 1.0 0.198286 0.443267 1.0 0.202837 0.440569 1.0
0 0.09668 0.389323 0.023438 0.039062 0.098441 0.384423 1.0 0.105002 0.383423 1.0 0.106877 0.389922 1.0 0.101628 0.399419 1.0 0.105377 0.398421 1.0
0 0.05957 0.376953 0.021484 0.035156 0.0625 0.372396 1.0 0.068359 0.369792 1.0 0.067383 0.377604 1.0 0.06543 0.386719 1.0 0.070312 0.384115 1.0
0 0.231445 0.542969 0.068359 0.122396 0.237775 0.532993 1.0 0.247559 0.523786 1.0 0.264823 0.546038 1.0 0.24871 0.581333 1.0 0.255615 0.57673 1.0
0 0.15625 0.485677 0.033203 0.065104 0.161133 0.471354 1.0 0.168945 0.470052 1.0 0.168945 0.480469 1.0 0.165039 0.492188 1.0 0.170898 0.492188 1.0
0 0.324219 0.402995 0.019531 0.03776 0.327148 0.397135 1.0 0.333008 0.395833 1.0 0.333008 0.403646 1.0 0.329102 0.411458 1.0 0.333008 0.410156 1.0
0 0.376465 0.35612 0.012695 0.022135 0.375702 0.352202 1.0 0.380716 0.352202 1.0 0.378972 0.355254 1.0 0.3769 0.360922 1.0 0.380062 0.360922 1.0
0 0.386719 0.432943 0.029297 0.058594 0.391602 0.423177 1.0 0.397461 0.425781 1.0 0.401367 0.4375 1.0 0.395508 0.447917 1.0 0.399414 0.447917 1.0
0 0.436035 0.408854 0.020508 0.039062 0.44015 0.406552 1.0 0.444179 0.406552 1.0 0.446289 0.41269 1.0 0.440918 0.419852 1.0 0.444371 0.419852 1.0
0 0.444824 0.363932 0.010742 0.016927 0.444336 0.359375 1.0 0.449219 0.359375 1.0 0.448242 0.364583 1.0 0.446289 0.369792 1.0 0.449219 0.369792 1.0
0 0.460938 0.33724 0.009766 0.018229 0.461914 0.334635 1.0 0.46582 0.334635 1.0 0.46582 0.339844 1.0 0.462891 0.345052 1.0 0.464844 0.345052 1.0
0 0.51123 0.349609 0.008789 0.02474 0.504883 0.352865 1.0 0.511719 0.351562 1.0 0.509766 0.358073 1.0 0.506836 0.365885 1.0 0.511719 0.364583 1.0
0 0.5625 0.339844 0.017578 0.023438 0.563477 0.33724 1.0 0.569336 0.339844 1.0 0.567383 0.34375 1.0 0.564453 0.346354 1.0 0.567383 0.348958 1.0
0 0.581543 0.330729 0.014648 0.020833 0.583675 0.327172 1.0 0.586783 0.326637 1.0 0.586884 0.330781 1.0 0.584979 0.335194 1.0 0.586783 0.334659 1.0
0 0.594238 0.335286 0.010742 0.019531 0.595703 0.333333 1.0 0.599609 0.334635 1.0 0.59668 0.338542 1.0 0.59375 0.342448 1.0 0.59668 0.342448 1.0
0 0.619141 0.330078 0.013672 0.022135 0.620013 0.328922 1.0 0.624154 0.327469 1.0 0.624372 0.332409 1.0 0.619795 0.338077 1.0 0.623827 0.337204 1.0
0 0.657715 0.347656 0.016602 0.03125 0.65982 0.345988 1.0 0.663788 0.345174 1.0 0.665313 0.351277 1.0 0.661805 0.357788 1.0 0.66394 0.357382 1.0
0 0.660156 0.328776 0.013672 0.022135 0.663086 0.326823 1.0 0.666016 0.326823 1.0 0.666016 0.332031 1.0 0.663086 0.33724 1.0 0.666016 0.33724 1.0
0 0.688965 0.354167 0.016602 0.03125 0.692017 0.354126 1.0 0.697052 0.352499 1.0 0.698272 0.358805 1.0 0.694 0.364095 1.0 0.694458 0.364503 1.0
0 0.754883 0.328125 0.015625 0.026042 0.756164 0.325957 1.0 0.76059 0.32444 1.0 0.759831 0.328654 1.0 0.757556 0.333711 1.0 0.759452 0.333036 1.0
0 0.658203 0.459635 0.041016 0.070312 0.664673 0.455217 1.0 0.675275 0.458751 1.0 0.674944 0.469797 1.0 0.659703 0.480841 1.0 0.666992 0.482608 1.0
0 0.619141 0.40625 0.023438 0.039062 0.619852 0.39835 1.0 0.622476 0.3956 1.0 0.628475 0.405849 1.0 0.620602 0.415598 1.0 0.623226 0.414598 1.0
0 0.467773 0.549479 0.042969 0.085938 0.471793 0.541283 1.0 0.474252 0.536366 1.0 0.487775 0.545654 1.0 0.481219 0.57516 1.0 0.486546 0.56751 1.0
0 0.82373 0.335938 0.020508 0.028646 0.824219 0.330729 1.0 0.830078 0.328125 1.0 0.830078 0.334635 1.0 0.828125 0.342448 1.0 0.832031 0.342448 1.0
0 0.867676 0.341797 0.016602 0.022135 0.869141 0.342448 1.0 0.875 0.339844 1.0 0.875 0.345052 1.0 0.873047 0.35026 1.0 0.875977 0.348958 1.0
0 0.885254 0.335286 0.018555 0.027344 0.886719 0.334635 1.0 0.891602 0.334635 1.0 0.890625 0.339844 1.0 0.888672 0.34375 1.0 0.891602 0.34375 1.0
0 0.916504 0.363932 0.020508 0.032552 0.91956 0.361137 1.0 0.924561 0.359201 1.0 0.925528 0.365652 1.0 0.921979 0.372105 1.0 0.921979 0.372105 1.0
0 0.813965 0.373698 0.022461 0.036458 0.819336 0.375 1.0 0.824219 0.372396 1.0 0.822266 0.38151 1.0 0.819336 0.385417 1.0 0.823242 0.386719 1.0
0 0.824219 0.429688 0.03125 0.052083 0.830432 0.43003 1.0 0.834904 0.433344 1.0 0.833662 0.442953 1.0 0.824219 0.446266 1.0 0.824219 0.446266 1.0
0 0.979004 0.363932 0.014648 0.019531 0.0 0.0 0.0 0.0 0.0 0.0 0.0 0.0 0.0 0.0 0.0 0.0 0.0 0.0 0.0
0 0.348633 0.441406 0.021484 0.036458 0.0 0.0 0.0 0.0 0.0 0.0 0.0 0.0 0.0 0.0 0.0 0.0 0.0 0.0 0.0