0 0.905273 0.574492 0.044922 0.119639 0.892369 0.558813 1.0 0.90993 0.556515 1.0 0.900321 0.584851 1.0 0.894025 0.597871 1.0 0.910592 0.597106 1.0
0 0.838379 0.384876 0.03418 0.097065 0.828482 0.381874 1.0 0.843619 0.375 1.0 0.836861 0.399368 1.0 0.831186 0.411239 1.0 0.84416 0.408115 1.0
0 0.73877 0.410835 0.026367 0.085779 0.731437 0.401585 1.0 0.746504 0.403217 1.0 0.738734 0.421718 1.0 0.732378 0.434779 1.0 0.743208 0.435323 1.0
0 0.718262 0.600451 0.036133 0.103837 0.710689 0.587533 1.0 0.725991 0.586878 1.0 0.71749 0.609149 1.0 0.711256 0.625524 1.0 0.725708 0.624869 1.0
0 0.640625 0.386005 0.033203 0.090293 0.631945 0.371664 1.0 0.645364 0.372239 1.0 0.63766 0.389472 1.0 0.631696 0.404406 1.0 0.646854 0.404406 1.0
0 0.562012 0.580135 0.036133 0.112867 0.552987 0.56756 1.0 0.569083 0.566844 1.0 0.560416 0.589738 1.0 0.554845 0.60405 1.0 0.569702 0.603334 1.0
0 0.537109 0.423251 0.03125 0.088036 0.530905 0.416932 1.0 0.54507 0.416932 1.0 0.537615 0.434165 1.0 0.531402 0.449099 1.0 0.543082 0.449099 1.0
0 0.241211 0.573363 0.037109 0.103837 0.234205 0.55586 1.0 0.250641 0.557169 1.0 0.241289 0.574856 1.0 0.232788 0.592542 1.0 0.24894 0.594506 1.0
0 0.388672 0.630926 0.035156 0.10158 0.379761 0.618187 1.0 0.39563 0.613603 1.0 0.388262 0.639804 1.0 0.382878 0.656835 1.0 0.396196 0.652248 1.0
0 0.433594 0.424379 0.029297 0.090293 0.425781 0.416479 1.0 0.439697 0.414221 1.0 0.432373 0.433973 1.0 0.427979 0.448081 1.0 0.438721 0.446388 1.0
0 0.336914 0.38149 0.029297 0.085779 0.329363 0.369517 1.0 0.343018 0.371695 1.0 0.33572 0.387476 1.0 0.330069 0.399991 1.0 0.341134 0.400537 1.0
0 0.22168 0.386005 0.029297 0.081264 0.216657 0.372743 1.0 0.228673 0.37379 1.0 0.222325 0.39056 1.0 0.21507 0.409424 1.0 0.227766 0.409424 1.0
0 0.105957 0.457111 0.02832 0.065463 0.102958 0.446883 1.0 0.117205 0.446016 1.0 0.112144 0.461616 1.0 0.10427 0.474181 1.0 0.11533 0.475481 1.0
0 0.084961 0.575621 0.039062 0.094808 0.07401 0.565946 1.0 0.089966 0.562318 1.0 0.081072 0.583481 1.0 0.078979 0.602226 1.0 0.089442 0.599806 1.0
0 0.503906 0.139955 0.029297 0.081264 0.496081 0.120325 1.0 0.511422 0.119296 1.0 0.504085 0.13677 1.0 0.498304 0.1563 1.0 0.510088 0.155273 1.0
0 0.353027 0.14447 0.02832 0.076749 0.348389 0.122885 1.0 0.361633 0.124858 1.0 0.355438 0.145104 1.0 0.349029 0.159424 1.0 0.359497 0.1614 1.0
0 0.195312 0.174944 0.037109 0.097065 0.186846 0.155474 1.0 0.202803 0.149941 1.0 0.193761 0.175761 1.0 0.18791 0.195431 1.0 0.203601 0.190512 1.0