0 0.421387 0.193098 0.014648 0.024963 0.421422 0.190476 1.0 0.427804 0.19142 1.0 0.425084 0.197557 1.0 0.421212 0.200703 1.0 0.427071 0.201175 1.0
0 0.383789 0.188693 0.017578 0.0279 0.0 0.0 0.0 0.0 0.0 0.0 0.0 0.0 0.0 0.0 0.0 0.0 0.0 0.0 0.0
0 0.351074 0.150514 0.008789 0.01909 0.0 0.0 0.0 0.0 0.0 0.0 0.0 0.0 0.0 0.0 0.0 0.0 0.0 0.0 0.0
0 0.350586 0.194567 0.017578 0.033774 0.353494 0.192836 1.0 0.357378 0.190023 1.0 0.358386 0.19911 1.0 0.354501 0.204734 1.0 0.35781 0.20322 1.0
0 0.156738 0.189427 0.018555 0.032305 0.153952 0.184628 1.0 0.163277 0.184426 1.0 0.161926 0.19296 1.0 0.158412 0.199667 1.0 0.164494 0.19926 1.0
0 0.241699 0.231278 0.024414 0.045521 0.235265 0.22737 1.0 0.246007 0.227947 1.0 0.239677 0.237755 1.0 0.236799 0.245254 1.0 0.244088 0.245542 1.0
0 0.299805 0.206314 0.019531 0.033774 0.298575 0.20246 1.0 0.306728 0.202013 1.0 0.303911 0.208477 1.0 0.299909 0.216502 1.0 0.30658 0.216502 1.0
0 0.263672 0.215125 0.017578 0.036711 0.0 0.0 0.0 0.0 0.0 0.0 0.0 0.0 0.0 0.0 0.0 0.0 0.0 0.0 0.0
0 0.27832 0.162996 0.011719 0.023495 0.0 0.0 0.0 0.0 0.0 0.0 0.0 0.0 0.0 0.0 0.0 0.0 0.0 0.0 0.0
0 0.246094 0.166667 0.011719 0.022026 0.244367 0.162759 1.0 0.250026 0.162327 1.0 0.247628 0.167518 1.0 0.245902 0.173576 1.0 0.249643 0.173288 1.0
0 0.231934 0.189427 0.014648 0.020558 0.0 0.0 0.0 0.0 0.0 0.0 0.0 0.0 0.0 0.0 0.0 0.0 0.0 0.0 0.0
0 0.198242 0.189427 0.013672 0.026432 0.0 0.0 0.0 0.0 0.0 0.0 0.0 0.0 0.0 0.0 0.0 0.0 0.0 0.0 0.0
0 0.140625 0.118209 0.017578 0.0279 0.135764 0.114971 1.0 0.141649 0.115501 1.0 0.138 0.119573 1.0 0.135528 0.124705 1.0 0.141532 0.124705 1.0
0 0.094238 0.113069 0.018555 0.032305 0.089007 0.111391 1.0 0.095843 0.110552 1.0 0.092494 0.117264 1.0 0.092216 0.122718 1.0 0.097936 0.12125 1.0
0 0.130371 0.272394 0.030273 0.048458 0.0 0.0 0.0 0.0 0.0 0.0 0.0 0.0 0.0 0.0 0.0 0.0 0.0 0.0 0.0
0 0.034668 0.21072 0.022461 0.045521 0.029768 0.204479 1.0 0.039167 0.205056 1.0 0.034563 0.214574 1.0 0.03111 0.220631 1.0 0.037057 0.221209 1.0
0 0.020508 0.121145 0.019531 0.033774 0.0 0.0 0.0 0.0 0.0 0.0 0.0 0.0 0.0 0.0 0.0 0.0 0.0 0.0 0.0
0 0.007812 0.309838 0.015625 0.067548 -0.008449 0.300156 1.0 0.00742 0.30186 1.0 5.3e-05 0.315496 1.0 -0.005615 0.328705 1.0 0.008271 0.328705 1.0
0 0.164551 0.476505 0.106445 0.207048 0.189959 0.440725 1.0 0.188232 0.440725 1.0 0.217582 0.471877 1.0 0.194275 0.534181 1.0 0.192549 0.534181 1.0
0 0.911133 0.299559 0.054688 0.093979 0.0 0.0 0.0 0.0 0.0 0.0 0.0 0.0 0.0 0.0 0.0 0.0 0.0 0.0 0.0
0 0.866211 0.226138 0.033203 0.058737 0.856776 0.222789 1.0 0.869698 0.217184 1.0 0.86274 0.235119 1.0 0.862244 0.242966 1.0 0.873178 0.239604 1.0
0 0.781738 0.339207 0.075195 0.111601 0.763985 0.327656 1.0 0.795637 0.31684 1.0 0.780771 0.353615 1.0 0.776934 0.368759 1.0 0.797075 0.36299 1.0
0 0.851074 0.446402 0.079102 0.176211 0.83354 0.423759 1.0 0.836504 0.429332 1.0 0.812788 0.442705 1.0 0.823164 0.488396 1.0 0.826128 0.492855 1.0
0 0.763184 0.192364 0.016602 0.032305 0.759766 0.190476 1.0 0.767299 0.189847 1.0 0.763393 0.197399 1.0 0.761579 0.20516 1.0 0.765904 0.20495 1.0
0 0.793945 0.19163 0.017578 0.030837 0.0 0.0 0.0 0.0 0.0 0.0 0.0 0.0 0.0 0.0 0.0 0.0 0.0 0.0 0.0
0 0.992188 0.282673 0.015625 0.07489 0.990234 0.270709 1.0 1.000736 0.27693 1.0 0.983232 0.28985 1.0 0.988007 0.301336 1.0 0.995326 0.304207 1.0
0 0.918457 0.10793 0.024414 0.066079 0.912946 0.10258 1.0 0.912946 0.10258 1.0 0.910714 0.116006 1.0 0.920479 0.123558 1.0 0.920479 0.123558 1.0
0 0.887695 0.10793 0.009766 0.022026 0.0 0.0 0.0 0.0 0.0 0.0 0.0 0.0 0.0 0.0 0.0 0.0 0.0 0.0 0.0
0 0.918457 0.168135 0.012695 0.022026 0.0 0.0 0.0 0.0 0.0 0.0 0.0 0.0 0.0 0.0 0.0 0.0 0.0 0.0 0.0
0 0.73584 0.171072 0.008789 0.01909 0.0 0.0 0.0 0.0 0.0 0.0 0.0 0.0 0.0 0.0 0.0 0.0 0.0 0.0 0.0
0 0.650391 0.157856 0.007812 0.016153 0.0 0.0 0.0 0.0 0.0 0.0 0.0 0.0 0.0 0.0 0.0 0.0 0.0 0.0 0.0
0 0.688477 0.159325 0.007812 0.016153 0.0 0.0 0.0 0.0 0.0 0.0 0.0 0.0 0.0 0.0 0.0 0.0 0.0 0.0 0.0
0 0.604492 0.15859 0.007812 0.017621 0.0 0.0 0.0 0.0 0.0 0.0 0.0 0.0 0.0 0.0 0.0 0.0 0.0 0.0 0.0
0 0.553711 0.095448 0.009766 0.017621 0.0 0.0 0.0 0.0 0.0 0.0 0.0 0.0 0.0 0.0 0.0 0.0 0.0 0.0 0.0
0 0.518066 0.103524 0.006836 0.013216 0.0 0.0 0.0 0.0 0.0 0.0 0.0 0.0 0.0 0.0 0.0 0.0 0.0 0.0 0.0
0 0.546875 0.150514 0.009766 0.01909 0.0 0.0 0.0 0.0 0.0 0.0 0.0 0.0 0.0 0.0 0.0 0.0 0.0 0.0 0.0
0 0.521484 0.157856 0.009766 0.01909 0.0 0.0 0.0 0.0 0.0 0.0 0.0 0.0 0.0 0.0 0.0 0.0 0.0 0.0 0.0
0 0.481934 0.16373 0.012695 0.01909 0.0 0.0 0.0 0.0 0.0 0.0 0.0 0.0 0.0 0.0 0.0 0.0 0.0 0.0 0.0
0 0.484375 0.113803 0.009766 0.016153 0.0 0.0 0.0 0.0 0.0 0.0 0.0 0.0 0.0 0.0 0.0 0.0 0.0 0.0 0.0
0 0.461426 0.102056 0.008789 0.016153 0.459682 0.098909 1.0 0.462891 0.099015 1.0 0.461007 0.10237 1.0 0.46017 0.104258 1.0 0.462054 0.104048 1.0
0 0.451172 0.110132 0.007812 0.014684 0.0 0.0 0.0 0.0 0.0 0.0 0.0 0.0 0.0 0.0 0.0 0.0 0.0 0.0 0.0
0 0.439453 0.182819 0.013672 0.024963 0.438149 0.179548 1.0 0.443926 0.17922 1.0 0.442183 0.184137 1.0 0.439239 0.18889 1.0 0.443272 0.188725 1.0
0 0.718262 0.168869 0.006836 0.014684 0.0 0.0 0.0 0.0 0.0 0.0 0.0 0.0 0.0 0.0 0.0 0.0 0.0 0.0 0.0