0 0.700684 0.300445 0.014648 0.031157 0.0 0.0 0.0 0.0 0.0 0.0 0.0 0.0 0.0 0.0 0.0 0.0 0.0 0.0 0.0
0 0.716309 0.300445 0.012695 0.031157 0.0 0.0 0.0 0.0 0.0 0.0 0.0 0.0 0.0 0.0 0.0 0.0 0.0 0.0 0.0
0 0.658203 0.308605 0.017578 0.032641 0.652632 0.304783 1.0 0.659524 0.305399 1.0 0.655064 0.312381 1.0 0.653442 0.31772 1.0 0.657632 0.317924 1.0
0 0.62207 0.301187 0.023438 0.041543 0.613944 0.295728 1.0 0.622838 0.295728 1.0 0.616386 0.305001 1.0 0.61499 0.312685 1.0 0.620048 0.312685 1.0
0 0.586426 0.312315 0.020508 0.031157 0.579721 0.309645 1.0 0.589181 0.310056 1.0 0.582829 0.31601 1.0 0.580396 0.322786 1.0 0.586208 0.322786 1.0
0 0.563965 0.296736 0.014648 0.026706 0.560869 0.293981 1.0 0.565857 0.294669 1.0 0.563023 0.300007 1.0 0.560643 0.304829 1.0 0.565403 0.306208 1.0
0 0.538574 0.307122 0.020508 0.035608 0.533355 0.303134 1.0 0.541748 0.303829 1.0 0.536103 0.30893 1.0 0.533813 0.31658 1.0 0.539611 0.31658 1.0
0 0.510742 0.311573 0.015625 0.032641 0.504359 0.308982 1.0 0.512604 0.308777 1.0 0.507604 0.315964 1.0 0.505981 0.321098 1.0 0.510847 0.321098 1.0
0 0.458984 0.295252 0.017578 0.032641 0.452567 0.294616 1.0 0.460798 0.294828 1.0 0.455636 0.299491 1.0 0.453962 0.304579 1.0 0.458984 0.304791 1.0
0 0.407227 0.300445 0.017578 0.034125 0.401298 0.29655 1.0 0.407968 0.295875 1.0 0.403521 0.303531 1.0 0.402483 0.310963 1.0 0.410043 0.309837 1.0
0 0.934082 0.331602 0.024414 0.043027 0.922333 0.326318 1.0 0.932164 0.327132 1.0 0.924299 0.334736 1.0 0.923048 0.342068 1.0 0.92984 0.342883 1.0
0 0.972656 0.321217 0.027344 0.048961 0.961217 0.317932 1.0 0.967076 0.316341 1.0 0.96331 0.331285 1.0 0.965401 0.337961 1.0 0.970634 0.337961 1.0
0 0.098145 0.283383 0.022461 0.035608 0.097063 0.277169 1.0 0.105513 0.27672 1.0 0.101955 0.283025 1.0 0.096322 0.291583 1.0 0.104771 0.290006 1.0
0 0.043457 0.308605 0.022461 0.032641 0.039342 0.307122 1.0 0.048828 0.304579 1.0 0.045062 0.309665 1.0 0.041992 0.317932 1.0 0.049665 0.315177 1.0
0 0.015137 0.290801 0.018555 0.029674 0.010742 0.290801 1.0 0.018555 0.289318 1.0 0.014648 0.293769 1.0 0.011719 0.301187 1.0 0.018555 0.299703 1.0
0 0.220215 0.305638 0.024414 0.068249 0.0 0.0 0.0 0.0 0.0 0.0 0.0 0.0 0.0 0.0 0.0 0.0 0.0 0.0 0.0
0 0.682129 0.321958 0.020508 0.032641 0.675502 0.318567 1.0 0.681501 0.317932 1.0 0.677315 0.325985 1.0 0.676479 0.331708 1.0 0.680943 0.332556 1.0
0 0.745117 0.297478 0.019531 0.031157 0.739275 0.297067 1.0 0.749547 0.299531 1.0 0.7436 0.305076 1.0 0.73941 0.309387 1.0 0.74806 0.310414 1.0
0 0.803711 0.318991 0.023438 0.041543 0.793392 0.312546 1.0 0.803759 0.31472 1.0 0.796252 0.32015 1.0 0.793213 0.331285 1.0 0.801793 0.332642 1.0
0 0.780762 0.29451 0.014648 0.02819 0.775879 0.292099 1.0 0.782837 0.292099 1.0 0.777588 0.29655 1.0 0.776611 0.298405 1.0 0.782715 0.298034 1.0
0 0.82666 0.31454 0.016602 0.038576 0.0 0.0 0.0 0.0 0.0 0.0 0.0 0.0 0.0 0.0 0.0 0.0 0.0 0.0 0.0
0 0.894531 0.307864 0.019531 0.034125 0.887695 0.307122 1.0 0.898438 0.305638 1.0 0.891602 0.313056 1.0 0.889648 0.320475 1.0 0.896484 0.320475 1.0
0 0.855469 0.293027 0.013672 0.02819 0.851562 0.289318 1.0 0.858398 0.290801 1.0 0.854492 0.293769 1.0 0.852539 0.299703 1.0 0.856445 0.299703 1.0
0 0.003418 0.313056 0.006836 0.041543 0.0 0.0 0.0 0.0 0.0 0.0 0.0 0.0 0.0 0.0 0.0 0.0 0.0 0.0 0.0