0 0.733887 0.524229 0.055664 0.10279 0.724914 0.513767 1.0 0.749695 0.513767 1.0 0.738586 0.529827 1.0 0.728332 0.551028 1.0 0.74585 0.551028 1.0
0 0.578125 0.517621 0.048828 0.086637 0.577763 0.512724 1.0 0.593685 0.506739 1.0 0.596941 0.525239 1.0 0.585362 0.543739 1.0 0.596941 0.541018 1.0
0 0.361328 0.522026 0.046875 0.086637 0.353027 0.51083 1.0 0.37793 0.511931 1.0 0.368408 0.531755 1.0 0.358154 0.54442 1.0 0.371704 0.544971 1.0
0 0.208496 0.543319 0.045898 0.082232 0.201119 0.535333 1.0 0.225573 0.532226 1.0 0.216273 0.552943 1.0 0.209041 0.568479 1.0 0.224195 0.566925 1.0
0 0.05957 0.531571 0.052734 0.076358 0.057403 0.530332 1.0 0.075531 0.518217 1.0 0.076538 0.535885 1.0 0.068146 0.549009 1.0 0.07956 0.539924 1.0
0 0.921387 0.506608 0.045898 0.082232 0.92331 0.499659 1.0 0.939497 0.492927 1.0 0.94053 0.513125 1.0 0.929164 0.530733 1.0 0.939152 0.530214 1.0
0 0.82373 0.39207 0.026367 0.052863 0.0 0.0 0.0 0.0 0.0 0.0 0.0 0.0 0.0 0.0 0.0 0.0 0.0 0.0 0.0
0 0.645508 0.420705 0.029297 0.048458 0.642355 0.414543 1.0 0.656084 0.415159 1.0 0.650757 0.42317 1.0 0.643176 0.43457 1.0 0.654854 0.436727 1.0
0 0.418457 0.437592 0.02832 0.052863 0.41183 0.433514 1.0 0.423837 0.433514 1.0 0.419612 0.443545 1.0 0.412942 0.454242 1.0 0.42228 0.454242 1.0
0 0.5625 0.420705 0.033203 0.048458 0.0 0.0 0.0 0.0 0.0 0.0 0.0 0.0 0.0 0.0 0.0 0.0 0.0 0.0 0.0
0 0.421387 0.389868 0.022461 0.033774 0.0 0.0 0.0 0.0 0.0 0.0 0.0 0.0 0.0 0.0 0.0 0.0 0.0 0.0 0.0
0 0.729004 0.36931 0.026367 0.036711 0.0 0.0 0.0 0.0 0.0 0.0 0.0 0.0 0.0 0.0 0.0 0.0 0.0 0.0 0.0
0 0.737305 0.334802 0.015625 0.026432 0.0 0.0 0.0 0.0 0.0 0.0 0.0 0.0 0.0 0.0 0.0 0.0 0.0 0.0 0.0
0 0.694824 0.330396 0.012695 0.023495 0.0 0.0 0.0 0.0 0.0 0.0 0.0 0.0 0.0 0.0 0.0 0.0 0.0 0.0 0.0
0 0.604492 0.342144 0.013672 0.023495 0.0 0.0 0.0 0.0 0.0 0.0 0.0 0.0 0.0 0.0 0.0 0.0 0.0 0.0 0.0
0 0.635742 0.386931 0.019531 0.033774 0.0 0.0 0.0 0.0 0.0 0.0 0.0 0.0 0.0 0.0 0.0 0.0 0.0 0.0 0.0
0 0.484375 0.324523 0.011719 0.020558 0.0 0.0 0.0 0.0 0.0 0.0 0.0 0.0 0.0 0.0 0.0 0.0 0.0 0.0 0.0
0 0.583984 0.325257 0.011719 0.01909 0.0 0.0 0.0 0.0 0.0 0.0 0.0 0.0 0.0 0.0 0.0 0.0 0.0 0.0 0.0
0 0.557617 0.373715 0.017578 0.033774 0.0 0.0 0.0 0.0 0.0 0.0 0.0 0.0 0.0 0.0 0.0 0.0 0.0 0.0 0.0