0 0.058105 0.18287 0.047852 0.125 0.051653 0.162491 1.0 0.072527 0.167204 1.0 0.06325 0.193123 1.0 0.051653 0.207259 1.0 0.069214 0.208829 1.0
0 0.120117 0.457176 0.064453 0.1875 0.111105 0.445354 1.0 0.13818 0.444164 1.0 0.128152 0.475065 1.0 0.111105 0.50715 1.0 0.137177 0.505963 1.0
0 0.917969 0.452546 0.054688 0.155093 0.898799 0.436065 1.0 0.921172 0.426667 1.0 0.908408 0.46037 1.0 0.90501 0.491111 1.0 0.923125 0.483611 1.0
0 0.80957 0.40625 0.042969 0.113426 0.796875 0.383391 1.0 0.816711 0.383391 1.0 0.802979 0.409433 1.0 0.797485 0.433306 1.0 0.810303 0.433306 1.0
0 0.725586 0.341435 0.039062 0.099537 0.715637 0.32362 1.0 0.733477 0.326183 1.0 0.722936 0.347965 1.0 0.715097 0.365266 1.0 0.729692 0.369109 1.0
0 0.634766 0.322917 0.035156 0.090278 0.625414 0.312118 1.0 0.641 0.306433 1.0 0.633807 0.329736 1.0 0.627093 0.347356 1.0 0.643158 0.341104 1.0
0 0.540527 0.15625 0.032227 0.081019 0.531974 0.139074 1.0 0.546578 0.137009 1.0 0.539604 0.155609 1.0 0.534808 0.174211 1.0 0.546797 0.172144 1.0
0 0.45752 0.146991 0.036133 0.099537 0.449463 0.140708 1.0 0.463789 0.126611 1.0 0.462978 0.155444 1.0 0.45649 0.176588 1.0 0.469735 0.161852 1.0
0 0.449219 0.377315 0.044922 0.12963 0.442313 0.361773 1.0 0.461495 0.360947 1.0 0.452428 0.396495 1.0 0.442662 0.410549 1.0 0.460101 0.410549 1.0
0 0.550293 0.424769 0.036133 0.122685 0.54408 0.415479 1.0 0.560429 0.412377 1.0 0.554217 0.434854 1.0 0.545715 0.452681 1.0 0.559775 0.45113 1.0
0 0.387695 0.155093 0.033203 0.087963 0.379883 0.147755 1.0 0.395771 0.14662 1.0 0.388477 0.165185 1.0 0.381289 0.180463 1.0 0.394902 0.179514 1.0
0 0.287598 0.104167 0.041992 0.101852 0.27662 0.085586 1.0 0.295 0.084944 1.0 0.288243 0.109292 1.0 0.280134 0.132359 1.0 0.295271 0.130435 1.0
0 0.284668 0.368056 0.051758 0.162037 0.276411 0.343368 1.0 0.300581 0.345414 1.0 0.290223 0.37406 1.0 0.279 0.403729 1.0 0.297128 0.404752 1.0
0 0.179688 0.140046 0.044922 0.118056 0.169922 0.119544 1.0 0.189697 0.118799 1.0 0.182164 0.147817 1.0 0.173061 0.169396 1.0 0.191581 0.165674 1.0