0 0.599121 0.49281 0.041992 0.075817 0.584821 0.48289 1.0 0.605913 0.48289 1.0 0.593044 0.499638 1.0 0.587324 0.513515 1.0 0.601623 0.513993 1.0
0 0.445312 0.466667 0.039062 0.060131 0.437631 0.46459 1.0 0.454607 0.460737 1.0 0.449716 0.478839 1.0 0.446551 0.488084 1.0 0.456621 0.483847 1.0
0 0.367676 0.496732 0.047852 0.065359 0.369843 0.491106 1.0 0.384391 0.494835 1.0 0.380676 0.509752 1.0 0.366747 0.520939 1.0 0.375724 0.521767 1.0
0 0.214355 0.496732 0.05957 0.086275 0.212716 0.491795 1.0 0.233616 0.487407 1.0 0.230338 0.504961 1.0 0.213945 0.520868 1.0 0.233616 0.517576 1.0
0 0.42627 0.311111 0.018555 0.026144 0.421265 0.310131 1.0 0.428833 0.310948 1.0 0.424683 0.317157 1.0 0.422607 0.321569 1.0 0.427368 0.321242 1.0
0 0.356445 0.342484 0.017578 0.028758 0.362305 0.337255 1.0 0.365234 0.337255 1.0 0.365234 0.346405 1.0 0.361328 0.351634 1.0 0.362305 0.352941 1.0
0 0.515625 0.306536 0.021484 0.03268 0.509766 0.303268 1.0 0.518555 0.30719 1.0 0.512695 0.311111 1.0 0.507812 0.313725 1.0 0.513672 0.317647 1.0
0 0.592773 0.313725 0.021484 0.031373 0.585763 0.307575 1.0 0.591248 0.309956 1.0 0.584874 0.315114 1.0 0.583836 0.321661 1.0 0.586949 0.322059 1.0
0 0.65918 0.337255 0.021484 0.023529 0.650391 0.334641 1.0 0.65625 0.334641 1.0 0.651367 0.343791 1.0 0.65918 0.345098 1.0 0.65918 0.343791 1.0
0 0.588379 0.369281 0.022461 0.030065 0.0 0.0 0.0 0.0 0.0 0.0 0.0 0.0 0.0 0.0 0.0 0.0 0.0 0.0 0.0
0 0.114258 0.181046 0.023438 0.030065 0.113961 0.178069 1.0 0.122707 0.180451 1.0 0.119298 0.187196 1.0 0.114406 0.191759 1.0 0.117964 0.192157 1.0
0 0.193848 0.848366 0.086914 0.188235 0.206569 0.838808 1.0 0.213614 0.832914 1.0 0.236512 0.852953 1.0 0.225062 0.902463 1.0 0.227705 0.898927 1.0
0 0.077148 0.653595 0.080078 0.162092 0.090803 0.63401 1.0 0.099906 0.626902 1.0 0.116595 0.659396 1.0 0.091562 0.687827 1.0 0.099147 0.68275 1.0
0 0.815918 0.523529 0.053711 0.090196 0.802246 0.511438 1.0 0.828309 0.520588 1.0 0.80951 0.535458 1.0 0.796691 0.54232 1.0 0.818908 0.550327 1.0
0 0.986328 0.601961 0.027344 0.098039 0.980957 0.587599 1.0 1.006147 0.591345 1.0 0.98982 0.6132 1.0 0.984688 0.627562 1.0 1.005681 0.63006 1.0
0 0.848633 0.281046 0.044922 0.078431 0.83728 0.271959 1.0 0.857662 0.277912 1.0 0.844321 0.288825 1.0 0.832092 0.300234 1.0 0.851362 0.306186 1.0
0 0.884277 0.20719 0.022461 0.035294 0.877328 0.200192 1.0 0.88821 0.202924 1.0 0.881579 0.208386 1.0 0.876818 0.215441 1.0 0.885489 0.217261 1.0
0 0.366699 0.313072 0.022461 0.022222 0.370152 0.316923 1.0 0.37677 0.321161 1.0 0.371159 0.328093 1.0 0.365548 0.328478 1.0 0.366987 0.329248 1.0