0 0.907715 0.327474 0.032227 0.053385 0.9119 0.322987 1.0 0.920532 0.323335 1.0 0.920271 0.333798 1.0 0.913208 0.341471 1.0 0.917916 0.34182 1.0
0 0.850098 0.330078 0.03418 0.05599 0.852801 0.320504 1.0 0.862641 0.325115 1.0 0.859981 0.335751 1.0 0.848546 0.342134 1.0 0.856258 0.34568 1.0
0 0.754883 0.342448 0.037109 0.0625 0.759626 0.336124 1.0 0.770299 0.335333 1.0 0.772967 0.349562 1.0 0.760516 0.35984 1.0 0.768816 0.359445 1.0
0 0.695312 0.303385 0.029297 0.049479 0.696236 0.297689 1.0 0.706124 0.297061 1.0 0.705889 0.306792 1.0 0.700945 0.31715 1.0 0.707302 0.316208 1.0
0 0.687012 0.35612 0.036133 0.058594 0.694615 0.35026 1.0 0.699638 0.351376 1.0 0.700475 0.36477 1.0 0.688477 0.369605 1.0 0.69322 0.369978 1.0
0 0.592773 0.316406 0.033203 0.054688 0.594604 0.312221 1.0 0.606637 0.310129 1.0 0.604283 0.322684 1.0 0.596436 0.334543 1.0 0.605329 0.331753 1.0
0 0.519043 0.316406 0.03418 0.057292 0.521258 0.312221 1.0 0.53261 0.305734 1.0 0.534502 0.322672 1.0 0.526394 0.334206 1.0 0.532881 0.330962 1.0
0 0.390137 0.29362 0.032227 0.053385 0.390163 0.295677 1.0 0.403796 0.292934 1.0 0.39968 0.309396 1.0 0.390163 0.316255 1.0 0.405082 0.315227 1.0
0 0.380859 0.254557 0.023438 0.035156 0.0 0.0 0.0 0.0 0.0 0.0 0.0 0.0 0.0 0.0 0.0 0.0 0.0 0.0 0.0
0 0.437988 0.389323 0.053711 0.088542 0.442997 0.381342 1.0 0.458222 0.369501 1.0 0.463719 0.397694 1.0 0.449341 0.417428 1.0 0.45949 0.411225 1.0
0 0.299805 0.369792 0.042969 0.070312 0.300677 0.366164 1.0 0.318359 0.360724 1.0 0.313938 0.379767 1.0 0.303057 0.392462 1.0 0.314278 0.388835 1.0
0 0.22998 0.286458 0.030273 0.041667 0.229492 0.28125 1.0 0.241211 0.279948 1.0 0.237305 0.291667 1.0 0.230469 0.300781 1.0 0.239258 0.302083 1.0
0 0.160645 0.276693 0.030273 0.05599 0.159346 0.273879 1.0 0.170698 0.270275 1.0 0.171779 0.284691 1.0 0.166103 0.296585 1.0 0.172319 0.295503 1.0
0 0.149902 0.33138 0.036133 0.05599 0.150744 0.323695 1.0 0.163509 0.320859 1.0 0.16085 0.334688 1.0 0.152871 0.346743 1.0 0.161381 0.34568 1.0
0 0.108398 0.365885 0.050781 0.083333 0.109497 0.363647 1.0 0.128937 0.355184 1.0 0.128144 0.374755 1.0 0.117828 0.392741 1.0 0.131317 0.383749 1.0
0 0.180176 0.489583 0.057617 0.085938 0.18577 0.484608 1.0 0.20523 0.472173 1.0 0.208475 0.495419 1.0 0.18577 0.518125 1.0 0.201582 0.512178 1.0