0 0.975586 0.32574 0.017578 0.045558 0.969997 0.322995 1.0 0.978105 0.32208 1.0 0.974182 0.331843 1.0 0.971566 0.338859 1.0 0.977975 0.337943 1.0
0 0.913086 0.314351 0.015625 0.045558 0.910078 0.307335 1.0 0.91701 0.307335 1.0 0.913609 0.316487 1.0 0.911255 0.324114 1.0 0.915571 0.323809 1.0
0 0.879883 0.355353 0.017578 0.045558 0.875 0.350797 1.0 0.882812 0.348519 1.0 0.878906 0.357631 1.0 0.876953 0.369021 1.0 0.881836 0.366743 1.0
0 0.869141 0.313212 0.015625 0.04328 0.864014 0.31008 1.0 0.872192 0.309795 1.0 0.867676 0.318907 1.0 0.864868 0.333144 1.0 0.869141 0.334567 1.0
0 0.829102 0.341686 0.013672 0.036446 0.824219 0.33713 1.0 0.831055 0.33713 1.0 0.826172 0.343964 1.0 0.824219 0.353075 1.0 0.830078 0.350797 1.0
0 0.817871 0.316629 0.012695 0.036446 0.813477 0.309795 1.0 0.821289 0.312073 1.0 0.817383 0.321185 1.0 0.814453 0.32574 1.0 0.819336 0.328018 1.0
0 0.831055 0.302961 0.015625 0.041002 0.827148 0.296128 1.0 0.834961 0.296128 1.0 0.831055 0.305239 1.0 0.827148 0.316629 1.0 0.833984 0.316629 1.0
0 0.851074 0.487472 0.018555 0.045558 0.846802 0.480638 1.0 0.854736 0.481777 1.0 0.85022 0.490888 1.0 0.847046 0.496014 1.0 0.853149 0.496298 1.0
0 0.860352 0.572893 0.019531 0.052392 0.854492 0.562642 1.0 0.865234 0.56492 1.0 0.859375 0.57631 1.0 0.855469 0.580866 1.0 0.863281 0.583144 1.0
0 0.777344 0.58656 0.019531 0.052392 0.77182 0.578171 1.0 0.779877 0.578171 1.0 0.775561 0.588239 1.0 0.773259 0.596629 1.0 0.779014 0.596964 1.0
0 0.777344 0.47836 0.017578 0.050114 0.773124 0.473123 1.0 0.779881 0.473123 1.0 0.776638 0.481005 1.0 0.774205 0.489515 1.0 0.77907 0.489515 1.0
0 0.770508 0.340547 0.013672 0.038724 0.767578 0.33713 1.0 0.774414 0.33713 1.0 0.770508 0.348519 1.0 0.767578 0.355353 1.0 0.774414 0.355353 1.0
0 0.800293 0.350797 0.014648 0.041002 0.797333 0.346913 1.0 0.803807 0.346913 1.0 0.800864 0.354875 1.0 0.798039 0.36064 1.0 0.802747 0.36064 1.0
0 0.765137 0.287016 0.014648 0.041002 0.761928 0.283153 1.0 0.768502 0.281036 1.0 0.765441 0.287647 1.0 0.763628 0.296636 1.0 0.767482 0.293727 1.0
0 0.720703 0.394077 0.015625 0.041002 0.717573 0.389683 1.0 0.725167 0.388362 1.0 0.720974 0.396558 1.0 0.717232 0.402376 1.0 0.724714 0.402112 1.0
0 0.742676 0.334852 0.014648 0.041002 0.741734 0.33115 1.0 0.747062 0.330358 1.0 0.744908 0.340934 1.0 0.741848 0.347542 1.0 0.746495 0.347542 1.0
0 0.714844 0.341686 0.015625 0.041002 0.711748 0.338351 1.0 0.719003 0.337292 1.0 0.715489 0.344961 1.0 0.712089 0.350777 1.0 0.719116 0.350513 1.0
0 0.673828 0.395216 0.015625 0.04328 0.670898 0.3918 1.0 0.679688 0.389522 1.0 0.674805 0.398633 1.0 0.670898 0.405467 1.0 0.677734 0.405467 1.0
0 0.67334 0.353075 0.014648 0.031891 0.671875 0.350797 1.0 0.679688 0.348519 1.0 0.676758 0.359909 1.0 0.673828 0.369021 1.0 0.678711 0.366743 1.0
0 0.684082 0.314351 0.012695 0.036446 0.682264 0.307191 1.0 0.686375 0.306724 1.0 0.684771 0.31374 1.0 0.682966 0.320756 1.0 0.686877 0.320055 1.0
0 0.720703 0.463554 0.013672 0.04328 0.716675 0.460137 1.0 0.724854 0.460137 1.0 0.720337 0.468394 1.0 0.718262 0.476082 1.0 0.7229 0.476936 1.0
0 0.714844 0.591116 0.017578 0.047836 0.708984 0.580866 1.0 0.71582 0.580866 1.0 0.711914 0.589977 1.0 0.709961 0.601367 1.0 0.714844 0.601367 1.0
0 0.677734 0.471526 0.015625 0.041002 0.674639 0.464123 1.0 0.68246 0.466239 1.0 0.678493 0.473376 1.0 0.675319 0.481838 1.0 0.680533 0.482895 1.0
0 0.65918 0.58656 0.017578 0.047836 0.655648 0.575658 1.0 0.663758 0.575658 1.0 0.659311 0.588166 1.0 0.654994 0.594269 1.0 0.662842 0.593964 1.0
0 0.635254 0.469248 0.016602 0.045558 0.632812 0.464692 1.0 0.641602 0.464692 1.0 0.636719 0.473804 1.0 0.631836 0.47836 1.0 0.638672 0.482916 1.0
0 0.624512 0.414579 0.014648 0.041002 0.621189 0.406747 1.0 0.628218 0.404369 1.0 0.624703 0.413886 1.0 0.623457 0.424727 1.0 0.627424 0.423141 1.0
0 0.634766 0.345103 0.013672 0.04328 0.632812 0.339408 1.0 0.639648 0.339408 1.0 0.636719 0.350797 1.0 0.633789 0.357631 1.0 0.638672 0.359909 1.0
0 0.644531 0.300683 0.013672 0.041002 0.642578 0.296128 1.0 0.649414 0.298405 1.0 0.645508 0.305239 1.0 0.642578 0.312073 1.0 0.647461 0.314351 1.0
0 0.657715 0.269932 0.012695 0.038724 0.655862 0.267897 1.0 0.662619 0.267645 1.0 0.659459 0.275524 1.0 0.655971 0.279337 1.0 0.662511 0.278576 1.0
0 0.600586 0.305239 0.013672 0.036446 0.598946 0.298567 1.0 0.604283 0.298813 1.0 0.601249 0.305401 1.0 0.599156 0.313699 1.0 0.604179 0.313456 1.0
0 0.59375 0.265376 0.013672 0.034169 0.0 0.0 0.0 0.0 0.0 0.0 0.0 0.0 0.0 0.0 0.0 0.0 0.0 0.0 0.0
0 0.594727 0.462415 0.017578 0.041002 0.590118 0.454686 1.0 0.59824 0.454137 1.0 0.594356 0.462923 1.0 0.592119 0.471159 1.0 0.598123 0.470337 1.0
0 0.578125 0.407745 0.019531 0.041002 0.575317 0.402904 1.0 0.583862 0.40262 1.0 0.579834 0.411731 1.0 0.577393 0.41885 1.0 0.582153 0.417426 1.0
0 0.596191 0.370159 0.012695 0.034169 0.593096 0.36782 1.0 0.598711 0.368055 1.0 0.596004 0.376241 1.0 0.593396 0.383724 1.0 0.597107 0.383492 1.0
0 0.59082 0.6082 0.019531 0.050114 0.585449 0.605271 1.0 0.593819 0.600066 1.0 0.591029 0.613408 1.0 0.589635 0.622845 1.0 0.594378 0.619264 1.0
0 0.523926 0.612756 0.014648 0.045558 0.520892 0.608667 1.0 0.527592 0.60749 1.0 0.523926 0.616925 1.0 0.520892 0.624888 1.0 0.528604 0.624888 1.0
0 0.541016 0.489749 0.011719 0.031891 0.540039 0.485194 1.0 0.545898 0.485194 1.0 0.542969 0.492027 1.0 0.538086 0.498861 1.0 0.543945 0.501139 1.0
0 0.551758 0.444191 0.013672 0.041002 0.549805 0.439636 1.0 0.556641 0.439636 1.0 0.553711 0.451025 1.0 0.550781 0.457859 1.0 0.557617 0.457859 1.0
0 0.530762 0.406606 0.012695 0.038724 0.529994 0.401806 1.0 0.535854 0.401563 1.0 0.533552 0.407663 1.0 0.52989 0.416205 1.0 0.535017 0.416449 1.0
0 0.556641 0.351936 0.013672 0.034169 0.554548 0.34492 1.0 0.559662 0.344686 1.0 0.557557 0.352638 1.0 0.554348 0.358952 1.0 0.559963 0.358485 1.0
0 0.558594 0.294989 0.011719 0.034169 0.555664 0.289294 1.0 0.561523 0.289294 1.0 0.558594 0.298405 1.0 0.555664 0.305239 1.0 0.561523 0.305239 1.0
0 0.541504 0.265376 0.014648 0.029613 0.539098 0.260494 1.0 0.546317 0.25839 1.0 0.542206 0.271021 1.0 0.539799 0.275932 1.0 0.544011 0.275932 1.0
0 0.497559 0.470387 0.014648 0.04328 0.495605 0.467825 1.0 0.502197 0.467255 1.0 0.498291 0.474658 1.0 0.496704 0.485194 1.0 0.501343 0.484909 1.0
0 0.515625 0.345103 0.013672 0.034169 0.513672 0.339408 1.0 0.521484 0.339408 1.0 0.517578 0.346241 1.0 0.513672 0.353075 1.0 0.519531 0.353075 1.0
0 0.517578 0.3041 0.013672 0.038724 0.515625 0.296128 1.0 0.522461 0.300683 1.0 0.517578 0.305239 1.0 0.513672 0.314351 1.0 0.520508 0.316629 1.0
0 0.499023 0.271071 0.013672 0.041002 0.495811 0.268405 1.0 0.501914 0.267645 1.0 0.498753 0.277305 1.0 0.496464 0.281118 1.0 0.501587 0.280355 1.0
0 0.473633 0.310934 0.011719 0.029613 0.470703 0.307517 1.0 0.477539 0.307517 1.0 0.474609 0.314351 1.0 0.47168 0.321185 1.0 0.476562 0.321185 1.0
0 0.47168 0.351936 0.015625 0.038724 0.468785 0.344451 1.0 0.47433 0.343232 1.0 0.472656 0.351528 1.0 0.469831 0.358118 1.0 0.474854 0.358852 1.0
0 0.477539 0.405467 0.017578 0.041002 0.473633 0.398633 1.0 0.483398 0.396355 1.0 0.478516 0.407745 1.0 0.474609 0.414579 1.0 0.483398 0.414579 1.0
0 0.427246 0.35877 0.014648 0.038724 0.424805 0.353075 1.0 0.431641 0.353075 1.0 0.428711 0.359909 1.0 0.425781 0.369021 1.0 0.431641 0.369021 1.0
0 0.427734 0.309795 0.013672 0.036446 0.426583 0.306866 1.0 0.432338 0.306378 1.0 0.429513 0.314189 1.0 0.427002 0.321754 1.0 0.430351 0.32151 1.0
0 0.403809 0.269932 0.014648 0.034169 0.401978 0.264765 1.0 0.4085 0.263647 1.0 0.405622 0.27036 1.0 0.401978 0.275503 1.0 0.4085 0.27461 1.0
0 0.388672 0.35877 0.013672 0.038724 0.38494 0.355191 1.0 0.392055 0.354702 1.0 0.388916 0.363244 1.0 0.386405 0.367882 1.0 0.391741 0.367394 1.0
0 0.418457 0.419134 0.016602 0.041002 0.416221 0.412861 1.0 0.42293 0.410663 1.0 0.420105 0.420822 1.0 0.417162 0.429335 1.0 0.423165 0.427686 1.0
0 0.404785 0.462415 0.018555 0.041002 0.400391 0.453303 1.0 0.40918 0.453303 1.0 0.404297 0.462415 1.0 0.400391 0.471526 1.0 0.408203 0.471526 1.0
0 0.44873 0.46697 0.016602 0.041002 0.446611 0.460615 1.0 0.455204 0.458144 1.0 0.450496 0.46995 1.0 0.446729 0.475715 1.0 0.454381 0.474617 1.0
0 0.367188 0.317768 0.017578 0.038724 0.364693 0.313538 1.0 0.371608 0.31195 1.0 0.368774 0.321469 1.0 0.367301 0.329137 1.0 0.370701 0.328608 1.0
0 0.35791 0.274487 0.014648 0.034169 0.356942 0.272453 1.0 0.362793 0.269544 1.0 0.360107 0.277599 1.0 0.35886 0.285654 1.0 0.361546 0.284982 1.0
0 0.344727 0.345103 0.015625 0.04328 0.340576 0.336845 1.0 0.348877 0.33713 1.0 0.344849 0.346241 1.0 0.340698 0.353929 1.0 0.348022 0.353929 1.0
0 0.365723 0.41344 0.016602 0.04328 0.364311 0.405396 1.0 0.371608 0.404023 1.0 0.368194 0.413084 1.0 0.365252 0.422419 1.0 0.370784 0.422419 1.0
0 0.354492 0.489749 0.015625 0.050114 0.35212 0.477708 1.0 0.361747 0.477708 1.0 0.357003 0.490727 1.0 0.353795 0.498861 1.0 0.359794 0.499513 1.0
0 0.318359 0.407745 0.017578 0.045558 0.315159 0.397841 1.0 0.323138 0.395399 1.0 0.319606 0.405772 1.0 0.317383 0.41828 1.0 0.32183 0.417059 1.0
0 0.320801 0.308656 0.014648 0.04328 0.317383 0.302961 1.0 0.325195 0.302961 1.0 0.321289 0.312073 1.0 0.318359 0.321185 1.0 0.324219 0.323462 1.0
0 0.319336 0.26082 0.013672 0.029613 0.317383 0.257403 1.0 0.323242 0.257403 1.0 0.320312 0.264237 1.0 0.318359 0.271071 1.0 0.323242 0.271071 1.0
0 0.297852 0.469248 0.019531 0.050114 0.293767 0.463695 1.0 0.302551 0.462749 1.0 0.297956 0.474415 1.0 0.295389 0.479774 1.0 0.3012 0.479144 1.0
0 0.32666 0.605923 0.018555 0.050114 0.323242 0.596811 1.0 0.333984 0.601367 1.0 0.329102 0.605923 1.0 0.321289 0.617312 1.0 0.332031 0.61959 1.0
0 0.388672 0.610478 0.019531 0.05467 0.384979 0.604 1.0 0.393066 0.600087 1.0 0.389862 0.614323 1.0 0.38559 0.622866 1.0 0.393982 0.617882 1.0
0 0.458008 0.589977 0.019531 0.050114 0.452148 0.583144 1.0 0.462891 0.580866 1.0 0.457031 0.592255 1.0 0.453125 0.601367 1.0 0.461914 0.603645 1.0
0 0.293945 0.33713 0.017578 0.045558 0.289555 0.330387 1.0 0.297646 0.330387 1.0 0.293601 0.337465 1.0 0.290061 0.344248 1.0 0.296509 0.344542 1.0
0 0.288086 0.273349 0.015625 0.041002 0.287109 0.268793 1.0 0.293945 0.271071 1.0 0.290039 0.277904 1.0 0.287109 0.28246 1.0 0.291016 0.287016 1.0
0 0.27002 0.300683 0.014648 0.036446 0.266602 0.296128 1.0 0.275391 0.296128 1.0 0.271484 0.302961 1.0 0.267578 0.309795 1.0 0.274414 0.309795 1.0
0 0.228516 0.333713 0.015625 0.04328 0.226872 0.330763 1.0 0.234078 0.329879 1.0 0.230918 0.338431 1.0 0.22801 0.34492 1.0 0.233952 0.344034 1.0
0 0.242676 0.323462 0.016602 0.045558 0.242188 0.316629 1.0 0.25 0.321185 1.0 0.245117 0.32574 1.0 0.241211 0.334852 1.0 0.246094 0.339408 1.0
0 0.265625 0.420273 0.017578 0.047836 0.263672 0.414579 1.0 0.272461 0.414579 1.0 0.268555 0.425968 1.0 0.265625 0.43508 1.0 0.271484 0.43508 1.0
0 0.248047 0.47836 0.019531 0.041002 0.244141 0.471526 1.0 0.25293 0.469248 1.0 0.249023 0.482916 1.0 0.245117 0.489749 1.0 0.25293 0.489749 1.0
0 0.268066 0.633257 0.018555 0.050114 0.263323 0.624146 1.0 0.269601 0.623494 1.0 0.266671 0.634884 1.0 0.263603 0.641718 1.0 0.269322 0.641068 1.0
0 0.195312 0.367882 0.017578 0.047836 0.192383 0.362187 1.0 0.202148 0.359909 1.0 0.197266 0.371298 1.0 0.193359 0.38041 1.0 0.201172 0.38041 1.0
0 0.213379 0.383827 0.016602 0.047836 0.0 0.0 0.0 0.0 0.0 0.0 0.0 0.0 0.0 0.0 0.0 0.0 0.0 0.0 0.0
0 0.177734 0.317768 0.017578 0.047836 0.175781 0.314351 1.0 0.185547 0.316629 1.0 0.181641 0.32574 1.0 0.178711 0.334852 1.0 0.185547 0.334852 1.0
0 0.161621 0.345103 0.018555 0.052392 0.15918 0.341686 1.0 0.168945 0.339408 1.0 0.165039 0.350797 1.0 0.161133 0.359909 1.0 0.166992 0.357631 1.0
0 0.133301 0.353075 0.022461 0.05467 0.131928 0.342326 1.0 0.142608 0.345886 1.0 0.137268 0.358699 1.0 0.12857 0.376852 1.0 0.136047 0.382547 1.0
0 0.454102 0.280182 0.013672 0.036446 0.451106 0.273023 1.0 0.458627 0.271854 1.0 0.455719 0.278169 1.0 0.454315 0.287759 1.0 0.458226 0.287524 1.0
0 0.094727 0.290433 0.023438 0.052392 0.089007 0.284107 1.0 0.099383 0.281342 1.0 0.095528 0.293442 1.0 0.091675 0.302087 1.0 0.099679 0.30105 1.0
0 0.037109 0.307517 0.021484 0.05467 0.036577 0.299016 1.0 0.045175 0.29867 1.0 0.042062 0.31008 1.0 0.037911 0.319415 1.0 0.044582 0.319068 1.0
0 0.406738 0.768793 0.02832 0.056948 0.403869 0.770642 1.0 0.410828 0.75185 1.0 0.412476 0.773633 1.0 0.411926 0.786446 1.0 0.417053 0.775768 1.0