0 0.217773 0.416789 0.03125 0.055965 0.214023 0.413034 1.0 0.227471 0.413196 1.0 0.222354 0.423667 1.0 0.215195 0.43137 1.0 0.226045 0.431605 1.0
0 0.165039 0.384389 0.021484 0.044183 0.160876 0.37913 1.0 0.171936 0.38337 1.0 0.164437 0.389306 1.0 0.160501 0.395809 1.0 0.168562 0.398919 1.0
0 0.161133 0.345361 0.015625 0.022091 0.156913 0.345097 1.0 0.163505 0.345256 1.0 0.159843 0.348096 1.0 0.158482 0.352829 1.0 0.161621 0.352672 1.0
0 0.150879 0.39028 0.014648 0.032401 0.151367 0.393225 1.0 0.158203 0.393225 1.0 0.155273 0.400589 1.0 0.151367 0.40648 1.0 0.157227 0.407953 1.0
0 0.20166 0.372607 0.024414 0.035346 0.198189 0.368557 1.0 0.209333 0.369976 1.0 0.203683 0.375657 1.0 0.197563 0.378735 1.0 0.207606 0.379918 1.0
0 0.230957 0.357143 0.018555 0.030928 0.228254 0.352613 1.0 0.235958 0.35404 1.0 0.232714 0.360358 1.0 0.229335 0.365046 1.0 0.2342 0.365454 1.0
0 0.240723 0.416789 0.018555 0.041237 0.235352 0.412318 1.0 0.245989 0.413633 1.0 0.240409 0.420735 1.0 0.234306 0.427835 1.0 0.243199 0.42915 1.0
0 0.266602 0.41458 0.025391 0.045655 0.259739 0.411325 1.0 0.272491 0.411029 1.0 0.267391 0.419314 1.0 0.263663 0.427302 1.0 0.272099 0.426119 1.0
0 0.299316 0.405007 0.020508 0.038292 0.295838 0.401785 1.0 0.305943 0.401785 1.0 0.301305 0.408032 1.0 0.297328 0.415028 1.0 0.305611 0.415277 1.0
0 0.288086 0.405007 0.015625 0.02651 0.0 0.0 0.0 0.0 0.0 0.0 0.0 0.0 0.0 0.0 0.0 0.0 0.0 0.0 0.0
0 0.319336 0.413108 0.015625 0.030928 0.316406 0.412371 1.0 0.324219 0.412371 1.0 0.320312 0.416789 1.0 0.317383 0.42268 1.0 0.324219 0.421208 1.0
0 0.292969 0.468336 0.025391 0.047128 0.287955 0.465614 1.0 0.300188 0.465916 1.0 0.293972 0.474686 1.0 0.289359 0.48134 1.0 0.298384 0.481038 1.0
0 0.253906 0.438144 0.011719 0.019146 0.0 0.0 0.0 0.0 0.0 0.0 0.0 0.0 0.0 0.0 0.0 0.0 0.0 0.0 0.0
0 0.350098 0.435199 0.020508 0.039764 0.34893 0.430135 1.0 0.357091 0.432701 1.0 0.35301 0.43911 1.0 0.347569 0.444753 1.0 0.35471 0.444753 1.0
0 0.349121 0.387334 0.018555 0.029455 0.347368 0.386598 1.0 0.354954 0.389267 1.0 0.352173 0.395368 1.0 0.347115 0.400135 1.0 0.354448 0.400135 1.0
0 0.378418 0.412371 0.014648 0.023564 0.374023 0.409426 1.0 0.379883 0.407953 1.0 0.375977 0.415317 1.0 0.375 0.42268 1.0 0.378906 0.421208 1.0
0 0.388672 0.44109 0.019531 0.030928 0.387826 0.435028 1.0 0.395805 0.436015 1.0 0.392796 0.442918 1.0 0.389134 0.448243 1.0 0.393319 0.448243 1.0
0 0.369629 0.376289 0.016602 0.033873 0.367676 0.371766 1.0 0.374651 0.374711 1.0 0.370187 0.380811 1.0 0.365862 0.382705 1.0 0.371163 0.38523 1.0
0 0.396484 0.394698 0.015625 0.029455 0.393629 0.389957 1.0 0.400077 0.390339 1.0 0.397042 0.394343 1.0 0.393376 0.3993 1.0 0.398938 0.3993 1.0
0 0.408691 0.412371 0.016602 0.035346 0.404559 0.410807 1.0 0.412118 0.409912 1.0 0.407671 0.416395 1.0 0.4053 0.422654 1.0 0.411525 0.42176 1.0
0 0.426758 0.420471 0.017578 0.036819 0.422852 0.419735 1.0 0.430664 0.418262 1.0 0.426758 0.425626 1.0 0.423828 0.43299 1.0 0.432617 0.428571 1.0
0 0.443848 0.409426 0.016602 0.029455 0.441445 0.406973 1.0 0.44979 0.405448 1.0 0.445997 0.412502 1.0 0.442836 0.417459 1.0 0.449158 0.417459 1.0
0 0.42334 0.380707 0.016602 0.030928 0.425371 0.38076 1.0 0.429164 0.38076 1.0 0.430211 0.385493 1.0 0.426418 0.390622 1.0 0.429033 0.390622 1.0
0 0.467285 0.402798 0.016602 0.039764 0.464303 0.399813 1.0 0.471593 0.400813 1.0 0.467782 0.407308 1.0 0.463641 0.411306 1.0 0.471096 0.411555 1.0
0 0.478516 0.385125 0.015625 0.030928 0.0 0.0 0.0 0.0 0.0 0.0 0.0 0.0 0.0 0.0 0.0 0.0 0.0 0.0 0.0
0 0.495117 0.389543 0.013672 0.027982 0.49298 0.385941 1.0 0.498396 0.386118 1.0 0.49557 0.389845 1.0 0.493452 0.394284 1.0 0.49816 0.394639 1.0
0 0.490234 0.419735 0.015625 0.029455 0.484776 0.42013 1.0 0.490531 0.419143 1.0 0.487522 0.423088 1.0 0.48543 0.428809 1.0 0.489223 0.428611 1.0
0 0.504395 0.432253 0.018555 0.036819 0.500453 0.43057 1.0 0.50987 0.428913 1.0 0.505633 0.436725 1.0 0.50265 0.442168 1.0 0.508614 0.441931 1.0
0 0.523438 0.416789 0.013672 0.02651 0.525138 0.415421 1.0 0.528538 0.415421 1.0 0.527745 0.420037 1.0 0.525704 0.423457 1.0 0.527404 0.423286 1.0
0 0.518555 0.384389 0.013672 0.02651 0.515729 0.382054 1.0 0.52291 0.382233 1.0 0.519379 0.387203 1.0 0.516436 0.391108 1.0 0.522439 0.391108 1.0
0 0.541016 0.394698 0.015625 0.029455 0.539062 0.393225 1.0 0.546875 0.391753 1.0 0.542969 0.396171 1.0 0.539062 0.400589 1.0 0.544922 0.402062 1.0
0 0.550293 0.409426 0.014648 0.029455 0.0 0.0 0.0 0.0 0.0 0.0 0.0 0.0 0.0 0.0 0.0 0.0 0.0 0.0 0.0
0 0.5625 0.41458 0.017578 0.033873 0.55712 0.415448 1.0 0.566328 0.413713 1.0 0.56158 0.420221 1.0 0.559278 0.425645 1.0 0.564889 0.425212 1.0
0 0.589844 0.421944 0.017578 0.036819 0.585318 0.420971 1.0 0.593384 0.420242 1.0 0.589513 0.428999 1.0 0.584996 0.430458 1.0 0.593384 0.431189 1.0
0 0.605469 0.393225 0.017578 0.032401 0.601981 0.389228 1.0 0.609375 0.389859 1.0 0.605469 0.394909 1.0 0.601842 0.399327 1.0 0.608956 0.4008 1.0
0 0.537109 0.444035 0.019531 0.033873 0.533456 0.442299 1.0 0.540793 0.442299 1.0 0.537484 0.449243 1.0 0.5336 0.454233 1.0 0.540361 0.454233 1.0
0 0.810547 0.399853 0.037109 0.066274 0.800171 0.393409 1.0 0.815826 0.39258 1.0 0.807037 0.40418 1.0 0.80127 0.414121 1.0 0.814179 0.413292 1.0
0 0.733398 0.433726 0.029297 0.054492 0.726467 0.431984 1.0 0.739868 0.431635 1.0 0.732937 0.441044 1.0 0.727853 0.44871 1.0 0.738713 0.447317 1.0
0 0.688477 0.427835 0.029297 0.051546 0.680725 0.424751 1.0 0.692475 0.421853 1.0 0.68692 0.432483 1.0 0.684998 0.440538 1.0 0.693329 0.438604 1.0
0 0.642578 0.39838 0.019531 0.036819 0.0 0.0 0.0 0.0 0.0 0.0 0.0 0.0 0.0 0.0 0.0 0.0 0.0 0.0 0.0
0 0.622559 0.40648 0.016602 0.02651 0.617598 0.405922 1.0 0.625484 0.405744 1.0 0.621364 0.412489 1.0 0.619363 0.41604 1.0 0.624896 0.415863 1.0
0 0.705078 0.614138 0.033203 0.064801 0.696838 0.609675 1.0 0.709747 0.606775 1.0 0.703979 0.620857 1.0 0.700684 0.631214 1.0 0.712494 0.629143 1.0
0 0.631348 0.581738 0.02832 0.050074 0.624303 0.574203 1.0 0.637007 0.575748 1.0 0.629835 0.587181 1.0 0.625532 0.594289 1.0 0.634138 0.594598 1.0
0 0.574219 0.558174 0.023438 0.044183 0.56747 0.555741 1.0 0.578718 0.552632 1.0 0.573094 0.564222 1.0 0.570845 0.569594 1.0 0.578343 0.569029 1.0
0 0.578125 0.486745 0.023438 0.039764 0.570836 0.485976 1.0 0.580357 0.481873 1.0 0.574236 0.4929 1.0 0.573556 0.499822 1.0 0.581547 0.496233 1.0
0 0.609863 0.489691 0.030273 0.054492 0.601981 0.493872 1.0 0.609606 0.487599 1.0 0.607988 0.501887 1.0 0.607988 0.509205 1.0 0.614921 0.503281 1.0
0 0.520996 0.561856 0.020508 0.039764 0.516087 0.56006 1.0 0.525608 0.559804 1.0 0.521528 0.567753 1.0 0.517447 0.574676 1.0 0.524929 0.574676 1.0
0 0.481445 0.555965 0.019531 0.036819 0.475616 0.551501 1.0 0.485535 0.550119 1.0 0.480347 0.557714 1.0 0.477447 0.564847 1.0 0.485077 0.562085 1.0
0 0.483398 0.503682 0.015625 0.029455 0.480888 0.499895 1.0 0.488094 0.500848 1.0 0.484048 0.506758 1.0 0.480888 0.511526 1.0 0.486071 0.511526 1.0
0 0.434082 0.536819 0.018555 0.039764 0.430023 0.53227 1.0 0.438864 0.533295 1.0 0.433594 0.543038 1.0 0.429003 0.546885 1.0 0.436654 0.547654 1.0
0 0.428223 0.590574 0.022461 0.044183 0.42331 0.58701 1.0 0.433433 0.585315 1.0 0.429871 0.594644 1.0 0.425559 0.601711 1.0 0.434183 0.599733 1.0
0 0.38623 0.564801 0.022461 0.04271 0.382752 0.560474 1.0 0.391906 0.558819 1.0 0.389344 0.567655 1.0 0.384399 0.576215 1.0 0.391724 0.576215 1.0
0 0.348633 0.587629 0.025391 0.055965 0.344705 0.580969 1.0 0.356951 0.581317 1.0 0.351867 0.59177 1.0 0.345167 0.599088 1.0 0.354641 0.599785 1.0
0 0.266602 0.591311 0.027344 0.048601 0.262756 0.584585 1.0 0.27546 0.58582 1.0 0.269928 0.593546 1.0 0.263371 0.603125 1.0 0.272592 0.603125 1.0
0 0.192871 0.586892 0.032227 0.054492 0.191022 0.582015 1.0 0.206272 0.582711 1.0 0.199572 0.593514 1.0 0.190792 0.601529 1.0 0.202113 0.601529 1.0
0 0.151855 0.634021 0.040039 0.072165 0.150578 0.626197 1.0 0.167424 0.624381 1.0 0.164115 0.639353 1.0 0.152082 0.652056 1.0 0.163514 0.651147 1.0
0 0.101074 0.564065 0.016602 0.029455 0.101562 0.565538 1.0 0.110352 0.561119 1.0 0.109375 0.569956 1.0 0.105469 0.57732 1.0 0.111328 0.572901 1.0
0 0.627441 0.729013 0.026367 0.050074 0.62146 0.726666 1.0 0.634705 0.726345 1.0 0.627869 0.738909 1.0 0.625305 0.744063 1.0 0.632141 0.743741 1.0
0 0.579102 0.640648 0.027344 0.061856 0.575195 0.63623 1.0 0.588867 0.63623 1.0 0.583008 0.646539 1.0 0.576172 0.653903 1.0 0.588867 0.653903 1.0
0 0.570312 0.726068 0.021484 0.047128 0.564453 0.717231 1.0 0.575195 0.723122 1.0 0.566406 0.727541 1.0 0.563477 0.734904 1.0 0.569336 0.73785 1.0
0 0.48584 0.683358 0.024414 0.041237 0.482875 0.68057 1.0 0.493513 0.677677 1.0 0.489153 0.689249 1.0 0.484968 0.696087 1.0 0.491943 0.694508 1.0