0 0.828125 0.488281 0.021484 0.033854 0.822335 0.484085 1.0 0.831944 0.483863 1.0 0.826477 0.489607 1.0 0.822501 0.49778 1.0 0.830122 0.498 1.0
0 0.77832 0.513672 0.019531 0.035156 0.77509 0.508911 1.0 0.784781 0.510271 1.0 0.779681 0.515486 1.0 0.77543 0.52274 1.0 0.783081 0.52274 1.0
0 0.73877 0.522786 0.020508 0.032552 0.733573 0.517741 1.0 0.742362 0.516904 1.0 0.737653 0.524228 1.0 0.734044 0.530297 1.0 0.742833 0.530087 1.0
0 0.703613 0.496094 0.022461 0.033854 0.698447 0.491572 1.0 0.706189 0.48985 1.0 0.702641 0.496089 1.0 0.699415 0.50426 1.0 0.706996 0.503401 1.0
0 0.65918 0.529297 0.025391 0.03776 0.653137 0.525716 1.0 0.663758 0.523518 1.0 0.658813 0.532307 1.0 0.655884 0.54012 1.0 0.665223 0.538167 1.0
0 0.637207 0.514974 0.018555 0.032552 0.632481 0.510556 1.0 0.640643 0.510138 1.0 0.635777 0.516206 1.0 0.632481 0.523112 1.0 0.640172 0.522694 1.0
0 0.603027 0.516927 0.024414 0.033854 0.599147 0.512835 1.0 0.607857 0.512405 1.0 0.604471 0.520362 1.0 0.600115 0.52746 1.0 0.609632 0.525954 1.0
0 0.588867 0.452474 0.021484 0.027344 0.584961 0.447452 1.0 0.595146 0.447266 1.0 0.589844 0.453033 1.0 0.585658 0.459728 1.0 0.594727 0.458612 1.0
0 0.570312 0.523438 0.021484 0.03125 0.565081 0.521147 1.0 0.575753 0.518776 1.0 0.569824 0.525495 1.0 0.566859 0.531622 1.0 0.575309 0.529844 1.0
0 0.536133 0.470703 0.021484 0.029948 0.531982 0.466495 1.0 0.541173 0.465111 1.0 0.537318 0.473411 1.0 0.533465 0.478749 1.0 0.542062 0.478353 1.0
0 0.509766 0.458333 0.019531 0.03125 0.505463 0.454427 1.0 0.512787 0.453816 1.0 0.509125 0.460124 1.0 0.505768 0.465617 1.0 0.51416 0.46521 1.0
0 0.520508 0.526693 0.021484 0.03776 0.515324 0.522293 1.0 0.526942 0.521815 1.0 0.521044 0.528727 1.0 0.516933 0.535401 1.0 0.52301 0.535161 1.0
0 0.472168 0.535156 0.022461 0.033854 0.467329 0.53171 1.0 0.476685 0.529988 1.0 0.47249 0.536871 1.0 0.467329 0.542033 1.0 0.478137 0.541603 1.0
0 0.476562 0.486979 0.021484 0.039062 0.471688 0.483578 1.0 0.482187 0.482828 1.0 0.477312 0.488578 1.0 0.473001 0.495327 1.0 0.482749 0.495077 1.0
0 0.487305 0.447266 0.019531 0.029948 0.484227 0.444005 1.0 0.492571 0.444772 1.0 0.488111 0.450335 1.0 0.483076 0.454172 1.0 0.49214 0.455323 1.0
0 0.445801 0.442708 0.020508 0.03125 0.442199 0.436663 1.0 0.450204 0.436465 1.0 0.446054 0.443581 1.0 0.442199 0.450299 1.0 0.450056 0.450103 1.0
0 0.437012 0.525391 0.020508 0.032552 0.431519 0.521392 1.0 0.441093 0.520973 1.0 0.436227 0.526204 1.0 0.432304 0.532901 1.0 0.441406 0.533319 1.0
0 0.373535 0.545573 0.024414 0.033854 0.366595 0.540405 1.0 0.375628 0.539115 1.0 0.371918 0.548148 1.0 0.368369 0.553525 1.0 0.376596 0.55202 1.0
0 0.365234 0.510417 0.023438 0.03125 0.359985 0.505289 1.0 0.369293 0.505697 1.0 0.364563 0.511393 1.0 0.358917 0.517293 1.0 0.367615 0.517293 1.0
0 0.39209 0.461589 0.020508 0.032552 0.387887 0.459437 1.0 0.396759 0.458793 1.0 0.392727 0.464599 1.0 0.38821 0.469331 1.0 0.39563 0.469116 1.0
0 0.339355 0.461589 0.018555 0.029948 0.337629 0.455107 1.0 0.344967 0.456451 1.0 0.340794 0.462204 1.0 0.335759 0.466617 1.0 0.344247 0.46796 1.0
0 0.328125 0.50651 0.021484 0.028646 0.325893 0.502418 1.0 0.334403 0.50279 1.0 0.330775 0.507626 1.0 0.325753 0.514509 1.0 0.333705 0.514882 1.0
0 0.314453 0.536458 0.023438 0.033854 0.310412 0.531076 1.0 0.319606 0.531076 1.0 0.315734 0.539034 1.0 0.309605 0.54398 1.0 0.320413 0.544841 1.0
0 0.280273 0.517578 0.023438 0.035156 0.274662 0.513102 1.0 0.284354 0.511062 1.0 0.279764 0.519223 1.0 0.275513 0.526025 1.0 0.285714 0.52557 1.0
0 0.26416 0.548828 0.024414 0.035156 0.26059 0.544294 1.0 0.270451 0.542934 1.0 0.26603 0.552456 1.0 0.2611 0.557669 1.0 0.270961 0.556763 1.0
0 0.177734 0.53125 0.023438 0.03125 0.172607 0.525402 1.0 0.181945 0.524612 1.0 0.178536 0.531134 1.0 0.174238 0.538051 1.0 0.182687 0.536865 1.0
0 0.215332 0.508464 0.020508 0.032552 0.211234 0.504255 1.0 0.221436 0.504046 1.0 0.21657 0.510742 1.0 0.211234 0.515974 1.0 0.221906 0.515974 1.0
0 0.226074 0.557943 0.022461 0.032552 0.222229 0.551352 1.0 0.231842 0.551352 1.0 0.227111 0.558674 1.0 0.220551 0.564168 1.0 0.232605 0.565592 1.0
0 0.504883 0.64974 0.025391 0.036458 0.49721 0.646484 1.0 0.506452 0.643229 1.0 0.502093 0.654389 1.0 0.502267 0.661133 1.0 0.508894 0.658807 1.0