0 0.404785 0.145862 0.045898 0.080054 0.394889 0.13279 1.0 0.415152 0.132288 1.0 0.405383 0.147872 1.0 0.397783 0.160442 1.0 0.415515 0.15843 1.0
0 0.36377 0.253731 0.041992 0.067843 0.355055 0.240151 1.0 0.374556 0.241441 1.0 0.364031 0.254343 1.0 0.355983 0.266815 1.0 0.37146 0.268106 1.0
0 0.246094 0.267978 0.041016 0.058345 0.235012 0.254427 1.0 0.254159 0.251472 1.0 0.245915 0.267361 1.0 0.238203 0.277336 1.0 0.255223 0.278076 1.0
0 0.13623 0.457938 0.041992 0.071913 0.13035 0.446586 1.0 0.150622 0.444769 1.0 0.144082 0.461123 1.0 0.135581 0.472936 1.0 0.149641 0.470664 1.0
0 0.27002 0.486431 0.041992 0.063772 0.260123 0.469604 1.0 0.281703 0.470004 1.0 0.271057 0.485596 1.0 0.261562 0.495991 1.0 0.277388 0.49679 1.0
0 0.571777 0.143148 0.041992 0.077341 0.563066 0.136509 1.0 0.582729 0.136012 1.0 0.573076 0.14694 1.0 0.563424 0.162834 1.0 0.582014 0.160848 1.0
0 0.507324 0.25441 0.040039 0.069199 0.500004 0.243355 1.0 0.522282 0.244681 1.0 0.510825 0.257505 1.0 0.501277 0.269444 1.0 0.51719 0.270328 1.0
0 0.648438 0.266621 0.041016 0.063772 0.636069 0.255524 1.0 0.657101 0.253901 1.0 0.646877 0.273381 1.0 0.639866 0.281092 1.0 0.655348 0.280281 1.0
0 0.384766 0.470149 0.044922 0.071913 0.375122 0.464697 1.0 0.395395 0.462881 1.0 0.385912 0.47651 1.0 0.378064 0.489684 1.0 0.395722 0.487867 1.0
0 0.506348 0.462687 0.045898 0.075984 0.495871 0.448688 1.0 0.517225 0.447252 1.0 0.505859 0.464001 1.0 0.500004 0.475486 1.0 0.511715 0.475486 1.0
0 0.620117 0.474898 0.039062 0.081411 0.611328 0.465909 1.0 0.630005 0.466418 1.0 0.619751 0.483209 1.0 0.611694 0.494912 1.0 0.62854 0.494912 1.0
0 0.735352 0.502714 0.044922 0.069199 0.722621 0.490332 1.0 0.744899 0.486795 1.0 0.734396 0.504924 1.0 0.728031 0.51598 1.0 0.744263 0.512885 1.0
0 0.73291 0.194708 0.041992 0.074627 0.72287 0.18449 1.0 0.741333 0.182624 1.0 0.731934 0.197083 1.0 0.724549 0.212942 1.0 0.740326 0.212008 1.0
0 0.798828 0.261872 0.042969 0.067843 0.788744 0.253883 1.0 0.808864 0.254313 1.0 0.79834 0.265495 1.0 0.79184 0.276677 1.0 0.805459 0.276677 1.0
0 0.84668 0.467436 0.042969 0.066486 0.833068 0.451033 1.0 0.853524 0.449361 1.0 0.843297 0.463153 1.0 0.837581 0.478617 1.0 0.85172 0.476946 1.0