0 0.355469 0.216152 0.017578 0.061758 0.351676 0.209344 1.0 0.360125 0.21015 1.0 0.356314 0.223045 1.0 0.351842 0.229492 1.0 0.359131 0.229088 1.0
0 0.439941 0.178147 0.018555 0.057007 0.436828 0.170216 1.0 0.44424 0.171297 1.0 0.441868 0.182834 1.0 0.437273 0.192929 1.0 0.442758 0.19329 1.0
0 0.508301 0.211401 0.020508 0.061758 0.505005 0.205803 1.0 0.511963 0.205803 1.0 0.508318 0.218696 1.0 0.503017 0.223532 1.0 0.51246 0.223131 1.0
0 0.541992 0.279097 0.017578 0.054632 0.538164 0.277698 1.0 0.546077 0.277698 1.0 0.541617 0.287846 1.0 0.53874 0.296245 1.0 0.544639 0.296245 1.0
0 0.577148 0.289786 0.019531 0.061758 0.571816 0.283107 1.0 0.580204 0.282713 1.0 0.575688 0.294876 1.0 0.572301 0.303508 1.0 0.57956 0.303116 1.0
0 0.608398 0.204276 0.017578 0.057007 0.603908 0.200309 1.0 0.612357 0.201392 1.0 0.608354 0.214732 1.0 0.60376 0.22014 1.0 0.611616 0.22086 1.0
0 0.541504 0.450119 0.022461 0.064133 0.537423 0.438233 1.0 0.545925 0.437817 1.0 0.541844 0.452292 1.0 0.538104 0.46015 1.0 0.545244 0.460563 1.0
0 0.580078 0.476247 0.015625 0.054632 0.577637 0.473703 1.0 0.584473 0.472684 1.0 0.580566 0.482525 1.0 0.577637 0.49033 1.0 0.583496 0.49033 1.0
0 0.506836 0.32304 0.019531 0.052257 0.502022 0.319646 1.0 0.510254 0.319986 1.0 0.506208 0.327112 1.0 0.502441 0.336273 1.0 0.509975 0.335936 1.0
0 0.462891 0.286223 0.019531 0.068884 0.458278 0.281207 1.0 0.467651 0.279838 1.0 0.46259 0.293062 1.0 0.457716 0.300815 1.0 0.466901 0.299903 1.0
0 0.470703 0.457245 0.019531 0.054632 0.46582 0.446556 1.0 0.474609 0.444181 1.0 0.470703 0.456057 1.0 0.46582 0.465558 1.0 0.477539 0.463183 1.0
0 0.435547 0.344418 0.017578 0.057007 0.432138 0.338798 1.0 0.439846 0.336995 1.0 0.435991 0.347451 1.0 0.432138 0.355382 1.0 0.440142 0.354302 1.0
0 0.402344 0.307601 0.019531 0.059382 0.399414 0.302257 1.0 0.407654 0.300029 1.0 0.403687 0.314133 1.0 0.400635 0.320812 1.0 0.407501 0.31933 1.0
0 0.383789 0.463183 0.019531 0.061758 0.380153 0.454318 1.0 0.388768 0.454318 1.0 0.385289 0.465601 1.0 0.379822 0.47648 1.0 0.388105 0.47648 1.0
0 0.335449 0.554632 0.022461 0.068884 0.330183 0.540518 1.0 0.339299 0.540083 1.0 0.335366 0.555299 1.0 0.330719 0.567473 1.0 0.338763 0.565734 1.0
0 0.327637 0.286223 0.022461 0.073634 0.324166 0.279394 1.0 0.332799 0.279394 1.0 0.329729 0.290591 1.0 0.324166 0.299924 1.0 0.332799 0.30039 1.0
0 0.277832 0.212589 0.018555 0.059382 0.273529 0.204646 1.0 0.282685 0.204276 1.0 0.278717 0.215038 1.0 0.272613 0.224318 1.0 0.283295 0.222831 1.0
0 0.249023 0.289786 0.021484 0.061758 0.244337 0.287029 1.0 0.253209 0.28742 1.0 0.248369 0.298406 1.0 0.244337 0.306646 1.0 0.251918 0.305862 1.0
0 0.243164 0.457245 0.019531 0.064133 0.238106 0.449907 1.0 0.247799 0.448252 1.0 0.244228 0.461487 1.0 0.239978 0.472238 1.0 0.247458 0.470998 1.0
0 0.186035 0.285036 0.022461 0.066508 0.181396 0.281219 1.0 0.191511 0.279097 1.0 0.186803 0.293943 1.0 0.182094 0.302002 1.0 0.192034 0.300729 1.0
0 0.185547 0.17696 0.021484 0.059382 0.181745 0.169665 1.0 0.190377 0.169283 1.0 0.186768 0.179207 1.0 0.183314 0.188751 1.0 0.190377 0.188371 1.0
0 0.097168 0.273159 0.02832 0.066508 0.096191 0.260233 1.0 0.10638 0.264145 1.0 0.102447 0.275449 1.0 0.095655 0.286318 1.0 0.105665 0.288926 1.0
0 0.091309 0.414489 0.024414 0.068884 0.087424 0.406663 1.0 0.097791 0.406228 1.0 0.093681 0.421012 1.0 0.087424 0.429271 1.0 0.096897 0.428836 1.0
0 0.149902 0.467933 0.020508 0.061758 0.146267 0.461487 1.0 0.155378 0.461083 1.0 0.15107 0.473575 1.0 0.146432 0.481634 1.0 0.155213 0.481634 1.0
0 0.746582 0.195962 0.022461 0.068884 0.740958 0.190979 1.0 0.749181 0.189675 1.0 0.744176 0.202717 1.0 0.741673 0.212717 1.0 0.750253 0.212283 1.0
0 0.805664 0.268409 0.021484 0.071259 0.799552 0.261292 1.0 0.808175 0.260836 1.0 0.802926 0.272694 1.0 0.799927 0.285005 1.0 0.80855 0.284093 1.0
0 0.871094 0.330166 0.021484 0.061758 0.865147 0.326539 1.0 0.874425 0.324525 1.0 0.869951 0.337017 1.0 0.865976 0.34709 1.0 0.874259 0.345881 1.0
0 0.911133 0.364608 0.021484 0.059382 0.905291 0.362658 1.0 0.914394 0.356166 1.0 0.910627 0.368765 1.0 0.907488 0.381363 1.0 0.917533 0.374109 1.0
0 0.837402 0.463183 0.020508 0.061758 0.833038 0.457679 1.0 0.842232 0.456504 1.0 0.837394 0.465919 1.0 0.834168 0.476905 1.0 0.842878 0.474943 1.0
0 0.834473 0.558195 0.018555 0.052257 0.829869 0.557176 1.0 0.837402 0.558874 1.0 0.832938 0.567356 1.0 0.830427 0.575841 1.0 0.834892 0.576518 1.0
0 0.89209 0.642518 0.020508 0.049881 0.887089 0.635539 1.0 0.895469 0.635539 1.0 0.890604 0.646717 1.0 0.886954 0.654278 1.0 0.895874 0.654278 1.0
0 0.770508 0.612827 0.021484 0.057007 0.762695 0.608076 1.0 0.770508 0.60095 1.0 0.766602 0.612827 1.0 0.765625 0.627078 1.0 0.774414 0.622328 1.0
0 0.739258 0.465558 0.021484 0.052257 0.733398 0.453682 1.0 0.742188 0.453682 1.0 0.736328 0.465558 1.0 0.733398 0.475059 1.0 0.744141 0.472684 1.0
0 0.688965 0.320665 0.018555 0.052257 0.685059 0.313879 1.0 0.692452 0.31286 1.0 0.689384 0.324736 1.0 0.685338 0.331862 1.0 0.692592 0.331862 1.0
0 0.638672 0.337292 0.017578 0.052257 0.634277 0.330846 1.0 0.641253 0.329487 1.0 0.637904 0.341363 1.0 0.635533 0.347473 1.0 0.640416 0.346454 1.0
0 0.640625 0.451306 0.017578 0.052257 0.636719 0.441805 1.0 0.644531 0.437055 1.0 0.642578 0.451306 1.0 0.636719 0.460808 1.0 0.647461 0.456057 1.0
0 0.692871 0.451306 0.016602 0.052257 0.692034 0.446216 1.0 0.69887 0.446216 1.0 0.695382 0.457413 1.0 0.692034 0.462843 1.0 0.698173 0.463183 1.0
0 0.676758 0.203088 0.017578 0.049881 0.673096 0.19872 1.0 0.680158 0.19681 1.0 0.675712 0.209216 1.0 0.674403 0.219078 1.0 0.679766 0.217487 1.0