0 0.971191 0.696615 0.006836 0.033854 0.969997 0.693849 1.0 0.973449 0.694266 1.0 0.971724 0.699289 1.0 0.970311 0.703474 1.0 0.973371 0.703474 1.0
0 0.955566 0.641927 0.008789 0.028646 0.954521 0.641555 1.0 0.957729 0.641742 1.0 0.956055 0.646206 1.0 0.955078 0.651599 1.0 0.957101 0.651599 1.0
0 0.949707 0.692708 0.008789 0.026042 0.948242 0.6875 1.0 0.952148 0.6875 1.0 0.950195 0.692708 1.0 0.948242 0.695312 1.0 0.952148 0.695312 1.0
0 0.935547 0.713542 0.007812 0.026042 0.933197 0.709797 1.0 0.936794 0.709797 1.0 0.93529 0.71625 1.0 0.933197 0.718867 1.0 0.937056 0.719216 1.0
0 0.931641 0.658854 0.007812 0.026042 0.931013 0.657552 1.0 0.934151 0.657552 1.0 0.933105 0.66276 1.0 0.93171 0.665737 1.0 0.934222 0.664992 1.0
0 0.930176 0.609375 0.006836 0.026042 0.928711 0.604167 1.0 0.932617 0.604167 1.0 0.930664 0.609375 1.0 0.928711 0.614583 1.0 0.932617 0.611979 1.0
0 0.927246 0.583333 0.006836 0.020833 0.925781 0.580729 1.0 0.929688 0.580729 1.0 0.927734 0.583333 1.0 0.925781 0.588542 1.0 0.928711 0.588542 1.0
0 0.923828 0.553385 0.007812 0.023438 0.922354 0.547758 1.0 0.925188 0.54806 1.0 0.923771 0.551536 1.0 0.921675 0.555768 1.0 0.924849 0.555919 1.0
0 0.912109 0.519531 0.007812 0.023438 0.911133 0.515625 1.0 0.915039 0.518229 1.0 0.912109 0.523438 1.0 0.910156 0.526042 1.0 0.913086 0.528646 1.0
0 0.909668 0.571615 0.006836 0.023438 0.908691 0.569172 1.0 0.911499 0.5695 1.0 0.909973 0.57438 1.0 0.908631 0.577313 1.0 0.911011 0.577635 1.0
0 0.904785 0.563802 0.006836 0.018229 0.90332 0.559896 1.0 0.90625 0.557292 1.0 0.904297 0.5625 1.0 0.90332 0.567708 1.0 0.905273 0.567708 1.0
0 0.912109 0.619792 0.007812 0.020833 0.910862 0.616828 1.0 0.915227 0.615919 1.0 0.913017 0.622419 1.0 0.910806 0.627104 1.0 0.915 0.625896 1.0
0 0.906738 0.651042 0.008789 0.026042 0.903948 0.651599 1.0 0.907575 0.651414 1.0 0.905622 0.658669 1.0 0.904854 0.663133 1.0 0.906878 0.66276 1.0
0 0.914551 0.690104 0.008789 0.026042 0.912589 0.686013 1.0 0.915662 0.686013 1.0 0.914485 0.691245 1.0 0.913439 0.694034 1.0 0.916447 0.693859 1.0
0 0.900879 0.691406 0.006836 0.023438 0.899336 0.687594 1.0 0.902396 0.687594 1.0 0.90081 0.693185 1.0 0.899676 0.698474 1.0 0.901772 0.698474 1.0
0 0.885742 0.654948 0.007812 0.023438 0.883911 0.651854 1.0 0.887695 0.652182 1.0 0.885193 0.656089 1.0 0.884338 0.660807 1.0 0.887023 0.660969 1.0
0 0.893555 0.619792 0.007812 0.026042 0.890878 0.616047 1.0 0.894147 0.615701 1.0 0.89212 0.620409 1.0 0.891271 0.623372 1.0 0.894147 0.623372 1.0
0 0.88623 0.571615 0.006836 0.023438 0.884766 0.570312 1.0 0.888672 0.570312 1.0 0.886719 0.572917 1.0 0.884766 0.578125 1.0 0.888672 0.578125 1.0
0 0.878906 0.598958 0.007812 0.020833 0.876953 0.59375 1.0 0.880859 0.59375 1.0 0.878906 0.598958 1.0 0.876953 0.604167 1.0 0.880859 0.604167 1.0
0 0.868164 0.575521 0.007812 0.026042 0.866211 0.570312 1.0 0.870117 0.572917 1.0 0.868164 0.578125 1.0 0.866211 0.580729 1.0 0.869141 0.583333 1.0
0 0.888672 0.53125 0.007812 0.026042 0.887695 0.526042 1.0 0.891602 0.526042 1.0 0.889648 0.53125 1.0 0.887695 0.533854 1.0 0.890625 0.536458 1.0
0 0.894531 0.522135 0.005859 0.023438 0.894531 0.518229 1.0 0.897461 0.518229 1.0 0.895508 0.526042 1.0 0.894531 0.528646 1.0 0.897461 0.528646 1.0
0 0.873047 0.498698 0.007812 0.023438 0.873047 0.497396 1.0 0.875 0.497396 1.0 0.875 0.502604 1.0 0.87207 0.505208 1.0 0.875 0.507812 1.0
0 0.864258 0.523438 0.007812 0.026042 0.863835 0.522135 1.0 0.866516 0.521961 1.0 0.864881 0.527193 1.0 0.863246 0.529807 1.0 0.866451 0.529633 1.0
0 0.848633 0.496094 0.007812 0.023438 0.848201 0.493187 1.0 0.851998 0.493187 1.0 0.849958 0.499081 1.0 0.849052 0.503917 1.0 0.851375 0.503615 1.0
0 0.842773 0.552083 0.007812 0.020833 0.84082 0.546875 1.0 0.844727 0.549479 1.0 0.842773 0.554688 1.0 0.84082 0.557292 1.0 0.844727 0.559896 1.0
0 0.849121 0.574219 0.006836 0.023438 0.847656 0.572917 1.0 0.850586 0.570312 1.0 0.848633 0.578125 1.0 0.847656 0.580729 1.0 0.850586 0.580729 1.0
0 0.861328 0.619792 0.007812 0.026042 0.859985 0.613443 1.0 0.863159 0.61312 1.0 0.861512 0.617839 1.0 0.860047 0.623372 1.0 0.863403 0.623859 1.0
0 0.852539 0.651042 0.007812 0.026042 0.850726 0.650297 1.0 0.853236 0.650297 1.0 0.851911 0.654576 1.0 0.851005 0.660341 1.0 0.853097 0.660156 1.0
0 0.866699 0.658854 0.006836 0.020833 0.865234 0.65625 1.0 0.869141 0.65625 1.0 0.867188 0.661458 1.0 0.865234 0.664062 1.0 0.869141 0.664062 1.0
0 0.880371 0.688802 0.008789 0.023438 0.878906 0.6875 1.0 0.882812 0.684896 1.0 0.880859 0.692708 1.0 0.879883 0.697917 1.0 0.882812 0.695312 1.0
0 0.858398 0.699219 0.007812 0.023438 0.857422 0.697917 1.0 0.860352 0.697917 1.0 0.858398 0.703125 1.0 0.856445 0.705729 1.0 0.860352 0.705729 1.0
0 0.837891 0.686198 0.007812 0.023438 0.83619 0.683292 1.0 0.839308 0.681781 1.0 0.837947 0.688279 1.0 0.837268 0.691453 1.0 0.839478 0.690547 1.0
0 0.829102 0.635417 0.007812 0.026042 0.827148 0.632812 1.0 0.831055 0.630208 1.0 0.829102 0.635417 1.0 0.828125 0.640625 1.0 0.832031 0.640625 1.0
0 0.836426 0.60026 0.006836 0.028646 0.836914 0.596354 1.0 0.839844 0.596354 1.0 0.838867 0.601562 1.0 0.835938 0.604167 1.0 0.839844 0.606771 1.0
0 0.833008 0.563802 0.007812 0.018229 0.831055 0.5625 1.0 0.834961 0.559896 1.0 0.833984 0.565104 1.0 0.832031 0.572917 1.0 0.836914 0.567708 1.0
0 0.822754 0.546875 0.006836 0.026042 0.822021 0.544432 1.0 0.8255 0.544432 1.0 0.82367 0.549318 1.0 0.822326 0.553547 1.0 0.824829 0.553385 1.0
0 0.828613 0.50651 0.006836 0.023438 0.827148 0.5 1.0 0.831055 0.502604 1.0 0.829102 0.507812 1.0 0.827148 0.510417 1.0 0.831055 0.510417 1.0
0 0.803711 0.501302 0.007812 0.023438 0.802734 0.5 1.0 0.805664 0.5 1.0 0.803711 0.505208 1.0 0.802734 0.510417 1.0 0.805664 0.510417 1.0
0 0.803711 0.540365 0.007812 0.023438 0.80269 0.537609 1.0 0.805751 0.537458 1.0 0.803881 0.541539 1.0 0.802521 0.546073 1.0 0.805185 0.54562 1.0
0 0.813477 0.565104 0.007812 0.026042 0.811454 0.560141 1.0 0.814658 0.560315 1.0 0.813416 0.564849 1.0 0.811715 0.568859 1.0 0.814462 0.568859 1.0
0 0.8125 0.602865 0.007812 0.028646 0.811523 0.596354 1.0 0.81543 0.598958 1.0 0.8125 0.604167 1.0 0.811523 0.606771 1.0 0.814453 0.609375 1.0
0 0.806152 0.639323 0.008789 0.028646 0.804757 0.636904 1.0 0.808524 0.636904 1.0 0.805873 0.642857 1.0 0.805385 0.64732 1.0 0.808314 0.64732 1.0
0 0.791992 0.602865 0.007812 0.023438 0.790039 0.598958 1.0 0.792969 0.598958 1.0 0.791016 0.604167 1.0 0.790039 0.606771 1.0 0.792969 0.606771 1.0
0 0.791016 0.550781 0.007812 0.028646 0.789271 0.545573 1.0 0.792341 0.545573 1.0 0.78997 0.551339 1.0 0.789899 0.557849 1.0 0.792689 0.558594 1.0
0 0.777344 0.52474 0.007812 0.023438 0.775451 0.522948 1.0 0.77826 0.522948 1.0 0.776916 0.527344 1.0 0.775879 0.530599 1.0 0.777771 0.530599 1.0
0 0.783691 0.488281 0.006836 0.023438 0.783238 0.48462 1.0 0.786015 0.48462 1.0 0.784542 0.49006 1.0 0.783748 0.493688 1.0 0.785618 0.493385 1.0
0 0.770508 0.563802 0.007812 0.023438 0.769531 0.559896 1.0 0.772461 0.559896 1.0 0.770508 0.565104 1.0 0.769531 0.567708 1.0 0.772461 0.567708 1.0
0 0.770996 0.606771 0.006836 0.020833 0.770508 0.604167 1.0 0.773438 0.604167 1.0 0.772461 0.609375 1.0 0.770508 0.614583 1.0 0.773438 0.614583 1.0
0 0.787598 0.639323 0.006836 0.023438 0.786133 0.635417 1.0 0.790039 0.638021 1.0 0.787109 0.640625 1.0 0.785156 0.645833 1.0 0.789062 0.645833 1.0
0 0.800293 0.683594 0.006836 0.028646 0.798828 0.679688 1.0 0.802734 0.679688 1.0 0.800781 0.684896 1.0 0.798828 0.690104 1.0 0.802734 0.690104 1.0
0 0.818359 0.696615 0.007812 0.023438 0.816406 0.690104 1.0 0.820312 0.690104 1.0 0.817383 0.697917 1.0 0.816406 0.703125 1.0 0.819336 0.703125 1.0
0 0.772949 0.682292 0.008789 0.026042 0.770368 0.68099 1.0 0.773441 0.680292 1.0 0.772265 0.687094 1.0 0.771284 0.691279 1.0 0.774161 0.690406 1.0
0 0.762207 0.688802 0.008789 0.023438 0.761034 0.688453 1.0 0.764893 0.688802 1.0 0.763127 0.693859 1.0 0.761558 0.697172 1.0 0.763716 0.698044 1.0
0 0.762207 0.643229 0.006836 0.020833 0.759766 0.640625 1.0 0.763672 0.638021 1.0 0.761719 0.645833 1.0 0.760742 0.648438 1.0 0.762695 0.648438 1.0
0 0.75 0.609375 0.007812 0.020833 0.749023 0.604167 1.0 0.751953 0.604167 1.0 0.750977 0.609375 1.0 0.75 0.614583 1.0 0.751953 0.614583 1.0
0 0.751465 0.571615 0.006836 0.023438 0.751281 0.570312 1.0 0.753967 0.571453 1.0 0.752075 0.57601 1.0 0.750732 0.581706 1.0 0.753784 0.58187 1.0
0 0.751465 0.520833 0.006836 0.026042 0.750257 0.517089 1.0 0.7532 0.516917 1.0 0.752022 0.521451 1.0 0.750584 0.526508 1.0 0.753135 0.526159 1.0
0 0.758301 0.492188 0.006836 0.026042 0.757508 0.488281 1.0 0.759766 0.488281 1.0 0.758423 0.494953 1.0 0.757446 0.500161 1.0 0.759217 0.500161 1.0
0 0.733398 0.496094 0.007812 0.023438 0.732971 0.490885 1.0 0.736633 0.491047 1.0 0.734863 0.497234 1.0 0.733459 0.50049 1.0 0.73584 0.500977 1.0
0 0.726074 0.52474 0.006836 0.023438 0.725586 0.522135 1.0 0.728638 0.522135 1.0 0.72699 0.528156 1.0 0.725525 0.531411 1.0 0.728332 0.531411 1.0
0 0.728516 0.561198 0.007812 0.023438 0.727539 0.557292 1.0 0.731445 0.554688 1.0 0.729492 0.5625 1.0 0.728516 0.567708 1.0 0.731445 0.567708 1.0
0 0.737305 0.611979 0.007812 0.026042 0.736328 0.606771 1.0 0.740234 0.606771 1.0 0.739258 0.611979 1.0 0.737305 0.617188 1.0 0.740234 0.617188 1.0
0 0.730957 0.638021 0.008789 0.026042 0.729492 0.632812 1.0 0.733398 0.630208 1.0 0.731445 0.635417 1.0 0.729492 0.640625 1.0 0.734375 0.640625 1.0
0 0.740723 0.682292 0.008789 0.026042 0.739258 0.677083 1.0 0.743164 0.677083 1.0 0.741211 0.684896 1.0 0.740234 0.690104 1.0 0.743164 0.690104 1.0
0 0.720215 0.688802 0.008789 0.028646 0.718819 0.683594 1.0 0.722099 0.684523 1.0 0.720772 0.691221 1.0 0.718819 0.693266 1.0 0.722237 0.69401 1.0
0 0.694336 0.674479 0.007812 0.026042 0.692243 0.673526 1.0 0.696363 0.673177 1.0 0.694336 0.679456 1.0 0.692897 0.684164 1.0 0.695709 0.684164 1.0
0 0.705078 0.634115 0.009766 0.023438 0.703125 0.627604 1.0 0.708008 0.630208 1.0 0.705078 0.635417 1.0 0.703125 0.638021 1.0 0.706055 0.640625 1.0
0 0.712891 0.609375 0.007812 0.026042 0.710938 0.606771 1.0 0.714844 0.606771 1.0 0.712891 0.611979 1.0 0.711914 0.614583 1.0 0.714844 0.614583 1.0
0 0.705078 0.559896 0.007812 0.026042 0.70364 0.558245 1.0 0.706975 0.55807 1.0 0.705274 0.565917 1.0 0.704489 0.571497 1.0 0.706255 0.571497 1.0
0 0.697266 0.528646 0.007812 0.026042 0.696289 0.526042 1.0 0.699219 0.526042 1.0 0.697266 0.53125 1.0 0.696289 0.536458 1.0 0.699219 0.536458 1.0
0 0.682129 0.549479 0.008789 0.026042 0.680664 0.544271 1.0 0.68457 0.544271 1.0 0.682617 0.549479 1.0 0.680664 0.554688 1.0 0.68457 0.554688 1.0
0 0.682129 0.507812 0.006836 0.026042 0.680664 0.502604 1.0 0.683594 0.502604 1.0 0.681641 0.510417 1.0 0.679688 0.515625 1.0 0.682617 0.515625 1.0
0 0.70752 0.492188 0.008789 0.020833 0.707031 0.489583 1.0 0.709961 0.486979 1.0 0.708984 0.492188 1.0 0.707031 0.497396 1.0 0.710938 0.497396 1.0
0 0.669434 0.522135 0.008789 0.023438 0.667176 0.519531 1.0 0.67041 0.519206 1.0 0.669006 0.523438 1.0 0.667114 0.527344 1.0 0.670594 0.527344 1.0
0 0.658691 0.5625 0.008789 0.020833 0.657658 0.559628 1.0 0.660605 0.559779 1.0 0.659245 0.565674 1.0 0.658055 0.570359 1.0 0.660152 0.570208 1.0
0 0.661133 0.604167 0.007812 0.026042 0.660248 0.598331 1.0 0.66391 0.598331 1.0 0.66221 0.604086 1.0 0.660901 0.608969 1.0 0.663256 0.608969 1.0
0 0.686523 0.606771 0.007812 0.020833 0.684466 0.605516 1.0 0.687762 0.605096 1.0 0.686559 0.609701 1.0 0.685146 0.612909 1.0 0.687447 0.613049 1.0
0 0.669922 0.678385 0.007812 0.028646 0.666992 0.674479 1.0 0.670898 0.674479 1.0 0.667969 0.682292 1.0 0.666992 0.6875 1.0 0.670898 0.6875 1.0
0 0.671875 0.639323 0.007812 0.023438 0.670898 0.635417 1.0 0.673828 0.635417 1.0 0.671875 0.640625 1.0 0.669922 0.645833 1.0 0.673828 0.645833 1.0
0 0.649902 0.648438 0.008789 0.026042 0.648438 0.643229 1.0 0.652344 0.645833 1.0 0.650391 0.648438 1.0 0.648438 0.653646 1.0 0.651367 0.65625 1.0
0 0.644043 0.682292 0.008789 0.026042 0.642021 0.678201 1.0 0.645996 0.678013 1.0 0.643694 0.684711 1.0 0.642997 0.690289 1.0 0.646136 0.688802 1.0
0 0.620605 0.699219 0.008789 0.023438 0.618348 0.694336 1.0 0.621643 0.693849 1.0 0.621033 0.699219 1.0 0.619385 0.703451 1.0 0.622559 0.703125 1.0
0 0.623047 0.643229 0.007812 0.026042 0.62122 0.639138 1.0 0.624882 0.639138 1.0 0.622855 0.643323 1.0 0.621154 0.647159 1.0 0.625274 0.64681 1.0
0 0.618164 0.606771 0.005859 0.020833 0.617188 0.601562 1.0 0.62207 0.601562 1.0 0.620117 0.606771 1.0 0.618164 0.611979 1.0 0.621094 0.611979 1.0
0 0.643555 0.59375 0.007812 0.026042 0.642212 0.589031 1.0 0.645508 0.589031 1.0 0.643921 0.59424 1.0 0.642944 0.60026 1.0 0.64502 0.600422 1.0
0 0.634766 0.566406 0.007812 0.023438 0.632812 0.5625 1.0 0.636719 0.559896 1.0 0.635742 0.565104 1.0 0.634766 0.572917 1.0 0.636719 0.570312 1.0
0 0.643066 0.526042 0.008789 0.026042 0.641467 0.521951 1.0 0.645324 0.521776 1.0 0.643429 0.527703 1.0 0.641467 0.532411 1.0 0.644933 0.532411 1.0
0 0.620117 0.539062 0.007812 0.020833 0.619507 0.535341 1.0 0.622332 0.535062 1.0 0.620658 0.540505 1.0 0.618565 0.542875 1.0 0.622594 0.543016 1.0
0 0.625 0.494792 0.007812 0.020833 0.623832 0.493164 1.0 0.626343 0.493164 1.0 0.625035 0.496651 1.0 0.623937 0.501255 1.0 0.626552 0.501117 1.0
0 0.655762 0.502604 0.006836 0.026042 0.654297 0.497396 1.0 0.658203 0.497396 1.0 0.65625 0.502604 1.0 0.654297 0.505208 1.0 0.657227 0.505208 1.0
0 0.61084 0.490885 0.006836 0.023438 0.609994 0.489664 1.0 0.61346 0.490187 1.0 0.612087 0.494721 1.0 0.610387 0.497862 1.0 0.612937 0.497513 1.0
0 0.610352 0.553385 0.007812 0.023438 0.609497 0.551922 1.0 0.612793 0.551432 1.0 0.61084 0.557617 1.0 0.60968 0.561198 1.0 0.612 0.561198 1.0
0 0.598145 0.634115 0.008789 0.023438 0.595703 0.627604 1.0 0.599609 0.625 1.0 0.598633 0.632812 1.0 0.597656 0.640625 1.0 0.600586 0.638021 1.0
0 0.595215 0.514323 0.006836 0.023438 0.59375 0.507812 1.0 0.597656 0.507812 1.0 0.595703 0.513021 1.0 0.59375 0.518229 1.0 0.59668 0.518229 1.0
0 0.586914 0.497396 0.007812 0.020833 0.584961 0.494792 1.0 0.587891 0.492188 1.0 0.586914 0.5 1.0 0.586914 0.507812 1.0 0.589844 0.505208 1.0
0 0.589355 0.55599 0.006836 0.023438 0.587586 0.551594 1.0 0.590393 0.551271 1.0 0.587524 0.55713 1.0 0.590332 0.561198 1.0 0.590637 0.561198 1.0
0 0.59668 0.597656 0.007812 0.023438 0.595154 0.595214 1.0 0.598755 0.594891 1.0 0.597046 0.601724 1.0 0.595459 0.609375 1.0 0.599305 0.608724 1.0
0 0.57666 0.638021 0.008789 0.026042 0.575195 0.632812 1.0 0.579102 0.632812 1.0 0.577148 0.638021 1.0 0.575195 0.640625 1.0 0.579102 0.643229 1.0
0 0.572754 0.671875 0.006836 0.026042 0.571289 0.666667 1.0 0.576172 0.666667 1.0 0.574219 0.674479 1.0 0.572266 0.677083 1.0 0.575195 0.677083 1.0
0 0.587402 0.696615 0.006836 0.023438 0.585214 0.68993 1.0 0.587765 0.691896 1.0 0.584987 0.69537 1.0 0.58442 0.699299 1.0 0.586178 0.701568 1.0
0 0.540039 0.674479 0.007812 0.020833 0.539446 0.670573 1.0 0.542794 0.671549 1.0 0.540911 0.677409 1.0 0.539551 0.680617 1.0 0.541382 0.681456 1.0
0 0.544434 0.638021 0.008789 0.026042 0.543152 0.63444 1.0 0.545838 0.634276 1.0 0.544494 0.640299 1.0 0.543029 0.644531 1.0 0.546082 0.644693 1.0
0 0.557617 0.598958 0.007812 0.026042 0.556244 0.594693 1.0 0.558859 0.594518 1.0 0.557552 0.599924 1.0 0.556506 0.605328 1.0 0.558925 0.605154 1.0
0 0.574707 0.584635 0.006836 0.023438 0.574219 0.578125 1.0 0.577148 0.578125 1.0 0.576172 0.585938 1.0 0.574219 0.591146 1.0 0.578125 0.591146 1.0
0 0.566895 0.552083 0.006836 0.026042 0.565687 0.54956 1.0 0.568957 0.549909 1.0 0.567322 0.553745 1.0 0.565556 0.558802 1.0 0.568564 0.558802 1.0
0 0.560059 0.516927 0.008789 0.023438 0.558346 0.514172 1.0 0.561859 0.514021 1.0 0.559933 0.518555 1.0 0.558799 0.522182 1.0 0.561803 0.522031 1.0
0 0.56543 0.480469 0.007812 0.023438 0.564876 0.478026 1.0 0.567558 0.477854 1.0 0.566314 0.483607 1.0 0.564745 0.487445 1.0 0.567818 0.486747 1.0
0 0.543945 0.479167 0.007812 0.020833 0.542986 0.479586 1.0 0.545916 0.479724 1.0 0.544189 0.483909 1.0 0.542986 0.488932 1.0 0.545184 0.488792 1.0
0 0.544922 0.552083 0.007812 0.026042 0.544333 0.550781 1.0 0.547799 0.550607 1.0 0.546164 0.556536 1.0 0.544856 0.560721 1.0 0.547276 0.560721 1.0
0 0.536133 0.60026 0.007812 0.023438 0.535156 0.591146 1.0 0.538086 0.59375 1.0 0.537109 0.598958 1.0 0.535156 0.604167 1.0 0.538086 0.606771 1.0
0 0.526855 0.651042 0.008789 0.026042 0.524768 0.648867 1.0 0.528364 0.648867 1.0 0.526468 0.655495 1.0 0.525094 0.660203 1.0 0.527972 0.660203 1.0
0 0.512695 0.626302 0.007812 0.023438 0.512264 0.624188 1.0 0.514928 0.623732 1.0 0.513681 0.62857 1.0 0.512717 0.632953 1.0 0.514984 0.632195 1.0
0 0.513184 0.670573 0.006836 0.028646 0.511439 0.667969 1.0 0.515556 0.667969 1.0 0.513603 0.67206 1.0 0.511649 0.677456 1.0 0.515765 0.677456 1.0
0 0.515137 0.584635 0.006836 0.023438 0.514286 0.583276 1.0 0.517744 0.583276 1.0 0.516101 0.587055 1.0 0.513946 0.589622 1.0 0.517914 0.589773 1.0
0 0.530273 0.552083 0.007812 0.026042 0.528055 0.548339 1.0 0.531455 0.547992 1.0 0.529428 0.552875 1.0 0.528186 0.556711 1.0 0.531586 0.556536 1.0
0 0.520508 0.510417 0.007812 0.026042 0.518555 0.510417 1.0 0.522461 0.507812 1.0 0.520508 0.515625 1.0 0.518555 0.518229 1.0 0.522461 0.518229 1.0
0 0.522949 0.476562 0.006836 0.020833 0.522461 0.473958 1.0 0.525391 0.473958 1.0 0.523438 0.479167 1.0 0.521484 0.481771 1.0 0.525391 0.484375 1.0
0 0.500488 0.47526 0.006836 0.023438 0.499023 0.473958 1.0 0.501953 0.471354 1.0 0.500977 0.479167 1.0 0.499023 0.481771 1.0 0.50293 0.481771 1.0
0 0.493652 0.513021 0.006836 0.026042 0.492736 0.508953 1.0 0.495728 0.508953 1.0 0.494141 0.514161 1.0 0.492676 0.517253 1.0 0.495666 0.517089 1.0
0 0.506348 0.539062 0.008789 0.026042 0.505044 0.53776 1.0 0.507791 0.53776 1.0 0.506287 0.543167 1.0 0.504651 0.548398 1.0 0.507987 0.548573 1.0
0 0.495605 0.595052 0.006836 0.023438 0.494141 0.591146 1.0 0.498047 0.591146 1.0 0.496094 0.596354 1.0 0.495117 0.601562 1.0 0.49707 0.601562 1.0
0 0.494629 0.635417 0.006836 0.026042 0.493164 0.630208 1.0 0.49707 0.630208 1.0 0.495117 0.635417 1.0 0.493164 0.640625 1.0 0.49707 0.640625 1.0
0 0.482422 0.657552 0.007812 0.023438 0.481445 0.653646 1.0 0.485352 0.653646 1.0 0.483398 0.658854 1.0 0.481445 0.664062 1.0 0.485352 0.664062 1.0
0 0.469238 0.644531 0.008789 0.023438 0.468811 0.641766 1.0 0.47168 0.641927 1.0 0.470154 0.647461 1.0 0.468994 0.651203 1.0 0.471131 0.651531 1.0
0 0.45752 0.665365 0.008789 0.023438 0.45602 0.660656 1.0 0.460009 0.660656 1.0 0.457654 0.667109 1.0 0.455497 0.670771 1.0 0.459551 0.670422 1.0
0 0.445312 0.638021 0.007812 0.026042 0.444336 0.632812 1.0 0.448242 0.632812 1.0 0.446289 0.640625 1.0 0.444336 0.643229 1.0 0.448242 0.643229 1.0
0 0.447754 0.59375 0.008789 0.026042 0.446773 0.590354 1.0 0.450631 0.59018 1.0 0.448539 0.596633 1.0 0.446643 0.600643 1.0 0.44952 0.600818 1.0
0 0.472656 0.582031 0.007812 0.023438 0.470703 0.578125 1.0 0.474609 0.575521 1.0 0.472656 0.583333 1.0 0.47168 0.585938 1.0 0.474609 0.585938 1.0
0 0.482422 0.544271 0.007812 0.026042 0.481637 0.540701 1.0 0.484318 0.540526 1.0 0.48288 0.545583 1.0 0.481245 0.550815 1.0 0.483664 0.550641 1.0
0 0.466797 0.514323 0.007812 0.023438 0.464844 0.510417 1.0 0.46875 0.510417 1.0 0.466797 0.515625 1.0 0.46582 0.518229 1.0 0.46875 0.520833 1.0
0 0.475098 0.47526 0.006836 0.023438 0.474531 0.470388 1.0 0.477648 0.470388 1.0 0.476062 0.475982 1.0 0.474588 0.479911 1.0 0.477479 0.480063 1.0
0 0.447266 0.489583 0.007812 0.020833 0.444702 0.487979 1.0 0.447649 0.487979 1.0 0.446232 0.492362 1.0 0.444815 0.49599 1.0 0.447593 0.495688 1.0
0 0.454102 0.542969 0.007812 0.028646 0.45299 0.537831 1.0 0.456399 0.537831 1.0 0.454027 0.54376 1.0 0.453138 0.550479 1.0 0.455213 0.550479 1.0
0 0.426758 0.553385 0.007812 0.023438 0.42627 0.549969 1.0 0.429504 0.549969 1.0 0.427979 0.554688 1.0 0.42627 0.559083 1.0 0.429627 0.559406 1.0
0 0.431641 0.516927 0.007812 0.023438 0.429992 0.514323 1.0 0.433228 0.514484 1.0 0.431824 0.519531 1.0 0.430359 0.522461 1.0 0.433045 0.522461 1.0
0 0.424316 0.636719 0.006836 0.023438 0.422887 0.631695 1.0 0.426627 0.631393 1.0 0.4247 0.639555 1.0 0.422943 0.643635 1.0 0.425493 0.643937 1.0
0 0.427246 0.68099 0.006836 0.023438 0.425721 0.678224 1.0 0.429139 0.678224 1.0 0.42743 0.682781 1.0 0.426147 0.686523 1.0 0.428955 0.686036 1.0
0 0.415039 0.480469 0.007812 0.023438 0.413622 0.477898 1.0 0.416796 0.477747 1.0 0.415209 0.483492 1.0 0.414019 0.488177 1.0 0.416456 0.488328 1.0
0 0.391113 0.513021 0.006836 0.026042 0.38916 0.508953 1.0 0.392944 0.508953 1.0 0.390991 0.514974 1.0 0.389526 0.519531 1.0 0.392334 0.519206 1.0
0 0.391113 0.489583 0.006836 0.020833 0.390625 0.484375 1.0 0.393555 0.484375 1.0 0.391602 0.489583 1.0 0.390625 0.494792 1.0 0.393555 0.492188 1.0
0 0.400879 0.5625 0.006836 0.026042 0.399968 0.560849 1.0 0.403106 0.560674 1.0 0.401603 0.565557 1.0 0.40036 0.568695 1.0 0.402648 0.568695 1.0
0 0.418945 0.59375 0.007812 0.026042 0.417969 0.588542 1.0 0.421875 0.588542 1.0 0.419922 0.59375 1.0 0.417969 0.598958 1.0 0.421875 0.598958 1.0
0 0.402344 0.627604 0.007812 0.026042 0.400391 0.625 1.0 0.404297 0.625 1.0 0.402344 0.630208 1.0 0.401367 0.635417 1.0 0.404297 0.635417 1.0
0 0.401855 0.68099 0.008789 0.023438 0.400391 0.677083 1.0 0.404297 0.677083 1.0 0.40332 0.682292 1.0 0.400391 0.690104 1.0 0.404297 0.690104 1.0
0 0.380371 0.688802 0.008789 0.023438 0.379586 0.686359 1.0 0.383248 0.686534 1.0 0.381482 0.690372 1.0 0.379455 0.694383 1.0 0.383313 0.693685 1.0
0 0.378906 0.638021 0.007812 0.026042 0.377441 0.634115 1.0 0.380371 0.634115 1.0 0.378906 0.638346 1.0 0.378113 0.643068 1.0 0.380493 0.64274 1.0
0 0.374023 0.582031 0.007812 0.023438 0.37323 0.579589 1.0 0.377075 0.579427 1.0 0.375 0.585938 1.0 0.373107 0.59082 1.0 0.376404 0.590984 1.0
0 0.37207 0.546875 0.007812 0.026042 0.371094 0.544271 1.0 0.375 0.544271 1.0 0.373047 0.549479 1.0 0.371094 0.552083 1.0 0.374023 0.552083 1.0
0 0.363281 0.522135 0.005859 0.023438 0.362357 0.519578 1.0 0.365339 0.519437 1.0 0.363665 0.524461 1.0 0.362357 0.528786 1.0 0.364815 0.529344 1.0
0 0.368652 0.505208 0.006836 0.020833 0.368164 0.502604 1.0 0.371094 0.502604 1.0 0.369141 0.507812 1.0 0.368164 0.510417 1.0 0.371094 0.510417 1.0
0 0.34375 0.485677 0.007812 0.023438 0.342773 0.479167 1.0 0.345703 0.479167 1.0 0.34375 0.484375 1.0 0.342773 0.489583 1.0 0.345703 0.489583 1.0
0 0.329102 0.545573 0.007812 0.023438 0.326368 0.54376 1.0 0.329769 0.543458 1.0 0.327502 0.549352 1.0 0.326595 0.55313 1.0 0.329542 0.552979 1.0
0 0.352539 0.548177 0.007812 0.023438 0.351562 0.544271 1.0 0.355469 0.546875 1.0 0.353516 0.552083 1.0 0.351562 0.557292 1.0 0.353516 0.559896 1.0
0 0.330078 0.523438 0.007812 0.020833 0.330078 0.518229 1.0 0.333008 0.520833 1.0 0.331055 0.523438 1.0 0.329102 0.523438 1.0 0.333008 0.526042 1.0
0 0.318848 0.490885 0.006836 0.023438 0.317443 0.489909 1.0 0.320252 0.489909 1.0 0.319152 0.494953 1.0 0.318359 0.499674 1.0 0.320435 0.499023 1.0
0 0.318848 0.584635 0.006836 0.023438 0.317305 0.579917 1.0 0.320309 0.579612 1.0 0.318664 0.585508 1.0 0.317928 0.588833 1.0 0.319798 0.588682 1.0
0 0.348145 0.589844 0.008789 0.023438 0.345703 0.585938 1.0 0.349609 0.585938 1.0 0.347656 0.591146 1.0 0.345703 0.596354 1.0 0.349609 0.596354 1.0
0 0.35791 0.634115 0.008789 0.023438 0.355469 0.630208 1.0 0.360352 0.630208 1.0 0.358398 0.638021 1.0 0.356445 0.643229 1.0 0.360352 0.643229 1.0
0 0.363281 0.684896 0.007812 0.026042 0.362174 0.680805 1.0 0.364463 0.680979 1.0 0.363285 0.686036 1.0 0.36165 0.691789 1.0 0.363874 0.691615 1.0
0 0.332031 0.6875 0.007812 0.026042 0.330104 0.685326 1.0 0.333439 0.685151 1.0 0.331412 0.690034 1.0 0.330235 0.694219 1.0 0.333047 0.694393 1.0
0 0.336914 0.644531 0.007812 0.023438 0.336426 0.641276 1.0 0.339722 0.64274 1.0 0.337951 0.647461 1.0 0.335633 0.652018 1.0 0.338439 0.652833 1.0
0 0.3125 0.644531 0.007812 0.023438 0.310486 0.641927 1.0 0.314087 0.642417 1.0 0.312439 0.64681 1.0 0.311401 0.652833 1.0 0.313599 0.652505 1.0
0 0.313965 0.684896 0.008789 0.026042 0.313542 0.68307 1.0 0.317204 0.683245 1.0 0.315569 0.689 1.0 0.313607 0.693708 1.0 0.316354 0.693883 1.0
0 0.294434 0.634115 0.008789 0.023438 0.292297 0.631021 1.0 0.295959 0.630859 1.0 0.294189 0.636229 1.0 0.292725 0.641276 1.0 0.295776 0.640625 1.0
0 0.289551 0.666667 0.008789 0.026042 0.287109 0.664062 1.0 0.291016 0.661458 1.0 0.290039 0.669271 1.0 0.288086 0.674479 1.0 0.291992 0.674479 1.0
0 0.297363 0.592448 0.006836 0.023438 0.297498 0.588182 1.0 0.299822 0.588182 1.0 0.299028 0.594378 1.0 0.297839 0.598005 1.0 0.299652 0.598005 1.0
0 0.307129 0.570312 0.006836 0.026042 0.305664 0.567708 1.0 0.30957 0.567708 1.0 0.307617 0.570312 1.0 0.306641 0.572917 1.0 0.30957 0.572917 1.0
0 0.303223 0.522135 0.006836 0.018229 0.302591 0.519578 1.0 0.304748 0.519578 1.0 0.303646 0.523159 1.0 0.302591 0.52725 1.0 0.304557 0.527378 1.0
0 0.29541 0.507812 0.006836 0.020833 0.293806 0.505208 1.0 0.296893 0.50493 1.0 0.295479 0.509115 1.0 0.294225 0.511766 1.0 0.296735 0.511904 1.0
0 0.281738 0.513021 0.006836 0.020833 0.28125 0.510417 1.0 0.28418 0.510417 1.0 0.283203 0.515625 1.0 0.28125 0.520833 1.0 0.28418 0.520833 1.0
0 0.273438 0.498698 0.007812 0.023438 0.271484 0.494792 1.0 0.275391 0.494792 1.0 0.273438 0.5 1.0 0.271484 0.502604 1.0 0.274414 0.505208 1.0
0 0.260254 0.549479 0.006836 0.020833 0.258754 0.545758 1.0 0.261632 0.545758 1.0 0.26001 0.550922 1.0 0.258807 0.553154 1.0 0.261056 0.553432 1.0
0 0.273438 0.591146 0.007812 0.026042 0.272949 0.587055 1.0 0.275631 0.586706 1.0 0.274584 0.592633 1.0 0.272688 0.597865 1.0 0.275435 0.597516 1.0
0 0.283203 0.56901 0.007812 0.023438 0.282227 0.565104 1.0 0.286133 0.565104 1.0 0.28418 0.570312 1.0 0.282227 0.572917 1.0 0.286133 0.572917 1.0
0 0.26416 0.523438 0.006836 0.020833 0.261719 0.520833 1.0 0.264648 0.520833 1.0 0.262695 0.526042 1.0 0.261719 0.53125 1.0 0.264648 0.528646 1.0
0 0.273438 0.639323 0.007812 0.023438 0.27227 0.638719 1.0 0.275613 0.637964 1.0 0.27397 0.643706 1.0 0.273176 0.647182 1.0 0.275159 0.647031 1.0
0 0.264648 0.679688 0.007812 0.026042 0.264221 0.675422 1.0 0.267948 0.675596 1.0 0.266117 0.681 1.0 0.264352 0.686057 1.0 0.267688 0.686232 1.0
0 0.247559 0.667969 0.008789 0.023438 0.246094 0.661458 1.0 0.250977 0.661458 1.0 0.249023 0.666667 1.0 0.24707 0.674479 1.0 0.250977 0.674479 1.0
0 0.249023 0.591146 0.007812 0.026042 0.249416 0.589844 1.0 0.251966 0.589495 1.0 0.251312 0.594378 1.0 0.249678 0.598911 1.0 0.252358 0.598737 1.0
0 0.253906 0.5 0.007812 0.020833 0.251953 0.5 1.0 0.255859 0.5 1.0 0.253906 0.502604 1.0 0.251953 0.507812 1.0 0.255859 0.507812 1.0
0 0.227539 0.5 0.005859 0.020833 0.227539 0.494792 1.0 0.231445 0.494792 1.0 0.228516 0.502604 1.0 0.227539 0.502604 1.0 0.230469 0.502604 1.0
0 0.239746 0.523438 0.006836 0.020833 0.237514 0.520974 1.0 0.240653 0.520974 1.0 0.239136 0.525576 1.0 0.237933 0.529344 1.0 0.24013 0.529344 1.0
0 0.23291 0.546875 0.006836 0.020833 0.231829 0.543945 1.0 0.234497 0.543109 1.0 0.233503 0.549247 1.0 0.232195 0.553711 1.0 0.233869 0.553432 1.0
0 0.212891 0.523438 0.007812 0.020833 0.211417 0.519867 1.0 0.214704 0.520172 1.0 0.212721 0.525159 1.0 0.211927 0.529844 1.0 0.214194 0.529995 1.0
0 0.208984 0.565104 0.007812 0.020833 0.208008 0.5625 1.0 0.211914 0.5625 1.0 0.209961 0.565104 1.0 0.208008 0.572917 1.0 0.210938 0.570312 1.0
0 0.233398 0.598958 0.007812 0.020833 0.231445 0.59375 1.0 0.234375 0.591146 1.0 0.234375 0.598958 1.0 0.232422 0.604167 1.0 0.236328 0.601562 1.0
0 0.23877 0.628906 0.006836 0.023438 0.237261 0.628453 1.0 0.239981 0.628604 1.0 0.238791 0.632534 1.0 0.237658 0.636766 1.0 0.240321 0.636917 1.0
0 0.22998 0.669271 0.008789 0.026042 0.228516 0.664875 1.0 0.231567 0.664552 1.0 0.230591 0.670898 1.0 0.22876 0.673503 1.0 0.231629 0.673339 1.0
0 0.220703 0.641927 0.007812 0.023438 0.219535 0.635997 1.0 0.222652 0.636148 1.0 0.221235 0.641135 1.0 0.219932 0.646729 1.0 0.222652 0.646729 1.0
0 0.211914 0.613281 0.007812 0.023438 0.211975 0.610516 1.0 0.214844 0.610516 1.0 0.213623 0.614422 1.0 0.211975 0.619302 1.0 0.214904 0.619141 1.0
0 0.196289 0.591146 0.007812 0.026042 0.193743 0.585135 1.0 0.197144 0.584786 1.0 0.195182 0.591065 1.0 0.194136 0.597341 1.0 0.196686 0.597341 1.0
0 0.1875 0.575521 0.007812 0.026042 0.186523 0.570312 1.0 0.19043 0.570312 1.0 0.188477 0.575521 1.0 0.186523 0.580729 1.0 0.189453 0.580729 1.0
0 0.195312 0.544271 0.005859 0.020833 0.194292 0.542969 1.0 0.197183 0.542969 1.0 0.195369 0.547049 1.0 0.194803 0.550526 1.0 0.196446 0.550375 1.0
0 0.181152 0.541667 0.006836 0.020833 0.179688 0.539062 1.0 0.183594 0.539062 1.0 0.181641 0.541667 1.0 0.180664 0.546875 1.0 0.183594 0.546875 1.0
0 0.187012 0.494792 0.006836 0.020833 0.186035 0.49107 1.0 0.188699 0.490919 1.0 0.187226 0.495453 1.0 0.186205 0.499232 1.0 0.188586 0.498779 1.0
0 0.208008 0.49349 0.005859 0.023438 0.207092 0.490885 1.0 0.2099 0.491047 1.0 0.208496 0.494792 1.0 0.207275 0.50049 1.0 0.209717 0.50049 1.0
0 0.162109 0.539062 0.005859 0.020833 0.161133 0.539062 1.0 0.165039 0.536458 1.0 0.164062 0.541667 1.0 0.162109 0.544271 1.0 0.165039 0.544271 1.0
0 0.173828 0.5 0.007812 0.020833 0.171875 0.494792 1.0 0.175781 0.494792 1.0 0.173828 0.5 1.0 0.171875 0.505208 1.0 0.174805 0.505208 1.0
0 0.169434 0.565104 0.006836 0.020833 0.16891 0.561198 1.0 0.170951 0.561198 1.0 0.169904 0.564685 1.0 0.168073 0.569289 1.0 0.171893 0.56901 1.0
0 0.175293 0.592448 0.006836 0.023438 0.173841 0.587424 1.0 0.176901 0.587122 1.0 0.175541 0.591354 1.0 0.174578 0.595586 1.0 0.176675 0.595737 1.0
0 0.182129 0.645833 0.006836 0.020833 0.180664 0.640625 1.0 0.18457 0.640625 1.0 0.182617 0.645833 1.0 0.180664 0.651042 1.0 0.18457 0.651042 1.0
0 0.205078 0.647135 0.007812 0.023438 0.204102 0.640625 1.0 0.208008 0.640625 1.0 0.206055 0.645833 1.0 0.204102 0.651042 1.0 0.207031 0.651042 1.0
0 0.209961 0.686198 0.007812 0.028646 0.208984 0.679688 1.0 0.212891 0.679688 1.0 0.211914 0.684896 1.0 0.209961 0.690104 1.0 0.212891 0.692708 1.0
0 0.187012 0.679688 0.008789 0.026042 0.186523 0.674479 1.0 0.189453 0.674479 1.0 0.188477 0.679688 1.0 0.186523 0.682292 1.0 0.189453 0.682292 1.0
0 0.159668 0.666667 0.006836 0.026042 0.15924 0.662435 1.0 0.162414 0.661948 1.0 0.160705 0.66862 1.0 0.158631 0.672526 1.0 0.16272 0.672365 1.0
0 0.16748 0.639323 0.006836 0.023438 0.165649 0.638833 1.0 0.168518 0.639161 1.0 0.167114 0.643719 1.0 0.165223 0.647135 1.0 0.168396 0.647135 1.0
0 0.152832 0.583333 0.008789 0.026042 0.151123 0.582357 1.0 0.154236 0.58187 1.0 0.153016 0.586914 1.0 0.152039 0.591471 1.0 0.154419 0.591307 1.0
0 0.145508 0.571615 0.007812 0.023438 0.144056 0.566591 1.0 0.146946 0.566591 1.0 0.145927 0.571279 1.0 0.14434 0.576568 1.0 0.146663 0.57687 1.0
0 0.135254 0.529948 0.006836 0.023438 0.133789 0.528646 1.0 0.137695 0.528646 1.0 0.135742 0.533854 1.0 0.134766 0.536458 1.0 0.137695 0.536458 1.0
0 0.146973 0.5 0.006836 0.020833 0.145726 0.498953 1.0 0.14822 0.498698 1.0 0.146829 0.502661 1.0 0.146109 0.506755 1.0 0.147932 0.5065 1.0
0 0.119629 0.479167 0.006836 0.026042 0.118587 0.477865 1.0 0.121595 0.477865 1.0 0.120549 0.483445 1.0 0.119438 0.48763 1.0 0.120941 0.487456 1.0
0 0.126465 0.566406 0.006836 0.023438 0.125 0.565104 1.0 0.12793 0.5625 1.0 0.125977 0.570312 1.0 0.125 0.572917 1.0 0.128906 0.572917 1.0
0 0.135254 0.596354 0.006836 0.020833 0.134822 0.591576 1.0 0.137656 0.591273 1.0 0.136296 0.596411 1.0 0.135502 0.600794 1.0 0.137203 0.600794 1.0
0 0.120117 0.591146 0.007812 0.020833 0.119751 0.587146 1.0 0.122785 0.587146 1.0 0.121635 0.590773 1.0 0.119542 0.594958 1.0 0.122419 0.595099 1.0
0 0.107422 0.56901 0.007812 0.023438 0.106445 0.5625 1.0 0.110352 0.565104 1.0 0.108398 0.570312 1.0 0.106445 0.570312 1.0 0.109375 0.575521 1.0
0 0.105957 0.527344 0.006836 0.023438 0.104492 0.526042 1.0 0.108398 0.523438 1.0 0.106445 0.528646 1.0 0.105469 0.533854 1.0 0.108398 0.53125 1.0
0 0.099121 0.595052 0.006836 0.023438 0.097778 0.594727 1.0 0.101135 0.594727 1.0 0.099549 0.599448 1.0 0.098389 0.605469 1.0 0.100646 0.605469 1.0
0 0.081543 0.571615 0.006836 0.023438 0.080994 0.571453 1.0 0.084045 0.571453 1.0 0.08252 0.575195 1.0 0.081482 0.579427 1.0 0.083801 0.579589 1.0
0 0.077637 0.604167 0.006836 0.020833 0.077462 0.599841 1.0 0.080915 0.599982 1.0 0.079398 0.605143 1.0 0.077672 0.608073 1.0 0.081177 0.608073 1.0
0 0.07373 0.634115 0.006836 0.023438 0.072266 0.630208 1.0 0.077148 0.630208 1.0 0.074219 0.635417 1.0 0.072266 0.638021 1.0 0.074219 0.643229 1.0
0 0.084473 0.678385 0.006836 0.023438 0.083984 0.674479 1.0 0.087891 0.671875 1.0 0.085938 0.677083 1.0 0.083984 0.684896 1.0 0.086914 0.682292 1.0
0 0.099121 0.639323 0.006836 0.023438 0.098145 0.636557 1.0 0.101014 0.636557 1.0 0.099854 0.642253 1.0 0.098328 0.645995 1.0 0.10077 0.645995 1.0
0 0.114258 0.666667 0.007812 0.026042 0.112819 0.664667 1.0 0.116547 0.665016 1.0 0.114781 0.668503 1.0 0.113473 0.674781 1.0 0.115958 0.674956 1.0
0 0.128418 0.64974 0.006836 0.023438 0.126465 0.647135 1.0 0.129455 0.646974 1.0 0.127869 0.651854 1.0 0.125977 0.655109 1.0 0.130066 0.654786 1.0
0 0.13623 0.68099 0.006836 0.023438 0.135986 0.680664 1.0 0.138428 0.679198 1.0 0.137451 0.682943 1.0 0.13617 0.688964 1.0 0.139038 0.6875 1.0
0 0.149902 0.640625 0.006836 0.026042 0.149414 0.635417 1.0 0.15332 0.635417 1.0 0.151367 0.640625 1.0 0.149414 0.645833 1.0 0.15332 0.645833 1.0
0 0.118164 0.644531 0.005859 0.023438 0.118164 0.640625 1.0 0.121094 0.640625 1.0 0.119141 0.645833 1.0 0.117188 0.651042 1.0 0.121094 0.651042 1.0
0 0.062988 0.674479 0.008789 0.026042 0.06247 0.669516 1.0 0.066394 0.671956 1.0 0.063843 0.677013 1.0 0.061946 0.680674 1.0 0.06502 0.683292 1.0
0 0.053711 0.634115 0.007812 0.023438 0.053711 0.631349 1.0 0.056457 0.628581 1.0 0.055054 0.635091 1.0 0.053833 0.638672 1.0 0.056945 0.63688 1.0
0 0.05957 0.597656 0.007812 0.023438 0.058594 0.591146 1.0 0.0625 0.591146 1.0 0.060547 0.596354 1.0 0.058594 0.601562 1.0 0.0625 0.601562 1.0
0 0.042969 0.65625 0.007812 0.026042 0.041469 0.652159 1.0 0.044869 0.652159 1.0 0.043234 0.657737 1.0 0.041142 0.66018 1.0 0.044478 0.66018 1.0
0 0.39502 0.60026 0.008789 0.028646 0.392975 0.598052 1.0 0.395791 0.597854 1.0 0.394383 0.601411 1.0 0.393271 0.607143 1.0 0.395643 0.607143 1.0