0 0.109375 0.387097 0.041016 0.076246 0.100294 0.37585 1.0 0.121299 0.375372 1.0 0.110478 0.38923 1.0 0.100612 0.403088 1.0 0.119707 0.403088 1.0
0 0.198242 0.414223 0.041016 0.089443 0.188119 0.408987 1.0 0.20874 0.405045 1.0 0.199367 0.420245 1.0 0.191118 0.435444 1.0 0.21024 0.43263 1.0
0 0.265625 0.497801 0.048828 0.101173 0.253784 0.483 1.0 0.278312 0.48173 1.0 0.267739 0.506494 1.0 0.25463 0.513478 1.0 0.279157 0.512843 1.0
0 0.342285 0.44868 0.045898 0.090909 0.331556 0.43428 1.0 0.352038 0.428015 1.0 0.34559 0.455921 1.0 0.333073 0.466172 1.0 0.358106 0.459906 1.0
0 0.384277 0.365836 0.038086 0.08651 0.375702 0.351874 1.0 0.397051 0.351874 1.0 0.387643 0.372519 1.0 0.376426 0.383386 1.0 0.394156 0.382299 1.0
0 0.271484 0.262463 0.039062 0.070381 0.264378 0.25326 1.0 0.283631 0.251905 1.0 0.27581 0.266358 1.0 0.263776 0.278101 1.0 0.285736 0.276295 1.0
0 0.423828 0.218475 0.039062 0.082111 0.417141 0.209468 1.0 0.435738 0.210501 1.0 0.428506 0.228085 1.0 0.417141 0.236875 1.0 0.43505 0.237393 1.0
0 0.422363 0.499267 0.045898 0.092375 0.412951 0.488479 1.0 0.43468 0.489645 1.0 0.424591 0.50887 1.0 0.411398 0.518191 1.0 0.433516 0.519938 1.0
0 0.487305 0.472141 0.044922 0.085044 0.478951 0.464626 1.0 0.498971 0.467309 1.0 0.488246 0.485023 1.0 0.478951 0.494685 1.0 0.495396 0.495221 1.0
0 0.874023 0.530059 0.044922 0.080645 0.862313 0.520645 1.0 0.885097 0.519625 1.0 0.873535 0.536984 1.0 0.863334 0.548217 1.0 0.885437 0.547196 1.0
0 0.737305 0.541789 0.046875 0.09824 0.724443 0.534903 1.0 0.745344 0.533057 1.0 0.735099 0.5509 1.0 0.727723 0.566899 1.0 0.746573 0.565053 1.0
0 0.781738 0.469208 0.038086 0.076246 0.773839 0.46193 1.0 0.792228 0.46193 1.0 0.781581 0.479368 1.0 0.773193 0.48615 1.0 0.790292 0.48857 1.0
0 0.650879 0.478739 0.040039 0.092375 0.639526 0.473195 1.0 0.659314 0.469699 1.0 0.650003 0.492419 1.0 0.642242 0.501158 1.0 0.660091 0.498246 1.0
0 0.595215 0.516862 0.043945 0.08651 0.583871 0.507246 1.0 0.605944 0.504529 1.0 0.595812 0.521372 1.0 0.586404 0.534412 1.0 0.605582 0.532239 1.0
0 0.663574 0.379765 0.038086 0.085044 0.656197 0.371321 1.0 0.674072 0.371858 1.0 0.664777 0.38796 1.0 0.656555 0.397085 1.0 0.674787 0.396548 1.0
0 0.805176 0.390762 0.040039 0.080645 0.794464 0.375688 1.0 0.812928 0.377704 1.0 0.800171 0.394337 1.0 0.795807 0.403409 1.0 0.810577 0.403913 1.0
0 0.783691 0.286657 0.038086 0.080645 0.772321 0.280818 1.0 0.792045 0.277755 1.0 0.782183 0.297667 1.0 0.775722 0.304305 1.0 0.794765 0.29971 1.0
0 0.660645 0.235337 0.038086 0.071848 0.653564 0.224065 1.0 0.669129 0.221774 1.0 0.664246 0.242852 1.0 0.654785 0.256141 1.0 0.671265 0.252475 1.0
0 0.550293 0.230205 0.041992 0.076246 0.54351 0.217611 1.0 0.561898 0.219065 1.0 0.552543 0.233595 1.0 0.542219 0.246191 1.0 0.559317 0.247644 1.0
0 0.517578 0.381965 0.041016 0.065982 0.507752 0.367302 1.0 0.52423 0.367302 1.0 0.515717 0.387097 1.0 0.509399 0.391633 1.0 0.52533 0.390808 1.0