0 0.11377 0.395182 0.02832 0.045573 0.106389 0.389729 1.0 0.119729 0.388544 1.0 0.11217 0.398031 1.0 0.108167 0.404849 1.0 0.119063 0.404849 1.0
0 0.166016 0.42513 0.025391 0.045573 0.15904 0.418957 1.0 0.171029 0.418085 1.0 0.164271 0.427095 1.0 0.159477 0.43378 1.0 0.170594 0.432908 1.0
0 0.241699 0.369141 0.02832 0.045573 0.232544 0.366164 1.0 0.245405 0.365583 1.0 0.238647 0.373721 1.0 0.23407 0.380987 1.0 0.245841 0.380116 1.0
0 0.278809 0.41276 0.026367 0.044271 0.271424 0.408406 1.0 0.282745 0.406982 1.0 0.275482 0.418375 1.0 0.272705 0.422932 1.0 0.282959 0.421794 1.0
0 0.37793 0.379557 0.027344 0.045573 0.369594 0.372802 1.0 0.381801 0.373094 1.0 0.37439 0.383556 1.0 0.370684 0.38966 1.0 0.383545 0.391113 1.0
0 0.421387 0.402995 0.022461 0.045573 0.414848 0.397694 1.0 0.4264 0.398275 1.0 0.420732 0.40554 1.0 0.414848 0.411935 1.0 0.427708 0.412225 1.0
0 0.495605 0.380859 0.024414 0.045573 0.489284 0.374396 1.0 0.501491 0.374104 1.0 0.494951 0.384277 1.0 0.489938 0.39038 1.0 0.500401 0.39038 1.0
0 0.545898 0.404948 0.025391 0.046875 0.539551 0.399414 1.0 0.549979 0.401228 1.0 0.543632 0.409691 1.0 0.53819 0.414829 1.0 0.549979 0.416945 1.0
0 0.626953 0.361979 0.023438 0.036458 0.620566 0.353225 1.0 0.631112 0.353702 1.0 0.62432 0.363711 1.0 0.621281 0.370384 1.0 0.629325 0.370384 1.0
0 0.662598 0.38737 0.024414 0.045573 0.657148 0.38294 1.0 0.669137 0.38323 1.0 0.662598 0.39166 1.0 0.656712 0.399216 1.0 0.668266 0.399798 1.0
0 0.753906 0.386719 0.025391 0.046875 0.746809 0.382999 1.0 0.75837 0.382999 1.0 0.752477 0.39116 1.0 0.747716 0.3966 1.0 0.75837 0.3966 1.0
0 0.797852 0.404297 0.025391 0.03776 0.789855 0.398031 1.0 0.801392 0.397786 1.0 0.7948 0.407064 1.0 0.790771 0.413411 1.0 0.801758 0.413167 1.0
0 0.861328 0.391276 0.025391 0.042969 0.85362 0.386079 1.0 0.867658 0.385812 1.0 0.859436 0.395973 1.0 0.854222 0.400786 1.0 0.865252 0.399984 1.0
0 0.899902 0.375 0.026367 0.046875 0.895634 0.372454 1.0 0.907418 0.371565 1.0 0.901638 0.38194 1.0 0.895634 0.387277 1.0 0.906529 0.385497 1.0