0 0.938965 0.527237 0.094727 0.072633 0.911237 0.523387 1.0 0.94499 0.51927 1.0 0.919503 0.537567 1.0 0.919503 0.549003 1.0 0.953944 0.544886 1.0
0 0.963867 0.464008 0.056641 0.044747 0.0 0.0 0.0 0.0 0.0 0.0 0.0 0.0 0.0 0.0 0.0 0.0 0.0 0.0 0.0
0 0.90332 0.46725 0.050781 0.040856 0.8893 0.467314 1.0 0.912057 0.466272 1.0 0.899109 0.473047 1.0 0.892046 0.478518 1.0 0.907741 0.477476 1.0
0 0.84082 0.465305 0.052734 0.035668 0.82911 0.460239 1.0 0.854274 0.460012 1.0 0.840332 0.465206 1.0 0.834551 0.472658 1.0 0.848833 0.472433 1.0
0 0.833496 0.507782 0.073242 0.058366 0.809754 0.511135 1.0 0.834669 0.503045 1.0 0.821381 0.51334 1.0 0.82581 0.528783 1.0 0.845188 0.518488 1.0
0 0.786133 0.476654 0.042969 0.036316 0.0 0.0 0.0 0.0 0.0 0.0 0.0 0.0 0.0 0.0 0.0 0.0 0.0 0.0 0.0
0 0.749512 0.500973 0.069336 0.05642 0.0 0.0 0.0 0.0 0.0 0.0 0.0 0.0 0.0 0.0 0.0 0.0 0.0 0.0 0.0
0 0.657227 0.450065 0.048828 0.037613 0.645525 0.443418 1.0 0.665902 0.442943 1.0 0.655535 0.449115 1.0 0.647312 0.457899 1.0 0.661612 0.458136 1.0
0 0.612305 0.491569 0.060547 0.04799 0.0 0.0 0.0 0.0 0.0 0.0 0.0 0.0 0.0 0.0 0.0 0.0 0.0 0.0 0.0
0 0.460449 0.48476 0.063477 0.053826 0.45129 0.482079 1.0 0.475773 0.482418 1.0 0.463021 0.490547 1.0 0.45384 0.498339 1.0 0.472203 0.498677 1.0
0 0.291992 0.459468 0.046875 0.036965 0.285296 0.452734 1.0 0.302455 0.453209 1.0 0.294948 0.457957 1.0 0.289229 0.465316 1.0 0.301025 0.466029 1.0
0 0.288086 0.505512 0.060547 0.047341 0.271764 0.496155 1.0 0.29398 0.494047 1.0 0.284459 0.503381 1.0 0.276751 0.513016 1.0 0.295341 0.51121 1.0
0 0.218262 0.49773 0.051758 0.044747 0.205018 0.49542 1.0 0.231079 0.49542 1.0 0.219116 0.503364 1.0 0.20758 0.510741 1.0 0.228516 0.510741 1.0
0 0.171387 0.476654 0.049805 0.041505 0.0 0.0 0.0 0.0 0.0 0.0 0.0 0.0 0.0 0.0 0.0 0.0 0.0 0.0 0.0
0 0.105957 0.490272 0.053711 0.049287 0.099871 0.490567 1.0 0.125061 0.490567 1.0 0.111066 0.5011 1.0 0.09334 0.507606 1.0 0.11993 0.509154 1.0
0 0.106445 0.456226 0.042969 0.031777 0.0 0.0 0.0 0.0 0.0 0.0 0.0 0.0 0.0 0.0 0.0 0.0 0.0 0.0 0.0
0 0.480957 0.75454 0.073242 0.06939 0.0 0.0 0.0 0.0 0.0 0.0 0.0 0.0 0.0 0.0 0.0 0.0 0.0 0.0 0.0
0 0.25293 0.703632 0.078125 0.062257 0.241342 0.696776 1.0 0.269967 0.697552 1.0 0.251273 0.710742 1.0 0.237837 0.719665 1.0 0.270552 0.720441 1.0
0 0.716797 0.486381 0.056641 0.040208 0.0 0.0 0.0 0.0 0.0 0.0 0.0 0.0 0.0 0.0 0.0 0.0 0.0 0.0 0.0
0 0.022461 0.465305 0.037109 0.04345 0.0 0.0 0.0 0.0 0.0 0.0 0.0 0.0 0.0 0.0 0.0 0.0 0.0 0.0 0.0