0 0.918945 0.328776 0.050781 0.092448 0.905814 0.307199 1.0 0.929356 0.304874 1.0 0.918457 0.326382 1.0 0.90843 0.342658 1.0 0.931536 0.340332 1.0
0 0.77002 0.326823 0.051758 0.098958 0.749006 0.305025 1.0 0.768599 0.303159 1.0 0.753204 0.317464 1.0 0.754138 0.347941 1.0 0.771863 0.346076 1.0
0 0.638672 0.305339 0.041016 0.071615 0.631043 0.288365 1.0 0.639544 0.296526 1.0 0.61982 0.296073 1.0 0.627982 0.317383 1.0 0.631723 0.32101 1.0
0 0.536133 0.298828 0.048828 0.08724 0.521711 0.287796 1.0 0.542611 0.291074 1.0 0.52581 0.303641 1.0 0.517203 0.315663 1.0 0.537693 0.320579 1.0
0 0.431641 0.333984 0.052734 0.089844 0.417908 0.319091 1.0 0.44397 0.318522 1.0 0.432007 0.341309 1.0 0.418762 0.349284 1.0 0.442261 0.349854 1.0
0 0.354004 0.431641 0.055664 0.08724 0.346959 0.41569 1.0 0.372776 0.426072 1.0 0.357204 0.439186 1.0 0.339172 0.44465 1.0 0.359663 0.453939 1.0
0 0.423828 0.636068 0.0625 0.105469 0.416382 0.615536 1.0 0.44322 0.617525 1.0 0.430298 0.644694 1.0 0.411909 0.65132 1.0 0.438747 0.65596 1.0
0 0.545898 0.568359 0.060547 0.095052 0.52138 0.557431 1.0 0.544503 0.554409 1.0 0.528634 0.576776 1.0 0.526367 0.590681 1.0 0.550397 0.587658 1.0
0 0.637207 0.654297 0.05957 0.10026 0.617414 0.636695 1.0 0.643781 0.636068 1.0 0.628243 0.66118 1.0 0.623535 0.673736 1.0 0.648961 0.673107 1.0
0 0.723633 0.670573 0.054688 0.091146 0.703291 0.656686 1.0 0.729618 0.652082 1.0 0.718828 0.676828 1.0 0.713649 0.692941 1.0 0.735661 0.686035 1.0
0 0.239258 0.305339 0.058594 0.082031 0.226998 0.291608 1.0 0.251718 0.290039 1.0 0.241908 0.301026 1.0 0.227783 0.321428 1.0 0.255642 0.319336 1.0
0 0.104492 0.306641 0.058594 0.084635 0.095581 0.295828 1.0 0.119245 0.291016 1.0 0.112828 0.309198 1.0 0.09518 0.327382 1.0 0.123256 0.320964 1.0