0 0.096191 0.312592 0.036133 0.071742 0.091919 0.307742 1.0 0.111145 0.306826 1.0 0.10382 0.32101 1.0 0.095581 0.331534 1.0 0.109619 0.329704 1.0
0 0.154785 0.310395 0.03418 0.06735 0.148913 0.307114 1.0 0.166482 0.305414 1.0 0.159681 0.321135 1.0 0.150613 0.330057 1.0 0.165349 0.327508 1.0
0 0.24707 0.314056 0.033203 0.065886 0.24163 0.308303 1.0 0.259486 0.312069 1.0 0.250837 0.325037 1.0 0.241351 0.330057 1.0 0.253627 0.332985 1.0
0 0.334473 0.314056 0.03418 0.068814 0.327148 0.307467 1.0 0.345703 0.313324 1.0 0.335938 0.322108 1.0 0.328125 0.329429 1.0 0.341797 0.332357 1.0
0 0.405762 0.338946 0.040039 0.071742 0.396729 0.329978 1.0 0.413514 0.329978 1.0 0.404663 0.345991 1.0 0.397645 0.35377 1.0 0.411377 0.354685 1.0
0 0.496582 0.338214 0.038086 0.079063 0.487147 0.335731 1.0 0.504708 0.333742 1.0 0.497088 0.351627 1.0 0.49013 0.358581 1.0 0.505371 0.357091 1.0
0 0.594238 0.333089 0.040039 0.074671 0.583845 0.325592 1.0 0.602727 0.324201 1.0 0.59375 0.340906 1.0 0.585393 0.352044 1.0 0.60056 0.351116 1.0
0 0.695801 0.325037 0.03418 0.06735 0.687256 0.31684 1.0 0.702506 0.325037 1.0 0.688694 0.332802 1.0 0.683803 0.337978 1.0 0.695888 0.347469 1.0
0 0.757324 0.322108 0.03418 0.070278 0.746007 0.31416 1.0 0.761349 0.316867 1.0 0.747812 0.329946 1.0 0.745706 0.33671 1.0 0.75834 0.341221 1.0
0 0.824707 0.289898 0.03418 0.06735 0.81645 0.278943 1.0 0.833139 0.276786 1.0 0.825657 0.29663 1.0 0.818752 0.306552 1.0 0.835152 0.301375 1.0
0 0.923828 0.292826 0.041016 0.081991 0.913208 0.282799 1.0 0.931462 0.297773 1.0 0.913208 0.305003 1.0 0.907009 0.311716 1.0 0.91493 0.318944 1.0