0 0.103027 0.346999 0.024414 0.046852 0.097635 0.342736 1.0 0.109994 0.342736 1.0 0.104894 0.351855 1.0 0.098615 0.360679 1.0 0.108621 0.360385 1.0
0 0.168945 0.307467 0.029297 0.055637 0.165039 0.304539 1.0 0.177734 0.301611 1.0 0.172852 0.314788 1.0 0.166992 0.323572 1.0 0.178711 0.322108 1.0
0 0.257324 0.335286 0.024414 0.052709 0.25221 0.328886 1.0 0.264884 0.33022 1.0 0.258658 0.338553 1.0 0.251988 0.345887 1.0 0.263327 0.346553 1.0
0 0.322754 0.292094 0.026367 0.054173 0.318106 0.284741 1.0 0.329891 0.286126 1.0 0.323421 0.296518 1.0 0.316258 0.302408 1.0 0.329197 0.303794 1.0
0 0.400879 0.282577 0.026367 0.061493 0.397562 0.274518 1.0 0.410422 0.275675 1.0 0.40322 0.286086 1.0 0.397304 0.294571 1.0 0.40785 0.296114 1.0
0 0.495605 0.305271 0.024414 0.057101 0.489502 0.297218 1.0 0.500488 0.29612 1.0 0.495117 0.307833 1.0 0.490723 0.31918 1.0 0.5 0.318814 1.0
0 0.583984 0.300878 0.027344 0.051245 0.579438 0.295433 1.0 0.59076 0.294152 1.0 0.586273 0.304082 1.0 0.57965 0.313048 1.0 0.59076 0.311769 1.0
0 0.683105 0.300878 0.030273 0.057101 0.679688 0.295754 1.0 0.691406 0.295754 1.0 0.68457 0.307467 1.0 0.679688 0.313324 1.0 0.691406 0.313324 1.0
0 0.740234 0.346266 0.023438 0.051245 0.734833 0.340638 1.0 0.746796 0.339678 1.0 0.740814 0.349606 1.0 0.736756 0.358255 1.0 0.746582 0.356332 1.0
0 0.827637 0.279649 0.02832 0.055637 0.820447 0.27372 1.0 0.833156 0.271296 1.0 0.827148 0.283766 1.0 0.821372 0.293467 1.0 0.833156 0.29312 1.0
0 0.893066 0.330893 0.02832 0.04978 0.884674 0.323435 1.0 0.898133 0.322795 1.0 0.890655 0.333684 1.0 0.884674 0.341691 1.0 0.897919 0.34137 1.0
0 0.866699 0.429722 0.02832 0.057101 0.861084 0.422401 1.0 0.873291 0.421303 1.0 0.866943 0.43082 1.0 0.861572 0.441801 1.0 0.873047 0.441069 1.0
0 0.766113 0.438507 0.02832 0.048316 0.756348 0.429618 1.0 0.770577 0.426165 1.0 0.763253 0.440284 1.0 0.760533 0.448127 1.0 0.771415 0.445305 1.0
0 0.713379 0.434846 0.026367 0.052709 0.710938 0.42899 1.0 0.723633 0.433382 1.0 0.71582 0.442167 1.0 0.708008 0.445095 1.0 0.719727 0.449488 1.0
0 0.697754 0.500732 0.024414 0.035139 0.693028 0.499059 1.0 0.702916 0.503294 1.0 0.696795 0.507059 1.0 0.69193 0.510589 1.0 0.698364 0.513883 1.0
0 0.820801 0.565154 0.030273 0.058565 0.817091 0.555852 1.0 0.829516 0.557343 1.0 0.8238 0.565539 1.0 0.816097 0.573363 1.0 0.828024 0.574854 1.0
0 0.645508 0.584919 0.025391 0.051245 0.639461 0.580252 1.0 0.653023 0.581919 1.0 0.645464 0.589919 1.0 0.639238 0.596587 1.0 0.651468 0.598253 1.0
0 0.609863 0.462665 0.026367 0.040996 0.602631 0.451482 1.0 0.614964 0.450676 1.0 0.609244 0.458985 1.0 0.603524 0.47024 1.0 0.614964 0.469972 1.0
0 0.525391 0.425329 0.023438 0.048316 0.519252 0.418322 1.0 0.532646 0.417695 1.0 0.526367 0.427735 1.0 0.520508 0.436833 1.0 0.531181 0.436833 1.0
0 0.467285 0.414348 0.026367 0.055637 0.462324 0.409054 1.0 0.476685 0.407643 1.0 0.470328 0.42176 1.0 0.463736 0.427761 1.0 0.474801 0.426348 1.0
0 0.383301 0.420205 0.024414 0.04978 0.377258 0.414348 1.0 0.389221 0.414028 1.0 0.383881 0.423316 1.0 0.377258 0.430363 1.0 0.389435 0.431003 1.0
0 0.302246 0.462665 0.024414 0.04978 0.297699 0.458089 1.0 0.309021 0.457449 1.0 0.303895 0.470261 1.0 0.297059 0.474744 1.0 0.308594 0.474744 1.0
0 0.231445 0.454612 0.025391 0.051245 0.225621 0.452482 1.0 0.23785 0.44848 1.0 0.232735 0.461816 1.0 0.228289 0.468816 1.0 0.238739 0.465482 1.0
0 0.148438 0.58858 0.027344 0.04978 0.14032 0.581442 1.0 0.154846 0.57952 1.0 0.147797 0.59137 1.0 0.143097 0.599698 1.0 0.154419 0.598097 1.0
0 0.190918 0.629575 0.024414 0.040996 0.185473 0.62134 1.0 0.197449 0.619732 1.0 0.19155 0.628307 1.0 0.186188 0.636883 1.0 0.197628 0.635543 1.0
0 0.235352 0.586384 0.025391 0.051245 0.231978 0.579769 1.0 0.24353 0.579442 1.0 0.237862 0.589246 1.0 0.230451 0.59611 1.0 0.243095 0.596763 1.0
0 0.295898 0.586384 0.025391 0.04246 0.290283 0.579338 1.0 0.302734 0.576318 1.0 0.297241 0.589495 1.0 0.292114 0.596357 1.0 0.304016 0.593063 1.0
0 0.353027 0.600293 0.022461 0.038067 0.348829 0.595449 1.0 0.360766 0.596176 1.0 0.354636 0.602704 1.0 0.34899 0.60996 1.0 0.358185 0.60996 1.0
0 0.40918 0.565886 0.021484 0.045388 0.402553 0.562854 1.0 0.414638 0.562854 1.0 0.408691 0.572056 1.0 0.404472 0.578959 1.0 0.411761 0.578959 1.0
0 0.576172 0.579063 0.029297 0.051245 0.569275 0.572474 1.0 0.58252 0.575037 1.0 0.574829 0.582723 1.0 0.569062 0.589449 1.0 0.578674 0.59137 1.0