0 0.145508 0.410622 0.013672 0.044041 0.142186 0.401091 1.0 0.148834 0.400225 1.0 0.144802 0.409187 1.0 0.142622 0.423645 1.0 0.149052 0.423645 1.0
0 0.105469 0.440415 0.013672 0.041451 0.102975 0.430075 1.0 0.107889 0.430873 1.0 0.104579 0.436194 1.0 0.101973 0.446834 1.0 0.106886 0.447098 1.0
0 0.055664 0.448187 0.013672 0.046632 0.053759 0.43735 1.0 0.059208 0.439663 1.0 0.056483 0.446313 1.0 0.052996 0.455277 1.0 0.058337 0.456142 1.0
0 0.032715 0.42228 0.014648 0.041451 0.030923 0.413269 1.0 0.036237 0.421251 1.0 0.031023 0.423378 1.0 0.027213 0.428964 1.0 0.031524 0.433754 1.0
0 0.121094 0.452073 0.013672 0.044041 0.118129 0.438565 1.0 0.121582 0.439119 1.0 0.119385 0.443005 1.0 0.118548 0.447168 1.0 0.120222 0.448003 1.0
0 0.200684 0.417098 0.014648 0.041451 0.199523 0.405347 1.0 0.204991 0.407891 1.0 0.201826 0.412472 1.0 0.199236 0.421124 1.0 0.20336 0.42265 1.0
0 0.218262 0.42228 0.012695 0.041451 0.21875 0.411917 1.0 0.223633 0.417098 1.0 0.220703 0.419689 1.0 0.217773 0.427461 1.0 0.222656 0.430052 1.0
0 0.248047 0.431347 0.009766 0.028497 0.248047 0.42487 1.0 0.251953 0.430052 1.0 0.249023 0.430052 1.0 0.24707 0.432642 1.0 0.250977 0.437824 1.0
0 0.262207 0.433938 0.012695 0.03886 0.26048 0.427044 1.0 0.265372 0.428573 1.0 0.263454 0.434933 1.0 0.261056 0.441293 1.0 0.264509 0.442311 1.0
0 0.286621 0.423575 0.012695 0.028497 0.284716 0.416347 1.0 0.2901 0.416567 1.0 0.287366 0.421181 1.0 0.285793 0.428433 1.0 0.289023 0.428433 1.0
0 0.272949 0.42228 0.008789 0.025907 0.271484 0.417098 1.0 0.275391 0.419689 1.0 0.273438 0.42228 1.0 0.271484 0.427461 1.0 0.275391 0.427461 1.0
0 0.298828 0.42228 0.007812 0.025907 0.0 0.0 0.0 0.0 0.0 0.0 0.0 0.0 0.0 0.0 0.0 0.0 0.0 0.0 0.0
0 0.303711 0.40544 0.009766 0.028497 0.300956 0.399935 1.0 0.305477 0.402689 1.0 0.303031 0.407407 1.0 0.300215 0.414091 1.0 0.30481 0.417433 1.0
0 0.15918 0.436528 0.009766 0.028497 0.0 0.0 0.0 0.0 0.0 0.0 0.0 0.0 0.0 0.0 0.0 0.0 0.0 0.0 0.0
0 0.311035 0.453368 0.010742 0.036269 0.311523 0.445596 1.0 0.31543 0.443005 1.0 0.31543 0.453368 1.0 0.3125 0.46114 1.0 0.31543 0.46114 1.0
0 0.334961 0.432642 0.011719 0.036269 0.332031 0.427461 1.0 0.337891 0.430052 1.0 0.333984 0.435233 1.0 0.332031 0.445596 1.0 0.336914 0.445596 1.0
0 0.328613 0.431347 0.008789 0.028497 0.332031 0.428202 1.0 0.334961 0.428016 1.0 0.333705 0.436899 1.0 0.332171 0.441339 1.0 0.334752 0.44171 1.0
0 0.347656 0.427461 0.009766 0.031088 0.344727 0.42228 1.0 0.349609 0.42228 1.0 0.347656 0.427461 1.0 0.345703 0.432642 1.0 0.349609 0.432642 1.0
0 0.337891 0.40285 0.009766 0.028497 0.0 0.0 0.0 0.0 0.0 0.0 0.0 0.0 0.0 0.0 0.0 0.0 0.0 0.0 0.0
0 0.367676 0.433938 0.010742 0.033679 0.365234 0.427461 1.0 0.370117 0.42487 1.0 0.368164 0.430052 1.0 0.365234 0.440415 1.0 0.371094 0.437824 1.0
0 0.360352 0.415803 0.009766 0.028497 0.359375 0.409326 1.0 0.363281 0.409326 1.0 0.361328 0.414508 1.0 0.358398 0.419689 1.0 0.362305 0.419689 1.0
0 0.388184 0.454663 0.010742 0.033679 0.385742 0.445596 1.0 0.391602 0.448187 1.0 0.387695 0.450777 1.0 0.384766 0.455959 1.0 0.389648 0.458549 1.0
0 0.412109 0.439119 0.011719 0.028497 0.40999 0.432399 1.0 0.415771 0.433972 1.0 0.413178 0.43987 1.0 0.40999 0.447736 1.0 0.414438 0.448718 1.0
0 0.380371 0.398964 0.008789 0.025907 0.378906 0.396373 1.0 0.382812 0.396373 1.0 0.380859 0.401554 1.0 0.37793 0.404145 1.0 0.381836 0.406736 1.0
0 0.385742 0.410622 0.009766 0.028497 0.384513 0.40787 1.0 0.388589 0.40787 1.0 0.386736 0.413373 1.0 0.385328 0.418684 1.0 0.387848 0.418487 1.0
0 0.428223 0.437824 0.010742 0.031088 0.42579 0.428873 1.0 0.430655 0.428663 1.0 0.42783 0.437824 1.0 0.426025 0.444277 1.0 0.430655 0.444277 1.0
0 0.44043 0.432642 0.009766 0.031088 0.4375 0.42487 1.0 0.442383 0.42487 1.0 0.44043 0.427461 1.0 0.4375 0.437824 1.0 0.442383 0.437824 1.0
0 0.460938 0.415803 0.009766 0.028497 0.458077 0.410852 1.0 0.462599 0.410655 1.0 0.460523 0.417145 1.0 0.458744 0.421078 1.0 0.46245 0.421078 1.0
0 0.48291 0.404145 0.010742 0.031088 0.480272 0.400098 1.0 0.48509 0.400293 1.0 0.48257 0.403832 1.0 0.480495 0.410321 1.0 0.485238 0.410518 1.0
0 0.492188 0.420984 0.011719 0.033679 0.490618 0.415526 1.0 0.495876 0.415316 1.0 0.492815 0.421772 1.0 0.492188 0.42864 1.0 0.494698 0.428433 1.0
0 0.508789 0.439119 0.009766 0.028497 0.506836 0.432642 1.0 0.511719 0.432642 1.0 0.508789 0.435233 1.0 0.506836 0.445596 1.0 0.511719 0.448187 1.0
0 0.481445 0.560881 0.011719 0.033679 0.479998 0.553109 1.0 0.485229 0.554959 1.0 0.481742 0.561899 1.0 0.479388 0.567451 1.0 0.482963 0.569301 1.0
0 0.419922 0.598446 0.011719 0.036269 0.417812 0.59058 1.0 0.422172 0.592199 1.0 0.419294 0.598446 1.0 0.417463 0.609549 1.0 0.421387 0.609549 1.0
0 0.534668 0.452073 0.010742 0.033679 0.533238 0.443282 1.0 0.538731 0.44578 1.0 0.535356 0.450984 1.0 0.532531 0.456189 1.0 0.537397 0.459313 1.0
0 0.534668 0.406736 0.010742 0.031088 0.531181 0.404238 1.0 0.536674 0.402155 1.0 0.53424 0.408819 1.0 0.532985 0.417977 1.0 0.536595 0.417562 1.0
0 0.564453 0.42487 0.009766 0.031088 0.5625 0.417098 1.0 0.568359 0.419689 1.0 0.564453 0.42487 1.0 0.5625 0.430052 1.0 0.56543 0.432642 1.0
0 0.557129 0.414508 0.010742 0.031088 0.555664 0.409326 1.0 0.560547 0.409326 1.0 0.558594 0.409326 1.0 0.555664 0.414508 1.0 0.558594 0.417098 1.0
0 0.566895 0.411917 0.010742 0.031088 0.564453 0.404145 1.0 0.569336 0.401554 1.0 0.567383 0.409326 1.0 0.566406 0.414508 1.0 0.570312 0.414508 1.0
0 0.629883 0.518135 0.011719 0.036269 0.62796 0.511254 1.0 0.631896 0.511497 1.0 0.629699 0.520238 1.0 0.627411 0.526554 1.0 0.631622 0.524611 1.0
0 0.584961 0.388601 0.009766 0.031088 0.583705 0.384554 1.0 0.588728 0.384345 1.0 0.58606 0.389549 1.0 0.584568 0.395378 1.0 0.587629 0.395585 1.0
0 0.61377 0.40285 0.010742 0.028497 0.611886 0.397484 1.0 0.61649 0.395078 1.0 0.61377 0.40063 1.0 0.612305 0.40729 1.0 0.616071 0.405811 1.0
0 0.605469 0.436528 0.009766 0.033679 0.604069 0.428837 1.0 0.608211 0.429935 1.0 0.605892 0.436969 1.0 0.604069 0.447736 1.0 0.6073 0.448176 1.0
0 0.587402 0.440415 0.010742 0.031088 0.584961 0.435233 1.0 0.59082 0.435233 1.0 0.588867 0.437824 1.0 0.586914 0.448187 1.0 0.59082 0.448187 1.0
0 0.663574 0.40544 0.012695 0.033679 0.660841 0.399992 1.0 0.665894 0.397795 1.0 0.66258 0.404389 1.0 0.662 0.414057 1.0 0.665728 0.413396 1.0
0 0.63916 0.409326 0.008789 0.025907 0.637695 0.404145 1.0 0.641602 0.404145 1.0 0.639648 0.406736 1.0 0.637695 0.414508 1.0 0.640625 0.414508 1.0
0 0.646973 0.404145 0.010742 0.031088 0.644928 0.396951 1.0 0.649449 0.397345 1.0 0.646929 0.40285 1.0 0.645225 0.410912 1.0 0.64856 0.410715 1.0
0 0.821777 0.556995 0.014648 0.041451 0.816406 0.548946 1.0 0.821533 0.548111 1.0 0.81829 0.556163 1.0 0.817139 0.568653 1.0 0.821638 0.56671 1.0
0 0.745117 0.551813 0.013672 0.041451 0.741032 0.545197 1.0 0.746948 0.544933 1.0 0.74404 0.553179 1.0 0.742035 0.561425 1.0 0.746547 0.561158 1.0
0 0.838867 0.42228 0.011719 0.036269 0.836373 0.415987 1.0 0.840646 0.412749 1.0 0.838989 0.421308 1.0 0.837245 0.42871 1.0 0.841692 0.427554 1.0
0 0.800781 0.398964 0.013672 0.036269 0.79892 0.389329 1.0 0.804962 0.388601 1.0 0.801574 0.395402 1.0 0.798736 0.403658 1.0 0.805878 0.403658 1.0
0 0.806641 0.40544 0.011719 0.03886 0.798479 0.390404 1.0 0.804426 0.389389 1.0 0.801261 0.396256 1.0 0.798384 0.405417 1.0 0.804905 0.404909 1.0
0 0.788574 0.409326 0.010742 0.031088 0.787301 0.402666 1.0 0.791304 0.404539 1.0 0.788479 0.409326 1.0 0.786987 0.414738 1.0 0.789655 0.416611 1.0
0 0.758301 0.417098 0.012695 0.036269 0.755676 0.412645 1.0 0.760986 0.409731 1.0 0.758423 0.416047 1.0 0.75705 0.426246 1.0 0.760986 0.424547 1.0
0 0.743164 0.393782 0.011719 0.031088 0.74023 0.391699 1.0 0.745048 0.386982 1.0 0.742453 0.393275 1.0 0.742527 0.403694 1.0 0.74527 0.400155 1.0
0 0.701172 0.400259 0.011719 0.033679 0.697266 0.396373 1.0 0.704102 0.393782 1.0 0.701172 0.398964 1.0 0.699219 0.409326 1.0 0.704102 0.409326 1.0
0 0.691406 0.391192 0.009766 0.031088 0.689453 0.38601 1.0 0.694336 0.38601 1.0 0.692383 0.388601 1.0 0.69043 0.396373 1.0 0.694336 0.396373 1.0
0 0.713379 0.406736 0.010742 0.031088 0.0 0.0 0.0 0.0 0.0 0.0 0.0 0.0 0.0 0.0 0.0 0.0 0.0 0.0 0.0
0 0.720703 0.400259 0.009766 0.028497 0.71875 0.396373 1.0 0.723633 0.396373 1.0 0.72168 0.401554 1.0 0.719727 0.406736 1.0 0.723633 0.404145 1.0
0 0.962402 0.449482 0.016602 0.033679 0.958252 0.446337 1.0 0.965472 0.443005 1.0 0.961391 0.44828 1.0 0.959403 0.458549 1.0 0.96432 0.457718 1.0
0 0.928711 0.449482 0.013672 0.033679 0.925751 0.445435 1.0 0.932525 0.443492 1.0 0.929139 0.448591 1.0 0.927032 0.457578 1.0 0.93161 0.456363 1.0
0 0.889648 0.409326 0.015625 0.041451 0.885707 0.401832 1.0 0.891671 0.398223 1.0 0.888428 0.407106 1.0 0.886439 0.418764 1.0 0.890834 0.416821 1.0
0 0.875 0.431347 0.011719 0.03886 0.871094 0.430052 1.0 0.876953 0.427461 1.0 0.874023 0.432642 1.0 0.873047 0.443005 1.0 0.876953 0.440415 1.0
0 0.868652 0.419689 0.012695 0.036269 0.865234 0.414508 1.0 0.871094 0.411917 1.0 0.868164 0.417098 1.0 0.867188 0.42487 1.0 0.870117 0.42487 1.0
0 0.85791 0.409326 0.012695 0.036269 0.855164 0.404632 1.0 0.859833 0.400746 1.0 0.857086 0.410461 1.0 0.857178 0.420661 1.0 0.860656 0.418233 1.0