0 0.23877 0.578261 0.008789 0.013665 0.237688 0.57581 1.0 0.241098 0.575243 1.0 0.240653 0.578544 1.0 0.2388 0.581938 1.0 0.241023 0.581089 1.0
0 0.276855 0.595652 0.010742 0.016149 0.27642 0.593701 1.0 0.279559 0.593478 1.0 0.278861 0.596361 1.0 0.276681 0.599467 1.0 0.280082 0.599246 1.0
0 0.289062 0.59441 0.009766 0.013665 0.0 0.0 0.0 0.0 0.0 0.0 0.0 0.0 0.0 0.0 0.0 0.0 0.0 0.0 0.0
0 0.202637 0.547826 0.008789 0.009938 0.0 0.0 0.0 0.0 0.0 0.0 0.0 0.0 0.0 0.0 0.0 0.0 0.0 0.0 0.0
0 0.177734 0.525466 0.007812 0.012422 0.0 0.0 0.0 0.0 0.0 0.0 0.0 0.0 0.0 0.0 0.0 0.0 0.0 0.0 0.0
0 0.15332 0.526087 0.007812 0.01118 0.0 0.0 0.0 0.0 0.0 0.0 0.0 0.0 0.0 0.0 0.0 0.0 0.0 0.0 0.0
0 0.096191 0.532919 0.008789 0.014907 0.0 0.0 0.0 0.0 0.0 0.0 0.0 0.0 0.0 0.0 0.0 0.0 0.0 0.0 0.0
0 0.133789 0.52795 0.007812 0.012422 0.0 0.0 0.0 0.0 0.0 0.0 0.0 0.0 0.0 0.0 0.0 0.0 0.0 0.0 0.0
0 0.210449 0.537267 0.008789 0.013665 0.0 0.0 0.0 0.0 0.0 0.0 0.0 0.0 0.0 0.0 0.0 0.0 0.0 0.0 0.0
0 0.23877 0.568323 0.010742 0.016149 0.0 0.0 0.0 0.0 0.0 0.0 0.0 0.0 0.0 0.0 0.0 0.0 0.0 0.0 0.0
0 0.196289 0.573913 0.009766 0.014907 0.0 0.0 0.0 0.0 0.0 0.0 0.0 0.0 0.0 0.0 0.0 0.0 0.0 0.0 0.0
0 0.153809 0.550932 0.008789 0.013665 0.0 0.0 0.0 0.0 0.0 0.0 0.0 0.0 0.0 0.0 0.0 0.0 0.0 0.0 0.0
0 0.23584 0.536025 0.010742 0.016149 0.0 0.0 0.0 0.0 0.0 0.0 0.0 0.0 0.0 0.0 0.0 0.0 0.0 0.0 0.0
0 0.249023 0.536646 0.009766 0.017391 0.0 0.0 0.0 0.0 0.0 0.0 0.0 0.0 0.0 0.0 0.0 0.0 0.0 0.0 0.0
0 0.262207 0.535404 0.008789 0.012422 0.0 0.0 0.0 0.0 0.0 0.0 0.0 0.0 0.0 0.0 0.0 0.0 0.0 0.0 0.0
0 0.251953 0.519876 0.009766 0.013665 0.0 0.0 0.0 0.0 0.0 0.0 0.0 0.0 0.0 0.0 0.0 0.0 0.0 0.0 0.0
0 0.27832 0.532919 0.007812 0.009938 0.0 0.0 0.0 0.0 0.0 0.0 0.0 0.0 0.0 0.0 0.0 0.0 0.0 0.0 0.0
0 0.349609 0.571429 0.007812 0.014907 0.0 0.0 0.0 0.0 0.0 0.0 0.0 0.0 0.0 0.0 0.0 0.0 0.0 0.0 0.0
0 0.32373 0.568944 0.008789 0.012422 0.0 0.0 0.0 0.0 0.0 0.0 0.0 0.0 0.0 0.0 0.0 0.0 0.0 0.0 0.0
0 0.306641 0.573913 0.007812 0.012422 0.0 0.0 0.0 0.0 0.0 0.0 0.0 0.0 0.0 0.0 0.0 0.0 0.0 0.0 0.0
0 0.282715 0.574534 0.008789 0.013665 0.0 0.0 0.0 0.0 0.0 0.0 0.0 0.0 0.0 0.0 0.0 0.0 0.0 0.0 0.0
0 0.375488 0.570807 0.006836 0.01118 0.0 0.0 0.0 0.0 0.0 0.0 0.0 0.0 0.0 0.0 0.0 0.0 0.0 0.0 0.0
0 0.342285 0.550932 0.008789 0.013665 0.0 0.0 0.0 0.0 0.0 0.0 0.0 0.0 0.0 0.0 0.0 0.0 0.0 0.0 0.0
0 0.358887 0.559627 0.008789 0.013665 0.356472 0.556517 1.0 0.359807 0.556517 1.0 0.357731 0.55925 1.0 0.356472 0.561513 1.0 0.358917 0.561041 1.0
0 0.391113 0.551553 0.008789 0.014907 0.0 0.0 0.0 0.0 0.0 0.0 0.0 0.0 0.0 0.0 0.0 0.0 0.0 0.0 0.0
0 0.404297 0.598758 0.011719 0.017391 0.0 0.0 0.0 0.0 0.0 0.0 0.0 0.0 0.0 0.0 0.0 0.0 0.0 0.0 0.0
0 0.403809 0.581988 0.008789 0.013665 0.0 0.0 0.0 0.0 0.0 0.0 0.0 0.0 0.0 0.0 0.0 0.0 0.0 0.0 0.0
0 0.382812 0.609938 0.007812 0.012422 0.0 0.0 0.0 0.0 0.0 0.0 0.0 0.0 0.0 0.0 0.0 0.0 0.0 0.0 0.0
0 0.416504 0.568323 0.008789 0.013665 0.0 0.0 0.0 0.0 0.0 0.0 0.0 0.0 0.0 0.0 0.0 0.0 0.0 0.0 0.0
0 0.405762 0.545342 0.006836 0.009938 0.0 0.0 0.0 0.0 0.0 0.0 0.0 0.0 0.0 0.0 0.0 0.0 0.0 0.0 0.0
0 0.413086 0.537888 0.007812 0.009938 0.0 0.0 0.0 0.0 0.0 0.0 0.0 0.0 0.0 0.0 0.0 0.0 0.0 0.0 0.0
0 0.419434 0.530435 0.006836 0.014907 0.0 0.0 0.0 0.0 0.0 0.0 0.0 0.0 0.0 0.0 0.0 0.0 0.0 0.0 0.0
0 0.431641 0.540994 0.007812 0.013665 0.0 0.0 0.0 0.0 0.0 0.0 0.0 0.0 0.0 0.0 0.0 0.0 0.0 0.0 0.0
0 0.44043 0.607453 0.009766 0.014907 0.0 0.0 0.0 0.0 0.0 0.0 0.0 0.0 0.0 0.0 0.0 0.0 0.0 0.0 0.0
0 0.454102 0.537267 0.007812 0.013665 0.0 0.0 0.0 0.0 0.0 0.0 0.0 0.0 0.0 0.0 0.0 0.0 0.0 0.0 0.0
0 0.444824 0.540994 0.006836 0.01118 0.0 0.0 0.0 0.0 0.0 0.0 0.0 0.0 0.0 0.0 0.0 0.0 0.0 0.0 0.0
0 0.476562 0.588199 0.007812 0.013665 0.477608 0.585802 1.0 0.481794 0.58598 1.0 0.48012 0.589353 1.0 0.47719 0.592014 1.0 0.481654 0.591837 1.0
0 0.471191 0.562112 0.008789 0.013665 0.0 0.0 0.0 0.0 0.0 0.0 0.0 0.0 0.0 0.0 0.0 0.0 0.0 0.0 0.0
0 0.488281 0.550932 0.007812 0.01118 0.0 0.0 0.0 0.0 0.0 0.0 0.0 0.0 0.0 0.0 0.0 0.0 0.0 0.0 0.0
0 0.471191 0.53913 0.006836 0.012422 0.469526 0.538343 1.0 0.473711 0.537012 1.0 0.472927 0.540339 1.0 0.472272 0.543334 1.0 0.474234 0.542502 1.0
0 0.487793 0.532298 0.008789 0.013665 0.0 0.0 0.0 0.0 0.0 0.0 0.0 0.0 0.0 0.0 0.0 0.0 0.0 0.0 0.0
0 0.524414 0.53913 0.009766 0.014907 0.0 0.0 0.0 0.0 0.0 0.0 0.0 0.0 0.0 0.0 0.0 0.0 0.0 0.0 0.0
0 0.538574 0.528571 0.008789 0.01118 0.0 0.0 0.0 0.0 0.0 0.0 0.0 0.0 0.0 0.0 0.0 0.0 0.0 0.0 0.0
0 0.55127 0.540373 0.006836 0.012422 0.0 0.0 0.0 0.0 0.0 0.0 0.0 0.0 0.0 0.0 0.0 0.0 0.0 0.0 0.0
0 0.520996 0.567702 0.008789 0.014907 0.0 0.0 0.0 0.0 0.0 0.0 0.0 0.0 0.0 0.0 0.0 0.0 0.0 0.0 0.0
0 0.48877 0.512422 0.006836 0.01118 0.0 0.0 0.0 0.0 0.0 0.0 0.0 0.0 0.0 0.0 0.0 0.0 0.0 0.0 0.0
0 0.59082 0.519255 0.007812 0.012422 0.0 0.0 0.0 0.0 0.0 0.0 0.0 0.0 0.0 0.0 0.0 0.0 0.0 0.0 0.0
0 0.600098 0.509938 0.006836 0.01118 0.0 0.0 0.0 0.0 0.0 0.0 0.0 0.0 0.0 0.0 0.0 0.0 0.0 0.0 0.0
0 0.612305 0.541615 0.007812 0.014907 0.611254 0.540994 1.0 0.614886 0.540711 1.0 0.612959 0.542974 1.0 0.611698 0.545519 1.0 0.614219 0.545425 1.0
0 0.621094 0.575776 0.007812 0.01118 0.0 0.0 0.0 0.0 0.0 0.0 0.0 0.0 0.0 0.0 0.0 0.0 0.0 0.0 0.0
0 0.632324 0.575155 0.008789 0.014907 0.0 0.0 0.0 0.0 0.0 0.0 0.0 0.0 0.0 0.0 0.0 0.0 0.0 0.0 0.0
0 0.645508 0.579503 0.009766 0.013665 0.64413 0.576753 1.0 0.648133 0.576942 1.0 0.646872 0.579769 1.0 0.644056 0.581843 1.0 0.64828 0.581938 1.0
0 0.642578 0.597516 0.007812 0.012422 0.0 0.0 0.0 0.0 0.0 0.0 0.0 0.0 0.0 0.0 0.0 0.0 0.0 0.0 0.0
0 0.660156 0.590062 0.007812 0.014907 0.0 0.0 0.0 0.0 0.0 0.0 0.0 0.0 0.0 0.0 0.0 0.0 0.0 0.0 0.0
0 0.680664 0.571429 0.007812 0.014907 0.0 0.0 0.0 0.0 0.0 0.0 0.0 0.0 0.0 0.0 0.0 0.0 0.0 0.0 0.0
0 0.69043 0.587578 0.007812 0.012422 0.0 0.0 0.0 0.0 0.0 0.0 0.0 0.0 0.0 0.0 0.0 0.0 0.0 0.0 0.0
0 0.633789 0.537267 0.007812 0.013665 0.0 0.0 0.0 0.0 0.0 0.0 0.0 0.0 0.0 0.0 0.0 0.0 0.0 0.0 0.0
0 0.658203 0.52236 0.005859 0.008696 0.0 0.0 0.0 0.0 0.0 0.0 0.0 0.0 0.0 0.0 0.0 0.0 0.0 0.0 0.0
0 0.671875 0.52236 0.007812 0.013665 0.0 0.0 0.0 0.0 0.0 0.0 0.0 0.0 0.0 0.0 0.0 0.0 0.0 0.0 0.0
0 0.694824 0.536025 0.006836 0.01118 0.0 0.0 0.0 0.0 0.0 0.0 0.0 0.0 0.0 0.0 0.0 0.0 0.0 0.0 0.0
0 0.70752 0.568944 0.008789 0.014907 0.0 0.0 0.0 0.0 0.0 0.0 0.0 0.0 0.0 0.0 0.0 0.0 0.0 0.0 0.0
0 0.656738 0.555901 0.006836 0.01118 0.0 0.0 0.0 0.0 0.0 0.0 0.0 0.0 0.0 0.0 0.0 0.0 0.0 0.0 0.0
0 0.655273 0.504348 0.007812 0.012422 0.0 0.0 0.0 0.0 0.0 0.0 0.0 0.0 0.0 0.0 0.0 0.0 0.0 0.0 0.0
0 0.668945 0.504969 0.007812 0.01118 0.0 0.0 0.0 0.0 0.0 0.0 0.0 0.0 0.0 0.0 0.0 0.0 0.0 0.0 0.0
0 0.62207 0.517391 0.005859 0.01118 0.0 0.0 0.0 0.0 0.0 0.0 0.0 0.0 0.0 0.0 0.0 0.0 0.0 0.0 0.0
0 0.711914 0.54472 0.007812 0.013665 0.0 0.0 0.0 0.0 0.0 0.0 0.0 0.0 0.0 0.0 0.0 0.0 0.0 0.0 0.0
0 0.693848 0.501863 0.006836 0.012422 0.0 0.0 0.0 0.0 0.0 0.0 0.0 0.0 0.0 0.0 0.0 0.0 0.0 0.0 0.0
0 0.622559 0.68882 0.012695 0.021118 0.0 0.0 0.0 0.0 0.0 0.0 0.0 0.0 0.0 0.0 0.0 0.0 0.0 0.0 0.0
0 0.730957 0.536025 0.006836 0.01118 0.0 0.0 0.0 0.0 0.0 0.0 0.0 0.0 0.0 0.0 0.0 0.0 0.0 0.0 0.0
0 0.751465 0.547205 0.006836 0.01118 0.0 0.0 0.0 0.0 0.0 0.0 0.0 0.0 0.0 0.0 0.0 0.0 0.0 0.0 0.0
0 0.746094 0.602484 0.009766 0.014907 0.745057 0.600843 1.0 0.748588 0.600943 1.0 0.746939 0.603439 1.0 0.745057 0.605734 1.0 0.747881 0.606034 1.0
0 0.724121 0.603727 0.008789 0.012422 0.0 0.0 0.0 0.0 0.0 0.0 0.0 0.0 0.0 0.0 0.0 0.0 0.0 0.0 0.0
0 0.760742 0.575155 0.007812 0.012422 0.0 0.0 0.0 0.0 0.0 0.0 0.0 0.0 0.0 0.0 0.0 0.0 0.0 0.0 0.0
0 0.780762 0.584472 0.008789 0.016149 0.780273 0.582553 1.0 0.783883 0.582354 1.0 0.782235 0.585748 1.0 0.781137 0.588043 1.0 0.783569 0.588043 1.0
0 0.785156 0.574534 0.009766 0.013665 0.0 0.0 0.0 0.0 0.0 0.0 0.0 0.0 0.0 0.0 0.0 0.0 0.0 0.0 0.0
0 0.807617 0.565839 0.007812 0.013665 0.0 0.0 0.0 0.0 0.0 0.0 0.0 0.0 0.0 0.0 0.0 0.0 0.0 0.0 0.0
0 0.794922 0.534783 0.007812 0.01118 0.0 0.0 0.0 0.0 0.0 0.0 0.0 0.0 0.0 0.0 0.0 0.0 0.0 0.0 0.0
0 0.766113 0.537267 0.006836 0.013665 0.0 0.0 0.0 0.0 0.0 0.0 0.0 0.0 0.0 0.0 0.0 0.0 0.0 0.0 0.0
0 0.81543 0.532919 0.007812 0.012422 0.0 0.0 0.0 0.0 0.0 0.0 0.0 0.0 0.0 0.0 0.0 0.0 0.0 0.0 0.0
0 0.809082 0.513043 0.006836 0.012422 0.0 0.0 0.0 0.0 0.0 0.0 0.0 0.0 0.0 0.0 0.0 0.0 0.0 0.0 0.0
0 0.769531 0.513043 0.005859 0.009938 0.0 0.0 0.0 0.0 0.0 0.0 0.0 0.0 0.0 0.0 0.0 0.0 0.0 0.0 0.0
0 0.793457 0.511801 0.006836 0.012422 0.0 0.0 0.0 0.0 0.0 0.0 0.0 0.0 0.0 0.0 0.0 0.0 0.0 0.0 0.0
0 0.829102 0.540994 0.007812 0.013665 0.0 0.0 0.0 0.0 0.0 0.0 0.0 0.0 0.0 0.0 0.0 0.0 0.0 0.0 0.0
0 0.843262 0.524845 0.006836 0.01118 0.0 0.0 0.0 0.0 0.0 0.0 0.0 0.0 0.0 0.0 0.0 0.0 0.0 0.0 0.0
0 0.80127 0.5 0.006836 0.01118 0.0 0.0 0.0 0.0 0.0 0.0 0.0 0.0 0.0 0.0 0.0 0.0 0.0 0.0 0.0
0 0.820801 0.524224 0.006836 0.012422 0.0 0.0 0.0 0.0 0.0 0.0 0.0 0.0 0.0 0.0 0.0 0.0 0.0 0.0 0.0
0 0.139648 0.781366 0.017578 0.024845 0.0 0.0 0.0 0.0 0.0 0.0 0.0 0.0 0.0 0.0 0.0 0.0 0.0 0.0 0.0
0 0.134766 0.732298 0.015625 0.026087 0.0 0.0 0.0 0.0 0.0 0.0 0.0 0.0 0.0 0.0 0.0 0.0 0.0 0.0 0.0
0 0.217773 0.749689 0.015625 0.026087 0.0 0.0 0.0 0.0 0.0 0.0 0.0 0.0 0.0 0.0 0.0 0.0 0.0 0.0 0.0
0 0.193359 0.72236 0.013672 0.026087 0.191433 0.719743 1.0 0.196533 0.718911 1.0 0.195095 0.724235 1.0 0.191955 0.728727 1.0 0.196664 0.727396 1.0
0 0.135254 0.703727 0.014648 0.021118 0.133092 0.700443 1.0 0.139474 0.699645 1.0 0.136754 0.706166 1.0 0.133614 0.708961 1.0 0.140312 0.707631 1.0
0 0.206543 0.826708 0.020508 0.028571 0.0 0.0 0.0 0.0 0.0 0.0 0.0 0.0 0.0 0.0 0.0 0.0 0.0 0.0 0.0
0 0.29834 0.826087 0.020508 0.027329 0.297852 0.821168 1.0 0.303663 0.825637 1.0 0.299203 0.827873 1.0 0.294743 0.831311 1.0 0.299068 0.833889 1.0
0 0.28418 0.76646 0.015625 0.024845 0.0 0.0 0.0 0.0 0.0 0.0 0.0 0.0 0.0 0.0 0.0 0.0 0.0 0.0 0.0
0 0.362305 0.755901 0.015625 0.026087 0.0 0.0 0.0 0.0 0.0 0.0 0.0 0.0 0.0 0.0 0.0 0.0 0.0 0.0 0.0
0 0.344727 0.71118 0.013672 0.023602 0.0 0.0 0.0 0.0 0.0 0.0 0.0 0.0 0.0 0.0 0.0 0.0 0.0 0.0 0.0
0 0.377441 0.706832 0.012695 0.02236 0.0 0.0 0.0 0.0 0.0 0.0 0.0 0.0 0.0 0.0 0.0 0.0 0.0 0.0 0.0
0 0.30127 0.701242 0.012695 0.021118 0.0 0.0 0.0 0.0 0.0 0.0 0.0 0.0 0.0 0.0 0.0 0.0 0.0 0.0 0.0
0 0.28418 0.730435 0.011719 0.019876 0.0 0.0 0.0 0.0 0.0 0.0 0.0 0.0 0.0 0.0 0.0 0.0 0.0 0.0 0.0
0 0.236328 0.693168 0.011719 0.019876 0.0 0.0 0.0 0.0 0.0 0.0 0.0 0.0 0.0 0.0 0.0 0.0 0.0 0.0 0.0
0 0.19873 0.682609 0.012695 0.018634 0.0 0.0 0.0 0.0 0.0 0.0 0.0 0.0 0.0 0.0 0.0 0.0 0.0 0.0 0.0
0 0.213867 0.654037 0.011719 0.018634 0.0 0.0 0.0 0.0 0.0 0.0 0.0 0.0 0.0 0.0 0.0 0.0 0.0 0.0 0.0
0 0.249512 0.673913 0.012695 0.021118 0.0 0.0 0.0 0.0 0.0 0.0 0.0 0.0 0.0 0.0 0.0 0.0 0.0 0.0 0.0
0 0.289062 0.678261 0.011719 0.017391 0.0 0.0 0.0 0.0 0.0 0.0 0.0 0.0 0.0 0.0 0.0 0.0 0.0 0.0 0.0
0 0.29541 0.658385 0.010742 0.017391 0.0 0.0 0.0 0.0 0.0 0.0 0.0 0.0 0.0 0.0 0.0 0.0 0.0 0.0 0.0
0 0.334961 0.685093 0.013672 0.021118 0.0 0.0 0.0 0.0 0.0 0.0 0.0 0.0 0.0 0.0 0.0 0.0 0.0 0.0 0.0
0 0.240723 0.639752 0.012695 0.017391 0.0 0.0 0.0 0.0 0.0 0.0 0.0 0.0 0.0 0.0 0.0 0.0 0.0 0.0 0.0
0 0.203613 0.624845 0.010742 0.017391 0.0 0.0 0.0 0.0 0.0 0.0 0.0 0.0 0.0 0.0 0.0 0.0 0.0 0.0 0.0
0 0.186035 0.631677 0.010742 0.016149 0.0 0.0 0.0 0.0 0.0 0.0 0.0 0.0 0.0 0.0 0.0 0.0 0.0 0.0 0.0
0 0.147461 0.644099 0.011719 0.018634 0.0 0.0 0.0 0.0 0.0 0.0 0.0 0.0 0.0 0.0 0.0 0.0 0.0 0.0 0.0
0 0.148926 0.624224 0.010742 0.018634 0.0 0.0 0.0 0.0 0.0 0.0 0.0 0.0 0.0 0.0 0.0 0.0 0.0 0.0 0.0
0 0.373535 0.68882 0.014648 0.023602 0.371987 0.686424 1.0 0.378344 0.683579 1.0 0.375754 0.690616 1.0 0.374459 0.695108 1.0 0.380463 0.692563 1.0
0 0.413574 0.695652 0.014648 0.019876 0.413993 0.694011 1.0 0.418597 0.69574 1.0 0.416085 0.698935 1.0 0.412842 0.701198 1.0 0.416608 0.702795 1.0
0 0.459961 0.704348 0.013672 0.019876 0.45847 0.705129 1.0 0.464587 0.705002 1.0 0.46218 0.709467 1.0 0.45857 0.711252 1.0 0.462882 0.711507 1.0
0 0.500977 0.703727 0.015625 0.023602 0.0 0.0 0.0 0.0 0.0 0.0 0.0 0.0 0.0 0.0 0.0 0.0 0.0 0.0 0.0
0 0.464355 0.668944 0.010742 0.018634 0.0 0.0 0.0 0.0 0.0 0.0 0.0 0.0 0.0 0.0 0.0 0.0 0.0 0.0 0.0
0 0.428223 0.631677 0.010742 0.018634 0.0 0.0 0.0 0.0 0.0 0.0 0.0 0.0 0.0 0.0 0.0 0.0 0.0 0.0 0.0
0 0.533203 0.696273 0.015625 0.018634 0.0 0.0 0.0 0.0 0.0 0.0 0.0 0.0 0.0 0.0 0.0 0.0 0.0 0.0 0.0
0 0.528809 0.652174 0.010742 0.017391 0.0 0.0 0.0 0.0 0.0 0.0 0.0 0.0 0.0 0.0 0.0 0.0 0.0 0.0 0.0
0 0.539062 0.612422 0.007812 0.012422 0.0 0.0 0.0 0.0 0.0 0.0 0.0 0.0 0.0 0.0 0.0 0.0 0.0 0.0 0.0
0 0.563477 0.612422 0.009766 0.014907 0.0 0.0 0.0 0.0 0.0 0.0 0.0 0.0 0.0 0.0 0.0 0.0 0.0 0.0 0.0
0 0.570801 0.619876 0.010742 0.017391 0.569794 0.619371 1.0 0.574005 0.618906 1.0 0.572082 0.622981 1.0 0.569152 0.626359 1.0 0.573456 0.62601 1.0
0 0.588867 0.631677 0.011719 0.018634 0.587646 0.630784 1.0 0.591675 0.629969 1.0 0.590393 0.632996 1.0 0.588837 0.636957 1.0 0.592315 0.635908 1.0
0 0.596191 0.612422 0.008789 0.014907 0.595716 0.610104 1.0 0.600533 0.609916 1.0 0.597939 0.612461 1.0 0.595643 0.614912 1.0 0.598903 0.615006 1.0
0 0.568359 0.652174 0.009766 0.017391 0.0 0.0 0.0 0.0 0.0 0.0 0.0 0.0 0.0 0.0 0.0 0.0 0.0 0.0 0.0
0 0.585938 0.688199 0.011719 0.017391 0.584503 0.68618 1.0 0.589722 0.686297 1.0 0.588074 0.68979 1.0 0.584687 0.693866 1.0 0.588531 0.694099 1.0
0 0.589355 0.668944 0.010742 0.018634 0.0 0.0 0.0 0.0 0.0 0.0 0.0 0.0 0.0 0.0 0.0 0.0 0.0 0.0 0.0
0 0.631836 0.719876 0.015625 0.018634 0.0 0.0 0.0 0.0 0.0 0.0 0.0 0.0 0.0 0.0 0.0 0.0 0.0 0.0 0.0
0 0.708008 0.650932 0.011719 0.019876 0.0 0.0 0.0 0.0 0.0 0.0 0.0 0.0 0.0 0.0 0.0 0.0 0.0 0.0 0.0
0 0.756348 0.670186 0.012695 0.021118 0.755532 0.668246 1.0 0.7612 0.669216 1.0 0.759892 0.672543 1.0 0.75684 0.676841 1.0 0.759674 0.676841 1.0
0 0.746094 0.701863 0.011719 0.02236 0.0 0.0 0.0 0.0 0.0 0.0 0.0 0.0 0.0 0.0 0.0 0.0 0.0 0.0 0.0
0 0.764648 0.704969 0.011719 0.018634 0.762569 0.702291 1.0 0.767983 0.702545 1.0 0.765979 0.706882 1.0 0.761967 0.710964 1.0 0.76658 0.710453 1.0
0 0.726074 0.618012 0.010742 0.016149 0.0 0.0 0.0 0.0 0.0 0.0 0.0 0.0 0.0 0.0 0.0 0.0 0.0 0.0 0.0
0 0.671387 0.61677 0.008789 0.013665 0.0 0.0 0.0 0.0 0.0 0.0 0.0 0.0 0.0 0.0 0.0 0.0 0.0 0.0 0.0
0 0.797363 0.649689 0.012695 0.017391 0.795332 0.648103 1.0 0.800224 0.648591 1.0 0.798209 0.652129 1.0 0.793893 0.656034 1.0 0.799168 0.65701 1.0
0 0.807617 0.690683 0.011719 0.02236 0.809431 0.687655 1.0 0.813738 0.687222 1.0 0.812604 0.690683 1.0 0.809317 0.694865 1.0 0.812944 0.694576 1.0
0 0.772461 0.73913 0.015625 0.02236 0.770499 0.734211 1.0 0.775295 0.73435 1.0 0.773006 0.739063 1.0 0.770936 0.744333 1.0 0.77573 0.743917 1.0
0 0.828125 0.740373 0.015625 0.02236 0.0 0.0 0.0 0.0 0.0 0.0 0.0 0.0 0.0 0.0 0.0 0.0 0.0 0.0 0.0
0 0.837891 0.713665 0.015625 0.023602 0.837521 0.705684 1.0 0.845406 0.707332 1.0 0.841169 0.713471 1.0 0.83599 0.715717 1.0 0.841758 0.718561 1.0
0 0.84668 0.68323 0.011719 0.019876 0.0 0.0 0.0 0.0 0.0 0.0 0.0 0.0 0.0 0.0 0.0 0.0 0.0 0.0 0.0
0 0.874023 0.737267 0.015625 0.023602 0.869995 0.735559 1.0 0.875732 0.735404 1.0 0.873535 0.740062 1.0 0.871094 0.743478 1.0 0.874878 0.743634 1.0
0 0.844727 0.793168 0.015625 0.021118 0.841937 0.788953 1.0 0.847796 0.78882 1.0 0.843819 0.796007 1.0 0.841832 0.799068 1.0 0.845912 0.799334 1.0
0 0.891113 0.71677 0.014648 0.024845 0.891541 0.716271 1.0 0.895726 0.71494 1.0 0.895333 0.719765 1.0 0.892194 0.72459 1.0 0.892194 0.72459 1.0
0 0.894531 0.665839 0.015625 0.019876 0.891776 0.663354 1.0 0.894287 0.663887 1.0 0.893555 0.668944 1.0 0.890102 0.670409 1.0 0.892718 0.67094 1.0
0 0.894043 0.624224 0.010742 0.018634 0.0 0.0 0.0 0.0 0.0 0.0 0.0 0.0 0.0 0.0 0.0 0.0 0.0 0.0 0.0
0 0.81543 0.632298 0.011719 0.014907 0.0 0.0 0.0 0.0 0.0 0.0 0.0 0.0 0.0 0.0 0.0 0.0 0.0 0.0 0.0
0 0.787598 0.608075 0.010742 0.016149 0.0 0.0 0.0 0.0 0.0 0.0 0.0 0.0 0.0 0.0 0.0 0.0 0.0 0.0 0.0
0 0.773438 0.622981 0.009766 0.018634 0.773237 0.621579 1.0 0.776045 0.621834 1.0 0.774641 0.625405 1.0 0.773036 0.627573 1.0 0.776245 0.627829 1.0
0 0.767578 0.597516 0.011719 0.017391 0.0 0.0 0.0 0.0 0.0 0.0 0.0 0.0 0.0 0.0 0.0 0.0 0.0 0.0 0.0
0 0.813965 0.591925 0.008789 0.016149 0.0 0.0 0.0 0.0 0.0 0.0 0.0 0.0 0.0 0.0 0.0 0.0 0.0 0.0 0.0
0 0.824707 0.585093 0.006836 0.012422 0.0 0.0 0.0 0.0 0.0 0.0 0.0 0.0 0.0 0.0 0.0 0.0 0.0 0.0 0.0
0 0.870605 0.579503 0.008789 0.013665 0.0 0.0 0.0 0.0 0.0 0.0 0.0 0.0 0.0 0.0 0.0 0.0 0.0 0.0 0.0
0 0.897949 0.603106 0.008789 0.013665 0.0 0.0 0.0 0.0 0.0 0.0 0.0 0.0 0.0 0.0 0.0 0.0 0.0 0.0 0.0
0 0.884766 0.57764 0.007812 0.012422 0.884312 0.575605 1.0 0.887844 0.574689 1.0 0.886274 0.577934 1.0 0.884247 0.580761 1.0 0.887778 0.580263 1.0
0 0.913086 0.628571 0.007812 0.019876 0.0 0.0 0.0 0.0 0.0 0.0 0.0 0.0 0.0 0.0 0.0 0.0 0.0 0.0 0.0
0 0.119141 0.626708 0.011719 0.016149 0.0 0.0 0.0 0.0 0.0 0.0 0.0 0.0 0.0 0.0 0.0 0.0 0.0 0.0 0.0
0 0.149902 0.603106 0.008789 0.016149 0.149331 0.601125 1.0 0.152811 0.601125 1.0 0.151319 0.604393 1.0 0.149662 0.60787 1.0 0.152147 0.607975 1.0
0 0.105469 0.614286 0.011719 0.016149 0.0 0.0 0.0 0.0 0.0 0.0 0.0 0.0 0.0 0.0 0.0 0.0 0.0 0.0 0.0
0 0.126465 0.58882 0.010742 0.014907 0.0 0.0 0.0 0.0 0.0 0.0 0.0 0.0 0.0 0.0 0.0 0.0 0.0 0.0 0.0
0 0.114258 0.567702 0.007812 0.012422 0.0 0.0 0.0 0.0 0.0 0.0 0.0 0.0 0.0 0.0 0.0 0.0 0.0 0.0 0.0
0 0.160156 0.550932 0.007812 0.013665 0.0 0.0 0.0 0.0 0.0 0.0 0.0 0.0 0.0 0.0 0.0 0.0 0.0 0.0 0.0
0 0.176758 0.555901 0.007812 0.013665 0.0 0.0 0.0 0.0 0.0 0.0 0.0 0.0 0.0 0.0 0.0 0.0 0.0 0.0 0.0
0 0.203613 0.559006 0.008789 0.014907 0.0 0.0 0.0 0.0 0.0 0.0 0.0 0.0 0.0 0.0 0.0 0.0 0.0 0.0 0.0
0 0.21582 0.582609 0.009766 0.012422 0.0 0.0 0.0 0.0 0.0 0.0 0.0 0.0 0.0 0.0 0.0 0.0 0.0 0.0 0.0
0 0.779785 0.543478 0.006836 0.008696 0.0 0.0 0.0 0.0 0.0 0.0 0.0 0.0 0.0 0.0 0.0 0.0 0.0 0.0 0.0
0 0.830566 0.562733 0.008789 0.012422 0.0 0.0 0.0 0.0 0.0 0.0 0.0 0.0 0.0 0.0 0.0 0.0 0.0 0.0 0.0
0 0.856934 0.554037 0.008789 0.014907 0.0 0.0 0.0 0.0 0.0 0.0 0.0 0.0 0.0 0.0 0.0 0.0 0.0 0.0 0.0
0 0.858398 0.534161 0.007812 0.012422 0.857518 0.529381 1.0 0.860983 0.529298 1.0 0.859545 0.532791 1.0 0.858172 0.536202 1.0 0.860526 0.536286 1.0
0 0.879395 0.521118 0.006836 0.01118 0.878479 0.519799 1.0 0.88092 0.519799 1.0 0.880432 0.521352 1.0 0.879395 0.52368 1.0 0.881226 0.523758 1.0
0 0.897461 0.574534 0.007812 0.01118 0.0 0.0 0.0 0.0 0.0 0.0 0.0 0.0 0.0 0.0 0.0 0.0 0.0 0.0 0.0
0 0.896973 0.557143 0.006836 0.01118 0.0 0.0 0.0 0.0 0.0 0.0 0.0 0.0 0.0 0.0 0.0 0.0 0.0 0.0 0.0
0 0.901855 0.548447 0.008789 0.01118 0.0 0.0 0.0 0.0 0.0 0.0 0.0 0.0 0.0 0.0 0.0 0.0 0.0 0.0 0.0
0 0.90918 0.528571 0.007812 0.01118 0.0 0.0 0.0 0.0 0.0 0.0 0.0 0.0 0.0 0.0 0.0 0.0 0.0 0.0 0.0
0 0.854004 0.509317 0.006836 0.012422 0.0 0.0 0.0 0.0 0.0 0.0 0.0 0.0 0.0 0.0 0.0 0.0 0.0 0.0 0.0
0 0.893066 0.518634 0.006836 0.01118 0.0 0.0 0.0 0.0 0.0 0.0 0.0 0.0 0.0 0.0 0.0 0.0 0.0 0.0 0.0
0 0.839844 0.595652 0.009766 0.013665 0.0 0.0 0.0 0.0 0.0 0.0 0.0 0.0 0.0 0.0 0.0 0.0 0.0 0.0 0.0
0 0.157715 0.503106 0.006836 0.012422 0.0 0.0 0.0 0.0 0.0 0.0 0.0 0.0 0.0 0.0 0.0 0.0 0.0 0.0 0.0
0 0.135254 0.504348 0.006836 0.012422 0.0 0.0 0.0 0.0 0.0 0.0 0.0 0.0 0.0 0.0 0.0 0.0 0.0 0.0 0.0
0 0.284668 0.486957 0.008789 0.009938 0.0 0.0 0.0 0.0 0.0 0.0 0.0 0.0 0.0 0.0 0.0 0.0 0.0 0.0 0.0
0 0.303711 0.503727 0.007812 0.01118 0.0 0.0 0.0 0.0 0.0 0.0 0.0 0.0 0.0 0.0 0.0 0.0 0.0 0.0 0.0
0 0.326172 0.531056 0.005859 0.01118 0.0 0.0 0.0 0.0 0.0 0.0 0.0 0.0 0.0 0.0 0.0 0.0 0.0 0.0 0.0
0 0.322266 0.520497 0.005859 0.009938 0.0 0.0 0.0 0.0 0.0 0.0 0.0 0.0 0.0 0.0 0.0 0.0 0.0 0.0 0.0
0 0.209961 0.504969 0.005859 0.008696 0.0 0.0 0.0 0.0 0.0 0.0 0.0 0.0 0.0 0.0 0.0 0.0 0.0 0.0 0.0
0 0.212402 0.513665 0.006836 0.01118 0.0 0.0 0.0 0.0 0.0 0.0 0.0 0.0 0.0 0.0 0.0 0.0 0.0 0.0 0.0
0 0.246582 0.475776 0.004883 0.007453 0.0 0.0 0.0 0.0 0.0 0.0 0.0 0.0 0.0 0.0 0.0 0.0 0.0 0.0 0.0
0 0.194824 0.473913 0.006836 0.008696 0.0 0.0 0.0 0.0 0.0 0.0 0.0 0.0 0.0 0.0 0.0 0.0 0.0 0.0 0.0
0 0.259277 0.498137 0.004883 0.007453 0.0 0.0 0.0 0.0 0.0 0.0 0.0 0.0 0.0 0.0 0.0 0.0 0.0 0.0 0.0
0 0.269531 0.496273 0.005859 0.01118 0.0 0.0 0.0 0.0 0.0 0.0 0.0 0.0 0.0 0.0 0.0 0.0 0.0 0.0 0.0
0 0.269043 0.481366 0.006836 0.008696 0.0 0.0 0.0 0.0 0.0 0.0 0.0 0.0 0.0 0.0 0.0 0.0 0.0 0.0 0.0
0 0.21875 0.503106 0.005859 0.009938 0.0 0.0 0.0 0.0 0.0 0.0 0.0 0.0 0.0 0.0 0.0 0.0 0.0 0.0 0.0
0 0.17334 0.504348 0.006836 0.009938 0.0 0.0 0.0 0.0 0.0 0.0 0.0 0.0 0.0 0.0 0.0 0.0 0.0 0.0 0.0
0 0.125 0.498758 0.005859 0.008696 0.0 0.0 0.0 0.0 0.0 0.0 0.0 0.0 0.0 0.0 0.0 0.0 0.0 0.0 0.0
0 0.130859 0.492547 0.005859 0.008696 0.0 0.0 0.0 0.0 0.0 0.0 0.0 0.0 0.0 0.0 0.0 0.0 0.0 0.0 0.0
0 0.25 0.603727 0.007812 0.014907 0.0 0.0 0.0 0.0 0.0 0.0 0.0 0.0 0.0 0.0 0.0 0.0 0.0 0.0 0.0
0 0.278809 0.548447 0.006836 0.013665 0.0 0.0 0.0 0.0 0.0 0.0 0.0 0.0 0.0 0.0 0.0 0.0 0.0 0.0 0.0
0 0.268066 0.513043 0.008789 0.012422 0.0 0.0 0.0 0.0 0.0 0.0 0.0 0.0 0.0 0.0 0.0 0.0 0.0 0.0 0.0
0 0.249512 0.499379 0.008789 0.012422 0.0 0.0 0.0 0.0 0.0 0.0 0.0 0.0 0.0 0.0 0.0 0.0 0.0 0.0 0.0
0 0.282715 0.503106 0.008789 0.012422 0.0 0.0 0.0 0.0 0.0 0.0 0.0 0.0 0.0 0.0 0.0 0.0 0.0 0.0 0.0
0 0.345703 0.514907 0.005859 0.01118 0.0 0.0 0.0 0.0 0.0 0.0 0.0 0.0 0.0 0.0 0.0 0.0 0.0 0.0 0.0
0 0.354004 0.504969 0.006836 0.01118 0.0 0.0 0.0 0.0 0.0 0.0 0.0 0.0 0.0 0.0 0.0 0.0 0.0 0.0 0.0
0 0.36377 0.503106 0.006836 0.009938 0.0 0.0 0.0 0.0 0.0 0.0 0.0 0.0 0.0 0.0 0.0 0.0 0.0 0.0 0.0
0 0.310547 0.5 0.005859 0.01118 0.0 0.0 0.0 0.0 0.0 0.0 0.0 0.0 0.0 0.0 0.0 0.0 0.0 0.0 0.0
0 0.395508 0.51677 0.007812 0.009938 0.0 0.0 0.0 0.0 0.0 0.0 0.0 0.0 0.0 0.0 0.0 0.0 0.0 0.0 0.0
0 0.388184 0.501242 0.006836 0.01118 0.0 0.0 0.0 0.0 0.0 0.0 0.0 0.0 0.0 0.0 0.0 0.0 0.0 0.0 0.0
0 0.398438 0.495031 0.005859 0.01118 0.0 0.0 0.0 0.0 0.0 0.0 0.0 0.0 0.0 0.0 0.0 0.0 0.0 0.0 0.0
0 0.355469 0.492547 0.005859 0.008696 0.0 0.0 0.0 0.0 0.0 0.0 0.0 0.0 0.0 0.0 0.0 0.0 0.0 0.0 0.0
0 0.375488 0.538509 0.006836 0.01118 0.0 0.0 0.0 0.0 0.0 0.0 0.0 0.0 0.0 0.0 0.0 0.0 0.0 0.0 0.0
0 0.414062 0.508696 0.007812 0.01118 0.0 0.0 0.0 0.0 0.0 0.0 0.0 0.0 0.0 0.0 0.0 0.0 0.0 0.0 0.0
0 0.411133 0.481988 0.005859 0.009938 0.0 0.0 0.0 0.0 0.0 0.0 0.0 0.0 0.0 0.0 0.0 0.0 0.0 0.0 0.0
0 0.38916 0.486335 0.006836 0.01118 0.0 0.0 0.0 0.0 0.0 0.0 0.0 0.0 0.0 0.0 0.0 0.0 0.0 0.0 0.0
0 0.442871 0.51677 0.006836 0.012422 0.0 0.0 0.0 0.0 0.0 0.0 0.0 0.0 0.0 0.0 0.0 0.0 0.0 0.0 0.0
0 0.454102 0.51677 0.005859 0.009938 0.0 0.0 0.0 0.0 0.0 0.0 0.0 0.0 0.0 0.0 0.0 0.0 0.0 0.0 0.0
0 0.466309 0.529814 0.006836 0.01118 0.0 0.0 0.0 0.0 0.0 0.0 0.0 0.0 0.0 0.0 0.0 0.0 0.0 0.0 0.0
0 0.509277 0.526087 0.006836 0.01118 0.0 0.0 0.0 0.0 0.0 0.0 0.0 0.0 0.0 0.0 0.0 0.0 0.0 0.0 0.0
0 0.513672 0.515528 0.005859 0.009938 0.0 0.0 0.0 0.0 0.0 0.0 0.0 0.0 0.0 0.0 0.0 0.0 0.0 0.0 0.0
0 0.540039 0.468944 0.005859 0.01118 0.0 0.0 0.0 0.0 0.0 0.0 0.0 0.0 0.0 0.0 0.0 0.0 0.0 0.0 0.0
0 0.579102 0.467702 0.005859 0.008696 0.0 0.0 0.0 0.0 0.0 0.0 0.0 0.0 0.0 0.0 0.0 0.0 0.0 0.0 0.0
0 0.796875 0.578882 0.007812 0.017391 0.0 0.0 0.0 0.0 0.0 0.0 0.0 0.0 0.0 0.0 0.0 0.0 0.0 0.0 0.0
0 0.737793 0.653416 0.010742 0.014907 0.0 0.0 0.0 0.0 0.0 0.0 0.0 0.0 0.0 0.0 0.0 0.0 0.0 0.0 0.0
0 0.767578 0.669565 0.009766 0.017391 0.0 0.0 0.0 0.0 0.0 0.0 0.0 0.0 0.0 0.0 0.0 0.0 0.0 0.0 0.0
0 0.729004 0.515528 0.008789 0.014907 0.0 0.0 0.0 0.0 0.0 0.0 0.0 0.0 0.0 0.0 0.0 0.0 0.0 0.0 0.0
0 0.817383 0.503727 0.009766 0.016149 0.0 0.0 0.0 0.0 0.0 0.0 0.0 0.0 0.0 0.0 0.0 0.0 0.0 0.0 0.0
0 0.810547 0.490062 0.009766 0.013665 0.0 0.0 0.0 0.0 0.0 0.0 0.0 0.0 0.0 0.0 0.0 0.0 0.0 0.0 0.0
0 0.35791 0.84472 0.020508 0.027329 0.0 0.0 0.0 0.0 0.0 0.0 0.0 0.0 0.0 0.0 0.0 0.0 0.0 0.0 0.0
0 0.467285 0.830435 0.020508 0.028571 0.464927 0.822604 1.0 0.474134 0.822421 1.0 0.469818 0.830473 1.0 0.466222 0.836513 1.0 0.472408 0.835781 1.0
0 0.538574 0.822981 0.016602 0.026087 0.0 0.0 0.0 0.0 0.0 0.0 0.0 0.0 0.0 0.0 0.0 0.0 0.0 0.0 0.0
0 0.744141 0.802484 0.017578 0.019876 0.0 0.0 0.0 0.0 0.0 0.0 0.0 0.0 0.0 0.0 0.0 0.0 0.0 0.0 0.0
0 0.638184 0.750311 0.016602 0.027329 0.0 0.0 0.0 0.0 0.0 0.0 0.0 0.0 0.0 0.0 0.0 0.0 0.0 0.0 0.0
0 0.626953 0.496894 0.009766 0.014907 0.0 0.0 0.0 0.0 0.0 0.0 0.0 0.0 0.0 0.0 0.0 0.0 0.0 0.0 0.0
0 0.874023 0.640373 0.009766 0.016149 0.872698 0.638581 1.0 0.878331 0.639425 1.0 0.876012 0.642585 1.0 0.873278 0.644482 1.0 0.877006 0.644903 1.0
0 0.866211 0.613665 0.007812 0.014907 0.0 0.0 0.0 0.0 0.0 0.0 0.0 0.0 0.0 0.0 0.0 0.0 0.0 0.0 0.0
0 0.875 0.603106 0.007812 0.013665 0.0 0.0 0.0 0.0 0.0 0.0 0.0 0.0 0.0 0.0 0.0 0.0 0.0 0.0 0.0
0 0.794434 0.716149 0.012695 0.013665 0.0 0.0 0.0 0.0 0.0 0.0 0.0 0.0 0.0 0.0 0.0 0.0 0.0 0.0 0.0
0 0.386719 0.637267 0.009766 0.014907 0.38419 0.635525 1.0 0.387407 0.634827 1.0 0.387329 0.638021 1.0 0.384818 0.641316 1.0 0.388114 0.641016 1.0
0 0.51416 0.612422 0.008789 0.012422 0.0 0.0 0.0 0.0 0.0 0.0 0.0 0.0 0.0 0.0 0.0 0.0 0.0 0.0 0.0
0 0.493652 0.621118 0.010742 0.014907 0.0 0.0 0.0 0.0 0.0 0.0 0.0 0.0 0.0 0.0 0.0 0.0 0.0 0.0 0.0
0 0.499512 0.587578 0.008789 0.012422 0.0 0.0 0.0 0.0 0.0 0.0 0.0 0.0 0.0 0.0 0.0 0.0 0.0 0.0 0.0
0 0.491211 0.568323 0.007812 0.013665 0.0 0.0 0.0 0.0 0.0 0.0 0.0 0.0 0.0 0.0 0.0 0.0 0.0 0.0 0.0
0 0.560547 0.56646 0.007812 0.012422 0.0 0.0 0.0 0.0 0.0 0.0 0.0 0.0 0.0 0.0 0.0 0.0 0.0 0.0 0.0
0 0.567871 0.578882 0.006836 0.012422 0.0 0.0 0.0 0.0 0.0 0.0 0.0 0.0 0.0 0.0 0.0 0.0 0.0 0.0 0.0
0 0.535645 0.589441 0.008789 0.013665 0.0 0.0 0.0 0.0 0.0 0.0 0.0 0.0 0.0 0.0 0.0 0.0 0.0 0.0 0.0
0 0.3125 0.621739 0.011719 0.016149 0.0 0.0 0.0 0.0 0.0 0.0 0.0 0.0 0.0 0.0 0.0 0.0 0.0 0.0 0.0
0 0.280273 0.649068 0.011719 0.018634 0.0 0.0 0.0 0.0 0.0 0.0 0.0 0.0 0.0 0.0 0.0 0.0 0.0 0.0 0.0
0 0.375977 0.593789 0.007812 0.012422 0.0 0.0 0.0 0.0 0.0 0.0 0.0 0.0 0.0 0.0 0.0 0.0 0.0 0.0 0.0
0 0.381836 0.582609 0.005859 0.014907 0.0 0.0 0.0 0.0 0.0 0.0 0.0 0.0 0.0 0.0 0.0 0.0 0.0 0.0 0.0
0 0.335938 0.645963 0.009766 0.017391 0.0 0.0 0.0 0.0 0.0 0.0 0.0 0.0 0.0 0.0 0.0 0.0 0.0 0.0 0.0
0 0.349609 0.630435 0.009766 0.016149 0.0 0.0 0.0 0.0 0.0 0.0 0.0 0.0 0.0 0.0 0.0 0.0 0.0 0.0 0.0
0 0.440918 0.659006 0.014648 0.021118 0.0 0.0 0.0 0.0 0.0 0.0 0.0 0.0 0.0 0.0 0.0 0.0 0.0 0.0 0.0
0 0.857422 0.765217 0.017578 0.027329 0.0 0.0 0.0 0.0 0.0 0.0 0.0 0.0 0.0 0.0 0.0 0.0 0.0 0.0 0.0