0 0.239258 0.233424 0.033203 0.050068 0.231742 0.218926 1.0 0.248064 0.217668 1.0 0.239449 0.230862 1.0 0.231969 0.241543 1.0 0.245797 0.2428 1.0
0 0.361328 0.23816 0.033203 0.064953 0.355992 0.229413 1.0 0.37289 0.234342 1.0 0.363996 0.247487 1.0 0.356585 0.256114 1.0 0.365775 0.258168 1.0
0 0.261719 0.41272 0.041016 0.067659 0.252808 0.404601 1.0 0.271424 0.404601 1.0 0.2641 0.422785 1.0 0.254334 0.429973 1.0 0.270813 0.429127 1.0
0 0.382324 0.409337 0.036133 0.066306 0.375428 0.408238 1.0 0.390991 0.40866 1.0 0.382446 0.420923 1.0 0.374207 0.427267 1.0 0.389465 0.428536 1.0
0 0.466309 0.221245 0.03418 0.052774 0.458008 0.210419 1.0 0.473633 0.210081 1.0 0.46582 0.220907 1.0 0.459717 0.231732 1.0 0.47168 0.230379 1.0
0 0.586426 0.253721 0.032227 0.052774 0.578857 0.245602 1.0 0.594238 0.248985 1.0 0.584717 0.261502 1.0 0.578125 0.26793 1.0 0.588867 0.269959 1.0
0 0.682129 0.274696 0.030273 0.051421 0.675415 0.267731 1.0 0.689562 0.267066 1.0 0.681889 0.279359 1.0 0.677094 0.287001 1.0 0.687884 0.286337 1.0
0 0.516113 0.460081 0.038086 0.05954 0.510167 0.447346 1.0 0.526925 0.449594 1.0 0.517735 0.459332 1.0 0.510437 0.468696 1.0 0.521789 0.473939 1.0
0 0.610352 0.495264 0.035156 0.051421 0.60134 0.485943 1.0 0.617745 0.485943 1.0 0.608503 0.499069 1.0 0.604113 0.508035 1.0 0.615204 0.507394 1.0
0 0.68457 0.49797 0.033203 0.056834 0.674591 0.491234 1.0 0.691825 0.493016 1.0 0.682308 0.500858 1.0 0.677421 0.51262 1.0 0.686423 0.512976 1.0
0 0.835449 0.348444 0.008789 0.017591 0.833008 0.346414 1.0 0.836914 0.345061 1.0 0.834961 0.34912 1.0 0.833008 0.35318 1.0 0.836914 0.35318 1.0
0 0.888672 0.338972 0.007812 0.017591 0.887695 0.336942 1.0 0.891602 0.336942 1.0 0.890625 0.341001 1.0 0.885742 0.342355 1.0 0.888672 0.345061 1.0