0 0.978516 0.388672 0.025391 0.03776 0.970341 0.380697 1.0 0.978742 0.382126 1.0 0.969805 0.38737 1.0 0.969269 0.395234 1.0 0.975883 0.396664 1.0
0 0.96582 0.463542 0.035156 0.054688 0.955531 0.459803 1.0 0.971222 0.457746 1.0 0.960161 0.470436 1.0 0.956817 0.48141 1.0 0.969679 0.479695 1.0
0 0.973633 0.540365 0.033203 0.054688 0.968258 0.532512 1.0 0.985748 0.534227 1.0 0.974945 0.545544 1.0 0.968515 0.554803 1.0 0.980604 0.556518 1.0
0 0.986328 0.651042 0.027344 0.052083 0.981663 0.648008 1.0 0.997088 0.650367 1.0 0.987227 0.661156 1.0 0.982675 0.668573 1.0 0.992536 0.670259 1.0
0 0.856445 0.525391 0.035156 0.053385 0.846113 0.515637 1.0 0.86179 0.514962 1.0 0.85294 0.528448 1.0 0.849147 0.536203 1.0 0.863308 0.534517 1.0
0 0.868652 0.453125 0.03418 0.054688 0.858782 0.448684 1.0 0.875523 0.447987 1.0 0.867152 0.458798 1.0 0.860352 0.467169 1.0 0.875785 0.466122 1.0
0 0.893555 0.353516 0.025391 0.03776 0.888672 0.34375 1.0 0.901367 0.345052 1.0 0.893555 0.354167 1.0 0.888672 0.363281 1.0 0.899414 0.363281 1.0
0 0.775391 0.382812 0.029297 0.041667 0.767055 0.37693 1.0 0.776079 0.375099 1.0 0.770979 0.385301 1.0 0.769605 0.392625 1.0 0.776472 0.392363 1.0
0 0.682129 0.373698 0.024414 0.039062 0.672547 0.36849 1.0 0.680786 0.365315 1.0 0.674744 0.376302 1.0 0.673462 0.384603 1.0 0.682068 0.383138 1.0
0 0.654297 0.360026 0.023438 0.035156 0.648655 0.35319 1.0 0.661909 0.352749 1.0 0.654288 0.360701 1.0 0.649483 0.369315 1.0 0.659258 0.369315 1.0
0 0.69873 0.4375 0.026367 0.041667 0.690133 0.428711 1.0 0.701765 0.430048 1.0 0.695146 0.438604 1.0 0.690334 0.447964 1.0 0.700562 0.448497 1.0
0 0.626465 0.429036 0.026367 0.042969 0.622571 0.423026 1.0 0.634456 0.425484 1.0 0.627694 0.432862 1.0 0.619703 0.43696 1.0 0.631383 0.439418 1.0
0 0.597168 0.342448 0.026367 0.039062 0.591797 0.339844 1.0 0.604492 0.335938 1.0 0.599609 0.347656 1.0 0.59375 0.354167 1.0 0.606445 0.351562 1.0
0 0.505371 0.360026 0.024414 0.03776 0.498047 0.356771 1.0 0.509766 0.354167 1.0 0.50293 0.363281 1.0 0.5 0.372396 1.0 0.509766 0.36849 1.0
0 0.592285 0.470052 0.030273 0.044271 0.583845 0.463449 1.0 0.59661 0.461775 1.0 0.589076 0.474331 1.0 0.587611 0.484654 1.0 0.598075 0.48298 1.0
0 0.636719 0.48763 0.033203 0.042969 0.625 0.481771 1.0 0.640625 0.479167 1.0 0.631836 0.489583 1.0 0.628906 0.502604 1.0 0.639648 0.497396 1.0
0 0.76123 0.561198 0.032227 0.049479 0.752974 0.554921 1.0 0.766157 0.555548 1.0 0.760036 0.565906 1.0 0.755092 0.575323 1.0 0.766628 0.575637 1.0
0 0.727539 0.544271 0.033203 0.046875 0.718854 0.536621 1.0 0.733363 0.536017 1.0 0.726562 0.545689 1.0 0.721575 0.556268 1.0 0.732457 0.555966 1.0
0 0.684082 0.561198 0.03418 0.052083 0.67565 0.559884 1.0 0.689069 0.558228 1.0 0.68236 0.569161 1.0 0.678136 0.579432 1.0 0.687827 0.579102 1.0
0 0.621094 0.580729 0.03125 0.049479 0.610936 0.575346 1.0 0.62459 0.575033 1.0 0.616351 0.586961 1.0 0.614231 0.596691 1.0 0.622942 0.596064 1.0
0 0.569336 0.565755 0.03125 0.048177 0.560966 0.561443 1.0 0.574829 0.559901 1.0 0.567204 0.571917 1.0 0.563738 0.579618 1.0 0.575061 0.578695 1.0
0 0.587402 0.54362 0.026367 0.053385 0.582799 0.534703 1.0 0.594116 0.534703 1.0 0.587171 0.542934 1.0 0.585113 0.551508 1.0 0.592059 0.550822 1.0
0 0.536621 0.490885 0.026367 0.039062 0.530187 0.486793 1.0 0.539777 0.486281 1.0 0.534215 0.493443 1.0 0.531913 0.502395 1.0 0.539777 0.500861 1.0
0 0.535645 0.578776 0.02832 0.050781 0.53275 0.57044 1.0 0.545458 0.573638 1.0 0.539224 0.58227 1.0 0.531551 0.590262 1.0 0.541382 0.591861 1.0
0 0.504883 0.563802 0.03125 0.044271 0.49292 0.554607 1.0 0.50702 0.550049 1.0 0.500824 0.561727 1.0 0.499115 0.57198 1.0 0.50702 0.570272 1.0
0 0.48877 0.555339 0.02832 0.040365 0.49387 0.555605 1.0 0.507407 0.550113 1.0 0.500736 0.562668 1.0 0.499363 0.57287 1.0 0.507604 0.570516 1.0
0 0.498047 0.518229 0.023438 0.036458 0.494141 0.510417 1.0 0.504883 0.511719 1.0 0.499023 0.518229 1.0 0.494141 0.523438 1.0 0.504883 0.52474 1.0
0 0.457031 0.530599 0.019531 0.029948 0.451172 0.527344 1.0 0.462891 0.529948 1.0 0.455078 0.536458 1.0 0.449219 0.541667 1.0 0.458008 0.544271 1.0
0 0.433105 0.542969 0.024414 0.046875 0.431483 0.536831 1.0 0.440325 0.538039 1.0 0.439418 0.546805 1.0 0.430123 0.556478 1.0 0.436244 0.556176 1.0
0 0.461914 0.385417 0.023438 0.036458 0.454311 0.379371 1.0 0.466866 0.377977 1.0 0.46024 0.38937 1.0 0.456752 0.396345 1.0 0.464774 0.394717 1.0
0 0.397949 0.396484 0.024414 0.035156 0.39236 0.390875 1.0 0.403752 0.390422 1.0 0.397121 0.397223 1.0 0.3944 0.404703 1.0 0.400861 0.40425 1.0
0 0.462402 0.615885 0.02832 0.046875 0.458579 0.608596 1.0 0.47192 0.611561 1.0 0.46814 0.619268 1.0 0.461024 0.627273 1.0 0.468807 0.627569 1.0
0 0.452148 0.570964 0.025391 0.042969 0.443987 0.565569 1.0 0.458427 0.565012 1.0 0.449847 0.572266 1.0 0.446708 0.583706 1.0 0.456962 0.582868 1.0
0 0.395508 0.534505 0.029297 0.050781 0.388537 0.52907 1.0 0.402204 0.532267 1.0 0.394771 0.542178 1.0 0.386618 0.548892 1.0 0.397408 0.551449 1.0
0 0.353516 0.520182 0.029297 0.048177 0.35022 0.516078 1.0 0.362697 0.515137 1.0 0.358459 0.526122 1.0 0.350926 0.534598 1.0 0.361991 0.534284 1.0
0 0.351074 0.447266 0.024414 0.03776 0.344055 0.43929 1.0 0.355225 0.438802 1.0 0.349731 0.450033 1.0 0.3479 0.457602 1.0 0.355591 0.457357 1.0
0 0.312988 0.464193 0.024414 0.035156 0.306889 0.459263 1.0 0.3159 0.457904 1.0 0.31182 0.466971 1.0 0.30893 0.474452 1.0 0.316581 0.473319 1.0
0 0.274902 0.44987 0.026367 0.03776 0.271196 0.444626 1.0 0.282458 0.444388 1.0 0.277274 0.452491 1.0 0.272091 0.460357 1.0 0.281206 0.460357 1.0
0 0.268066 0.384766 0.024414 0.040365 0.263951 0.380581 1.0 0.274349 0.380319 1.0 0.269836 0.388951 1.0 0.265521 0.396536 1.0 0.274741 0.396013 1.0
0 0.239258 0.520182 0.033203 0.050781 0.232178 0.512695 1.0 0.244141 0.51237 1.0 0.239014 0.523763 1.0 0.233398 0.53418 1.0 0.246094 0.533529 1.0
0 0.316895 0.542318 0.032227 0.050781 0.309814 0.535156 1.0 0.327393 0.536458 1.0 0.318604 0.545573 1.0 0.312744 0.55599 1.0 0.323486 0.556966 1.0
0 0.188965 0.514323 0.030273 0.044271 0.182495 0.509685 1.0 0.196167 0.509115 1.0 0.189117 0.519368 1.0 0.184845 0.527344 1.0 0.194672 0.527344 1.0
0 0.143555 0.494141 0.029297 0.045573 0.138855 0.486857 1.0 0.151886 0.486573 1.0 0.145904 0.497681 1.0 0.138855 0.506796 1.0 0.148682 0.506225 1.0
0 0.107422 0.507812 0.025391 0.039062 0.100673 0.505661 1.0 0.113421 0.505411 1.0 0.106859 0.51591 1.0 0.101423 0.521909 1.0 0.111358 0.521909 1.0
0 0.078613 0.501302 0.02832 0.041667 0.072021 0.494617 1.0 0.08606 0.495688 1.0 0.077837 0.504779 1.0 0.072423 0.511997 1.0 0.082851 0.513335 1.0
0 0.054688 0.417318 0.03125 0.045573 0.049186 0.411145 1.0 0.063137 0.412598 1.0 0.055507 0.420736 1.0 0.049403 0.429164 1.0 0.058995 0.429454 1.0
0 0.030273 0.509766 0.033203 0.048177 0.022622 0.505453 1.0 0.038104 0.505453 1.0 0.030247 0.516543 1.0 0.023777 0.523013 1.0 0.037872 0.522089 1.0
0 0.014648 0.498047 0.027344 0.048177 0.021942 0.503901 1.0 0.03465 0.504208 1.0 0.029798 0.516224 1.0 0.02587 0.524542 1.0 0.033957 0.524234 1.0
0 0.729492 0.509115 0.023438 0.057292 0.0 0.0 0.0 0.0 0.0 0.0 0.0 0.0 0.0 0.0 0.0 0.0 0.0 0.0 0.0