0 0.896484 0.279866 0.03125 0.071141 0.0 0.0 0.0 0.0 0.0 0.0 0.0 0.0 0.0 0.0 0.0 0.0 0.0 0.0 0.0
0 0.881348 0.230872 0.038086 0.06443 0.0 0.0 0.0 0.0 0.0 0.0 0.0 0.0 0.0 0.0 0.0 0.0 0.0 0.0 0.0
0 0.756348 0.234228 0.040039 0.060403 0.751744 0.223203 1.0 0.767927 0.223203 1.0 0.76123 0.239693 1.0 0.750349 0.24698 1.0 0.765974 0.247364 1.0
0 0.722168 0.155705 0.040039 0.06443 0.712978 0.145518 1.0 0.732247 0.145518 1.0 0.722168 0.15978 1.0 0.71446 0.172004 1.0 0.730766 0.172004 1.0
0 0.651367 0.212081 0.037109 0.05906 0.641327 0.201972 1.0 0.658905 0.202349 1.0 0.651215 0.216317 1.0 0.641876 0.226133 1.0 0.658355 0.225756 1.0
0 0.596191 0.114094 0.040039 0.067114 0.584119 0.110019 1.0 0.604549 0.109593 1.0 0.592167 0.125336 1.0 0.587215 0.135546 1.0 0.599287 0.133844 1.0
0 0.526367 0.210067 0.035156 0.065772 0.517456 0.194254 1.0 0.524074 0.195081 1.0 0.509936 0.204177 1.0 0.520163 0.219889 1.0 0.52227 0.219889 1.0
0 0.463867 0.107383 0.039062 0.06443 0.462477 0.098855 1.0 0.477217 0.105471 1.0 0.469696 0.119529 1.0 0.457663 0.120769 1.0 0.470599 0.126558 1.0
0 0.294922 0.12349 0.044922 0.069799 0.283932 0.111446 1.0 0.302071 0.111008 1.0 0.291888 0.122381 1.0 0.286159 0.140754 1.0 0.30048 0.140317 1.0
0 0.301758 0.231544 0.039062 0.073826 0.288199 0.215915 1.0 0.29058 0.216851 1.0 0.282759 0.236013 1.0 0.29398 0.243493 1.0 0.298061 0.242557 1.0
0 0.426758 0.214094 0.029297 0.065772 0.436523 0.195973 1.0 0.439453 0.194631 1.0 0.441406 0.210738 1.0 0.436523 0.225503 1.0 0.438477 0.225503 1.0
0 0.226074 0.246309 0.045898 0.081879 0.227199 0.241515 1.0 0.24482 0.236361 1.0 0.241071 0.260583 1.0 0.224574 0.265736 1.0 0.241821 0.264705 1.0
0 0.590332 0.410067 0.049805 0.081879 0.578107 0.40115 1.0 0.599854 0.395482 1.0 0.58898 0.419188 1.0 0.582981 0.429494 1.0 0.602479 0.423826 1.0
0 0.793457 0.520134 0.047852 0.079195 0.778621 0.504866 1.0 0.799608 0.505364 1.0 0.785135 0.519787 1.0 0.780068 0.533713 1.0 0.793457 0.535205 1.0
0 0.443359 0.489933 0.046875 0.067114 0.425049 0.480753 1.0 0.439597 0.486283 1.0 0.426597 0.498621 1.0 0.431549 0.505855 1.0 0.443312 0.50713 1.0
0 0.275879 0.575839 0.049805 0.075168 0.267229 0.563374 1.0 0.293388 0.563374 1.0 0.279088 0.585906 1.0 0.268624 0.596452 1.0 0.285365 0.596452 1.0
0 0.156738 0.173154 0.040039 0.067114 0.164167 0.157166 1.0 0.173144 0.156315 1.0 0.177168 0.169079 1.0 0.166334 0.185247 1.0 0.167572 0.186098 1.0
0 0.086426 0.227517 0.045898 0.073826 0.091937 0.227517 1.0 0.108124 0.218996 1.0 0.106746 0.241718 1.0 0.091937 0.250713 1.0 0.105024 0.247399 1.0