0 0.102539 0.291809 0.017578 0.098976 0.108398 0.286689 1.0 0.108398 0.286689 1.0 0.112305 0.290102 1.0 0.109375 0.313993 1.0 0.109375 0.313993 1.0
0 0.299805 0.295222 0.011719 0.064846 0.294922 0.290102 1.0 0.300781 0.290102 1.0 0.295898 0.300341 1.0 0.296875 0.313993 1.0 0.300781 0.31058 1.0
0 0.333008 0.31058 0.013672 0.081911 0.0 0.0 0.0 0.0 0.0 0.0 0.0 0.0 0.0 0.0 0.0 0.0 0.0 0.0 0.0
0 0.327148 0.327645 0.013672 0.075085 0.329102 0.31058 1.0 0.329102 0.31058 1.0 0.327148 0.327645 1.0 0.328125 0.341297 1.0 0.329102 0.341297 1.0
0 0.39209 0.348123 0.008789 0.081911 0.0 0.0 0.0 0.0 0.0 0.0 0.0 0.0 0.0 0.0 0.0 0.0 0.0 0.0 0.0
0 0.443848 0.283276 0.012695 0.061433 0.443359 0.283276 1.0 0.444336 0.283276 1.0 0.442383 0.300341 1.0 0.446289 0.31058 1.0 0.446289 0.307167 1.0
0 0.460449 0.269625 0.014648 0.081911 0.453735 0.262891 1.0 0.457589 0.263925 1.0 0.453884 0.278949 1.0 0.453735 0.29242 1.0 0.456255 0.291382 1.0
0 0.556152 0.250853 0.014648 0.064846 0.550781 0.249147 1.0 0.554688 0.249147 1.0 0.552734 0.262799 1.0 0.551758 0.273038 1.0 0.555664 0.273038 1.0
0 0.548828 0.313993 0.013672 0.075085 0.545898 0.307167 1.0 0.548828 0.303754 1.0 0.545898 0.320819 1.0 0.545898 0.334471 1.0 0.549805 0.331058 1.0
0 0.514648 0.290102 0.013672 0.081911 0.511719 0.283276 1.0 0.511719 0.283276 1.0 0.508789 0.290102 1.0 0.512695 0.31058 1.0 0.512695 0.31058 1.0
0 0.584473 0.240614 0.020508 0.098976 0.576172 0.235068 1.0 0.580018 0.237628 1.0 0.577453 0.251706 1.0 0.580933 0.272184 1.0 0.58368 0.267706 1.0
0 0.630371 0.261092 0.010742 0.051195 0.626953 0.259386 1.0 0.630859 0.259386 1.0 0.62793 0.269625 1.0 0.629883 0.279863 1.0 0.632812 0.279863 1.0
0 0.645508 0.271331 0.011719 0.071672 0.0 0.0 0.0 0.0 0.0 0.0 0.0 0.0 0.0 0.0 0.0 0.0 0.0 0.0 0.0
0 0.671387 0.276451 0.014648 0.068259 0.668945 0.266212 1.0 0.668945 0.266212 1.0 0.666016 0.273038 1.0 0.667969 0.286689 1.0 0.667969 0.286689 1.0
0 0.710449 0.18942 0.008789 0.051195 0.0 0.0 0.0 0.0 0.0 0.0 0.0 0.0 0.0 0.0 0.0 0.0 0.0 0.0 0.0
0 0.715332 0.221843 0.010742 0.068259 0.710231 0.214072 1.0 0.715855 0.210874 1.0 0.710754 0.229157 1.0 0.714286 0.241956 1.0 0.717032 0.239212 1.0
0 0.727539 0.271331 0.013672 0.064846 0.730469 0.225256 1.0 0.732422 0.221843 1.0 0.727539 0.242321 1.0 0.732422 0.255973 1.0 0.732422 0.255973 1.0
0 0.73584 0.232082 0.020508 0.095563 0.728167 0.222573 1.0 0.731829 0.221355 1.0 0.725551 0.244515 1.0 0.729388 0.257922 1.0 0.733398 0.256703 1.0
0 0.851074 0.235495 0.010742 0.047782 0.848603 0.231549 1.0 0.853912 0.230908 1.0 0.850982 0.241468 1.0 0.849609 0.249147 1.0 0.853363 0.248826 1.0
0 0.90332 0.203072 0.019531 0.071672 0.895508 0.187713 1.0 0.901367 0.187713 1.0 0.897461 0.201365 1.0 0.896484 0.215017 1.0 0.902344 0.215017 1.0