0 0.177246 0.302326 0.018555 0.031008 0.172459 0.29834 1.0 0.180804 0.297135 1.0 0.177264 0.305564 1.0 0.174355 0.312189 1.0 0.179919 0.312189 1.0
0 0.222656 0.293798 0.023438 0.03876 0.21589 0.291279 1.0 0.223109 0.293023 1.0 0.218244 0.301994 1.0 0.220128 0.306727 1.0 0.227033 0.30598 1.0
0 0.302734 0.248062 0.017578 0.037209 0.305664 0.249612 1.0 0.310547 0.248062 1.0 0.310547 0.255814 1.0 0.305664 0.262016 1.0 0.30957 0.262016 1.0
0 0.356445 0.260465 0.019531 0.04031 0.355312 0.255322 1.0 0.36257 0.256091 1.0 0.359021 0.264285 1.0 0.354505 0.269664 1.0 0.36128 0.270433 1.0
0 0.432617 0.195349 0.017578 0.037209 0.429461 0.190975 1.0 0.435687 0.190504 1.0 0.43287 0.197798 1.0 0.430202 0.204153 1.0 0.435687 0.203682 1.0
0 0.416016 0.256589 0.017578 0.032558 0.411133 0.252713 1.0 0.419922 0.252713 1.0 0.416016 0.260465 1.0 0.413086 0.266667 1.0 0.420898 0.265116 1.0
0 0.38916 0.271318 0.018555 0.037209 0.381836 0.268217 1.0 0.387695 0.271318 1.0 0.382812 0.274419 1.0 0.381836 0.27907 1.0 0.386719 0.28062 1.0
0 0.450195 0.268217 0.019531 0.04031 0.447126 0.264369 1.0 0.454224 0.264625 1.0 0.450514 0.273588 1.0 0.447287 0.277941 1.0 0.454869 0.279478 1.0
0 0.490723 0.26124 0.016602 0.032558 0.487715 0.259634 1.0 0.495039 0.259426 1.0 0.491639 0.267318 1.0 0.488237 0.27147 1.0 0.493992 0.27147 1.0
0 0.403809 0.317054 0.020508 0.03876 0.398438 0.315532 1.0 0.406599 0.313288 1.0 0.402989 0.323256 1.0 0.402204 0.330482 1.0 0.407697 0.327242 1.0
0 0.36377 0.324806 0.018555 0.04186 0.362453 0.321138 1.0 0.369742 0.321138 1.0 0.367423 0.33087 1.0 0.361956 0.334025 1.0 0.368748 0.334552 1.0
0 0.324219 0.294574 0.017578 0.037209 0.322082 0.290406 1.0 0.329864 0.292588 1.0 0.325135 0.300823 1.0 0.320099 0.306637 1.0 0.325744 0.30906 1.0
0 0.481934 0.325581 0.018555 0.037209 0.477295 0.319795 1.0 0.48441 0.320031 1.0 0.480704 0.329208 1.0 0.477739 0.334386 1.0 0.484559 0.334856 1.0
0 0.245117 0.34186 0.019531 0.03876 0.241961 0.337597 1.0 0.251221 0.337847 1.0 0.246983 0.345071 1.0 0.243217 0.352298 1.0 0.249181 0.352547 1.0
0 0.310059 0.352713 0.018555 0.04186 0.306588 0.350885 1.0 0.31454 0.350885 1.0 0.311062 0.358513 1.0 0.304601 0.361932 1.0 0.316362 0.361406 1.0
0 0.259277 0.421705 0.022461 0.046512 0.255676 0.415574 1.0 0.263925 0.415276 1.0 0.261487 0.423014 1.0 0.255676 0.431645 1.0 0.265237 0.430454 1.0
0 0.324219 0.427132 0.021484 0.04186 0.323242 0.424806 1.0 0.331055 0.423256 1.0 0.329102 0.432558 1.0 0.323242 0.44031 1.0 0.332031 0.43876 1.0
0 0.164062 0.379845 0.021484 0.037209 0.1604 0.376648 1.0 0.170014 0.376163 1.0 0.165741 0.385853 1.0 0.162079 0.39094 1.0 0.168945 0.39094 1.0
0 0.156738 0.497674 0.022461 0.043411 0.15332 0.493909 1.0 0.163435 0.492526 1.0 0.159772 0.505536 1.0 0.152797 0.512459 1.0 0.162214 0.513566 1.0
0 0.221191 0.507752 0.022461 0.048062 0.218641 0.504949 1.0 0.228646 0.501834 1.0 0.225899 0.514293 1.0 0.220603 0.523947 1.0 0.227665 0.522079 1.0
0 0.325684 0.515504 0.022461 0.048062 0.323277 0.509856 1.0 0.332677 0.508333 1.0 0.329991 0.519905 1.0 0.323853 0.526301 1.0 0.332868 0.525084 1.0
0 0.379883 0.385271 0.019531 0.03876 0.375785 0.382254 1.0 0.383946 0.38325 1.0 0.380022 0.389729 1.0 0.376256 0.395211 1.0 0.382848 0.395709 1.0
0 0.416016 0.371318 0.019531 0.032558 0.411931 0.365953 1.0 0.418147 0.36574 1.0 0.415174 0.374966 1.0 0.413146 0.383333 1.0 0.417201 0.383333 1.0
0 0.508301 0.34186 0.018555 0.04186 0.504177 0.336878 1.0 0.512957 0.336878 1.0 0.508815 0.345557 1.0 0.504011 0.353184 1.0 0.5113 0.35371 1.0
0 0.542969 0.316279 0.017578 0.043411 0.538818 0.309468 1.0 0.546666 0.310853 1.0 0.541957 0.318882 1.0 0.538644 0.32525 1.0 0.546317 0.326357 1.0
0 0.441406 0.413178 0.021484 0.04186 0.435455 0.408319 1.0 0.443616 0.40778 1.0 0.439025 0.418307 1.0 0.437325 0.423436 1.0 0.442427 0.423436 1.0
0 0.377441 0.466667 0.020508 0.037209 0.374604 0.463712 1.0 0.381622 0.461288 1.0 0.379181 0.472433 1.0 0.375366 0.476065 1.0 0.382385 0.474127 1.0
0 0.456543 0.456589 0.020508 0.04186 0.452145 0.45153 1.0 0.460815 0.451259 1.0 0.457245 0.459898 1.0 0.451634 0.464217 1.0 0.462516 0.464217 1.0
0 0.508789 0.433333 0.017578 0.04186 0.505859 0.43062 1.0 0.513532 0.430343 1.0 0.510045 0.439757 1.0 0.505685 0.445017 1.0 0.512486 0.44474 1.0
0 0.486816 0.51938 0.022461 0.043411 0.48441 0.514916 1.0 0.494063 0.5152 1.0 0.489772 0.524564 1.0 0.48441 0.531091 1.0 0.492989 0.531375 1.0
0 0.531738 0.499225 0.020508 0.04031 0.529297 0.499225 1.0 0.539062 0.496124 1.0 0.536133 0.506977 1.0 0.52832 0.513178 1.0 0.540039 0.511628 1.0
0 0.525879 0.257364 0.018555 0.034109 0.518769 0.250152 1.0 0.526877 0.248222 1.0 0.521877 0.257448 1.0 0.520931 0.264313 1.0 0.526877 0.263026 1.0
0 0.609375 0.328682 0.021484 0.04031 0.603075 0.323809 1.0 0.611302 0.323298 1.0 0.606785 0.333029 1.0 0.603236 0.338406 1.0 0.611625 0.338406 1.0
0 0.617676 0.251163 0.018555 0.037209 0.615234 0.244961 1.0 0.623047 0.246512 1.0 0.618164 0.252713 1.0 0.612305 0.260465 1.0 0.62207 0.262016 1.0
0 0.575684 0.368992 0.020508 0.046512 0.571289 0.367442 1.0 0.582031 0.368992 1.0 0.576172 0.375194 1.0 0.570312 0.382946 1.0 0.581055 0.382946 1.0
0 0.557129 0.462791 0.020508 0.044961 0.55249 0.460561 1.0 0.561463 0.461434 1.0 0.556519 0.472189 1.0 0.551941 0.47626 1.0 0.562195 0.47684 1.0
0 0.581055 0.443411 0.017578 0.037209 0.577851 0.438518 1.0 0.586396 0.440456 1.0 0.582123 0.447481 1.0 0.578155 0.453053 1.0 0.583954 0.453053 1.0
0 0.625 0.464341 0.021484 0.044961 0.620178 0.462984 1.0 0.630799 0.463566 1.0 0.625672 0.47345 1.0 0.61908 0.483915 1.0 0.629883 0.483625 1.0
0 0.634277 0.394574 0.018555 0.048062 0.634766 0.393798 1.0 0.643555 0.392248 1.0 0.640625 0.40155 1.0 0.634766 0.412403 1.0 0.641602 0.409302 1.0
0 0.562988 0.524806 0.018555 0.03876 0.558105 0.52129 1.0 0.566267 0.518798 1.0 0.5625 0.532005 1.0 0.561088 0.537237 1.0 0.569877 0.532502 1.0
0 0.595703 0.507752 0.019531 0.04186 0.593005 0.503772 1.0 0.601166 0.504581 1.0 0.599125 0.51295 1.0 0.593515 0.518349 1.0 0.599806 0.519698 1.0
0 0.636719 0.514729 0.021484 0.043411 0.632167 0.509981 1.0 0.641283 0.510833 1.0 0.637172 0.521048 1.0 0.631631 0.523885 1.0 0.641641 0.523885 1.0
0 0.678223 0.496899 0.018555 0.04186 0.67361 0.49204 1.0 0.679901 0.493391 1.0 0.674971 0.504457 1.0 0.67446 0.511746 1.0 0.681432 0.512555 1.0
0 0.700684 0.527907 0.020508 0.044961 0.695857 0.524371 1.0 0.704616 0.524654 1.0 0.69979 0.532884 1.0 0.694964 0.535721 1.0 0.706046 0.53487 1.0
0 0.678223 0.392248 0.018555 0.04031 0.673593 0.388829 1.0 0.68171 0.388829 1.0 0.6779 0.397771 1.0 0.67409 0.402769 1.0 0.682373 0.402769 1.0
0 0.718262 0.418605 0.020508 0.043411 0.71259 0.414425 1.0 0.721527 0.414709 1.0 0.716522 0.424924 1.0 0.714198 0.435991 1.0 0.720097 0.435707 1.0
0 0.753906 0.465891 0.021484 0.04186 0.748295 0.462721 1.0 0.758667 0.462721 1.0 0.753736 0.472169 1.0 0.750336 0.477837 1.0 0.756797 0.477837 1.0
0 0.780762 0.507752 0.018555 0.03876 0.773385 0.50025 1.0 0.780604 0.504983 1.0 0.774955 0.509718 1.0 0.775426 0.516195 1.0 0.781075 0.518688 1.0
0 0.811035 0.521705 0.024414 0.051163 0.805298 0.51365 1.0 0.815953 0.514625 1.0 0.809396 0.521456 1.0 0.804888 0.529264 1.0 0.815338 0.53089 1.0
0 0.866699 0.484496 0.022461 0.048062 0.860129 0.480758 1.0 0.869938 0.483561 1.0 0.862483 0.491971 1.0 0.859345 0.49602 1.0 0.868565 0.498512 1.0
0 0.738281 0.362791 0.017578 0.04031 0.732823 0.357794 1.0 0.741935 0.360423 1.0 0.735143 0.369366 1.0 0.732491 0.373837 1.0 0.739284 0.375941 1.0
0 0.785645 0.272093 0.016602 0.03876 0.780744 0.268327 1.0 0.787964 0.269076 1.0 0.783256 0.277797 1.0 0.780901 0.283527 1.0 0.785609 0.284274 1.0
0 0.714355 0.303101 0.020508 0.04186 0.71038 0.298118 1.0 0.718663 0.298643 1.0 0.714024 0.306533 1.0 0.71038 0.311532 1.0 0.718497 0.312583 1.0
0 0.389648 0.532558 0.023438 0.044961 0.387695 0.524031 1.0 0.395508 0.528682 1.0 0.391602 0.534884 1.0 0.385742 0.539535 1.0 0.393555 0.544186 1.0