0 0.029297 0.238819 0.041016 0.101968 0.02288 0.226424 1.0 0.041713 0.22898 1.0 0.032646 0.249426 1.0 0.022182 0.259009 1.0 0.038574 0.262202 1.0
0 0.096191 0.203041 0.036133 0.09839 0.095852 0.19654 1.0 0.110474 0.19841 1.0 0.108434 0.214605 1.0 0.098572 0.228309 1.0 0.109794 0.227064 1.0
0 0.125 0.173524 0.03125 0.078712 0.12051 0.167088 1.0 0.135376 0.167088 1.0 0.128349 0.182932 1.0 0.121591 0.193329 1.0 0.131862 0.19432 1.0
0 0.182129 0.215564 0.03418 0.091234 0.166399 0.201444 1.0 0.179269 0.207193 1.0 0.165771 0.221569 1.0 0.169853 0.237095 1.0 0.178327 0.237669 1.0
0 0.198242 0.330054 0.033203 0.084079 0.189258 0.326047 1.0 0.204512 0.321628 1.0 0.197939 0.339499 1.0 0.190488 0.349875 1.0 0.206494 0.346386 1.0
0 0.250488 0.202147 0.03418 0.089445 0.246464 0.192748 1.0 0.261013 0.193313 1.0 0.254203 0.210891 1.0 0.245536 0.2228 1.0 0.260084 0.2228 1.0
0 0.303711 0.186047 0.03125 0.071556 0.297756 0.176959 1.0 0.311672 0.177869 1.0 0.306453 0.191524 1.0 0.296265 0.199719 1.0 0.312914 0.200174 1.0
0 0.282715 0.31127 0.03418 0.078712 0.274811 0.303835 1.0 0.291016 0.300816 1.0 0.283875 0.321948 1.0 0.274811 0.327986 1.0 0.29184 0.324463 1.0
0 0.39502 0.133274 0.032227 0.076923 0.388105 0.121581 1.0 0.403264 0.12207 1.0 0.395552 0.138633 1.0 0.388371 0.149351 1.0 0.402466 0.149351 1.0
0 0.486816 0.13059 0.03418 0.085868 0.477138 0.122828 1.0 0.493443 0.119569 1.0 0.485735 0.136404 1.0 0.480399 0.152696 1.0 0.493739 0.14998 1.0
0 0.578125 0.166369 0.03125 0.078712 0.569396 0.150884 1.0 0.584229 0.148871 1.0 0.578186 0.169499 1.0 0.571869 0.178052 1.0 0.584503 0.177047 1.0
0 0.362793 0.31127 0.03418 0.08229 0.354575 0.303628 1.0 0.371578 0.303628 1.0 0.363359 0.322834 1.0 0.355425 0.329583 1.0 0.372428 0.328025 1.0
0 0.446777 0.304114 0.036133 0.089445 0.441027 0.294716 1.0 0.456194 0.298683 1.0 0.449694 0.31456 1.0 0.441027 0.3242 1.0 0.454646 0.325335 1.0
0 0.513184 0.31932 0.02832 0.073345 0.508605 0.317907 1.0 0.520695 0.317907 1.0 0.516322 0.328272 1.0 0.507834 0.338168 1.0 0.52121 0.339109 1.0
0 0.562012 0.297853 0.036133 0.087657 0.551123 0.290716 1.0 0.568047 0.288479 1.0 0.558818 0.309338 1.0 0.553945 0.317853 1.0 0.56916 0.315886 1.0
0 0.635742 0.085868 0.033203 0.089445 0.629683 0.077034 1.0 0.646397 0.077034 1.0 0.63835 0.093478 1.0 0.630302 0.103685 1.0 0.646088 0.103118 1.0
0 0.651855 0.225403 0.03418 0.085868 0.643358 0.21514 1.0 0.659302 0.212385 1.0 0.652383 0.233326 1.0 0.645163 0.242692 1.0 0.659302 0.242141 1.0
0 0.689941 0.142218 0.036133 0.087657 0.681092 0.130701 1.0 0.697876 0.126789 1.0 0.689941 0.147474 1.0 0.685669 0.162007 1.0 0.697266 0.159213 1.0
0 0.76416 0.109123 0.03418 0.08229 0.753025 0.094893 1.0 0.770865 0.096474 1.0 0.760219 0.11334 1.0 0.75504 0.129152 1.0 0.770577 0.126517 1.0
0 0.743652 0.214669 0.03418 0.085868 0.735229 0.200549 1.0 0.751474 0.199998 1.0 0.743051 0.222041 1.0 0.734628 0.233061 1.0 0.752075 0.23251 1.0
0 0.838379 0.186941 0.036133 0.094812 0.83184 0.175569 1.0 0.848188 0.17497 1.0 0.838706 0.196533 1.0 0.829224 0.204918 1.0 0.847861 0.206716 1.0
0 0.868164 0.31932 0.039062 0.084079 0.855156 0.316172 1.0 0.872119 0.309052 1.0 0.86377 0.330233 1.0 0.860508 0.340877 1.0 0.87624 0.334794 1.0
0 0.907227 0.381038 0.035156 0.078712 0.901332 0.365689 1.0 0.918361 0.365689 1.0 0.9089 0.387474 1.0 0.898629 0.392426 1.0 0.914577 0.398369 1.0
0 0.931152 0.275492 0.038086 0.08229 0.921456 0.260526 1.0 0.936994 0.261054 1.0 0.926636 0.277919 1.0 0.920881 0.288462 1.0 0.936994 0.287934 1.0
0 0.96582 0.186047 0.033203 0.078712 0.957711 0.171878 1.0 0.974199 0.175345 1.0 0.962036 0.187725 1.0 0.95609 0.200597 1.0 0.972848 0.202578 1.0
0 0.890137 0.18068 0.03418 0.075134 0.877302 0.177429 1.0 0.893507 0.172247 1.0 0.88579 0.191093 1.0 0.881675 0.202403 1.0 0.894535 0.199574 1.0