0 0.313965 0.119785 0.045898 0.072678 0.299042 0.109859 1.0 0.323212 0.109396 1.0 0.310791 0.125588 1.0 0.302398 0.13623 1.0 0.321197 0.137155 1.0
0 0.196289 0.158143 0.042969 0.071332 0.185529 0.148336 1.0 0.202096 0.14377 1.0 0.19547 0.16158 1.0 0.192156 0.177105 1.0 0.206072 0.172082 1.0
0 0.103516 0.216689 0.044922 0.07537 0.097172 0.198454 1.0 0.121281 0.199878 1.0 0.109227 0.218389 1.0 0.097172 0.228832 1.0 0.113704 0.229307 1.0
0 0.240234 0.516824 0.052734 0.083445 0.239746 0.499946 1.0 0.258711 0.511445 1.0 0.249987 0.526606 1.0 0.231022 0.529219 1.0 0.250366 0.539674 1.0
0 0.365723 0.509421 0.05957 0.095559 0.356079 0.487118 1.0 0.381365 0.496131 1.0 0.363927 0.511752 1.0 0.347796 0.522568 1.0 0.371773 0.532182 1.0
0 0.467285 0.555182 0.053711 0.079408 0.456909 0.5429 1.0 0.481812 0.5429 1.0 0.468628 0.563089 1.0 0.455078 0.571164 1.0 0.478149 0.573688 1.0
0 0.619141 0.52288 0.056641 0.087483 0.608224 0.501202 1.0 0.631086 0.506176 1.0 0.620658 0.526077 1.0 0.604614 0.534369 1.0 0.630685 0.541555 1.0
0 0.762695 0.494616 0.0625 0.092867 0.747681 0.476279 1.0 0.77417 0.476867 1.0 0.759217 0.50042 1.0 0.748963 0.513964 1.0 0.769471 0.512786 1.0
0 0.781738 0.153432 0.055664 0.088829 0.766654 0.149965 1.0 0.786115 0.137672 1.0 0.778412 0.164494 1.0 0.777601 0.181816 1.0 0.794225 0.171758 1.0
0 0.695312 0.12786 0.046875 0.080754 0.683707 0.115952 1.0 0.703348 0.114419 1.0 0.695565 0.131273 1.0 0.688154 0.147105 1.0 0.70557 0.144552 1.0
0 0.595215 0.174966 0.049805 0.080754 0.583239 0.164079 1.0 0.608437 0.166633 1.0 0.595468 0.180423 1.0 0.583609 0.192168 1.0 0.60362 0.193701 1.0
0 0.43457 0.164872 0.046875 0.068641 0.423409 0.14949 1.0 0.446638 0.148626 1.0 0.432826 0.165065 1.0 0.424665 0.177178 1.0 0.439104 0.175447 1.0