0 0.259766 0.64457 0.017578 0.03385 0.258492 0.640591 1.0 0.266053 0.642518 1.0 0.26205 0.648512 1.0 0.256862 0.650866 1.0 0.263977 0.65365 1.0
0 0.295898 0.62976 0.015625 0.035261 0.294782 0.626561 1.0 0.301531 0.627016 1.0 0.298549 0.633362 1.0 0.293841 0.637896 1.0 0.300118 0.638348 1.0
0 0.306641 0.61213 0.017578 0.03385 0.305878 0.609 1.0 0.312744 0.610984 1.0 0.30893 0.615832 1.0 0.30481 0.617595 1.0 0.311981 0.62002 1.0
0 0.327148 0.649506 0.017578 0.03244 0.32387 0.64722 1.0 0.331352 0.648052 1.0 0.328042 0.653038 1.0 0.323727 0.657818 1.0 0.33092 0.658234 1.0
0 0.338867 0.598025 0.017578 0.03103 0.334054 0.594392 1.0 0.340946 0.59244 1.0 0.337838 0.598102 1.0 0.335 0.604152 1.0 0.342434 0.603371 1.0
0 0.364746 0.605783 0.014648 0.03244 0.360997 0.604863 1.0 0.367964 0.604007 1.0 0.365592 0.61043 1.0 0.360997 0.614069 1.0 0.369742 0.612784 1.0
0 0.409668 0.612835 0.016602 0.026798 0.407593 0.608251 1.0 0.414429 0.608251 1.0 0.411499 0.613364 1.0 0.408325 0.618477 1.0 0.41394 0.618477 1.0
0 0.452148 0.61213 0.015625 0.025388 0.449424 0.608906 1.0 0.456727 0.607962 1.0 0.452476 0.61599 1.0 0.449314 0.617721 1.0 0.457816 0.618037 1.0
0 0.499023 0.631171 0.017578 0.03244 0.496094 0.627645 1.0 0.504883 0.626234 1.0 0.500977 0.634697 1.0 0.49707 0.638928 1.0 0.506836 0.641749 1.0
0 0.529297 0.605078 0.015625 0.028209 0.525757 0.60208 1.0 0.532227 0.60208 1.0 0.528931 0.608075 1.0 0.526978 0.611425 1.0 0.53064 0.611601 1.0
0 0.484863 0.752468 0.020508 0.035261 0.480469 0.750856 1.0 0.48863 0.750856 1.0 0.484706 0.75879 1.0 0.480469 0.761736 1.0 0.488316 0.76219 1.0
0 0.458984 0.653738 0.015625 0.03244 0.455 0.65132 1.0 0.462707 0.65132 1.0 0.459743 0.657742 1.0 0.454852 0.662238 1.0 0.463894 0.660739 1.0
0 0.410645 0.653738 0.018555 0.03244 0.407227 0.650212 1.0 0.416016 0.650212 1.0 0.412109 0.653032 1.0 0.407227 0.658674 1.0 0.416992 0.661495 1.0
0 0.371582 0.658674 0.018555 0.03385 0.368042 0.658189 1.0 0.375672 0.657307 1.0 0.372619 0.663478 1.0 0.367736 0.669209 1.0 0.375366 0.668547 1.0
0 0.424805 0.746827 0.019531 0.035261 0.421962 0.743401 1.0 0.429967 0.743175 1.0 0.426043 0.750654 1.0 0.422276 0.755189 1.0 0.42981 0.754962 1.0
0 0.263672 0.598731 0.019531 0.03244 0.259387 0.596281 1.0 0.268162 0.596489 1.0 0.263415 0.599606 1.0 0.260105 0.60667 1.0 0.266724 0.607086 1.0
0 0.200195 0.607193 0.019531 0.035261 0.197667 0.603542 1.0 0.2052 0.603767 1.0 0.201276 0.610341 1.0 0.197667 0.614422 1.0 0.203474 0.614422 1.0
0 0.182129 0.640339 0.018555 0.036671 0.178092 0.63474 1.0 0.186642 0.634973 1.0 0.182447 0.641264 1.0 0.178898 0.648254 1.0 0.185512 0.648487 1.0
0 0.138184 0.623413 0.022461 0.03385 0.134308 0.620505 1.0 0.1427 0.619622 1.0 0.138886 0.626454 1.0 0.135376 0.630642 1.0 0.144379 0.62976 1.0
0 0.097656 0.649506 0.021484 0.03244 0.096322 0.645162 1.0 0.104623 0.645162 1.0 0.101807 0.651157 1.0 0.096767 0.656508 1.0 0.104623 0.656508 1.0
0 0.136719 0.744006 0.023438 0.040903 0.134622 0.741425 1.0 0.142844 0.741683 1.0 0.139627 0.748137 1.0 0.134622 0.755623 1.0 0.142308 0.755365 1.0
0 0.20166 0.773625 0.020508 0.040903 0.197205 0.769746 1.0 0.206909 0.771333 1.0 0.202515 0.77768 1.0 0.197388 0.784291 1.0 0.204162 0.785348 1.0
0 0.285156 0.770099 0.019531 0.036671 0.279985 0.765666 1.0 0.288212 0.764968 1.0 0.284664 0.774752 1.0 0.281115 0.77848 1.0 0.287729 0.777547 1.0
0 0.361816 0.755289 0.018555 0.035261 0.358032 0.749371 1.0 0.367292 0.749597 1.0 0.363525 0.757984 1.0 0.358503 0.764104 1.0 0.366664 0.764104 1.0
0 0.886719 0.604372 0.019531 0.038082 0.881173 0.602408 1.0 0.889369 0.601652 1.0 0.885185 0.609963 1.0 0.882568 0.615001 1.0 0.890067 0.614498 1.0
0 0.837402 0.607193 0.020508 0.038082 0.831281 0.603616 1.0 0.839896 0.603378 1.0 0.834761 0.610316 1.0 0.832275 0.616059 1.0 0.840393 0.61558 1.0
0 0.809082 0.605078 0.018555 0.03385 0.805236 0.601508 1.0 0.813172 0.601948 1.0 0.808898 0.607678 1.0 0.80539 0.612748 1.0 0.81073 0.612748 1.0
0 0.779297 0.631171 0.017578 0.035261 0.77349 0.627443 1.0 0.781232 0.627443 1.0 0.775426 0.633034 1.0 0.774296 0.638626 1.0 0.780265 0.638159 1.0
0 0.763672 0.615656 0.017578 0.03244 0.760795 0.611292 1.0 0.767988 0.611292 1.0 0.764967 0.61815 1.0 0.761802 0.622513 1.0 0.767125 0.622513 1.0
0 0.740234 0.629055 0.017578 0.03385 0.737 0.625485 1.0 0.745087 0.625485 1.0 0.740967 0.630774 1.0 0.736847 0.637165 1.0 0.744477 0.637165 1.0
0 0.710449 0.642454 0.018555 0.03244 0.706055 0.639935 1.0 0.71317 0.639733 1.0 0.708845 0.644973 1.0 0.707031 0.65142 1.0 0.711914 0.651017 1.0
0 0.686035 0.624118 0.018555 0.03244 0.68195 0.621001 1.0 0.690007 0.620378 1.0 0.68569 0.626405 1.0 0.68267 0.631599 1.0 0.689719 0.631391 1.0
0 0.660156 0.641749 0.017578 0.028209 0.656372 0.637341 1.0 0.66272 0.636989 1.0 0.659058 0.64263 1.0 0.65625 0.645628 1.0 0.662842 0.646157 1.0
0 0.637207 0.626234 0.016602 0.028209 0.634046 0.619869 1.0 0.640873 0.620963 1.0 0.636701 0.624798 1.0 0.634173 0.630642 1.0 0.640494 0.631738 1.0
0 0.606445 0.591678 0.017578 0.029619 0.60233 0.58814 1.0 0.610438 0.588329 1.0 0.606123 0.594185 1.0 0.602461 0.599285 1.0 0.609916 0.599852 1.0
0 0.580566 0.610014 0.016602 0.03244 0.577576 0.607106 1.0 0.584625 0.607106 1.0 0.580741 0.613131 1.0 0.575993 0.616248 1.0 0.585776 0.615001 1.0
0 0.60791 0.638223 0.018555 0.03244 0.602962 0.636769 1.0 0.611594 0.635315 1.0 0.60771 0.641547 1.0 0.603969 0.646742 1.0 0.612745 0.646327 1.0
0 0.551758 0.655148 0.017578 0.03244 0.547729 0.654777 1.0 0.55406 0.654568 1.0 0.550175 0.658725 1.0 0.547154 0.663711 1.0 0.554348 0.663504 1.0
0 0.668457 0.74189 0.020508 0.039492 0.663435 0.737961 1.0 0.672328 0.737709 1.0 0.667445 0.745516 1.0 0.663435 0.75131 1.0 0.673549 0.750051 1.0
0 0.759766 0.763047 0.021484 0.036671 0.753788 0.758381 1.0 0.76266 0.758148 1.0 0.757821 0.764671 1.0 0.754434 0.770262 1.0 0.761692 0.770262 1.0
0 0.822266 0.766573 0.023438 0.040903 0.817261 0.763355 1.0 0.826556 0.762839 1.0 0.821908 0.771358 1.0 0.819227 0.77678 1.0 0.826198 0.776522 1.0
0 0.603516 0.7567 0.021484 0.03244 0.597992 0.749678 1.0 0.606192 0.749055 1.0 0.602021 0.754666 1.0 0.598136 0.762977 1.0 0.605761 0.761523 1.0
0 0.542969 0.753879 0.019531 0.035261 0.539167 0.75 1.0 0.545759 0.749093 1.0 0.543404 0.7568 1.0 0.539952 0.762241 1.0 0.546073 0.761787 1.0