0 0.911621 0.115925 0.020508 0.063232 0.902623 0.112246 1.0 0.909947 0.109319 1.0 0.905587 0.120609 1.0 0.905238 0.13441 1.0 0.910645 0.131482 1.0
0 0.907227 0.358314 0.021484 0.074941 0.90625 0.354049 1.0 0.914873 0.353567 1.0 0.912467 0.368475 1.0 0.906852 0.377133 1.0 0.916076 0.377614 1.0
0 0.993164 0.464871 0.013672 0.081967 0.994141 0.459016 1.0 0.998047 0.459016 1.0 0.998047 0.473068 1.0 0.993164 0.489461 1.0 0.998047 0.491803 1.0
0 0.809082 0.111241 0.040039 0.133489 0.797075 0.086881 1.0 0.816145 0.086881 1.0 0.806257 0.102124 1.0 0.800606 0.123295 1.0 0.809788 0.124991 1.0
0 0.751465 0.176815 0.040039 0.128806 0.739074 0.165042 1.0 0.756417 0.166674 1.0 0.745536 0.188691 1.0 0.739755 0.209895 1.0 0.751316 0.212342 1.0
0 0.697754 0.120609 0.036133 0.100703 0.687691 0.109768 1.0 0.70418 0.105941 1.0 0.696733 0.117419 1.0 0.689287 0.14867 1.0 0.703914 0.146756 1.0
0 0.634766 0.193208 0.039062 0.119438 0.624411 0.184813 1.0 0.643825 0.179471 1.0 0.635232 0.200841 1.0 0.629186 0.224501 1.0 0.643507 0.220684 1.0
0 0.588867 0.124122 0.035156 0.117096 0.582498 0.117754 1.0 0.599213 0.117012 1.0 0.588998 0.140766 1.0 0.585593 0.160066 1.0 0.595808 0.157838 1.0
0 0.509277 0.177986 0.038086 0.131148 0.499232 0.163934 1.0 0.517021 0.168117 1.0 0.507952 0.18819 1.0 0.500279 0.212445 1.0 0.513532 0.214119 1.0
0 0.483398 0.107728 0.03125 0.103044 0.474121 0.097335 1.0 0.490875 0.092726 1.0 0.482636 0.113143 1.0 0.476867 0.13422 1.0 0.491699 0.130927 1.0
0 0.422852 0.132319 0.035156 0.11007 0.416521 0.11971 1.0 0.433755 0.126014 1.0 0.425284 0.137222 1.0 0.415646 0.153333 1.0 0.431126 0.158937 1.0
0 0.35791 0.176815 0.040039 0.128806 0.350281 0.165042 1.0 0.369324 0.160965 1.0 0.360143 0.181354 1.0 0.354361 0.207447 1.0 0.368644 0.206632 1.0
0 0.311523 0.090164 0.033203 0.105386 0.302734 0.081967 1.0 0.318359 0.079625 1.0 0.30957 0.091335 1.0 0.303711 0.114754 1.0 0.320312 0.11007 1.0
0 0.25 0.099532 0.035156 0.119438 0.244102 0.081977 1.0 0.26065 0.083504 1.0 0.255559 0.103347 1.0 0.24442 0.121665 1.0 0.26065 0.122429 1.0
0 0.188477 0.081967 0.037109 0.117096 0.181457 0.068794 1.0 0.200073 0.061475 1.0 0.192139 0.084164 1.0 0.187256 0.107583 1.0 0.200684 0.10319 1.0
0 0.131836 0.176815 0.044922 0.128806 0.123282 0.161948 1.0 0.142569 0.167731 1.0 0.131204 0.183422 1.0 0.121561 0.205724 1.0 0.137403 0.209852 1.0