0 0.06543 0.14218 0.072266 0.14534 0.044922 0.127962 1.0 0.083008 0.131122 1.0 0.0625 0.164297 1.0 0.044922 0.183254 1.0 0.076172 0.186414 1.0
0 0.141602 0.078989 0.083984 0.14534 0.110518 0.048232 1.0 0.144278 0.045673 1.0 0.119485 0.08066 1.0 0.11632 0.115648 1.0 0.137948 0.111381 1.0
0 0.172852 0.205371 0.087891 0.157978 0.153308 0.188671 1.0 0.190805 0.197621 1.0 0.171134 0.226458 1.0 0.147774 0.251319 1.0 0.182813 0.262258 1.0
0 0.251953 0.110585 0.078125 0.164297 0.229645 0.107912 1.0 0.264557 0.100852 1.0 0.243983 0.13615 1.0 0.235256 0.167414 1.0 0.262063 0.162371 1.0
0 0.360352 0.050553 0.072266 0.094787 0.347504 0.014761 1.0 0.378632 0.017724 1.0 0.360779 0.04142 1.0 0.347961 0.059193 1.0 0.377258 0.061414 1.0
0 0.334961 0.178515 0.080078 0.161137 0.310159 0.168648 1.0 0.345071 0.169657 1.0 0.325121 0.209998 1.0 0.311405 0.226134 1.0 0.345071 0.226134 1.0
0 0.427734 0.109005 0.066406 0.154818 0.449507 0.124577 1.0 0.420026 0.097325 1.0 0.427848 0.135283 1.0 0.409197 0.140148 1.0 0.433864 0.161561 1.0
0 0.499023 0.135861 0.068359 0.170616 0.479191 0.127518 1.0 0.511876 0.133992 1.0 0.490531 0.162047 1.0 0.481859 0.186866 1.0 0.504538 0.190103 1.0
0 0.576172 0.085308 0.066406 0.139021 0.552926 0.07281 1.0 0.584786 0.06872 1.0 0.563041 0.097354 1.0 0.555455 0.118624 1.0 0.58327 0.115352 1.0
0 0.630859 0.181675 0.078125 0.180095 0.61493 0.170665 1.0 0.650024 0.170665 1.0 0.631073 0.210408 1.0 0.615631 0.226303 1.0 0.646515 0.226303 1.0
0 0.735352 0.063191 0.072266 0.126382 0.720215 0.032139 1.0 0.753632 0.040284 1.0 0.736236 0.074348 1.0 0.712891 0.083975 1.0 0.749054 0.092861 1.0
0 0.728516 0.235387 0.078125 0.192733 0.710881 0.232185 1.0 0.743683 0.229773 1.0 0.728772 0.259923 1.0 0.714608 0.28766 1.0 0.743683 0.28766 1.0
0 0.81543 0.156398 0.076172 0.167457 0.80065 0.1451 1.0 0.835079 0.155608 1.0 0.81754 0.188185 1.0 0.794154 0.19554 1.0 0.827283 0.20815 1.0
0 0.921875 0.109005 0.074219 0.180095 0.907745 0.092474 1.0 0.941524 0.093524 1.0 0.926583 0.120847 1.0 0.912293 0.154472 1.0 0.937626 0.153422 1.0
0 0.972656 0.075829 0.054688 0.132701 0.949516 0.049806 1.0 0.978437 0.046032 1.0 0.966309 0.079991 1.0 0.956513 0.106403 1.0 0.982636 0.095837 1.0
0 0.834961 0.056872 0.076172 0.107425 0.821891 0.014684 1.0 0.854797 0.020946 1.0 0.840764 0.037385 1.0 0.824794 0.064002 1.0 0.84657 0.064785 1.0
0 0.869141 0.28594 0.082031 0.180095 0.846191 0.278338 1.0 0.889709 0.279472 1.0 0.863739 0.320349 1.0 0.849701 0.335111 1.0 0.884796 0.337381 1.0
0 0.945312 0.410742 0.078125 0.151659 0.929521 0.377581 1.0 0.965424 0.38139 1.0 0.948944 0.408049 1.0 0.928934 0.430899 1.0 0.964246 0.437564 1.0
0 0.786133 0.404423 0.080078 0.157978 0.770892 0.38275 1.0 0.8047 0.396673 1.0 0.784415 0.41855 1.0 0.766589 0.438438 1.0 0.797938 0.450371 1.0
0 0.635742 0.387046 0.076172 0.154818 0.615256 0.375472 1.0 0.649798 0.366649 1.0 0.633436 0.401942 1.0 0.62071 0.426449 1.0 0.655252 0.416646 1.0
0 0.088867 0.334913 0.091797 0.189573 0.072906 0.307902 1.0 0.117851 0.317438 1.0 0.095747 0.342466 1.0 0.066275 0.377032 1.0 0.116377 0.382991 1.0
0 0.070312 0.527646 0.09375 0.183254 0.058454 0.514212 1.0 0.096828 0.518809 1.0 0.079773 0.548698 1.0 0.058454 0.571689 1.0 0.091854 0.575137 1.0
0 0.202148 0.424961 0.087891 0.173776 0.184091 0.405588 1.0 0.222608 0.402308 1.0 0.205039 0.438382 1.0 0.186118 0.465711 1.0 0.221257 0.463524 1.0
0 0.262695 0.301738 0.072266 0.167457 0.250515 0.289389 1.0 0.285592 0.29149 1.0 0.271951 0.316711 1.0 0.251164 0.34193 1.0 0.281045 0.342981 1.0
0 0.350586 0.388626 0.083984 0.183254 0.340148 0.370592 1.0 0.377102 0.37864 1.0 0.358625 0.414276 1.0 0.335885 0.43037 1.0 0.369995 0.438417 1.0
0 0.431641 0.323855 0.082031 0.173776 0.427098 0.303389 1.0 0.459533 0.312133 1.0 0.445343 0.340555 1.0 0.421017 0.359139 1.0 0.450073 0.37007 1.0
0 0.493164 0.424961 0.083984 0.167457 0.476855 0.405545 1.0 0.513262 0.405229 1.0 0.494814 0.436603 1.0 0.479609 0.468468 1.0 0.511104 0.468183 1.0
0 0.553711 0.292259 0.080078 0.173776 0.538356 0.277258 1.0 0.576198 0.280537 1.0 0.558629 0.311145 1.0 0.537005 0.327543 1.0 0.572144 0.32973 1.0
0 0.219727 0.614534 0.095703 0.21169 0.202759 0.592417 1.0 0.245605 0.58975 1.0 0.233246 0.633738 1.0 0.20523 0.660397 1.0 0.24643 0.657731 1.0
0 0.422852 0.584518 0.091797 0.195893 0.392608 0.563981 1.0 0.436096 0.552874 1.0 0.415497 0.599773 1.0 0.404815 0.631863 1.0 0.438385 0.61952 1.0
0 0.560547 0.597156 0.085938 0.189573 0.549744 0.588024 1.0 0.588057 0.597558 1.0 0.571847 0.629739 1.0 0.543112 0.64285 1.0 0.582162 0.651193 1.0
0 0.707031 0.576619 0.097656 0.218009 0.682739 0.55245 1.0 0.723546 0.544199 1.0 0.703143 0.596458 1.0 0.68699 0.622588 1.0 0.725246 0.619837 1.0
0 0.860352 0.552923 0.095703 0.183254 0.837834 0.523393 1.0 0.877629 0.525692 1.0 0.854889 0.550983 1.0 0.834281 0.591218 1.0 0.876918 0.593517 1.0