0 0.10791 0.554209 0.036133 0.059949 0.106058 0.547592 1.0 0.120662 0.543014 1.0 0.116573 0.555605 1.0 0.104597 0.56476 1.0 0.119201 0.56476 1.0
0 0.162109 0.390306 0.03125 0.056122 0.160487 0.38607 1.0 0.174813 0.385717 1.0 0.167516 0.399485 1.0 0.161028 0.405134 1.0 0.169678 0.405134 1.0
0 0.260742 0.441327 0.021484 0.038265 0.256652 0.437421 1.0 0.265259 0.437181 1.0 0.261047 0.443399 1.0 0.256652 0.449617 1.0 0.265625 0.449378 1.0
0 0.283203 0.321429 0.019531 0.035714 0.280392 0.319157 1.0 0.289507 0.318457 1.0 0.285754 0.32476 1.0 0.282715 0.333165 1.0 0.288077 0.332931 1.0
0 0.384766 0.328444 0.019531 0.034439 0.380537 0.324446 1.0 0.388698 0.324224 1.0 0.384617 0.331776 1.0 0.381896 0.336661 1.0 0.387168 0.336883 1.0
0 0.379395 0.48852 0.030273 0.05102 0.374607 0.485879 1.0 0.386745 0.484557 1.0 0.38194 0.493805 1.0 0.375619 0.502722 1.0 0.386239 0.502061 1.0
0 0.269531 0.494898 0.019531 0.02551 0.0 0.0 0.0 0.0 0.0 0.0 0.0 0.0 0.0 0.0 0.0 0.0 0.0 0.0 0.0
0 0.493652 0.364796 0.02832 0.05102 0.482526 0.363144 1.0 0.491377 0.363805 1.0 0.48455 0.375034 1.0 0.48455 0.378006 1.0 0.491883 0.378337 1.0
0 0.510742 0.529974 0.029297 0.052296 0.504168 0.526365 1.0 0.518075 0.523722 1.0 0.511248 0.535612 1.0 0.507708 0.543208 1.0 0.518075 0.542217 1.0
0 0.585938 0.450893 0.023438 0.034439 0.580519 0.44562 1.0 0.59123 0.44562 1.0 0.584939 0.454724 1.0 0.582389 0.459389 1.0 0.58851 0.460055 1.0
0 0.640137 0.364158 0.024414 0.039541 0.63239 0.359546 1.0 0.64161 0.361339 1.0 0.633566 0.37082 1.0 0.63239 0.375176 1.0 0.642591 0.373895 1.0
0 0.736328 0.402423 0.021484 0.034439 0.732187 0.394861 1.0 0.742955 0.395944 1.0 0.737653 0.399838 1.0 0.732518 0.407412 1.0 0.74163 0.408277 1.0
0 0.732422 0.478954 0.023438 0.042092 0.724353 0.470987 1.0 0.734803 0.473931 1.0 0.725991 0.482228 1.0 0.726606 0.485974 1.0 0.733163 0.488116 1.0
0 0.82666 0.364796 0.030273 0.048469 0.81699 0.359569 1.0 0.830174 0.360184 1.0 0.820992 0.371253 1.0 0.820051 0.378018 1.0 0.828056 0.378018 1.0
0 0.765625 0.563776 0.025391 0.043367 0.756164 0.558394 1.0 0.7677 0.561464 1.0 0.759582 0.567881 1.0 0.758515 0.573182 1.0 0.766632 0.574019 1.0
0 0.844238 0.498087 0.026367 0.049745 0.835357 0.491487 1.0 0.848306 0.495559 1.0 0.837276 0.502135 1.0 0.836316 0.508085 1.0 0.842551 0.511531 1.0
0 0.938477 0.503189 0.029297 0.042092 0.93084 0.494209 1.0 0.942148 0.497181 1.0 0.933965 0.50551 1.0 0.929795 0.511212 1.0 0.938428 0.513673 1.0
0 0.255371 0.769133 0.030273 0.05102 0.248047 0.760842 1.0 0.263916 0.757972 1.0 0.255371 0.772321 1.0 0.248535 0.778061 1.0 0.260498 0.777423 1.0
0 0.445312 0.73852 0.03125 0.05102 0.4375 0.732781 1.0 0.451416 0.732781 1.0 0.444336 0.744579 1.0 0.438232 0.751276 1.0 0.448486 0.751913 1.0
0 0.661621 0.76977 0.02832 0.049745 0.652344 0.757653 1.0 0.6604 0.766901 1.0 0.648682 0.769452 1.0 0.650391 0.780293 1.0 0.652344 0.782844 1.0
0 0.737793 0.73023 0.026367 0.044643 0.729676 0.716779 1.0 0.73774 0.721904 1.0 0.72597 0.729592 1.0 0.728804 0.739272 1.0 0.732945 0.74155 1.0
0 0.189453 0.021684 0.017578 0.028061 0.186803 0.015671 1.0 0.193917 0.014941 1.0 0.192104 0.021319 1.0 0.189732 0.026786 1.0 0.193778 0.026057 1.0
0 0.729492 0.056122 0.013672 0.02551 0.726693 0.053668 1.0 0.733521 0.053503 1.0 0.729096 0.058292 1.0 0.727831 0.06275 1.0 0.73213 0.06275 1.0