0 0.837891 0.302083 0.052734 0.118056 0.821847 0.282738 1.0 0.846122 0.281995 1.0 0.831055 0.311012 1.0 0.822685 0.329613 1.0 0.845703 0.331101 1.0
0 0.744141 0.274306 0.046875 0.100694 0.727967 0.255231 1.0 0.747506 0.253302 1.0 0.734479 0.278391 1.0 0.731223 0.296403 1.0 0.749315 0.29383 1.0
0 0.676758 0.311632 0.046875 0.088542 0.660526 0.29579 1.0 0.676758 0.289 1.0 0.664982 0.31446 1.0 0.666892 0.334264 1.0 0.680577 0.328606 1.0
0 0.620605 0.300347 0.041992 0.086806 0.607735 0.289575 1.0 0.627855 0.287924 1.0 0.617641 0.308283 1.0 0.609283 0.320391 1.0 0.627855 0.31984 1.0
0 0.507324 0.241319 0.038086 0.083333 0.491455 0.22695 1.0 0.503723 0.221757 1.0 0.491747 0.238894 1.0 0.491747 0.259665 1.0 0.506645 0.253953 1.0
0 0.478027 0.467882 0.041992 0.092014 0.473615 0.453939 1.0 0.490618 0.457427 1.0 0.480481 0.474285 1.0 0.469691 0.483585 1.0 0.487675 0.486491 1.0
0 0.55957 0.672743 0.037109 0.085069 0.546447 0.652422 1.0 0.563896 0.651352 1.0 0.553667 0.675417 1.0 0.549155 0.690925 1.0 0.566603 0.689321 1.0
0 0.380371 0.297743 0.038086 0.085069 0.374468 0.286512 1.0 0.391614 0.285977 1.0 0.383191 0.307905 1.0 0.375672 0.315925 1.0 0.391313 0.315391 1.0
0 0.281738 0.272569 0.055664 0.111111 0.276149 0.248512 1.0 0.300868 0.254092 1.0 0.291451 0.272229 1.0 0.275757 0.285483 1.0 0.294982 0.288273 1.0
0 0.111328 0.25 0.046875 0.086806 0.104697 0.229872 1.0 0.124816 0.228771 1.0 0.118007 0.248031 1.0 0.106245 0.265641 1.0 0.126364 0.263439 1.0
0 0.270508 0.682292 0.050781 0.097222 0.26709 0.660714 1.0 0.28976 0.663194 1.0 0.280343 0.684896 1.0 0.265694 0.697917 1.0 0.284877 0.699776 1.0