0 0.84375 0.312 0.046875 0.074667 0.82983 0.298637 1.0 0.851872 0.298167 1.0 0.840162 0.315565 1.0 0.833273 0.328261 1.0 0.850839 0.327792 1.0
0 0.813965 0.192667 0.041992 0.065333 0.804627 0.180749 1.0 0.823242 0.178251 1.0 0.815002 0.194917 1.0 0.807068 0.204917 1.0 0.824463 0.202833 1.0
0 0.675293 0.228 0.036133 0.066667 0.667686 0.218036 1.0 0.685329 0.219727 1.0 0.676353 0.230715 1.0 0.667066 0.242971 1.0 0.682543 0.244661 1.0
0 0.60791 0.303333 0.047852 0.073333 0.59552 0.295239 1.0 0.617623 0.296167 1.0 0.602661 0.31056 1.0 0.59552 0.317988 1.0 0.615583 0.319845 1.0
0 0.556152 0.225333 0.041992 0.066667 0.546378 0.216215 1.0 0.563712 0.215792 1.0 0.555045 0.227203 1.0 0.546378 0.238613 1.0 0.564641 0.238191 1.0
0 0.475098 0.220667 0.049805 0.073333 0.464067 0.214428 1.0 0.484811 0.207928 1.0 0.474609 0.227893 1.0 0.465428 0.241821 1.0 0.488892 0.232536 1.0
0 0.399414 0.165333 0.042969 0.066667 0.391188 0.157483 1.0 0.410379 0.157483 1.0 0.401712 0.167625 1.0 0.393045 0.180304 1.0 0.410379 0.180304 1.0
0 0.350098 0.213333 0.045898 0.074667 0.337899 0.202792 1.0 0.361664 0.201851 1.0 0.351331 0.217839 1.0 0.342377 0.234768 1.0 0.360286 0.233357 1.0
0 0.259277 0.178667 0.040039 0.064 0.250065 0.166911 1.0 0.270821 0.168143 1.0 0.259992 0.182107 1.0 0.250366 0.191553 1.0 0.267513 0.193607 1.0
0 0.199707 0.247333 0.053711 0.081333 0.190971 0.238476 1.0 0.210842 0.237452 1.0 0.199969 0.255881 1.0 0.192095 0.269191 1.0 0.209342 0.267655 1.0
0 0.148438 0.181333 0.048828 0.074667 0.140027 0.170792 1.0 0.159659 0.171261 1.0 0.150704 0.188191 1.0 0.140372 0.195715 1.0 0.160692 0.196184 1.0