0 0.199219 0.776486 0.007812 0.015504 0.197161 0.774618 1.0 0.201791 0.774721 1.0 0.199516 0.778043 1.0 0.197945 0.781469 1.0 0.200928 0.781469 1.0
0 0.204102 0.761628 0.007812 0.011628 0.204102 0.761143 1.0 0.206115 0.763081 1.0 0.204406 0.763081 1.0 0.203186 0.76405 1.0 0.204468 0.765261 1.0
0 0.215332 0.764858 0.006836 0.01292 0.0 0.0 0.0 0.0 0.0 0.0 0.0 0.0 0.0 0.0 0.0 0.0 0.0 0.0 0.0
0 0.242188 0.766796 0.015625 0.0323 0.236503 0.764282 1.0 0.245292 0.765527 1.0 0.240897 0.769472 1.0 0.237287 0.775702 1.0 0.242467 0.776739 1.0
0 0.391113 0.064599 0.006836 0.010336 0.0 0.0 0.0 0.0 0.0 0.0 0.0 0.0 0.0 0.0 0.0 0.0 0.0 0.0 0.0
0 0.421875 0.067829 0.005859 0.011628 0.0 0.0 0.0 0.0 0.0 0.0 0.0 0.0 0.0 0.0 0.0 0.0 0.0 0.0 0.0
0 0.426758 0.05814 0.003906 0.007752 0.0 0.0 0.0 0.0 0.0 0.0 0.0 0.0 0.0 0.0 0.0 0.0 0.0 0.0 0.0
0 0.460938 0.075581 0.013672 0.024548 0.458008 0.073643 1.0 0.463379 0.073159 1.0 0.460693 0.076389 1.0 0.458984 0.081072 1.0 0.463379 0.080749 1.0
0 0.490234 0.072351 0.013672 0.023256 0.487897 0.06881 1.0 0.494698 0.071059 1.0 0.489938 0.074959 1.0 0.486877 0.075858 1.0 0.491411 0.078858 1.0
0 0.501953 0.073643 0.011719 0.020672 0.498945 0.071539 1.0 0.503758 0.071539 1.0 0.501051 0.075253 1.0 0.499747 0.078702 1.0 0.503156 0.078568 1.0
0 0.51416 0.074289 0.010742 0.024548 0.0 0.0 0.0 0.0 0.0 0.0 0.0 0.0 0.0 0.0 0.0 0.0 0.0 0.0 0.0
0 0.26709 0.125969 0.008789 0.014212 0.0 0.0 0.0 0.0 0.0 0.0 0.0 0.0 0.0 0.0 0.0 0.0 0.0 0.0 0.0
0 0.275879 0.127907 0.006836 0.01292 0.0 0.0 0.0 0.0 0.0 0.0 0.0 0.0 0.0 0.0 0.0 0.0 0.0 0.0 0.0
0 0.287109 0.132429 0.007812 0.011628 0.0 0.0 0.0 0.0 0.0 0.0 0.0 0.0 0.0 0.0 0.0 0.0 0.0 0.0 0.0
0 0.358887 0.133075 0.024414 0.036176 0.354004 0.125922 1.0 0.364293 0.124078 1.0 0.360631 0.135382 1.0 0.356445 0.140689 1.0 0.365339 0.140227 1.0
0 0.393555 0.121447 0.017578 0.031008 0.388458 0.118177 1.0 0.39502 0.117571 1.0 0.391205 0.125243 1.0 0.389221 0.129482 1.0 0.393951 0.129482 1.0
0 0.507324 0.139535 0.010742 0.018088 0.504865 0.137204 1.0 0.509923 0.136859 1.0 0.507655 0.142973 1.0 0.504952 0.146549 1.0 0.508527 0.146549 1.0
0 0.273438 0.172481 0.013672 0.021964 0.0 0.0 0.0 0.0 0.0 0.0 0.0 0.0 0.0 0.0 0.0 0.0 0.0 0.0 0.0
0 0.316406 0.163437 0.009766 0.016796 0.315168 0.162329 1.0 0.319964 0.162559 1.0 0.317348 0.165213 1.0 0.314906 0.167751 1.0 0.318568 0.168212 1.0
0 0.343262 0.173127 0.008789 0.018088 0.0 0.0 0.0 0.0 0.0 0.0 0.0 0.0 0.0 0.0 0.0 0.0 0.0 0.0 0.0
0 0.353027 0.170543 0.010742 0.018088 0.0 0.0 0.0 0.0 0.0 0.0 0.0 0.0 0.0 0.0 0.0 0.0 0.0 0.0 0.0
0 0.415527 0.176357 0.010742 0.021964 0.413783 0.174627 1.0 0.417816 0.174627 1.0 0.415854 0.177222 1.0 0.41411 0.181691 1.0 0.417925 0.181548 1.0
0 0.465332 0.167959 0.014648 0.023256 0.0 0.0 0.0 0.0 0.0 0.0 0.0 0.0 0.0 0.0 0.0 0.0 0.0 0.0 0.0
0 0.491211 0.165375 0.017578 0.041344 0.0 0.0 0.0 0.0 0.0 0.0 0.0 0.0 0.0 0.0 0.0 0.0 0.0 0.0 0.0
0 0.509766 0.172481 0.017578 0.034884 0.0 0.0 0.0 0.0 0.0 0.0 0.0 0.0 0.0 0.0 0.0 0.0 0.0 0.0 0.0
0 0.27002 0.218346 0.010742 0.018088 0.270002 0.21627 1.0 0.272443 0.2165 1.0 0.271484 0.219154 1.0 0.26974 0.221691 1.0 0.27253 0.221922 1.0
0 0.284668 0.218346 0.008789 0.015504 0.0 0.0 0.0 0.0 0.0 0.0 0.0 0.0 0.0 0.0 0.0 0.0 0.0 0.0 0.0
0 0.318848 0.228682 0.024414 0.036176 0.314471 0.227362 1.0 0.325012 0.226461 1.0 0.320762 0.23546 1.0 0.317361 0.243332 1.0 0.325692 0.242658 1.0
0 0.388672 0.231266 0.025391 0.03876 0.0 0.0 0.0 0.0 0.0 0.0 0.0 0.0 0.0 0.0 0.0 0.0 0.0 0.0 0.0
0 0.421875 0.216408 0.007812 0.014212 0.0 0.0 0.0 0.0 0.0 0.0 0.0 0.0 0.0 0.0 0.0 0.0 0.0 0.0 0.0
0 0.197754 0.063953 0.004883 0.00646 0.0 0.0 0.0 0.0 0.0 0.0 0.0 0.0 0.0 0.0 0.0 0.0 0.0 0.0 0.0
0 0.233398 0.069767 0.005859 0.010336 0.0 0.0 0.0 0.0 0.0 0.0 0.0 0.0 0.0 0.0 0.0 0.0 0.0 0.0 0.0
0 0.241211 0.072351 0.005859 0.010336 0.0 0.0 0.0 0.0 0.0 0.0 0.0 0.0 0.0 0.0 0.0 0.0 0.0 0.0 0.0
0 0.249512 0.067829 0.006836 0.009044 0.0 0.0 0.0 0.0 0.0 0.0 0.0 0.0 0.0 0.0 0.0 0.0 0.0 0.0 0.0
0 0.021973 0.121447 0.012695 0.020672 0.0 0.0 0.0 0.0 0.0 0.0 0.0 0.0 0.0 0.0 0.0 0.0 0.0 0.0 0.0
0 0.056152 0.121447 0.010742 0.023256 0.055682 0.12049 1.0 0.055682 0.12049 1.0 0.051915 0.123605 1.0 0.055093 0.128432 1.0 0.055093 0.128432 1.0
0 0.091797 0.124031 0.013672 0.020672 0.089844 0.12057 1.0 0.096227 0.120986 1.0 0.093506 0.124307 1.0 0.0911 0.127353 1.0 0.095284 0.127769 1.0
0 0.129883 0.132429 0.019531 0.034884 0.127825 0.13086 1.0 0.136021 0.129707 1.0 0.13358 0.13755 1.0 0.129743 0.143088 1.0 0.136894 0.142395 1.0
0 0.157227 0.126615 0.015625 0.028424 0.0 0.0 0.0 0.0 0.0 0.0 0.0 0.0 0.0 0.0 0.0 0.0 0.0 0.0 0.0
0 0.203613 0.113695 0.004883 0.010336 0.0 0.0 0.0 0.0 0.0 0.0 0.0 0.0 0.0 0.0 0.0 0.0 0.0 0.0 0.0
0 0.232422 0.122739 0.019531 0.03876 0.22856 0.120109 1.0 0.239245 0.115149 1.0 0.237183 0.126309 1.0 0.233809 0.133501 1.0 0.238683 0.131518 1.0
0 0.065918 0.171189 0.014648 0.029716 0.061833 0.169707 1.0 0.06917 0.165709 1.0 0.064998 0.172942 1.0 0.064423 0.179032 1.0 0.069458 0.176558 1.0
0 0.080566 0.173127 0.004883 0.010336 0.0 0.0 0.0 0.0 0.0 0.0 0.0 0.0 0.0 0.0 0.0 0.0 0.0 0.0 0.0
0 0.09375 0.173773 0.005859 0.011628 0.0 0.0 0.0 0.0 0.0 0.0 0.0 0.0 0.0 0.0 0.0 0.0 0.0 0.0 0.0
0 0.104492 0.173127 0.005859 0.010336 0.0 0.0 0.0 0.0 0.0 0.0 0.0 0.0 0.0 0.0 0.0 0.0 0.0 0.0 0.0
0 0.131836 0.164083 0.007812 0.01292 0.0 0.0 0.0 0.0 0.0 0.0 0.0 0.0 0.0 0.0 0.0 0.0 0.0 0.0 0.0
0 0.162598 0.177003 0.004883 0.007752 0.0 0.0 0.0 0.0 0.0 0.0 0.0 0.0 0.0 0.0 0.0 0.0 0.0 0.0 0.0
0 0.196777 0.169251 0.006836 0.01292 0.0 0.0 0.0 0.0 0.0 0.0 0.0 0.0 0.0 0.0 0.0 0.0 0.0 0.0 0.0
0 0.182129 0.177003 0.004883 0.01292 0.0 0.0 0.0 0.0 0.0 0.0 0.0 0.0 0.0 0.0 0.0 0.0 0.0 0.0 0.0
0 0.21582 0.166667 0.007812 0.015504 0.213519 0.166021 1.0 0.216583 0.165911 1.0 0.214099 0.16887 1.0 0.214016 0.171172 1.0 0.216004 0.171062 1.0
0 0.084473 0.219638 0.008789 0.018088 0.082611 0.218508 1.0 0.087555 0.218023 1.0 0.084991 0.221778 1.0 0.083893 0.225169 1.0 0.08664 0.225169 1.0
0 0.096191 0.225452 0.012695 0.024548 0.092761 0.223739 1.0 0.097939 0.223584 1.0 0.095468 0.22732 1.0 0.093467 0.230592 1.0 0.097469 0.23028 1.0
0 0.126953 0.218346 0.007812 0.01292 0.0 0.0 0.0 0.0 0.0 0.0 0.0 0.0 0.0 0.0 0.0 0.0 0.0 0.0 0.0
0 0.202637 0.216408 0.006836 0.011628 0.0 0.0 0.0 0.0 0.0 0.0 0.0 0.0 0.0 0.0 0.0 0.0 0.0 0.0 0.0
0 0.234863 0.216408 0.008789 0.014212 0.0 0.0 0.0 0.0 0.0 0.0 0.0 0.0 0.0 0.0 0.0 0.0 0.0 0.0 0.0
0 0.023438 0.231266 0.005859 0.01292 0.0 0.0 0.0 0.0 0.0 0.0 0.0 0.0 0.0 0.0 0.0 0.0 0.0 0.0 0.0
0 0.053711 0.224806 0.003906 0.007752 0.0 0.0 0.0 0.0 0.0 0.0 0.0 0.0 0.0 0.0 0.0 0.0 0.0 0.0 0.0
0 0.059082 0.22416 0.00293 0.00646 0.0 0.0 0.0 0.0 0.0 0.0 0.0 0.0 0.0 0.0 0.0 0.0 0.0 0.0 0.0
0 0.172852 0.232558 0.005859 0.010336 0.0 0.0 0.0 0.0 0.0 0.0 0.0 0.0 0.0 0.0 0.0 0.0 0.0 0.0 0.0
0 0.472168 0.815891 0.012695 0.021964 0.0 0.0 0.0 0.0 0.0 0.0 0.0 0.0 0.0 0.0 0.0 0.0 0.0 0.0 0.0
0 0.496094 0.819121 0.013672 0.02584 0.491821 0.817991 1.0 0.498291 0.817022 1.0 0.494873 0.821544 1.0 0.49353 0.82542 1.0 0.498291 0.824289 1.0
0 0.274902 0.863049 0.006836 0.01292 0.0 0.0 0.0 0.0 0.0 0.0 0.0 0.0 0.0 0.0 0.0 0.0 0.0 0.0 0.0
0 0.306641 0.861757 0.005859 0.010336 0.0 0.0 0.0 0.0 0.0 0.0 0.0 0.0 0.0 0.0 0.0 0.0 0.0 0.0 0.0
0 0.314941 0.852067 0.004883 0.00646 0.0 0.0 0.0 0.0 0.0 0.0 0.0 0.0 0.0 0.0 0.0 0.0 0.0 0.0 0.0
0 0.320312 0.868863 0.005859 0.011628 0.0 0.0 0.0 0.0 0.0 0.0 0.0 0.0 0.0 0.0 0.0 0.0 0.0 0.0 0.0
0 0.312012 0.864987 0.004883 0.009044 0.0 0.0 0.0 0.0 0.0 0.0 0.0 0.0 0.0 0.0 0.0 0.0 0.0 0.0 0.0
0 0.34082 0.874031 0.013672 0.037468 0.333924 0.870963 1.0 0.344727 0.874597 1.0 0.337769 0.880894 1.0 0.333191 0.886951 1.0 0.340881 0.889373 1.0
0 0.677246 0.217054 0.018555 0.028424 0.675319 0.205939 1.0 0.682801 0.208605 1.0 0.681218 0.218882 1.0 0.672729 0.225354 1.0 0.673449 0.225544 1.0
0 0.700195 0.228036 0.011719 0.027132 0.0 0.0 0.0 0.0 0.0 0.0 0.0 0.0 0.0 0.0 0.0 0.0 0.0 0.0 0.0
0 0.727539 0.208656 0.007812 0.011628 0.0 0.0 0.0 0.0 0.0 0.0 0.0 0.0 0.0 0.0 0.0 0.0 0.0 0.0 0.0
0 0.76416 0.215762 0.018555 0.02584 0.76062 0.212296 1.0 0.763022 0.211292 1.0 0.762517 0.216478 1.0 0.763022 0.220994 1.0 0.765425 0.220324 1.0
0 0.751953 0.239664 0.015625 0.021964 0.0 0.0 0.0 0.0 0.0 0.0 0.0 0.0 0.0 0.0 0.0 0.0 0.0 0.0 0.0
0 0.540039 0.266796 0.007812 0.011628 0.0 0.0 0.0 0.0 0.0 0.0 0.0 0.0 0.0 0.0 0.0 0.0 0.0 0.0 0.0
0 0.567383 0.271318 0.013672 0.031008 0.0 0.0 0.0 0.0 0.0 0.0 0.0 0.0 0.0 0.0 0.0 0.0 0.0 0.0 0.0
0 0.577637 0.274548 0.012695 0.024548 0.574707 0.271479 1.0 0.580322 0.273256 1.0 0.576416 0.275678 1.0 0.574341 0.279716 1.0 0.576538 0.281169 1.0
0 0.603516 0.279716 0.009766 0.016796 0.0 0.0 0.0 0.0 0.0 0.0 0.0 0.0 0.0 0.0 0.0 0.0 0.0 0.0 0.0
0 0.613281 0.270026 0.009766 0.020672 0.0 0.0 0.0 0.0 0.0 0.0 0.0 0.0 0.0 0.0 0.0 0.0 0.0 0.0 0.0
0 0.684082 0.268088 0.012695 0.027132 0.0 0.0 0.0 0.0 0.0 0.0 0.0 0.0 0.0 0.0 0.0 0.0 0.0 0.0 0.0
0 0.714844 0.261628 0.003906 0.00646 0.0 0.0 0.0 0.0 0.0 0.0 0.0 0.0 0.0 0.0 0.0 0.0 0.0 0.0 0.0
0 0.721191 0.26292 0.004883 0.00646 0.0 0.0 0.0 0.0 0.0 0.0 0.0 0.0 0.0 0.0 0.0 0.0 0.0 0.0 0.0
0 0.727539 0.25969 0.003906 0.007752 0.0 0.0 0.0 0.0 0.0 0.0 0.0 0.0 0.0 0.0 0.0 0.0 0.0 0.0 0.0
0 0.753906 0.276486 0.015625 0.033592 0.750191 0.274121 1.0 0.756967 0.274121 1.0 0.753257 0.281804 1.0 0.750676 0.287353 1.0 0.756482 0.28714 1.0
0 0.553711 0.332041 0.044922 0.082687 0.0 0.0 0.0 0.0 0.0 0.0 0.0 0.0 0.0 0.0 0.0 0.0 0.0 0.0 0.0
0 0.57666 0.316537 0.004883 0.007752 0.0 0.0 0.0 0.0 0.0 0.0 0.0 0.0 0.0 0.0 0.0 0.0 0.0 0.0 0.0
0 0.609863 0.321059 0.020508 0.037468 0.607945 0.314801 1.0 0.616167 0.315274 1.0 0.613486 0.32095 1.0 0.609732 0.326389 1.0 0.615273 0.327098 1.0
0 0.633789 0.315891 0.007812 0.014212 0.0 0.0 0.0 0.0 0.0 0.0 0.0 0.0 0.0 0.0 0.0 0.0 0.0 0.0 0.0
0 0.644043 0.310724 0.010742 0.016796 0.641776 0.309731 1.0 0.646136 0.308924 1.0 0.64413 0.312731 1.0 0.643346 0.315615 1.0 0.645787 0.315269 1.0
0 0.691406 0.327519 0.021484 0.037468 0.689025 0.329537 1.0 0.699829 0.32978 1.0 0.69397 0.337532 1.0 0.687561 0.341408 1.0 0.698364 0.341165 1.0
0 0.720215 0.308786 0.004883 0.007752 0.0 0.0 0.0 0.0 0.0 0.0 0.0 0.0 0.0 0.0 0.0 0.0 0.0 0.0 0.0
0 0.754883 0.316537 0.013672 0.02584 0.0 0.0 0.0 0.0 0.0 0.0 0.0 0.0 0.0 0.0 0.0 0.0 0.0 0.0 0.0
0 0.541016 0.365633 0.009766 0.015504 0.539036 0.36351 1.0 0.542176 0.364133 1.0 0.540292 0.366729 1.0 0.538879 0.368598 1.0 0.541469 0.36891 1.0
0 0.581055 0.368217 0.015625 0.033592 0.5804 0.365864 1.0 0.586691 0.365864 1.0 0.584756 0.372693 1.0 0.579433 0.375468 1.0 0.585562 0.378455 1.0
0 0.600098 0.361757 0.004883 0.007752 0.0 0.0 0.0 0.0 0.0 0.0 0.0 0.0 0.0 0.0 0.0 0.0 0.0 0.0 0.0
0 0.637207 0.370801 0.014648 0.028424 0.636439 0.369324 1.0 0.642578 0.370616 1.0 0.639648 0.374677 1.0 0.635603 0.379107 1.0 0.640485 0.380399 1.0
0 0.652344 0.368217 0.015625 0.02584 0.0 0.0 0.0 0.0 0.0 0.0 0.0 0.0 0.0 0.0 0.0 0.0 0.0 0.0 0.0
0 0.686523 0.363695 0.011719 0.016796 0.0 0.0 0.0 0.0 0.0 0.0 0.0 0.0 0.0 0.0 0.0 0.0 0.0 0.0 0.0
0 0.716309 0.378553 0.006836 0.010336 0.0 0.0 0.0 0.0 0.0 0.0 0.0 0.0 0.0 0.0 0.0 0.0 0.0 0.0 0.0
0 0.726562 0.378553 0.005859 0.010336 0.0 0.0 0.0 0.0 0.0 0.0 0.0 0.0 0.0 0.0 0.0 0.0 0.0 0.0 0.0
0 0.750488 0.374677 0.018555 0.03876 0.746813 0.372791 1.0 0.756187 0.370558 1.0 0.753937 0.380975 1.0 0.74775 0.385191 1.0 0.755624 0.383952 1.0
0 0.769043 0.369509 0.016602 0.03876 0.763306 0.36663 1.0 0.772304 0.365886 1.0 0.766492 0.375311 1.0 0.763868 0.379279 1.0 0.771929 0.379279 1.0
0 0.568848 0.421189 0.014648 0.028424 0.56529 0.420081 1.0 0.571429 0.418974 1.0 0.56808 0.424695 1.0 0.565709 0.428018 1.0 0.571708 0.428018 1.0
0 0.612793 0.407623 0.006836 0.011628 0.0 0.0 0.0 0.0 0.0 0.0 0.0 0.0 0.0 0.0 0.0 0.0 0.0 0.0 0.0
0 0.686523 0.423127 0.025391 0.04522 0.682076 0.421656 1.0 0.695194 0.419302 1.0 0.689858 0.426362 1.0 0.6843 0.434305 1.0 0.694306 0.433128 1.0
0 0.759277 0.436047 0.024414 0.042636 0.75667 0.43434 1.0 0.767099 0.430359 1.0 0.766297 0.442298 1.0 0.763088 0.452116 1.0 0.770508 0.448401 1.0
0 0.57373 0.47416 0.014648 0.02584 0.570731 0.470169 1.0 0.57819 0.470001 1.0 0.57465 0.475855 1.0 0.572248 0.480372 1.0 0.576294 0.48054 1.0
0 0.606934 0.459302 0.010742 0.016796 0.603886 0.458097 1.0 0.608028 0.457877 1.0 0.604466 0.463576 1.0 0.605626 0.461494 1.0 0.607199 0.463466 1.0
0 0.643066 0.465116 0.010742 0.020672 0.0 0.0 0.0 0.0 0.0 0.0 0.0 0.0 0.0 0.0 0.0 0.0 0.0 0.0 0.0
0 0.654785 0.466408 0.010742 0.020672 0.652064 0.46447 1.0 0.657191 0.465994 1.0 0.654157 0.468901 1.0 0.651646 0.470422 1.0 0.655937 0.471668 1.0
0 0.683594 0.459948 0.011719 0.020672 0.0 0.0 0.0 0.0 0.0 0.0 0.0 0.0 0.0 0.0 0.0 0.0 0.0 0.0 0.0
0 0.724121 0.4677 0.014648 0.023256 0.723066 0.465301 1.0 0.729301 0.466801 1.0 0.726354 0.4698 1.0 0.722499 0.472948 1.0 0.728054 0.473999 1.0
0 0.615723 0.520026 0.022461 0.034884 0.608434 0.515457 1.0 0.617676 0.513381 1.0 0.612444 0.522149 1.0 0.611572 0.528377 1.0 0.620466 0.526301 1.0
0 0.645996 0.514212 0.004883 0.007752 0.0 0.0 0.0 0.0 0.0 0.0 0.0 0.0 0.0 0.0 0.0 0.0 0.0 0.0 0.0
0 0.679688 0.511628 0.007812 0.015504 0.680864 0.510439 1.0 0.682591 0.510025 1.0 0.683062 0.51262 1.0 0.681414 0.515319 1.0 0.68267 0.5148 1.0
0 0.687012 0.515504 0.006836 0.01292 0.0 0.0 0.0 0.0 0.0 0.0 0.0 0.0 0.0 0.0 0.0 0.0 0.0 0.0 0.0
0 0.694336 0.510336 0.007812 0.01292 0.0 0.0 0.0 0.0 0.0 0.0 0.0 0.0 0.0 0.0 0.0 0.0 0.0 0.0 0.0
0 0.717285 0.518088 0.014648 0.023256 0.714644 0.516496 1.0 0.719971 0.514996 1.0 0.717363 0.520245 1.0 0.716004 0.523544 1.0 0.720764 0.522044 1.0
0 0.753418 0.53553 0.020508 0.037468 0.749634 0.531734 1.0 0.759155 0.531977 1.0 0.754211 0.539003 1.0 0.750366 0.544089 1.0 0.75769 0.544331 1.0
0 0.567871 0.568475 0.012695 0.02584 0.56794 0.566572 1.0 0.572388 0.567956 1.0 0.571211 0.571764 1.0 0.566502 0.574532 1.0 0.570295 0.575916 1.0
0 0.579102 0.572997 0.011719 0.021964 0.0 0.0 0.0 0.0 0.0 0.0 0.0 0.0 0.0 0.0 0.0 0.0 0.0 0.0 0.0
0 0.590332 0.571059 0.008789 0.020672 0.0 0.0 0.0 0.0 0.0 0.0 0.0 0.0 0.0 0.0 0.0 0.0 0.0 0.0 0.0
0 0.608887 0.564599 0.012695 0.023256 0.605373 0.562107 1.0 0.611494 0.561358 1.0 0.608434 0.565407 1.0 0.605826 0.568857 1.0 0.611381 0.567956 1.0
0 0.649414 0.570413 0.007812 0.011628 0.0 0.0 0.0 0.0 0.0 0.0 0.0 0.0 0.0 0.0 0.0 0.0 0.0 0.0 0.0
0 0.685547 0.569767 0.009766 0.015504 0.0 0.0 0.0 0.0 0.0 0.0 0.0 0.0 0.0 0.0 0.0 0.0 0.0 0.0 0.0
0 0.719238 0.556848 0.004883 0.007752 0.0 0.0 0.0 0.0 0.0 0.0 0.0 0.0 0.0 0.0 0.0 0.0 0.0 0.0 0.0
0 0.757812 0.572997 0.015625 0.027132 0.753322 0.568665 1.0 0.76035 0.570633 1.0 0.754133 0.57546 1.0 0.751565 0.576176 1.0 0.758188 0.5785 1.0
0 0.569336 0.614987 0.007812 0.015504 0.0 0.0 0.0 0.0 0.0 0.0 0.0 0.0 0.0 0.0 0.0 0.0 0.0 0.0 0.0
0 0.579102 0.620801 0.007812 0.014212 0.0 0.0 0.0 0.0 0.0 0.0 0.0 0.0 0.0 0.0 0.0 0.0 0.0 0.0 0.0
0 0.601074 0.607881 0.006836 0.009044 0.0 0.0 0.0 0.0 0.0 0.0 0.0 0.0 0.0 0.0 0.0 0.0 0.0 0.0 0.0
0 0.608887 0.612403 0.008789 0.015504 0.0 0.0 0.0 0.0 0.0 0.0 0.0 0.0 0.0 0.0 0.0 0.0 0.0 0.0 0.0
0 0.658203 0.615633 0.015625 0.029716 0.657283 0.611636 1.0 0.663326 0.613349 1.0 0.659441 0.619439 1.0 0.655413 0.622105 1.0 0.660736 0.623818 1.0
0 0.684082 0.611757 0.010742 0.01938 0.0 0.0 0.0 0.0 0.0 0.0 0.0 0.0 0.0 0.0 0.0 0.0 0.0 0.0 0.0
0 0.720703 0.613695 0.003906 0.007752 0.0 0.0 0.0 0.0 0.0 0.0 0.0 0.0 0.0 0.0 0.0 0.0 0.0 0.0 0.0
0 0.748047 0.607235 0.005859 0.010336 0.0 0.0 0.0 0.0 0.0 0.0 0.0 0.0 0.0 0.0 0.0 0.0 0.0 0.0 0.0
0 0.755859 0.608527 0.005859 0.010336 0.0 0.0 0.0 0.0 0.0 0.0 0.0 0.0 0.0 0.0 0.0 0.0 0.0 0.0 0.0
0 0.76416 0.606589 0.006836 0.009044 0.0 0.0 0.0 0.0 0.0 0.0 0.0 0.0 0.0 0.0 0.0 0.0 0.0 0.0 0.0
0 0.771484 0.608527 0.005859 0.010336 0.0 0.0 0.0 0.0 0.0 0.0 0.0 0.0 0.0 0.0 0.0 0.0 0.0 0.0 0.0
0 0.568359 0.678295 0.013672 0.02584 0.564475 0.676478 1.0 0.570291 0.675809 1.0 0.567762 0.680492 1.0 0.565992 0.684674 1.0 0.570797 0.684172 1.0
0 0.579102 0.669897 0.013672 0.024548 0.0 0.0 0.0 0.0 0.0 0.0 0.0 0.0 0.0 0.0 0.0 0.0 0.0 0.0 0.0
0 0.604492 0.672481 0.015625 0.021964 0.0 0.0 0.0 0.0 0.0 0.0 0.0 0.0 0.0 0.0 0.0 0.0 0.0 0.0 0.0
0 0.637695 0.658269 0.005859 0.009044 0.0 0.0 0.0 0.0 0.0 0.0 0.0 0.0 0.0 0.0 0.0 0.0 0.0 0.0 0.0
0 0.648438 0.667313 0.007812 0.011628 0.0 0.0 0.0 0.0 0.0 0.0 0.0 0.0 0.0 0.0 0.0 0.0 0.0 0.0 0.0
0 0.677246 0.675711 0.006836 0.01292 0.0 0.0 0.0 0.0 0.0 0.0 0.0 0.0 0.0 0.0 0.0 0.0 0.0 0.0 0.0
0 0.689941 0.668605 0.006836 0.011628 0.0 0.0 0.0 0.0 0.0 0.0 0.0 0.0 0.0 0.0 0.0 0.0 0.0 0.0 0.0
0 0.570801 0.725452 0.016602 0.0323 0.565552 0.722142 1.0 0.572876 0.722948 1.0 0.567383 0.729207 1.0 0.566467 0.732841 1.0 0.569977 0.732841 1.0
0 0.600586 0.722222 0.011719 0.018088 0.0 0.0 0.0 0.0 0.0 0.0 0.0 0.0 0.0 0.0 0.0 0.0 0.0 0.0 0.0
0 0.612305 0.719638 0.013672 0.023256 0.609615 0.719149 1.0 0.615265 0.716189 1.0 0.612793 0.72164 1.0 0.612087 0.726779 1.0 0.616913 0.723041 1.0
0 0.639648 0.7177 0.009766 0.016796 0.637329 0.717481 1.0 0.640312 0.716385 1.0 0.638406 0.720221 1.0 0.638406 0.722742 1.0 0.639979 0.722412 1.0
0 0.645996 0.729328 0.010742 0.016796 0.645085 0.729218 1.0 0.648979 0.729438 1.0 0.647156 0.732287 1.0 0.645333 0.734588 1.0 0.647984 0.734807 1.0
0 0.725586 0.716408 0.011719 0.024548 0.725342 0.714147 1.0 0.730225 0.713178 1.0 0.729492 0.717377 1.0 0.727295 0.722384 1.0 0.730469 0.721899 1.0
0 0.753906 0.720284 0.009766 0.01938 0.751404 0.718589 1.0 0.755249 0.718589 1.0 0.75351 0.721616 1.0 0.752594 0.724645 1.0 0.754975 0.724523 1.0
0 0.581543 0.767442 0.004883 0.007752 0.0 0.0 0.0 0.0 0.0 0.0 0.0 0.0 0.0 0.0 0.0 0.0 0.0 0.0 0.0
0 0.602051 0.76615 0.014648 0.031008 0.601266 0.763208 1.0 0.608232 0.764189 1.0 0.605269 0.769092 1.0 0.601859 0.773798 1.0 0.60675 0.773798 1.0
0 0.617676 0.76615 0.014648 0.028424 0.613839 0.76412 1.0 0.620814 0.76412 1.0 0.61649 0.769103 1.0 0.614397 0.773532 1.0 0.619141 0.773532 1.0
0 0.645508 0.77584 0.021484 0.034884 0.63787 0.769426 1.0 0.646938 0.769195 1.0 0.641009 0.776116 1.0 0.638916 0.781654 1.0 0.647636 0.781193 1.0
0 0.681152 0.773256 0.008789 0.016796 0.0 0.0 0.0 0.0 0.0 0.0 0.0 0.0 0.0 0.0 0.0 0.0 0.0 0.0 0.0
0 0.69043 0.771964 0.009766 0.016796 0.0 0.0 0.0 0.0 0.0 0.0 0.0 0.0 0.0 0.0 0.0 0.0 0.0 0.0 0.0
0 0.712891 0.770026 0.015625 0.028424 0.0 0.0 0.0 0.0 0.0 0.0 0.0 0.0 0.0 0.0 0.0 0.0 0.0 0.0 0.0
0 0.542969 0.808786 0.005859 0.010336 0.0 0.0 0.0 0.0 0.0 0.0 0.0 0.0 0.0 0.0 0.0 0.0 0.0 0.0 0.0
0 0.575684 0.818475 0.014648 0.024548 0.576442 0.81573 1.0 0.58143 0.81468 1.0 0.581316 0.821279 1.0 0.575762 0.824877 1.0 0.580636 0.824428 1.0
0 0.602051 0.822351 0.012695 0.027132 0.0 0.0 0.0 0.0 0.0 0.0 0.0 0.0 0.0 0.0 0.0 0.0 0.0 0.0 0.0
0 0.615234 0.813953 0.013672 0.02584 0.0 0.0 0.0 0.0 0.0 0.0 0.0 0.0 0.0 0.0 0.0 0.0 0.0 0.0 0.0
0 0.63916 0.813953 0.008789 0.015504 0.0 0.0 0.0 0.0 0.0 0.0 0.0 0.0 0.0 0.0 0.0 0.0 0.0 0.0 0.0
0 0.650391 0.808786 0.009766 0.015504 0.0 0.0 0.0 0.0 0.0 0.0 0.0 0.0 0.0 0.0 0.0 0.0 0.0 0.0 0.0
0 0.688477 0.828165 0.027344 0.033592 0.684361 0.827981 1.0 0.697266 0.828442 1.0 0.690987 0.839747 1.0 0.685059 0.845053 1.0 0.695521 0.845053 1.0
0 0.708496 0.824935 0.012695 0.027132 0.0 0.0 0.0 0.0 0.0 0.0 0.0 0.0 0.0 0.0 0.0 0.0 0.0 0.0 0.0
0 0.822754 0.031654 0.014648 0.024548 0.821777 0.028908 1.0 0.827759 0.02907 1.0 0.825928 0.033915 1.0 0.821167 0.036014 1.0 0.826538 0.036337 1.0
0 0.84375 0.020672 0.013672 0.02584 0.840751 0.018521 1.0 0.846313 0.018018 1.0 0.843532 0.022367 1.0 0.841762 0.026717 1.0 0.844923 0.026382 1.0
0 0.865234 0.027778 0.009766 0.01938 0.0 0.0 0.0 0.0 0.0 0.0 0.0 0.0 0.0 0.0 0.0 0.0 0.0 0.0 0.0
0 0.879883 0.014212 0.011719 0.018088 0.876893 0.013809 1.0 0.881928 0.012475 1.0 0.879272 0.016836 1.0 0.878814 0.020349 1.0 0.881836 0.019623 1.0
0 0.946289 0.023902 0.017578 0.029716 0.942579 0.020475 1.0 0.950204 0.020286 1.0 0.947326 0.025234 1.0 0.944018 0.029231 1.0 0.949772 0.029041 1.0
0 0.990723 0.020672 0.006836 0.010336 0.0 0.0 0.0 0.0 0.0 0.0 0.0 0.0 0.0 0.0 0.0 0.0 0.0 0.0 0.0
0 0.96875 0.016796 0.005859 0.010336 0.0 0.0 0.0 0.0 0.0 0.0 0.0 0.0 0.0 0.0 0.0 0.0 0.0 0.0 0.0
0 0.835938 0.079457 0.017578 0.034884 0.831391 0.074566 1.0 0.838361 0.075691 1.0 0.833431 0.082889 1.0 0.82986 0.086488 1.0 0.836831 0.087388 1.0
0 0.866699 0.068475 0.004883 0.007752 0.0 0.0 0.0 0.0 0.0 0.0 0.0 0.0 0.0 0.0 0.0 0.0 0.0 0.0 0.0
0 0.904297 0.069121 0.013672 0.021964 0.0 0.0 0.0 0.0 0.0 0.0 0.0 0.0 0.0 0.0 0.0 0.0 0.0 0.0 0.0
0 0.936035 0.070413 0.008789 0.016796 0.0 0.0 0.0 0.0 0.0 0.0 0.0 0.0 0.0 0.0 0.0 0.0 0.0 0.0 0.0
0 0.948242 0.074935 0.013672 0.02584 0.945312 0.072997 1.0 0.951294 0.072997 1.0 0.947998 0.079942 1.0 0.946655 0.082526 1.0 0.949707 0.082526 1.0
0 0.793457 0.133075 0.022461 0.028424 0.786582 0.128813 1.0 0.796652 0.132048 1.0 0.789891 0.138711 1.0 0.785575 0.143469 1.0 0.792192 0.146133 1.0
0 0.901367 0.113049 0.007812 0.014212 0.0 0.0 0.0 0.0 0.0 0.0 0.0 0.0 0.0 0.0 0.0 0.0 0.0 0.0 0.0
0 0.939941 0.120155 0.004883 0.010336 0.0 0.0 0.0 0.0 0.0 0.0 0.0 0.0 0.0 0.0 0.0 0.0 0.0 0.0 0.0
0 0.945801 0.119509 0.004883 0.009044 0.0 0.0 0.0 0.0 0.0 0.0 0.0 0.0 0.0 0.0 0.0 0.0 0.0 0.0 0.0
0 0.970703 0.109173 0.005859 0.009044 0.0 0.0 0.0 0.0 0.0 0.0 0.0 0.0 0.0 0.0 0.0 0.0 0.0 0.0 0.0
0 0.981934 0.111111 0.004883 0.010336 0.0 0.0 0.0 0.0 0.0 0.0 0.0 0.0 0.0 0.0 0.0 0.0 0.0 0.0 0.0
0 0.989746 0.107881 0.004883 0.009044 0.0 0.0 0.0 0.0 0.0 0.0 0.0 0.0 0.0 0.0 0.0 0.0 0.0 0.0 0.0
0 0.79248 0.178941 0.012695 0.027132 0.0 0.0 0.0 0.0 0.0 0.0 0.0 0.0 0.0 0.0 0.0 0.0 0.0 0.0 0.0
0 0.806152 0.186693 0.010742 0.01938 0.0 0.0 0.0 0.0 0.0 0.0 0.0 0.0 0.0 0.0 0.0 0.0 0.0 0.0 0.0
0 0.832031 0.174419 0.019531 0.03876 0.827794 0.1703 1.0 0.838104 0.171044 1.0 0.83248 0.176253 1.0 0.827794 0.182702 1.0 0.837167 0.183694 1.0
0 0.932617 0.164729 0.009766 0.016796 0.92981 0.163656 1.0 0.933785 0.162231 1.0 0.931466 0.165628 1.0 0.931881 0.169683 1.0 0.934614 0.16782 1.0
0 0.833984 0.228036 0.019531 0.037468 0.829385 0.226508 1.0 0.839037 0.226035 1.0 0.835283 0.23242 1.0 0.831709 0.237386 1.0 0.838858 0.236677 1.0
0 0.870117 0.226098 0.003906 0.007752 0.0 0.0 0.0 0.0 0.0 0.0 0.0 0.0 0.0 0.0 0.0 0.0 0.0 0.0 0.0
0 0.874512 0.2177 0.004883 0.00646 0.0 0.0 0.0 0.0 0.0 0.0 0.0 0.0 0.0 0.0 0.0 0.0 0.0 0.0 0.0
0 0.954102 0.219638 0.007812 0.010336 0.0 0.0 0.0 0.0 0.0 0.0 0.0 0.0 0.0 0.0 0.0 0.0 0.0 0.0 0.0
0 0.981934 0.217054 0.010742 0.018088 0.980103 0.217377 1.0 0.985688 0.21762 1.0 0.982758 0.221253 1.0 0.981109 0.223797 1.0 0.983856 0.223797 1.0
0 0.785156 0.25969 0.005859 0.010336 0.0 0.0 0.0 0.0 0.0 0.0 0.0 0.0 0.0 0.0 0.0 0.0 0.0 0.0 0.0
0 0.79834 0.265504 0.006836 0.011628 0.0 0.0 0.0 0.0 0.0 0.0 0.0 0.0 0.0 0.0 0.0 0.0 0.0 0.0 0.0
0 0.802734 0.25646 0.005859 0.009044 0.0 0.0 0.0 0.0 0.0 0.0 0.0 0.0 0.0 0.0 0.0 0.0 0.0 0.0 0.0
0 0.833984 0.270026 0.015625 0.02584 0.832642 0.267926 1.0 0.838135 0.26938 1.0 0.835693 0.272448 1.0 0.831665 0.275517 1.0 0.836548 0.27697 1.0
0 0.869629 0.266796 0.008789 0.014212 0.0 0.0 0.0 0.0 0.0 0.0 0.0 0.0 0.0 0.0 0.0 0.0 0.0 0.0 0.0
0 0.875977 0.264858 0.009766 0.015504 0.875414 0.26431 1.0 0.879787 0.265977 1.0 0.877934 0.268722 1.0 0.875858 0.270487 1.0 0.878897 0.27088 1.0
0 0.905762 0.268734 0.008789 0.015504 0.0 0.0 0.0 0.0 0.0 0.0 0.0 0.0 0.0 0.0 0.0 0.0 0.0 0.0 0.0
0 0.936523 0.271318 0.007812 0.01292 0.936593 0.26938 1.0 0.939872 0.270302 1.0 0.937988 0.272795 1.0 0.937081 0.274456 1.0 0.939104 0.27464 1.0
0 0.947754 0.286822 0.008789 0.010336 0.0 0.0 0.0 0.0 0.0 0.0 0.0 0.0 0.0 0.0 0.0 0.0 0.0 0.0 0.0
0 0.786133 0.320413 0.011719 0.023256 0.0 0.0 0.0 0.0 0.0 0.0 0.0 0.0 0.0 0.0 0.0 0.0 0.0 0.0 0.0
0 0.827148 0.324289 0.009766 0.020672 0.0 0.0 0.0 0.0 0.0 0.0 0.0 0.0 0.0 0.0 0.0 0.0 0.0 0.0 0.0
0 0.837402 0.320413 0.010742 0.018088 0.0 0.0 0.0 0.0 0.0 0.0 0.0 0.0 0.0 0.0 0.0 0.0 0.0 0.0 0.0
0 0.901367 0.322997 0.005859 0.010336 0.0 0.0 0.0 0.0 0.0 0.0 0.0 0.0 0.0 0.0 0.0 0.0 0.0 0.0 0.0
0 0.907715 0.315891 0.008789 0.011628 0.0 0.0 0.0 0.0 0.0 0.0 0.0 0.0 0.0 0.0 0.0 0.0 0.0 0.0 0.0
0 0.943359 0.315245 0.011719 0.018088 0.0 0.0 0.0 0.0 0.0 0.0 0.0 0.0 0.0 0.0 0.0 0.0 0.0 0.0 0.0
0 0.79248 0.379845 0.008789 0.015504 0.0 0.0 0.0 0.0 0.0 0.0 0.0 0.0 0.0 0.0 0.0 0.0 0.0 0.0 0.0
0 0.800293 0.370155 0.010742 0.016796 0.0 0.0 0.0 0.0 0.0 0.0 0.0 0.0 0.0 0.0 0.0 0.0 0.0 0.0 0.0
0 0.833984 0.363049 0.009766 0.015504 0.830854 0.363499 1.0 0.834002 0.362513 1.0 0.832677 0.3658 1.0 0.831103 0.367554 1.0 0.833505 0.367444 1.0
0 0.871094 0.374031 0.017578 0.029716 0.865461 0.371424 1.0 0.871983 0.370247 1.0 0.869019 0.377111 1.0 0.867388 0.380837 1.0 0.871983 0.380053 1.0
0 0.907227 0.374677 0.019531 0.033592 0.0 0.0 0.0 0.0 0.0 0.0 0.0 0.0 0.0 0.0 0.0 0.0 0.0 0.0 0.0
0 0.939941 0.371447 0.008789 0.016796 0.0 0.0 0.0 0.0 0.0 0.0 0.0 0.0 0.0 0.0 0.0 0.0 0.0 0.0 0.0
0 0.953125 0.366925 0.007812 0.01292 0.0 0.0 0.0 0.0 0.0 0.0 0.0 0.0 0.0 0.0 0.0 0.0 0.0 0.0 0.0
0 0.827148 0.419897 0.013672 0.023256 0.0 0.0 0.0 0.0 0.0 0.0 0.0 0.0 0.0 0.0 0.0 0.0 0.0 0.0 0.0
0 0.870117 0.420543 0.013672 0.024548 0.869729 0.418674 1.0 0.874556 0.420075 1.0 0.871495 0.424435 1.0 0.869022 0.426616 1.0 0.872437 0.426928 1.0
0 0.901367 0.427003 0.007812 0.014212 0.90053 0.425802 1.0 0.90346 0.425895 1.0 0.901786 0.42811 1.0 0.900391 0.430324 1.0 0.902832 0.430602 1.0
0 0.914062 0.418605 0.007812 0.015504 0.913277 0.417959 1.0 0.916168 0.418057 1.0 0.914686 0.421194 1.0 0.913648 0.423351 1.0 0.915724 0.423155 1.0
0 0.964844 0.412145 0.007812 0.018088 0.0 0.0 0.0 0.0 0.0 0.0 0.0 0.0 0.0 0.0 0.0 0.0 0.0 0.0 0.0
0 0.790527 0.463824 0.004883 0.01292 0.0 0.0 0.0 0.0 0.0 0.0 0.0 0.0 0.0 0.0 0.0 0.0 0.0 0.0 0.0
0 0.796387 0.4677 0.006836 0.007752 0.0 0.0 0.0 0.0 0.0 0.0 0.0 0.0 0.0 0.0 0.0 0.0 0.0 0.0 0.0
0 0.822266 0.4677 0.013672 0.020672 0.0 0.0 0.0 0.0 0.0 0.0 0.0 0.0 0.0 0.0 0.0 0.0 0.0 0.0 0.0
0 0.869629 0.4677 0.014648 0.02584 0.86806 0.465624 1.0 0.875384 0.465624 1.0 0.872114 0.469776 1.0 0.86976 0.473757 1.0 0.874599 0.473757 1.0
0 0.882812 0.46447 0.011719 0.021964 0.0 0.0 0.0 0.0 0.0 0.0 0.0 0.0 0.0 0.0 0.0 0.0 0.0 0.0 0.0
0 0.897461 0.462532 0.007812 0.015504 0.0 0.0 0.0 0.0 0.0 0.0 0.0 0.0 0.0 0.0 0.0 0.0 0.0 0.0 0.0
0 0.948242 0.471576 0.005859 0.010336 0.0 0.0 0.0 0.0 0.0 0.0 0.0 0.0 0.0 0.0 0.0 0.0 0.0 0.0 0.0
0 0.822754 0.51292 0.008789 0.01292 0.821105 0.511143 1.0 0.824463 0.511789 1.0 0.821655 0.513727 1.0 0.820496 0.516393 1.0 0.82257 0.515988 1.0
0 0.837891 0.516796 0.007812 0.015504 0.0 0.0 0.0 0.0 0.0 0.0 0.0 0.0 0.0 0.0 0.0 0.0 0.0 0.0 0.0
0 0.873047 0.52907 0.005859 0.011628 0.0 0.0 0.0 0.0 0.0 0.0 0.0 0.0 0.0 0.0 0.0 0.0 0.0 0.0 0.0
0 0.898438 0.52261 0.009766 0.014212 0.0 0.0 0.0 0.0 0.0 0.0 0.0 0.0 0.0 0.0 0.0 0.0 0.0 0.0 0.0
0 0.955078 0.51938 0.009766 0.018088 0.955048 0.520309 1.0 0.958526 0.518371 1.0 0.958893 0.521884 1.0 0.958068 0.525517 1.0 0.960815 0.524669 1.0
0 0.972656 0.51292 0.009766 0.01292 0.0 0.0 0.0 0.0 0.0 0.0 0.0 0.0 0.0 0.0 0.0 0.0 0.0 0.0 0.0
0 0.990234 0.515504 0.009766 0.015504 0.0 0.0 0.0 0.0 0.0 0.0 0.0 0.0 0.0 0.0 0.0 0.0 0.0 0.0 0.0
0 0.792969 0.569767 0.039062 0.064599 0.0 0.0 0.0 0.0 0.0 0.0 0.0 0.0 0.0 0.0 0.0 0.0 0.0 0.0 0.0
0 0.826172 0.562016 0.007812 0.01292 0.0 0.0 0.0 0.0 0.0 0.0 0.0 0.0 0.0 0.0 0.0 0.0 0.0 0.0 0.0
0 0.835938 0.559432 0.009766 0.015504 0.0 0.0 0.0 0.0 0.0 0.0 0.0 0.0 0.0 0.0 0.0 0.0 0.0 0.0 0.0
0 0.858887 0.565245 0.008789 0.011628 0.0 0.0 0.0 0.0 0.0 0.0 0.0 0.0 0.0 0.0 0.0 0.0 0.0 0.0 0.0
0 0.869629 0.562016 0.008789 0.01292 0.0 0.0 0.0 0.0 0.0 0.0 0.0 0.0 0.0 0.0 0.0 0.0 0.0 0.0 0.0
0 0.880859 0.563307 0.009766 0.01292 0.0 0.0 0.0 0.0 0.0 0.0 0.0 0.0 0.0 0.0 0.0 0.0 0.0 0.0 0.0
0 0.899414 0.570413 0.009766 0.016796 0.0 0.0 0.0 0.0 0.0 0.0 0.0 0.0 0.0 0.0 0.0 0.0 0.0 0.0 0.0
0 0.916992 0.56137 0.011719 0.021964 0.0 0.0 0.0 0.0 0.0 0.0 0.0 0.0 0.0 0.0 0.0 0.0 0.0 0.0 0.0
0 0.930664 0.574289 0.011719 0.024548 0.929134 0.570505 1.0 0.93655 0.572997 1.0 0.932312 0.577047 1.0 0.928545 0.580005 1.0 0.931841 0.581875 1.0
0 0.955078 0.574935 0.013672 0.02584 0.949768 0.573119 1.0 0.956596 0.570275 1.0 0.953561 0.577133 1.0 0.954066 0.581817 1.0 0.958365 0.579307 1.0
0 0.978027 0.571059 0.014648 0.023256 0.98213 0.577266 1.0 0.985896 0.583027 1.0 0.98107 0.583027 1.0 0.979069 0.585987 1.0 0.981188 0.587388 1.0
0 0.984375 0.580749 0.013672 0.021964 0.983124 0.577439 1.0 0.986611 0.582774 1.0 0.980944 0.583062 1.0 0.983015 0.589983 1.0 0.983451 0.589695 1.0
0 0.793945 0.610465 0.007812 0.014212 0.0 0.0 0.0 0.0 0.0 0.0 0.0 0.0 0.0 0.0 0.0 0.0 0.0 0.0 0.0
0 0.833984 0.628553 0.025391 0.04522 0.830662 0.621562 1.0 0.842216 0.627041 1.0 0.837202 0.634252 1.0 0.826957 0.636848 1.0 0.839164 0.640596 1.0
0 0.87207 0.626615 0.019531 0.036176 0.867161 0.625295 1.0 0.876513 0.625744 1.0 0.872433 0.632942 1.0 0.868012 0.636766 1.0 0.875492 0.636991 1.0
0 0.943359 0.627261 0.021484 0.042636 0.937988 0.620525 1.0 0.947823 0.621632 1.0 0.942802 0.628553 1.0 0.936104 0.632429 1.0 0.948033 0.63409 1.0
0 0.989258 0.616279 0.015625 0.031008 0.98877 0.614399 1.0 0.995439 0.614399 1.0 0.992476 0.619106 1.0 0.989955 0.622636 1.0 0.994105 0.622636 1.0
0 0.789062 0.666667 0.009766 0.020672 0.0 0.0 0.0 0.0 0.0 0.0 0.0 0.0 0.0 0.0 0.0 0.0 0.0 0.0 0.0
0 0.831055 0.664083 0.015625 0.02584 0.829537 0.661932 1.0 0.835227 0.662767 1.0 0.831939 0.667451 1.0 0.828905 0.66996 1.0 0.834216 0.670796 1.0
0 0.894531 0.673773 0.013672 0.0323 0.0 0.0 0.0 0.0 0.0 0.0 0.0 0.0 0.0 0.0 0.0 0.0 0.0 0.0 0.0
0 0.914062 0.670543 0.015625 0.028424 0.0 0.0 0.0 0.0 0.0 0.0 0.0 0.0 0.0 0.0 0.0 0.0 0.0 0.0 0.0
0 0.943848 0.666021 0.008789 0.014212 0.0 0.0 0.0 0.0 0.0 0.0 0.0 0.0 0.0 0.0 0.0 0.0 0.0 0.0 0.0
0 0.861328 0.768088 0.013672 0.024548 0.858015 0.766796 1.0 0.862252 0.766484 1.0 0.860016 0.770689 1.0 0.85825 0.773804 1.0 0.86237 0.773492 1.0
0 0.911621 0.766796 0.006836 0.011628 0.0 0.0 0.0 0.0 0.0 0.0 0.0 0.0 0.0 0.0 0.0 0.0 0.0 0.0 0.0
0 0.934082 0.761628 0.016602 0.024548 0.930163 0.754885 1.0 0.936401 0.753796 1.0 0.934047 0.761115 1.0 0.932752 0.76563 1.0 0.937932 0.764385 1.0
0 0.95166 0.779716 0.014648 0.027132 0.0 0.0 0.0 0.0 0.0 0.0 0.0 0.0 0.0 0.0 0.0 0.0 0.0 0.0 0.0
0 0.979004 0.775194 0.016602 0.02584 0.974344 0.77254 1.0 0.981171 0.771872 1.0 0.977378 0.777893 1.0 0.975987 0.78174 1.0 0.981171 0.781239 1.0
0 0.788574 0.819121 0.006836 0.01292 0.787235 0.818475 1.0 0.78959 0.818649 1.0 0.788479 0.820552 1.0 0.787105 0.822023 1.0 0.789459 0.822195 1.0
0 0.79541 0.809432 0.006836 0.014212 0.0 0.0 0.0 0.0 0.0 0.0 0.0 0.0 0.0 0.0 0.0 0.0 0.0 0.0 0.0
0 0.913086 0.817183 0.017578 0.034884 0.0 0.0 0.0 0.0 0.0 0.0 0.0 0.0 0.0 0.0 0.0 0.0 0.0 0.0 0.0
0 0.938965 0.819121 0.018555 0.033592 0.932826 0.815488 1.0 0.940569 0.813354 1.0 0.936698 0.82061 1.0 0.935892 0.826372 1.0 0.940569 0.824664 1.0
0 0.970215 0.822997 0.018555 0.028424 0.965541 0.824474 1.0 0.972237 0.819491 1.0 0.970006 0.826136 1.0 0.970703 0.832411 1.0 0.975446 0.827611 1.0
0 0.789551 0.863049 0.018555 0.028424 0.781878 0.86028 1.0 0.78704 0.858619 1.0 0.784389 0.862495 1.0 0.783134 0.868771 1.0 0.788574 0.867295 1.0
0 0.818848 0.864341 0.012695 0.02584 0.0 0.0 0.0 0.0 0.0 0.0 0.0 0.0 0.0 0.0 0.0 0.0 0.0 0.0 0.0
0 0.833496 0.864987 0.014648 0.021964 0.0 0.0 0.0 0.0 0.0 0.0 0.0 0.0 0.0 0.0 0.0 0.0 0.0 0.0 0.0
0 0.859375 0.873385 0.017578 0.031008 0.854545 0.872992 1.0 0.862697 0.870052 1.0 0.85914 0.877111 1.0 0.857954 0.882014 1.0 0.862993 0.880053 1.0
0 0.878418 0.864987 0.016602 0.0323 0.0 0.0 0.0 0.0 0.0 0.0 0.0 0.0 0.0 0.0 0.0 0.0 0.0 0.0 0.0
0 0.900391 0.870801 0.007812 0.010336 0.0 0.0 0.0 0.0 0.0 0.0 0.0 0.0 0.0 0.0 0.0 0.0 0.0 0.0 0.0
0 0.943359 0.864987 0.005859 0.009044 0.0 0.0 0.0 0.0 0.0 0.0 0.0 0.0 0.0 0.0 0.0 0.0 0.0 0.0 0.0
0 0.974609 0.866279 0.013672 0.027132 0.974514 0.864941 1.0 0.980138 0.864941 1.0 0.979222 0.870132 1.0 0.975429 0.873766 1.0 0.980269 0.873766 1.0
0 0.98584 0.864987 0.012695 0.027132 0.982997 0.864514 1.0 0.989145 0.863995 1.0 0.986268 0.870225 1.0 0.98339 0.872819 1.0 0.989014 0.872301 1.0
0 0.832031 0.912791 0.013672 0.024548 0.828348 0.909474 1.0 0.83388 0.90963 1.0 0.831644 0.913367 1.0 0.829524 0.91695 1.0 0.832703 0.91695 1.0
0 0.865723 0.919251 0.010742 0.024548 0.865356 0.916667 1.0 0.870239 0.917474 1.0 0.86792 0.921673 1.0 0.865234 0.924257 1.0 0.868652 0.924903 1.0
0 0.878418 0.916021 0.012695 0.023256 0.873701 0.914579 1.0 0.879708 0.914579 1.0 0.875741 0.918028 1.0 0.874041 0.921776 1.0 0.878688 0.922078 1.0
0 0.90332 0.914729 0.025391 0.043928 0.0 0.0 0.0 0.0 0.0 0.0 0.0 0.0 0.0 0.0 0.0 0.0 0.0 0.0 0.0
0 0.929199 0.905685 0.012695 0.023256 0.0 0.0 0.0 0.0 0.0 0.0 0.0 0.0 0.0 0.0 0.0 0.0 0.0 0.0 0.0
0 0.947754 0.918605 0.014648 0.023256 0.0 0.0 0.0 0.0 0.0 0.0 0.0 0.0 0.0 0.0 0.0 0.0 0.0 0.0 0.0
0 0.825684 0.96124 0.006836 0.01292 0.825688 0.961633 1.0 0.828173 0.960681 1.0 0.828107 0.963103 1.0 0.827584 0.965353 1.0 0.828827 0.964747 1.0
0 0.838379 0.961886 0.008789 0.014212 0.0 0.0 0.0 0.0 0.0 0.0 0.0 0.0 0.0 0.0 0.0 0.0 0.0 0.0 0.0
0 0.864258 0.95801 0.007812 0.014212 0.0 0.0 0.0 0.0 0.0 0.0 0.0 0.0 0.0 0.0 0.0 0.0 0.0 0.0 0.0
0 0.872559 0.95801 0.010742 0.016796 0.0 0.0 0.0 0.0 0.0 0.0 0.0 0.0 0.0 0.0 0.0 0.0 0.0 0.0 0.0
0 0.906738 0.965762 0.016602 0.029716 0.0 0.0 0.0 0.0 0.0 0.0 0.0 0.0 0.0 0.0 0.0 0.0 0.0 0.0 0.0
0 0.944336 0.975452 0.023438 0.028424 0.939483 0.983607 1.0 0.944977 0.983003 1.0 0.940094 0.988655 1.0 0.941162 0.991682 1.0 0.945435 0.991481 1.0
0 0.979004 0.968346 0.012695 0.01938 0.975542 0.967319 1.0 0.981297 0.966811 1.0 0.978132 0.971634 1.0 0.976981 0.975695 1.0 0.979858 0.975567 1.0
0 0.748535 0.959948 0.00293 0.005168 0.0 0.0 0.0 0.0 0.0 0.0 0.0 0.0 0.0 0.0 0.0 0.0 0.0 0.0 0.0
0 0.310059 0.472868 0.010742 0.018088 0.0 0.0 0.0 0.0 0.0 0.0 0.0 0.0 0.0 0.0 0.0 0.0 0.0 0.0 0.0
0 0.320801 0.47739 0.010742 0.01938 0.0 0.0 0.0 0.0 0.0 0.0 0.0 0.0 0.0 0.0 0.0 0.0 0.0 0.0 0.0
0 0.346191 0.473514 0.004883 0.009044 0.0 0.0 0.0 0.0 0.0 0.0 0.0 0.0 0.0 0.0 0.0 0.0 0.0 0.0 0.0
0 0.355469 0.470284 0.005859 0.010336 0.0 0.0 0.0 0.0 0.0 0.0 0.0 0.0 0.0 0.0 0.0 0.0 0.0 0.0 0.0
0 0.390137 0.479328 0.024414 0.043928 0.388794 0.478116 1.0 0.396484 0.472182 1.0 0.397979 0.484899 1.0 0.392212 0.492248 1.0 0.399688 0.488009 1.0
0 0.420898 0.4677 0.013672 0.02584 0.42256 0.46488 1.0 0.426226 0.468559 1.0 0.424962 0.471904 1.0 0.420916 0.474247 1.0 0.423318 0.476087 1.0
0 0.433594 0.473514 0.013672 0.024548 0.431152 0.469961 1.0 0.43457 0.471415 1.0 0.430298 0.474968 1.0 0.428955 0.480459 1.0 0.432007 0.481912 1.0
0 0.466797 0.466408 0.007812 0.015504 0.0 0.0 0.0 0.0 0.0 0.0 0.0 0.0 0.0 0.0 0.0 0.0 0.0 0.0 0.0
0 0.501465 0.467054 0.020508 0.027132 0.0 0.0 0.0 0.0 0.0 0.0 0.0 0.0 0.0 0.0 0.0 0.0 0.0 0.0 0.0
0 0.277832 0.518734 0.012695 0.024548 0.27546 0.517332 1.0 0.281229 0.517488 1.0 0.278403 0.521693 1.0 0.275343 0.524963 1.0 0.280286 0.524963 1.0
0 0.302734 0.53553 0.007812 0.011628 0.0 0.0 0.0 0.0 0.0 0.0 0.0 0.0 0.0 0.0 0.0 0.0 0.0 0.0 0.0
0 0.311035 0.508398 0.008789 0.009044 0.0 0.0 0.0 0.0 0.0 0.0 0.0 0.0 0.0 0.0 0.0 0.0 0.0 0.0 0.0
0 0.343262 0.526486 0.018555 0.027132 0.0 0.0 0.0 0.0 0.0 0.0 0.0 0.0 0.0 0.0 0.0 0.0 0.0 0.0 0.0
0 0.361328 0.520672 0.017578 0.033592 0.358015 0.518481 1.0 0.364973 0.514535 1.0 0.362488 0.523083 1.0 0.361162 0.528782 1.0 0.36663 0.524618 1.0
0 0.389648 0.508398 0.003906 0.00646 0.0 0.0 0.0 0.0 0.0 0.0 0.0 0.0 0.0 0.0 0.0 0.0 0.0 0.0 0.0
0 0.379883 0.512274 0.003906 0.00646 0.0 0.0 0.0 0.0 0.0 0.0 0.0 0.0 0.0 0.0 0.0 0.0 0.0 0.0 0.0
0 0.435547 0.510982 0.011719 0.01938 0.0 0.0 0.0 0.0 0.0 0.0 0.0 0.0 0.0 0.0 0.0 0.0 0.0 0.0 0.0
0 0.459473 0.514858 0.012695 0.021964 0.458356 0.51255 1.0 0.46296 0.513519 1.0 0.46003 0.517119 1.0 0.457833 0.520164 1.0 0.460973 0.520718 1.0
0 0.471191 0.52261 0.012695 0.016796 0.0 0.0 0.0 0.0 0.0 0.0 0.0 0.0 0.0 0.0 0.0 0.0 0.0 0.0 0.0
0 0.502441 0.518088 0.010742 0.018088 0.498901 0.514488 1.0 0.500994 0.51495 1.0 0.498378 0.519218 1.0 0.49864 0.522217 1.0 0.500122 0.522333 1.0
0 0.3125 0.578811 0.017578 0.031008 0.308201 0.573908 1.0 0.317392 0.57332 1.0 0.312944 0.581164 1.0 0.308942 0.584302 1.0 0.316947 0.584106 1.0
0 0.351562 0.563307 0.005859 0.010336 0.0 0.0 0.0 0.0 0.0 0.0 0.0 0.0 0.0 0.0 0.0 0.0 0.0 0.0 0.0
0 0.381348 0.569767 0.004883 0.010336 0.0 0.0 0.0 0.0 0.0 0.0 0.0 0.0 0.0 0.0 0.0 0.0 0.0 0.0 0.0
0 0.387695 0.565891 0.005859 0.007752 0.0 0.0 0.0 0.0 0.0 0.0 0.0 0.0 0.0 0.0 0.0 0.0 0.0 0.0 0.0
0 0.394531 0.571059 0.005859 0.010336 0.0 0.0 0.0 0.0 0.0 0.0 0.0 0.0 0.0 0.0 0.0 0.0 0.0 0.0 0.0
0 0.426758 0.587855 0.035156 0.046512 0.0 0.0 0.0 0.0 0.0 0.0 0.0 0.0 0.0 0.0 0.0 0.0 0.0 0.0 0.0
0 0.455078 0.556848 0.003906 0.007752 0.0 0.0 0.0 0.0 0.0 0.0 0.0 0.0 0.0 0.0 0.0 0.0 0.0 0.0 0.0
0 0.496582 0.554264 0.008789 0.015504 0.0 0.0 0.0 0.0 0.0 0.0 0.0 0.0 0.0 0.0 0.0 0.0 0.0 0.0 0.0
0 0.272949 0.618863 0.008789 0.01292 0.0 0.0 0.0 0.0 0.0 0.0 0.0 0.0 0.0 0.0 0.0 0.0 0.0 0.0 0.0
0 0.317871 0.624031 0.008789 0.01292 0.0 0.0 0.0 0.0 0.0 0.0 0.0 0.0 0.0 0.0 0.0 0.0 0.0 0.0 0.0
0 0.34668 0.620801 0.007812 0.014212 0.0 0.0 0.0 0.0 0.0 0.0 0.0 0.0 0.0 0.0 0.0 0.0 0.0 0.0 0.0
0 0.353027 0.610465 0.006836 0.011628 0.0 0.0 0.0 0.0 0.0 0.0 0.0 0.0 0.0 0.0 0.0 0.0 0.0 0.0 0.0
0 0.389648 0.619509 0.015625 0.0323 0.0 0.0 0.0 0.0 0.0 0.0 0.0 0.0 0.0 0.0 0.0 0.0 0.0 0.0 0.0
0 0.024414 0.260336 0.003906 0.009044 0.0 0.0 0.0 0.0 0.0 0.0 0.0 0.0 0.0 0.0 0.0 0.0 0.0 0.0 0.0
0 0.015625 0.27907 0.005859 0.01292 0.0 0.0 0.0 0.0 0.0 0.0 0.0 0.0 0.0 0.0 0.0 0.0 0.0 0.0 0.0
0 0.055664 0.277132 0.011719 0.021964 0.052996 0.274248 1.0 0.058228 0.273815 1.0 0.05583 0.278718 1.0 0.054521 0.282178 1.0 0.058445 0.281169 1.0
0 0.085938 0.266796 0.015625 0.027132 0.082288 0.263041 1.0 0.089181 0.262683 1.0 0.085396 0.267154 1.0 0.083505 0.27216 1.0 0.088235 0.271266 1.0
0 0.119141 0.266796 0.005859 0.014212 0.0 0.0 0.0 0.0 0.0 0.0 0.0 0.0 0.0 0.0 0.0 0.0 0.0 0.0 0.0
0 0.125977 0.267442 0.005859 0.01292 0.0 0.0 0.0 0.0 0.0 0.0 0.0 0.0 0.0 0.0 0.0 0.0 0.0 0.0 0.0
0 0.131836 0.277778 0.007812 0.010336 0.0 0.0 0.0 0.0 0.0 0.0 0.0 0.0 0.0 0.0 0.0 0.0 0.0 0.0 0.0
0 0.138672 0.276486 0.007812 0.01292 0.0 0.0 0.0 0.0 0.0 0.0 0.0 0.0 0.0 0.0 0.0 0.0 0.0 0.0 0.0
0 0.171875 0.266796 0.005859 0.011628 0.0 0.0 0.0 0.0 0.0 0.0 0.0 0.0 0.0 0.0 0.0 0.0 0.0 0.0 0.0
0 0.152344 0.26615 0.005859 0.015504 0.0 0.0 0.0 0.0 0.0 0.0 0.0 0.0 0.0 0.0 0.0 0.0 0.0 0.0 0.0
0 0.199219 0.264858 0.005859 0.015504 0.0 0.0 0.0 0.0 0.0 0.0 0.0 0.0 0.0 0.0 0.0 0.0 0.0 0.0 0.0
0 0.20459 0.265504 0.006836 0.016796 0.0 0.0 0.0 0.0 0.0 0.0 0.0 0.0 0.0 0.0 0.0 0.0 0.0 0.0 0.0
0 0.233398 0.281654 0.021484 0.046512 0.226907 0.279537 1.0 0.236912 0.27836 1.0 0.230909 0.289539 1.0 0.228019 0.293362 1.0 0.236245 0.292479 1.0
0 0.015625 0.310078 0.007812 0.01292 0.0 0.0 0.0 0.0 0.0 0.0 0.0 0.0 0.0 0.0 0.0 0.0 0.0 0.0 0.0
0 0.029297 0.310724 0.009766 0.016796 0.0 0.0 0.0 0.0 0.0 0.0 0.0 0.0 0.0 0.0 0.0 0.0 0.0 0.0 0.0
0 0.091797 0.319121 0.007812 0.015504 0.0 0.0 0.0 0.0 0.0 0.0 0.0 0.0 0.0 0.0 0.0 0.0 0.0 0.0 0.0
0 0.098145 0.315245 0.008789 0.01292 0.0 0.0 0.0 0.0 0.0 0.0 0.0 0.0 0.0 0.0 0.0 0.0 0.0 0.0 0.0
0 0.120117 0.313307 0.007812 0.014212 0.0 0.0 0.0 0.0 0.0 0.0 0.0 0.0 0.0 0.0 0.0 0.0 0.0 0.0 0.0
0 0.138184 0.320413 0.008789 0.015504 0.135437 0.319329 1.0 0.139047 0.318913 1.0 0.137398 0.32182 1.0 0.136692 0.324727 1.0 0.139282 0.324416 1.0
0 0.177246 0.327519 0.018555 0.037468 0.0 0.0 0.0 0.0 0.0 0.0 0.0 0.0 0.0 0.0 0.0 0.0 0.0 0.0 0.0
0 0.192871 0.316537 0.012695 0.02584 0.190343 0.310539 1.0 0.197549 0.310707 1.0 0.194641 0.314888 1.0 0.191733 0.319739 1.0 0.196032 0.319906 1.0
0 0.23877 0.322351 0.016602 0.0323 0.235456 0.319421 1.0 0.242833 0.319837 1.0 0.23938 0.325651 1.0 0.235771 0.328765 1.0 0.242362 0.328765 1.0
0 0.013184 0.575581 0.014648 0.029716 0.010307 0.572576 1.0 0.016492 0.572766 1.0 0.013759 0.579429 1.0 0.009875 0.581142 1.0 0.017355 0.580951 1.0
0 0.085449 0.572351 0.008789 0.010336 0.0 0.0 0.0 0.0 0.0 0.0 0.0 0.0 0.0 0.0 0.0 0.0 0.0 0.0 0.0
0 0.099121 0.560724 0.010742 0.015504 0.0 0.0 0.0 0.0 0.0 0.0 0.0 0.0 0.0 0.0 0.0 0.0 0.0 0.0 0.0
0 0.130371 0.569121 0.032227 0.037468 0.129189 0.560718 1.0 0.144763 0.561531 1.0 0.137181 0.571291 1.0 0.128575 0.578881 1.0 0.136771 0.579151 1.0
0 0.196289 0.558786 0.009766 0.01938 0.0 0.0 0.0 0.0 0.0 0.0 0.0 0.0 0.0 0.0 0.0 0.0 0.0 0.0 0.0
0 0.208008 0.556848 0.011719 0.015504 0.0 0.0 0.0 0.0 0.0 0.0 0.0 0.0 0.0 0.0 0.0 0.0 0.0 0.0 0.0
0 0.23584 0.563307 0.006836 0.010336 0.0 0.0 0.0 0.0 0.0 0.0 0.0 0.0 0.0 0.0 0.0 0.0 0.0 0.0 0.0
0 0.243164 0.563953 0.007812 0.011628 0.0 0.0 0.0 0.0 0.0 0.0 0.0 0.0 0.0 0.0 0.0 0.0 0.0 0.0 0.0
0 0.02832 0.619509 0.015625 0.027132 0.022601 0.617997 1.0 0.028748 0.617651 1.0 0.024432 0.623362 1.0 0.025086 0.627169 1.0 0.028617 0.62665 1.0
0 0.043945 0.619509 0.005859 0.011628 0.0 0.0 0.0 0.0 0.0 0.0 0.0 0.0 0.0 0.0 0.0 0.0 0.0 0.0 0.0
0 0.052246 0.612403 0.006836 0.010336 0.0 0.0 0.0 0.0 0.0 0.0 0.0 0.0 0.0 0.0 0.0 0.0 0.0 0.0 0.0
0 0.091797 0.627261 0.023438 0.042636 0.083728 0.622444 1.0 0.093768 0.621632 1.0 0.086186 0.630306 1.0 0.085981 0.637354 1.0 0.091104 0.637897 1.0
0 0.121582 0.628553 0.014648 0.029716 0.119511 0.625127 1.0 0.125985 0.625508 1.0 0.123252 0.630647 1.0 0.119942 0.635214 1.0 0.124979 0.635786 1.0
0 0.138184 0.618863 0.014648 0.031008 0.133545 0.616705 1.0 0.140809 0.614941 1.0 0.137251 0.620432 1.0 0.133842 0.626315 1.0 0.142587 0.623961 1.0
0 0.158203 0.625969 0.013672 0.027132 0.162911 0.619094 1.0 0.164351 0.619266 1.0 0.165135 0.623593 1.0 0.161865 0.630514 1.0 0.16265 0.630514 1.0
0 0.172363 0.628553 0.012695 0.024548 0.172119 0.626938 1.0 0.176392 0.628391 1.0 0.173828 0.632267 1.0 0.171631 0.636143 1.0 0.174805 0.637112 1.0
0 0.231445 0.610465 0.005859 0.009044 0.0 0.0 0.0 0.0 0.0 0.0 0.0 0.0 0.0 0.0 0.0 0.0 0.0 0.0 0.0
0 0.239746 0.605297 0.006836 0.009044 0.0 0.0 0.0 0.0 0.0 0.0 0.0 0.0 0.0 0.0 0.0 0.0 0.0 0.0 0.0
0 0.25293 0.611757 0.007812 0.011628 0.0 0.0 0.0 0.0 0.0 0.0 0.0 0.0 0.0 0.0 0.0 0.0 0.0 0.0 0.0
0 0.008301 0.670543 0.012695 0.028424 0.007255 0.669251 1.0 0.014648 0.667404 1.0 0.012138 0.674049 1.0 0.009068 0.679956 1.0 0.013812 0.679217 1.0
0 0.024902 0.676357 0.014648 0.027132 0.021145 0.671731 1.0 0.027422 0.672249 1.0 0.023368 0.677614 1.0 0.021275 0.682459 1.0 0.02533 0.682805 1.0
0 0.054688 0.661499 0.007812 0.01292 0.052726 0.660247 1.0 0.054818 0.660853 1.0 0.052987 0.662236 1.0 0.052726 0.663795 1.0 0.053511 0.664141 1.0
0 0.089844 0.665375 0.011719 0.018088 0.088597 0.666009 1.0 0.093584 0.664486 1.0 0.091954 0.668039 1.0 0.090516 0.671592 1.0 0.093872 0.670704 1.0
0 0.130859 0.655039 0.005859 0.010336 0.0 0.0 0.0 0.0 0.0 0.0 0.0 0.0 0.0 0.0 0.0 0.0 0.0 0.0 0.0
0 0.134766 0.667959 0.007812 0.01292 0.0 0.0 0.0 0.0 0.0 0.0 0.0 0.0 0.0 0.0 0.0 0.0 0.0 0.0 0.0
0 0.166504 0.662791 0.006836 0.010336 0.0 0.0 0.0 0.0 0.0 0.0 0.0 0.0 0.0 0.0 0.0 0.0 0.0 0.0 0.0
0 0.175293 0.658269 0.008789 0.011628 0.0 0.0 0.0 0.0 0.0 0.0 0.0 0.0 0.0 0.0 0.0 0.0 0.0 0.0 0.0
0 0.194824 0.669251 0.004883 0.007752 0.0 0.0 0.0 0.0 0.0 0.0 0.0 0.0 0.0 0.0 0.0 0.0 0.0 0.0 0.0
0 0.235352 0.656977 0.005859 0.011628 0.0 0.0 0.0 0.0 0.0 0.0 0.0 0.0 0.0 0.0 0.0 0.0 0.0 0.0 0.0
0 0.241699 0.658269 0.006836 0.011628 0.0 0.0 0.0 0.0 0.0 0.0 0.0 0.0 0.0 0.0 0.0 0.0 0.0 0.0 0.0
0 0.007812 0.728682 0.007812 0.015504 0.0 0.0 0.0 0.0 0.0 0.0 0.0 0.0 0.0 0.0 0.0 0.0 0.0 0.0 0.0
0 0.992188 0.319121 0.003906 0.005168 0.0 0.0 0.0 0.0 0.0 0.0 0.0 0.0 0.0 0.0 0.0 0.0 0.0 0.0 0.0
0 0.98291 0.356589 0.004883 0.007752 0.0 0.0 0.0 0.0 0.0 0.0 0.0 0.0 0.0 0.0 0.0 0.0 0.0 0.0 0.0
0 0.418945 0.031008 0.019531 0.02584 0.0 0.0 0.0 0.0 0.0 0.0 0.0 0.0 0.0 0.0 0.0 0.0 0.0 0.0 0.0
0 0.456055 0.017442 0.005859 0.011628 0.0 0.0 0.0 0.0 0.0 0.0 0.0 0.0 0.0 0.0 0.0 0.0 0.0 0.0 0.0
0 0.463379 0.015504 0.008789 0.01292 0.0 0.0 0.0 0.0 0.0 0.0 0.0 0.0 0.0 0.0 0.0 0.0 0.0 0.0 0.0
0 0.492676 0.01615 0.012695 0.024548 0.489318 0.011997 1.0 0.496233 0.012147 1.0 0.492606 0.017845 1.0 0.489659 0.022044 1.0 0.49442 0.022195 1.0
0 0.507812 0.020672 0.013672 0.02584 0.0 0.0 0.0 0.0 0.0 0.0 0.0 0.0 0.0 0.0 0.0 0.0 0.0 0.0 0.0
0 0.280762 0.078811 0.024414 0.036176 0.282366 0.076965 1.0 0.288644 0.083656 1.0 0.285156 0.08827 1.0 0.277832 0.0915 1.0 0.281494 0.096115 1.0
0 0.324707 0.070413 0.006836 0.009044 0.0 0.0 0.0 0.0 0.0 0.0 0.0 0.0 0.0 0.0 0.0 0.0 0.0 0.0 0.0
0 0.302246 0.077519 0.004883 0.010336 0.0 0.0 0.0 0.0 0.0 0.0 0.0 0.0 0.0 0.0 0.0 0.0 0.0 0.0 0.0
0 0.348633 0.076873 0.017578 0.0323 0.344396 0.072075 1.0 0.353027 0.072075 1.0 0.348162 0.078512 1.0 0.346122 0.08391 1.0 0.351929 0.083287 1.0
0 0.384277 0.067183 0.004883 0.010336 0.0 0.0 0.0 0.0 0.0 0.0 0.0 0.0 0.0 0.0 0.0 0.0 0.0 0.0 0.0
0 0.165039 0.523256 0.015625 0.028424 0.162249 0.51901 1.0 0.169922 0.519195 1.0 0.166016 0.525102 1.0 0.163783 0.528978 1.0 0.168248 0.528978 1.0
0 0.228027 0.52584 0.010742 0.023256 0.227875 0.525661 1.0 0.233761 0.525505 1.0 0.231759 0.530177 1.0 0.227169 0.531579 1.0 0.233878 0.532047 1.0
0 0.23877 0.526486 0.010742 0.021964 0.0 0.0 0.0 0.0 0.0 0.0 0.0 0.0 0.0 0.0 0.0 0.0 0.0 0.0 0.0
0 0.025879 0.712532 0.010742 0.01938 0.023285 0.708818 1.0 0.028961 0.709302 1.0 0.025116 0.712331 1.0 0.022919 0.716085 1.0 0.027313 0.71657 1.0
0 0.049805 0.718346 0.009766 0.01292 0.0 0.0 0.0 0.0 0.0 0.0 0.0 0.0 0.0 0.0 0.0 0.0 0.0 0.0 0.0
0 0.063477 0.713178 0.009766 0.010336 0.0 0.0 0.0 0.0 0.0 0.0 0.0 0.0 0.0 0.0 0.0 0.0 0.0 0.0 0.0
0 0.089355 0.726098 0.012695 0.023256 0.087394 0.723999 1.0 0.093175 0.723399 1.0 0.091701 0.726997 1.0 0.088641 0.731196 1.0 0.093401 0.730897 1.0
0 0.101562 0.718346 0.015625 0.020672 0.097164 0.716656 1.0 0.101676 0.712544 1.0 0.099068 0.717452 1.0 0.100874 0.722625 1.0 0.103982 0.719575 1.0
0 0.117188 0.72416 0.005859 0.009044 0.0 0.0 0.0 0.0 0.0 0.0 0.0 0.0 0.0 0.0 0.0 0.0 0.0 0.0 0.0
0 0.133301 0.72416 0.010742 0.01938 0.0 0.0 0.0 0.0 0.0 0.0 0.0 0.0 0.0 0.0 0.0 0.0 0.0 0.0 0.0
0 0.15918 0.718992 0.011719 0.021964 0.157218 0.716252 1.0 0.162231 0.715964 1.0 0.159725 0.720001 1.0 0.15798 0.724472 1.0 0.161251 0.724472 1.0
0 0.170898 0.718992 0.011719 0.021964 0.167524 0.718133 1.0 0.171447 0.716979 1.0 0.169813 0.721593 1.0 0.169595 0.723612 1.0 0.172864 0.722026 1.0
0 0.210449 0.72093 0.006836 0.015504 0.0 0.0 0.0 0.0 0.0 0.0 0.0 0.0 0.0 0.0 0.0 0.0 0.0 0.0 0.0
0 0.23584 0.715116 0.004883 0.009044 0.0 0.0 0.0 0.0 0.0 0.0 0.0 0.0 0.0 0.0 0.0 0.0 0.0 0.0 0.0
0 0.04248 0.760336 0.010742 0.021964 0.0 0.0 0.0 0.0 0.0 0.0 0.0 0.0 0.0 0.0 0.0 0.0 0.0 0.0 0.0
0 0.058105 0.761628 0.014648 0.021964 0.057125 0.758888 1.0 0.062684 0.761628 1.0 0.058433 0.763214 1.0 0.055599 0.765233 1.0 0.059413 0.767107 1.0
0 0.09082 0.762274 0.007812 0.01292 0.0 0.0 0.0 0.0 0.0 0.0 0.0 0.0 0.0 0.0 0.0 0.0 0.0 0.0 0.0
0 0.131348 0.76615 0.010742 0.015504 0.0 0.0 0.0 0.0 0.0 0.0 0.0 0.0 0.0 0.0 0.0 0.0 0.0 0.0 0.0
0 0.168457 0.754522 0.004883 0.007752 0.0 0.0 0.0 0.0 0.0 0.0 0.0 0.0 0.0 0.0 0.0 0.0 0.0 0.0 0.0
0 0.432617 0.217054 0.009766 0.015504 0.0 0.0 0.0 0.0 0.0 0.0 0.0 0.0 0.0 0.0 0.0 0.0 0.0 0.0 0.0
0 0.455078 0.22739 0.009766 0.023256 0.453456 0.226698 1.0 0.457877 0.227748 1.0 0.455383 0.230747 1.0 0.453116 0.234047 1.0 0.45595 0.234646 1.0
0 0.465332 0.218992 0.014648 0.024548 0.0 0.0 0.0 0.0 0.0 0.0 0.0 0.0 0.0 0.0 0.0 0.0 0.0 0.0 0.0
0 0.496094 0.206718 0.011719 0.015504 0.493312 0.204745 1.0 0.498021 0.205888 1.0 0.495274 0.207652 1.0 0.493233 0.21004 1.0 0.495588 0.210559 1.0
0 0.527344 0.22739 0.013672 0.028424 0.5256 0.223145 1.0 0.532994 0.22536 1.0 0.530064 0.228497 1.0 0.525879 0.233665 1.0 0.531459 0.233112 1.0
0 0.541992 0.22416 0.013672 0.029716 0.537907 0.221686 1.0 0.54582 0.221876 1.0 0.540929 0.226255 1.0 0.539202 0.234438 1.0 0.543662 0.234248 1.0
0 0.282715 0.270672 0.012695 0.016796 0.0 0.0 0.0 0.0 0.0 0.0 0.0 0.0 0.0 0.0 0.0 0.0 0.0 0.0 0.0
0 0.312012 0.281654 0.026367 0.036176 0.302765 0.285501 1.0 0.312774 0.276041 1.0 0.309021 0.288339 1.0 0.310451 0.295433 1.0 0.317779 0.28692 1.0
0 0.349121 0.276486 0.022461 0.033592 0.342163 0.27081 1.0 0.352104 0.269714 1.0 0.346305 0.277385 1.0 0.343654 0.283084 1.0 0.352269 0.282866 1.0
0 0.378906 0.266796 0.009766 0.01938 0.37909 0.266531 1.0 0.383598 0.2678 1.0 0.381775 0.269703 1.0 0.37909 0.271479 1.0 0.382638 0.272621 1.0
0 0.388184 0.265504 0.008789 0.016796 0.387957 0.263935 1.0 0.391619 0.26405 1.0 0.389701 0.266819 1.0 0.388219 0.269357 1.0 0.390572 0.269472 1.0
0 0.397461 0.263566 0.009766 0.018088 0.0 0.0 0.0 0.0 0.0 0.0 0.0 0.0 0.0 0.0 0.0 0.0 0.0 0.0 0.0
0 0.426758 0.265504 0.013672 0.024548 0.422607 0.262435 1.0 0.429077 0.265504 1.0 0.424805 0.269057 1.0 0.421875 0.270026 1.0 0.42688 0.272287 1.0
0 0.452637 0.260982 0.008789 0.015504 0.0 0.0 0.0 0.0 0.0 0.0 0.0 0.0 0.0 0.0 0.0 0.0 0.0 0.0 0.0
0 0.460449 0.264212 0.010742 0.016796 0.0 0.0 0.0 0.0 0.0 0.0 0.0 0.0 0.0 0.0 0.0 0.0 0.0 0.0 0.0
0 0.490234 0.265504 0.007812 0.014212 0.0 0.0 0.0 0.0 0.0 0.0 0.0 0.0 0.0 0.0 0.0 0.0 0.0 0.0 0.0
0 0.498535 0.26938 0.008789 0.016796 0.496163 0.268273 1.0 0.498779 0.268965 1.0 0.4966 0.271733 1.0 0.495204 0.273925 1.0 0.49782 0.274386 1.0
0 0.279297 0.324289 0.013672 0.02584 0.277893 0.323344 1.0 0.283125 0.323517 1.0 0.281032 0.326977 1.0 0.278285 0.331822 1.0 0.281555 0.331822 1.0
0 0.294434 0.319121 0.010742 0.020672 0.0 0.0 0.0 0.0 0.0 0.0 0.0 0.0 0.0 0.0 0.0 0.0 0.0 0.0 0.0
0 0.308105 0.324935 0.012695 0.01938 0.306466 0.322894 1.0 0.3127 0.322766 1.0 0.310111 0.326193 1.0 0.308097 0.331014 1.0 0.311934 0.331014 1.0
0 0.320801 0.323643 0.010742 0.01938 0.31839 0.320898 1.0 0.323059 0.320898 1.0 0.321045 0.324652 1.0 0.318939 0.327559 1.0 0.323334 0.327681 1.0
0 0.352539 0.333979 0.019531 0.034884 0.3478 0.330829 1.0 0.356302 0.330155 1.0 0.35086 0.339828 1.0 0.3478 0.345677 1.0 0.357151 0.345226 1.0
0 0.399414 0.309432 0.005859 0.009044 0.0 0.0 0.0 0.0 0.0 0.0 0.0 0.0 0.0 0.0 0.0 0.0 0.0 0.0 0.0
0 0.41748 0.321705 0.018555 0.033592 0.413604 0.318712 1.0 0.421993 0.315084 1.0 0.420702 0.326609 1.0 0.41796 0.331089 1.0 0.423122 0.330023 1.0
0 0.435059 0.321059 0.016602 0.0323 0.429408 0.316578 1.0 0.438119 0.318286 1.0 0.431344 0.326394 1.0 0.429569 0.331089 1.0 0.43457 0.331943 1.0
0 0.420898 0.620155 0.009766 0.020672 0.419154 0.619601 1.0 0.422503 0.619463 1.0 0.420934 0.623062 1.0 0.419259 0.625415 1.0 0.422398 0.625415 1.0
0 0.430176 0.615633 0.010742 0.014212 0.427612 0.614261 1.0 0.431466 0.613672 1.0 0.429613 0.61681 1.0 0.428354 0.619654 1.0 0.431466 0.619163 1.0
0 0.458984 0.636305 0.019531 0.0323 0.453491 0.633375 1.0 0.462751 0.63109 1.0 0.457572 0.640019 1.0 0.456787 0.645419 1.0 0.460868 0.645003 1.0
0 0.508789 0.627261 0.015625 0.029716 0.503928 0.622543 1.0 0.509396 0.623114 1.0 0.503209 0.628824 1.0 0.503353 0.634344 1.0 0.505367 0.634534 1.0
0 0.279297 0.665375 0.011719 0.020672 0.277605 0.663535 1.0 0.282117 0.664066 1.0 0.279711 0.666851 1.0 0.277605 0.670168 1.0 0.281115 0.670433 1.0
0 0.309082 0.668605 0.022461 0.040052 0.302839 0.659584 1.0 0.313006 0.664152 1.0 0.303606 0.67278 1.0 0.30188 0.678618 1.0 0.30821 0.682424 1.0
0 0.720703 0.821059 0.015625 0.0323 0.716151 0.818752 1.0 0.722743 0.818545 1.0 0.718192 0.825397 1.0 0.717094 0.829134 1.0 0.7229 0.829342 1.0
0 0.566406 0.863049 0.007812 0.01292 0.0 0.0 0.0 0.0 0.0 0.0 0.0 0.0 0.0 0.0 0.0 0.0 0.0 0.0 0.0
0 0.577637 0.861757 0.006836 0.01292 0.0 0.0 0.0 0.0 0.0 0.0 0.0 0.0 0.0 0.0 0.0 0.0 0.0 0.0 0.0
0 0.609863 0.875323 0.020508 0.034884 0.605848 0.871274 1.0 0.615369 0.871724 1.0 0.609419 0.878473 1.0 0.604998 0.881846 1.0 0.612989 0.882747 1.0
0 0.640625 0.872093 0.015625 0.031008 0.0 0.0 0.0 0.0 0.0 0.0 0.0 0.0 0.0 0.0 0.0 0.0 0.0 0.0 0.0
0 0.745117 0.866925 0.005859 0.010336 0.0 0.0 0.0 0.0 0.0 0.0 0.0 0.0 0.0 0.0 0.0 0.0 0.0 0.0 0.0
0 0.755371 0.868217 0.006836 0.010336 0.0 0.0 0.0 0.0 0.0 0.0 0.0 0.0 0.0 0.0 0.0 0.0 0.0 0.0 0.0
0 0.771484 0.867571 0.005859 0.011628 0.0 0.0 0.0 0.0 0.0 0.0 0.0 0.0 0.0 0.0 0.0 0.0 0.0 0.0 0.0
0 0.531738 0.914729 0.008789 0.015504 0.0 0.0 0.0 0.0 0.0 0.0 0.0 0.0 0.0 0.0 0.0 0.0 0.0 0.0 0.0
0 0.543945 0.906977 0.007812 0.018088 0.0 0.0 0.0 0.0 0.0 0.0 0.0 0.0 0.0 0.0 0.0 0.0 0.0 0.0 0.0
0 0.570801 0.917959 0.014648 0.024548 0.565778 0.916955 1.0 0.571342 0.916453 1.0 0.567043 0.921973 1.0 0.566663 0.927995 1.0 0.570203 0.927995 1.0
0 0.610352 0.910853 0.003906 0.007752 0.0 0.0 0.0 0.0 0.0 0.0 0.0 0.0 0.0 0.0 0.0 0.0 0.0 0.0 0.0
0 0.614746 0.912145 0.004883 0.007752 0.0 0.0 0.0 0.0 0.0 0.0 0.0 0.0 0.0 0.0 0.0 0.0 0.0 0.0 0.0
0 0.64209 0.912145 0.008789 0.018088 0.0 0.0 0.0 0.0 0.0 0.0 0.0 0.0 0.0 0.0 0.0 0.0 0.0 0.0 0.0
0 0.653809 0.910853 0.008789 0.018088 0.0 0.0 0.0 0.0 0.0 0.0 0.0 0.0 0.0 0.0 0.0 0.0 0.0 0.0 0.0
0 0.684082 0.914729 0.006836 0.01292 0.0 0.0 0.0 0.0 0.0 0.0 0.0 0.0 0.0 0.0 0.0 0.0 0.0 0.0 0.0
0 0.689941 0.917959 0.006836 0.011628 0.0 0.0 0.0 0.0 0.0 0.0 0.0 0.0 0.0 0.0 0.0 0.0 0.0 0.0 0.0
0 0.72168 0.901809 0.005859 0.010336 0.0 0.0 0.0 0.0 0.0 0.0 0.0 0.0 0.0 0.0 0.0 0.0 0.0 0.0 0.0
0 0.74707 0.916667 0.009766 0.024548 0.746094 0.916182 1.0 0.751221 0.916505 1.0 0.74939 0.920058 1.0 0.747803 0.922319 1.0 0.750732 0.922319 1.0
0 0.757812 0.912145 0.011719 0.023256 0.755511 0.909953 1.0 0.760611 0.910403 1.0 0.757891 0.913102 1.0 0.755624 0.916252 1.0 0.759478 0.916702 1.0
0 0.768066 0.916667 0.010742 0.021964 0.0 0.0 0.0 0.0 0.0 0.0 0.0 0.0 0.0 0.0 0.0 0.0 0.0 0.0 0.0
0 0.526367 0.95478 0.003906 0.005168 0.0 0.0 0.0 0.0 0.0 0.0 0.0 0.0 0.0 0.0 0.0 0.0 0.0 0.0 0.0
0 0.531738 0.957364 0.00293 0.005168 0.0 0.0 0.0 0.0 0.0 0.0 0.0 0.0 0.0 0.0 0.0 0.0 0.0 0.0 0.0
0 0.539062 0.95801 0.003906 0.00646 0.0 0.0 0.0 0.0 0.0 0.0 0.0 0.0 0.0 0.0 0.0 0.0 0.0 0.0 0.0
0 0.545898 0.955426 0.003906 0.00646 0.0 0.0 0.0 0.0 0.0 0.0 0.0 0.0 0.0 0.0 0.0 0.0 0.0 0.0 0.0
0 0.608887 0.958656 0.004883 0.007752 0.0 0.0 0.0 0.0 0.0 0.0 0.0 0.0 0.0 0.0 0.0 0.0 0.0 0.0 0.0
0 0.644531 0.965762 0.017578 0.029716 0.639928 0.965001 1.0 0.647696 0.963859 1.0 0.644243 0.968618 1.0 0.640935 0.974137 1.0 0.64784 0.972995 1.0
0 0.674316 0.970284 0.022461 0.028424 0.670175 0.97409 1.0 0.676361 0.967049 1.0 0.675354 0.976946 1.0 0.676937 0.982275 1.0 0.680821 0.97409 1.0
0 0.717285 0.97093 0.004883 0.009044 0.0 0.0 0.0 0.0 0.0 0.0 0.0 0.0 0.0 0.0 0.0 0.0 0.0 0.0 0.0
0 0.722656 0.960594 0.005859 0.011628 0.0 0.0 0.0 0.0 0.0 0.0 0.0 0.0 0.0 0.0 0.0 0.0 0.0 0.0 0.0
0 0.800293 0.017442 0.018555 0.029716 0.0 0.0 0.0 0.0 0.0 0.0 0.0 0.0 0.0 0.0 0.0 0.0 0.0 0.0 0.0
0 0.378418 0.675711 0.018555 0.03876 0.375366 0.669089 1.0 0.384338 0.671755 1.0 0.378662 0.676841 1.0 0.372803 0.682413 1.0 0.380493 0.683866 1.0
0 0.395996 0.669897 0.018555 0.0323 0.390777 0.670018 1.0 0.39917 0.665778 1.0 0.395966 0.675266 1.0 0.395355 0.680111 1.0 0.400695 0.676478 1.0
0 0.425293 0.667313 0.010742 0.024548 0.0 0.0 0.0 0.0 0.0 0.0 0.0 0.0 0.0 0.0 0.0 0.0 0.0 0.0 0.0
0 0.458984 0.678941 0.005859 0.009044 0.0 0.0 0.0 0.0 0.0 0.0 0.0 0.0 0.0 0.0 0.0 0.0 0.0 0.0 0.0
0 0.467773 0.653747 0.005859 0.010336 0.0 0.0 0.0 0.0 0.0 0.0 0.0 0.0 0.0 0.0 0.0 0.0 0.0 0.0 0.0
0 0.477051 0.672481 0.006836 0.014212 0.0 0.0 0.0 0.0 0.0 0.0 0.0 0.0 0.0 0.0 0.0 0.0 0.0 0.0 0.0
0 0.5 0.671189 0.011719 0.01938 0.0 0.0 0.0 0.0 0.0 0.0 0.0 0.0 0.0 0.0 0.0 0.0 0.0 0.0 0.0
0 0.27002 0.720284 0.008789 0.01938 0.0 0.0 0.0 0.0 0.0 0.0 0.0 0.0 0.0 0.0 0.0 0.0 0.0 0.0 0.0
0 0.279785 0.718346 0.014648 0.02584 0.274619 0.7177 1.0 0.278918 0.717534 1.0 0.274492 0.720879 1.0 0.275504 0.725059 1.0 0.27955 0.724391 1.0
0 0.344238 0.71447 0.004883 0.007752 0.0 0.0 0.0 0.0 0.0 0.0 0.0 0.0 0.0 0.0 0.0 0.0 0.0 0.0 0.0
0 0.36084 0.7177 0.004883 0.00646 0.0 0.0 0.0 0.0 0.0 0.0 0.0 0.0 0.0 0.0 0.0 0.0 0.0 0.0 0.0
0 0.392578 0.722868 0.015625 0.029716 0.387285 0.71815 1.0 0.394623 0.716818 1.0 0.39045 0.721957 1.0 0.389156 0.727477 1.0 0.395342 0.726335 1.0
0 0.302734 0.73062 0.011719 0.016796 0.298671 0.725129 1.0 0.305473 0.725475 1.0 0.301636 0.730089 1.0 0.299456 0.734934 1.0 0.303729 0.734934 1.0
0 0.422363 0.719638 0.020508 0.036176 0.0 0.0 0.0 0.0 0.0 0.0 0.0 0.0 0.0 0.0 0.0 0.0 0.0 0.0 0.0
0 0.462891 0.725452 0.015625 0.024548 0.0 0.0 0.0 0.0 0.0 0.0 0.0 0.0 0.0 0.0 0.0 0.0 0.0 0.0 0.0
0 0.494629 0.726744 0.014648 0.029716 0.490312 0.723739 1.0 0.498226 0.722978 1.0 0.493478 0.730972 1.0 0.491896 0.733447 1.0 0.498369 0.732685 1.0
0 0.312988 0.776486 0.020508 0.03876 0.308263 0.772863 1.0 0.317823 0.773111 1.0 0.313324 0.7808 1.0 0.30845 0.787496 1.0 0.316511 0.787496 1.0
0 0.38623 0.77261 0.026367 0.046512 0.378894 0.771376 1.0 0.390678 0.770494 1.0 0.385119 0.781965 1.0 0.382006 0.787554 1.0 0.390899 0.787554 1.0
0 0.426758 0.761628 0.011719 0.024548 0.424051 0.760336 1.0 0.429583 0.758311 1.0 0.427464 0.764385 1.0 0.426404 0.767655 1.0 0.430643 0.76563 1.0
0 0.451172 0.767442 0.005859 0.010336 0.0 0.0 0.0 0.0 0.0 0.0 0.0 0.0 0.0 0.0 0.0 0.0 0.0 0.0 0.0
0 0.461914 0.767442 0.003906 0.007752 0.0 0.0 0.0 0.0 0.0 0.0 0.0 0.0 0.0 0.0 0.0 0.0 0.0 0.0 0.0
0 0.467285 0.773256 0.004883 0.009044 0.0 0.0 0.0 0.0 0.0 0.0 0.0 0.0 0.0 0.0 0.0 0.0 0.0 0.0 0.0
0 0.473633 0.771318 0.003906 0.007752 0.0 0.0 0.0 0.0 0.0 0.0 0.0 0.0 0.0 0.0 0.0 0.0 0.0 0.0 0.0
0 0.273926 0.815891 0.006836 0.011628 0.0 0.0 0.0 0.0 0.0 0.0 0.0 0.0 0.0 0.0 0.0 0.0 0.0 0.0 0.0
0 0.288574 0.815245 0.006836 0.01292 0.0 0.0 0.0 0.0 0.0 0.0 0.0 0.0 0.0 0.0 0.0 0.0 0.0 0.0 0.0
0 0.307617 0.822351 0.011719 0.021964 0.304295 0.820915 1.0 0.309963 0.819041 1.0 0.308109 0.82351 1.0 0.306257 0.828125 1.0 0.310835 0.826394 1.0
0 0.317871 0.815891 0.012695 0.024548 0.317749 0.814115 1.0 0.319214 0.813146 1.0 0.317139 0.818637 1.0 0.318359 0.822513 1.0 0.319702 0.821544 1.0
0 0.34375 0.812016 0.011719 0.01938 0.34246 0.810291 1.0 0.344967 0.809097 1.0 0.347172 0.81228 1.0 0.345268 0.816924 1.0 0.346671 0.816393 1.0
0 0.391113 0.826873 0.022461 0.031008 0.387216 0.818913 1.0 0.398629 0.821267 1.0 0.3927 0.826953 1.0 0.387957 0.83166 1.0 0.394183 0.83323 1.0
0 0.4375 0.813307 0.009766 0.021964 0.0 0.0 0.0 0.0 0.0 0.0 0.0 0.0 0.0 0.0 0.0 0.0 0.0 0.0 0.0
0 0.458496 0.822997 0.014648 0.020672 0.458797 0.821025 1.0 0.461504 0.82527 1.0 0.458296 0.826464 1.0 0.455789 0.82527 1.0 0.458696 0.829249 1.0
0 0.757812 0.956072 0.003906 0.005168 0.0 0.0 0.0 0.0 0.0 0.0 0.0 0.0 0.0 0.0 0.0 0.0 0.0 0.0 0.0
0 0.762207 0.953488 0.00293 0.005168 0.0 0.0 0.0 0.0 0.0 0.0 0.0 0.0 0.0 0.0 0.0 0.0 0.0 0.0 0.0
0 0.765137 0.96124 0.00293 0.005168 0.0 0.0 0.0 0.0 0.0 0.0 0.0 0.0 0.0 0.0 0.0 0.0 0.0 0.0 0.0
0 0.76709 0.955426 0.00293 0.003876 0.0 0.0 0.0 0.0 0.0 0.0 0.0 0.0 0.0 0.0 0.0 0.0 0.0 0.0 0.0
0 0.772461 0.95801 0.003906 0.003876 0.0 0.0 0.0 0.0 0.0 0.0 0.0 0.0 0.0 0.0 0.0 0.0 0.0 0.0 0.0
0 0.788086 0.706718 0.005859 0.007752 0.0 0.0 0.0 0.0 0.0 0.0 0.0 0.0 0.0 0.0 0.0 0.0 0.0 0.0 0.0
0 0.824219 0.716408 0.011719 0.016796 0.0 0.0 0.0 0.0 0.0 0.0 0.0 0.0 0.0 0.0 0.0 0.0 0.0 0.0 0.0
0 0.903809 0.71124 0.014648 0.01938 0.898607 0.708455 1.0 0.904022 0.707261 1.0 0.900513 0.711505 1.0 0.898607 0.71522 1.0 0.902017 0.714955 1.0
0 0.892578 0.70801 0.007812 0.015504 0.0 0.0 0.0 0.0 0.0 0.0 0.0 0.0 0.0 0.0 0.0 0.0 0.0 0.0 0.0
0 0.943359 0.723514 0.033203 0.05168 0.929958 0.721553 1.0 0.944122 0.712348 1.0 0.934183 0.725499 1.0 0.935673 0.739964 1.0 0.948844 0.731088 1.0
0 0.758301 0.666667 0.016602 0.023256 0.0 0.0 0.0 0.0 0.0 0.0 0.0 0.0 0.0 0.0 0.0 0.0 0.0 0.0 0.0
0 0.348145 0.764212 0.00293 0.00646 0.0 0.0 0.0 0.0 0.0 0.0 0.0 0.0 0.0 0.0 0.0 0.0 0.0 0.0 0.0
0 0.351562 0.764212 0.003906 0.00646 0.0 0.0 0.0 0.0 0.0 0.0 0.0 0.0 0.0 0.0 0.0 0.0 0.0 0.0 0.0
0 0.96875 0.313307 0.003906 0.00646 0.0 0.0 0.0 0.0 0.0 0.0 0.0 0.0 0.0 0.0 0.0 0.0 0.0 0.0 0.0
0 0.986816 0.316537 0.00293 0.005168 0.0 0.0 0.0 0.0 0.0 0.0 0.0 0.0 0.0 0.0 0.0 0.0 0.0 0.0 0.0
0 0.16748 0.02261 0.012695 0.021964 0.165087 0.02103 1.0 0.169883 0.02103 1.0 0.168029 0.02449 1.0 0.165087 0.027518 1.0 0.170318 0.027663 1.0
0 0.197754 0.020672 0.006836 0.01292 0.0 0.0 0.0 0.0 0.0 0.0 0.0 0.0 0.0 0.0 0.0 0.0 0.0 0.0 0.0
0 0.209473 0.01615 0.006836 0.014212 0.0 0.0 0.0 0.0 0.0 0.0 0.0 0.0 0.0 0.0 0.0 0.0 0.0 0.0 0.0
0 0.240234 0.020672 0.007812 0.015504 0.0 0.0 0.0 0.0 0.0 0.0 0.0 0.0 0.0 0.0 0.0 0.0 0.0 0.0 0.0
0 0.052734 0.072351 0.005859 0.010336 0.0 0.0 0.0 0.0 0.0 0.0 0.0 0.0 0.0 0.0 0.0 0.0 0.0 0.0 0.0
0 0.061523 0.063953 0.005859 0.009044 0.0 0.0 0.0 0.0 0.0 0.0 0.0 0.0 0.0 0.0 0.0 0.0 0.0 0.0 0.0
0 0.089355 0.084625 0.02832 0.04522 0.082306 0.078245 1.0 0.097046 0.078528 1.0 0.088715 0.088138 1.0 0.083588 0.093791 1.0 0.095551 0.093791 1.0
0 0.155762 0.072351 0.004883 0.010336 0.0 0.0 0.0 0.0 0.0 0.0 0.0 0.0 0.0 0.0 0.0 0.0 0.0 0.0 0.0
0 0.159668 0.081395 0.006836 0.010336 0.0 0.0 0.0 0.0 0.0 0.0 0.0 0.0 0.0 0.0 0.0 0.0 0.0 0.0 0.0
0 0.164062 0.065245 0.005859 0.011628 0.0 0.0 0.0 0.0 0.0 0.0 0.0 0.0 0.0 0.0 0.0 0.0 0.0 0.0 0.0
0 0.170898 0.078811 0.005859 0.010336 0.0 0.0 0.0 0.0 0.0 0.0 0.0 0.0 0.0 0.0 0.0 0.0 0.0 0.0 0.0
0 0.210938 0.071705 0.003906 0.009044 0.0 0.0 0.0 0.0 0.0 0.0 0.0 0.0 0.0 0.0 0.0 0.0 0.0 0.0 0.0
0 0.463867 0.318475 0.005859 0.009044 0.0 0.0 0.0 0.0 0.0 0.0 0.0 0.0 0.0 0.0 0.0 0.0 0.0 0.0 0.0
0 0.495605 0.310724 0.004883 0.009044 0.0 0.0 0.0 0.0 0.0 0.0 0.0 0.0 0.0 0.0 0.0 0.0 0.0 0.0 0.0
0 0.506348 0.315245 0.008789 0.01292 0.0 0.0 0.0 0.0 0.0 0.0 0.0 0.0 0.0 0.0 0.0 0.0 0.0 0.0 0.0
0 0.277832 0.371447 0.020508 0.037468 0.270447 0.36741 1.0 0.279236 0.363534 1.0 0.274292 0.371527 1.0 0.273926 0.379522 1.0 0.281066 0.376372 1.0
0 0.299316 0.367571 0.004883 0.009044 0.0 0.0 0.0 0.0 0.0 0.0 0.0 0.0 0.0 0.0 0.0 0.0 0.0 0.0 0.0
0 0.352051 0.361111 0.006836 0.011628 0.0 0.0 0.0 0.0 0.0 0.0 0.0 0.0 0.0 0.0 0.0 0.0 0.0 0.0 0.0
0 0.387207 0.380491 0.016602 0.027132 0.381914 0.377596 1.0 0.390416 0.375866 1.0 0.386361 0.384171 1.0 0.38453 0.388496 1.0 0.3895 0.387632 1.0
0 0.427246 0.365633 0.016602 0.023256 0.0 0.0 0.0 0.0 0.0 0.0 0.0 0.0 0.0 0.0 0.0 0.0 0.0 0.0 0.0
0 0.490234 0.361111 0.005859 0.009044 0.0 0.0 0.0 0.0 0.0 0.0 0.0 0.0 0.0 0.0 0.0 0.0 0.0 0.0 0.0
0 0.464844 0.372739 0.011719 0.024548 0.0 0.0 0.0 0.0 0.0 0.0 0.0 0.0 0.0 0.0 0.0 0.0 0.0 0.0 0.0
0 0.275879 0.408915 0.004883 0.009044 0.0 0.0 0.0 0.0 0.0 0.0 0.0 0.0 0.0 0.0 0.0 0.0 0.0 0.0 0.0
0 0.282715 0.419897 0.004883 0.007752 0.0 0.0 0.0 0.0 0.0 0.0 0.0 0.0 0.0 0.0 0.0 0.0 0.0 0.0 0.0
0 0.306152 0.422481 0.018555 0.031008 0.306885 0.418202 1.0 0.313293 0.422642 1.0 0.309021 0.425065 1.0 0.303681 0.427286 1.0 0.309479 0.431121 1.0
0 0.325195 0.431525 0.011719 0.018088 0.0 0.0 0.0 0.0 0.0 0.0 0.0 0.0 0.0 0.0 0.0 0.0 0.0 0.0 0.0
0 0.345703 0.423127 0.015625 0.024548 0.343331 0.421881 1.0 0.349217 0.421102 1.0 0.347099 0.427019 1.0 0.344744 0.429823 1.0 0.348981 0.4292 1.0
0 0.359863 0.427649 0.010742 0.018088 0.0 0.0 0.0 0.0 0.0 0.0 0.0 0.0 0.0 0.0 0.0 0.0 0.0 0.0 0.0
0 0.373535 0.421835 0.006836 0.014212 0.0 0.0 0.0 0.0 0.0 0.0 0.0 0.0 0.0 0.0 0.0 0.0 0.0 0.0 0.0
0 0.387695 0.415375 0.007812 0.011628 0.0 0.0 0.0 0.0 0.0 0.0 0.0 0.0 0.0 0.0 0.0 0.0 0.0 0.0 0.0
0 0.400879 0.414083 0.008789 0.014212 0.0 0.0 0.0 0.0 0.0 0.0 0.0 0.0 0.0 0.0 0.0 0.0 0.0 0.0 0.0
0 0.429199 0.413437 0.006836 0.010336 0.0 0.0 0.0 0.0 0.0 0.0 0.0 0.0 0.0 0.0 0.0 0.0 0.0 0.0 0.0
0 0.450684 0.419251 0.010742 0.01938 0.0 0.0 0.0 0.0 0.0 0.0 0.0 0.0 0.0 0.0 0.0 0.0 0.0 0.0 0.0
0 0.458008 0.426357 0.005859 0.010336 0.0 0.0 0.0 0.0 0.0 0.0 0.0 0.0 0.0 0.0 0.0 0.0 0.0 0.0 0.0
0 0.470215 0.427003 0.008789 0.016796 0.0 0.0 0.0 0.0 0.0 0.0 0.0 0.0 0.0 0.0 0.0 0.0 0.0 0.0 0.0
0 0.47168 0.409561 0.005859 0.010336 0.0 0.0 0.0 0.0 0.0 0.0 0.0 0.0 0.0 0.0 0.0 0.0 0.0 0.0 0.0
0 0.489746 0.419251 0.006836 0.011628 0.0 0.0 0.0 0.0 0.0 0.0 0.0 0.0 0.0 0.0 0.0 0.0 0.0 0.0 0.0
0 0.498535 0.420543 0.004883 0.009044 0.496704 0.420796 1.0 0.498143 0.420669 1.0 0.497472 0.422001 1.0 0.496944 0.423335 1.0 0.498287 0.423207 1.0
0 0.503906 0.427003 0.005859 0.009044 0.0 0.0 0.0 0.0 0.0 0.0 0.0 0.0 0.0 0.0 0.0 0.0 0.0 0.0 0.0
0 0.509277 0.421835 0.004883 0.011628 0.0 0.0 0.0 0.0 0.0 0.0 0.0 0.0 0.0 0.0 0.0 0.0 0.0 0.0 0.0
0 0.279785 0.481266 0.018555 0.029716 0.277483 0.478982 1.0 0.287267 0.479553 1.0 0.28295 0.485264 1.0 0.280505 0.48888 1.0 0.28482 0.489261 1.0
0 0.01416 0.265504 0.004883 0.009044 0.0 0.0 0.0 0.0 0.0 0.0 0.0 0.0 0.0 0.0 0.0 0.0 0.0 0.0 0.0
0 0.01123 0.367571 0.010742 0.016796 0.0 0.0 0.0 0.0 0.0 0.0 0.0 0.0 0.0 0.0 0.0 0.0 0.0 0.0 0.0
0 0.020508 0.385659 0.011719 0.01938 0.0 0.0 0.0 0.0 0.0 0.0 0.0 0.0 0.0 0.0 0.0 0.0 0.0 0.0 0.0
0 0.046387 0.372093 0.016602 0.028424 0.0 0.0 0.0 0.0 0.0 0.0 0.0 0.0 0.0 0.0 0.0 0.0 0.0 0.0 0.0
0 0.086914 0.361757 0.003906 0.007752 0.0 0.0 0.0 0.0 0.0 0.0 0.0 0.0 0.0 0.0 0.0 0.0 0.0 0.0 0.0
0 0.132812 0.377261 0.025391 0.036176 0.131452 0.374815 1.0 0.141393 0.376661 1.0 0.135986 0.383351 1.0 0.128487 0.384736 1.0 0.137382 0.387735 1.0
0 0.200195 0.364987 0.007812 0.016796 0.0 0.0 0.0 0.0 0.0 0.0 0.0 0.0 0.0 0.0 0.0 0.0 0.0 0.0 0.0
0 0.210938 0.365633 0.009766 0.018088 0.0 0.0 0.0 0.0 0.0 0.0 0.0 0.0 0.0 0.0 0.0 0.0 0.0 0.0 0.0
0 0.013184 0.409561 0.008789 0.018088 0.0 0.0 0.0 0.0 0.0 0.0 0.0 0.0 0.0 0.0 0.0 0.0 0.0 0.0 0.0
0 0.019531 0.432171 0.009766 0.011628 0.018389 0.432557 1.0 0.022116 0.432903 1.0 0.020351 0.435066 1.0 0.019174 0.437661 1.0 0.021201 0.437661 1.0
0 0.025879 0.415375 0.010742 0.016796 0.0 0.0 0.0 0.0 0.0 0.0 0.0 0.0 0.0 0.0 0.0 0.0 0.0 0.0 0.0
0 0.057129 0.428295 0.014648 0.021964 0.05494 0.425699 1.0 0.059361 0.425699 1.0 0.05698 0.430048 1.0 0.05528 0.434397 1.0 0.058114 0.434247 1.0
0 0.09082 0.428295 0.011719 0.024548 0.0 0.0 0.0 0.0 0.0 0.0 0.0 0.0 0.0 0.0 0.0 0.0 0.0 0.0 0.0
0 0.157227 0.420543 0.009766 0.01938 0.153189 0.418501 1.0 0.156738 0.418501 1.0 0.154053 0.422561 1.0 0.153765 0.425987 1.0 0.155971 0.425734 1.0
0 0.171875 0.414729 0.011719 0.018088 0.168671 0.414204 1.0 0.17334 0.413114 1.0 0.171417 0.416868 1.0 0.170685 0.420503 1.0 0.173798 0.419897 1.0
0 0.227539 0.423773 0.005859 0.010336 0.0 0.0 0.0 0.0 0.0 0.0 0.0 0.0 0.0 0.0 0.0 0.0 0.0 0.0 0.0
0 0.237305 0.414083 0.007812 0.011628 0.0 0.0 0.0 0.0 0.0 0.0 0.0 0.0 0.0 0.0 0.0 0.0 0.0 0.0 0.0
0 0.250488 0.417313 0.006836 0.010336 0.0 0.0 0.0 0.0 0.0 0.0 0.0 0.0 0.0 0.0 0.0 0.0 0.0 0.0 0.0
0 0.02002 0.478682 0.022461 0.037468 0.014217 0.474553 1.0 0.025835 0.474553 1.0 0.0194 0.482357 1.0 0.015289 0.487796 1.0 0.024048 0.487796 1.0
0 0.092285 0.479328 0.016602 0.031008 0.0 0.0 0.0 0.0 0.0 0.0 0.0 0.0 0.0 0.0 0.0 0.0 0.0 0.0 0.0
0 0.130371 0.472222 0.008789 0.014212 0.0 0.0 0.0 0.0 0.0 0.0 0.0 0.0 0.0 0.0 0.0 0.0 0.0 0.0 0.0
0 0.156738 0.469638 0.008789 0.016796 0.156673 0.467469 1.0 0.160069 0.467469 1.0 0.158661 0.470757 1.0 0.157336 0.474593 1.0 0.158578 0.474811 1.0
0 0.177246 0.463178 0.008789 0.014212 0.0 0.0 0.0 0.0 0.0 0.0 0.0 0.0 0.0 0.0 0.0 0.0 0.0 0.0 0.0
0 0.204102 0.475452 0.013672 0.023256 0.0 0.0 0.0 0.0 0.0 0.0 0.0 0.0 0.0 0.0 0.0 0.0 0.0 0.0 0.0
0 0.050293 0.512274 0.006836 0.014212 0.0 0.0 0.0 0.0 0.0 0.0 0.0 0.0 0.0 0.0 0.0 0.0 0.0 0.0 0.0
0 0.060547 0.518734 0.007812 0.014212 0.057896 0.517627 1.0 0.061035 0.51735 1.0 0.059431 0.520395 1.0 0.058733 0.522886 1.0 0.060826 0.522702 1.0
0 0.087891 0.51938 0.013672 0.02584 0.0 0.0 0.0 0.0 0.0 0.0 0.0 0.0 0.0 0.0 0.0 0.0 0.0 0.0 0.0
0 0.101562 0.51938 0.013672 0.02584 0.096632 0.518734 1.0 0.102447 0.516894 1.0 0.099413 0.523417 1.0 0.100172 0.527265 1.0 0.104344 0.525257 1.0
0 0.12793 0.52261 0.013672 0.024548 0.126953 0.518671 1.0 0.132604 0.518671 1.0 0.131661 0.52381 1.0 0.126835 0.527703 1.0 0.13119 0.527235 1.0
0 0.007324 0.807494 0.006836 0.01292 0.0 0.0 0.0 0.0 0.0 0.0 0.0 0.0 0.0 0.0 0.0 0.0 0.0 0.0 0.0
0 0.014648 0.810078 0.007812 0.015504 0.0 0.0 0.0 0.0 0.0 0.0 0.0 0.0 0.0 0.0 0.0 0.0 0.0 0.0 0.0
0 0.021484 0.806848 0.005859 0.011628 0.0 0.0 0.0 0.0 0.0 0.0 0.0 0.0 0.0 0.0 0.0 0.0 0.0 0.0 0.0
0 0.027832 0.806202 0.008789 0.01292 0.0 0.0 0.0 0.0 0.0 0.0 0.0 0.0 0.0 0.0 0.0 0.0 0.0 0.0 0.0
0 0.049805 0.825581 0.005859 0.007752 0.0 0.0 0.0 0.0 0.0 0.0 0.0 0.0 0.0 0.0 0.0 0.0 0.0 0.0 0.0
0 0.064453 0.822351 0.005859 0.009044 0.0 0.0 0.0 0.0 0.0 0.0 0.0 0.0 0.0 0.0 0.0 0.0 0.0 0.0 0.0
0 0.089844 0.80814 0.005859 0.009044 0.0 0.0 0.0 0.0 0.0 0.0 0.0 0.0 0.0 0.0 0.0 0.0 0.0 0.0 0.0
0 0.09668 0.81137 0.005859 0.010336 0.0 0.0 0.0 0.0 0.0 0.0 0.0 0.0 0.0 0.0 0.0 0.0 0.0 0.0 0.0
0 0.123047 0.805556 0.007812 0.014212 0.0 0.0 0.0 0.0 0.0 0.0 0.0 0.0 0.0 0.0 0.0 0.0 0.0 0.0 0.0
0 0.138672 0.814599 0.007812 0.014212 0.0 0.0 0.0 0.0 0.0 0.0 0.0 0.0 0.0 0.0 0.0 0.0 0.0 0.0 0.0
0 0.167969 0.822351 0.019531 0.04522 0.163635 0.819646 1.0 0.171753 0.819364 1.0 0.167053 0.82332 1.0 0.162567 0.835473 1.0 0.171967 0.83632 1.0
0 0.198242 0.80491 0.005859 0.007752 0.0 0.0 0.0 0.0 0.0 0.0 0.0 0.0 0.0 0.0 0.0 0.0 0.0 0.0 0.0
0 0.207031 0.802326 0.005859 0.007752 0.0 0.0 0.0 0.0 0.0 0.0 0.0 0.0 0.0 0.0 0.0 0.0 0.0 0.0 0.0
0 0.23877 0.817183 0.008789 0.014212 0.0 0.0 0.0 0.0 0.0 0.0 0.0 0.0 0.0 0.0 0.0 0.0 0.0 0.0 0.0
0 0.005371 0.864987 0.00293 0.009044 0.0 0.0 0.0 0.0 0.0 0.0 0.0 0.0 0.0 0.0 0.0 0.0 0.0 0.0 0.0
0 0.012695 0.864341 0.005859 0.010336 0.0 0.0 0.0 0.0 0.0 0.0 0.0 0.0 0.0 0.0 0.0 0.0 0.0 0.0 0.0
0 0.023438 0.861757 0.005859 0.007752 0.0 0.0 0.0 0.0 0.0 0.0 0.0 0.0 0.0 0.0 0.0 0.0 0.0 0.0 0.0
0 0.047852 0.863695 0.015625 0.021964 0.04235 0.863407 1.0 0.049543 0.862253 1.0 0.044639 0.867444 1.0 0.043876 0.871337 1.0 0.048018 0.871194 1.0
0 0.032227 0.864341 0.005859 0.010336 0.0 0.0 0.0 0.0 0.0 0.0 0.0 0.0 0.0 0.0 0.0 0.0 0.0 0.0 0.0
0 0.082031 0.870801 0.013672 0.036176 0.082031 0.862588 1.0 0.083949 0.862818 1.0 0.087263 0.873432 1.0 0.080636 0.880583 1.0 0.081334 0.880583 1.0
0 0.13916 0.862403 0.008789 0.014212 0.0 0.0 0.0 0.0 0.0 0.0 0.0 0.0 0.0 0.0 0.0 0.0 0.0 0.0 0.0
0 0.166016 0.856589 0.005859 0.010336 0.0 0.0 0.0 0.0 0.0 0.0 0.0 0.0 0.0 0.0 0.0 0.0 0.0 0.0 0.0
0 0.20752 0.874677 0.006836 0.01292 0.0 0.0 0.0 0.0 0.0 0.0 0.0 0.0 0.0 0.0 0.0 0.0 0.0 0.0 0.0
0 0.233887 0.860465 0.004883 0.010336 0.0 0.0 0.0 0.0 0.0 0.0 0.0 0.0 0.0 0.0 0.0 0.0 0.0 0.0 0.0
0 0.247559 0.861111 0.006836 0.011628 0.0 0.0 0.0 0.0 0.0 0.0 0.0 0.0 0.0 0.0 0.0 0.0 0.0 0.0 0.0
0 0.015625 0.900517 0.007812 0.010336 0.0 0.0 0.0 0.0 0.0 0.0 0.0 0.0 0.0 0.0 0.0 0.0 0.0 0.0 0.0
0 0.048828 0.921189 0.013672 0.02584 0.046949 0.919204 1.0 0.051501 0.91887 1.0 0.049478 0.923553 1.0 0.046443 0.928404 1.0 0.052512 0.92807 1.0
0 0.062988 0.918605 0.016602 0.02584 0.058201 0.915784 1.0 0.063512 0.914446 1.0 0.060982 0.920468 1.0 0.060856 0.925486 1.0 0.064522 0.92465 1.0
0 0.090332 0.917313 0.016602 0.028424 0.08796 0.915651 1.0 0.094518 0.915283 1.0 0.091588 0.918789 1.0 0.087682 0.921926 1.0 0.094238 0.922665 1.0
0 0.115234 0.921189 0.023438 0.049096 0.113822 0.911845 1.0 0.121355 0.911534 1.0 0.118295 0.9215 1.0 0.111468 0.929287 1.0 0.120414 0.928975 1.0
0 0.141602 0.912145 0.023438 0.041344 0.13269 0.910287 1.0 0.144322 0.909491 1.0 0.137904 0.917716 1.0 0.137303 0.924615 1.0 0.144121 0.924084 1.0
0 0.158203 0.919251 0.009766 0.016796 0.0 0.0 0.0 0.0 0.0 0.0 0.0 0.0 0.0 0.0 0.0 0.0 0.0 0.0 0.0
0 0.167969 0.919897 0.009766 0.020672 0.166778 0.91819 1.0 0.170389 0.919649 1.0 0.167581 0.922302 1.0 0.165375 0.923761 1.0 0.168885 0.925751 1.0
0 0.199707 0.921835 0.020508 0.034884 0.193481 0.917844 1.0 0.202663 0.917168 1.0 0.197052 0.926841 1.0 0.196542 0.92954 1.0 0.203513 0.928191 1.0
0 0.21875 0.922481 0.023438 0.046512 0.209455 0.920952 1.0 0.217904 0.918893 1.0 0.212346 0.930366 1.0 0.214791 0.937425 1.0 0.220572 0.935072 1.0
0 0.241211 0.916667 0.013672 0.024548 0.0 0.0 0.0 0.0 0.0 0.0 0.0 0.0 0.0 0.0 0.0 0.0 0.0 0.0 0.0
0 0.008789 0.971576 0.011719 0.020672 0.0 0.0 0.0 0.0 0.0 0.0 0.0 0.0 0.0 0.0 0.0 0.0 0.0 0.0 0.0
0 0.032715 0.971576 0.010742 0.020672 0.0 0.0 0.0 0.0 0.0 0.0 0.0 0.0 0.0 0.0 0.0 0.0 0.0 0.0 0.0
0 0.047363 0.965116 0.014648 0.031008 0.043976 0.960634 1.0 0.0513 0.962654 1.0 0.047027 0.966488 1.0 0.043365 0.970324 1.0 0.049164 0.972344 1.0
0 0.0625 0.972868 0.017578 0.031008 0.058053 0.969224 1.0 0.063686 0.968243 1.0 0.059239 0.974714 1.0 0.057905 0.977655 1.0 0.066354 0.976479 1.0
0 0.092773 0.955426 0.005859 0.009044 0.0 0.0 0.0 0.0 0.0 0.0 0.0 0.0 0.0 0.0 0.0 0.0 0.0 0.0 0.0
0 0.12793 0.962532 0.011719 0.020672 0.124163 0.960871 1.0 0.129499 0.960318 1.0 0.126988 0.96447 1.0 0.125941 0.968346 1.0 0.129813 0.96807 1.0
0 0.153809 0.965762 0.006836 0.014212 0.0 0.0 0.0 0.0 0.0 0.0 0.0 0.0 0.0 0.0 0.0 0.0 0.0 0.0 0.0
0 0.165039 0.959302 0.007812 0.014212 0.0 0.0 0.0 0.0 0.0 0.0 0.0 0.0 0.0 0.0 0.0 0.0 0.0 0.0 0.0
0 0.177246 0.956072 0.006836 0.01292 0.0 0.0 0.0 0.0 0.0 0.0 0.0 0.0 0.0 0.0 0.0 0.0 0.0 0.0 0.0
0 0.20752 0.967054 0.010742 0.016796 0.0 0.0 0.0 0.0 0.0 0.0 0.0 0.0 0.0 0.0 0.0 0.0 0.0 0.0 0.0
0 0.243164 0.962532 0.013672 0.023256 0.0 0.0 0.0 0.0 0.0 0.0 0.0 0.0 0.0 0.0 0.0 0.0 0.0 0.0 0.0
0 0.274414 0.028424 0.019531 0.031008 0.272247 0.026163 1.0 0.279267 0.031209 1.0 0.273468 0.03545 1.0 0.269043 0.036862 1.0 0.27301 0.03989 1.0
0 0.303711 0.023902 0.007812 0.014212 0.0 0.0 0.0 0.0 0.0 0.0 0.0 0.0 0.0 0.0 0.0 0.0 0.0 0.0 0.0
0 0.32666 0.021964 0.006836 0.015504 0.325091 0.021133 1.0 0.326032 0.021238 1.0 0.324541 0.023521 1.0 0.324541 0.026636 1.0 0.325404 0.026844 1.0
0 0.359375 0.880491 0.017578 0.027132 0.0 0.0 0.0 0.0 0.0 0.0 0.0 0.0 0.0 0.0 0.0 0.0 0.0 0.0 0.0
0 0.381348 0.868863 0.010742 0.021964 0.0 0.0 0.0 0.0 0.0 0.0 0.0 0.0 0.0 0.0 0.0 0.0 0.0 0.0 0.0
0 0.392578 0.866279 0.011719 0.021964 0.0 0.0 0.0 0.0 0.0 0.0 0.0 0.0 0.0 0.0 0.0 0.0 0.0 0.0 0.0
0 0.42334 0.869509 0.010742 0.020672 0.421849 0.867934 1.0 0.427063 0.868332 1.0 0.424857 0.87324 1.0 0.422852 0.875894 1.0 0.426061 0.876292 1.0
0 0.43457 0.867571 0.009766 0.016796 0.431605 0.867156 1.0 0.434309 0.867618 1.0 0.431867 0.870501 1.0 0.43117 0.872578 1.0 0.433611 0.872809 1.0
0 0.464844 0.861111 0.011719 0.01938 0.0 0.0 0.0 0.0 0.0 0.0 0.0 0.0 0.0 0.0 0.0 0.0 0.0 0.0 0.0
0 0.475098 0.863695 0.008789 0.01938 0.0 0.0 0.0 0.0 0.0 0.0 0.0 0.0 0.0 0.0 0.0 0.0 0.0 0.0 0.0
0 0.506348 0.880491 0.016602 0.027132 0.507133 0.878288 1.0 0.51341 0.880711 1.0 0.510926 0.886074 1.0 0.503731 0.892304 1.0 0.511317 0.893341 1.0
0 0.276367 0.919897 0.015625 0.023256 0.272217 0.918247 1.0 0.280378 0.916597 1.0 0.275504 0.923646 1.0 0.273464 0.926795 1.0 0.279698 0.926045 1.0
0 0.383301 0.921189 0.008789 0.018088 0.0 0.0 0.0 0.0 0.0 0.0 0.0 0.0 0.0 0.0 0.0 0.0 0.0 0.0 0.0
0 0.390625 0.912791 0.011719 0.016796 0.0 0.0 0.0 0.0 0.0 0.0 0.0 0.0 0.0 0.0 0.0 0.0 0.0 0.0 0.0
0 0.356445 0.905685 0.007812 0.01292 0.0 0.0 0.0 0.0 0.0 0.0 0.0 0.0 0.0 0.0 0.0 0.0 0.0 0.0 0.0
0 0.306152 0.926357 0.004883 0.005168 0.0 0.0 0.0 0.0 0.0 0.0 0.0 0.0 0.0 0.0 0.0 0.0 0.0 0.0 0.0
0 0.416992 0.903747 0.007812 0.011628 0.0 0.0 0.0 0.0 0.0 0.0 0.0 0.0 0.0 0.0 0.0 0.0 0.0 0.0 0.0
0 0.425293 0.903101 0.006836 0.010336 0.0 0.0 0.0 0.0 0.0 0.0 0.0 0.0 0.0 0.0 0.0 0.0 0.0 0.0 0.0
0 0.434082 0.905039 0.006836 0.011628 0.0 0.0 0.0 0.0 0.0 0.0 0.0 0.0 0.0 0.0 0.0 0.0 0.0 0.0 0.0
0 0.499512 0.903101 0.016602 0.020672 0.0 0.0 0.0 0.0 0.0 0.0 0.0 0.0 0.0 0.0 0.0 0.0 0.0 0.0 0.0
0 0.264648 0.970284 0.005859 0.020672 0.0 0.0 0.0 0.0 0.0 0.0 0.0 0.0 0.0 0.0 0.0 0.0 0.0 0.0 0.0
0 0.281738 0.975452 0.012695 0.020672 0.278455 0.973348 1.0 0.283569 0.973745 1.0 0.280461 0.977725 1.0 0.278154 0.979979 1.0 0.282366 0.980112 1.0
0 0.296875 0.97093 0.011719 0.01938 0.0 0.0 0.0 0.0 0.0 0.0 0.0 0.0 0.0 0.0 0.0 0.0 0.0 0.0 0.0
0 0.305664 0.975452 0.015625 0.033592 0.306789 0.975447 1.0 0.312273 0.974165 1.0 0.311467 0.980141 1.0 0.30824 0.984196 1.0 0.312435 0.984623 1.0
0 0.321777 0.970284 0.016602 0.031008 0.31839 0.967417 1.0 0.326477 0.968023 1.0 0.322205 0.975492 1.0 0.31839 0.97953 1.0 0.32373 0.980136 1.0
0 0.352051 0.972868 0.014648 0.028424 0.349213 0.968288 1.0 0.354889 0.968468 1.0 0.35124 0.97401 1.0 0.349213 0.978659 1.0 0.353673 0.978839 1.0
0 0.400391 0.959948 0.011719 0.020672 0.0 0.0 0.0 0.0 0.0 0.0 0.0 0.0 0.0 0.0 0.0 0.0 0.0 0.0 0.0
0 0.421387 0.956072 0.006836 0.01292 0.420201 0.956442 1.0 0.422294 0.956534 1.0 0.420619 0.958841 1.0 0.420131 0.96041 1.0 0.421526 0.96041 1.0
0 0.430664 0.956072 0.003906 0.007752 0.0 0.0 0.0 0.0 0.0 0.0 0.0 0.0 0.0 0.0 0.0 0.0 0.0 0.0 0.0
0 0.455078 0.967054 0.005859 0.011628 0.0 0.0 0.0 0.0 0.0 0.0 0.0 0.0 0.0 0.0 0.0 0.0 0.0 0.0 0.0
0 0.461426 0.960594 0.006836 0.011628 0.0 0.0 0.0 0.0 0.0 0.0 0.0 0.0 0.0 0.0 0.0 0.0 0.0 0.0 0.0
0 0.447754 0.97416 0.004883 0.010336 0.0 0.0 0.0 0.0 0.0 0.0 0.0 0.0 0.0 0.0 0.0 0.0 0.0 0.0 0.0
0 0.5625 0.015504 0.005859 0.010336 0.0 0.0 0.0 0.0 0.0 0.0 0.0 0.0 0.0 0.0 0.0 0.0 0.0 0.0 0.0
0 0.568359 0.01938 0.005859 0.010336 0.0 0.0 0.0 0.0 0.0 0.0 0.0 0.0 0.0 0.0 0.0 0.0 0.0 0.0 0.0
0 0.575195 0.017442 0.005859 0.011628 0.0 0.0 0.0 0.0 0.0 0.0 0.0 0.0 0.0 0.0 0.0 0.0 0.0 0.0 0.0
0 0.582031 0.016796 0.005859 0.01292 0.0 0.0 0.0 0.0 0.0 0.0 0.0 0.0 0.0 0.0 0.0 0.0 0.0 0.0 0.0
0 0.588867 0.011628 0.005859 0.010336 0.0 0.0 0.0 0.0 0.0 0.0 0.0 0.0 0.0 0.0 0.0 0.0 0.0 0.0 0.0
0 0.60791 0.0323 0.020508 0.031008 0.602426 0.027397 1.0 0.613395 0.02877 1.0 0.607169 0.035633 1.0 0.604057 0.041124 1.0 0.609541 0.04132 1.0
0 0.638672 0.01292 0.005859 0.007752 0.0 0.0 0.0 0.0 0.0 0.0 0.0 0.0 0.0 0.0 0.0 0.0 0.0 0.0 0.0
0 0.642578 0.018734 0.005859 0.009044 0.0 0.0 0.0 0.0 0.0 0.0 0.0 0.0 0.0 0.0 0.0 0.0 0.0 0.0 0.0
0 0.649902 0.015504 0.004883 0.007752 0.0 0.0 0.0 0.0 0.0 0.0 0.0 0.0 0.0 0.0 0.0 0.0 0.0 0.0 0.0
0 0.65918 0.024548 0.003906 0.007752 0.0 0.0 0.0 0.0 0.0 0.0 0.0 0.0 0.0 0.0 0.0 0.0 0.0 0.0 0.0
0 0.685059 0.02261 0.010742 0.01938 0.681222 0.021203 1.0 0.687072 0.020822 1.0 0.683716 0.025517 1.0 0.682564 0.028943 1.0 0.685922 0.028562 1.0
0 0.722168 0.029716 0.014648 0.033592 0.722343 0.027963 1.0 0.72781 0.029935 1.0 0.726649 0.035853 1.0 0.722177 0.039359 1.0 0.725821 0.040236 1.0
0 0.748535 0.023256 0.006836 0.010336 0.0 0.0 0.0 0.0 0.0 0.0 0.0 0.0 0.0 0.0 0.0 0.0 0.0 0.0 0.0
0 0.759277 0.02584 0.006836 0.010336 0.0 0.0 0.0 0.0 0.0 0.0 0.0 0.0 0.0 0.0 0.0 0.0 0.0 0.0 0.0
0 0.771484 0.020672 0.005859 0.01292 0.0 0.0 0.0 0.0 0.0 0.0 0.0 0.0 0.0 0.0 0.0 0.0 0.0 0.0 0.0
0 0.537598 0.077519 0.026367 0.043928 0.532257 0.073765 1.0 0.544647 0.070373 1.0 0.540802 0.082809 1.0 0.53418 0.087895 1.0 0.545929 0.08507 1.0
0 0.609375 0.085917 0.019531 0.029716 0.60158 0.084094 1.0 0.610177 0.082526 1.0 0.604692 0.08939 1.0 0.6041 0.095076 1.0 0.609584 0.094096 1.0
0 0.643066 0.072351 0.014648 0.02584 0.641235 0.070968 1.0 0.647514 0.07114 1.0 0.644505 0.07512 1.0 0.641497 0.078235 1.0 0.646467 0.078062 1.0
0 0.65918 0.066537 0.011719 0.021964 0.656294 0.065534 1.0 0.661308 0.065534 1.0 0.658909 0.07087 1.0 0.65662 0.073032 1.0 0.661089 0.072744 1.0
0 0.676758 0.065245 0.011719 0.01938 0.673296 0.064726 1.0 0.678476 0.063076 1.0 0.676461 0.067771 1.0 0.674543 0.071452 1.0 0.679243 0.069548 1.0
0 0.720215 0.071705 0.006836 0.009044 0.0 0.0 0.0 0.0 0.0 0.0 0.0 0.0 0.0 0.0 0.0 0.0 0.0 0.0 0.0
0 0.743652 0.071059 0.010742 0.023256 0.742292 0.07031 1.0 0.747053 0.072709 1.0 0.742859 0.076307 1.0 0.741158 0.077957 1.0 0.743199 0.080057 1.0
0 0.757812 0.070413 0.011719 0.016796 0.754621 0.067829 1.0 0.759591 0.068176 1.0 0.757411 0.071406 1.0 0.755842 0.075097 1.0 0.759504 0.074982 1.0
0 0.772461 0.075581 0.011719 0.021964 0.0 0.0 0.0 0.0 0.0 0.0 0.0 0.0 0.0 0.0 0.0 0.0 0.0 0.0 0.0
0 0.531738 0.120801 0.012695 0.024548 0.528198 0.118217 1.0 0.534668 0.118056 1.0 0.530518 0.123224 1.0 0.528564 0.126776 1.0 0.534302 0.126453 1.0
0 0.579102 0.127261 0.017578 0.037468 0.577637 0.12613 1.0 0.585145 0.127099 1.0 0.581848 0.13146 1.0 0.577637 0.136789 1.0 0.58368 0.137031 1.0
0 0.608398 0.120155 0.007812 0.01292 0.0 0.0 0.0 0.0 0.0 0.0 0.0 0.0 0.0 0.0 0.0 0.0 0.0 0.0 0.0
0 0.615234 0.118217 0.007812 0.014212 0.0 0.0 0.0 0.0 0.0 0.0 0.0 0.0 0.0 0.0 0.0 0.0 0.0 0.0 0.0
0 0.640137 0.116279 0.010742 0.015504 0.638463 0.116123 1.0 0.642094 0.116123 1.0 0.640686 0.119457 1.0 0.63913 0.121614 1.0 0.642021 0.121614 1.0
0 0.650879 0.111757 0.012695 0.016796 0.646764 0.107881 1.0 0.652257 0.107535 1.0 0.649117 0.11238 1.0 0.648071 0.116071 1.0 0.651123 0.115956 1.0
0 0.678223 0.125969 0.008789 0.016796 0.676483 0.12391 1.0 0.680376 0.1238 1.0 0.678554 0.126978 1.0 0.67698 0.129389 1.0 0.680128 0.129389 1.0
0 0.695801 0.120155 0.010742 0.018088 0.0 0.0 0.0 0.0 0.0 0.0 0.0 0.0 0.0 0.0 0.0 0.0 0.0 0.0 0.0
0 0.722168 0.124031 0.012695 0.023256 0.718628 0.122952 1.0 0.725712 0.122952 1.0 0.722007 0.127711 1.0 0.72048 0.130884 1.0 0.723969 0.130884 1.0
0 0.746094 0.124031 0.009766 0.020672 0.74571 0.122647 1.0 0.749477 0.123339 1.0 0.747698 0.126384 1.0 0.745292 0.128738 1.0 0.74864 0.129291 1.0
0 0.757324 0.116279 0.012695 0.020672 0.753715 0.114306 1.0 0.758828 0.114306 1.0 0.756422 0.119348 1.0 0.754717 0.122664 1.0 0.758227 0.122399 1.0
0 0.770996 0.128553 0.010742 0.01938 0.0 0.0 0.0 0.0 0.0 0.0 0.0 0.0 0.0 0.0 0.0 0.0 0.0 0.0 0.0
0 0.533691 0.175711 0.006836 0.01292 0.0 0.0 0.0 0.0 0.0 0.0 0.0 0.0 0.0 0.0 0.0 0.0 0.0 0.0 0.0
0 0.544434 0.171835 0.004883 0.010336 0.0 0.0 0.0 0.0 0.0 0.0 0.0 0.0 0.0 0.0 0.0 0.0 0.0 0.0 0.0
0 0.568359 0.175711 0.013672 0.028424 0.565844 0.170416 1.0 0.572736 0.171846 1.0 0.568142 0.176495 1.0 0.566114 0.182037 1.0 0.569088 0.182574 1.0
0 0.583008 0.173773 0.015625 0.029716 0.577658 0.172059 1.0 0.583126 0.17187 1.0 0.579673 0.17815 1.0 0.57881 0.183671 1.0 0.582838 0.183289 1.0
0 0.59668 0.167959 0.005859 0.01292 0.0 0.0 0.0 0.0 0.0 0.0 0.0 0.0 0.0 0.0 0.0 0.0 0.0 0.0 0.0
0 0.600098 0.186047 0.006836 0.010336 0.0 0.0 0.0 0.0 0.0 0.0 0.0 0.0 0.0 0.0 0.0 0.0 0.0 0.0 0.0
0 0.623047 0.169897 0.007812 0.011628 0.0 0.0 0.0 0.0 0.0 0.0 0.0 0.0 0.0 0.0 0.0 0.0 0.0 0.0 0.0
0 0.649414 0.168605 0.019531 0.027132 0.646049 0.166575 1.0 0.651411 0.162767 1.0 0.649711 0.169342 1.0 0.649318 0.17488 1.0 0.654026 0.171765 1.0
0 0.683594 0.165375 0.017578 0.020672 0.0 0.0 0.0 0.0 0.0 0.0 0.0 0.0 0.0 0.0 0.0 0.0 0.0 0.0 0.0
0 0.722656 0.170543 0.015625 0.023256 0.718541 0.170243 1.0 0.723528 0.168293 1.0 0.720694 0.172792 1.0 0.719674 0.17759 1.0 0.725002 0.175191 1.0
0 0.759277 0.179587 0.014648 0.028424 0.758021 0.17608 1.0 0.764021 0.174973 1.0 0.761928 0.179956 1.0 0.760254 0.184755 1.0 0.763184 0.184385 1.0
0 0.5625 0.223514 0.013672 0.028424 0.557548 0.219269 1.0 0.564104 0.22093 1.0 0.558663 0.227021 1.0 0.557129 0.232743 1.0 0.562012 0.233112 1.0
0 0.598145 0.222868 0.010742 0.024548 0.593872 0.2177 1.0 0.60083 0.218508 1.0 0.59668 0.22303 1.0 0.59314 0.225452 1.0 0.599731 0.225775 1.0
0 0.621582 0.22093 0.012695 0.02584 0.618739 0.219027 1.0 0.624363 0.216951 1.0 0.62201 0.223526 1.0 0.621225 0.227505 1.0 0.62541 0.225256 1.0
0 0.645996 0.222868 0.014648 0.021964 0.641693 0.221714 1.0 0.647033 0.220417 1.0 0.644963 0.225609 1.0 0.644309 0.227771 1.0 0.646925 0.227627 1.0
0 0.984375 0.729974 0.017578 0.023256 0.0 0.0 0.0 0.0 0.0 0.0 0.0 0.0 0.0 0.0 0.0 0.0 0.0 0.0 0.0
0 0.525879 0.663437 0.012695 0.021964 0.523808 0.658395 1.0 0.529693 0.65854 1.0 0.526424 0.662289 1.0 0.524462 0.666327 1.0 0.527841 0.666327 1.0
0 0.544434 0.667313 0.012695 0.021964 0.0 0.0 0.0 0.0 0.0 0.0 0.0 0.0 0.0 0.0 0.0 0.0 0.0 0.0 0.0
0 0.527832 0.72093 0.010742 0.015504 0.0 0.0 0.0 0.0 0.0 0.0 0.0 0.0 0.0 0.0 0.0 0.0 0.0 0.0 0.0
0 0.551758 0.71447 0.011719 0.018088 0.549316 0.711643 1.0 0.553803 0.711402 1.0 0.551514 0.714915 1.0 0.549316 0.717579 1.0 0.552795 0.717337 1.0
0 0.525391 0.764858 0.009766 0.015504 0.0 0.0 0.0 0.0 0.0 0.0 0.0 0.0 0.0 0.0 0.0 0.0 0.0 0.0 0.0
0 0.543945 0.766796 0.009766 0.014212 0.0 0.0 0.0 0.0 0.0 0.0 0.0 0.0 0.0 0.0 0.0 0.0 0.0 0.0 0.0
0 0.245117 0.381783 0.007812 0.009044 0.0 0.0 0.0 0.0 0.0 0.0 0.0 0.0 0.0 0.0 0.0 0.0 0.0 0.0 0.0
0 0.494629 0.972868 0.014648 0.02584 0.491721 0.970717 1.0 0.49741 0.968543 1.0 0.494755 0.974397 1.0 0.494376 0.978913 1.0 0.498295 0.977072 1.0
0 0.536133 0.421835 0.017578 0.0323 0.0 0.0 0.0 0.0 0.0 0.0 0.0 0.0 0.0 0.0 0.0 0.0 0.0 0.0 0.0
0 0.526855 0.468992 0.014648 0.023256 0.521188 0.466944 1.0 0.527073 0.465076 1.0 0.524955 0.471305 1.0 0.525543 0.475977 1.0 0.528133 0.475043 1.0
0 0.526855 0.523256 0.014648 0.028424 0.525251 0.520857 1.0 0.532646 0.522333 1.0 0.529437 0.528054 1.0 0.52553 0.532484 1.0 0.529297 0.533222 1.0
0 0.546387 0.520672 0.012695 0.028424 0.0 0.0 0.0 0.0 0.0 0.0 0.0 0.0 0.0 0.0 0.0 0.0 0.0 0.0 0.0
0 0.531738 0.563953 0.004883 0.009044 0.0 0.0 0.0 0.0 0.0 0.0 0.0 0.0 0.0 0.0 0.0 0.0 0.0 0.0 0.0
0 0.539551 0.556202 0.004883 0.009044 0.0 0.0 0.0 0.0 0.0 0.0 0.0 0.0 0.0 0.0 0.0 0.0 0.0 0.0 0.0
0 0.53418 0.615633 0.007812 0.014212 0.0 0.0 0.0 0.0 0.0 0.0 0.0 0.0 0.0 0.0 0.0 0.0 0.0 0.0 0.0
0 0.543457 0.615633 0.008789 0.016796 0.0 0.0 0.0 0.0 0.0 0.0 0.0 0.0 0.0 0.0 0.0 0.0 0.0 0.0 0.0
0 0.32373 0.734496 0.010742 0.016796 0.0 0.0 0.0 0.0 0.0 0.0 0.0 0.0 0.0 0.0 0.0 0.0 0.0 0.0 0.0
0 0.794922 0.534238 0.003906 0.009044 0.0 0.0 0.0 0.0 0.0 0.0 0.0 0.0 0.0 0.0 0.0 0.0 0.0 0.0 0.0
0 0.802734 0.530362 0.003906 0.009044 0.0 0.0 0.0 0.0 0.0 0.0 0.0 0.0 0.0 0.0 0.0 0.0 0.0 0.0 0.0
0 0.759277 0.828165 0.004883 0.007752 0.0 0.0 0.0 0.0 0.0 0.0 0.0 0.0 0.0 0.0 0.0 0.0 0.0 0.0 0.0
0 0.460449 0.912145 0.00293 0.005168 0.0 0.0 0.0 0.0 0.0 0.0 0.0 0.0 0.0 0.0 0.0 0.0 0.0 0.0 0.0
0 0.786133 0.916667 0.009766 0.016796 0.0 0.0 0.0 0.0 0.0 0.0 0.0 0.0 0.0 0.0 0.0 0.0 0.0 0.0 0.0
0 0.129395 0.866925 0.010742 0.015504 0.0 0.0 0.0 0.0 0.0 0.0 0.0 0.0 0.0 0.0 0.0 0.0 0.0 0.0 0.0
0 0.018066 0.065245 0.014648 0.021964 0.0158 0.063076 1.0 0.020717 0.066123 1.0 0.016113 0.068061 1.0 0.014753 0.069999 1.0 0.017787 0.071937 1.0
0 0.351562 0.027132 0.015625 0.02584 0.348145 0.023579 1.0 0.354004 0.022933 1.0 0.351685 0.027616 1.0 0.349976 0.031331 1.0 0.354614 0.030523 1.0
0 0.37793 0.018734 0.013672 0.024548 0.0 0.0 0.0 0.0 0.0 0.0 0.0 0.0 0.0 0.0 0.0 0.0 0.0 0.0 0.0