0 0.130371 0.271994 0.041992 0.07478 0.126822 0.253339 1.0 0.144889 0.262057 1.0 0.136501 0.267871 1.0 0.121338 0.279496 1.0 0.139727 0.286277 1.0
0 0.125977 0.376833 0.046875 0.090909 0.115356 0.36471 1.0 0.136218 0.361293 1.0 0.127114 0.378947 1.0 0.117632 0.393754 1.0 0.137355 0.390906 1.0
0 0.213867 0.296188 0.033203 0.079179 0.207672 0.291422 1.0 0.2258 0.291422 1.0 0.21875 0.30856 1.0 0.210357 0.319144 1.0 0.223114 0.318136 1.0
0 0.275391 0.225073 0.037109 0.080645 0.265991 0.214031 1.0 0.284454 0.214534 1.0 0.275727 0.230663 1.0 0.269013 0.240745 1.0 0.283111 0.241248 1.0
0 0.242676 0.394428 0.043945 0.082111 0.238399 0.38749 1.0 0.255964 0.380767 1.0 0.256997 0.399383 1.0 0.243909 0.41438 1.0 0.261475 0.404554 1.0
0 0.377441 0.250733 0.03418 0.067449 0.369097 0.241059 1.0 0.384923 0.236306 1.0 0.380606 0.250996 1.0 0.375428 0.263956 1.0 0.388088 0.25834 1.0
0 0.424805 0.197214 0.035156 0.071848 0.414315 0.189877 1.0 0.431161 0.187166 1.0 0.41973 0.200264 1.0 0.417323 0.216073 1.0 0.43056 0.212459 1.0
0 0.470703 0.453079 0.035156 0.073314 0.461727 0.444911 1.0 0.478751 0.448628 1.0 0.467298 0.464894 1.0 0.462655 0.47326 1.0 0.472251 0.475584 1.0
0 0.508301 0.394428 0.038086 0.085044 0.502746 0.383915 1.0 0.519754 0.383915 1.0 0.512517 0.401845 1.0 0.502022 0.411625 1.0 0.518668 0.411081 1.0
0 0.596191 0.420821 0.041992 0.082111 0.585449 0.414013 1.0 0.603585 0.408777 1.0 0.594169 0.430248 1.0 0.589286 0.439673 1.0 0.607422 0.43496 1.0
0 0.662109 0.458944 0.041016 0.073314 0.650787 0.454957 1.0 0.667812 0.444268 1.0 0.661621 0.466111 1.0 0.659145 0.476802 1.0 0.673693 0.467041 1.0
0 0.553223 0.260264 0.036133 0.083578 0.543418 0.248069 1.0 0.559309 0.244887 1.0 0.5526 0.260795 1.0 0.547303 0.27405 1.0 0.560722 0.270339 1.0
0 0.630371 0.228006 0.040039 0.08651 0.616924 0.223871 1.0 0.634814 0.219018 1.0 0.624355 0.240249 1.0 0.621797 0.249355 1.0 0.639492 0.245073 1.0
0 0.671387 0.270528 0.036133 0.077713 0.663212 0.258752 1.0 0.681196 0.261207 1.0 0.669752 0.274953 1.0 0.661577 0.285262 1.0 0.679234 0.28968 1.0
0 0.61377 0.296921 0.03418 0.065982 0.602679 0.293674 1.0 0.618024 0.285714 1.0 0.609375 0.30289 1.0 0.607979 0.313364 1.0 0.621094 0.308337 1.0
0 0.782715 0.593842 0.038086 0.087977 0.772709 0.58532 1.0 0.790867 0.58532 1.0 0.781974 0.604793 1.0 0.77308 0.612026 1.0 0.790497 0.612582 1.0
0 0.667969 0.639296 0.039062 0.082111 0.656529 0.630918 1.0 0.675014 0.627776 1.0 0.666295 0.650817 1.0 0.659319 0.656578 1.0 0.675712 0.654482 1.0