0 0.128418 0.337719 0.045898 0.090643 0.119105 0.329365 1.0 0.139439 0.328791 1.0 0.129081 0.350615 1.0 0.120641 0.358083 1.0 0.137521 0.358083 1.0
0 0.282715 0.41886 0.038086 0.086257 0.275635 0.410453 1.0 0.293579 0.41155 1.0 0.284058 0.43019 1.0 0.274536 0.440607 1.0 0.29248 0.441703 1.0
0 0.407227 0.437865 0.039062 0.080409 0.397827 0.435855 1.0 0.415619 0.433342 1.0 0.407562 0.449927 1.0 0.399842 0.461485 1.0 0.416962 0.457968 1.0
0 0.414062 0.306287 0.037109 0.077485 0.408831 0.294545 1.0 0.426814 0.29944 1.0 0.417659 0.30923 1.0 0.406542 0.321958 1.0 0.422563 0.325383 1.0
0 0.288574 0.248538 0.040039 0.078947 0.28122 0.239766 1.0 0.299347 0.239263 1.0 0.289947 0.251827 1.0 0.282227 0.266904 1.0 0.297668 0.265396 1.0
0 0.176758 0.254386 0.039062 0.081871 0.168147 0.239734 1.0 0.18709 0.241795 1.0 0.178824 0.256232 1.0 0.167459 0.268608 1.0 0.186057 0.268608 1.0
0 0.310547 0.174708 0.039062 0.080409 0.305236 0.167488 1.0 0.322113 0.171098 1.0 0.312813 0.183474 1.0 0.301104 0.190692 1.0 0.318324 0.195332 1.0
0 0.421875 0.209064 0.039062 0.081871 0.416364 0.200189 1.0 0.435198 0.201754 1.0 0.427874 0.217418 1.0 0.418108 0.226817 1.0 0.431361 0.228905 1.0
0 0.450195 0.19152 0.029297 0.061404 0.444999 0.183401 1.0 0.460693 0.186925 1.0 0.453893 0.195541 1.0 0.444214 0.20494 1.0 0.45677 0.206506 1.0
0 0.508789 0.188596 0.033203 0.064327 0.500462 0.180659 1.0 0.517221 0.178637 1.0 0.509652 0.193205 1.0 0.504517 0.202512 1.0 0.515869 0.200893 1.0
0 0.612305 0.182749 0.037109 0.073099 0.605316 0.17692 1.0 0.622031 0.17414 1.0 0.614293 0.190822 1.0 0.60903 0.202406 1.0 0.62296 0.200091 1.0
0 0.689941 0.156433 0.03418 0.064327 0.681344 0.148496 1.0 0.697292 0.147687 1.0 0.688912 0.157804 1.0 0.681344 0.169943 1.0 0.697021 0.169135 1.0
0 0.646973 0.31652 0.03418 0.071637 0.63916 0.313962 1.0 0.655334 0.312591 1.0 0.6474 0.327211 1.0 0.640381 0.335892 1.0 0.655334 0.33452 1.0
0 0.552734 0.304825 0.035156 0.057018 0.542167 0.291516 1.0 0.559431 0.290798 1.0 0.551278 0.305158 1.0 0.542406 0.315209 1.0 0.56015 0.314132 1.0
0 0.602539 0.393275 0.044922 0.087719 0.590563 0.382003 1.0 0.611315 0.380893 1.0 0.599457 0.40142 1.0 0.590934 0.410297 1.0 0.610203 0.410851 1.0
0 0.763184 0.312865 0.03418 0.073099 0.755886 0.303794 1.0 0.770434 0.305646 1.0 0.763005 0.320012 1.0 0.754028 0.32789 1.0 0.769814 0.329281 1.0
0 0.728027 0.236842 0.032227 0.073099 0.720158 0.23194 1.0 0.735325 0.231013 1.0 0.726039 0.245379 1.0 0.719849 0.253721 1.0 0.733468 0.254184 1.0
0 0.824219 0.220029 0.041016 0.068713 0.813572 0.211544 1.0 0.831412 0.211544 1.0 0.822205 0.221452 1.0 0.815587 0.234806 1.0 0.830549 0.234806 1.0
0 0.85791 0.35307 0.032227 0.065789 0.847237 0.348997 1.0 0.861747 0.34482 1.0 0.852818 0.358605 1.0 0.850865 0.369883 1.0 0.8637 0.366124 1.0