0 0.075195 0.405599 0.060547 0.105469 0.084721 0.38959 1.0 0.087228 0.38959 1.0 0.106279 0.408307 1.0 0.086226 0.428362 1.0 0.08823 0.429699 1.0
0 0.078125 0.497396 0.033203 0.0625 0.069336 0.485677 1.0 0.081055 0.481771 1.0 0.080078 0.496094 1.0 0.074219 0.515625 1.0 0.086914 0.510417 1.0
0 0.19043 0.478516 0.046875 0.089844 0.198547 0.475586 1.0 0.21051 0.467611 1.0 0.21051 0.484701 1.0 0.194702 0.505779 1.0 0.208374 0.500081 1.0
0 0.281738 0.427083 0.043945 0.080729 0.288155 0.427083 1.0 0.294678 0.421457 1.0 0.300049 0.433221 1.0 0.288539 0.451125 1.0 0.293144 0.447544 1.0
0 0.402344 0.432292 0.041016 0.09375 0.409389 0.430466 1.0 0.419076 0.427531 1.0 0.419957 0.442796 1.0 0.408508 0.456885 1.0 0.415113 0.457473 1.0
0 0.484863 0.513672 0.038086 0.06901 0.485518 0.511928 1.0 0.500231 0.511492 1.0 0.49598 0.525443 1.0 0.484863 0.534163 1.0 0.495653 0.534163 1.0
0 0.46582 0.469401 0.035156 0.058594 0.0 0.0 0.0 0.0 0.0 0.0 0.0 0.0 0.0 0.0 0.0 0.0 0.0 0.0 0.0
0 0.609863 0.47526 0.043945 0.085938 0.608646 0.470285 1.0 0.628919 0.468122 1.0 0.625676 0.490286 1.0 0.614323 0.50272 1.0 0.630541 0.496233 1.0
0 0.640137 0.42513 0.03418 0.066406 0.638219 0.428246 1.0 0.650146 0.429083 1.0 0.646693 0.43829 1.0 0.635079 0.44415 1.0 0.641357 0.446242 1.0
0 0.743652 0.490885 0.041992 0.070312 0.74367 0.486491 1.0 0.756261 0.481632 1.0 0.756592 0.497094 1.0 0.749634 0.510346 1.0 0.760567 0.507254 1.0
0 0.786133 0.483073 0.033203 0.057292 0.779602 0.476197 1.0 0.792236 0.475831 1.0 0.787018 0.489746 1.0 0.780426 0.49707 1.0 0.793885 0.497436 1.0
0 0.822754 0.408203 0.036133 0.063802 0.816772 0.405924 1.0 0.832336 0.403483 1.0 0.826538 0.416096 1.0 0.82074 0.427083 1.0 0.831421 0.425862 1.0
0 0.901855 0.436849 0.03418 0.10026 0.895612 0.430443 1.0 0.894174 0.430443 1.0 0.88698 0.448986 1.0 0.892256 0.463693 1.0 0.893215 0.465611 1.0