0 0.830078 0.337159 0.041016 0.071736 0.818359 0.324247 1.0 0.836914 0.324247 1.0 0.825195 0.337159 1.0 0.818359 0.351506 1.0 0.835938 0.351506 1.0
0 0.723633 0.324247 0.041016 0.060258 0.714478 0.314357 1.0 0.730957 0.310898 1.0 0.722848 0.323966 1.0 0.717094 0.339337 1.0 0.733573 0.336647 1.0
0 0.65918 0.357963 0.039062 0.070301 0.651367 0.347202 1.0 0.669922 0.348637 1.0 0.660156 0.362984 1.0 0.650391 0.371593 1.0 0.667969 0.373027 1.0
0 0.57959 0.355093 0.040039 0.064562 0.569755 0.348637 1.0 0.586217 0.347407 1.0 0.578404 0.360525 1.0 0.572266 0.372003 1.0 0.587611 0.369542 1.0
0 0.54248 0.301291 0.038086 0.065997 0.536133 0.292478 1.0 0.552315 0.292067 1.0 0.545062 0.305595 1.0 0.53669 0.319532 1.0 0.551758 0.319123 1.0
0 0.491211 0.335007 0.039062 0.070301 0.482422 0.327116 1.0 0.5 0.327116 1.0 0.491211 0.340029 1.0 0.482422 0.352941 1.0 0.5 0.351506 1.0
0 0.374512 0.341463 0.040039 0.065997 0.366542 0.329461 1.0 0.38582 0.328192 1.0 0.3769 0.345102 1.0 0.366542 0.35271 1.0 0.385245 0.352288 1.0
0 0.349609 0.274032 0.044922 0.065997 0.339425 0.258519 1.0 0.357553 0.257673 1.0 0.348058 0.270778 1.0 0.339713 0.285996 1.0 0.356689 0.285574 1.0
0 0.260742 0.344333 0.041016 0.063128 0.256684 0.329897 1.0 0.274811 0.333125 1.0 0.267944 0.346037 1.0 0.254211 0.354106 1.0 0.272064 0.357739 1.0
0 0.202148 0.271879 0.039062 0.067432 0.196694 0.261151 1.0 0.215681 0.262868 1.0 0.207502 0.280033 1.0 0.197863 0.2869 1.0 0.214805 0.287758 1.0
0 0.141602 0.261119 0.044922 0.080344 0.132882 0.252409 1.0 0.152064 0.252921 1.0 0.14195 0.266756 1.0 0.132533 0.28059 1.0 0.151367 0.281103 1.0
0 0.123047 0.356528 0.048828 0.081779 0.116979 0.341463 1.0 0.138603 0.344026 1.0 0.128487 0.361448 1.0 0.118373 0.375795 1.0 0.133021 0.376307 1.0