0 0.065918 0.198254 0.043945 0.107232 0.067775 0.179439 1.0 0.079677 0.180165 1.0 0.076844 0.202596 1.0 0.064091 0.219963 1.0 0.079677 0.223581 1.0
0 0.13623 0.154613 0.036133 0.099751 0.136483 0.134596 1.0 0.149885 0.138471 1.0 0.145586 0.156551 1.0 0.134461 0.177858 1.0 0.149126 0.182379 1.0
0 0.175293 0.160848 0.030273 0.092269 0.173444 0.143603 1.0 0.186384 0.144783 1.0 0.180146 0.163075 1.0 0.176217 0.181955 1.0 0.185229 0.181955 1.0
0 0.205078 0.183292 0.027344 0.087282 0.0 0.0 0.0 0.0 0.0 0.0 0.0 0.0 0.0 0.0 0.0 0.0 0.0 0.0 0.0
0 0.214844 0.208229 0.017578 0.072319 0.207433 0.171045 1.0 0.215833 0.176067 1.0 0.211723 0.188848 1.0 0.204572 0.202998 1.0 0.213867 0.210756 1.0
0 0.253906 0.233167 0.023438 0.062344 0.251988 0.223905 1.0 0.264544 0.22711 1.0 0.259051 0.236731 1.0 0.253871 0.248352 1.0 0.261405 0.249155 1.0
0 0.327148 0.238155 0.021484 0.062344 0.324288 0.227691 1.0 0.333077 0.22809 1.0 0.328683 0.240514 1.0 0.323661 0.250935 1.0 0.330724 0.252539 1.0
0 0.385742 0.167082 0.023438 0.064838 0.385411 0.15389 1.0 0.394767 0.15801 1.0 0.390572 0.167895 1.0 0.383637 0.177781 1.0 0.391702 0.182312 1.0
0 0.415039 0.193267 0.019531 0.057357 0.413086 0.182045 1.0 0.423828 0.184539 1.0 0.418945 0.194514 1.0 0.413086 0.204489 1.0 0.421875 0.206983 1.0
0 0.471191 0.223192 0.018555 0.057357 0.470185 0.215556 1.0 0.478816 0.215923 1.0 0.473925 0.228781 1.0 0.46817 0.234292 1.0 0.476227 0.237599 1.0
0 0.628906 0.44389 0.021484 0.049875 0.622877 0.433536 1.0 0.630311 0.430085 1.0 0.626796 0.443546 1.0 0.62558 0.457349 1.0 0.631661 0.454244 1.0
0 0.654785 0.417706 0.022461 0.057357 0.647627 0.410401 1.0 0.656075 0.406995 1.0 0.650443 0.420623 1.0 0.648961 0.433115 1.0 0.656224 0.431599 1.0
0 0.681152 0.483791 0.026367 0.069825 0.673824 0.474783 1.0 0.684191 0.468394 1.0 0.677577 0.485738 1.0 0.676326 0.503085 1.0 0.685085 0.498519 1.0
0 0.67627 0.185786 0.020508 0.057357 0.666718 0.180643 1.0 0.671896 0.179541 1.0 0.665135 0.191663 1.0 0.668876 0.203788 1.0 0.672616 0.203052 1.0
0 0.709961 0.203242 0.019531 0.062344 0.703125 0.197007 1.0 0.710938 0.19202 1.0 0.705078 0.206983 1.0 0.708008 0.219451 1.0 0.712891 0.216958 1.0
0 0.72998 0.193267 0.024414 0.062344 0.721488 0.1812 1.0 0.732003 0.173985 1.0 0.726824 0.194825 1.0 0.724627 0.211658 1.0 0.733102 0.205247 1.0
0 0.776367 0.219451 0.025391 0.074813 0.769392 0.20911 1.0 0.781577 0.202406 1.0 0.775578 0.221077 1.0 0.770704 0.236397 1.0 0.78064 0.234002 1.0
0 0.822266 0.220698 0.029297 0.077307 0.810791 0.208175 1.0 0.823543 0.209175 1.0 0.81648 0.225708 1.0 0.810987 0.242239 1.0 0.823543 0.240738 1.0
0 0.79248 0.204489 0.018555 0.05985 0.0 0.0 0.0 0.0 0.0 0.0 0.0 0.0 0.0 0.0 0.0 0.0 0.0 0.0 0.0
0 0.85791 0.263092 0.02832 0.077307 0.849452 0.245681 1.0 0.860771 0.243721 1.0 0.854248 0.257436 1.0 0.850028 0.27801 1.0 0.861921 0.27703 1.0
0 0.890625 0.317955 0.033203 0.087282 0.87684 0.307803 1.0 0.889701 0.300566 1.0 0.883598 0.325057 1.0 0.881854 0.348993 1.0 0.895586 0.3412 1.0
0 0.936523 0.208229 0.042969 0.107232 0.9245 0.187501 1.0 0.942901 0.185397 1.0 0.932465 0.206436 1.0 0.925873 0.231686 1.0 0.940155 0.231686 1.0
0 0.885742 0.238155 0.015625 0.057357 0.0 0.0 0.0 0.0 0.0 0.0 0.0 0.0 0.0 0.0 0.0 0.0 0.0 0.0 0.0
0 0.907715 0.233167 0.014648 0.042394 0.0 0.0 0.0 0.0 0.0 0.0 0.0 0.0 0.0 0.0 0.0 0.0 0.0 0.0 0.0