0 0.031738 0.592647 0.02832 0.047059 0.026934 0.586594 1.0 0.03792 0.586003 1.0 0.033016 0.595457 1.0 0.026934 0.601956 1.0 0.037136 0.602251 1.0
0 0.11084 0.588971 0.026367 0.048529 0.10723 0.584612 1.0 0.117658 0.584309 1.0 0.112645 0.593068 1.0 0.10723 0.600315 1.0 0.117458 0.600013 1.0
0 0.130859 0.565441 0.019531 0.033824 0.127627 0.556838 1.0 0.1371 0.557971 1.0 0.13248 0.564559 1.0 0.127793 0.570809 1.0 0.135313 0.571794 1.0
0 0.175781 0.569853 0.021484 0.042647 0.171143 0.565532 1.0 0.182129 0.565257 1.0 0.177551 0.572978 1.0 0.171509 0.580974 1.0 0.181213 0.580699 1.0
0 0.242188 0.574265 0.021484 0.042647 0.237549 0.569944 1.0 0.245972 0.569669 1.0 0.242127 0.579321 1.0 0.237183 0.584007 1.0 0.247619 0.583732 1.0
0 0.311035 0.551471 0.020508 0.044118 0.308297 0.545654 1.0 0.317108 0.545937 1.0 0.313172 0.556099 1.0 0.307173 0.560616 1.0 0.317296 0.560899 1.0
0 0.371582 0.553676 0.020508 0.042647 0.367798 0.550735 1.0 0.377502 0.550735 1.0 0.372192 0.559835 1.0 0.368164 0.563419 1.0 0.376221 0.563144 1.0
0 0.423828 0.540441 0.017578 0.039706 0.419577 0.537625 1.0 0.428589 0.537625 1.0 0.422978 0.54505 1.0 0.419407 0.550682 1.0 0.428079 0.550426 1.0
0 0.47168 0.544853 0.017578 0.030882 0.467407 0.540126 1.0 0.476867 0.538904 1.0 0.473084 0.545825 1.0 0.468354 0.550709 1.0 0.476057 0.550099 1.0
0 0.518555 0.547059 0.017578 0.035294 0.514021 0.54291 1.0 0.521136 0.54224 1.0 0.517727 0.550946 1.0 0.514169 0.554516 1.0 0.52247 0.554294 1.0
0 0.567383 0.554412 0.015625 0.032353 0.564593 0.549126 1.0 0.571211 0.549344 1.0 0.567326 0.555843 1.0 0.56301 0.559959 1.0 0.57193 0.560393 1.0
0 0.62207 0.569853 0.017578 0.033824 0.618561 0.565303 1.0 0.626042 0.565087 1.0 0.622589 0.573319 1.0 0.619137 0.578953 1.0 0.626474 0.578735 1.0
0 0.679199 0.580882 0.018555 0.032353 0.674844 0.577094 1.0 0.683629 0.577704 1.0 0.678898 0.584218 1.0 0.675249 0.589101 1.0 0.682817 0.588899 1.0
0 0.725586 0.569118 0.017578 0.035294 0.721096 0.563853 1.0 0.730582 0.562737 1.0 0.726432 0.571665 1.0 0.721688 0.577915 1.0 0.731026 0.575906 1.0
0 0.758789 0.536029 0.019531 0.030882 0.752938 0.531946 1.0 0.760917 0.530371 1.0 0.755685 0.536476 1.0 0.7532 0.541794 1.0 0.762355 0.540612 1.0
0 0.793945 0.563971 0.017578 0.030882 0.790676 0.556841 1.0 0.798653 0.556644 1.0 0.794207 0.564325 1.0 0.790545 0.569249 1.0 0.798 0.569446 1.0
0 0.82666 0.519118 0.016602 0.029412 0.822475 0.516951 1.0 0.830715 0.516754 1.0 0.825744 0.524041 1.0 0.822475 0.528572 1.0 0.830061 0.528572 1.0
0 0.849609 0.570588 0.019531 0.038235 0.84525 0.565481 1.0 0.854283 0.565481 1.0 0.849928 0.571796 1.0 0.844766 0.578354 1.0 0.855251 0.578597 1.0
0 0.924805 0.563235 0.021484 0.032353 0.920619 0.555987 1.0 0.928432 0.555987 1.0 0.924247 0.56334 1.0 0.917132 0.565862 1.0 0.930385 0.567122 1.0
0 0.063477 0.430882 0.021484 0.038235 0.061157 0.425644 1.0 0.070932 0.425394 1.0 0.067121 0.431381 1.0 0.062979 0.439115 1.0 0.070932 0.438616 1.0
0 0.09082 0.457353 0.017578 0.035294 0.088867 0.457353 1.0 0.09668 0.457353 1.0 0.092773 0.460294 1.0 0.087891 0.466176 1.0 0.095703 0.467647 1.0
0 0.116211 0.452941 0.021484 0.038235 0.114109 0.447834 1.0 0.123627 0.447591 1.0 0.11911 0.454878 1.0 0.113948 0.460707 1.0 0.122981 0.46095 1.0
0 0.143555 0.454412 0.017578 0.029412 0.139636 0.449297 1.0 0.147601 0.448535 1.0 0.144313 0.455962 1.0 0.140141 0.459769 1.0 0.148738 0.458818 1.0
0 0.158691 0.4375 0.014648 0.025 0.154994 0.432825 1.0 0.162005 0.433456 1.0 0.158656 0.437553 1.0 0.155413 0.443225 1.0 0.160854 0.443382 1.0
0 0.17627 0.425735 0.014648 0.027941 0.173662 0.422493 1.0 0.178842 0.421782 1.0 0.176252 0.425151 1.0 0.174016 0.429582 1.0 0.178842 0.429228 1.0
0 0.182617 0.452206 0.021484 0.033824 0.177181 0.445319 1.0 0.186676 0.443803 1.0 0.18236 0.452035 1.0 0.178907 0.459401 1.0 0.187684 0.457885 1.0
0 0.200684 0.4375 0.016602 0.036765 0.199271 0.433928 1.0 0.206805 0.435582 1.0 0.203666 0.440782 1.0 0.197701 0.446219 1.0 0.205549 0.448109 1.0
0 0.217773 0.427941 0.013672 0.023529 0.21582 0.425 1.0 0.223633 0.426471 1.0 0.219727 0.427941 1.0 0.21582 0.432353 1.0 0.223633 0.433824 1.0
0 0.223633 0.458824 0.019531 0.032353 0.220075 0.454832 1.0 0.227748 0.453781 1.0 0.223702 0.461134 1.0 0.220215 0.466807 1.0 0.22733 0.467226 1.0
0 0.242676 0.440441 0.018555 0.033824 0.239454 0.433941 1.0 0.246504 0.433941 1.0 0.243051 0.439575 1.0 0.239742 0.446074 1.0 0.246216 0.446074 1.0
0 0.258789 0.434559 0.009766 0.019118 0.0 0.0 0.0 0.0 0.0 0.0 0.0 0.0 0.0 0.0 0.0 0.0 0.0 0.0 0.0
0 0.26416 0.454412 0.016602 0.029412 0.262011 0.447584 1.0 0.269471 0.447584 1.0 0.266562 0.453487 1.0 0.261505 0.459578 1.0 0.270103 0.459197 1.0
0 0.28418 0.442647 0.015625 0.029412 0.28125 0.438235 1.0 0.291016 0.441176 1.0 0.286133 0.444118 1.0 0.28125 0.45 1.0 0.288086 0.45 1.0
0 0.316406 0.449265 0.017578 0.033824 0.311258 0.444932 1.0 0.319602 0.443632 1.0 0.315861 0.453597 1.0 0.312121 0.457931 1.0 0.320178 0.456847 1.0
0 0.30957 0.394118 0.015625 0.026471 0.306623 0.387526 1.0 0.314218 0.388209 1.0 0.310591 0.393159 1.0 0.306736 0.398963 1.0 0.313537 0.398963 1.0
0 0.336914 0.404412 0.013672 0.029412 0.334765 0.401201 1.0 0.34096 0.403296 1.0 0.337673 0.407675 1.0 0.334006 0.413196 1.0 0.339442 0.413576 1.0
0 0.341309 0.380882 0.012695 0.020588 0.3367 0.380285 1.0 0.342285 0.379596 1.0 0.338897 0.385249 1.0 0.337982 0.389247 1.0 0.341095 0.388832 1.0
0 0.352539 0.401471 0.013672 0.026471 0.351973 0.397099 1.0 0.356279 0.397781 1.0 0.353899 0.402219 1.0 0.350839 0.406999 1.0 0.3556 0.407169 1.0
0 0.36377 0.382353 0.014648 0.026471 0.0 0.0 0.0 0.0 0.0 0.0 0.0 0.0 0.0 0.0 0.0 0.0 0.0 0.0 0.0
0 0.381836 0.391176 0.015625 0.029412 0.37834 0.386844 1.0 0.385141 0.386647 1.0 0.381609 0.391965 1.0 0.377947 0.397676 1.0 0.386056 0.397479 1.0
0 0.396484 0.385294 0.013672 0.026471 0.392578 0.380882 1.0 0.400391 0.380882 1.0 0.396484 0.383824 1.0 0.393555 0.391176 1.0 0.401367 0.388235 1.0
0 0.408691 0.393382 0.012695 0.025 0.405753 0.387638 1.0 0.410767 0.38731 1.0 0.407715 0.393218 1.0 0.406298 0.399291 1.0 0.410657 0.398963 1.0
0 0.423828 0.392647 0.015625 0.029412 0.42119 0.385819 1.0 0.42865 0.385819 1.0 0.424857 0.392293 1.0 0.42157 0.397624 1.0 0.427259 0.397813 1.0
0 0.354004 0.452206 0.020508 0.036765 0.350865 0.446035 1.0 0.360125 0.445562 1.0 0.355103 0.453597 1.0 0.351179 0.459506 1.0 0.359654 0.459034 1.0
0 0.383301 0.450735 0.018555 0.030882 0.380515 0.447432 1.0 0.388219 0.44784 1.0 0.38484 0.453131 1.0 0.381731 0.459237 1.0 0.387543 0.459644 1.0
0 0.42041 0.443382 0.016602 0.030882 0.418112 0.439312 1.0 0.424194 0.439109 1.0 0.421086 0.444807 1.0 0.417437 0.449896 1.0 0.4246 0.449896 1.0
0 0.438477 0.385294 0.011719 0.017647 0.438477 0.383824 1.0 0.442383 0.382353 1.0 0.441406 0.388235 1.0 0.439453 0.395588 1.0 0.442383 0.394118 1.0
0 0.449219 0.396324 0.013672 0.025 0.447043 0.392556 1.0 0.45282 0.393047 1.0 0.450313 0.398135 1.0 0.447152 0.402238 1.0 0.452166 0.40191 1.0
0 0.459961 0.401471 0.009766 0.020588 0.457851 0.397506 1.0 0.462995 0.397506 1.0 0.46038 0.401707 1.0 0.458636 0.406434 1.0 0.462036 0.406434 1.0
0 0.469727 0.391176 0.013672 0.029412 0.466797 0.386949 1.0 0.473389 0.386765 1.0 0.469971 0.393199 1.0 0.466919 0.397426 1.0 0.473022 0.397426 1.0
0 0.485352 0.394853 0.015625 0.027941 0.483154 0.389706 1.0 0.489624 0.390441 1.0 0.486084 0.39614 1.0 0.482422 0.401287 1.0 0.48999 0.401654 1.0
0 0.491211 0.375 0.011719 0.020588 0.0 0.0 0.0 0.0 0.0 0.0 0.0 0.0 0.0 0.0 0.0 0.0 0.0 0.0 0.0
0 0.501953 0.392647 0.013672 0.023529 0.499198 0.389128 1.0 0.505476 0.389128 1.0 0.502337 0.394328 1.0 0.499616 0.399528 1.0 0.50422 0.399843 1.0
0 0.516113 0.377941 0.014648 0.029412 0.512939 0.371875 1.0 0.518555 0.37114 1.0 0.515625 0.37739 1.0 0.512939 0.382721 1.0 0.519409 0.381434 1.0
0 0.528809 0.393382 0.012695 0.019118 0.526093 0.390913 1.0 0.530648 0.391538 1.0 0.527998 0.394531 1.0 0.526176 0.396028 1.0 0.530731 0.396153 1.0
0 0.544434 0.395588 0.014648 0.029412 0.542114 0.391951 1.0 0.548784 0.391951 1.0 0.544861 0.398253 1.0 0.542769 0.401601 1.0 0.547869 0.401012 1.0
0 0.563965 0.404412 0.012695 0.023529 0.562919 0.400788 1.0 0.56794 0.402678 1.0 0.565011 0.40709 1.0 0.562187 0.409296 1.0 0.565743 0.410557 1.0
0 0.477539 0.448529 0.017578 0.029412 0.472896 0.442274 1.0 0.481367 0.442082 1.0 0.476815 0.449126 1.0 0.473148 0.453506 1.0 0.480481 0.453315 1.0
0 0.527832 0.453676 0.016602 0.030882 0.524414 0.451471 1.0 0.532227 0.448529 1.0 0.529297 0.452941 1.0 0.525391 0.461765 1.0 0.533203 0.458824 1.0
0 0.561035 0.455147 0.014648 0.027941 0.560059 0.449081 1.0 0.566162 0.450551 1.0 0.562988 0.456434 1.0 0.558838 0.459191 1.0 0.565674 0.460846 1.0
0 0.574707 0.397059 0.010742 0.023529 0.571289 0.394118 1.0 0.578125 0.394118 1.0 0.574219 0.398529 1.0 0.571289 0.401471 1.0 0.578125 0.402941 1.0
0 0.586914 0.403676 0.013672 0.027941 0.583496 0.400919 1.0 0.589966 0.400368 1.0 0.587036 0.406434 1.0 0.585205 0.41011 1.0 0.589844 0.409743 1.0
0 0.599121 0.395588 0.010742 0.023529 0.0 0.0 0.0 0.0 0.0 0.0 0.0 0.0 0.0 0.0 0.0 0.0 0.0 0.0 0.0
0 0.60498 0.411029 0.014648 0.025 0.602421 0.407747 1.0 0.608198 0.407582 1.0 0.605691 0.412671 1.0 0.60253 0.418251 1.0 0.608634 0.418087 1.0
0 0.618164 0.411029 0.011719 0.022059 0.616054 0.407984 1.0 0.62085 0.406538 1.0 0.618739 0.41275 1.0 0.61826 0.41636 1.0 0.622288 0.414626 1.0
0 0.631348 0.407353 0.012695 0.020588 0.626953 0.407353 1.0 0.631836 0.404412 1.0 0.630859 0.408824 1.0 0.628906 0.416176 1.0 0.632812 0.413235 1.0
0 0.63916 0.402941 0.014648 0.026471 0.635742 0.398529 1.0 0.643555 0.397059 1.0 0.638672 0.401471 1.0 0.636719 0.408824 1.0 0.641602 0.407353 1.0
0 0.655273 0.4 0.013672 0.023529 0.65298 0.394735 1.0 0.659197 0.394735 1.0 0.656791 0.398207 1.0 0.653582 0.401982 1.0 0.657793 0.402134 1.0
0 0.665039 0.420588 0.013672 0.029412 0.662109 0.417647 1.0 0.669922 0.416176 1.0 0.666016 0.422059 1.0 0.663086 0.426471 1.0 0.669922 0.426471 1.0
0 0.68457 0.421324 0.015625 0.027941 0.680664 0.418382 1.0 0.687256 0.418199 1.0 0.683594 0.422243 1.0 0.680298 0.428493 1.0 0.687866 0.427206 1.0
0 0.603027 0.478676 0.016602 0.022059 0.599544 0.47179 1.0 0.606302 0.471625 1.0 0.602923 0.478026 1.0 0.600961 0.482787 1.0 0.60543 0.48295 1.0
0 0.645508 0.449265 0.017578 0.030882 0.643546 0.443212 1.0 0.650216 0.443606 1.0 0.647339 0.449515 1.0 0.643677 0.454635 1.0 0.649955 0.454635 1.0
0 0.69873 0.448529 0.016602 0.029412 0.694323 0.443987 1.0 0.702667 0.443034 1.0 0.699127 0.450269 1.0 0.695587 0.455219 1.0 0.702035 0.453887 1.0
0 0.717285 0.455882 0.012695 0.026471 0.714451 0.452022 1.0 0.720232 0.45151 1.0 0.717852 0.457484 1.0 0.716038 0.462093 1.0 0.719552 0.461922 1.0
0 0.727539 0.438971 0.013672 0.025 0.724609 0.435294 1.0 0.731445 0.435294 1.0 0.727539 0.439706 1.0 0.724609 0.445588 1.0 0.730469 0.445588 1.0
0 0.743652 0.433088 0.016602 0.030882 0.739799 0.428807 1.0 0.745422 0.428021 1.0 0.742938 0.434519 1.0 0.740714 0.439443 1.0 0.745945 0.438853 1.0
0 0.765625 0.441912 0.015625 0.025 0.761867 0.439128 1.0 0.769823 0.438635 1.0 0.765572 0.443888 1.0 0.762303 0.449468 1.0 0.768516 0.449468 1.0
0 0.789062 0.426471 0.013672 0.017647 0.786133 0.423529 1.0 0.792969 0.423529 1.0 0.790039 0.427941 1.0 0.787109 0.432353 1.0 0.791016 0.432353 1.0
0 0.785156 0.447794 0.013672 0.022059 0.0 0.0 0.0 0.0 0.0 0.0 0.0 0.0 0.0 0.0 0.0 0.0 0.0 0.0 0.0
0 0.793457 0.463971 0.014648 0.025 0.78959 0.457084 1.0 0.79613 0.458725 1.0 0.792206 0.462993 1.0 0.787955 0.466931 1.0 0.796675 0.468244 1.0
0 0.812988 0.441176 0.016602 0.026471 0.807853 0.436975 1.0 0.816127 0.435779 1.0 0.812047 0.441584 1.0 0.808646 0.447899 1.0 0.815674 0.447216 1.0
0 0.82373 0.460294 0.016602 0.029412 0.821075 0.455179 1.0 0.828408 0.455179 1.0 0.825248 0.461844 1.0 0.820822 0.465271 1.0 0.827776 0.465271 1.0
0 0.847168 0.460294 0.016602 0.026471 0.841797 0.455882 1.0 0.849609 0.455882 1.0 0.844727 0.458824 1.0 0.842773 0.466176 1.0 0.850586 0.466176 1.0
0 0.861816 0.442647 0.012695 0.017647 0.858398 0.439706 1.0 0.866211 0.438235 1.0 0.863281 0.439706 1.0 0.860352 0.445588 1.0 0.864258 0.445588 1.0
0 0.861816 0.472059 0.014648 0.026471 0.857928 0.470759 1.0 0.863595 0.468199 1.0 0.860421 0.474685 1.0 0.860194 0.47844 1.0 0.864049 0.477416 1.0
0 0.880371 0.4625 0.018555 0.025 0.875854 0.455699 1.0 0.884277 0.455147 1.0 0.879517 0.462316 1.0 0.876221 0.466728 1.0 0.883179 0.465993 1.0
0 0.891113 0.442647 0.014648 0.023529 0.0 0.0 0.0 0.0 0.0 0.0 0.0 0.0 0.0 0.0 0.0 0.0 0.0 0.0 0.0
0 0.902344 0.461765 0.015625 0.029412 0.898568 0.459125 1.0 0.904511 0.457984 1.0 0.902108 0.465028 1.0 0.898947 0.469406 1.0 0.905648 0.469597 1.0
0 0.913574 0.454412 0.018555 0.029412 0.909277 0.450235 1.0 0.91752 0.449221 1.0 0.913242 0.455471 1.0 0.910273 0.460588 1.0 0.917656 0.459809 1.0
0 0.915527 0.426471 0.016602 0.023529 0.911586 0.420221 1.0 0.920062 0.420221 1.0 0.915248 0.425578 1.0 0.9119 0.429044 1.0 0.917655 0.429359 1.0
0 0.935059 0.4375 0.018555 0.033824 0.930398 0.434034 1.0 0.939462 0.4336 1.0 0.93457 0.43945 1.0 0.929679 0.44595 1.0 0.939318 0.444866 1.0
0 0.959961 0.439706 0.023438 0.035294 0.953125 0.435294 1.0 0.963867 0.435294 1.0 0.958008 0.441176 1.0 0.954102 0.45 1.0 0.963867 0.45 1.0