0 0.128418 0.371829 0.02832 0.044059 0.120117 0.361816 1.0 0.134766 0.363151 1.0 0.125977 0.372497 1.0 0.119141 0.384513 1.0 0.132812 0.384513 1.0
0 0.164551 0.401869 0.038086 0.056075 0.160436 0.396505 1.0 0.174822 0.400439 1.0 0.168282 0.410809 1.0 0.158081 0.414028 1.0 0.169853 0.418319 1.0
0 0.218262 0.357143 0.032227 0.05741 0.211613 0.353507 1.0 0.225176 0.350598 1.0 0.220123 0.361143 1.0 0.214539 0.371686 1.0 0.226506 0.370232 1.0
0 0.334961 0.337116 0.03125 0.05474 0.330697 0.330226 1.0 0.343846 0.337486 1.0 0.335249 0.34198 1.0 0.328169 0.348893 1.0 0.335754 0.353043 1.0
0 0.404785 0.368491 0.03418 0.061415 0.398438 0.361816 1.0 0.413086 0.363151 1.0 0.405273 0.373832 1.0 0.398438 0.383178 1.0 0.410156 0.385848 1.0
0 0.302246 0.402537 0.030273 0.052069 0.294434 0.394526 1.0 0.307373 0.394526 1.0 0.300537 0.405874 1.0 0.294922 0.414887 1.0 0.308105 0.414887 1.0
0 0.500488 0.411215 0.032227 0.048064 0.494141 0.399199 1.0 0.510742 0.399199 1.0 0.503906 0.408545 1.0 0.496094 0.419226 1.0 0.510742 0.419226 1.0
0 0.544434 0.520027 0.036133 0.046729 0.535422 0.505776 1.0 0.552059 0.505144 1.0 0.54351 0.516517 1.0 0.53704 0.526941 1.0 0.552521 0.525045 1.0
0 0.452637 0.493992 0.036133 0.066756 0.442112 0.487399 1.0 0.457898 0.487399 1.0 0.448303 0.501364 1.0 0.442731 0.509829 1.0 0.459446 0.509829 1.0
0 0.614258 0.393858 0.035156 0.061415 0.60434 0.386218 1.0 0.620775 0.383893 1.0 0.611991 0.397453 1.0 0.60774 0.408688 1.0 0.621342 0.406363 1.0
0 0.766113 0.341789 0.040039 0.072096 0.754359 0.3323 1.0 0.771258 0.331848 1.0 0.76198 0.348607 1.0 0.754028 0.356308 1.0 0.773577 0.355856 1.0
0 0.708496 0.344459 0.038086 0.058745 0.697266 0.339119 1.0 0.710938 0.333778 1.0 0.703125 0.34713 1.0 0.698242 0.361816 1.0 0.712891 0.356475 1.0
0 0.91748 0.313752 0.043945 0.080107 0.905273 0.303905 1.0 0.924316 0.301402 1.0 0.914429 0.320928 1.0 0.908569 0.333445 1.0 0.92395 0.330941 1.0
0 0.853027 0.337116 0.03418 0.05474 0.842773 0.327103 1.0 0.858398 0.325768 1.0 0.851562 0.339119 1.0 0.845703 0.3498 1.0 0.859375 0.3498 1.0