0 0.154297 0.350722 0.03125 0.065811 0.14658 0.344803 1.0 0.164071 0.34438 1.0 0.155068 0.358754 1.0 0.149667 0.368056 1.0 0.160984 0.366788 1.0
0 0.240234 0.365971 0.033203 0.073836 0.235779 0.362839 1.0 0.249664 0.360045 1.0 0.24513 0.369361 1.0 0.238329 0.383799 1.0 0.250798 0.382403 1.0
0 0.272461 0.357143 0.029297 0.069021 0.268027 0.350292 1.0 0.279729 0.35379 1.0 0.274144 0.366902 1.0 0.267229 0.373897 1.0 0.275739 0.376518 1.0
0 0.349121 0.326645 0.02832 0.072231 0.342285 0.321716 1.0 0.356236 0.319881 1.0 0.350655 0.335474 1.0 0.345912 0.345563 1.0 0.356236 0.345104 1.0
0 0.339844 0.410915 0.033203 0.070626 0.332215 0.402438 1.0 0.34787 0.404244 1.0 0.339081 0.416433 1.0 0.332489 0.42817 1.0 0.345398 0.427719 1.0
0 0.416504 0.34992 0.030273 0.073836 0.407759 0.342167 1.0 0.423009 0.342167 1.0 0.415527 0.357774 1.0 0.409197 0.364867 1.0 0.41898 0.365814 1.0
0 0.439941 0.392456 0.032227 0.081862 0.435859 0.386067 1.0 0.451016 0.388491 1.0 0.443643 0.400562 1.0 0.435947 0.41122 1.0 0.447627 0.413162 1.0
0 0.515137 0.369984 0.030273 0.05618 0.507756 0.361944 1.0 0.520207 0.358289 1.0 0.514204 0.373273 1.0 0.509757 0.384602 1.0 0.521985 0.382043 1.0
0 0.547363 0.414928 0.030273 0.069021 0.538056 0.408952 1.0 0.553479 0.405018 1.0 0.545768 0.423814 1.0 0.542045 0.432555 1.0 0.553746 0.429933 1.0
0 0.62207 0.329856 0.033203 0.065811 0.615234 0.319422 1.0 0.630859 0.319422 1.0 0.624023 0.333868 1.0 0.617188 0.345104 1.0 0.628906 0.345104 1.0
0 0.635254 0.410112 0.032227 0.072231 0.627721 0.401055 1.0 0.644183 0.399679 1.0 0.636091 0.41252 1.0 0.630231 0.424445 1.0 0.64195 0.423526 1.0
0 0.729492 0.396469 0.033203 0.070626 0.722748 0.393409 1.0 0.737305 0.391604 1.0 0.731262 0.406501 1.0 0.724945 0.415981 1.0 0.737854 0.41553 1.0
0 0.789551 0.347512 0.032227 0.069021 0.780818 0.343721 1.0 0.795711 0.341973 1.0 0.789328 0.357271 1.0 0.781616 0.365576 1.0 0.795179 0.36514 1.0
0 0.830566 0.376404 0.030273 0.078652 0.822069 0.367382 1.0 0.838013 0.366393 1.0 0.828387 0.380238 1.0 0.822671 0.392599 1.0 0.83681 0.392599 1.0
0 0.880371 0.502408 0.006836 0.016051 0.0 0.0 0.0 0.0 0.0 0.0 0.0 0.0 0.0 0.0 0.0 0.0 0.0 0.0 0.0