0 0.908691 0.335938 0.036133 0.049479 0.901394 0.327415 1.0 0.915519 0.326788 1.0 0.907985 0.336833 1.0 0.903512 0.344993 1.0 0.913635 0.34468 1.0
0 0.860352 0.376953 0.033203 0.05599 0.849321 0.369094 1.0 0.863647 0.368374 1.0 0.854457 0.379546 1.0 0.851214 0.39216 1.0 0.862566 0.389637 1.0
0 0.798828 0.356771 0.03125 0.046875 0.787488 0.349301 1.0 0.795937 0.349301 1.0 0.78949 0.360271 1.0 0.787488 0.367978 1.0 0.797271 0.368867 1.0
0 0.717773 0.350911 0.03125 0.045573 0.711888 0.345319 1.0 0.726057 0.345029 1.0 0.719081 0.35491 1.0 0.713195 0.361887 1.0 0.724967 0.361595 1.0
0 0.755371 0.417318 0.032227 0.048177 0.748762 0.407878 1.0 0.762651 0.407878 1.0 0.755589 0.418865 1.0 0.748291 0.427025 1.0 0.76171 0.427025 1.0
0 0.65918 0.440755 0.029297 0.048177 0.652152 0.433757 1.0 0.66598 0.432547 1.0 0.658272 0.441918 1.0 0.653966 0.45159 1.0 0.66462 0.451893 1.0
0 0.630371 0.356771 0.02832 0.041667 0.6187 0.35115 1.0 0.626155 0.347488 1.0 0.618504 0.356905 1.0 0.62027 0.368937 1.0 0.626744 0.36606 1.0
0 0.57666 0.345052 0.02832 0.044271 0.572754 0.336995 1.0 0.584717 0.336711 1.0 0.580658 0.346965 1.0 0.574677 0.355794 1.0 0.584076 0.35494 1.0
0 0.561523 0.446615 0.033203 0.046875 0.555821 0.438965 1.0 0.571464 0.440779 1.0 0.563075 0.451056 1.0 0.558088 0.458914 1.0 0.567836 0.459217 1.0
0 0.493652 0.335286 0.02832 0.048177 0.4888 0.330974 1.0 0.501277 0.330974 1.0 0.494576 0.340523 1.0 0.489031 0.347918 1.0 0.499429 0.347918 1.0
0 0.454102 0.401042 0.037109 0.049479 0.449629 0.393148 1.0 0.464225 0.39409 1.0 0.455514 0.403507 1.0 0.44798 0.411668 1.0 0.462342 0.412923 1.0
0 0.390625 0.34375 0.029297 0.041667 0.385721 0.336298 1.0 0.399846 0.336822 1.0 0.393567 0.343884 1.0 0.387879 0.354086 1.0 0.396903 0.354608 1.0
0 0.338379 0.389974 0.03418 0.05599 0.333104 0.379691 1.0 0.347465 0.3804 1.0 0.340019 0.392811 1.0 0.33337 0.404158 1.0 0.345603 0.404867 1.0
0 0.297852 0.339844 0.03125 0.046875 0.290915 0.332374 1.0 0.305812 0.332374 1.0 0.296474 0.343344 1.0 0.29136 0.350754 1.0 0.305367 0.352237 1.0
0 0.231934 0.383464 0.03418 0.050781 0.226074 0.375651 1.0 0.239502 0.375 1.0 0.233643 0.385417 1.0 0.228516 0.394531 1.0 0.238525 0.394206 1.0
0 0.20459 0.329427 0.030273 0.049479 0.199219 0.324219 1.0 0.211914 0.324219 1.0 0.205078 0.333333 1.0 0.198242 0.342448 1.0 0.210938 0.34375 1.0
0 0.119141 0.302083 0.03125 0.044271 0.113739 0.294311 1.0 0.127625 0.294311 1.0 0.121002 0.303141 1.0 0.114166 0.311117 1.0 0.127625 0.310262 1.0
0 0.125 0.393229 0.033203 0.046875 0.125 0.386719 1.0 0.137695 0.385417 1.0 0.134766 0.394531 1.0 0.128906 0.408854 1.0 0.137695 0.407552 1.0