0 0.307617 0.575521 0.072266 0.140625 0.297773 0.550137 1.0 0.327824 0.549262 1.0 0.31403 0.584295 1.0 0.296788 0.600934 1.0 0.323883 0.603563 1.0
0 0.34082 0.351562 0.046875 0.102431 0.337891 0.335069 1.0 0.357422 0.348958 1.0 0.345703 0.355903 1.0 0.331055 0.369792 1.0 0.349609 0.380208 1.0
0 0.101074 0.368924 0.05957 0.109375 0.091374 0.346493 1.0 0.116982 0.345115 1.0 0.105343 0.370637 1.0 0.093314 0.392021 1.0 0.116595 0.387191 1.0
0 0.547852 0.438368 0.048828 0.102431 0.537594 0.413474 1.0 0.56039 0.42055 1.0 0.548449 0.434701 1.0 0.536508 0.450785 1.0 0.557133 0.458503 1.0
0 0.665527 0.37066 0.041992 0.085069 0.656189 0.352972 1.0 0.676636 0.355686 1.0 0.665344 0.37576 1.0 0.65741 0.387153 1.0 0.672974 0.388238 1.0
0 0.47168 0.292535 0.041016 0.088542 0.462542 0.270462 1.0 0.482631 0.271578 1.0 0.472272 0.291667 1.0 0.464425 0.310641 1.0 0.476981 0.311198 1.0
0 0.563965 0.359375 0.043945 0.09375 0.556187 0.336403 1.0 0.576398 0.347594 1.0 0.564471 0.363498 1.0 0.55453 0.378812 1.0 0.568446 0.389417 1.0
0 0.62207 0.318576 0.037109 0.071181 0.613221 0.306021 1.0 0.629909 0.301076 1.0 0.621564 0.317259 1.0 0.616255 0.332094 1.0 0.633196 0.327597 1.0
0 0.901367 0.323785 0.044922 0.088542 0.88783 0.302851 1.0 0.911699 0.302851 1.0 0.89897 0.320957 1.0 0.88974 0.339627 1.0 0.910108 0.341325 1.0
0 0.885254 0.493924 0.047852 0.095486 0.870675 0.477943 1.0 0.892438 0.478547 1.0 0.878496 0.499705 1.0 0.872035 0.513609 1.0 0.889718 0.513005 1.0
0 0.78418 0.328125 0.041016 0.079861 0.773133 0.31278 1.0 0.790685 0.311245 1.0 0.781189 0.330682 1.0 0.775722 0.345517 1.0 0.789821 0.341936 1.0
0 0.449219 0.606771 0.058594 0.119792 0.435913 0.580078 1.0 0.463257 0.577799 1.0 0.447876 0.609701 1.0 0.435913 0.629448 1.0 0.461975 0.625651 1.0