0 0.899414 0.287597 0.033203 0.069767 0.891253 0.28062 1.0 0.905204 0.281064 1.0 0.897949 0.294352 1.0 0.892369 0.302326 1.0 0.903809 0.30144 1.0
0 0.827637 0.303876 0.032227 0.074419 0.819336 0.299169 1.0 0.834455 0.298699 1.0 0.826747 0.312347 1.0 0.820226 0.323172 1.0 0.834455 0.322231 1.0
0 0.875 0.422481 0.037109 0.072868 0.864136 0.41747 1.0 0.879255 0.415116 1.0 0.871251 0.430648 1.0 0.867101 0.441944 1.0 0.881923 0.439591 1.0
0 0.792969 0.520155 0.03125 0.072868 0.784981 0.512577 1.0 0.799003 0.511184 1.0 0.790824 0.527416 1.0 0.784397 0.537153 1.0 0.799879 0.535763 1.0
0 0.690918 0.528682 0.02832 0.065116 0.681798 0.518715 1.0 0.699062 0.519961 1.0 0.689645 0.534081 1.0 0.683105 0.542386 1.0 0.695923 0.541971 1.0
0 0.616211 0.524031 0.03125 0.071318 0.609566 0.516507 1.0 0.624869 0.518757 1.0 0.615518 0.533603 1.0 0.609 0.539002 1.0 0.623169 0.540352 1.0
0 0.76416 0.262791 0.032227 0.057364 0.755354 0.25582 1.0 0.768062 0.256188 1.0 0.759975 0.266091 1.0 0.755354 0.277831 1.0 0.768062 0.277831 1.0
0 0.697266 0.299225 0.03125 0.065116 0.690465 0.291445 1.0 0.704852 0.29186 1.0 0.697266 0.306811 1.0 0.690987 0.314285 1.0 0.703805 0.314701 1.0
0 0.624512 0.304651 0.030273 0.060465 0.615967 0.296124 1.0 0.631348 0.294961 1.0 0.622559 0.30969 1.0 0.617676 0.317442 1.0 0.629883 0.316667 1.0
0 0.552246 0.306977 0.030273 0.068217 0.545105 0.302713 1.0 0.559937 0.303149 1.0 0.552795 0.315358 1.0 0.54538 0.323208 1.0 0.560486 0.322772 1.0
0 0.486816 0.293798 0.032227 0.066667 0.478394 0.289998 1.0 0.493286 0.289153 1.0 0.483979 0.302242 1.0 0.478394 0.310687 1.0 0.494616 0.30942 1.0
0 0.406738 0.26124 0.030273 0.063566 0.40121 0.254042 1.0 0.41537 0.252837 1.0 0.408796 0.264479 1.0 0.400704 0.276522 1.0 0.414106 0.276121 1.0
0 0.322266 0.265891 0.03125 0.063566 0.318538 0.25724 1.0 0.332703 0.255662 1.0 0.327235 0.26947 1.0 0.319035 0.279333 1.0 0.332951 0.278149 1.0
0 0.249023 0.265891 0.03125 0.066667 0.244324 0.258291 1.0 0.258152 0.258715 1.0 0.253365 0.272647 1.0 0.246717 0.28278 1.0 0.257887 0.282358 1.0
0 0.16748 0.275194 0.030273 0.063566 0.163182 0.265588 1.0 0.177595 0.266389 1.0 0.171021 0.276828 1.0 0.16217 0.287265 1.0 0.176583 0.287667 1.0
0 0.084961 0.296899 0.03125 0.063566 0.082197 0.28649 1.0 0.095346 0.288095 1.0 0.089783 0.297329 1.0 0.081186 0.309372 1.0 0.092817 0.310174 1.0
0 0.541016 0.517054 0.03125 0.060465 0.533203 0.50814 1.0 0.549072 0.509302 1.0 0.539307 0.521705 1.0 0.532715 0.53062 1.0 0.547363 0.532171 1.0
0 0.451172 0.532558 0.033203 0.072868 0.444065 0.526758 1.0 0.461905 0.525388 1.0 0.453273 0.541377 1.0 0.444641 0.549598 1.0 0.460467 0.548685 1.0
0 0.355957 0.518605 0.03418 0.060465 0.351074 0.511628 1.0 0.36792 0.512791 1.0 0.359131 0.525581 1.0 0.351318 0.534109 1.0 0.364502 0.534109 1.0
0 0.268066 0.510078 0.032227 0.068217 0.260162 0.504505 1.0 0.278016 0.502326 1.0 0.269775 0.514535 1.0 0.262085 0.524564 1.0 0.275269 0.524564 1.0
0 0.182617 0.500775 0.033203 0.065116 0.176601 0.491223 1.0 0.19308 0.489978 1.0 0.186279 0.504098 1.0 0.177647 0.51365 1.0 0.19308 0.512403 1.0
0 0.097168 0.417829 0.032227 0.075969 0.089159 0.412099 1.0 0.104802 0.411622 1.0 0.09698 0.429291 1.0 0.091265 0.438843 1.0 0.104802 0.436454 1.0