0 0.055664 0.351988 0.025391 0.041237 0.052211 0.343677 1.0 0.0625 0.344993 1.0 0.057617 0.355249 1.0 0.053083 0.362876 1.0 0.061803 0.361825 1.0
0 0.134766 0.349043 0.021484 0.041237 0.131452 0.342311 1.0 0.140869 0.343362 1.0 0.135638 0.351515 1.0 0.132499 0.356775 1.0 0.140694 0.356511 1.0
0 0.155273 0.5081 0.023438 0.038292 0.150652 0.498632 1.0 0.160592 0.498383 1.0 0.156119 0.509875 1.0 0.15148 0.51687 1.0 0.162083 0.515373 1.0
0 0.20459 0.335788 0.020508 0.038292 0.201276 0.328043 1.0 0.210389 0.329292 1.0 0.205584 0.337037 1.0 0.201939 0.344032 1.0 0.208234 0.344283 1.0
0 0.248535 0.35567 0.022461 0.036819 0.24585 0.349963 1.0 0.255267 0.349963 1.0 0.251343 0.357063 1.0 0.24585 0.363928 1.0 0.255424 0.364165 1.0
0 0.278809 0.35567 0.018555 0.033873 0.274414 0.349043 1.0 0.283203 0.349043 1.0 0.27832 0.354934 1.0 0.274414 0.36377 1.0 0.282227 0.36377 1.0
0 0.23877 0.463181 0.024414 0.04271 0.234191 0.456645 1.0 0.24408 0.456645 1.0 0.239136 0.467691 1.0 0.234559 0.472938 1.0 0.243896 0.472663 1.0
0 0.311523 0.450663 0.021484 0.041237 0.307996 0.445074 1.0 0.316219 0.443996 1.0 0.312644 0.45451 1.0 0.308712 0.461788 1.0 0.316934 0.461249 1.0
0 0.320801 0.33947 0.020508 0.036819 0.318586 0.33329 1.0 0.327062 0.333526 1.0 0.324079 0.339918 1.0 0.319214 0.346545 1.0 0.326904 0.345124 1.0
0 0.342773 0.337997 0.019531 0.04271 0.340629 0.336524 1.0 0.348314 0.337872 1.0 0.344382 0.34542 1.0 0.340271 0.350811 1.0 0.347242 0.351081 1.0
0 0.363281 0.34757 0.007812 0.011782 0.0 0.0 0.0 0.0 0.0 0.0 0.0 0.0 0.0 0.0 0.0 0.0 0.0 0.0 0.0
0 0.375 0.326951 0.019531 0.032401 0.370466 0.323795 1.0 0.377999 0.322533 1.0 0.375209 0.330529 1.0 0.371442 0.336209 1.0 0.378418 0.335367 1.0
0 0.383789 0.36377 0.019531 0.035346 0.379848 0.35738 1.0 0.38848 0.35667 1.0 0.384557 0.365664 1.0 0.381574 0.372292 1.0 0.38848 0.370635 1.0
0 0.382812 0.458763 0.023438 0.04271 0.378906 0.452781 1.0 0.389526 0.452781 1.0 0.38385 0.462168 1.0 0.378174 0.468244 1.0 0.388244 0.46852 1.0
0 0.417969 0.413844 0.019531 0.035346 0.414581 0.410116 1.0 0.423889 0.409885 1.0 0.419159 0.417019 1.0 0.415344 0.423233 1.0 0.422821 0.423462 1.0
0 0.449219 0.453608 0.021484 0.038292 0.445417 0.44614 1.0 0.455357 0.44589 1.0 0.450387 0.453635 1.0 0.446411 0.460881 1.0 0.453369 0.460881 1.0
0 0.430176 0.329161 0.020508 0.030928 0.424417 0.32137 1.0 0.431985 0.320758 1.0 0.428471 0.326669 1.0 0.425093 0.334414 1.0 0.433201 0.334006 1.0
0 0.467285 0.318851 0.020508 0.039764 0.464246 0.312507 1.0 0.472408 0.313019 1.0 0.468157 0.320199 1.0 0.464587 0.325841 1.0 0.472578 0.326866 1.0
0 0.498047 0.345361 0.021484 0.033873 0.493186 0.338029 1.0 0.501818 0.337813 1.0 0.497646 0.347576 1.0 0.493762 0.352567 1.0 0.500955 0.351916 1.0
0 0.549805 0.333579 0.019531 0.036819 0.545122 0.328957 1.0 0.554801 0.328957 1.0 0.549801 0.336741 1.0 0.545929 0.342093 1.0 0.552865 0.342093 1.0
0 0.513672 0.462445 0.021484 0.041237 0.509835 0.455081 1.0 0.519601 0.454292 1.0 0.515241 0.465337 1.0 0.510882 0.471913 1.0 0.519775 0.471913 1.0
0 0.559082 0.442563 0.022461 0.039764 0.553127 0.436829 1.0 0.562404 0.435831 1.0 0.556771 0.444075 1.0 0.555115 0.451071 1.0 0.561741 0.450571 1.0
0 0.59375 0.324006 0.019531 0.035346 0.588667 0.320521 1.0 0.597709 0.319404 1.0 0.593706 0.327004 1.0 0.590297 0.33237 1.0 0.597709 0.331252 1.0
0 0.638184 0.386598 0.018555 0.030928 0.63518 0.383337 1.0 0.643424 0.383948 1.0 0.6391 0.390878 1.0 0.634369 0.396585 1.0 0.643694 0.396789 1.0
0 0.651855 0.334315 0.020508 0.032401 0.646764 0.3259 1.0 0.654716 0.324847 1.0 0.650948 0.333683 1.0 0.647601 0.340417 1.0 0.654716 0.338523 1.0
0 0.721191 0.340943 0.020508 0.030928 0.716518 0.332514 1.0 0.724889 0.332711 1.0 0.720049 0.340404 1.0 0.716779 0.346124 1.0 0.724758 0.346124 1.0
0 0.692383 0.429308 0.019531 0.030928 0.687187 0.423246 1.0 0.695164 0.423246 1.0 0.690979 0.430741 1.0 0.688625 0.436658 1.0 0.694771 0.436658 1.0
0 0.759766 0.356406 0.023438 0.041237 0.753837 0.347208 1.0 0.763188 0.345926 1.0 0.757747 0.355926 1.0 0.755196 0.361567 1.0 0.763188 0.361054 1.0
0 0.815918 0.337997 0.020508 0.036819 0.808838 0.329214 1.0 0.815272 0.330161 1.0 0.810094 0.337733 1.0 0.809151 0.347202 1.0 0.815587 0.348622 1.0
0 0.883301 0.328424 0.022461 0.038292 0.877332 0.32185 1.0 0.888463 0.320876 1.0 0.882172 0.329147 1.0 0.878462 0.337418 1.0 0.88443 0.337661 1.0
0 0.968262 0.301915 0.026367 0.047128 0.962965 0.293782 1.0 0.974932 0.293782 1.0 0.967869 0.304729 1.0 0.964534 0.311829 1.0 0.97297 0.310054 1.0