0 0.899414 0.379032 0.023438 0.042522 0.896293 0.373809 1.0 0.906124 0.375688 1.0 0.901298 0.381323 1.0 0.895577 0.387764 1.0 0.903085 0.389107 1.0
0 0.789062 0.381232 0.021484 0.041056 0.783813 0.378456 1.0 0.794355 0.375648 1.0 0.789084 0.384328 1.0 0.785684 0.390965 1.0 0.795035 0.389944 1.0
0 0.702148 0.438416 0.019531 0.038123 0.695221 0.437428 1.0 0.702872 0.434365 1.0 0.697941 0.441513 1.0 0.696241 0.448916 1.0 0.703042 0.446874 1.0
0 0.644531 0.41129 0.021484 0.039589 0.641662 0.405739 1.0 0.650504 0.408037 1.0 0.646594 0.413654 1.0 0.640813 0.41876 1.0 0.648124 0.420545 1.0
0 0.583984 0.454545 0.015625 0.035191 0.582611 0.450834 1.0 0.589325 0.452437 1.0 0.586426 0.457249 1.0 0.58078 0.461372 1.0 0.588409 0.462289 1.0
0 0.503418 0.418622 0.018555 0.039589 0.500122 0.41366 1.0 0.508571 0.41366 1.0 0.50443 0.420625 1.0 0.501944 0.428833 1.0 0.506749 0.428585 1.0
0 0.463867 0.526393 0.019531 0.035191 0.459869 0.525431 1.0 0.467957 0.524056 1.0 0.464142 0.530013 1.0 0.460633 0.535282 1.0 0.467651 0.535282 1.0
0 0.402832 0.444282 0.016602 0.035191 0.398742 0.43894 1.0 0.406599 0.43805 1.0 0.403486 0.444282 1.0 0.398298 0.4494 1.0 0.408229 0.447174 1.0
0 0.358887 0.545455 0.014648 0.026393 0.356615 0.541186 1.0 0.36156 0.543837 1.0 0.357086 0.545959 1.0 0.354144 0.548786 1.0 0.357557 0.552321 1.0
0 0.321777 0.436217 0.016602 0.039589 0.321777 0.434685 1.0 0.327729 0.435196 1.0 0.327218 0.441067 1.0 0.323138 0.44796 1.0 0.327389 0.448216 1.0
0 0.254395 0.454545 0.016602 0.038123 0.250833 0.451148 1.0 0.258092 0.452843 1.0 0.254543 0.459383 1.0 0.249865 0.462531 1.0 0.257446 0.4635 1.0
0 0.168457 0.395161 0.022461 0.039589 0.166478 0.388459 1.0 0.17443 0.387463 1.0 0.171282 0.39617 1.0 0.166146 0.401642 1.0 0.175921 0.402886 1.0
0 0.111816 0.414956 0.018555 0.035191 0.109401 0.41082 1.0 0.118295 0.412377 1.0 0.113403 0.417718 1.0 0.10866 0.42217 1.0 0.116961 0.42306 1.0