0 0.176758 0.566912 0.017578 0.027941 0.0 0.0 0.0 0.0 0.0 0.0 0.0 0.0 0.0 0.0 0.0 0.0 0.0 0.0 0.0
0 0.158203 0.600735 0.019531 0.030882 0.155836 0.595076 1.0 0.163295 0.594696 1.0 0.159502 0.602691 1.0 0.156468 0.607641 1.0 0.161146 0.606881 1.0
0 0.14209 0.618382 0.018555 0.033824 0.0 0.0 0.0 0.0 0.0 0.0 0.0 0.0 0.0 0.0 0.0 0.0 0.0 0.0 0.0
0 0.117188 0.663235 0.019531 0.029412 0.11588 0.6591 1.0 0.123857 0.658509 1.0 0.12085 0.665401 1.0 0.116926 0.670719 1.0 0.123073 0.670129 1.0
0 0.055176 0.652206 0.016602 0.030882 0.051361 0.644019 1.0 0.058524 0.64524 1.0 0.053929 0.653585 1.0 0.052442 0.658672 1.0 0.056497 0.659487 1.0
0 0.084473 0.615441 0.018555 0.030882 0.080117 0.610557 1.0 0.087956 0.610963 1.0 0.083901 0.619919 1.0 0.081739 0.6246 1.0 0.086063 0.6246 1.0
0 0.029785 0.566176 0.016602 0.032353 0.02581 0.561554 1.0 0.033343 0.561554 1.0 0.029297 0.570588 1.0 0.027901 0.57605 1.0 0.031529 0.57605 1.0
0 0.061035 0.594853 0.020508 0.030882 0.0 0.0 0.0 0.0 0.0 0.0 0.0 0.0 0.0 0.0 0.0 0.0 0.0 0.0 0.0
0 0.09082 0.567647 0.021484 0.035294 0.086479 0.561266 1.0 0.095224 0.560596 1.0 0.091222 0.569525 1.0 0.088405 0.574212 1.0 0.09389 0.573988 1.0
0 0.192871 0.497794 0.014648 0.027941 0.189941 0.491728 1.0 0.197144 0.492096 1.0 0.193726 0.497059 1.0 0.19043 0.500735 1.0 0.195923 0.500735 1.0
0 0.12793 0.592647 0.017578 0.029412 0.0 0.0 0.0 0.0 0.0 0.0 0.0 0.0 0.0 0.0 0.0 0.0 0.0 0.0 0.0
0 0.062012 0.516176 0.014648 0.023529 0.0 0.0 0.0 0.0 0.0 0.0 0.0 0.0 0.0 0.0 0.0 0.0 0.0 0.0 0.0
0 0.09082 0.505147 0.015625 0.025 0.0 0.0 0.0 0.0 0.0 0.0 0.0 0.0 0.0 0.0 0.0 0.0 0.0 0.0 0.0
0 0.147461 0.55 0.015625 0.029412 0.0 0.0 0.0 0.0 0.0 0.0 0.0 0.0 0.0 0.0 0.0 0.0 0.0 0.0 0.0
0 0.025879 0.639706 0.018555 0.029412 0.0 0.0 0.0 0.0 0.0 0.0 0.0 0.0 0.0 0.0 0.0 0.0 0.0 0.0 0.0
0 0.031738 0.527941 0.018555 0.029412 0.0 0.0 0.0 0.0 0.0 0.0 0.0 0.0 0.0 0.0 0.0 0.0 0.0 0.0 0.0
0 0.005859 0.488971 0.011719 0.025 0.0 0.0 0.0 0.0 0.0 0.0 0.0 0.0 0.0 0.0 0.0 0.0 0.0 0.0 0.0
0 0.294434 0.622794 0.020508 0.033824 0.289917 0.616991 1.0 0.297974 0.616557 1.0 0.294089 0.624356 1.0 0.291355 0.631506 1.0 0.296822 0.631722 1.0
0 0.348145 0.630147 0.018555 0.027941 0.0 0.0 0.0 0.0 0.0 0.0 0.0 0.0 0.0 0.0 0.0 0.0 0.0 0.0 0.0
0 0.212402 0.586765 0.020508 0.029412 0.207859 0.584401 1.0 0.218062 0.582629 1.0 0.213876 0.593265 1.0 0.20969 0.598779 1.0 0.217146 0.598976 1.0
0 0.272949 0.591176 0.018555 0.029412 0.268764 0.588813 1.0 0.277527 0.588419 1.0 0.272949 0.597085 1.0 0.270595 0.605357 1.0 0.275435 0.605357 1.0
0 0.352539 0.552206 0.015625 0.027941 0.350721 0.548484 1.0 0.357431 0.547243 1.0 0.354841 0.554332 1.0 0.350956 0.560006 1.0 0.356842 0.559296 1.0
0 0.290039 0.491176 0.013672 0.026471 0.287999 0.484415 1.0 0.294687 0.484244 1.0 0.291286 0.490388 1.0 0.288905 0.496875 1.0 0.294687 0.496704 1.0
0 0.342285 0.486765 0.012695 0.026471 0.0 0.0 0.0 0.0 0.0 0.0 0.0 0.0 0.0 0.0 0.0 0.0 0.0 0.0 0.0
0 0.364746 0.509559 0.014648 0.027941 0.362963 0.504418 1.0 0.369319 0.503178 1.0 0.367554 0.511331 1.0 0.364376 0.516649 1.0 0.369319 0.515409 1.0
0 0.22998 0.568382 0.016602 0.030882 0.0 0.0 0.0 0.0 0.0 0.0 0.0 0.0 0.0 0.0 0.0 0.0 0.0 0.0 0.0
0 0.262695 0.551471 0.015625 0.026471 0.0 0.0 0.0 0.0 0.0 0.0 0.0 0.0 0.0 0.0 0.0 0.0 0.0 0.0 0.0
0 0.21582 0.490441 0.013672 0.025 0.213313 0.48519 1.0 0.220398 0.48519 1.0 0.216038 0.491918 1.0 0.21484 0.496022 1.0 0.218437 0.496022 1.0
0 0.228516 0.492647 0.013672 0.023529 0.0 0.0 0.0 0.0 0.0 0.0 0.0 0.0 0.0 0.0 0.0 0.0 0.0 0.0 0.0
0 0.27002 0.513235 0.014648 0.026471 0.0 0.0 0.0 0.0 0.0 0.0 0.0 0.0 0.0 0.0 0.0 0.0 0.0 0.0 0.0
0 0.251953 0.504412 0.017578 0.029412 0.0 0.0 0.0 0.0 0.0 0.0 0.0 0.0 0.0 0.0 0.0 0.0 0.0 0.0 0.0
0 0.314941 0.519118 0.014648 0.026471 0.0 0.0 0.0 0.0 0.0 0.0 0.0 0.0 0.0 0.0 0.0 0.0 0.0 0.0 0.0
0 0.308105 0.501471 0.014648 0.026471 0.0 0.0 0.0 0.0 0.0 0.0 0.0 0.0 0.0 0.0 0.0 0.0 0.0 0.0 0.0
0 0.210938 0.523529 0.017578 0.026471 0.0 0.0 0.0 0.0 0.0 0.0 0.0 0.0 0.0 0.0 0.0 0.0 0.0 0.0 0.0
0 0.384766 0.550735 0.013672 0.027941 0.0 0.0 0.0 0.0 0.0 0.0 0.0 0.0 0.0 0.0 0.0 0.0 0.0 0.0 0.0
0 0.32373 0.542647 0.014648 0.029412 0.0 0.0 0.0 0.0 0.0 0.0 0.0 0.0 0.0 0.0 0.0 0.0 0.0 0.0 0.0
0 0.455566 0.632353 0.016602 0.029412 0.450988 0.626641 1.0 0.459229 0.626247 1.0 0.454521 0.634716 1.0 0.451904 0.640822 1.0 0.457267 0.641019 1.0
0 0.539551 0.619853 0.018555 0.030882 0.537231 0.616163 1.0 0.545471 0.616754 1.0 0.541155 0.625026 1.0 0.537231 0.629753 1.0 0.543641 0.629753 1.0
0 0.416504 0.625 0.020508 0.032353 0.411552 0.621428 1.0 0.420759 0.620378 1.0 0.415736 0.628572 1.0 0.413086 0.634874 1.0 0.418666 0.634454 1.0
0 0.475098 0.591176 0.018555 0.035294 0.0 0.0 0.0 0.0 0.0 0.0 0.0 0.0 0.0 0.0 0.0 0.0 0.0 0.0 0.0
0 0.516602 0.618382 0.019531 0.030882 0.514151 0.614693 1.0 0.520561 0.613315 1.0 0.518206 0.62001 1.0 0.51559 0.625131 1.0 0.520952 0.62395 1.0
0 0.57373 0.611765 0.018555 0.032353 0.572649 0.605941 1.0 0.582245 0.605534 1.0 0.577649 0.616931 1.0 0.574947 0.620391 1.0 0.579406 0.620594 1.0
0 0.563477 0.499265 0.017578 0.027941 0.56124 0.493238 1.0 0.566537 0.493238 1.0 0.564418 0.500506 1.0 0.561828 0.507596 1.0 0.566772 0.507596 1.0
0 0.487305 0.510294 0.013672 0.026471 0.0 0.0 0.0 0.0 0.0 0.0 0.0 0.0 0.0 0.0 0.0 0.0 0.0 0.0 0.0
0 0.422363 0.590441 0.016602 0.030882 0.0 0.0 0.0 0.0 0.0 0.0 0.0 0.0 0.0 0.0 0.0 0.0 0.0 0.0 0.0
0 0.455566 0.534559 0.016602 0.027941 0.453561 0.529799 1.0 0.460136 0.529799 1.0 0.456469 0.536463 1.0 0.453813 0.541984 1.0 0.458997 0.541984 1.0
0 0.423828 0.491912 0.013672 0.025 0.421051 0.486824 1.0 0.425847 0.485347 1.0 0.424103 0.491256 1.0 0.423013 0.496015 1.0 0.426174 0.495031 1.0
0 0.429688 0.524265 0.013672 0.027941 0.0 0.0 0.0 0.0 0.0 0.0 0.0 0.0 0.0 0.0 0.0 0.0 0.0 0.0 0.0
0 0.40332 0.616176 0.017578 0.026471 0.0 0.0 0.0 0.0 0.0 0.0 0.0 0.0 0.0 0.0 0.0 0.0 0.0 0.0 0.0
0 0.47168 0.502941 0.013672 0.023529 0.0 0.0 0.0 0.0 0.0 0.0 0.0 0.0 0.0 0.0 0.0 0.0 0.0 0.0 0.0
0 0.529785 0.491912 0.012695 0.025 0.0 0.0 0.0 0.0 0.0 0.0 0.0 0.0 0.0 0.0 0.0 0.0 0.0 0.0 0.0
0 0.402344 0.467647 0.011719 0.020588 0.0 0.0 0.0 0.0 0.0 0.0 0.0 0.0 0.0 0.0 0.0 0.0 0.0 0.0 0.0
0 0.440918 0.488235 0.014648 0.023529 0.0 0.0 0.0 0.0 0.0 0.0 0.0 0.0 0.0 0.0 0.0 0.0 0.0 0.0 0.0
0 0.541992 0.530147 0.013672 0.022059 0.0 0.0 0.0 0.0 0.0 0.0 0.0 0.0 0.0 0.0 0.0 0.0 0.0 0.0 0.0
0 0.547363 0.470588 0.012695 0.023529 0.0 0.0 0.0 0.0 0.0 0.0 0.0 0.0 0.0 0.0 0.0 0.0 0.0 0.0 0.0
0 0.685059 0.498529 0.016602 0.026471 0.681998 0.491256 1.0 0.689025 0.491597 1.0 0.685172 0.497229 1.0 0.682905 0.500985 1.0 0.687439 0.501326 1.0
0 0.655273 0.481618 0.015625 0.025 0.0 0.0 0.0 0.0 0.0 0.0 0.0 0.0 0.0 0.0 0.0 0.0 0.0 0.0 0.0
0 0.648926 0.592647 0.016602 0.032353 0.644653 0.587434 1.0 0.653573 0.588451 1.0 0.648032 0.595982 1.0 0.645059 0.602699 1.0 0.651411 0.603309 1.0
0 0.620605 0.541176 0.016602 0.029412 0.618474 0.536443 1.0 0.62568 0.536634 1.0 0.622267 0.545772 1.0 0.616198 0.547485 1.0 0.61683 0.547866 1.0
0 0.645996 0.534559 0.016602 0.027941 0.0 0.0 0.0 0.0 0.0 0.0 0.0 0.0 0.0 0.0 0.0 0.0 0.0 0.0 0.0
0 0.505859 0.552206 0.013672 0.022059 0.504987 0.547715 1.0 0.508536 0.548871 1.0 0.504508 0.554071 1.0 0.506522 0.558259 1.0 0.507865 0.558981 1.0
0 0.581055 0.574265 0.015625 0.030882 0.0 0.0 0.0 0.0 0.0 0.0 0.0 0.0 0.0 0.0 0.0 0.0 0.0 0.0 0.0
0 0.60791 0.602206 0.016602 0.033824 0.605695 0.595319 1.0 0.613033 0.594885 1.0 0.609436 0.600735 1.0 0.606702 0.610918 1.0 0.612457 0.610051 1.0
0 0.625 0.617647 0.017578 0.035294 0.621186 0.606572 1.0 0.629578 0.606572 1.0 0.625305 0.615074 1.0 0.620117 0.621278 1.0 0.627899 0.621278 1.0
0 0.54834 0.594118 0.018555 0.035294 0.0 0.0 0.0 0.0 0.0 0.0 0.0 0.0 0.0 0.0 0.0 0.0 0.0 0.0 0.0
0 0.755371 0.644853 0.018555 0.036765 0.752215 0.638446 1.0 0.760219 0.638209 1.0 0.755824 0.649081 1.0 0.752999 0.656171 1.0 0.75912 0.656407 1.0
0 0.768066 0.609559 0.018555 0.033824 0.76427 0.602888 1.0 0.773045 0.602456 1.0 0.768441 0.610688 1.0 0.765276 0.617404 1.0 0.7706 0.617188 1.0
0 0.68457 0.638971 0.017578 0.025 0.0 0.0 0.0 0.0 0.0 0.0 0.0 0.0 0.0 0.0 0.0 0.0 0.0 0.0 0.0
0 0.711426 0.619118 0.020508 0.035294 0.707197 0.616866 1.0 0.716692 0.615999 1.0 0.711801 0.623582 1.0 0.708924 0.629649 1.0 0.713814 0.629649 1.0
0 0.694824 0.536765 0.016602 0.029412 0.690055 0.533744 1.0 0.697388 0.533744 1.0 0.693089 0.540599 1.0 0.690434 0.544216 1.0 0.697009 0.544597 1.0
0 0.751953 0.563971 0.017578 0.030882 0.0 0.0 0.0 0.0 0.0 0.0 0.0 0.0 0.0 0.0 0.0 0.0 0.0 0.0 0.0
0 0.805664 0.557353 0.015625 0.029412 0.802285 0.551857 1.0 0.810377 0.551668 1.0 0.805825 0.560425 1.0 0.804309 0.565375 1.0 0.808859 0.564043 1.0
0 0.71875 0.534559 0.015625 0.025 0.716954 0.529635 1.0 0.72393 0.530128 1.0 0.720986 0.534887 1.0 0.718479 0.541781 1.0 0.72284 0.542109 1.0
0 0.756348 0.481618 0.014648 0.025 0.753135 0.477678 1.0 0.760001 0.477187 1.0 0.757059 0.48211 1.0 0.755205 0.488019 1.0 0.758584 0.488019 1.0
0 0.781738 0.591176 0.016602 0.032353 0.0 0.0 0.0 0.0 0.0 0.0 0.0 0.0 0.0 0.0 0.0 0.0 0.0 0.0 0.0
0 0.751465 0.521324 0.014648 0.030882 0.0 0.0 0.0 0.0 0.0 0.0 0.0 0.0 0.0 0.0 0.0 0.0 0.0 0.0 0.0
0 0.797852 0.491912 0.017578 0.030882 0.0 0.0 0.0 0.0 0.0 0.0 0.0 0.0 0.0 0.0 0.0 0.0 0.0 0.0 0.0
0 0.635742 0.505882 0.015625 0.023529 0.0 0.0 0.0 0.0 0.0 0.0 0.0 0.0 0.0 0.0 0.0 0.0 0.0 0.0 0.0
0 0.963379 0.623529 0.020508 0.041176 0.958845 0.61854 1.0 0.968785 0.618015 1.0 0.963902 0.625104 1.0 0.96024 0.630882 1.0 0.966169 0.630882 1.0
0 0.869141 0.622794 0.021484 0.036765 0.866002 0.616387 1.0 0.873849 0.615678 1.0 0.868199 0.624422 1.0 0.865688 0.631513 1.0 0.872594 0.63104 1.0
0 0.899414 0.584559 0.017578 0.030882 0.898045 0.577521 1.0 0.905762 0.578112 1.0 0.901576 0.584612 1.0 0.898176 0.590521 1.0 0.903016 0.591307 1.0
0 0.824219 0.635294 0.017578 0.032353 0.0 0.0 0.0 0.0 0.0 0.0 0.0 0.0 0.0 0.0 0.0 0.0 0.0 0.0 0.0
0 0.828613 0.606618 0.016602 0.030882 0.0 0.0 0.0 0.0 0.0 0.0 0.0 0.0 0.0 0.0 0.0 0.0 0.0 0.0 0.0
0 0.878418 0.55 0.016602 0.029412 0.0 0.0 0.0 0.0 0.0 0.0 0.0 0.0 0.0 0.0 0.0 0.0 0.0 0.0 0.0
0 0.827637 0.560294 0.016602 0.032353 0.822475 0.556932 1.0 0.830846 0.556722 1.0 0.826939 0.564916 1.0 0.822614 0.572479 1.0 0.830147 0.57269 1.0
0 0.938965 0.536765 0.014648 0.023529 0.0 0.0 0.0 0.0 0.0 0.0 0.0 0.0 0.0 0.0 0.0 0.0 0.0 0.0 0.0
0 0.838379 0.516176 0.014648 0.026471 0.0 0.0 0.0 0.0 0.0 0.0 0.0 0.0 0.0 0.0 0.0 0.0 0.0 0.0 0.0
0 0.992188 0.483824 0.013672 0.026471 0.990043 0.478426 1.0 0.99673 0.479451 1.0 0.992423 0.484743 1.0 0.989362 0.488499 1.0 0.993896 0.489351 1.0
0 0.991211 0.604412 0.015625 0.032353 0.0 0.0 0.0 0.0 0.0 0.0 0.0 0.0 0.0 0.0 0.0 0.0 0.0 0.0 0.0
0 0.982422 0.561029 0.017578 0.030882 0.0 0.0 0.0 0.0 0.0 0.0 0.0 0.0 0.0 0.0 0.0 0.0 0.0 0.0 0.0
0 0.95166 0.535294 0.014648 0.026471 0.0 0.0 0.0 0.0 0.0 0.0 0.0 0.0 0.0 0.0 0.0 0.0 0.0 0.0 0.0
0 0.915039 0.502941 0.013672 0.023529 0.0 0.0 0.0 0.0 0.0 0.0 0.0 0.0 0.0 0.0 0.0 0.0 0.0 0.0 0.0
0 0.903809 0.521324 0.014648 0.025 0.0 0.0 0.0 0.0 0.0 0.0 0.0 0.0 0.0 0.0 0.0 0.0 0.0 0.0 0.0
0 0.905273 0.472794 0.013672 0.025 0.9038 0.466722 1.0 0.909686 0.465409 1.0 0.908596 0.471974 1.0 0.906416 0.477718 1.0 0.911865 0.476404 1.0
0 0.866699 0.510294 0.016602 0.026471 0.0 0.0 0.0 0.0 0.0 0.0 0.0 0.0 0.0 0.0 0.0 0.0 0.0 0.0 0.0
0 0.068359 0.548529 0.015625 0.029412 0.0 0.0 0.0 0.0 0.0 0.0 0.0 0.0 0.0 0.0 0.0 0.0 0.0 0.0 0.0
0 0.143066 0.473529 0.014648 0.026471 0.0 0.0 0.0 0.0 0.0 0.0 0.0 0.0 0.0 0.0 0.0 0.0 0.0 0.0 0.0
0 0.123047 0.448529 0.011719 0.023529 0.0 0.0 0.0 0.0 0.0 0.0 0.0 0.0 0.0 0.0 0.0 0.0 0.0 0.0 0.0
0 0.099121 0.457353 0.014648 0.026471 0.0 0.0 0.0 0.0 0.0 0.0 0.0 0.0 0.0 0.0 0.0 0.0 0.0 0.0 0.0
0 0.049316 0.439706 0.012695 0.023529 0.0 0.0 0.0 0.0 0.0 0.0 0.0 0.0 0.0 0.0 0.0 0.0 0.0 0.0 0.0
0 0.250488 0.458088 0.016602 0.025 0.0 0.0 0.0 0.0 0.0 0.0 0.0 0.0 0.0 0.0 0.0 0.0 0.0 0.0 0.0
0 0.303711 0.475 0.011719 0.023529 0.0 0.0 0.0 0.0 0.0 0.0 0.0 0.0 0.0 0.0 0.0 0.0 0.0 0.0 0.0
0 0.268066 0.472794 0.016602 0.027941 0.0 0.0 0.0 0.0 0.0 0.0 0.0 0.0 0.0 0.0 0.0 0.0 0.0 0.0 0.0
0 0.284668 0.461029 0.010742 0.019118 0.0 0.0 0.0 0.0 0.0 0.0 0.0 0.0 0.0 0.0 0.0 0.0 0.0 0.0 0.0
0 0.285645 0.441176 0.008789 0.017647 0.0 0.0 0.0 0.0 0.0 0.0 0.0 0.0 0.0 0.0 0.0 0.0 0.0 0.0 0.0
0 0.233887 0.428676 0.010742 0.019118 0.0 0.0 0.0 0.0 0.0 0.0 0.0 0.0 0.0 0.0 0.0 0.0 0.0 0.0 0.0
0 0.181641 0.471324 0.009766 0.019118 0.0 0.0 0.0 0.0 0.0 0.0 0.0 0.0 0.0 0.0 0.0 0.0 0.0 0.0 0.0
0 0.212891 0.451471 0.011719 0.020588 0.0 0.0 0.0 0.0 0.0 0.0 0.0 0.0 0.0 0.0 0.0 0.0 0.0 0.0 0.0
0 0.203125 0.427941 0.011719 0.020588 0.0 0.0 0.0 0.0 0.0 0.0 0.0 0.0 0.0 0.0 0.0 0.0 0.0 0.0 0.0
0 0.17627 0.4375 0.008789 0.019118 0.0 0.0 0.0 0.0 0.0 0.0 0.0 0.0 0.0 0.0 0.0 0.0 0.0 0.0 0.0
0 0.382812 0.444118 0.013672 0.020588 0.0 0.0 0.0 0.0 0.0 0.0 0.0 0.0 0.0 0.0 0.0 0.0 0.0 0.0 0.0
0 0.408203 0.440441 0.013672 0.022059 0.0 0.0 0.0 0.0 0.0 0.0 0.0 0.0 0.0 0.0 0.0 0.0 0.0 0.0 0.0
0 0.417969 0.473529 0.013672 0.023529 0.0 0.0 0.0 0.0 0.0 0.0 0.0 0.0 0.0 0.0 0.0 0.0 0.0 0.0 0.0
0 0.318359 0.439706 0.009766 0.020588 0.0 0.0 0.0 0.0 0.0 0.0 0.0 0.0 0.0 0.0 0.0 0.0 0.0 0.0 0.0
0 0.470703 0.468382 0.011719 0.022059 0.0 0.0 0.0 0.0 0.0 0.0 0.0 0.0 0.0 0.0 0.0 0.0 0.0 0.0 0.0
0 0.452637 0.455882 0.010742 0.017647 0.0 0.0 0.0 0.0 0.0 0.0 0.0 0.0 0.0 0.0 0.0 0.0 0.0 0.0 0.0
0 0.51123 0.472794 0.012695 0.022059 0.0 0.0 0.0 0.0 0.0 0.0 0.0 0.0 0.0 0.0 0.0 0.0 0.0 0.0 0.0
0 0.586914 0.477941 0.013672 0.023529 0.0 0.0 0.0 0.0 0.0 0.0 0.0 0.0 0.0 0.0 0.0 0.0 0.0 0.0 0.0
0 0.489746 0.455882 0.012695 0.020588 0.0 0.0 0.0 0.0 0.0 0.0 0.0 0.0 0.0 0.0 0.0 0.0 0.0 0.0 0.0
0 0.529785 0.435294 0.010742 0.020588 0.0 0.0 0.0 0.0 0.0 0.0 0.0 0.0 0.0 0.0 0.0 0.0 0.0 0.0 0.0
0 0.515137 0.435294 0.010742 0.017647 0.0 0.0 0.0 0.0 0.0 0.0 0.0 0.0 0.0 0.0 0.0 0.0 0.0 0.0 0.0
0 0.501465 0.509559 0.012695 0.022059 0.0 0.0 0.0 0.0 0.0 0.0 0.0 0.0 0.0 0.0 0.0 0.0 0.0 0.0 0.0
0 0.516113 0.511029 0.012695 0.025 0.0 0.0 0.0 0.0 0.0 0.0 0.0 0.0 0.0 0.0 0.0 0.0 0.0 0.0 0.0
0 0.37207 0.400735 0.013672 0.022059 0.0 0.0 0.0 0.0 0.0 0.0 0.0 0.0 0.0 0.0 0.0 0.0 0.0 0.0 0.0
0 0.335938 0.405147 0.011719 0.019118 0.0 0.0 0.0 0.0 0.0 0.0 0.0 0.0 0.0 0.0 0.0 0.0 0.0 0.0 0.0
0 0.782227 0.467647 0.011719 0.023529 0.779419 0.462684 1.0 0.784733 0.461929 1.0 0.782427 0.467969 1.0 0.780521 0.473707 1.0 0.784232 0.473556 1.0
0 0.905762 0.452941 0.014648 0.026471 0.0 0.0 0.0 0.0 0.0 0.0 0.0 0.0 0.0 0.0 0.0 0.0 0.0 0.0 0.0
0 0.831055 0.464706 0.013672 0.023529 0.0 0.0 0.0 0.0 0.0 0.0 0.0 0.0 0.0 0.0 0.0 0.0 0.0 0.0 0.0
0 0.651855 0.464706 0.016602 0.026471 0.0 0.0 0.0 0.0 0.0 0.0 0.0 0.0 0.0 0.0 0.0 0.0 0.0 0.0 0.0
0 0.989746 0.281618 0.010742 0.016176 0.0 0.0 0.0 0.0 0.0 0.0 0.0 0.0 0.0 0.0 0.0 0.0 0.0 0.0 0.0
0 0.680176 0.477206 0.012695 0.022059 0.0 0.0 0.0 0.0 0.0 0.0 0.0 0.0 0.0 0.0 0.0 0.0 0.0 0.0 0.0
0 0.725098 0.465441 0.010742 0.016176 0.0 0.0 0.0 0.0 0.0 0.0 0.0 0.0 0.0 0.0 0.0 0.0 0.0 0.0 0.0
0 0.732422 0.519118 0.013672 0.023529 0.0 0.0 0.0 0.0 0.0 0.0 0.0 0.0 0.0 0.0 0.0 0.0 0.0 0.0 0.0
0 0.851074 0.485294 0.012695 0.023529 0.0 0.0 0.0 0.0 0.0 0.0 0.0 0.0 0.0 0.0 0.0 0.0 0.0 0.0 0.0
0 0.851074 0.581618 0.020508 0.039706 0.0 0.0 0.0 0.0 0.0 0.0 0.0 0.0 0.0 0.0 0.0 0.0 0.0 0.0 0.0
0 0.057617 0.475 0.011719 0.020588 0.0 0.0 0.0 0.0 0.0 0.0 0.0 0.0 0.0 0.0 0.0 0.0 0.0 0.0 0.0
0 0.15918 0.493382 0.017578 0.027941 0.0 0.0 0.0 0.0 0.0 0.0 0.0 0.0 0.0 0.0 0.0 0.0 0.0 0.0 0.0
0 0.111328 0.532353 0.017578 0.029412 0.0 0.0 0.0 0.0 0.0 0.0 0.0 0.0 0.0 0.0 0.0 0.0 0.0 0.0 0.0
0 0.128418 0.522794 0.014648 0.027941 0.0 0.0 0.0 0.0 0.0 0.0 0.0 0.0 0.0 0.0 0.0 0.0 0.0 0.0 0.0
0 0.9375 0.563971 0.013672 0.027941 0.0 0.0 0.0 0.0 0.0 0.0 0.0 0.0 0.0 0.0 0.0 0.0 0.0 0.0 0.0
0 0.316406 0.596324 0.019531 0.036765 0.0 0.0 0.0 0.0 0.0 0.0 0.0 0.0 0.0 0.0 0.0 0.0 0.0 0.0 0.0
0 0.4375 0.577206 0.015625 0.033824 0.432417 0.57714 1.0 0.439531 0.57714 1.0 0.435678 0.585399 1.0 0.434195 0.591203 1.0 0.439087 0.591203 1.0
0 0.40918 0.555882 0.013672 0.026471 0.0 0.0 0.0 0.0 0.0 0.0 0.0 0.0 0.0 0.0 0.0 0.0 0.0 0.0 0.0
0 0.777344 0.538235 0.017578 0.032353 0.0 0.0 0.0 0.0 0.0 0.0 0.0 0.0 0.0 0.0 0.0 0.0 0.0 0.0 0.0
0 0.006836 0.567647 0.013672 0.035294 0.0 0.0 0.0 0.0 0.0 0.0 0.0 0.0 0.0 0.0 0.0 0.0 0.0 0.0 0.0
0 0.193359 0.557353 0.019531 0.038235 0.0 0.0 0.0 0.0 0.0 0.0 0.0 0.0 0.0 0.0 0.0 0.0 0.0 0.0 0.0