0 0.974609 0.370712 0.029297 0.044855 0.967425 0.363079 1.0 0.981445 0.365342 1.0 0.973912 0.373257 1.0 0.969936 0.382868 1.0 0.976214 0.383434 1.0
0 0.836914 0.240106 0.033203 0.050132 0.828893 0.233062 1.0 0.843959 0.230517 1.0 0.83619 0.241649 1.0 0.832188 0.252462 1.0 0.84443 0.251508 1.0
0 0.889648 0.377309 0.03125 0.044855 0.88205 0.368858 1.0 0.898926 0.370301 1.0 0.889953 0.381844 1.0 0.88504 0.38877 1.0 0.893799 0.390212 1.0
0 0.813965 0.447889 0.030273 0.043536 0.805664 0.444591 1.0 0.821289 0.441953 1.0 0.8125 0.44723 1.0 0.808594 0.460422 1.0 0.818359 0.457784 1.0
0 0.743164 0.390501 0.03125 0.047493 0.734271 0.384135 1.0 0.749612 0.384135 1.0 0.74183 0.396751 1.0 0.737383 0.40426 1.0 0.747611 0.403359 1.0
0 0.715332 0.319261 0.026367 0.036939 0.711182 0.313607 1.0 0.723737 0.313843 1.0 0.719029 0.320203 1.0 0.714146 0.329392 1.0 0.722343 0.329392 1.0
0 0.850586 0.613456 0.037109 0.05277 0.845275 0.607307 1.0 0.861712 0.610724 1.0 0.853114 0.621996 1.0 0.844265 0.628487 1.0 0.854632 0.631219 1.0
0 0.772461 0.645778 0.039062 0.059367 0.762695 0.636826 1.0 0.779437 0.638334 1.0 0.769392 0.648511 1.0 0.762695 0.658311 1.0 0.77832 0.658689 1.0
0 0.613281 0.251979 0.029297 0.047493 0.607806 0.242792 1.0 0.621407 0.243098 1.0 0.614833 0.257798 1.0 0.608485 0.263004 1.0 0.618461 0.263004 1.0
0 0.593262 0.348945 0.032227 0.048813 0.585065 0.341854 1.0 0.600255 0.341854 1.0 0.59164 0.347059 1.0 0.588239 0.36023 1.0 0.598441 0.360536 1.0
0 0.556152 0.396438 0.036133 0.064644 0.547912 0.387533 1.0 0.564697 0.386708 1.0 0.557678 0.40155 1.0 0.549744 0.41062 1.0 0.565002 0.409796 1.0
0 0.49707 0.21504 0.035156 0.060686 0.490234 0.205805 1.0 0.506836 0.207124 1.0 0.500977 0.218997 1.0 0.491211 0.225594 1.0 0.508789 0.226913 1.0
0 0.372559 0.367414 0.040039 0.059367 0.369725 0.359375 1.0 0.384744 0.362055 1.0 0.379076 0.373922 1.0 0.368875 0.380813 1.0 0.383044 0.382344 1.0
0 0.226562 0.245383 0.023438 0.044855 0.223785 0.240971 1.0 0.233612 0.242125 1.0 0.229126 0.25338 1.0 0.22464 0.258575 1.0 0.231476 0.259441 1.0
0 0.328125 0.25066 0.023438 0.044855 0.323312 0.243121 1.0 0.334193 0.243404 1.0 0.327497 0.256408 1.0 0.324567 0.261496 1.0 0.331264 0.26178 1.0
0 0.102051 0.206464 0.040039 0.067282 0.101384 0.191764 1.0 0.117479 0.196782 1.0 0.111599 0.209327 1.0 0.100455 0.220617 1.0 0.112218 0.224798 1.0
0 0.448242 0.618074 0.035156 0.062005 0.439985 0.610417 1.0 0.456386 0.60964 1.0 0.448042 0.625578 1.0 0.441424 0.635683 1.0 0.454659 0.635683 1.0
0 0.285645 0.672823 0.043945 0.065963 0.276311 0.660873 1.0 0.296431 0.660873 1.0 0.285287 0.680108 1.0 0.279097 0.689309 1.0 0.295192 0.688891 1.0
0 0.188965 0.421504 0.022461 0.032982 0.186375 0.419542 1.0 0.195893 0.42085 1.0 0.19073 0.425644 1.0 0.187343 0.432182 1.0 0.193634 0.433707 1.0
0 0.172852 0.368734 0.027344 0.043536 0.171247 0.36242 1.0 0.183594 0.365813 1.0 0.178153 0.373728 1.0 0.17041 0.379099 1.0 0.178362 0.382208 1.0
0 0.042969 0.366095 0.046875 0.072559 0.042969 0.35441 1.0 0.061672 0.355789 1.0 0.057251 0.370949 1.0 0.043648 0.381974 1.0 0.058951 0.383351 1.0