0 0.128906 0.415619 0.025391 0.055655 0.12371 0.408776 1.0 0.134304 0.405528 1.0 0.130772 0.415627 1.0 0.125083 0.426086 1.0 0.136069 0.42284 1.0
0 0.148438 0.37702 0.023438 0.057451 0.143337 0.37149 1.0 0.155169 0.370752 1.0 0.149955 0.382549 1.0 0.14454 0.391399 1.0 0.156172 0.390661 1.0
0 0.188965 0.408438 0.020508 0.041293 0.183585 0.400294 1.0 0.192793 0.396592 1.0 0.19049 0.407966 1.0 0.187613 0.419338 1.0 0.194088 0.415899 1.0
0 0.231445 0.385996 0.025391 0.046679 0.227539 0.373429 1.0 0.239258 0.373429 1.0 0.233398 0.384201 1.0 0.226562 0.393178 1.0 0.236328 0.394973 1.0
0 0.20752 0.334829 0.026367 0.059246 0.202729 0.334163 1.0 0.211744 0.328513 1.0 0.206417 0.337555 1.0 0.204572 0.350363 1.0 0.213383 0.346971 1.0
0 0.27832 0.343806 0.025391 0.055655 0.273804 0.337971 1.0 0.284546 0.334445 1.0 0.280326 0.341851 1.0 0.277064 0.355957 1.0 0.28608 0.35384 1.0
0 0.314941 0.363555 0.024414 0.055655 0.310333 0.357792 1.0 0.320535 0.355628 1.0 0.317396 0.365366 1.0 0.310922 0.377628 1.0 0.320927 0.376908 1.0
0 0.345215 0.330341 0.022461 0.05386 0.340995 0.325725 1.0 0.351354 0.324314 1.0 0.347133 0.332425 1.0 0.34157 0.3423 1.0 0.352312 0.341241 1.0
0 0.391113 0.376122 0.024414 0.059246 0.388166 0.37282 1.0 0.398002 0.369429 1.0 0.394313 0.38186 1.0 0.388985 0.392408 1.0 0.399641 0.388641 1.0
0 0.422363 0.320467 0.02832 0.066427 0.418383 0.311451 1.0 0.429705 0.311025 1.0 0.426008 0.319946 1.0 0.420925 0.335662 1.0 0.430167 0.333115 1.0
0 0.470703 0.372531 0.025391 0.066427 0.46906 0.366063 1.0 0.478302 0.365639 1.0 0.474836 0.375833 1.0 0.469521 0.386029 1.0 0.477378 0.38518 1.0
0 0.492188 0.316876 0.023438 0.059246 0.487602 0.310183 1.0 0.498256 0.308677 1.0 0.493134 0.320355 1.0 0.488421 0.329772 1.0 0.498461 0.329018 1.0
0 0.519531 0.355476 0.025391 0.061041 0.514439 0.350217 1.0 0.524902 0.348679 1.0 0.520089 0.36253 1.0 0.515067 0.3683 1.0 0.525948 0.367916 1.0
0 0.556641 0.346499 0.027344 0.057451 0.547729 0.344287 1.0 0.558559 0.341338 1.0 0.552743 0.352767 1.0 0.550136 0.364564 1.0 0.559562 0.361616 1.0
0 0.612305 0.360862 0.023438 0.057451 0.607291 0.353167 1.0 0.617318 0.350217 1.0 0.613709 0.364966 1.0 0.609297 0.374183 1.0 0.619524 0.371601 1.0
0 0.600586 0.305206 0.023438 0.05386 0.592529 0.303443 1.0 0.60212 0.300621 1.0 0.597709 0.310496 1.0 0.594447 0.320724 1.0 0.602696 0.318607 1.0
0 0.677246 0.335727 0.022461 0.057451 0.671631 0.323977 1.0 0.68246 0.323977 1.0 0.675642 0.335776 1.0 0.671229 0.345729 1.0 0.68246 0.345729 1.0
0 0.702637 0.345601 0.024414 0.048474 0.696682 0.336785 1.0 0.706787 0.337698 1.0 0.700657 0.348968 1.0 0.697179 0.357496 1.0 0.704634 0.359018 1.0
0 0.713379 0.280072 0.024414 0.057451 0.703866 0.280072 1.0 0.717303 0.280072 1.0 0.708479 0.294083 1.0 0.706272 0.30293 1.0 0.714094 0.302192 1.0
0 0.775879 0.307002 0.026367 0.071813 0.767944 0.298795 1.0 0.779375 0.298338 1.0 0.773163 0.312499 1.0 0.768689 0.321637 1.0 0.779375 0.321637 1.0
0 0.860352 0.304309 0.027344 0.066427 0.855704 0.299636 1.0 0.865871 0.296237 1.0 0.862174 0.31153 1.0 0.857321 0.322151 1.0 0.869105 0.316628 1.0