0 0.503418 0.491924 0.026367 0.049927 0.496861 0.487833 1.0 0.509835 0.486574 1.0 0.503976 0.497273 1.0 0.5 0.504195 1.0 0.509208 0.504195 1.0
0 0.596191 0.487518 0.026367 0.049927 0.591797 0.484581 1.0 0.602539 0.48605 1.0 0.597656 0.49486 1.0 0.591797 0.500734 1.0 0.601562 0.502203 1.0
0 0.661621 0.499266 0.026367 0.049927 0.654999 0.498853 1.0 0.665253 0.494677 1.0 0.661835 0.506562 1.0 0.657989 0.512987 1.0 0.668243 0.509454 1.0
0 0.759277 0.491189 0.026367 0.054332 0.751308 0.489091 1.0 0.763323 0.489433 1.0 0.756749 0.497954 1.0 0.751988 0.503068 1.0 0.761963 0.505113 1.0
0 0.736816 0.45301 0.024414 0.051395 0.0 0.0 0.0 0.0 0.0 0.0 0.0 0.0 0.0 0.0 0.0 0.0 0.0 0.0 0.0
0 0.721191 0.408957 0.018555 0.039648 0.717643 0.407423 1.0 0.724954 0.407423 1.0 0.720703 0.413559 1.0 0.716622 0.418928 1.0 0.724954 0.418928 1.0
0 0.763184 0.402349 0.020508 0.044053 0.758872 0.396542 1.0 0.768995 0.399078 1.0 0.762621 0.407535 1.0 0.757747 0.4112 1.0 0.766183 0.413736 1.0
0 0.76416 0.357562 0.020508 0.039648 0.757721 0.360374 1.0 0.766563 0.358841 1.0 0.761291 0.366767 1.0 0.759251 0.373925 1.0 0.764862 0.372646 1.0
0 0.748535 0.320117 0.018555 0.029369 0.746608 0.316184 1.0 0.753802 0.316971 1.0 0.750532 0.322871 1.0 0.74517 0.327001 1.0 0.753278 0.327787 1.0
0 0.774902 0.307636 0.014648 0.033774 0.771903 0.307112 1.0 0.778739 0.306902 1.0 0.775391 0.312145 1.0 0.772601 0.317811 1.0 0.778181 0.317391 1.0
0 0.719238 0.330396 0.018555 0.038179 0.714844 0.32746 1.0 0.722656 0.325991 1.0 0.71875 0.331865 1.0 0.714844 0.33627 1.0 0.722656 0.337739 1.0
0 0.718262 0.302496 0.016602 0.026432 0.715358 0.303073 1.0 0.720572 0.302562 1.0 0.718532 0.307164 1.0 0.715925 0.312107 1.0 0.721139 0.311424 1.0
0 0.688477 0.306167 0.015625 0.033774 0.68457 0.302496 1.0 0.693359 0.303965 1.0 0.689453 0.30837 1.0 0.68457 0.314244 1.0 0.692383 0.315712 1.0
0 0.688477 0.373715 0.015625 0.033774 0.683733 0.372443 1.0 0.691441 0.37222 1.0 0.686994 0.378016 1.0 0.683733 0.383142 1.0 0.689959 0.383587 1.0
0 0.692383 0.349486 0.015625 0.029369 0.0 0.0 0.0 0.0 0.0 0.0 0.0 0.0 0.0 0.0 0.0 0.0 0.0 0.0 0.0
0 0.664062 0.394273 0.019531 0.042584 0.659951 0.391048 1.0 0.668353 0.391048 1.0 0.66442 0.398305 1.0 0.660845 0.405831 1.0 0.667638 0.4061 1.0
0 0.65332 0.366373 0.015625 0.030837 0.649453 0.36678 1.0 0.655265 0.366373 1.0 0.652427 0.37247 1.0 0.650129 0.37694 1.0 0.654725 0.37694 1.0
0 0.638184 0.320852 0.016602 0.033774 0.634766 0.315712 1.0 0.642578 0.315712 1.0 0.639648 0.318649 1.0 0.634766 0.325991 1.0 0.643555 0.325991 1.0
0 0.628906 0.359765 0.021484 0.038179 0.624869 0.360001 1.0 0.632935 0.360244 1.0 0.62874 0.366551 1.0 0.624708 0.370674 1.0 0.631806 0.371159 1.0
0 0.618164 0.404552 0.015625 0.039648 0.613913 0.401485 1.0 0.623775 0.403273 1.0 0.619185 0.408132 1.0 0.615783 0.414267 1.0 0.622585 0.414267 1.0
0 0.673828 0.454479 0.021484 0.039648 0.668919 0.449943 1.0 0.67725 0.449687 1.0 0.67317 0.458379 1.0 0.669939 0.46426 1.0 0.6764 0.46426 1.0
0 0.607422 0.434655 0.019531 0.035242 0.604034 0.433463 1.0 0.613647 0.433463 1.0 0.609223 0.441952 1.0 0.604034 0.446999 1.0 0.613342 0.446769 1.0
0 0.584473 0.383994 0.016602 0.033774 0.584473 0.383706 1.0 0.591439 0.383706 1.0 0.588179 0.389054 1.0 0.583436 0.393512 1.0 0.590254 0.393959 1.0
0 0.605469 0.353157 0.017578 0.036711 0.601214 0.350063 1.0 0.608904 0.34959 1.0 0.605138 0.356435 1.0 0.602155 0.361627 1.0 0.608434 0.361863 1.0
0 0.581055 0.333333 0.015625 0.029369 0.577148 0.328928 1.0 0.584961 0.328928 1.0 0.581055 0.333333 1.0 0.576172 0.340675 1.0 0.584961 0.342144 1.0
0 0.587402 0.301762 0.014648 0.024963 0.586479 0.296689 1.0 0.593018 0.298163 1.0 0.590511 0.302424 1.0 0.586042 0.307178 1.0 0.592146 0.307668 1.0
0 0.555664 0.298091 0.015625 0.029369 0.552368 0.296623 1.0 0.558594 0.29699 1.0 0.555176 0.301762 1.0 0.55249 0.306902 1.0 0.556885 0.307452 1.0
0 0.55127 0.337739 0.016602 0.035242 0.548515 0.335286 1.0 0.556519 0.336179 1.0 0.552813 0.340413 1.0 0.548069 0.345762 1.0 0.555185 0.346209 1.0
0 0.552246 0.389868 0.022461 0.042584 0.549072 0.386931 1.0 0.558045 0.386931 1.0 0.554199 0.394916 1.0 0.549072 0.399596 1.0 0.557495 0.398769 1.0
0 0.531738 0.430984 0.020508 0.045521 0.526733 0.43025 1.0 0.534599 0.429673 1.0 0.530762 0.438038 1.0 0.528268 0.444671 1.0 0.535365 0.444383 1.0
0 0.520508 0.385463 0.017578 0.039648 0.515556 0.384231 1.0 0.522845 0.382736 1.0 0.519034 0.388963 1.0 0.516715 0.394443 1.0 0.522845 0.393448 1.0
0 0.516113 0.326725 0.016602 0.036711 0.513288 0.325047 1.0 0.520037 0.324576 1.0 0.517683 0.329059 1.0 0.513288 0.335667 1.0 0.520194 0.334959 1.0
0 0.49707 0.344347 0.019531 0.036711 0.494716 0.34196 1.0 0.504447 0.342432 1.0 0.498797 0.351164 1.0 0.495501 0.354232 1.0 0.502721 0.35494 1.0
0 0.489258 0.392805 0.019531 0.039648 0.485539 0.391847 1.0 0.49523 0.391081 1.0 0.4903 0.398495 1.0 0.486899 0.403608 1.0 0.49387 0.403608 1.0
0 0.45166 0.430984 0.024414 0.042584 0.449027 0.429372 1.0 0.457606 0.429103 1.0 0.452602 0.437972 1.0 0.449027 0.443885 1.0 0.456534 0.443885 1.0
0 0.435059 0.513216 0.024414 0.051395 0.429688 0.508076 1.0 0.44043 0.509545 1.0 0.43457 0.518355 1.0 0.430664 0.522761 1.0 0.439453 0.524229 1.0
0 0.41748 0.390602 0.022461 0.041116 0.411678 0.388256 1.0 0.420079 0.386912 1.0 0.416683 0.394975 1.0 0.413644 0.401695 1.0 0.421151 0.399543 1.0
0 0.342285 0.522761 0.022461 0.044053 0.337485 0.517517 1.0 0.348171 0.517235 1.0 0.343109 0.527946 1.0 0.339172 0.531893 1.0 0.347983 0.530765 1.0
0 0.379883 0.487518 0.025391 0.049927 0.373535 0.484057 1.0 0.385045 0.485316 1.0 0.379813 0.493812 1.0 0.374581 0.49979 1.0 0.38358 0.49979 1.0
0 0.371582 0.423642 0.022461 0.036711 0.367623 0.417952 1.0 0.377982 0.41748 1.0 0.37296 0.426448 1.0 0.36935 0.432112 1.0 0.375785 0.432348 1.0
0 0.368652 0.381791 0.020508 0.038179 0.365265 0.380802 1.0 0.372201 0.380802 1.0 0.368652 0.387836 1.0 0.366071 0.393414 1.0 0.371233 0.393414 1.0
0 0.393555 0.377386 0.019531 0.038179 0.389648 0.371512 1.0 0.397461 0.371512 1.0 0.394531 0.377386 1.0 0.389648 0.38326 1.0 0.397461 0.384728 1.0
0 0.403809 0.314978 0.014648 0.033774 0.40006 0.314021 1.0 0.406434 0.314244 1.0 0.40332 0.320708 1.0 0.399763 0.325166 1.0 0.405988 0.326279 1.0
0 0.432617 0.331865 0.019531 0.038179 0.430193 0.329918 1.0 0.437291 0.33016 1.0 0.433903 0.335254 1.0 0.429871 0.340833 1.0 0.438098 0.340348 1.0
0 0.451172 0.309104 0.015625 0.030837 0.448242 0.305433 1.0 0.456055 0.305433 1.0 0.452148 0.312775 1.0 0.448242 0.317181 1.0 0.456055 0.318649 1.0
0 0.460449 0.353891 0.016602 0.035242 0.458618 0.350863 1.0 0.467011 0.352239 1.0 0.462586 0.358893 1.0 0.458466 0.363253 1.0 0.465027 0.36417 1.0
0 0.369629 0.328194 0.016602 0.033774 0.366699 0.32704 1.0 0.374232 0.326411 1.0 0.370048 0.333753 1.0 0.366699 0.337319 1.0 0.374232 0.3369 1.0
0 0.350586 0.290015 0.017578 0.033774 0.348633 0.286344 1.0 0.356445 0.286344 1.0 0.353516 0.290749 1.0 0.348633 0.296623 1.0 0.356445 0.298091 1.0
0 0.32959 0.358297 0.018555 0.032305 0.326398 0.354921 1.0 0.334237 0.354311 1.0 0.330453 0.360408 1.0 0.328021 0.367113 1.0 0.333291 0.366708 1.0
0 0.316406 0.386197 0.021484 0.038179 0.312099 0.384978 1.0 0.319389 0.384728 1.0 0.315578 0.390706 1.0 0.313756 0.397433 1.0 0.319389 0.396686 1.0
0 0.332031 0.421439 0.019531 0.041116 0.327837 0.421242 1.0 0.335881 0.420705 1.0 0.331948 0.430112 1.0 0.328553 0.435219 1.0 0.334987 0.434413 1.0
0 0.318848 0.469897 0.024414 0.04699 0.314549 0.469294 1.0 0.326982 0.469294 1.0 0.320967 0.477737 1.0 0.316955 0.483467 1.0 0.325178 0.483467 1.0
0 0.304688 0.428781 0.019531 0.038179 0.300397 0.42532 1.0 0.308847 0.426565 1.0 0.303711 0.43354 1.0 0.300563 0.439021 1.0 0.307189 0.439518 1.0
0 0.282715 0.417034 0.022461 0.04699 0.277213 0.417034 1.0 0.288443 0.414922 1.0 0.284031 0.427286 1.0 0.280622 0.432112 1.0 0.288443 0.430604 1.0
0 0.263672 0.428047 0.015625 0.042584 0.261535 0.427313 1.0 0.269592 0.426762 1.0 0.266479 0.433645 1.0 0.261719 0.440529 1.0 0.268494 0.440805 1.0
0 0.247559 0.436858 0.022461 0.039648 0.242929 0.432636 1.0 0.252869 0.433383 1.0 0.247567 0.441354 1.0 0.24326 0.446836 1.0 0.250549 0.447333 1.0
0 0.223145 0.425844 0.024414 0.049927 0.219879 0.426073 1.0 0.228638 0.426395 1.0 0.224151 0.431856 1.0 0.220947 0.439565 1.0 0.227569 0.439565 1.0
0 0.217773 0.385463 0.019531 0.036711 0.214635 0.384965 1.0 0.223109 0.383784 1.0 0.2195 0.392517 1.0 0.215419 0.396764 1.0 0.223424 0.396292 1.0
0 0.243652 0.338473 0.016602 0.039648 0.241211 0.334802 1.0 0.249023 0.333333 1.0 0.245117 0.340675 1.0 0.242188 0.346549 1.0 0.249023 0.346549 1.0
0 0.268066 0.368576 0.020508 0.044053 0.263642 0.367559 1.0 0.272265 0.366996 1.0 0.267578 0.374888 1.0 0.264579 0.38109 1.0 0.27114 0.380808 1.0
0 0.282715 0.331131 0.018555 0.033774 0.277736 0.328614 1.0 0.286333 0.329505 1.0 0.282035 0.33686 1.0 0.278329 0.341319 1.0 0.285296 0.341095 1.0
0 0.304199 0.321586 0.018555 0.035242 0.302674 0.314289 1.0 0.310761 0.31452 1.0 0.307251 0.320256 1.0 0.303741 0.328285 1.0 0.30893 0.328285 1.0
0 0.269043 0.296623 0.018555 0.038179 0.267269 0.298557 1.0 0.273721 0.298072 1.0 0.27227 0.304863 1.0 0.269365 0.309956 1.0 0.275173 0.307774 1.0
0 0.279785 0.508076 0.026367 0.049927 0.274345 0.503147 1.0 0.285645 0.502517 1.0 0.279785 0.510069 1.0 0.275391 0.51888 1.0 0.285436 0.51888 1.0
0 0.256836 0.488253 0.023438 0.036711 0.252424 0.48563 1.0 0.259801 0.482326 1.0 0.258858 0.491767 1.0 0.255092 0.498611 1.0 0.262782 0.493419 1.0
0 0.219238 0.508811 0.022461 0.054332 0.214334 0.504216 1.0 0.225887 0.504562 1.0 0.220572 0.514639 1.0 0.214564 0.52263 1.0 0.225425 0.522977 1.0
0 0.186035 0.475771 0.026367 0.04699 0.17844 0.471549 1.0 0.190272 0.469439 1.0 0.185259 0.480294 1.0 0.182451 0.48904 1.0 0.192078 0.487532 1.0
0 0.168945 0.419971 0.019531 0.041116 0.165108 0.418659 1.0 0.175224 0.418398 1.0 0.170341 0.426789 1.0 0.167201 0.431508 1.0 0.174352 0.431247 1.0
0 0.188477 0.397944 0.021484 0.041116 0.18328 0.396109 1.0 0.192348 0.395584 1.0 0.187465 0.401878 1.0 0.185722 0.407122 1.0 0.19165 0.407122 1.0
0 0.13916 0.461821 0.026367 0.045521 0.134452 0.45878 1.0 0.145002 0.457626 1.0 0.139439 0.467432 1.0 0.135027 0.476085 1.0 0.145002 0.475797 1.0
0 0.131348 0.540382 0.026367 0.0558 0.125933 0.53325 1.0 0.138881 0.532896 1.0 0.133702 0.544931 1.0 0.127346 0.55272 1.0 0.140294 0.550949 1.0
0 0.081543 0.50514 0.026367 0.0558 0.07707 0.505794 1.0 0.087429 0.503317 1.0 0.084133 0.513583 1.0 0.077541 0.520308 1.0 0.091666 0.517123 1.0
0 0.054199 0.508811 0.024414 0.051395 0.047825 0.509388 1.0 0.060032 0.507093 1.0 0.056108 0.519548 1.0 0.051749 0.525448 1.0 0.06134 0.523154 1.0
0 0.401367 0.276799 0.015625 0.0279 0.399414 0.277533 1.0 0.40625 0.276065 1.0 0.40332 0.281938 1.0 0.400391 0.286344 1.0 0.40625 0.286344 1.0
0 0.453125 0.263583 0.019531 0.030837 0.450195 0.262849 1.0 0.458008 0.262849 1.0 0.454102 0.267254 1.0 0.450195 0.273128 1.0 0.457031 0.273128 1.0
0 0.476074 0.254038 0.012695 0.029369 0.473311 0.248742 1.0 0.479632 0.248742 1.0 0.476851 0.254445 1.0 0.474827 0.259768 1.0 0.479 0.259768 1.0
0 0.506836 0.271659 0.015625 0.032305 0.50544 0.268932 1.0 0.510603 0.269142 1.0 0.508231 0.273966 1.0 0.505162 0.277113 1.0 0.510323 0.277323 1.0
0 0.527832 0.255507 0.012695 0.029369 0.526855 0.253488 1.0 0.532349 0.253304 1.0 0.530396 0.25826 1.0 0.526855 0.261931 1.0 0.531616 0.261564 1.0
0 0.57373 0.258443 0.012695 0.026432 0.571882 0.256123 1.0 0.577776 0.256294 1.0 0.574376 0.261747 1.0 0.571655 0.267372 1.0 0.576303 0.267542 1.0
0 0.610352 0.262849 0.015625 0.032305 0.605957 0.259073 1.0 0.612096 0.259073 1.0 0.609724 0.264317 1.0 0.607073 0.270821 1.0 0.612514 0.270611 1.0
0 0.646484 0.283407 0.015625 0.032305 0.641602 0.284245 1.0 0.648019 0.281938 1.0 0.645508 0.288232 1.0 0.643415 0.293266 1.0 0.649833 0.292637 1.0
0 0.668457 0.244493 0.012695 0.030837 0.663086 0.239354 1.0 0.669922 0.240822 1.0 0.666016 0.245228 1.0 0.664062 0.251101 1.0 0.668945 0.249633 1.0
0 0.692871 0.255507 0.016602 0.032305 0.689004 0.255991 1.0 0.695626 0.256195 1.0 0.692248 0.260056 1.0 0.689545 0.264527 1.0 0.695086 0.26473 1.0
0 0.716797 0.241557 0.015625 0.0279 0.711426 0.241373 1.0 0.717285 0.24174 1.0 0.713745 0.246329 1.0 0.712158 0.250184 1.0 0.716309 0.250367 1.0
0 0.752441 0.242291 0.014648 0.032305 0.748047 0.242291 1.0 0.755859 0.237885 1.0 0.75293 0.243759 1.0 0.748047 0.249633 1.0 0.755859 0.249633 1.0
0 0.700684 0.218796 0.012695 0.023495 0.697889 0.219117 1.0 0.702803 0.21957 1.0 0.700296 0.224545 1.0 0.698791 0.227862 1.0 0.7016 0.228013 1.0
0 0.305176 0.221733 0.016602 0.029369 0.303955 0.222283 1.0 0.309448 0.222283 1.0 0.307617 0.226872 1.0 0.304077 0.229809 1.0 0.309326 0.229809 1.0
0 0.334961 0.243025 0.013672 0.0279 0.331909 0.240088 1.0 0.336426 0.240088 1.0 0.333862 0.244493 1.0 0.332031 0.248532 1.0 0.337036 0.248532 1.0
0 0.351562 0.263583 0.017578 0.0279 0.3479 0.262298 1.0 0.354492 0.261931 1.0 0.351685 0.265969 1.0 0.350098 0.270742 1.0 0.354126 0.270007 1.0
0 0.381836 0.22467 0.015625 0.029369 0.379198 0.222605 1.0 0.386658 0.221653 1.0 0.38375 0.228308 1.0 0.381348 0.231921 1.0 0.38691 0.231349 1.0
0 0.373535 0.221733 0.010742 0.020558 0.0 0.0 0.0 0.0 0.0 0.0 0.0 0.0 0.0 0.0 0.0 0.0 0.0 0.0 0.0
0 0.359863 0.198972 0.012695 0.022026 0.358398 0.198238 1.0 0.364258 0.199706 1.0 0.361328 0.202643 1.0 0.358398 0.20558 1.0 0.362305 0.207048 1.0
0 0.346191 0.207048 0.012695 0.023495 0.345402 0.204957 1.0 0.349313 0.205258 1.0 0.347508 0.20933 1.0 0.346104 0.212949 1.0 0.348912 0.21325 1.0
0 0.333496 0.212188 0.012695 0.024963 0.33143 0.214653 1.0 0.336226 0.213834 1.0 0.333937 0.21875 1.0 0.331539 0.220225 1.0 0.335789 0.21957 1.0
0 0.331543 0.184288 0.010742 0.01909 0.332297 0.180204 1.0 0.333126 0.180079 1.0 0.333043 0.182944 1.0 0.331966 0.185435 1.0 0.332463 0.185186 1.0
0 0.34668 0.174743 0.011719 0.020558 0.34518 0.172488 1.0 0.349017 0.17157 1.0 0.348058 0.176028 1.0 0.346488 0.179962 1.0 0.350848 0.179175 1.0
0 0.370605 0.185756 0.010742 0.01909 0.36806 0.182138 1.0 0.373291 0.182138 1.0 0.370501 0.185285 1.0 0.36806 0.188824 1.0 0.372942 0.188956 1.0
0 0.373535 0.164464 0.010742 0.020558 0.371269 0.163783 1.0 0.374407 0.163651 1.0 0.372925 0.166404 1.0 0.371094 0.169683 1.0 0.374843 0.169814 1.0
0 0.365723 0.151248 0.008789 0.017621 0.366098 0.147656 1.0 0.36908 0.147184 1.0 0.367667 0.150605 1.0 0.366726 0.153674 1.0 0.369001 0.15332 1.0
0 0.390137 0.129956 0.008789 0.016153 0.388184 0.129956 1.0 0.391602 0.129956 1.0 0.389648 0.133103 1.0 0.388532 0.13583 1.0 0.391113 0.135934 1.0
0 0.387207 0.173275 0.012695 0.023495 0.386719 0.173275 1.0 0.391602 0.171806 1.0 0.389648 0.174743 1.0 0.387695 0.179148 1.0 0.392578 0.179148 1.0
0 0.404297 0.168869 0.009766 0.020558 0.403016 0.169787 1.0 0.406678 0.169098 1.0 0.405396 0.173091 1.0 0.40329 0.174743 1.0 0.407685 0.175019 1.0
0 0.410156 0.150514 0.009766 0.016153 0.408203 0.148311 1.0 0.412109 0.148311 1.0 0.410156 0.14978 1.0 0.408203 0.154185 1.0 0.412109 0.154185 1.0
0 0.421875 0.169604 0.011719 0.024963 0.419752 0.169446 1.0 0.424438 0.169282 1.0 0.422149 0.17174 1.0 0.420079 0.176658 1.0 0.424656 0.176658 1.0
0 0.44043 0.195301 0.013672 0.026432 0.4375 0.192364 1.0 0.443359 0.193833 1.0 0.44043 0.196769 1.0 0.436523 0.201175 1.0 0.441406 0.201175 1.0
0 0.450195 0.226138 0.013672 0.026432 0.447959 0.224696 1.0 0.453727 0.225404 1.0 0.451255 0.230006 1.0 0.447724 0.232483 1.0 0.453727 0.232483 1.0
0 0.428223 0.230543 0.012695 0.023495 0.423828 0.229075 1.0 0.430664 0.227606 1.0 0.427734 0.232012 1.0 0.422852 0.237885 1.0 0.431641 0.237885 1.0
0 0.411621 0.197504 0.014648 0.024963 0.408626 0.194396 1.0 0.414294 0.193085 1.0 0.411787 0.197838 1.0 0.408953 0.202263 1.0 0.414402 0.200952 1.0
0 0.429199 0.108664 0.008789 0.017621 0.427734 0.108664 1.0 0.431641 0.108664 1.0 0.429688 0.111601 1.0 0.427734 0.114537 1.0 0.431641 0.114537 1.0
0 0.441895 0.135095 0.008789 0.017621 0.441406 0.133627 1.0 0.445312 0.135095 1.0 0.443359 0.136564 1.0 0.44043 0.139501 1.0 0.444336 0.140969 1.0
0 0.449707 0.164464 0.010742 0.020558 0.446289 0.164464 1.0 0.451172 0.161527 1.0 0.449219 0.164464 1.0 0.448242 0.170338 1.0 0.452148 0.168869 1.0
0 0.438477 0.166667 0.007812 0.016153 0.0 0.0 0.0 0.0 0.0 0.0 0.0 0.0 0.0 0.0 0.0 0.0 0.0 0.0 0.0
0 0.430176 0.160793 0.006836 0.013216 0.0 0.0 0.0 0.0 0.0 0.0 0.0 0.0 0.0 0.0 0.0 0.0 0.0 0.0 0.0
0 0.456543 0.110866 0.008789 0.016153 0.454529 0.111201 1.0 0.457864 0.111201 1.0 0.456308 0.114878 1.0 0.455418 0.117664 1.0 0.456975 0.117442 1.0
0 0.476074 0.157122 0.008789 0.017621 0.47549 0.157069 1.0 0.479257 0.158132 1.0 0.476981 0.161436 1.0 0.474784 0.16415 1.0 0.478551 0.165329 1.0
0 0.459473 0.150514 0.008789 0.016153 0.0 0.0 0.0 0.0 0.0 0.0 0.0 0.0 0.0 0.0 0.0 0.0 0.0 0.0 0.0
0 0.479004 0.124082 0.008789 0.01909 0.477539 0.12188 1.0 0.481445 0.120411 1.0 0.479492 0.124816 1.0 0.477539 0.127753 1.0 0.481445 0.127753 1.0
0 0.490723 0.142438 0.008789 0.017621 0.487305 0.139501 1.0 0.491211 0.139501 1.0 0.489258 0.143906 1.0 0.487305 0.146843 1.0 0.491211 0.145374 1.0
0 0.496582 0.103524 0.008789 0.016153 0.494141 0.10279 1.0 0.498047 0.10279 1.0 0.49707 0.105727 1.0 0.494141 0.108664 1.0 0.498047 0.108664 1.0
0 0.51416 0.121145 0.008789 0.016153 0.512695 0.12188 1.0 0.516602 0.120411 1.0 0.514648 0.124816 1.0 0.513672 0.127753 1.0 0.516602 0.127753 1.0
0 0.510254 0.146109 0.008789 0.01909 0.507708 0.145021 1.0 0.512573 0.144903 1.0 0.510062 0.14915 1.0 0.508649 0.152573 1.0 0.511632 0.152336 1.0
0 0.521973 0.13583 0.008789 0.016153 0.519531 0.133627 1.0 0.524414 0.135095 1.0 0.522461 0.138032 1.0 0.519531 0.139501 1.0 0.523438 0.142438 1.0
0 0.528809 0.114537 0.008789 0.014684 0.52716 0.114905 1.0 0.530029 0.114628 1.0 0.529297 0.117565 1.0 0.52826 0.119677 1.0 0.530151 0.119493 1.0
0 0.544434 0.124816 0.008789 0.017621 0.543767 0.125197 1.0 0.546657 0.124974 1.0 0.545323 0.126979 1.0 0.543989 0.129988 1.0 0.546657 0.129655 1.0
0 0.550293 0.21953 0.012695 0.0279 0.546509 0.218062 1.0 0.552368 0.218062 1.0 0.549072 0.22467 1.0 0.546875 0.229075 1.0 0.551636 0.228891 1.0
0 0.530273 0.207783 0.011719 0.0279 0.529297 0.20558 1.0 0.535156 0.207048 1.0 0.533203 0.209985 1.0 0.529297 0.214391 1.0 0.53418 0.215859 1.0
0 0.532715 0.179148 0.010742 0.020558 0.530744 0.18017 1.0 0.53493 0.18017 1.0 0.53275 0.183056 1.0 0.531006 0.186727 1.0 0.534843 0.186727 1.0
0 0.543457 0.164464 0.010742 0.020558 0.540039 0.161527 1.0 0.545898 0.161527 1.0 0.542969 0.162996 1.0 0.541016 0.167401 1.0 0.544922 0.168869 1.0
0 0.469238 0.218062 0.010742 0.022026 0.467773 0.217327 1.0 0.473633 0.217327 1.0 0.470703 0.220264 1.0 0.46875 0.226138 1.0 0.472656 0.226138 1.0
0 0.587402 0.232012 0.012695 0.026432 0.584961 0.230543 1.0 0.591797 0.230543 1.0 0.588867 0.234949 1.0 0.584961 0.236417 1.0 0.59082 0.237885 1.0
0 0.626465 0.240822 0.012695 0.026432 0.625035 0.237819 1.0 0.629796 0.237819 1.0 0.627302 0.24157 1.0 0.624922 0.244808 1.0 0.629229 0.244637 1.0
0 0.651855 0.230543 0.012695 0.023495 0.648438 0.23133 1.0 0.653983 0.231173 1.0 0.650948 0.236364 1.0 0.648542 0.238724 1.0 0.654192 0.238567 1.0
0 0.614746 0.198972 0.010742 0.022026 0.613242 0.197615 1.0 0.618055 0.197314 1.0 0.615448 0.202441 1.0 0.612941 0.206662 1.0 0.617654 0.20636 1.0
0 0.598145 0.19163 0.010742 0.022026 0.5961 0.188922 1.0 0.600402 0.188235 1.0 0.598572 0.192502 1.0 0.59729 0.196357 1.0 0.601044 0.195668 1.0
0 0.574707 0.212188 0.012695 0.024963 0.57193 0.207605 1.0 0.577271 0.206295 1.0 0.574437 0.213505 1.0 0.572693 0.216292 1.0 0.576835 0.216292 1.0
0 0.563965 0.189427 0.012695 0.023495 0.562086 0.187637 1.0 0.566898 0.187488 1.0 0.564693 0.191106 1.0 0.562988 0.195176 1.0 0.566698 0.195025 1.0
0 0.57666 0.168135 0.008789 0.022026 0.574219 0.165932 1.0 0.579102 0.167401 1.0 0.576172 0.168869 1.0 0.574219 0.173275 1.0 0.579102 0.174743 1.0
0 0.572754 0.146109 0.008789 0.016153 0.569336 0.143906 1.0 0.574219 0.145374 1.0 0.571289 0.148311 1.0 0.569336 0.152717 1.0 0.573242 0.151248 1.0
0 0.562988 0.135095 0.008789 0.017621 0.560547 0.133627 1.0 0.564453 0.133627 1.0 0.5625 0.136564 1.0 0.560547 0.139501 1.0 0.564453 0.140969 1.0
0 0.54248 0.14464 0.008789 0.016153 0.539062 0.145374 1.0 0.543945 0.145374 1.0 0.541016 0.148311 1.0 0.539062 0.151248 1.0 0.542969 0.152717 1.0
0 0.556641 0.162261 0.009766 0.01909 0.554688 0.161527 1.0 0.55957 0.160059 1.0 0.556641 0.162996 1.0 0.555664 0.167401 1.0 0.55957 0.167401 1.0
0 0.510742 0.194567 0.009766 0.01909 0.508789 0.190896 1.0 0.513672 0.189427 1.0 0.511719 0.193833 1.0 0.509766 0.199706 1.0 0.513672 0.198238 1.0
0 0.507324 0.174009 0.008789 0.013216 0.506836 0.173275 1.0 0.511719 0.176211 1.0 0.508789 0.17768 1.0 0.504883 0.180617 1.0 0.509766 0.185022 1.0
0 0.495605 0.16373 0.008789 0.013216 0.493164 0.162996 1.0 0.49707 0.162996 1.0 0.496094 0.165932 1.0 0.494141 0.168869 1.0 0.49707 0.168869 1.0
0 0.490723 0.202643 0.010742 0.023495 0.488316 0.202119 1.0 0.494071 0.201489 1.0 0.491142 0.206838 1.0 0.489467 0.209828 1.0 0.493757 0.209041 1.0
0 0.505371 0.227606 0.014648 0.032305 0.500628 0.22425 1.0 0.507185 0.22467 1.0 0.503837 0.228236 1.0 0.501325 0.23411 1.0 0.505929 0.23369 1.0
0 0.495605 0.18649 0.008789 0.020558 0.0 0.0 0.0 0.0 0.0 0.0 0.0 0.0 0.0 0.0 0.0 0.0 0.0 0.0 0.0
0 0.47998 0.190162 0.008789 0.01909 0.478943 0.190135 1.0 0.482945 0.190135 1.0 0.481141 0.194266 1.0 0.479492 0.197333 1.0 0.482475 0.197333 1.0
0 0.462891 0.18649 0.013672 0.026432 0.461348 0.184681 1.0 0.465088 0.184852 1.0 0.463274 0.189113 1.0 0.461234 0.19167 1.0 0.465768 0.191329 1.0
0 0.30957 0.290749 0.013672 0.023495 0.307617 0.287812 1.0 0.3125 0.287812 1.0 0.30957 0.293686 1.0 0.306641 0.299559 1.0 0.313477 0.299559 1.0
0 0.586426 0.129222 0.006836 0.014684 0.585868 0.128698 1.0 0.588728 0.128383 1.0 0.587611 0.131844 1.0 0.586495 0.134361 1.0 0.588379 0.134571 1.0
0 0.599121 0.116006 0.006836 0.014684 0.597936 0.116426 1.0 0.600726 0.116426 1.0 0.599679 0.119467 1.0 0.598493 0.121145 1.0 0.600237 0.121145 1.0
0 0.62207 0.103524 0.007812 0.013216 0.619141 0.105727 1.0 0.623047 0.10279 1.0 0.62207 0.107195 1.0 0.620117 0.110132 1.0 0.624023 0.108664 1.0
0 0.621582 0.141703 0.006836 0.016153 0.620954 0.142962 1.0 0.624093 0.142962 1.0 0.622559 0.146843 1.0 0.620675 0.148836 1.0 0.624163 0.148836 1.0
0 0.612305 0.173275 0.009766 0.020558 0.609375 0.171806 1.0 0.615234 0.173275 1.0 0.612305 0.174743 1.0 0.609375 0.180617 1.0 0.614258 0.182085 1.0
0 0.600586 0.160793 0.009766 0.01909 0.599217 0.159233 1.0 0.602983 0.159115 1.0 0.601021 0.163717 1.0 0.599688 0.166903 1.0 0.60267 0.166784 1.0
0 0.611328 0.157856 0.005859 0.013216 0.0 0.0 0.0 0.0 0.0 0.0 0.0 0.0 0.0 0.0 0.0 0.0 0.0 0.0 0.0
0 0.626465 0.17254 0.010742 0.022026 0.62476 0.172692 1.0 0.628871 0.17254 1.0 0.626565 0.17631 1.0 0.625161 0.179476 1.0 0.628871 0.179326 1.0
0 0.645996 0.182085 0.012695 0.026432 0.642578 0.180617 1.0 0.648438 0.180617 1.0 0.645508 0.183554 1.0 0.643555 0.18649 1.0 0.648438 0.187959 1.0
0 0.666504 0.207048 0.010742 0.026432 0.66394 0.204558 1.0 0.668701 0.205069 1.0 0.66632 0.20933 1.0 0.66394 0.21325 1.0 0.668475 0.21342 1.0
0 0.668945 0.176211 0.011719 0.026432 0.667149 0.175313 1.0 0.672489 0.175805 1.0 0.669547 0.179247 1.0 0.667149 0.182689 1.0 0.671291 0.182852 1.0
0 0.658203 0.169604 0.009766 0.022026 0.655273 0.168869 1.0 0.662109 0.168869 1.0 0.658203 0.170338 1.0 0.655273 0.176211 1.0 0.661133 0.176211 1.0
0 0.657715 0.148311 0.010742 0.017621 0.656206 0.148141 1.0 0.659267 0.148141 1.0 0.657854 0.150855 1.0 0.656834 0.153214 1.0 0.658718 0.153214 1.0
0 0.639648 0.160793 0.009766 0.01909 0.636492 0.159233 1.0 0.640494 0.159115 1.0 0.639474 0.163009 1.0 0.637512 0.165369 1.0 0.641357 0.165251 1.0
0 0.683594 0.167401 0.009766 0.020558 0.681641 0.165932 1.0 0.686523 0.165932 1.0 0.683594 0.168869 1.0 0.681641 0.171806 1.0 0.686523 0.171806 1.0
0 0.698242 0.155653 0.009766 0.020558 0.697108 0.156308 1.0 0.701207 0.156441 1.0 0.698853 0.159455 1.0 0.696847 0.162996 1.0 0.700248 0.163389 1.0
0 0.705566 0.19163 0.010742 0.022026 0.704102 0.190896 1.0 0.708984 0.192364 1.0 0.707031 0.195301 1.0 0.704102 0.198238 1.0 0.708008 0.201175 1.0
0 0.736328 0.189427 0.011719 0.023495 0.733712 0.188169 1.0 0.739049 0.18864 1.0 0.736433 0.194463 1.0 0.73455 0.196822 1.0 0.738002 0.197294 1.0
0 0.768066 0.214391 0.014648 0.023495 0.76416 0.212292 1.0 0.769811 0.211821 1.0 0.766357 0.217013 1.0 0.764579 0.220789 1.0 0.768868 0.220474 1.0
0 0.771973 0.253304 0.010742 0.024963 0.76865 0.252977 1.0 0.774318 0.253959 1.0 0.77083 0.257565 1.0 0.767778 0.260678 1.0 0.773337 0.261498 1.0
0 0.832031 0.272394 0.017578 0.033774 0.826163 0.270013 1.0 0.832493 0.270662 1.0 0.828753 0.27607 1.0 0.82602 0.282128 1.0 0.831774 0.282128 1.0
0 0.840332 0.309838 0.016602 0.032305 0.835938 0.306902 1.0 0.844727 0.30837 1.0 0.839844 0.311307 1.0 0.835938 0.318649 1.0 0.84375 0.321586 1.0
0 0.851074 0.365639 0.018555 0.038179 0.847927 0.361653 1.0 0.854885 0.361653 1.0 0.850908 0.369126 1.0 0.847099 0.375354 1.0 0.854388 0.375104 1.0
0 0.896484 0.39721 0.021484 0.045521 0.892364 0.395145 1.0 0.901585 0.39721 1.0 0.895896 0.403996 1.0 0.890795 0.40842 1.0 0.898643 0.41078 1.0
0 0.795898 0.373715 0.019531 0.033774 0.794713 0.367408 1.0 0.804348 0.370307 1.0 0.799308 0.374764 1.0 0.794416 0.380559 1.0 0.80168 0.381451 1.0
0 0.824219 0.440529 0.023438 0.04699 0.819005 0.439624 1.0 0.829232 0.439925 1.0 0.824219 0.447767 1.0 0.819205 0.455606 1.0 0.828831 0.455304 1.0
0 0.88623 0.465492 0.022461 0.041116 0.879713 0.460457 1.0 0.890259 0.461533 1.0 0.883824 0.46852 1.0 0.879892 0.474702 1.0 0.888114 0.475239 1.0
0 0.929688 0.51909 0.025391 0.045521 0.923214 0.513492 1.0 0.934984 0.514081 1.0 0.927333 0.520866 1.0 0.922821 0.528241 1.0 0.93263 0.528241 1.0
0 0.840332 0.497063 0.026367 0.045521 0.837686 0.491163 1.0 0.847691 0.492344 1.0 0.843571 0.500604 1.0 0.838667 0.507978 1.0 0.846514 0.508568 1.0
0 0.787598 0.265051 0.016602 0.0279 0.783203 0.262849 1.0 0.791992 0.262849 1.0 0.787109 0.265786 1.0 0.782227 0.273128 1.0 0.790039 0.273128 1.0