0 0.179199 0.35612 0.012695 0.019531 0.175153 0.352911 1.0 0.183114 0.353294 1.0 0.178895 0.356747 1.0 0.175633 0.360201 1.0 0.18206 0.360073 1.0
0 0.293457 0.391276 0.016602 0.032552 0.0 0.0 0.0 0.0 0.0 0.0 0.0 0.0 0.0 0.0 0.0 0.0 0.0 0.0 0.0
0 0.385254 0.38151 0.012695 0.020833 0.0 0.0 0.0 0.0 0.0 0.0 0.0 0.0 0.0 0.0 0.0 0.0 0.0 0.0 0.0
0 0.502441 0.401042 0.018555 0.033854 0.497541 0.395973 1.0 0.497541 0.395973 1.0 0.492676 0.401414 1.0 0.497541 0.408111 1.0 0.497541 0.408111 1.0
0 0.567871 0.395833 0.012695 0.020833 0.0 0.0 0.0 0.0 0.0 0.0 0.0 0.0 0.0 0.0 0.0 0.0 0.0 0.0 0.0
0 0.73877 0.47526 0.030273 0.054688 0.0 0.0 0.0 0.0 0.0 0.0 0.0 0.0 0.0 0.0 0.0 0.0 0.0 0.0 0.0
0 0.786133 0.501953 0.029297 0.053385 0.773002 0.493548 1.0 0.783116 0.494896 1.0 0.774266 0.504673 1.0 0.776542 0.512766 1.0 0.782357 0.513102 1.0
0 0.978027 0.519531 0.040039 0.078125 0.0 0.0 0.0 0.0 0.0 0.0 0.0 0.0 0.0 0.0 0.0 0.0 0.0 0.0 0.0
0 0.854492 0.504557 0.033203 0.045573 0.84076 0.495187 1.0 0.853185 0.496349 1.0 0.843375 0.50594 1.0 0.842721 0.513497 1.0 0.854057 0.514951 1.0
0 0.909668 0.485677 0.02832 0.044271 0.0 0.0 0.0 0.0 0.0 0.0 0.0 0.0 0.0 0.0 0.0 0.0 0.0 0.0 0.0
0 0.640625 0.477214 0.033203 0.045573 0.0 0.0 0.0 0.0 0.0 0.0 0.0 0.0 0.0 0.0 0.0 0.0 0.0 0.0 0.0
0 0.567871 0.488281 0.032227 0.054688 0.0 0.0 0.0 0.0 0.0 0.0 0.0 0.0 0.0 0.0 0.0 0.0 0.0 0.0 0.0
0 0.117676 0.383464 0.024414 0.045573 0.0 0.0 0.0 0.0 0.0 0.0 0.0 0.0 0.0 0.0 0.0 0.0 0.0 0.0 0.0