0 0.649414 0.419498 0.023438 0.038405 0.0 0.0 0.0 0.0 0.0 0.0 0.0 0.0 0.0 0.0 0.0 0.0 0.0 0.0 0.0
0 0.626465 0.401773 0.024414 0.035451 0.0 0.0 0.0 0.0 0.0 0.0 0.0 0.0 0.0 0.0 0.0 0.0 0.0 0.0 0.0
0 0.527344 0.399557 0.021484 0.033973 0.522827 0.395034 1.0 0.531172 0.394162 1.0 0.526567 0.401561 1.0 0.52369 0.407437 1.0 0.529877 0.40722 1.0
0 0.511719 0.405465 0.017578 0.031019 0.0 0.0 0.0 0.0 0.0 0.0 0.0 0.0 0.0 0.0 0.0 0.0 0.0 0.0 0.0
0 0.453613 0.399557 0.018555 0.031019 0.0 0.0 0.0 0.0 0.0 0.0 0.0 0.0 0.0 0.0 0.0 0.0 0.0 0.0 0.0
0 0.42334 0.394387 0.012695 0.023634 0.419943 0.387885 1.0 0.426261 0.387582 1.0 0.42225 0.395013 1.0 0.420145 0.399715 1.0 0.426261 0.399563 1.0
0 0.323242 0.409897 0.023438 0.039882 0.318865 0.406295 1.0 0.328047 0.406295 1.0 0.323116 0.412982 1.0 0.318355 0.419412 1.0 0.328387 0.419155 1.0
0 0.347168 0.378877 0.010742 0.022157 0.0 0.0 0.0 0.0 0.0 0.0 0.0 0.0 0.0 0.0 0.0 0.0 0.0 0.0 0.0
0 0.256836 0.412112 0.019531 0.035451 0.0 0.0 0.0 0.0 0.0 0.0 0.0 0.0 0.0 0.0 0.0 0.0 0.0 0.0 0.0
0 0.192871 0.403988 0.016602 0.028065 0.0 0.0 0.0 0.0 0.0 0.0 0.0 0.0 0.0 0.0 0.0 0.0 0.0 0.0 0.0
0 0.232422 0.397341 0.013672 0.026588 0.0 0.0 0.0 0.0 0.0 0.0 0.0 0.0 0.0 0.0 0.0 0.0 0.0 0.0 0.0
0 0.209473 0.379616 0.012695 0.026588 0.0 0.0 0.0 0.0 0.0 0.0 0.0 0.0 0.0 0.0 0.0 0.0 0.0 0.0 0.0
0 0.275391 0.348597 0.009766 0.017725 0.0 0.0 0.0 0.0 0.0 0.0 0.0 0.0 0.0 0.0 0.0 0.0 0.0 0.0 0.0
0 0.069336 0.33161 0.007812 0.013294 0.0 0.0 0.0 0.0 0.0 0.0 0.0 0.0 0.0 0.0 0.0 0.0 0.0 0.0 0.0
0 0.10498 0.302806 0.008789 0.014771 0.0 0.0 0.0 0.0 0.0 0.0 0.0 0.0 0.0 0.0 0.0 0.0 0.0 0.0 0.0