0 0.132812 0.541211 0.042969 0.037929 0.0 0.0 0.0 0.0 0.0 0.0 0.0 0.0 0.0 0.0 0.0 0.0 0.0 0.0 0.0
0 0.183594 0.545587 0.037109 0.033552 0.178702 0.538925 1.0 0.195967 0.54043 1.0 0.187334 0.548166 1.0 0.179277 0.554184 1.0 0.190499 0.554829 1.0
0 0.316895 0.551787 0.053711 0.050328 0.310425 0.546726 1.0 0.333068 0.544493 1.0 0.32666 0.555024 1.0 0.314697 0.565554 1.0 0.333068 0.564597 1.0
0 0.353516 0.574398 0.025391 0.021152 0.348022 0.56911 1.0 0.360291 0.569794 1.0 0.353149 0.574171 1.0 0.348755 0.57923 1.0 0.356262 0.580051 1.0
0 0.412109 0.554705 0.037109 0.034282 0.417463 0.548107 1.0 0.427534 0.547893 1.0 0.428397 0.55477 1.0 0.418326 0.563581 1.0 0.424944 0.562721 1.0
0 0.565918 0.574763 0.061523 0.049599 0.564174 0.564447 1.0 0.589286 0.564135 1.0 0.581752 0.574763 1.0 0.571708 0.587267 1.0 0.587611 0.587579 1.0
0 0.602051 0.563093 0.018555 0.024799 0.599365 0.558899 1.0 0.608979 0.558101 1.0 0.605987 0.563206 1.0 0.601929 0.568791 1.0 0.609619 0.568153 1.0
0 0.682129 0.555069 0.043945 0.040846 0.679229 0.550331 1.0 0.698173 0.551618 1.0 0.689906 0.559592 1.0 0.680952 0.566538 1.0 0.691973 0.566538 1.0
0 0.720703 0.542305 0.037109 0.041575 0.714076 0.53673 1.0 0.730817 0.53673 1.0 0.722796 0.543503 1.0 0.716169 0.550797 1.0 0.728027 0.551058 1.0
0 0.75293 0.628738 0.066406 0.058352 0.0 0.0 0.0 0.0 0.0 0.0 0.0 0.0 0.0 0.0 0.0 0.0 0.0 0.0 0.0
0 0.821289 0.574763 0.046875 0.052516 0.831474 0.566726 1.0 0.84259 0.567723 1.0 0.841256 0.581673 1.0 0.824803 0.588315 1.0 0.831918 0.588315 1.0
0 0.879395 0.523705 0.03418 0.032093 0.868957 0.516516 1.0 0.884094 0.516718 1.0 0.874634 0.521764 1.0 0.871391 0.529638 1.0 0.882202 0.529638 1.0
0 0.942871 0.56674 0.049805 0.043764 0.942753 0.558071 1.0 0.962023 0.557795 1.0 0.956094 0.568589 1.0 0.948312 0.576616 1.0 0.960541 0.576893 1.0
0 0.516602 0.562728 0.021484 0.029905 0.0 0.0 0.0 0.0 0.0 0.0 0.0 0.0 0.0 0.0 0.0 0.0 0.0 0.0 0.0
0 0.482422 0.559446 0.019531 0.024799 0.0 0.0 0.0 0.0 0.0 0.0 0.0 0.0 0.0 0.0 0.0 0.0 0.0 0.0 0.0
0 0.926758 0.573304 0.041016 0.029176 0.0 0.0 0.0 0.0 0.0 0.0 0.0 0.0 0.0 0.0 0.0 0.0 0.0 0.0 0.0