0 0.072754 0.387884 0.024414 0.059675 0.067553 0.380385 1.0 0.078617 0.380005 1.0 0.072676 0.395562 1.0 0.066938 0.402011 1.0 0.077798 0.402011 1.0
0 0.092285 0.307414 0.024414 0.057866 0.087298 0.301892 1.0 0.097525 0.301892 1.0 0.09211 0.311175 1.0 0.086896 0.321573 1.0 0.097525 0.321203 1.0
0 0.135742 0.322785 0.023438 0.059675 0.131836 0.316843 1.0 0.142718 0.316456 1.0 0.136649 0.327693 1.0 0.131836 0.336993 1.0 0.141881 0.336993 1.0
0 0.146973 0.403255 0.024414 0.061483 0.142509 0.396667 1.0 0.155273 0.399767 1.0 0.148158 0.40868 1.0 0.140834 0.41643 1.0 0.15339 0.418367 1.0
0 0.118652 0.471067 0.014648 0.037975 0.11254 0.47089 1.0 0.116333 0.47089 1.0 0.112671 0.477186 1.0 0.112147 0.48421 1.0 0.114764 0.485179 1.0
0 0.218262 0.412297 0.024414 0.068716 0.214478 0.407436 1.0 0.225542 0.408309 1.0 0.219657 0.422694 1.0 0.213536 0.427054 1.0 0.226484 0.425747 1.0
0 0.175293 0.313743 0.024414 0.056058 0.169625 0.307156 1.0 0.179601 0.30538 1.0 0.174805 0.319588 1.0 0.170585 0.325982 1.0 0.180176 0.325271 1.0
0 0.215332 0.347197 0.022461 0.050633 0.21109 0.345962 1.0 0.222888 0.345962 1.0 0.217704 0.355561 1.0 0.210911 0.36185 1.0 0.221814 0.362512 1.0
0 0.244141 0.349005 0.021484 0.05425 0.240783 0.341772 1.0 0.250488 0.343128 1.0 0.245728 0.353638 1.0 0.240601 0.360759 1.0 0.249572 0.361776 1.0
0 0.229004 0.265823 0.020508 0.05425 0.226266 0.262141 1.0 0.236015 0.261447 1.0 0.23264 0.270472 1.0 0.226078 0.279497 1.0 0.236951 0.277763 1.0
0 0.298828 0.235986 0.021484 0.059675 0.295471 0.230383 1.0 0.306126 0.23228 1.0 0.300594 0.242145 1.0 0.294651 0.248215 1.0 0.304487 0.250492 1.0
0 0.29834 0.320976 0.022461 0.052441 0.29647 0.313541 1.0 0.305943 0.314866 1.0 0.301296 0.327112 1.0 0.296112 0.331745 1.0 0.304155 0.332076 1.0
0 0.276855 0.37613 0.024414 0.065099 0.272705 0.37445 1.0 0.282906 0.372772 1.0 0.278146 0.386626 1.0 0.273385 0.39502 1.0 0.28336 0.395441 1.0
0 0.34082 0.379747 0.023438 0.05425 0.335946 0.372248 1.0 0.347569 0.371206 1.0 0.342133 0.383703 1.0 0.336884 0.391687 1.0 0.347194 0.390993 1.0
0 0.300293 0.458409 0.024414 0.063291 0.296735 0.455526 1.0 0.309187 0.456351 1.0 0.303184 0.464996 1.0 0.296735 0.4757 1.0 0.306963 0.475289 1.0
0 0.37207 0.293852 0.021484 0.063291 0.368225 0.288483 1.0 0.378906 0.289671 1.0 0.373565 0.299559 1.0 0.368012 0.30668 1.0 0.378052 0.30747 1.0
0 0.377441 0.229656 0.022461 0.061483 0.374791 0.225007 1.0 0.384417 0.225007 1.0 0.380231 0.235468 1.0 0.376046 0.244769 1.0 0.383161 0.245156 1.0
0 0.4375 0.320072 0.023438 0.050633 0.433437 0.312548 1.0 0.444161 0.309901 1.0 0.439335 0.324465 1.0 0.434688 0.328436 1.0 0.44434 0.326781 1.0
0 0.450195 0.259494 0.021484 0.052441 0.446045 0.253843 1.0 0.45465 0.253505 1.0 0.450988 0.263675 1.0 0.445679 0.270118 1.0 0.455566 0.270118 1.0
0 0.498047 0.320072 0.023438 0.057866 0.492166 0.317353 1.0 0.504722 0.31372 1.0 0.500013 0.324617 1.0 0.494912 0.333336 1.0 0.506291 0.331156 1.0
0 0.52002 0.253165 0.022461 0.05425 0.516044 0.251566 1.0 0.525604 0.250524 1.0 0.521668 0.259897 1.0 0.51773 0.266839 1.0 0.525604 0.266839 1.0
0 0.412598 0.367993 0.022461 0.059675 0.408831 0.363528 1.0 0.419281 0.359734 1.0 0.414363 0.375291 1.0 0.409036 0.381362 1.0 0.419281 0.378325 1.0
0 0.486328 0.377034 0.019531 0.056058 0.481812 0.370447 1.0 0.492554 0.370803 1.0 0.487758 0.382524 1.0 0.482387 0.389273 1.0 0.49217 0.389273 1.0
0 0.56543 0.358951 0.019531 0.056058 0.561681 0.353074 1.0 0.571655 0.354139 1.0 0.567243 0.364441 1.0 0.560913 0.371901 1.0 0.570312 0.37119 1.0
0 0.566406 0.288427 0.019531 0.052441 0.561707 0.285826 1.0 0.571045 0.284132 1.0 0.567383 0.296 1.0 0.563172 0.302781 1.0 0.571411 0.302441 1.0
0 0.600586 0.27396 0.021484 0.052441 0.597059 0.267519 1.0 0.606711 0.266855 1.0 0.602242 0.277779 1.0 0.597416 0.284729 1.0 0.606711 0.284729 1.0
0 0.539551 0.418626 0.020508 0.052441 0.535439 0.410859 1.0 0.545807 0.410528 1.0 0.540802 0.420788 1.0 0.534546 0.42774 1.0 0.545449 0.42774 1.0
0 0.586914 0.434901 0.027344 0.056058 0.580287 0.429378 1.0 0.594291 0.424405 1.0 0.587769 0.434707 1.0 0.581822 0.447139 1.0 0.595825 0.442521 1.0
0 0.367188 0.443942 0.023438 0.056058 0.361991 0.43842 1.0 0.373309 0.436644 1.0 0.367745 0.448011 1.0 0.363717 0.458311 1.0 0.372925 0.456892 1.0
0 0.629395 0.320072 0.022461 0.061483 0.625488 0.315608 1.0 0.635956 0.314817 1.0 0.631043 0.326289 1.0 0.625274 0.333013 1.0 0.636383 0.333013 1.0
0 0.661621 0.256781 0.024414 0.061483 0.658412 0.25226 1.0 0.667411 0.25381 1.0 0.663644 0.26311 1.0 0.657157 0.269698 1.0 0.667411 0.272024 1.0
0 0.72998 0.259494 0.024414 0.059675 0.72675 0.25532 1.0 0.73843 0.256458 1.0 0.732897 0.264807 1.0 0.72839 0.272774 1.0 0.735561 0.273154 1.0
0 0.798828 0.270344 0.021484 0.052441 0.794098 0.265888 1.0 0.804465 0.265888 1.0 0.799639 0.275486 1.0 0.794634 0.281112 1.0 0.803214 0.281443 1.0
0 0.822754 0.329114 0.024414 0.061483 0.820404 0.325837 1.0 0.828309 0.325837 1.0 0.824677 0.338495 1.0 0.819336 0.344429 1.0 0.828735 0.345219 1.0
0 0.76709 0.374322 0.020508 0.050633 0.763074 0.369116 1.0 0.772012 0.368121 1.0 0.768258 0.379045 1.0 0.764326 0.386656 1.0 0.772727 0.38434 1.0
0 0.813477 0.409584 0.025391 0.056058 0.80828 0.405483 1.0 0.819981 0.403353 1.0 0.814802 0.412231 1.0 0.808855 0.422888 1.0 0.82094 0.419691 1.0
0 0.701172 0.356239 0.023438 0.05425 0.699829 0.347649 1.0 0.709533 0.352058 1.0 0.704956 0.358159 1.0 0.697814 0.367653 1.0 0.705688 0.371722 1.0
0 0.742676 0.387884 0.022461 0.052441 0.738709 0.385964 1.0 0.749695 0.383928 1.0 0.745117 0.394778 1.0 0.740174 0.401899 1.0 0.749878 0.400203 1.0
0 0.608887 0.385172 0.020508 0.05425 0.604235 0.382184 1.0 0.614171 0.38392 1.0 0.609109 0.393293 1.0 0.604048 0.399541 1.0 0.613233 0.400582 1.0
0 0.676758 0.400542 0.021484 0.056058 0.672852 0.396022 1.0 0.683594 0.396022 1.0 0.678711 0.405063 1.0 0.673828 0.414105 1.0 0.683594 0.414105 1.0
0 0.862305 0.287523 0.021484 0.047016 0.85924 0.282736 1.0 0.867628 0.282736 1.0 0.864079 0.293787 1.0 0.85924 0.299761 1.0 0.868273 0.299165 1.0
0 0.879395 0.375226 0.024414 0.063291 0.875916 0.370875 1.0 0.88617 0.368897 1.0 0.88211 0.380763 1.0 0.876129 0.389467 1.0 0.887237 0.38828 1.0
0 0.900879 0.340868 0.020508 0.048825 0.897012 0.33583 1.0 0.906023 0.335201 1.0 0.901942 0.34496 1.0 0.897352 0.352517 1.0 0.906363 0.351573 1.0
0 0.947266 0.394213 0.021484 0.057866 0.942854 0.391291 1.0 0.953081 0.391291 1.0 0.947667 0.401318 1.0 0.943055 0.408373 1.0 0.953884 0.408002 1.0
0 0.925293 0.459313 0.026367 0.057866 0.920105 0.456342 1.0 0.932739 0.453371 1.0 0.927324 0.463769 1.0 0.921509 0.474166 1.0 0.931536 0.473425 1.0
0 0.856934 0.474684 0.022461 0.052441 0.850368 0.469718 1.0 0.86145 0.470051 1.0 0.856088 0.480973 1.0 0.851262 0.488586 1.0 0.861093 0.488917 1.0
0 0.79541 0.466546 0.024414 0.057866 0.790711 0.461767 1.0 0.802342 0.461396 1.0 0.796526 0.471051 1.0 0.791111 0.480335 1.0 0.802342 0.47885 1.0
0 0.719727 0.462929 0.021484 0.057866 0.713579 0.457852 1.0 0.724439 0.457472 1.0 0.718702 0.469235 1.0 0.713989 0.476063 1.0 0.72485 0.474166 1.0
0 0.65918 0.4783 0.023438 0.063291 0.654297 0.475588 1.0 0.666016 0.473779 1.0 0.661133 0.484629 1.0 0.655273 0.493671 1.0 0.666992 0.491863 1.0
0 0.50293 0.437613 0.023438 0.057866 0.499232 0.430186 1.0 0.510263 0.433899 1.0 0.503846 0.443555 1.0 0.497228 0.449868 1.0 0.506652 0.452467 1.0
0 0.431641 0.454792 0.025391 0.052441 0.428406 0.449819 1.0 0.439209 0.445072 1.0 0.435547 0.461347 1.0 0.428406 0.469146 1.0 0.439941 0.464398 1.0