0 0.100586 0.178873 0.013672 0.047887 0.097656 0.169014 1.0 0.105469 0.169014 1.0 0.102539 0.177465 1.0 0.099609 0.191549 1.0 0.105469 0.191549 1.0
0 0.143066 0.147887 0.014648 0.059155 0.140769 0.142039 1.0 0.147526 0.14282 1.0 0.143607 0.154124 1.0 0.141444 0.165431 1.0 0.145634 0.165431 1.0
0 0.065918 0.35493 0.020508 0.073239 0.066415 0.347811 1.0 0.074532 0.351158 1.0 0.069894 0.363104 1.0 0.065587 0.373617 1.0 0.071717 0.376961 1.0
0 0.105469 0.371831 0.017578 0.073239 0.102238 0.366701 1.0 0.110626 0.364839 1.0 0.107723 0.379262 1.0 0.103528 0.389966 1.0 0.111271 0.387639 1.0
0 0.146973 0.377465 0.020508 0.073239 0.145656 0.371254 1.0 0.153773 0.374597 1.0 0.149135 0.386068 1.0 0.145324 0.393234 1.0 0.152117 0.393234 1.0
0 0.179688 0.429577 0.017578 0.064789 0.173828 0.428169 1.0 0.181641 0.422535 1.0 0.177734 0.439437 1.0 0.175781 0.453521 1.0 0.18457 0.447887 1.0
0 0.164551 0.522535 0.018555 0.076056 0.163399 0.510614 1.0 0.169861 0.511093 1.0 0.166713 0.527338 1.0 0.161246 0.535462 1.0 0.169529 0.534986 1.0
0 0.226562 0.41831 0.017578 0.064789 0.22168 0.411268 1.0 0.231445 0.411268 1.0 0.227539 0.425352 1.0 0.223633 0.43662 1.0 0.232422 0.433803 1.0
0 0.233398 0.511268 0.021484 0.076056 0.228978 0.497662 1.0 0.24071 0.497172 1.0 0.234249 0.511394 1.0 0.230168 0.523163 1.0 0.237309 0.524637 1.0
0 0.230469 0.643662 0.023438 0.087324 0.224609 0.642254 1.0 0.236503 0.637828 1.0 0.231132 0.658854 1.0 0.226911 0.671025 1.0 0.236694 0.667707 1.0
0 0.280762 0.428169 0.016602 0.073239 0.276886 0.419315 1.0 0.285919 0.420248 1.0 0.281887 0.437462 1.0 0.276725 0.447699 1.0 0.284306 0.450025 1.0
0 0.296387 0.528169 0.020508 0.070423 0.290253 0.524423 1.0 0.298802 0.516045 1.0 0.294608 0.53838 1.0 0.293802 0.54629 1.0 0.299931 0.540707 1.0
0 0.177246 0.108451 0.016602 0.059155 0.173828 0.101408 1.0 0.182617 0.101408 1.0 0.177734 0.112676 1.0 0.173828 0.123944 1.0 0.181641 0.126761 1.0
0 0.185547 0.176056 0.015625 0.059155 0.181641 0.169014 1.0 0.19043 0.169014 1.0 0.186523 0.180282 1.0 0.182617 0.194366 1.0 0.188477 0.194366 1.0
0 0.220703 0.139437 0.015625 0.059155 0.218136 0.135927 1.0 0.225974 0.134369 1.0 0.222325 0.149183 1.0 0.218541 0.161656 1.0 0.224893 0.161268 1.0
0 0.255371 0.180282 0.014648 0.050704 0.251352 0.170045 1.0 0.257708 0.168346 1.0 0.255472 0.182946 1.0 0.252764 0.193814 1.0 0.257943 0.192115 1.0
0 0.256348 0.3 0.016602 0.059155 0.254421 0.298592 1.0 0.259391 0.298969 1.0 0.257298 0.309532 1.0 0.252982 0.318208 1.0 0.260307 0.318208 1.0
0 0.275391 0.176056 0.015625 0.059155 0.270931 0.17129 1.0 0.277013 0.170121 1.0 0.27431 0.182986 1.0 0.271877 0.191561 1.0 0.278094 0.190392 1.0
0 0.319336 0.150704 0.015625 0.053521 0.314593 0.134307 1.0 0.32295 0.134645 1.0 0.318948 0.150265 1.0 0.315652 0.16011 1.0 0.321655 0.158414 1.0
0 0.343262 0.167606 0.014648 0.059155 0.340681 0.166575 1.0 0.346436 0.166197 1.0 0.343428 0.176006 1.0 0.341204 0.184307 1.0 0.34539 0.18393 1.0
0 0.384766 0.143662 0.015625 0.067606 0.383789 0.140845 1.0 0.391602 0.140845 1.0 0.387695 0.152113 1.0 0.383789 0.160563 1.0 0.389648 0.16338 1.0
0 0.297363 0.294366 0.016602 0.053521 0.292969 0.284507 1.0 0.302734 0.284507 1.0 0.297852 0.295775 1.0 0.294922 0.309859 1.0 0.303711 0.309859 1.0
0 0.344238 0.280282 0.014648 0.059155 0.342045 0.275904 1.0 0.348803 0.277076 1.0 0.345289 0.285651 1.0 0.341369 0.298127 1.0 0.348263 0.297735 1.0
0 0.390137 0.283099 0.016602 0.059155 0.387129 0.279425 1.0 0.39393 0.278673 1.0 0.39066 0.290744 1.0 0.388306 0.2998 1.0 0.392883 0.2998 1.0
0 0.326172 0.421127 0.017578 0.070423 0.322562 0.412476 1.0 0.331979 0.411115 1.0 0.327113 0.424245 1.0 0.323504 0.436468 1.0 0.329938 0.436017 1.0
0 0.379883 0.405634 0.019531 0.061972 0.374023 0.397183 1.0 0.384766 0.394366 1.0 0.379883 0.408451 1.0 0.375977 0.419718 1.0 0.383789 0.419718 1.0
0 0.356445 0.51831 0.021484 0.073239 0.352539 0.504225 1.0 0.363281 0.507042 1.0 0.357422 0.521127 1.0 0.351562 0.535211 1.0 0.362305 0.538028 1.0
0 0.419922 0.522535 0.019531 0.070423 0.415467 0.513115 1.0 0.424469 0.512237 1.0 0.420959 0.5228 1.0 0.417297 0.537763 1.0 0.425079 0.536445 1.0
0 0.367676 0.616901 0.024414 0.090141 0.361599 0.608701 1.0 0.3718 0.608135 1.0 0.367092 0.622285 1.0 0.362775 0.640392 1.0 0.371407 0.639825 1.0
0 0.429199 0.391549 0.016602 0.073239 0.425886 0.388203 1.0 0.434169 0.387727 1.0 0.431021 0.399673 1.0 0.42688 0.414487 1.0 0.433507 0.412099 1.0
0 0.470703 0.408451 0.017578 0.067606 0.467651 0.401321 1.0 0.475738 0.4 1.0 0.472229 0.411442 1.0 0.468262 0.425969 1.0 0.475586 0.423769 1.0
0 0.484375 0.504225 0.021484 0.078873 0.479353 0.499194 1.0 0.489293 0.498189 1.0 0.483887 0.512273 1.0 0.479876 0.523341 1.0 0.487374 0.523842 1.0
0 0.284668 0.674648 0.022461 0.08169 0.280273 0.664789 1.0 0.291016 0.667606 1.0 0.28418 0.684507 1.0 0.27832 0.695775 1.0 0.288086 0.698592 1.0
0 0.416992 0.138028 0.015625 0.056338 0.414062 0.132394 1.0 0.421875 0.129577 1.0 0.418945 0.140845 1.0 0.414062 0.15493 1.0 0.421875 0.149296 1.0
0 0.451172 0.133803 0.015625 0.053521 0.447632 0.130282 1.0 0.453735 0.129225 1.0 0.450806 0.138732 1.0 0.448242 0.150704 1.0 0.453857 0.150704 1.0
0 0.47998 0.149296 0.014648 0.061972 0.476981 0.150101 1.0 0.483398 0.150101 1.0 0.480469 0.160966 1.0 0.477539 0.169014 1.0 0.483398 0.169014 1.0
0 0.511719 0.146479 0.015625 0.061972 0.508789 0.143662 1.0 0.516602 0.138028 1.0 0.512695 0.152113 1.0 0.509766 0.166197 1.0 0.516602 0.160563 1.0
0 0.496582 0.242254 0.016602 0.061972 0.491956 0.240845 1.0 0.498984 0.235777 1.0 0.495605 0.25098 1.0 0.493308 0.261896 1.0 0.498443 0.257608 1.0
0 0.441895 0.26338 0.016602 0.064789 0.436401 0.258487 1.0 0.444602 0.256414 1.0 0.441293 0.266789 1.0 0.437984 0.280068 1.0 0.445178 0.280068 1.0
0 0.552734 0.233803 0.015625 0.067606 0.549012 0.226673 1.0 0.556336 0.228873 1.0 0.552216 0.240758 1.0 0.547485 0.250879 1.0 0.555572 0.252642 1.0
0 0.560059 0.126761 0.014648 0.061972 0.555664 0.121127 1.0 0.564453 0.121127 1.0 0.560547 0.132394 1.0 0.556641 0.143662 1.0 0.564453 0.143662 1.0
0 0.522461 0.404225 0.017578 0.070423 0.517265 0.395575 1.0 0.526681 0.392856 1.0 0.521502 0.408701 1.0 0.518677 0.419566 1.0 0.526054 0.416851 1.0
0 0.553711 0.477465 0.019531 0.070423 0.546766 0.466299 1.0 0.556444 0.46211 1.0 0.551928 0.476068 1.0 0.549347 0.490958 1.0 0.556122 0.487701 1.0
0 0.57373 0.419718 0.018555 0.056338 0.568547 0.412476 1.0 0.575753 0.407006 1.0 0.571075 0.421592 1.0 0.569559 0.431439 1.0 0.576386 0.425969 1.0
0 0.624512 0.388732 0.018555 0.073239 0.619188 0.381276 1.0 0.628544 0.379414 1.0 0.623866 0.394769 1.0 0.620317 0.403144 1.0 0.628222 0.403608 1.0
0 0.626953 0.502817 0.019531 0.064789 0.622314 0.490293 1.0 0.631208 0.490293 1.0 0.627799 0.5044 1.0 0.623797 0.518085 1.0 0.631356 0.518085 1.0
0 0.599609 0.132394 0.015625 0.061972 0.596418 0.125527 1.0 0.603986 0.125138 1.0 0.600067 0.135665 1.0 0.596823 0.146189 1.0 0.60304 0.1458 1.0
0 0.63916 0.159155 0.014648 0.053521 0.634905 0.152603 1.0 0.640556 0.150904 1.0 0.637966 0.160073 1.0 0.6362 0.172975 1.0 0.641262 0.170597 1.0
0 0.682129 0.130986 0.014648 0.059155 0.678711 0.132394 1.0 0.6875 0.132394 1.0 0.682617 0.143662 1.0 0.679688 0.152113 1.0 0.685547 0.152113 1.0
0 0.71582 0.11831 0.015625 0.061972 0.713894 0.11358 1.0 0.722237 0.115656 1.0 0.718497 0.1252 1.0 0.714037 0.134746 1.0 0.720943 0.13682 1.0
0 0.712891 0.250704 0.017578 0.061972 0.708636 0.239437 1.0 0.716448 0.240242 1.0 0.712402 0.253118 1.0 0.708496 0.26358 1.0 0.715332 0.264789 1.0
0 0.65625 0.257746 0.017578 0.059155 0.652326 0.253696 1.0 0.660566 0.249924 1.0 0.656904 0.266901 1.0 0.653634 0.27671 1.0 0.65952 0.277465 1.0
0 0.607422 0.260563 0.015625 0.059155 0.604483 0.251608 1.0 0.611546 0.254251 1.0 0.607753 0.264814 1.0 0.604222 0.274245 1.0 0.609715 0.274245 1.0
0 0.674805 0.412676 0.017578 0.064789 0.670715 0.40571 1.0 0.679905 0.406563 1.0 0.674718 0.420248 1.0 0.670715 0.427515 1.0 0.678423 0.427515 1.0
0 0.71875 0.414085 0.017578 0.061972 0.714076 0.400403 1.0 0.723424 0.406037 1.0 0.717564 0.415693 1.0 0.7131 0.421327 1.0 0.720494 0.43018 1.0
0 0.685059 0.512676 0.020508 0.073239 0.679426 0.504552 1.0 0.690194 0.502163 1.0 0.68539 0.519845 1.0 0.682408 0.532746 1.0 0.6892 0.531792 1.0
0 0.753418 0.492958 0.018555 0.078873 0.749128 0.485614 1.0 0.758545 0.484104 1.0 0.753837 0.500704 1.0 0.749477 0.512273 1.0 0.756627 0.514285 1.0
0 0.765137 0.369014 0.018555 0.073239 0.762556 0.365744 1.0 0.771267 0.364814 1.0 0.767879 0.379704 1.0 0.763847 0.389473 1.0 0.770621 0.388079 1.0
0 0.739746 0.114085 0.014648 0.053521 0.735256 0.105496 1.0 0.743495 0.105155 1.0 0.739376 0.117039 1.0 0.736433 0.124848 1.0 0.742672 0.124848 1.0
0 0.762695 0.133803 0.013672 0.059155 0.757812 0.129577 1.0 0.760742 0.126761 1.0 0.757812 0.143662 1.0 0.757812 0.15493 1.0 0.761719 0.149296 1.0
0 0.76709 0.230986 0.018555 0.067606 0.762787 0.226056 1.0 0.769806 0.222535 1.0 0.766906 0.235741 1.0 0.764008 0.248062 1.0 0.770874 0.244983 1.0
0 0.813477 0.387324 0.017578 0.064789 0.809623 0.381603 1.0 0.81624 0.382017 1.0 0.813075 0.395713 1.0 0.808903 0.403597 1.0 0.81624 0.404842 1.0
0 0.853027 0.353521 0.018555 0.070423 0.848907 0.344541 1.0 0.857452 0.346304 1.0 0.852569 0.356868 1.0 0.848907 0.366989 1.0 0.856079 0.367431 1.0
0 0.8125 0.492958 0.021484 0.078873 0.806083 0.474546 1.0 0.816546 0.474546 1.0 0.811314 0.495172 1.0 0.80678 0.502715 1.0 0.815674 0.502214 1.0
0 0.869629 0.488732 0.022461 0.070423 0.864145 0.487335 1.0 0.874952 0.478961 1.0 0.870919 0.497572 1.0 0.868983 0.5106 1.0 0.876565 0.502225 1.0
0 0.899414 0.328169 0.017578 0.064789 0.894183 0.320775 1.0 0.902483 0.320775 1.0 0.89774 0.334028 1.0 0.893441 0.343862 1.0 0.902039 0.346 1.0
0 0.942871 0.364789 0.018555 0.070423 0.939575 0.359758 1.0 0.946952 0.359758 1.0 0.943656 0.369265 1.0 0.940674 0.378321 1.0 0.947579 0.378772 1.0