0 0.83252 0.047893 0.030273 0.039591 0.828399 0.043275 1.0 0.839778 0.038143 1.0 0.835854 0.050715 1.0 0.8335 0.057642 1.0 0.841151 0.053794 1.0
0 0.804199 0.140485 0.030273 0.030651 0.796875 0.145594 1.0 0.800781 0.137931 1.0 0.800781 0.150702 1.0 0.808594 0.153257 1.0 0.810547 0.15198 1.0
0 0.77002 0.094508 0.022461 0.03576 0.76566 0.089263 1.0 0.774554 0.091315 1.0 0.769496 0.097701 1.0 0.76287 0.10249 1.0 0.771764 0.104543 1.0
0 0.751953 0.190932 0.023438 0.037037 0.749027 0.182596 1.0 0.7599 0.186765 1.0 0.75409 0.192404 1.0 0.745653 0.19559 1.0 0.755964 0.200004 1.0
0 0.689941 0.283525 0.030273 0.038314 0.68457 0.280971 1.0 0.698242 0.284802 1.0 0.689453 0.292465 1.0 0.682617 0.293742 1.0 0.692383 0.296296 1.0
0 0.597168 0.157727 0.02832 0.042146 0.593244 0.151056 1.0 0.605076 0.150531 1.0 0.599662 0.161022 1.0 0.594849 0.170727 1.0 0.603271 0.170989 1.0
0 0.655762 0.090677 0.016602 0.020434 0.0 0.0 0.0 0.0 0.0 0.0 0.0 0.0 0.0 0.0 0.0 0.0 0.0 0.0 0.0
0 0.540039 0.105364 0.015625 0.024266 0.536473 0.100854 1.0 0.543535 0.1007 1.0 0.540711 0.104549 1.0 0.536002 0.11163 1.0 0.542947 0.111476 1.0
0 0.546387 0.287356 0.030273 0.033206 0.541016 0.286079 1.0 0.555664 0.284802 1.0 0.548828 0.295019 1.0 0.541992 0.296296 1.0 0.553711 0.295019 1.0
0 0.492676 0.124521 0.016602 0.029374 0.489258 0.121328 1.0 0.496094 0.118774 1.0 0.495117 0.126437 1.0 0.492188 0.132822 1.0 0.49707 0.131545 1.0
0 0.469727 0.137931 0.021484 0.033206 0.470703 0.131545 1.0 0.477539 0.141762 1.0 0.47168 0.14304 1.0 0.46582 0.145594 1.0 0.469727 0.15198 1.0
0 0.450684 0.088761 0.014648 0.029374 0.455531 0.082889 1.0 0.456865 0.083083 1.0 0.45894 0.089673 1.0 0.454049 0.09607 1.0 0.455235 0.096264 1.0
0 0.407715 0.231162 0.022461 0.028097 0.407227 0.223499 1.0 0.416016 0.222222 1.0 0.415039 0.231162 1.0 0.407227 0.237548 1.0 0.416016 0.234994 1.0
0 0.449219 0.219668 0.019531 0.03576 0.445068 0.216475 1.0 0.455706 0.21465 1.0 0.451347 0.225142 1.0 0.446289 0.232668 1.0 0.453962 0.230843 1.0
0 0.331543 0.197957 0.024414 0.043423 0.331115 0.193966 1.0 0.340729 0.191731 1.0 0.339447 0.204582 1.0 0.330262 0.210169 1.0 0.335175 0.20961 1.0
0 0.328613 0.072158 0.016602 0.029374 0.325901 0.066092 1.0 0.332572 0.068225 1.0 0.327384 0.070939 1.0 0.324271 0.077529 1.0 0.329015 0.079273 1.0
0 0.213379 0.182631 0.026367 0.040868 0.21051 0.177437 1.0 0.222189 0.184404 1.0 0.215019 0.188692 1.0 0.207642 0.193246 1.0 0.215838 0.198875 1.0
0 0.126953 0.180077 0.027344 0.03576 0.125384 0.176519 1.0 0.135847 0.177432 1.0 0.132185 0.185414 1.0 0.126256 0.189519 1.0 0.136195 0.189746 1.0
0 0.150879 0.270115 0.036133 0.037037 0.142578 0.265645 1.0 0.161133 0.264368 1.0 0.154297 0.277139 1.0 0.150391 0.284802 1.0 0.15918 0.284802 1.0
0 0.086426 0.259898 0.030273 0.037037 0.086896 0.250091 1.0 0.097063 0.259373 1.0 0.088048 0.263387 1.0 0.07884 0.264893 1.0 0.084595 0.273923 1.0
0 0.259277 0.266284 0.020508 0.029374 0.0 0.0 0.0 0.0 0.0 0.0 0.0 0.0 0.0 0.0 0.0 0.0 0.0 0.0 0.0
0 0.366211 0.3659 0.025391 0.037037 0.370117 0.374202 1.0 0.374023 0.378033 1.0 0.367188 0.383142 1.0 0.359375 0.37037 1.0 0.360352 0.378033 1.0
0 0.696289 0.530013 0.035156 0.03576 0.6875 0.530013 1.0 0.694336 0.528736 1.0 0.691406 0.537676 1.0 0.693359 0.545338 1.0 0.700195 0.544061 1.0
0 0.592285 0.543423 0.020508 0.034483 0.584804 0.542756 1.0 0.594155 0.537197 1.0 0.590585 0.548314 1.0 0.592455 0.554762 1.0 0.599767 0.550538 1.0
0 0.494629 0.60728 0.016602 0.029374 0.489969 0.604457 1.0 0.499464 0.604269 1.0 0.495147 0.610102 1.0 0.490112 0.615746 1.0 0.498744 0.615746 1.0
0 0.466309 0.551086 0.020508 0.037037 0.463867 0.544061 1.0 0.474609 0.544061 1.0 0.472656 0.551724 1.0 0.467773 0.561941 1.0 0.473633 0.560664 1.0
0 0.331055 0.668582 0.03125 0.047254 0.334229 0.664682 1.0 0.335815 0.661718 1.0 0.344657 0.664089 1.0 0.341029 0.683658 1.0 0.341937 0.680989 1.0