0 0.206055 0.722151 0.027344 0.043534 0.20401 0.718709 1.0 0.215118 0.71899 1.0 0.21106 0.727113 1.0 0.207215 0.731594 1.0 0.212982 0.731314 1.0
0 0.291016 0.676697 0.013672 0.024328 0.0 0.0 0.0 0.0 0.0 0.0 0.0 0.0 0.0 0.0 0.0 0.0 0.0 0.0 0.0
0 0.342773 0.644686 0.015625 0.029449 0.0 0.0 0.0 0.0 0.0 0.0 0.0 0.0 0.0 0.0 0.0 0.0 0.0 0.0 0.0
0 0.379883 0.6863 0.019531 0.03073 0.383885 0.682024 1.0 0.38433 0.681247 1.0 0.389666 0.686105 1.0 0.385812 0.694851 1.0 0.386108 0.694268 1.0
0 0.39502 0.642125 0.014648 0.021767 0.0 0.0 0.0 0.0 0.0 0.0 0.0 0.0 0.0 0.0 0.0 0.0 0.0 0.0 0.0
0 0.42627 0.640845 0.018555 0.039693 0.0 0.0 0.0 0.0 0.0 0.0 0.0 0.0 0.0 0.0 0.0 0.0 0.0 0.0 0.0
0 0.44873 0.680538 0.018555 0.03201 0.0 0.0 0.0 0.0 0.0 0.0 0.0 0.0 0.0 0.0 0.0 0.0 0.0 0.0 0.0
0 0.45459 0.660051 0.018555 0.03201 0.0 0.0 0.0 0.0 0.0 0.0 0.0 0.0 0.0 0.0 0.0 0.0 0.0 0.0 0.0
0 0.474121 0.643406 0.012695 0.026889 0.0 0.0 0.0 0.0 0.0 0.0 0.0 0.0 0.0 0.0 0.0 0.0 0.0 0.0 0.0
0 0.834961 0.645967 0.015625 0.026889 0.829337 0.638296 1.0 0.830645 0.637953 1.0 0.827375 0.644983 1.0 0.829599 0.652186 1.0 0.830514 0.651843 1.0
0 0.882324 0.651088 0.020508 0.03201 0.875558 0.647156 1.0 0.884818 0.648597 1.0 0.878069 0.65477 1.0 0.876343 0.660942 1.0 0.881365 0.661766 1.0
0 0.98291 0.663892 0.012695 0.026889 0.0 0.0 0.0 0.0 0.0 0.0 0.0 0.0 0.0 0.0 0.0 0.0 0.0 0.0 0.0