0 0.833008 0.282225 0.044922 0.078697 0.817322 0.271491 1.0 0.836138 0.267973 1.0 0.824197 0.286072 1.0 0.824921 0.302662 1.0 0.841928 0.297133 1.0
0 0.865234 0.158752 0.048828 0.07327 0.848969 0.153408 1.0 0.869445 0.139417 1.0 0.864074 0.16367 1.0 0.861389 0.179995 1.0 0.879517 0.166469 1.0
0 0.712891 0.238128 0.048828 0.061058 0.697854 0.230569 1.0 0.716736 0.223256 1.0 0.706521 0.24648 1.0 0.704974 0.258953 1.0 0.717974 0.252932 1.0
0 0.716797 0.376526 0.044922 0.077341 0.70166 0.357919 1.0 0.71875 0.360341 1.0 0.705497 0.378756 1.0 0.701312 0.389417 1.0 0.720843 0.389901 1.0
0 0.625488 0.201493 0.041992 0.080054 0.617676 0.190638 1.0 0.637817 0.196744 1.0 0.623901 0.213026 1.0 0.615112 0.218623 1.0 0.631958 0.222693 1.0
0 0.503418 0.443691 0.043945 0.059701 0.498744 0.426342 1.0 0.514091 0.441849 1.0 0.500977 0.44844 1.0 0.487862 0.446889 1.0 0.502093 0.460457 1.0
0 0.582031 0.78019 0.056641 0.048847 0.574306 0.791578 1.0 0.579372 0.765434 1.0 0.58878 0.778506 1.0 0.595293 0.796103 1.0 0.598188 0.775992 1.0
0 0.503906 0.81479 0.044922 0.077341 0.490862 0.806358 1.0 0.511091 0.801027 1.0 0.504115 0.822834 1.0 0.497838 0.833495 1.0 0.516671 0.827195 1.0
0 0.416504 0.723881 0.03418 0.066486 0.403504 0.713449 1.0 0.416626 0.716418 1.0 0.403198 0.727018 1.0 0.403198 0.738467 1.0 0.416932 0.740163 1.0
0 0.30957 0.24559 0.044922 0.065129 0.298253 0.240315 1.0 0.320212 0.236134 1.0 0.310887 0.246166 1.0 0.303968 0.262467 1.0 0.322018 0.260794 1.0
0 0.055664 0.197422 0.052734 0.093623 0.053467 0.17656 1.0 0.073547 0.179528 1.0 0.065857 0.200898 1.0 0.047485 0.209803 1.0 0.064575 0.218708 1.0
0 0.132324 0.800543 0.047852 0.081411 0.123313 0.806043 1.0 0.142953 0.809647 1.0 0.137765 0.798834 1.0 0.123684 0.775665 1.0 0.149623 0.779269 1.0