0 0.974121 0.214391 0.026367 0.038179 0.966854 0.212443 1.0 0.975015 0.207841 1.0 0.971104 0.216535 1.0 0.969574 0.225226 1.0 0.976545 0.221903 1.0
0 0.949707 0.276065 0.026367 0.052863 0.938075 0.271974 1.0 0.947144 0.271974 1.0 0.938529 0.282542 1.0 0.938756 0.290722 1.0 0.945104 0.291404 1.0
0 0.938965 0.222467 0.026367 0.054332 0.931545 0.221693 1.0 0.944484 0.216482 1.0 0.93917 0.225167 1.0 0.935011 0.236286 1.0 0.94564 0.232116 1.0
0 0.894531 0.25257 0.03125 0.058737 0.884849 0.252583 1.0 0.896528 0.252583 1.0 0.88957 0.262298 1.0 0.885346 0.270893 1.0 0.893298 0.270518 1.0
0 0.82373 0.383994 0.063477 0.110132 0.798877 0.365624 1.0 0.813672 0.363598 1.0 0.797402 0.383157 1.0 0.801855 0.403186 1.0 0.812588 0.401439 1.0
0 0.781738 0.418502 0.036133 0.076358 0.769156 0.416811 1.0 0.783159 0.41394 1.0 0.77393 0.427339 1.0 0.772657 0.441696 1.0 0.784433 0.43691 1.0
0 0.723145 0.399413 0.049805 0.091043 0.709272 0.390366 1.0 0.730513 0.386374 1.0 0.718754 0.405195 1.0 0.713444 0.425156 1.0 0.732029 0.421163 1.0
0 0.841309 0.260646 0.024414 0.048458 0.836635 0.258863 1.0 0.847308 0.260122 1.0 0.841448 0.267044 1.0 0.836635 0.274282 1.0 0.846261 0.27491 1.0
0 0.755371 0.267254 0.026367 0.038179 0.748091 0.263032 1.0 0.760019 0.25805 1.0 0.753392 0.267018 1.0 0.752397 0.276235 1.0 0.75919 0.273495 1.0
0 0.776855 0.300294 0.018555 0.039648 0.773965 0.293135 1.0 0.773285 0.29467 1.0 0.770734 0.305151 1.0 0.776005 0.308731 1.0 0.775325 0.310264 1.0
0 0.73584 0.315712 0.022461 0.041116 0.0 0.0 0.0 0.0 0.0 0.0 0.0 0.0 0.0 0.0 0.0 0.0 0.0 0.0 0.0
0 0.679199 0.281938 0.024414 0.049927 0.0 0.0 0.0 0.0 0.0 0.0 0.0 0.0 0.0 0.0 0.0 0.0 0.0 0.0 0.0
0 0.661621 0.320117 0.022461 0.041116 0.656307 0.316159 1.0 0.666138 0.312395 1.0 0.66292 0.323145 1.0 0.660775 0.330941 1.0 0.66721 0.328521 1.0
0 0.631836 0.31351 0.019531 0.030837 0.631971 0.312041 1.0 0.638863 0.312244 1.0 0.636296 0.317731 1.0 0.632782 0.321592 1.0 0.638458 0.320982 1.0
0 0.606934 0.293686 0.024414 0.049927 0.0 0.0 0.0 0.0 0.0 0.0 0.0 0.0 0.0 0.0 0.0 0.0 0.0 0.0 0.0
0 0.546875 0.314244 0.023438 0.044053 0.0 0.0 0.0 0.0 0.0 0.0 0.0 0.0 0.0 0.0 0.0 0.0 0.0 0.0 0.0
0 0.564941 0.318649 0.018555 0.044053 0.0 0.0 0.0 0.0 0.0 0.0 0.0 0.0 0.0 0.0 0.0 0.0 0.0 0.0 0.0
0 0.546387 0.494126 0.022461 0.042584 0.0 0.0 0.0 0.0 0.0 0.0 0.0 0.0 0.0 0.0 0.0 0.0 0.0 0.0 0.0
0 0.612793 0.520558 0.026367 0.048458 0.606441 0.522479 1.0 0.62017 0.5157 1.0 0.615252 0.529257 1.0 0.611974 0.536652 1.0 0.620579 0.532338 1.0
0 0.523438 0.529369 0.029297 0.045521 0.516811 0.533537 1.0 0.525251 0.522865 1.0 0.525826 0.533827 1.0 0.526786 0.543633 1.0 0.532349 0.536711 1.0
0 0.501465 0.453744 0.022461 0.041116 0.0 0.0 0.0 0.0 0.0 0.0 0.0 0.0 0.0 0.0 0.0 0.0 0.0 0.0 0.0
0 0.472168 0.530837 0.024414 0.042584 0.466139 0.527488 1.0 0.477757 0.52453 1.0 0.471322 0.531518 1.0 0.469356 0.540927 1.0 0.476863 0.53985 1.0
0 0.45459 0.497063 0.022461 0.036711 0.447823 0.493261 1.0 0.457084 0.491609 1.0 0.450806 0.501285 1.0 0.449394 0.507185 1.0 0.455828 0.506712 1.0
0 0.490723 0.335536 0.024414 0.057269 0.485596 0.335903 1.0 0.494141 0.333333 1.0 0.490723 0.343979 1.0 0.489258 0.35279 1.0 0.49585 0.351689 1.0
0 0.467773 0.339207 0.021484 0.038179 0.460998 0.33532 1.0 0.46987 0.329742 1.0 0.466967 0.340413 1.0 0.465677 0.349872 1.0 0.47229 0.347204 1.0
0 0.449219 0.345081 0.019531 0.032305 0.0 0.0 0.0 0.0 0.0 0.0 0.0 0.0 0.0 0.0 0.0 0.0 0.0 0.0 0.0
0 0.421875 0.328194 0.021484 0.039648 0.414769 0.324222 1.0 0.420898 0.322229 1.0 0.415929 0.330947 1.0 0.416591 0.337922 1.0 0.421727 0.33568 1.0
0 0.396484 0.359765 0.019531 0.038179 0.392012 0.360041 1.0 0.397976 0.356552 1.0 0.396484 0.366517 1.0 0.395324 0.371499 1.0 0.401289 0.36851 1.0
0 0.381348 0.366373 0.020508 0.036711 0.376739 0.363298 1.0 0.383605 0.360087 1.0 0.381622 0.367658 1.0 0.380401 0.376836 1.0 0.3862 0.373853 1.0
0 0.353027 0.383994 0.022461 0.042584 0.347761 0.381451 1.0 0.358843 0.377419 1.0 0.35348 0.387095 1.0 0.351693 0.39489 1.0 0.357949 0.393545 1.0
0 0.398926 0.494126 0.018555 0.036711 0.0 0.0 0.0 0.0 0.0 0.0 0.0 0.0 0.0 0.0 0.0 0.0 0.0 0.0 0.0
0 0.382812 0.513216 0.021484 0.039648 0.0 0.0 0.0 0.0 0.0 0.0 0.0 0.0 0.0 0.0 0.0 0.0 0.0 0.0 0.0
0 0.406738 0.524963 0.020508 0.039648 0.406747 0.521987 1.0 0.414036 0.519744 1.0 0.414699 0.527966 1.0 0.411055 0.537432 1.0 0.415361 0.534692 1.0
0 0.435059 0.56094 0.024414 0.04699 0.427996 0.559615 1.0 0.438786 0.554896 1.0 0.434273 0.566106 1.0 0.431527 0.575545 1.0 0.437805 0.573775 1.0
0 0.358887 0.556535 0.022461 0.04699 0.355391 0.555066 1.0 0.36602 0.552653 1.0 0.361206 0.560796 1.0 0.357396 0.568636 1.0 0.365217 0.567731 1.0
0 0.330078 0.36417 0.019531 0.032305 0.326425 0.359975 1.0 0.332467 0.357379 1.0 0.330165 0.364518 1.0 0.328583 0.37317 1.0 0.334338 0.371007 1.0
0 0.295898 0.377386 0.021484 0.038179 0.0 0.0 0.0 0.0 0.0 0.0 0.0 0.0 0.0 0.0 0.0 0.0 0.0 0.0 0.0
0 0.248047 0.391336 0.021484 0.039648 0.2435 0.390314 1.0 0.252682 0.389291 1.0 0.24911 0.395938 1.0 0.2452 0.403097 1.0 0.252852 0.402586 1.0
0 0.21875 0.387665 0.019531 0.038179 0.214442 0.383207 1.0 0.222395 0.380966 1.0 0.21991 0.390432 1.0 0.217425 0.398402 1.0 0.224549 0.395662 1.0
0 0.328125 0.516887 0.019531 0.038179 0.322335 0.516389 1.0 0.331944 0.514645 1.0 0.326809 0.521869 1.0 0.323661 0.528097 1.0 0.330784 0.5271 1.0
0 0.314941 0.570485 0.020508 0.036711 0.310844 0.570931 1.0 0.321673 0.56975 1.0 0.315709 0.57801 1.0 0.312569 0.584618 1.0 0.319161 0.584855 1.0
0 0.245117 0.54185 0.019531 0.035242 0.0 0.0 0.0 0.0 0.0 0.0 0.0 0.0 0.0 0.0 0.0 0.0 0.0 0.0 0.0
0 0.229004 0.566814 0.022461 0.044053 0.0 0.0 0.0 0.0 0.0 0.0 0.0 0.0 0.0 0.0 0.0 0.0 0.0 0.0 0.0
0 0.282227 0.580029 0.023438 0.044053 0.278381 0.577736 1.0 0.28827 0.572504 1.0 0.285522 0.581865 1.0 0.283325 0.593429 1.0 0.291564 0.588473 1.0
0 0.212402 0.591043 0.024414 0.048458 0.207201 0.590734 1.0 0.216627 0.586421 1.0 0.214373 0.597512 1.0 0.211095 0.60614 1.0 0.218062 0.603059 1.0
0 0.179199 0.498532 0.020508 0.039648 0.17599 0.494185 1.0 0.186362 0.49393 1.0 0.183302 0.500322 1.0 0.178371 0.508247 1.0 0.185512 0.508502 1.0
0 0.180664 0.413363 0.019531 0.036711 0.0 0.0 0.0 0.0 0.0 0.0 0.0 0.0 0.0 0.0 0.0 0.0 0.0 0.0 0.0
0 0.174316 0.382526 0.016602 0.0279 0.0 0.0 0.0 0.0 0.0 0.0 0.0 0.0 0.0 0.0 0.0 0.0 0.0 0.0 0.0
0 0.15332 0.380323 0.017578 0.029369 0.0 0.0 0.0 0.0 0.0 0.0 0.0 0.0 0.0 0.0 0.0 0.0 0.0 0.0 0.0
0 0.159668 0.449339 0.020508 0.035242 0.158875 0.446769 1.0 0.166046 0.446081 1.0 0.165283 0.452505 1.0 0.162384 0.462372 1.0 0.166656 0.461912 1.0
0 0.125 0.399413 0.019531 0.035242 0.0 0.0 0.0 0.0 0.0 0.0 0.0 0.0 0.0 0.0 0.0 0.0 0.0 0.0 0.0
0 0.105469 0.422173 0.019531 0.039648 0.102792 0.416358 1.0 0.110953 0.416103 1.0 0.107723 0.423772 1.0 0.104832 0.431699 1.0 0.109593 0.43042 1.0
0 0.09668 0.390602 0.015625 0.026432 0.0 0.0 0.0 0.0 0.0 0.0 0.0 0.0 0.0 0.0 0.0 0.0 0.0 0.0 0.0
0 0.136719 0.530837 0.017578 0.039648 0.0 0.0 0.0 0.0 0.0 0.0 0.0 0.0 0.0 0.0 0.0 0.0 0.0 0.0 0.0
0 0.137207 0.596182 0.026367 0.044053 0.131208 0.592628 1.0 0.143206 0.588965 1.0 0.138707 0.598267 1.0 0.136832 0.608978 1.0 0.143394 0.607006 1.0
0 0.05957 0.657122 0.023438 0.045521 0.0 0.0 0.0 0.0 0.0 0.0 0.0 0.0 0.0 0.0 0.0 0.0 0.0 0.0 0.0
0 0.053711 0.604258 0.025391 0.039648 0.050581 0.600535 1.0 0.059858 0.598044 1.0 0.056876 0.606264 1.0 0.05406 0.615482 1.0 0.061515 0.613987 1.0
0 0.081543 0.720999 0.043945 0.073421 0.08245 0.724774 1.0 0.098145 0.717223 1.0 0.096889 0.729495 1.0 0.088728 0.746959 1.0 0.10097 0.737047 1.0
0 0.02832 0.748899 0.039062 0.070485 0.028621 0.741833 1.0 0.04276 0.736856 1.0 0.046971 0.75133 1.0 0.035239 0.770781 1.0 0.044264 0.768972 1.0
0 0.066895 0.385463 0.022461 0.045521 0.064571 0.380893 1.0 0.075443 0.380893 1.0 0.072257 0.387377 1.0 0.067383 0.394988 1.0 0.074694 0.39527 1.0
0 0.018066 0.401615 0.022461 0.036711 0.015398 0.393329 1.0 0.024815 0.393329 1.0 0.020892 0.403714 1.0 0.013201 0.410322 1.0 0.024815 0.411974 1.0