0 0.271973 0.512938 0.016602 0.027397 0.26899 0.507108 1.0 0.276585 0.507991 1.0 0.272164 0.51382 1.0 0.269444 0.519475 1.0 0.275338 0.51912 1.0
0 0.089844 0.513699 0.019531 0.031963 0.087006 0.506116 1.0 0.096466 0.506116 1.0 0.092006 0.51433 1.0 0.087682 0.520018 1.0 0.09525 0.52044 1.0
0 0.146973 0.502283 0.018555 0.030441 0.14495 0.495556 1.0 0.151489 0.495352 1.0 0.148612 0.501875 1.0 0.144034 0.508603 1.0 0.153059 0.507583 1.0
0 0.133789 0.649163 0.019531 0.031963 0.130389 0.643714 1.0 0.14059 0.643306 1.0 0.134966 0.64983 1.0 0.130258 0.656556 1.0 0.139282 0.656352 1.0
0 0.171387 0.626332 0.016602 0.028919 0.167603 0.620053 1.0 0.176758 0.621195 1.0 0.171875 0.625951 1.0 0.16687 0.630708 1.0 0.176025 0.630708 1.0
0 0.225098 0.616438 0.016602 0.030441 0.220852 0.612565 1.0 0.228699 0.612158 1.0 0.225298 0.619292 1.0 0.222028 0.626224 1.0 0.22726 0.626224 1.0
0 0.210449 0.52207 0.016602 0.027397 0.207035 0.515621 1.0 0.214569 0.515438 1.0 0.210803 0.522227 1.0 0.207742 0.528831 1.0 0.214334 0.528647 1.0
0 0.243652 0.743531 0.018555 0.028919 0.240792 0.737423 1.0 0.249503 0.737239 1.0 0.244677 0.744027 1.0 0.241146 0.749531 1.0 0.249386 0.749347 1.0
0 0.195312 0.688737 0.017578 0.031963 0.189331 0.684102 1.0 0.200448 0.683084 1.0 0.193517 0.68981 1.0 0.191424 0.697761 1.0 0.197179 0.697761 1.0
0 0.178223 0.749619 0.020508 0.031963 0.17314 0.7433 1.0 0.182194 0.7433 1.0 0.177464 0.752779 1.0 0.17314 0.756992 1.0 0.181924 0.756992 1.0
0 0.109375 0.749619 0.021484 0.031963 0.104283 0.744463 1.0 0.113347 0.744463 1.0 0.108312 0.752983 1.0 0.105865 0.759709 1.0 0.113347 0.759935 1.0
0 0.284668 0.614916 0.018555 0.030441 0.28214 0.608638 1.0 0.289599 0.609426 1.0 0.2853 0.617111 1.0 0.282393 0.622432 1.0 0.287829 0.623219 1.0
0 0.258789 0.657534 0.019531 0.030441 0.255005 0.652017 1.0 0.263916 0.652017 1.0 0.259155 0.658866 1.0 0.255127 0.664193 1.0 0.26355 0.664193 1.0
0 0.311523 0.657534 0.019531 0.030441 0.308254 0.652268 1.0 0.316472 0.65286 1.0 0.31192 0.656603 1.0 0.308127 0.661924 1.0 0.314954 0.663501 1.0
0 0.34082 0.515982 0.015625 0.027397 0.335253 0.50935 1.0 0.343493 0.509166 1.0 0.339138 0.515405 1.0 0.335606 0.520909 1.0 0.343846 0.520725 1.0
0 0.372559 0.512938 0.014648 0.027397 0.370069 0.507591 1.0 0.376778 0.507591 1.0 0.373012 0.514011 1.0 0.37054 0.520065 1.0 0.375602 0.520065 1.0
0 0.335449 0.614916 0.016602 0.027397 0.333183 0.60997 1.0 0.340323 0.60997 1.0 0.337263 0.61739 1.0 0.333522 0.621807 1.0 0.339757 0.621807 1.0
0 0.36377 0.665145 0.018555 0.033486 0.360714 0.659749 1.0 0.369363 0.660382 1.0 0.364362 0.666912 1.0 0.361119 0.67281 1.0 0.366931 0.673651 1.0
0 0.387207 0.611872 0.016602 0.027397 0.385358 0.605866 1.0 0.3925 0.606925 1.0 0.389326 0.613816 1.0 0.385245 0.618763 1.0 0.391366 0.620175 1.0
0 0.403809 0.512177 0.016602 0.028919 0.400146 0.505708 1.0 0.407349 0.505518 1.0 0.40332 0.512938 1.0 0.400513 0.518075 1.0 0.406738 0.517884 1.0
0 0.44043 0.490107 0.015625 0.024353 0.437431 0.484725 1.0 0.444127 0.484887 1.0 0.440465 0.491901 1.0 0.438058 0.496793 1.0 0.44308 0.497119 1.0
0 0.473633 0.511416 0.015625 0.027397 0.469491 0.506237 1.0 0.477774 0.506068 1.0 0.472979 0.511843 1.0 0.469273 0.51677 1.0 0.477447 0.51626 1.0
0 0.438477 0.624049 0.017578 0.027397 0.435643 0.618639 1.0 0.444371 0.619347 1.0 0.440063 0.625177 1.0 0.435756 0.62924 1.0 0.44233 0.6303 1.0
0 0.416504 0.687976 0.018555 0.027397 0.413173 0.683178 1.0 0.420235 0.682995 1.0 0.416704 0.691985 1.0 0.413408 0.69547 1.0 0.42106 0.695654 1.0
0 0.300781 0.750381 0.019531 0.033486 0.295131 0.743423 1.0 0.306152 0.743857 1.0 0.300293 0.749945 1.0 0.295689 0.756033 1.0 0.305455 0.756251 1.0
0 0.358887 0.74277 0.020508 0.033486 0.35512 0.735813 1.0 0.365723 0.735813 1.0 0.360282 0.742988 1.0 0.355817 0.749511 1.0 0.36377 0.749728 1.0
0 0.420898 0.760274 0.019531 0.035008 0.416438 0.754715 1.0 0.427517 0.754492 1.0 0.421474 0.761443 1.0 0.41615 0.768394 1.0 0.42651 0.768842 1.0
0 0.612305 0.664384 0.017578 0.028919 0.609375 0.659056 1.0 0.617188 0.660578 1.0 0.612305 0.666667 1.0 0.608398 0.669711 1.0 0.617188 0.671233 1.0
0 0.61084 0.618721 0.016602 0.025875 0.608459 0.612307 1.0 0.616167 0.612484 1.0 0.612427 0.618137 1.0 0.608913 0.62326 1.0 0.615714 0.62326 1.0
0 0.571289 0.63242 0.017578 0.025875 0.570382 0.627365 1.0 0.577523 0.628601 1.0 0.574463 0.633371 1.0 0.569476 0.637081 1.0 0.575256 0.638318 1.0
0 0.554688 0.671994 0.017578 0.028919 0.550903 0.665906 1.0 0.557861 0.665715 1.0 0.555176 0.673326 1.0 0.550903 0.679604 1.0 0.557495 0.679414 1.0
0 0.528809 0.604262 0.016602 0.030441 0.526367 0.598744 1.0 0.533691 0.599505 1.0 0.529663 0.605213 1.0 0.525757 0.610921 1.0 0.533081 0.612062 1.0
0 0.491699 0.616438 0.016602 0.030441 0.48832 0.61016 1.0 0.495147 0.609766 1.0 0.492113 0.615874 1.0 0.487436 0.621589 1.0 0.495147 0.621983 1.0
0 0.491211 0.660578 0.017578 0.027397 0.488133 0.653763 1.0 0.497314 0.655047 1.0 0.492135 0.660735 1.0 0.488133 0.665505 1.0 0.496255 0.665872 1.0
0 0.626465 0.499239 0.016602 0.024353 0.624093 0.493368 1.0 0.630476 0.494347 1.0 0.626709 0.500543 1.0 0.623151 0.504131 1.0 0.629952 0.505763 1.0
0 0.591797 0.519026 0.017578 0.027397 0.588439 0.51344 1.0 0.596488 0.513616 1.0 0.592521 0.519977 1.0 0.589007 0.5251 1.0 0.595694 0.525277 1.0
0 0.5625 0.499239 0.015625 0.027397 0.559972 0.493939 1.0 0.566659 0.495175 1.0 0.562805 0.501889 1.0 0.559178 0.504362 1.0 0.566319 0.506129 1.0
0 0.53125 0.518265 0.015625 0.025875 0.528421 0.512157 1.0 0.535069 0.513685 1.0 0.531581 0.517932 1.0 0.527331 0.522858 1.0 0.535287 0.523537 1.0
0 0.501953 0.487823 0.015625 0.025875 0.499276 0.483706 1.0 0.50619 0.483175 1.0 0.502677 0.489712 1.0 0.497803 0.492892 1.0 0.505737 0.495365 1.0
0 0.819336 0.503805 0.017578 0.030441 0.814566 0.497132 1.0 0.821899 0.496148 1.0 0.818612 0.50324 1.0 0.81621 0.508956 1.0 0.821899 0.508956 1.0
0 0.761719 0.50761 0.015625 0.028919 0.759766 0.502854 1.0 0.76709 0.503044 1.0 0.763062 0.510845 1.0 0.758301 0.51503 1.0 0.766113 0.515411 1.0
0 0.853516 0.474886 0.017578 0.027397 0.850586 0.47032 1.0 0.857422 0.47032 1.0 0.853516 0.476408 1.0 0.850586 0.482496 1.0 0.856445 0.480974 1.0
0 0.739258 0.471842 0.015625 0.030441 0.737614 0.464973 1.0 0.743557 0.464973 1.0 0.740775 0.472854 1.0 0.736477 0.476402 1.0 0.743557 0.476204 1.0
0 0.714844 0.52207 0.015625 0.024353 0.71235 0.516464 1.0 0.720472 0.517871 1.0 0.716061 0.52381 1.0 0.711849 0.527248 1.0 0.718667 0.528498 1.0
0 0.690918 0.505327 0.014648 0.024353 0.688023 0.498784 1.0 0.695042 0.498472 1.0 0.691231 0.505973 1.0 0.688725 0.511912 1.0 0.694039 0.512381 1.0
0 0.666504 0.516743 0.016602 0.028919 0.663291 0.511002 1.0 0.669883 0.510635 1.0 0.666469 0.516688 1.0 0.662937 0.521275 1.0 0.670118 0.520358 1.0
0 0.731934 0.611872 0.014648 0.027397 0.729797 0.607863 1.0 0.736036 0.608597 1.0 0.733564 0.615752 1.0 0.730856 0.619971 1.0 0.734271 0.620155 1.0
0 0.788574 0.618721 0.018555 0.031963 0.786276 0.61493 1.0 0.793169 0.610927 1.0 0.791142 0.619353 1.0 0.789791 0.626936 1.0 0.794521 0.626516 1.0
0 0.677734 0.628615 0.015625 0.027397 0.674752 0.623139 1.0 0.680646 0.623139 1.0 0.677926 0.630029 1.0 0.674072 0.633738 1.0 0.68144 0.633915 1.0
0 0.795898 0.670472 0.017578 0.028919 0.792725 0.664954 1.0 0.80188 0.664574 1.0 0.79834 0.669711 1.0 0.793091 0.675989 1.0 0.801758 0.675228 1.0
0 0.789551 0.727549 0.018555 0.033486 0.78683 0.720374 1.0 0.795341 0.722114 1.0 0.791155 0.729941 1.0 0.787109 0.733855 1.0 0.79255 0.735813 1.0
0 0.720703 0.732116 0.021484 0.03653 0.716827 0.725409 1.0 0.725525 0.725409 1.0 0.72171 0.731117 1.0 0.716369 0.740393 1.0 0.72583 0.73944 1.0
0 0.655273 0.717656 0.017578 0.031963 0.651354 0.713021 1.0 0.659599 0.713865 1.0 0.655003 0.720184 1.0 0.650543 0.725029 1.0 0.659463 0.726502 1.0
0 0.706543 0.671233 0.018555 0.030441 0.702641 0.665545 1.0 0.710101 0.665545 1.0 0.705929 0.672245 1.0 0.702641 0.67796 1.0 0.709342 0.678157 1.0
0 0.657715 0.672755 0.016602 0.030441 0.653198 0.667237 1.0 0.662109 0.666857 1.0 0.657715 0.671804 1.0 0.65332 0.677892 1.0 0.661377 0.678082 1.0
0 0.594727 0.727549 0.017578 0.030441 0.592773 0.721461 1.0 0.599609 0.722983 1.0 0.595703 0.730594 1.0 0.591797 0.733638 1.0 0.599609 0.73516 1.0
0 0.536133 0.738204 0.019531 0.030441 0.533116 0.732714 1.0 0.542219 0.732516 1.0 0.537667 0.739414 1.0 0.533875 0.744734 1.0 0.540069 0.744734 1.0
0 0.473145 0.741248 0.018555 0.033486 0.470358 0.735221 1.0 0.478332 0.734799 1.0 0.475089 0.74154 1.0 0.470764 0.74786 1.0 0.478332 0.747228 1.0
0 0.922363 0.512938 0.016602 0.027397 0.919835 0.507638 1.0 0.926862 0.50905 1.0 0.922555 0.516117 1.0 0.918588 0.519828 1.0 0.924822 0.52124 1.0
0 0.874023 0.519787 0.017578 0.028919 0.87177 0.512394 1.0 0.879186 0.513312 1.0 0.874947 0.519365 1.0 0.871181 0.523769 1.0 0.877772 0.52432 1.0
0 0.919922 0.618721 0.019531 0.035008 0.915693 0.612219 1.0 0.926195 0.613565 1.0 0.92044 0.619843 1.0 0.916125 0.625224 1.0 0.9249 0.625449 1.0
0 0.883301 0.608067 0.018555 0.031963 0.87793 0.60274 1.0 0.886719 0.601218 1.0 0.881836 0.608828 1.0 0.878906 0.614916 1.0 0.885742 0.614916 1.0
0 0.912109 0.729833 0.021484 0.035008 0.908465 0.72191 1.0 0.9181 0.723295 1.0 0.913652 0.729764 1.0 0.912911 0.738082 1.0 0.9181 0.738082 1.0
0 0.849609 0.671994 0.019531 0.031963 0.846409 0.665729 1.0 0.855041 0.665525 1.0 0.850987 0.674087 1.0 0.846147 0.67796 1.0 0.855434 0.67796 1.0
0 0.844727 0.73516 0.019531 0.030441 0.840445 0.730064 1.0 0.847639 0.730064 1.0 0.845154 0.738014 1.0 0.840838 0.742295 1.0 0.84947 0.741683 1.0
0 0.737305 0.673516 0.017578 0.028919 0.733398 0.667428 1.0 0.741699 0.666667 1.0 0.738037 0.674848 1.0 0.734253 0.679985 1.0 0.741211 0.680365 1.0