0 0.943848 0.291341 0.022461 0.017578 0.938769 0.289527 1.0 0.94829 0.289981 1.0 0.942339 0.293495 1.0 0.938938 0.296215 1.0 0.94574 0.296442 1.0
0 0.931641 0.319661 0.023438 0.018229 0.923671 0.316275 1.0 0.933873 0.317863 1.0 0.925712 0.32013 1.0 0.921971 0.323077 1.0 0.927242 0.324437 1.0
0 0.874023 0.261393 0.019531 0.016276 0.866669 0.259318 1.0 0.875366 0.25942 1.0 0.869721 0.262675 1.0 0.867279 0.265014 1.0 0.873535 0.265014 1.0
0 0.903809 0.391927 0.030273 0.022135 0.89474 0.386673 1.0 0.908343 0.387649 1.0 0.899345 0.393508 1.0 0.897042 0.396856 1.0 0.905622 0.396856 1.0
0 0.85498 0.36849 0.02832 0.020833 0.84518 0.366618 1.0 0.856611 0.365816 1.0 0.849793 0.371965 1.0 0.848589 0.375442 1.0 0.857012 0.375174 1.0
0 0.793457 0.350911 0.024414 0.022135 0.782501 0.348165 1.0 0.795532 0.347595 1.0 0.787628 0.352722 1.0 0.785492 0.35671 1.0 0.794037 0.35671 1.0
0 0.716797 0.303711 0.023438 0.01888 0.709647 0.301685 1.0 0.721266 0.301566 1.0 0.714295 0.305737 1.0 0.712149 0.308596 1.0 0.720015 0.309074 1.0
0 0.686035 0.291667 0.022461 0.019531 0.680372 0.290841 1.0 0.690495 0.290716 1.0 0.685246 0.29534 1.0 0.681685 0.298215 1.0 0.689745 0.29784 1.0
0 0.644531 0.259115 0.019531 0.018229 0.638772 0.258336 1.0 0.648464 0.257542 1.0 0.642683 0.262076 1.0 0.641152 0.264797 1.0 0.648464 0.26389 1.0
0 0.847168 0.431315 0.030273 0.024089 0.837463 0.427926 1.0 0.852482 0.427772 1.0 0.844396 0.43301 1.0 0.841622 0.436861 1.0 0.850865 0.437169 1.0
0 0.751465 0.381836 0.030273 0.026693 0.740174 0.379299 1.0 0.75432 0.378613 1.0 0.745832 0.384958 1.0 0.745061 0.38873 1.0 0.753034 0.388387 1.0
0 0.714844 0.371745 0.029297 0.022135 0.708147 0.368443 1.0 0.720284 0.36942 1.0 0.71317 0.374721 1.0 0.709612 0.37765 1.0 0.716728 0.37793 1.0
0 0.70459 0.349609 0.026367 0.022135 0.696429 0.346819 1.0 0.709193 0.346819 1.0 0.702079 0.351144 1.0 0.698103 0.354492 1.0 0.706264 0.354632 1.0
0 0.561523 0.297526 0.021484 0.016927 0.554583 0.296311 1.0 0.564357 0.295759 1.0 0.557896 0.301171 1.0 0.556074 0.302607 1.0 0.564357 0.302496 1.0
0 0.530762 0.33138 0.024414 0.018229 0.524327 0.329506 1.0 0.535409 0.329267 1.0 0.52826 0.333796 1.0 0.525042 0.336417 1.0 0.533801 0.336298 1.0
0 0.509277 0.310547 0.022461 0.016927 0.502502 0.307355 1.0 0.5141 0.307024 1.0 0.50797 0.311221 1.0 0.503828 0.315418 1.0 0.511779 0.315087 1.0
0 0.470215 0.281576 0.022461 0.017578 0.46582 0.280599 1.0 0.475586 0.280599 1.0 0.470703 0.283854 1.0 0.466797 0.289062 1.0 0.477539 0.287109 1.0
0 0.492676 0.259115 0.018555 0.014323 0.485143 0.257812 1.0 0.492676 0.256975 1.0 0.488072 0.261347 1.0 0.487235 0.264416 1.0 0.49435 0.263486 1.0
0 0.465332 0.250651 0.018555 0.014323 0.460301 0.249064 1.0 0.468274 0.248794 1.0 0.46449 0.252578 1.0 0.462058 0.255101 1.0 0.468274 0.25438 1.0
0 0.397461 0.255534 0.019531 0.014974 0.393376 0.252485 1.0 0.401721 0.252677 1.0 0.396973 0.256993 1.0 0.393376 0.259966 1.0 0.401289 0.260062 1.0
0 0.369629 0.28418 0.020508 0.016276 0.362218 0.281762 1.0 0.373832 0.281552 1.0 0.366926 0.284482 1.0 0.364886 0.288249 1.0 0.37085 0.288249 1.0
0 0.385254 0.305664 0.024414 0.017578 0.381836 0.302734 1.0 0.392578 0.302734 1.0 0.385742 0.308594 1.0 0.380859 0.311198 1.0 0.392578 0.311198 1.0
0 0.433105 0.316081 0.024414 0.017578 0.424674 0.313436 1.0 0.435939 0.312221 1.0 0.430307 0.317301 1.0 0.427821 0.319842 1.0 0.436271 0.31929 1.0
0 0.424316 0.339193 0.026367 0.019531 0.419067 0.336868 1.0 0.433877 0.337242 1.0 0.428628 0.342117 1.0 0.42113 0.344866 1.0 0.430315 0.344741 1.0
0 0.524902 0.358073 0.022461 0.019531 0.518302 0.354873 1.0 0.530487 0.356122 1.0 0.522801 0.359997 1.0 0.519427 0.362622 1.0 0.527862 0.363496 1.0
0 0.341309 0.334961 0.022461 0.017578 0.335868 0.331476 1.0 0.346749 0.331249 1.0 0.340969 0.336124 1.0 0.336718 0.339298 1.0 0.345729 0.339298 1.0
0 0.322266 0.296549 0.023438 0.014974 0.319031 0.293701 1.0 0.330627 0.293497 1.0 0.325439 0.297974 1.0 0.320709 0.300008 1.0 0.329406 0.299703 1.0
0 0.320801 0.256185 0.020508 0.016276 0.318207 0.253398 1.0 0.326142 0.253703 1.0 0.32309 0.25706 1.0 0.318817 0.259298 1.0 0.326446 0.2594 1.0
0 0.257812 0.267578 0.019531 0.015625 0.255341 0.265523 1.0 0.263428 0.26532 1.0 0.259308 0.269491 1.0 0.255188 0.271729 1.0 0.261597 0.272034 1.0
0 0.171875 0.277995 0.023438 0.016927 0.167516 0.275949 1.0 0.178323 0.275196 1.0 0.173322 0.278852 1.0 0.168806 0.281863 1.0 0.177193 0.28154 1.0
0 0.166016 0.304362 0.023438 0.013672 0.161926 0.302426 1.0 0.173043 0.300351 1.0 0.170375 0.304798 1.0 0.166966 0.308454 1.0 0.172599 0.307169 1.0
0 0.120117 0.320964 0.025391 0.016927 0.114493 0.319429 1.0 0.12609 0.318324 1.0 0.121782 0.323294 1.0 0.117476 0.325503 1.0 0.126753 0.32473 1.0
0 0.209961 0.320638 0.025391 0.01888 0.20575 0.318237 1.0 0.216553 0.317505 1.0 0.21106 0.32373 1.0 0.206848 0.325439 1.0 0.217834 0.325195 1.0
0 0.285645 0.312826 0.024414 0.01888 0.281629 0.310983 1.0 0.293069 0.310268 1.0 0.288422 0.315988 1.0 0.282702 0.317656 1.0 0.292354 0.317775 1.0
0 0.281738 0.355794 0.026367 0.021484 0.27723 0.353609 1.0 0.289935 0.354565 1.0 0.282763 0.358526 1.0 0.276206 0.360712 1.0 0.287681 0.361395 1.0
0 0.252441 0.334635 0.026367 0.020833 0.246225 0.332915 1.0 0.258458 0.331712 1.0 0.252843 0.337594 1.0 0.249032 0.340001 1.0 0.258057 0.339199 1.0
0 0.18457 0.369141 0.029297 0.019531 0.177281 0.367152 1.0 0.189941 0.365234 1.0 0.184954 0.371117 1.0 0.181501 0.373674 1.0 0.191668 0.372779 1.0
0 0.354004 0.362305 0.02832 0.020182 0.34804 0.359677 1.0 0.361659 0.359038 1.0 0.35437 0.363386 1.0 0.349383 0.366839 1.0 0.358974 0.366583 1.0
0 0.401855 0.364258 0.02832 0.020182 0.395386 0.362953 1.0 0.407353 0.361383 1.0 0.401664 0.366615 1.0 0.397544 0.370146 1.0 0.408727 0.368577 1.0
0 0.813965 0.471354 0.038086 0.028646 0.805638 0.466378 1.0 0.820504 0.466018 1.0 0.814018 0.472686 1.0 0.808341 0.477911 1.0 0.822667 0.47683 1.0
0 0.851562 0.523112 0.037109 0.029297 0.843658 0.518249 1.0 0.859589 0.518616 1.0 0.849426 0.525391 1.0 0.845031 0.529968 1.0 0.855469 0.530151 1.0
0 0.73877 0.500977 0.038086 0.030599 0.729715 0.497599 1.0 0.744611 0.499352 1.0 0.735557 0.506947 1.0 0.730883 0.508894 1.0 0.740814 0.510257 1.0
0 0.679688 0.457682 0.033203 0.026042 0.67075 0.454706 1.0 0.686654 0.453215 1.0 0.678454 0.460007 1.0 0.675969 0.464977 1.0 0.68566 0.46448 1.0
0 0.708496 0.429688 0.02832 0.023438 0.702148 0.426467 1.0 0.716884 0.427979 1.0 0.707816 0.432512 1.0 0.702375 0.434931 1.0 0.712804 0.436291 1.0
0 0.614258 0.430339 0.03125 0.023438 0.606026 0.428525 1.0 0.620763 0.428223 1.0 0.614415 0.433361 1.0 0.610107 0.436081 1.0 0.620082 0.43593 1.0
0 0.520508 0.469401 0.03125 0.023438 0.513898 0.468343 1.0 0.528861 0.46668 1.0 0.521833 0.473331 1.0 0.518659 0.476505 1.0 0.529088 0.474238 1.0
0 0.602539 0.49056 0.033203 0.027995 0.594914 0.485831 1.0 0.609274 0.485831 1.0 0.600232 0.493454 1.0 0.594914 0.496646 1.0 0.607147 0.496646 1.0
0 0.575195 0.534831 0.037109 0.030599 0.56468 0.530869 1.0 0.583374 0.530285 1.0 0.574319 0.537685 1.0 0.567893 0.542943 1.0 0.582498 0.543332 1.0
0 0.708984 0.560872 0.041016 0.031901 0.699219 0.557699 1.0 0.717225 0.558512 1.0 0.707764 0.56543 1.0 0.700439 0.568074 1.0 0.717225 0.568482 1.0
0 0.806641 0.598307 0.039062 0.039062 0.796146 0.592547 1.0 0.815046 0.592547 1.0 0.803929 0.600947 1.0 0.795035 0.606134 1.0 0.815046 0.606134 1.0
0 0.693359 0.616862 0.044922 0.037109 0.680023 0.611683 1.0 0.701211 0.612624 1.0 0.686732 0.6211 1.0 0.681436 0.625102 1.0 0.69768 0.626514 1.0
0 0.567383 0.601562 0.037109 0.03125 0.55692 0.597354 1.0 0.57441 0.597354 1.0 0.565813 0.605655 1.0 0.558698 0.609607 1.0 0.575004 0.608619 1.0
0 0.497559 0.564128 0.038086 0.031901 0.485339 0.559867 1.0 0.505192 0.558062 1.0 0.492859 0.565883 1.0 0.48955 0.570295 1.0 0.503989 0.570094 1.0
0 0.331543 0.388346 0.026367 0.021484 0.325684 0.38523 1.0 0.336774 0.385091 1.0 0.330287 0.390532 1.0 0.327148 0.39402 1.0 0.336565 0.393741 1.0
0 0.310547 0.414062 0.027344 0.023438 0.306432 0.413562 1.0 0.318673 0.413411 1.0 0.312779 0.418852 1.0 0.307338 0.422177 1.0 0.315727 0.422026 1.0
0 0.252441 0.420898 0.03418 0.026693 0.245522 0.418155 1.0 0.262499 0.419012 1.0 0.25504 0.424156 1.0 0.245522 0.427415 1.0 0.258126 0.427758 1.0
0 0.245117 0.387044 0.029297 0.024089 0.239258 0.384115 1.0 0.25293 0.384115 1.0 0.248047 0.388672 1.0 0.242188 0.39388 1.0 0.255859 0.391927 1.0
0 0.173828 0.408854 0.03125 0.020833 0.170131 0.406866 1.0 0.181963 0.402989 1.0 0.181361 0.410075 1.0 0.175746 0.414086 1.0 0.183769 0.413551 1.0
0 0.171875 0.469076 0.035156 0.024089 0.171875 0.465495 1.0 0.185547 0.464844 1.0 0.183594 0.470703 1.0 0.174805 0.476562 1.0 0.1875 0.474609 1.0
0 0.250977 0.509766 0.037109 0.028646 0.245331 0.505595 1.0 0.262909 0.505411 1.0 0.256592 0.512553 1.0 0.247528 0.517314 1.0 0.260437 0.516032 1.0
0 0.405762 0.50293 0.030273 0.022786 0.397042 0.500133 1.0 0.412301 0.498971 1.0 0.404672 0.506818 1.0 0.40162 0.509434 1.0 0.411647 0.508417 1.0
0 0.416504 0.469401 0.02832 0.019531 0.407401 0.468633 1.0 0.419678 0.466076 1.0 0.413348 0.471831 1.0 0.412196 0.47669 1.0 0.423322 0.473749 1.0
0 0.380859 0.430013 0.03125 0.026693 0.37677 0.425898 1.0 0.389889 0.426412 1.0 0.382943 0.43087 1.0 0.375741 0.434814 1.0 0.386544 0.435158 1.0
0 0.45752 0.516276 0.036133 0.03125 0.449097 0.510937 1.0 0.466544 0.509734 1.0 0.459023 0.516151 1.0 0.455113 0.522769 1.0 0.467146 0.521566 1.0
0 0.833496 0.664714 0.047852 0.040365 0.818974 0.661101 1.0 0.840973 0.661607 1.0 0.828077 0.671974 1.0 0.82125 0.673744 1.0 0.839835 0.673997 1.0
0 0.679199 0.716471 0.043945 0.041016 0.666548 0.710914 1.0 0.685381 0.710914 1.0 0.675572 0.722686 1.0 0.669687 0.723732 1.0 0.687735 0.72347 1.0
0 0.52002 0.673503 0.047852 0.041016 0.509722 0.669253 1.0 0.529732 0.668207 1.0 0.520316 0.679193 1.0 0.514038 0.685471 1.0 0.529732 0.684425 1.0
0 0.445801 0.638997 0.041992 0.038411 0.43396 0.635742 1.0 0.453003 0.63501 1.0 0.442017 0.644531 1.0 0.43689 0.64917 1.0 0.453003 0.648926 1.0
0 0.332031 0.656901 0.046875 0.036458 0.323621 0.651294 1.0 0.343253 0.651294 1.0 0.333954 0.65979 1.0 0.324311 0.664612 1.0 0.341187 0.66553 1.0
0 0.241699 0.606445 0.041992 0.033203 0.233363 0.602563 1.0 0.253453 0.602144 1.0 0.244036 0.609887 1.0 0.235247 0.614281 1.0 0.250941 0.613863 1.0
0 0.20166 0.714844 0.049805 0.044271 0.191022 0.709725 1.0 0.217241 0.704933 1.0 0.207938 0.71621 1.0 0.197366 0.724949 1.0 0.217241 0.721848 1.0
0 0.377441 0.591146 0.040039 0.028646 0.369537 0.586243 1.0 0.387391 0.58606 1.0 0.377777 0.594665 1.0 0.370361 0.597229 1.0 0.383545 0.597595 1.0
0 0.339844 0.535482 0.035156 0.029297 0.330706 0.531436 1.0 0.348563 0.529762 1.0 0.339913 0.537202 1.0 0.333775 0.54148 1.0 0.348842 0.540551 1.0
0 0.866699 0.568359 0.036133 0.033854 0.854436 0.563154 1.0 0.873213 0.564427 1.0 0.860482 0.572065 1.0 0.855709 0.574399 1.0 0.872576 0.575035 1.0
0 0.92334 0.351562 0.02832 0.020833 0.917555 0.347313 1.0 0.929914 0.347967 1.0 0.922655 0.352283 1.0 0.917555 0.354768 1.0 0.927364 0.35503 1.0
0 0.55957 0.371094 0.019531 0.016927 0.552307 0.369155 1.0 0.561502 0.368295 1.0 0.555694 0.373456 1.0 0.555372 0.376145 1.0 0.563599 0.375393 1.0
0 0.491211 0.429036 0.03125 0.027344 0.482749 0.426825 1.0 0.495867 0.427682 1.0 0.487894 0.432484 1.0 0.484292 0.436256 1.0 0.495096 0.43677 1.0
0 0.444824 0.394857 0.02832 0.024089 0.437081 0.393926 1.0 0.450004 0.394078 1.0 0.443202 0.399065 1.0 0.439122 0.401635 1.0 0.449097 0.401937 1.0
0 0.293945 0.467448 0.033203 0.027344 0.28677 0.461978 1.0 0.301174 0.461464 1.0 0.295258 0.469008 1.0 0.29037 0.473982 1.0 0.301688 0.473467 1.0
0 0.166992 0.328451 0.029297 0.021484 0.159599 0.324916 1.0 0.172572 0.324498 1.0 0.166504 0.329799 1.0 0.162946 0.333287 1.0 0.170689 0.333147 1.0
0 0.5625 0.268555 0.015625 0.013672 0.0 0.0 0.0 0.0 0.0 0.0 0.0 0.0 0.0 0.0 0.0 0.0 0.0 0.0 0.0