0 0.629395 0.705344 0.03418 0.028551 0.614746 0.698206 1.0 0.629395 0.697474 1.0 0.618164 0.703148 1.0 0.619385 0.709919 1.0 0.629395 0.709004 1.0
0 0.453613 0.668741 0.030273 0.016837 0.0 0.0 0.0 0.0 0.0 0.0 0.0 0.0 0.0 0.0 0.0 0.0 0.0 0.0 0.0
0 0.756836 0.614934 0.039062 0.01757 0.0 0.0 0.0 0.0 0.0 0.0 0.0 0.0 0.0 0.0 0.0 0.0 0.0 0.0 0.0
0 0.535156 0.538799 0.025391 0.020498 0.532296 0.534816 1.0 0.541948 0.537362 1.0 0.535335 0.540444 1.0 0.530151 0.542721 1.0 0.538195 0.544731 1.0
0 0.508301 0.131772 0.055664 0.058565 0.498945 0.117742 1.0 0.50732 0.119588 1.0 0.48121 0.126605 1.0 0.486137 0.142485 1.0 0.489585 0.142485 1.0
0 0.75293 0.397145 0.009766 0.008053 0.0 0.0 0.0 0.0 0.0 0.0 0.0 0.0 0.0 0.0 0.0 0.0 0.0 0.0 0.0
0 0.617188 0.393851 0.007812 0.007321 0.0 0.0 0.0 0.0 0.0 0.0 0.0 0.0 0.0 0.0 0.0 0.0 0.0 0.0 0.0
0 0.611816 0.394217 0.006836 0.006589 0.0 0.0 0.0 0.0 0.0 0.0 0.0 0.0 0.0 0.0 0.0 0.0 0.0 0.0 0.0
0 0.652832 0.38836 0.006836 0.006589 0.0 0.0 0.0 0.0 0.0 0.0 0.0 0.0 0.0 0.0 0.0 0.0 0.0 0.0 0.0
0 0.571289 0.394583 0.005859 0.005857 0.0 0.0 0.0 0.0 0.0 0.0 0.0 0.0 0.0 0.0 0.0 0.0 0.0 0.0 0.0
0 0.266602 0.378111 0.003906 0.00366 0.0 0.0 0.0 0.0 0.0 0.0 0.0 0.0 0.0 0.0 0.0 0.0 0.0 0.0 0.0