0 0.296875 0.635378 0.025391 0.020194 0.291591 0.63234 1.0 0.302525 0.631324 1.0 0.297555 0.636272 1.0 0.294076 0.639699 1.0 0.302359 0.639825 1.0
0 0.368652 0.628646 0.024414 0.020194 0.365234 0.624533 1.0 0.375977 0.623785 1.0 0.373047 0.629768 1.0 0.366211 0.635004 1.0 0.375977 0.635004 1.0
0 0.213867 0.627898 0.025391 0.020194 0.208077 0.624099 1.0 0.219343 0.624099 1.0 0.214207 0.629428 1.0 0.210396 0.631966 1.0 0.218846 0.632219 1.0
0 0.161133 0.624907 0.03125 0.024682 0.156673 0.620079 1.0 0.170812 0.619294 1.0 0.164869 0.6251 1.0 0.157697 0.630122 1.0 0.168762 0.629494 1.0
0 0.229004 0.588631 0.02832 0.026926 0.224017 0.587589 1.0 0.237165 0.587242 1.0 0.231725 0.592277 1.0 0.225377 0.596444 1.0 0.236938 0.596966 1.0
0 0.318359 0.589005 0.027344 0.026178 0.312316 0.586785 1.0 0.323853 0.586294 1.0 0.318085 0.590221 1.0 0.313385 0.595292 1.0 0.323639 0.595456 1.0
0 0.410156 0.594989 0.025391 0.02169 0.403281 0.58965 1.0 0.416687 0.58965 1.0 0.40918 0.594989 1.0 0.40489 0.60512 1.0 0.416687 0.60553 1.0
0 0.249512 0.700449 0.030273 0.024682 0.243491 0.693895 1.0 0.259063 0.69358 1.0 0.251072 0.699858 1.0 0.24513 0.705664 1.0 0.257629 0.705194 1.0
0 0.37207 0.705684 0.03125 0.027674 0.367423 0.700022 1.0 0.380824 0.70126 1.0 0.374124 0.706038 1.0 0.369503 0.711524 1.0 0.378283 0.711878 1.0
0 0.489258 0.699701 0.027344 0.02917 0.482422 0.695587 1.0 0.49707 0.696335 1.0 0.488281 0.702319 1.0 0.483398 0.706058 1.0 0.492188 0.706806 1.0
0 0.561035 0.608078 0.024414 0.023934 0.55433 0.60564 1.0 0.566162 0.605333 1.0 0.559544 0.610248 1.0 0.554932 0.614395 1.0 0.564558 0.614395 1.0
0 0.600586 0.635752 0.023438 0.023934 0.594771 0.633651 1.0 0.605835 0.633809 1.0 0.599688 0.63836 1.0 0.59518 0.642126 1.0 0.602967 0.642283 1.0
0 0.52002 0.640239 0.02832 0.020942 0.515015 0.635622 1.0 0.529136 0.6348 1.0 0.522343 0.64055 1.0 0.515729 0.64493 1.0 0.526812 0.644657 1.0
0 0.492676 0.589753 0.022461 0.02169 0.487488 0.585172 1.0 0.497375 0.585312 1.0 0.491699 0.58994 1.0 0.487671 0.592886 1.0 0.495545 0.593165 1.0
0 0.43457 0.630516 0.025391 0.022438 0.430359 0.624439 1.0 0.442261 0.623598 1.0 0.436768 0.628927 1.0 0.432373 0.633695 1.0 0.441895 0.633414 1.0
0 0.850098 0.614809 0.030273 0.031414 0.840864 0.610889 1.0 0.855525 0.610693 1.0 0.847809 0.6168 1.0 0.842664 0.621921 1.0 0.854496 0.621921 1.0
0 0.731445 0.700449 0.033203 0.032162 0.721871 0.695968 1.0 0.738094 0.695764 1.0 0.730647 0.702282 1.0 0.725329 0.706966 1.0 0.737296 0.707171 1.0
0 0.61377 0.692969 0.030273 0.02917 0.605608 0.68965 1.0 0.619516 0.689834 1.0 0.611603 0.69516 1.0 0.606567 0.699384 1.0 0.619995 0.699384 1.0
0 0.755859 0.622289 0.025391 0.022438 0.749913 0.618469 1.0 0.763532 0.618175 1.0 0.756627 0.622729 1.0 0.752022 0.628313 1.0 0.761998 0.628459 1.0
0 0.805176 0.598355 0.026367 0.022438 0.799438 0.593386 1.0 0.808999 0.59353 1.0 0.804125 0.597981 1.0 0.800376 0.603006 1.0 0.809749 0.602719 1.0
0 0.714355 0.604338 0.024414 0.020942 0.706055 0.601346 1.0 0.717773 0.601346 1.0 0.711914 0.605834 1.0 0.706055 0.608826 1.0 0.71875 0.611818 1.0
0 0.673828 0.629768 0.027344 0.02543 0.668945 0.628272 1.0 0.683594 0.628272 1.0 0.674805 0.632012 1.0 0.668945 0.635752 1.0 0.680664 0.637996 1.0
0 0.632812 0.6092 0.023438 0.020194 0.627755 0.605033 1.0 0.637787 0.605553 1.0 0.631156 0.609981 1.0 0.628775 0.613758 1.0 0.634896 0.614018 1.0
0 0.648926 0.57816 0.022461 0.017951 0.641388 0.574631 1.0 0.652222 0.573813 1.0 0.643829 0.579423 1.0 0.642304 0.581642 1.0 0.651611 0.581292 1.0
0 0.814941 0.534405 0.024414 0.023186 0.809745 0.529147 1.0 0.823085 0.529147 1.0 0.815238 0.534556 1.0 0.808764 0.540866 1.0 0.819554 0.540717 1.0
0 0.772461 0.484667 0.023438 0.020942 0.768555 0.483171 1.0 0.777344 0.482423 1.0 0.773438 0.487659 1.0 0.769531 0.491399 1.0 0.777344 0.491399 1.0
0 0.726562 0.469334 0.023438 0.018699 0.722465 0.465234 1.0 0.735177 0.464393 1.0 0.731097 0.470764 1.0 0.725133 0.474009 1.0 0.733294 0.473769 1.0
0 0.689453 0.501122 0.025391 0.023934 0.68137 0.498511 1.0 0.694606 0.498358 1.0 0.687988 0.50358 1.0 0.683376 0.507112 1.0 0.692199 0.507112 1.0
0 0.767578 0.531788 0.021484 0.020942 0.759417 0.529517 1.0 0.769183 0.528315 1.0 0.765172 0.533524 1.0 0.763079 0.538466 1.0 0.76988 0.537664 1.0
0 0.721191 0.545625 0.026367 0.024682 0.713248 0.541387 1.0 0.724518 0.541858 1.0 0.716321 0.547351 1.0 0.713863 0.551274 1.0 0.723493 0.550803 1.0
0 0.637695 0.480553 0.021484 0.02169 0.632752 0.476112 1.0 0.641357 0.475832 1.0 0.637146 0.479899 1.0 0.635498 0.484527 1.0 0.641174 0.484387 1.0
0 0.640625 0.543381 0.021484 0.02169 0.634766 0.540763 1.0 0.643555 0.540763 1.0 0.636719 0.545251 1.0 0.632812 0.549738 1.0 0.639648 0.549738 1.0
0 0.599121 0.52356 0.024414 0.020942 0.59375 0.521316 1.0 0.605469 0.521316 1.0 0.597656 0.526552 1.0 0.592773 0.528796 1.0 0.602539 0.530292 1.0
0 0.555176 0.47644 0.024414 0.020942 0.550219 0.472643 1.0 0.562374 0.472369 1.0 0.556296 0.477435 1.0 0.5529 0.481268 1.0 0.559871 0.481268 1.0
0 0.509766 0.495886 0.023438 0.022438 0.504186 0.493242 1.0 0.513201 0.492948 1.0 0.508405 0.497797 1.0 0.504186 0.501616 1.0 0.51416 0.501175 1.0
0 0.486816 0.55086 0.02832 0.026178 0.483338 0.548313 1.0 0.49295 0.547494 1.0 0.488465 0.551749 1.0 0.483124 0.556493 1.0 0.493378 0.556329 1.0
0 0.448242 0.488033 0.021484 0.020194 0.443787 0.484995 1.0 0.45439 0.486136 1.0 0.448094 0.490323 1.0 0.441964 0.492354 1.0 0.451241 0.493876 1.0
0 0.441406 0.573672 0.025391 0.022438 0.435119 0.568577 1.0 0.44574 0.568437 1.0 0.440246 0.573626 1.0 0.436951 0.578815 1.0 0.445557 0.578534 1.0
0 0.560547 0.541137 0.025391 0.023186 0.55378 0.536328 1.0 0.565748 0.536179 1.0 0.559078 0.542188 1.0 0.555351 0.546396 1.0 0.564375 0.546245 1.0
0 0.377441 0.477936 0.024414 0.019447 0.37132 0.472987 1.0 0.381758 0.472987 1.0 0.377284 0.479078 1.0 0.371817 0.480981 1.0 0.382255 0.481235 1.0
0 0.362305 0.514211 0.025391 0.020194 0.358006 0.509776 1.0 0.36778 0.509523 1.0 0.362811 0.51371 1.0 0.358006 0.517009 1.0 0.368443 0.517009 1.0
0 0.404785 0.546372 0.022461 0.018699 0.398834 0.541885 1.0 0.411041 0.540482 1.0 0.404633 0.54469 1.0 0.402802 0.550883 1.0 0.40982 0.549948 1.0
0 0.272949 0.462977 0.022461 0.019447 0.267578 0.459985 1.0 0.28125 0.461481 1.0 0.272461 0.462229 1.0 0.265625 0.465969 1.0 0.277344 0.46896 1.0
0 0.303711 0.528422 0.023438 0.020194 0.300332 0.524515 1.0 0.310534 0.524255 1.0 0.307474 0.528422 1.0 0.300672 0.53337 1.0 0.310023 0.53311 1.0
0 0.213867 0.532909 0.027344 0.02169 0.208313 0.528889 1.0 0.220031 0.52945 1.0 0.215271 0.533798 1.0 0.209961 0.536883 1.0 0.218566 0.537725 1.0
0 0.206055 0.486911 0.023438 0.022438 0.20163 0.483953 1.0 0.21194 0.483953 1.0 0.206504 0.487829 1.0 0.202005 0.491993 1.0 0.211753 0.492567 1.0
0 0.36377 0.557218 0.024414 0.022438 0.360352 0.551702 1.0 0.371521 0.552543 1.0 0.365479 0.558012 1.0 0.359803 0.561799 1.0 0.368774 0.562781 1.0
0 0.262695 0.559088 0.023438 0.023186 0.256854 0.5546 1.0 0.268555 0.554306 1.0 0.263184 0.55886 1.0 0.259347 0.564737 1.0 0.266637 0.564444 1.0
0 0.298828 0.492521 0.023438 0.023186 0.294023 0.489669 1.0 0.303833 0.489218 1.0 0.298732 0.492524 1.0 0.294809 0.498384 1.0 0.303637 0.498233 1.0