0 0.952148 0.495608 0.035156 0.057101 0.939453 0.486457 1.0 0.954834 0.491947 1.0 0.945557 0.503294 1.0 0.94165 0.509517 1.0 0.950928 0.513177 1.0
0 0.883789 0.50366 0.035156 0.061493 0.877808 0.495817 1.0 0.895595 0.495817 1.0 0.886963 0.511896 1.0 0.878331 0.518564 1.0 0.89141 0.517779 1.0
0 0.823242 0.50366 0.037109 0.061493 0.0 0.0 0.0 0.0 0.0 0.0 0.0 0.0 0.0 0.0 0.0 0.0 0.0 0.0 0.0
0 0.803711 0.442167 0.029297 0.04978 0.797015 0.431918 1.0 0.810407 0.433486 1.0 0.803083 0.441644 1.0 0.796178 0.450116 1.0 0.806432 0.450742 1.0
0 0.748047 0.387994 0.027344 0.046852 0.744751 0.387132 1.0 0.75558 0.383824 1.0 0.752772 0.393445 1.0 0.747157 0.400662 1.0 0.755781 0.400662 1.0
0 0.737305 0.543924 0.035156 0.062958 0.733359 0.537675 1.0 0.747986 0.535682 1.0 0.743465 0.549637 1.0 0.732562 0.559605 1.0 0.747188 0.557611 1.0
0 0.643066 0.488287 0.038086 0.065886 0.636344 0.47894 1.0 0.65193 0.477666 1.0 0.645695 0.493385 1.0 0.637761 0.499758 1.0 0.652213 0.499758 1.0
0 0.703125 0.401171 0.03125 0.052709 0.697649 0.398792 1.0 0.710571 0.398792 1.0 0.70445 0.40763 1.0 0.698783 0.417146 1.0 0.706264 0.417486 1.0
0 0.541992 0.372621 0.033203 0.054173 0.536651 0.366038 1.0 0.552826 0.364306 1.0 0.54705 0.380936 1.0 0.536883 0.388556 1.0 0.551901 0.388556 1.0
0 0.579102 0.417277 0.027344 0.052709 0.572209 0.411545 1.0 0.586884 0.409211 1.0 0.581325 0.419211 1.0 0.577101 0.431212 1.0 0.585771 0.429545 1.0
0 0.613281 0.412884 0.029297 0.052709 0.0 0.0 0.0 0.0 0.0 0.0 0.0 0.0 0.0 0.0 0.0 0.0 0.0 0.0 0.0
0 0.629395 0.38287 0.024414 0.045388 0.0 0.0 0.0 0.0 0.0 0.0 0.0 0.0 0.0 0.0 0.0 0.0 0.0 0.0 0.0
0 0.546875 0.499268 0.039062 0.064422 0.537049 0.49277 1.0 0.554077 0.492359 1.0 0.545014 0.505947 1.0 0.538146 0.514184 1.0 0.554077 0.512536 1.0
0 0.32959 0.429722 0.02832 0.048316 0.0 0.0 0.0 0.0 0.0 0.0 0.0 0.0 0.0 0.0 0.0 0.0 0.0 0.0 0.0
0 0.373535 0.533675 0.036133 0.065886 0.368316 0.527269 1.0 0.38507 0.525211 1.0 0.37793 0.540035 1.0 0.369689 0.549505 1.0 0.383148 0.546211 1.0
0 0.456543 0.518302 0.040039 0.061493 0.447685 0.506928 1.0 0.464687 0.507321 1.0 0.457101 0.519086 1.0 0.449776 0.531635 1.0 0.465995 0.528105 1.0
0 0.410156 0.398243 0.035156 0.055637 0.0 0.0 0.0 0.0 0.0 0.0 0.0 0.0 0.0 0.0 0.0 0.0 0.0 0.0 0.0
0 0.17627 0.594436 0.038086 0.06735 0.168388 0.590553 1.0 0.183925 0.588397 1.0 0.179321 0.604789 1.0 0.169538 0.614712 1.0 0.184501 0.612555 1.0
0 0.279785 0.502928 0.038086 0.068814 0.272104 0.497019 1.0 0.286778 0.493568 1.0 0.281023 0.511256 1.0 0.275557 0.521177 1.0 0.29167 0.512119 1.0
0 0.120605 0.519766 0.038086 0.064422 0.0 0.0 0.0 0.0 0.0 0.0 0.0 0.0 0.0 0.0 0.0 0.0 0.0 0.0 0.0
0 0.222656 0.456808 0.033203 0.055637 0.0 0.0 0.0 0.0 0.0 0.0 0.0 0.0 0.0 0.0 0.0 0.0 0.0 0.0 0.0
0 0.498535 0.475842 0.02832 0.064422 0.0 0.0 0.0 0.0 0.0 0.0 0.0 0.0 0.0 0.0 0.0 0.0 0.0 0.0 0.0
0 0.879395 0.199854 0.006836 0.013177 0.0 0.0 0.0 0.0 0.0 0.0 0.0 0.0 0.0 0.0 0.0 0.0 0.0 0.0 0.0