0 0.219238 0.211589 0.045898 0.076823 0.213623 0.188477 1.0 0.231934 0.189941 1.0 0.224609 0.206543 1.0 0.21106 0.21875 1.0 0.232666 0.219238 1.0
0 0.288574 0.197917 0.041992 0.091146 0.285928 0.19151 1.0 0.303624 0.197841 1.0 0.297581 0.209926 1.0 0.283338 0.218559 1.0 0.300603 0.220285 1.0
0 0.409668 0.182292 0.041992 0.080729 0.400835 0.178607 1.0 0.422455 0.179617 1.0 0.412973 0.196306 1.0 0.403869 0.203387 1.0 0.419041 0.203892 1.0
0 0.549316 0.294922 0.038086 0.066406 0.540667 0.279622 1.0 0.560128 0.279622 1.0 0.550397 0.298456 1.0 0.543178 0.308501 1.0 0.557617 0.307245 1.0
0 0.650879 0.282552 0.045898 0.078125 0.635197 0.283383 1.0 0.656319 0.271525 1.0 0.647797 0.291783 1.0 0.644091 0.301665 1.0 0.662249 0.292277 1.0
0 0.463379 0.539062 0.049805 0.075521 0.452759 0.52249 1.0 0.481345 0.529245 1.0 0.468318 0.542754 1.0 0.456016 0.549991 1.0 0.472299 0.55578 1.0
0 0.537109 0.556641 0.044922 0.058594 0.530491 0.542178 1.0 0.550058 0.541794 1.0 0.542576 0.559059 1.0 0.530204 0.566732 1.0 0.548906 0.565965 1.0
0 0.62793 0.568359 0.054688 0.084635 0.610688 0.559651 1.0 0.639648 0.552775 1.0 0.626953 0.572876 1.0 0.620209 0.586629 1.0 0.639252 0.581868 1.0
0 0.85791 0.366536 0.004883 0.00651 0.0 0.0 0.0 0.0 0.0 0.0 0.0 0.0 0.0 0.0 0.0 0.0 0.0 0.0 0.0
0 0.900391 0.348958 0.003906 0.007812 0.0 0.0 0.0 0.0 0.0 0.0 0.0 0.0 0.0 0.0 0.0 0.0 0.0 0.0 0.0
0 0.87793 0.402995 0.011719 0.019531 0.0 0.0 0.0 0.0 0.0 0.0 0.0 0.0 0.0 0.0 0.0 0.0 0.0 0.0 0.0
0 0.042969 0.292318 0.005859 0.009115 0.0 0.0 0.0 0.0 0.0 0.0 0.0 0.0 0.0 0.0 0.0 0.0 0.0 0.0 0.0
0 0.009277 0.270833 0.012695 0.028646 0.0 0.0 0.0 0.0 0.0 0.0 0.0 0.0 0.0 0.0 0.0 0.0 0.0 0.0 0.0