0 0.100586 0.107427 0.123047 0.209549 0.080846 0.071618 1.0 0.136928 0.079576 1.0 0.114327 0.113679 1.0 0.097587 0.142099 1.0 0.125209 0.143236 1.0
0 0.239258 0.12069 0.115234 0.220159 0.220721 0.1005 1.0 0.273965 0.1005 1.0 0.249599 0.127463 1.0 0.227038 0.165456 1.0 0.269453 0.165456 1.0
0 0.084961 0.30504 0.134766 0.201592 0.051771 0.276631 1.0 0.114916 0.265281 1.0 0.087058 0.309422 1.0 0.062914 0.351038 1.0 0.120487 0.337166 1.0
0 0.110352 0.580902 0.138672 0.270557 0.081085 0.556448 1.0 0.151153 0.554749 1.0 0.116119 0.610825 1.0 0.084839 0.644812 1.0 0.1474 0.644812 1.0
0 0.270508 0.456233 0.146484 0.228117 0.241651 0.428459 1.0 0.308895 0.427032 1.0 0.276323 0.478401 1.0 0.243753 0.505512 1.0 0.309945 0.501232 1.0
0 0.366211 0.233422 0.142578 0.238727 0.332676 0.181698 1.0 0.394072 0.185225 1.0 0.361182 0.23431 1.0 0.332852 0.273077 1.0 0.386689 0.276366 1.0
0 0.537109 0.072944 0.085938 0.135279 0.51355 0.044761 1.0 0.555298 0.063411 1.0 0.532775 0.076094 1.0 0.512451 0.091015 1.0 0.532775 0.101459 1.0
0 0.516602 0.248011 0.142578 0.27321 0.482095 0.20457 1.0 0.546352 0.20457 1.0 0.516113 0.254192 1.0 0.475795 0.288414 1.0 0.552651 0.295259 1.0
0 0.65332 0.100796 0.126953 0.185676 0.616133 0.069878 1.0 0.675171 0.068794 1.0 0.641662 0.117552 1.0 0.620121 0.141389 1.0 0.676767 0.137054 1.0
0 0.666016 0.356764 0.140625 0.299735 0.625449 0.327947 1.0 0.689021 0.331702 1.0 0.654472 0.3805 1.0 0.629595 0.427423 1.0 0.684875 0.427423 1.0
0 0.797852 0.12069 0.126953 0.198939 0.769165 0.091678 1.0 0.822144 0.091678 1.0 0.796509 0.134615 1.0 0.775146 0.172911 1.0 0.814453 0.17059 1.0
0 0.932617 0.092838 0.111328 0.159151 0.896545 0.069297 1.0 0.946899 0.067473 1.0 0.915344 0.11124 1.0 0.904602 0.143154 1.0 0.944214 0.143154 1.0
0 0.938477 0.254642 0.123047 0.217507 0.903625 0.237566 1.0 0.959015 0.230728 1.0 0.927795 0.274495 1.0 0.915711 0.30732 1.0 0.963043 0.299113 1.0
0 0.837891 0.53183 0.128906 0.230769 0.79895 0.518111 1.0 0.8609 0.503606 1.0 0.827789 0.551475 1.0 0.807495 0.58774 1.0 0.869445 0.574684 1.0
0 0.506836 0.579576 0.126953 0.251989 0.485396 0.5552 1.0 0.542433 0.558361 1.0 0.516824 0.601045 1.0 0.480739 0.626338 1.0 0.540104 0.631081 1.0
0 0.436523 0.084881 0.107422 0.169761 0.412109 0.062334 1.0 0.458008 0.062334 1.0 0.438477 0.086207 1.0 0.423828 0.103448 1.0 0.449219 0.103448 1.0