0 0.210449 0.528646 0.014648 0.026042 0.206295 0.525971 1.0 0.212869 0.525803 1.0 0.210467 0.531535 1.0 0.208191 0.536086 1.0 0.212869 0.535749 1.0
0 0.181152 0.524089 0.016602 0.027344 0.178345 0.522216 1.0 0.1858 0.522216 1.0 0.182661 0.526926 1.0 0.179914 0.530936 1.0 0.18423 0.531111 1.0
0 0.147461 0.535807 0.015625 0.027344 0.146937 0.530971 1.0 0.153869 0.530622 1.0 0.151385 0.536203 1.0 0.148769 0.540737 1.0 0.153347 0.540388 1.0
0 0.121582 0.526042 0.016602 0.023438 0.120135 0.522879 1.0 0.125667 0.522409 1.0 0.123901 0.527431 1.0 0.121194 0.531512 1.0 0.125667 0.531668 1.0
0 0.32959 0.536458 0.018555 0.03125 0.325544 0.534878 1.0 0.333696 0.53468 1.0 0.329102 0.540806 1.0 0.327323 0.545155 1.0 0.332955 0.543969 1.0
0 0.30957 0.522786 0.015625 0.027344 0.305158 0.522135 1.0 0.312482 0.521437 1.0 0.308689 0.52632 1.0 0.307382 0.52946 1.0 0.311175 0.529111 1.0
0 0.288574 0.527344 0.016602 0.03125 0.286455 0.52624 1.0 0.292385 0.525646 1.0 0.289568 0.530785 1.0 0.287642 0.534738 1.0 0.291939 0.534738 1.0
0 0.253906 0.526042 0.013672 0.023438 0.250471 0.524832 1.0 0.258065 0.523775 1.0 0.254552 0.528158 1.0 0.252625 0.531331 1.0 0.256818 0.531331 1.0
0 0.363281 0.509115 0.015625 0.028646 0.359794 0.506883 1.0 0.368861 0.506138 1.0 0.364815 0.511533 1.0 0.361468 0.516555 1.0 0.368024 0.516184 1.0
0 0.397949 0.509115 0.014648 0.028646 0.394531 0.509115 1.0 0.402344 0.507812 1.0 0.399414 0.513021 1.0 0.395508 0.519531 1.0 0.402344 0.518229 1.0
0 0.421875 0.518229 0.017578 0.028646 0.418008 0.515236 1.0 0.423954 0.514335 1.0 0.420981 0.519921 1.0 0.419089 0.525507 1.0 0.423279 0.524246 1.0
0 0.480469 0.511719 0.015625 0.03125 0.476562 0.507812 1.0 0.483398 0.507812 1.0 0.480469 0.514323 1.0 0.477539 0.519531 1.0 0.482422 0.518229 1.0
0 0.512695 0.520182 0.015625 0.027344 0.509608 0.51888 1.0 0.515961 0.518701 1.0 0.512582 0.522484 1.0 0.510014 0.526809 1.0 0.515149 0.526448 1.0
0 0.534668 0.542318 0.014648 0.02474 0.53125 0.538737 1.0 0.536255 0.538411 1.0 0.533936 0.542806 1.0 0.531616 0.546061 1.0 0.535645 0.546224 1.0
0 0.526367 0.501953 0.015625 0.02474 0.522949 0.500651 1.0 0.531128 0.5 1.0 0.526611 0.505046 1.0 0.525146 0.509928 1.0 0.529541 0.509603 1.0
0 0.561523 0.514974 0.017578 0.029948 0.556588 0.515311 1.0 0.566075 0.513533 1.0 0.561332 0.519659 1.0 0.559553 0.524798 1.0 0.565186 0.524008 1.0
0 0.59082 0.525391 0.017578 0.032552 0.586426 0.525577 1.0 0.594116 0.52453 1.0 0.590507 0.530599 1.0 0.58831 0.534993 1.0 0.593488 0.534366 1.0
0 0.757324 0.502604 0.016602 0.03125 0.753967 0.501139 1.0 0.760376 0.501547 1.0 0.756714 0.506633 1.0 0.754883 0.510294 1.0 0.75885 0.510294 1.0
0 0.722656 0.511719 0.019531 0.028646 0.717795 0.511835 1.0 0.725996 0.511068 1.0 0.721968 0.517206 1.0 0.71909 0.524687 1.0 0.725564 0.523921 1.0
0 0.688477 0.498698 0.019531 0.03125 0.683245 0.495733 1.0 0.691546 0.495339 1.0 0.686654 0.500872 1.0 0.68532 0.506603 1.0 0.689025 0.506406 1.0
0 0.651855 0.504557 0.018555 0.027344 0.647583 0.500372 1.0 0.656503 0.500191 1.0 0.652178 0.506319 1.0 0.650286 0.511544 1.0 0.6538 0.511544 1.0
0 0.785645 0.516927 0.018555 0.033854 0.780317 0.514986 1.0 0.787092 0.513695 1.0 0.783866 0.520362 1.0 0.782092 0.525525 1.0 0.786446 0.524449 1.0
0 0.832031 0.497396 0.021484 0.03125 0.826163 0.496292 1.0 0.835354 0.495501 1.0 0.830462 0.501035 1.0 0.827646 0.504395 1.0 0.833574 0.503802 1.0
0 0.868164 0.498698 0.019531 0.033854 0.86251 0.498477 1.0 0.871704 0.495466 1.0 0.866865 0.502993 1.0 0.864284 0.50923 1.0 0.871059 0.50622 1.0