0 0.128418 0.410294 0.020508 0.041176 0.125453 0.404779 1.0 0.134696 0.405304 1.0 0.131034 0.415809 1.0 0.125802 0.422112 1.0 0.132429 0.421587 1.0
0 0.076172 0.410294 0.019531 0.035294 0.0 0.0 0.0 0.0 0.0 0.0 0.0 0.0 0.0 0.0 0.0 0.0 0.0 0.0 0.0
0 0.023926 0.405147 0.016602 0.027941 0.0 0.0 0.0 0.0 0.0 0.0 0.0 0.0 0.0 0.0 0.0 0.0 0.0 0.0 0.0
0 0.047363 0.419118 0.014648 0.023529 0.0 0.0 0.0 0.0 0.0 0.0 0.0 0.0 0.0 0.0 0.0 0.0 0.0 0.0 0.0
0 0.226562 0.416912 0.021484 0.039706 0.226283 0.405147 1.0 0.233782 0.408035 1.0 0.230644 0.41644 1.0 0.223668 0.419853 1.0 0.232038 0.422479 1.0
0 0.255371 0.4 0.010742 0.020588 0.0 0.0 0.0 0.0 0.0 0.0 0.0 0.0 0.0 0.0 0.0 0.0 0.0 0.0 0.0
0 0.307129 0.417647 0.016602 0.026471 0.0 0.0 0.0 0.0 0.0 0.0 0.0 0.0 0.0 0.0 0.0 0.0 0.0 0.0 0.0
0 0.327148 0.428676 0.015625 0.030882 0.325884 0.426444 1.0 0.330688 0.428349 1.0 0.327274 0.431585 1.0 0.32424 0.434822 1.0 0.328539 0.436725 1.0
0 0.361816 0.430882 0.022461 0.041176 0.0 0.0 0.0 0.0 0.0 0.0 0.0 0.0 0.0 0.0 0.0 0.0 0.0 0.0 0.0
0 0.499512 0.455882 0.018555 0.038235 0.0 0.0 0.0 0.0 0.0 0.0 0.0 0.0 0.0 0.0 0.0 0.0 0.0 0.0 0.0
0 0.57373 0.419118 0.024414 0.038235 0.572911 0.409388 1.0 0.581856 0.410137 1.0 0.577881 0.42261 1.0 0.573076 0.42785 1.0 0.581525 0.42735 1.0
0 0.611328 0.384559 0.027344 0.048529 0.0 0.0 0.0 0.0 0.0 0.0 0.0 0.0 0.0 0.0 0.0 0.0 0.0 0.0 0.0
0 0.641113 0.422794 0.016602 0.027941 0.642373 0.422794 1.0 0.64661 0.427403 1.0 0.644139 0.429353 1.0 0.641196 0.433075 1.0 0.645552 0.435025 1.0
0 0.763184 0.438971 0.02832 0.054412 0.0 0.0 0.0 0.0 0.0 0.0 0.0 0.0 0.0 0.0 0.0 0.0 0.0 0.0 0.0
0 0.807617 0.434559 0.021484 0.042647 0.806641 0.426628 1.0 0.813611 0.42609 1.0 0.811824 0.433626 1.0 0.806462 0.441163 1.0 0.814148 0.441701 1.0
0 0.991699 0.427941 0.016602 0.052941 0.997663 0.4185 1.0 1.003222 0.418166 1.0 1.000331 0.427875 1.0 0.996773 0.437921 1.0 1.002332 0.437585 1.0