0 0.263672 0.502937 0.033203 0.077827 0.25926 0.496552 1.0 0.272666 0.497535 1.0 0.266126 0.515235 1.0 0.257952 0.521135 1.0 0.272666 0.520643 1.0
0 0.409668 0.559471 0.032227 0.061674 0.401951 0.54172 1.0 0.41687 0.541332 1.0 0.409925 0.557577 1.0 0.403495 0.572661 1.0 0.416099 0.573435 1.0
0 0.137207 0.513216 0.03418 0.069016 0.129237 0.505559 1.0 0.145639 0.505126 1.0 0.136719 0.521568 1.0 0.131827 0.532385 1.0 0.143049 0.532816 1.0
0 0.203125 0.307636 0.033203 0.057269 0.195557 0.294053 1.0 0.209961 0.294053 1.0 0.202393 0.306535 1.0 0.195312 0.320117 1.0 0.208984 0.320117 1.0
0 0.349609 0.296623 0.029297 0.049927 0.344169 0.283407 1.0 0.357771 0.282777 1.0 0.351074 0.296937 1.0 0.344796 0.307322 1.0 0.355888 0.307636 1.0
0 0.481934 0.283407 0.032227 0.058737 0.474728 0.270342 1.0 0.489637 0.270342 1.0 0.482182 0.281178 1.0 0.476218 0.29463 1.0 0.488146 0.294256 1.0
0 0.875488 0.492658 0.032227 0.054332 0.866425 0.479455 1.0 0.883523 0.478413 1.0 0.875667 0.498217 1.0 0.870353 0.50586 1.0 0.882137 0.504471 1.0
0 0.739258 0.306167 0.03125 0.057269 0.733643 0.291116 1.0 0.74707 0.290382 1.0 0.740723 0.303965 1.0 0.734863 0.317915 1.0 0.747314 0.316446 1.0
0 0.731445 0.548458 0.033203 0.054332 0.726078 0.536298 1.0 0.74156 0.534907 1.0 0.734166 0.55089 1.0 0.727927 0.560272 1.0 0.73948 0.558881 1.0
0 0.625977 0.303231 0.033203 0.054332 0.618325 0.292113 1.0 0.633807 0.292113 1.0 0.624795 0.300799 1.0 0.61925 0.315739 1.0 0.631265 0.315044 1.0
0 0.549805 0.5279 0.033203 0.054332 0.541203 0.516009 1.0 0.554374 0.515314 1.0 0.549752 0.527474 1.0 0.544669 0.540329 1.0 0.554836 0.540329 1.0
0 0.551758 0.436858 0.011719 0.022026 0.0 0.0 0.0 0.0 0.0 0.0 0.0 0.0 0.0 0.0 0.0 0.0 0.0 0.0 0.0