0 0.94043 0.450549 0.046875 0.071429 0.932355 0.439205 1.0 0.951713 0.437843 1.0 0.943647 0.451911 1.0 0.934614 0.46507 1.0 0.95139 0.464163 1.0
0 0.820312 0.488324 0.037109 0.06456 0.812544 0.481162 1.0 0.829521 0.478328 1.0 0.821751 0.493304 1.0 0.816572 0.502613 1.0 0.829808 0.499375 1.0
0 0.753906 0.453297 0.03125 0.063187 0.741996 0.444797 1.0 0.757246 0.44237 1.0 0.747175 0.456534 1.0 0.744873 0.467058 1.0 0.757246 0.465034 1.0
0 0.719727 0.394918 0.035156 0.059066 0.708427 0.390809 1.0 0.724645 0.382824 1.0 0.719238 0.399554 1.0 0.717346 0.409438 1.0 0.727077 0.404496 1.0
0 0.666016 0.379808 0.039062 0.061813 0.66169 0.367348 1.0 0.677595 0.370486 1.0 0.670062 0.381084 1.0 0.6589 0.389326 1.0 0.673688 0.390894 1.0
0 0.685059 0.567308 0.038086 0.071429 0.674569 0.555497 1.0 0.693604 0.556404 1.0 0.682312 0.570473 1.0 0.676827 0.581816 1.0 0.690377 0.582271 1.0
0 0.770996 0.646291 0.045898 0.070055 0.757289 0.635995 1.0 0.779567 0.630176 1.0 0.769064 0.645396 1.0 0.762382 0.665093 1.0 0.782432 0.658378 1.0
0 0.632324 0.489698 0.03418 0.056319 0.627389 0.474294 1.0 0.643868 0.484964 1.0 0.632882 0.489747 1.0 0.622157 0.495266 1.0 0.635498 0.504096 1.0
0 0.537598 0.49794 0.06543 0.105769 0.519514 0.479856 1.0 0.547551 0.47785 1.0 0.528543 0.495897 1.0 0.52189 0.513945 1.0 0.549927 0.513945 1.0
0 0.961426 0.737637 0.047852 0.076923 0.942339 0.725324 1.0 0.961971 0.729199 1.0 0.945783 0.743734 1.0 0.943372 0.75536 1.0 0.95646 0.75536 1.0
0 0.714844 0.730769 0.046875 0.082418 0.704658 0.716786 1.0 0.725391 0.715467 1.0 0.715684 0.733819 1.0 0.707168 0.749107 1.0 0.724521 0.748049 1.0
0 0.92041 0.082418 0.02832 0.046703 0.912445 0.077525 1.0 0.924621 0.076622 1.0 0.918427 0.088942 1.0 0.914581 0.097055 1.0 0.922912 0.097055 1.0
0 0.790527 0.078297 0.026367 0.038462 0.0 0.0 0.0 0.0 0.0 0.0 0.0 0.0 0.0 0.0 0.0 0.0 0.0 0.0 0.0
0 0.652832 0.074863 0.026367 0.042582 0.646973 0.066621 1.0 0.658482 0.066352 1.0 0.65196 0.078493 1.0 0.648315 0.086317 1.0 0.658674 0.086317 1.0
0 0.446289 0.528159 0.048828 0.078297 0.431104 0.512878 1.0 0.455117 0.506918 1.0 0.442404 0.523805 1.0 0.435342 0.543177 1.0 0.455471 0.53672 1.0
0 0.379883 0.471841 0.037109 0.070055 0.372942 0.46344 1.0 0.390041 0.463893 1.0 0.383911 0.476146 1.0 0.37391 0.487944 1.0 0.390686 0.486582 1.0
0 0.32959 0.494505 0.024414 0.043956 0.322823 0.493266 1.0 0.334791 0.493266 1.0 0.328513 0.502374 1.0 0.32557 0.509548 1.0 0.333025 0.509824 1.0
0 0.30957 0.443681 0.033203 0.057692 0.304112 0.433477 1.0 0.320068 0.437157 1.0 0.311437 0.448195 1.0 0.302543 0.453346 1.0 0.316145 0.456657 1.0
0 0.271484 0.427885 0.037109 0.061813 0.268729 0.417521 1.0 0.284031 0.419912 1.0 0.27638 0.435457 1.0 0.266179 0.439444 1.0 0.278931 0.444626 1.0
0 0.200684 0.461538 0.041992 0.065934 0.186262 0.453199 1.0 0.201678 0.449029 1.0 0.193673 0.466543 1.0 0.19308 0.479052 1.0 0.204346 0.476133 1.0
0 0.275391 0.649038 0.039062 0.067308 0.267456 0.638908 1.0 0.287293 0.635044 1.0 0.28241 0.64921 1.0 0.271729 0.662088 1.0 0.287598 0.660799 1.0
0 0.34082 0.646978 0.041016 0.068681 0.32901 0.635407 1.0 0.346963 0.633229 1.0 0.337677 0.649775 1.0 0.330558 0.658047 1.0 0.348511 0.657611 1.0
0 0.175293 0.760302 0.045898 0.072802 0.167341 0.745633 1.0 0.189872 0.747964 1.0 0.178937 0.761945 1.0 0.16701 0.77313 1.0 0.18457 0.774529 1.0
0 0.222656 0.811126 0.037109 0.050824 0.211827 0.806135 1.0 0.228307 0.806466 1.0 0.217006 0.811433 1.0 0.212769 0.822692 1.0 0.221715 0.822692 1.0
0 0.079102 0.73489 0.044922 0.076923 0.073521 0.721644 1.0 0.096191 0.727041 1.0 0.08538 0.739795 1.0 0.071777 0.750098 1.0 0.089564 0.754514 1.0
0 0.06543 0.470467 0.041016 0.061813 0.051758 0.458007 1.0 0.06822 0.452512 1.0 0.059291 0.470565 1.0 0.055385 0.481554 1.0 0.071568 0.478022 1.0
0 0.135742 0.455357 0.037109 0.06456 0.122794 0.441247 1.0 0.142364 0.439603 1.0 0.131849 0.458503 1.0 0.12776 0.46672 1.0 0.141488 0.465488 1.0