0 0.064453 0.218433 0.011719 0.01016 0.064645 0.216508 1.0 0.069536 0.216722 1.0 0.066947 0.218361 1.0 0.065412 0.220286 1.0 0.068386 0.220214 1.0
0 0.188477 0.209724 0.011719 0.008708 0.0 0.0 0.0 0.0 0.0 0.0 0.0 0.0 0.0 0.0 0.0 0.0 0.0 0.0 0.0
0 0.209961 0.208273 0.009766 0.008708 0.0 0.0 0.0 0.0 0.0 0.0 0.0 0.0 0.0 0.0 0.0 0.0 0.0 0.0 0.0
0 0.219238 0.201379 0.008789 0.009434 0.0 0.0 0.0 0.0 0.0 0.0 0.0 0.0 0.0 0.0 0.0 0.0 0.0 0.0 0.0
0 0.20459 0.187954 0.008789 0.008708 0.0 0.0 0.0 0.0 0.0 0.0 0.0 0.0 0.0 0.0 0.0 0.0 0.0 0.0 0.0
0 0.196289 0.22061 0.009766 0.01016 0.0 0.0 0.0 0.0 0.0 0.0 0.0 0.0 0.0 0.0 0.0 0.0 0.0 0.0 0.0
0 0.212891 0.216255 0.009766 0.008708 0.0 0.0 0.0 0.0 0.0 0.0 0.0 0.0 0.0 0.0 0.0 0.0 0.0 0.0 0.0
0 0.236328 0.246009 0.011719 0.011611 0.234375 0.245776 1.0 0.240234 0.245464 1.0 0.237933 0.247486 1.0 0.235944 0.249663 1.0 0.239606 0.249352 1.0
0 0.260742 0.221335 0.009766 0.008708 0.0 0.0 0.0 0.0 0.0 0.0 0.0 0.0 0.0 0.0 0.0 0.0 0.0 0.0 0.0
0 0.247559 0.21045 0.010742 0.008708 0.0 0.0 0.0 0.0 0.0 0.0 0.0 0.0 0.0 0.0 0.0 0.0 0.0 0.0 0.0
0 0.228516 0.217344 0.009766 0.009434 0.0 0.0 0.0 0.0 0.0 0.0 0.0 0.0 0.0 0.0 0.0 0.0 0.0 0.0 0.0
0 0.228027 0.197388 0.008789 0.008708 0.0 0.0 0.0 0.0 0.0 0.0 0.0 0.0 0.0 0.0 0.0 0.0 0.0 0.0 0.0
0 0.230469 0.190856 0.009766 0.01016 0.0 0.0 0.0 0.0 0.0 0.0 0.0 0.0 0.0 0.0 0.0 0.0 0.0 0.0 0.0
0 0.254883 0.198839 0.009766 0.01016 0.253174 0.19779 1.0 0.258144 0.197983 1.0 0.255005 0.200187 1.0 0.253522 0.201418 1.0 0.256836 0.201612 1.0
0 0.266602 0.212264 0.011719 0.009434 0.0 0.0 0.0 0.0 0.0 0.0 0.0 0.0 0.0 0.0 0.0 0.0 0.0 0.0 0.0
0 0.30127 0.213353 0.010742 0.01016 0.0 0.0 0.0 0.0 0.0 0.0 0.0 0.0 0.0 0.0 0.0 0.0 0.0 0.0 0.0
0 0.347656 0.221698 0.009766 0.009434 0.0 0.0 0.0 0.0 0.0 0.0 0.0 0.0 0.0 0.0 0.0 0.0 0.0 0.0 0.0
0 0.319336 0.224601 0.007812 0.006531 0.0 0.0 0.0 0.0 0.0 0.0 0.0 0.0 0.0 0.0 0.0 0.0 0.0 0.0 0.0
0 0.349121 0.206096 0.008789 0.008708 0.0 0.0 0.0 0.0 0.0 0.0 0.0 0.0 0.0 0.0 0.0 0.0 0.0 0.0 0.0
0 0.38916 0.203556 0.020508 0.018142 0.384138 0.200977 1.0 0.393397 0.200277 1.0 0.389474 0.203776 1.0 0.386335 0.207742 1.0 0.392143 0.207392 1.0
0 0.373047 0.199565 0.009766 0.008708 0.0 0.0 0.0 0.0 0.0 0.0 0.0 0.0 0.0 0.0 0.0 0.0 0.0 0.0 0.0
0 0.416016 0.204282 0.007812 0.006531 0.0 0.0 0.0 0.0 0.0 0.0 0.0 0.0 0.0 0.0 0.0 0.0 0.0 0.0 0.0
0 0.446777 0.186865 0.008789 0.007983 0.0 0.0 0.0 0.0 0.0 0.0 0.0 0.0 0.0 0.0 0.0 0.0 0.0 0.0 0.0
0 0.452637 0.203193 0.008789 0.005806 0.0 0.0 0.0 0.0 0.0 0.0 0.0 0.0 0.0 0.0 0.0 0.0 0.0 0.0 0.0
0 0.464355 0.210813 0.008789 0.006531 0.0 0.0 0.0 0.0 0.0 0.0 0.0 0.0 0.0 0.0 0.0 0.0 0.0 0.0 0.0
0 0.322754 0.257257 0.008789 0.007983 0.0 0.0 0.0 0.0 0.0 0.0 0.0 0.0 0.0 0.0 0.0 0.0 0.0 0.0 0.0
0 0.462891 0.25 0.009766 0.009434 0.0 0.0 0.0 0.0 0.0 0.0 0.0 0.0 0.0 0.0 0.0 0.0 0.0 0.0 0.0
0 0.482422 0.201379 0.007812 0.006531 0.0 0.0 0.0 0.0 0.0 0.0 0.0 0.0 0.0 0.0 0.0 0.0 0.0 0.0 0.0
0 0.484863 0.193033 0.006836 0.007257 0.0 0.0 0.0 0.0 0.0 0.0 0.0 0.0 0.0 0.0 0.0 0.0 0.0 0.0 0.0
0 0.518066 0.239115 0.006836 0.006531 0.0 0.0 0.0 0.0 0.0 0.0 0.0 0.0 0.0 0.0 0.0 0.0 0.0 0.0 0.0
0 0.56543 0.221335 0.009766 0.01016 0.0 0.0 0.0 0.0 0.0 0.0 0.0 0.0 0.0 0.0 0.0 0.0 0.0 0.0 0.0
0 0.575195 0.21299 0.005859 0.00508 0.0 0.0 0.0 0.0 0.0 0.0 0.0 0.0 0.0 0.0 0.0 0.0 0.0 0.0 0.0
0 0.589355 0.197025 0.006836 0.007983 0.0 0.0 0.0 0.0 0.0 0.0 0.0 0.0 0.0 0.0 0.0 0.0 0.0 0.0 0.0
0 0.560547 0.208273 0.007812 0.007257 0.0 0.0 0.0 0.0 0.0 0.0 0.0 0.0 0.0 0.0 0.0 0.0 0.0 0.0 0.0
0 0.602539 0.206821 0.007812 0.007257 0.0 0.0 0.0 0.0 0.0 0.0 0.0 0.0 0.0 0.0 0.0 0.0 0.0 0.0 0.0
0 0.604004 0.231132 0.008789 0.009434 0.602355 0.229729 1.0 0.607077 0.229729 1.0 0.60451 0.231453 1.0 0.602853 0.232869 1.0 0.606415 0.23293 1.0
0 0.621094 0.218795 0.009766 0.009434 0.0 0.0 0.0 0.0 0.0 0.0 0.0 0.0 0.0 0.0 0.0 0.0 0.0 0.0 0.0
0 0.644531 0.218433 0.009766 0.01016 0.642486 0.217389 1.0 0.647705 0.216981 1.0 0.645233 0.218954 1.0 0.643769 0.221403 1.0 0.646698 0.221131 1.0
0 0.640137 0.213353 0.008789 0.007257 0.0 0.0 0.0 0.0 0.0 0.0 0.0 0.0 0.0 0.0 0.0 0.0 0.0 0.0 0.0
0 0.680664 0.199927 0.009766 0.009434 0.0 0.0 0.0 0.0 0.0 0.0 0.0 0.0 0.0 0.0 0.0 0.0 0.0 0.0 0.0
0 0.691895 0.203919 0.006836 0.007257 0.0 0.0 0.0 0.0 0.0 0.0 0.0 0.0 0.0 0.0 0.0 0.0 0.0 0.0 0.0
0 0.709473 0.206821 0.008789 0.007257 0.0 0.0 0.0 0.0 0.0 0.0 0.0 0.0 0.0 0.0 0.0 0.0 0.0 0.0 0.0
0 0.701172 0.198476 0.007812 0.006531 0.0 0.0 0.0 0.0 0.0 0.0 0.0 0.0 0.0 0.0 0.0 0.0 0.0 0.0 0.0
0 0.742676 0.199927 0.012695 0.012337 0.739354 0.198638 1.0 0.745135 0.197459 1.0 0.741734 0.200912 1.0 0.741395 0.203692 1.0 0.746382 0.203607 1.0
0 0.757812 0.198476 0.009766 0.007983 0.755101 0.19787 1.0 0.759399 0.19776 1.0 0.757473 0.199412 1.0 0.75599 0.200954 1.0 0.758881 0.200954 1.0
0 0.796875 0.200653 0.007812 0.006531 0.0 0.0 0.0 0.0 0.0 0.0 0.0 0.0 0.0 0.0 0.0 0.0 0.0 0.0 0.0
0 0.802734 0.192671 0.007812 0.006531 0.0 0.0 0.0 0.0 0.0 0.0 0.0 0.0 0.0 0.0 0.0 0.0 0.0 0.0 0.0
0 0.813477 0.210087 0.011719 0.012337 0.810211 0.210492 1.0 0.814025 0.210573 1.0 0.811955 0.212436 1.0 0.810103 0.21438 1.0 0.813808 0.214704 1.0
0 0.838379 0.209724 0.010742 0.01016 0.835235 0.208613 1.0 0.839539 0.208136 1.0 0.837158 0.210722 1.0 0.835877 0.212219 1.0 0.838989 0.212015 1.0
0 0.842773 0.190856 0.007812 0.007257 0.0 0.0 0.0 0.0 0.0 0.0 0.0 0.0 0.0 0.0 0.0 0.0 0.0 0.0 0.0
0 0.83252 0.184688 0.008789 0.007983 0.0 0.0 0.0 0.0 0.0 0.0 0.0 0.0 0.0 0.0 0.0 0.0 0.0 0.0 0.0
0 0.85498 0.184325 0.008789 0.008708 0.0 0.0 0.0 0.0 0.0 0.0 0.0 0.0 0.0 0.0 0.0 0.0 0.0 0.0 0.0
0 0.864258 0.242743 0.013672 0.013788 0.0 0.0 0.0 0.0 0.0 0.0 0.0 0.0 0.0 0.0 0.0 0.0 0.0 0.0 0.0
0 0.950684 0.173803 0.008789 0.009434 0.0 0.0 0.0 0.0 0.0 0.0 0.0 0.0 0.0 0.0 0.0 0.0 0.0 0.0 0.0
0 0.910645 0.100145 0.024414 0.027576 0.914158 0.098221 1.0 0.916983 0.098046 1.0 0.921456 0.101895 1.0 0.915807 0.108542 1.0 0.91816 0.108542 1.0
0 0.533691 0.112845 0.02832 0.029753 0.536996 0.109663 1.0 0.544076 0.111354 1.0 0.542812 0.116052 1.0 0.53295 0.119246 1.0 0.53649 0.120186 1.0
0 0.168945 0.31894 0.027344 0.012337 0.0 0.0 0.0 0.0 0.0 0.0 0.0 0.0 0.0 0.0 0.0 0.0 0.0 0.0 0.0
0 0.557129 0.557692 0.100586 0.103774 0.0 0.0 0.0 0.0 0.0 0.0 0.0 0.0 0.0 0.0 0.0 0.0 0.0 0.0 0.0
0 0.077148 0.215893 0.009766 0.009434 0.0 0.0 0.0 0.0 0.0 0.0 0.0 0.0 0.0 0.0 0.0 0.0 0.0 0.0 0.0
0 0.083008 0.210087 0.009766 0.007983 0.0 0.0 0.0 0.0 0.0 0.0 0.0 0.0 0.0 0.0 0.0 0.0 0.0 0.0 0.0
0 0.113281 0.208636 0.011719 0.009434 0.11213 0.207897 1.0 0.116852 0.207835 1.0 0.115195 0.210175 1.0 0.112462 0.211652 1.0 0.116521 0.211652 1.0
0 0.106934 0.19775 0.010742 0.009434 0.0 0.0 0.0 0.0 0.0 0.0 0.0 0.0 0.0 0.0 0.0 0.0 0.0 0.0 0.0
0 0.083496 0.190131 0.010742 0.008708 0.0 0.0 0.0 0.0 0.0 0.0 0.0 0.0 0.0 0.0 0.0 0.0 0.0 0.0 0.0
0 0.087891 0.182511 0.009766 0.007983 0.0 0.0 0.0 0.0 0.0 0.0 0.0 0.0 0.0 0.0 0.0 0.0 0.0 0.0 0.0
0 0.097656 0.176343 0.009766 0.008708 0.0 0.0 0.0 0.0 0.0 0.0 0.0 0.0 0.0 0.0 0.0 0.0 0.0 0.0 0.0
0 0.106934 0.170537 0.008789 0.007257 0.0 0.0 0.0 0.0 0.0 0.0 0.0 0.0 0.0 0.0 0.0 0.0 0.0 0.0 0.0
0 0.104492 0.161103 0.009766 0.007257 0.0 0.0 0.0 0.0 0.0 0.0 0.0 0.0 0.0 0.0 0.0 0.0 0.0 0.0 0.0
0 0.064941 0.16582 0.010742 0.007983 0.0 0.0 0.0 0.0 0.0 0.0 0.0 0.0 0.0 0.0 0.0 0.0 0.0 0.0 0.0
0 0.0625 0.176705 0.009766 0.007983 0.0 0.0 0.0 0.0 0.0 0.0 0.0 0.0 0.0 0.0 0.0 0.0 0.0 0.0 0.0
0 0.05957 0.190856 0.011719 0.01016 0.0 0.0 0.0 0.0 0.0 0.0 0.0 0.0 0.0 0.0 0.0 0.0 0.0 0.0 0.0
0 0.041504 0.197025 0.010742 0.010885 0.039769 0.195878 1.0 0.045812 0.195022 1.0 0.043701 0.197374 1.0 0.041879 0.200154 1.0 0.046003 0.199798 1.0
0 0.104004 0.224238 0.010742 0.008708 0.0 0.0 0.0 0.0 0.0 0.0 0.0 0.0 0.0 0.0 0.0 0.0 0.0 0.0 0.0
0 0.13916 0.221335 0.012695 0.01016 0.0 0.0 0.0 0.0 0.0 0.0 0.0 0.0 0.0 0.0 0.0 0.0 0.0 0.0 0.0
0 0.154297 0.212627 0.009766 0.01016 0.152064 0.21185 1.0 0.157035 0.211914 1.0 0.154854 0.214571 1.0 0.152675 0.21645 1.0 0.155553 0.216579 1.0
0 0.141113 0.199565 0.010742 0.01016 0.1408 0.198981 1.0 0.14638 0.198981 1.0 0.143938 0.201573 1.0 0.142107 0.203128 1.0 0.146118 0.203063 1.0
0 0.154297 0.192308 0.009766 0.007257 0.0 0.0 0.0 0.0 0.0 0.0 0.0 0.0 0.0 0.0 0.0 0.0 0.0 0.0 0.0
0 0.114258 0.189405 0.009766 0.007257 0.0 0.0 0.0 0.0 0.0 0.0 0.0 0.0 0.0 0.0 0.0 0.0 0.0 0.0 0.0
0 0.143555 0.185776 0.009766 0.007257 0.0 0.0 0.0 0.0 0.0 0.0 0.0 0.0 0.0 0.0 0.0 0.0 0.0 0.0 0.0
0 0.12207 0.177431 0.009766 0.007983 0.0 0.0 0.0 0.0 0.0 0.0 0.0 0.0 0.0 0.0 0.0 0.0 0.0 0.0 0.0
0 0.125 0.16836 0.007812 0.007257 0.0 0.0 0.0 0.0 0.0 0.0 0.0 0.0 0.0 0.0 0.0 0.0 0.0 0.0 0.0
0 0.145508 0.172351 0.007812 0.006531 0.0 0.0 0.0 0.0 0.0 0.0 0.0 0.0 0.0 0.0 0.0 0.0 0.0 0.0 0.0
0 0.168945 0.186502 0.009766 0.008708 0.0 0.0 0.0 0.0 0.0 0.0 0.0 0.0 0.0 0.0 0.0 0.0 0.0 0.0 0.0
0 0.174316 0.176343 0.008789 0.005806 0.0 0.0 0.0 0.0 0.0 0.0 0.0 0.0 0.0 0.0 0.0 0.0 0.0 0.0 0.0
0 0.15625 0.17852 0.009766 0.01016 0.0 0.0 0.0 0.0 0.0 0.0 0.0 0.0 0.0 0.0 0.0 0.0 0.0 0.0 0.0
0 0.202148 0.178157 0.009766 0.007983 0.0 0.0 0.0 0.0 0.0 0.0 0.0 0.0 0.0 0.0 0.0 0.0 0.0 0.0 0.0
0 0.188965 0.19775 0.008789 0.007983 0.0 0.0 0.0 0.0 0.0 0.0 0.0 0.0 0.0 0.0 0.0 0.0 0.0 0.0 0.0
0 0.166992 0.202467 0.009766 0.008708 0.0 0.0 0.0 0.0 0.0 0.0 0.0 0.0 0.0 0.0 0.0 0.0 0.0 0.0 0.0