0 0.022949 0.143987 0.032227 0.063291 0.014758 0.14682 1.0 0.027183 0.133533 1.0 0.026437 0.154872 1.0 0.0242 0.163328 1.0 0.03091 0.157288 1.0
0 0.116211 0.214399 0.025391 0.05538 0.0 0.0 0.0 0.0 0.0 0.0 0.0 0.0 0.0 0.0 0.0 0.0 0.0 0.0 0.0
0 0.138672 0.240506 0.029297 0.060127 0.131356 0.235872 1.0 0.143363 0.23015 1.0 0.138654 0.246552 1.0 0.139125 0.261429 1.0 0.14713 0.257997 1.0
0 0.221191 0.189873 0.032227 0.06962 0.216866 0.180408 1.0 0.230652 0.180408 1.0 0.226057 0.194422 1.0 0.218759 0.205372 1.0 0.227949 0.206685 1.0
0 0.268555 0.176424 0.039062 0.061709 0.262351 0.170009 1.0 0.277013 0.163568 1.0 0.272788 0.180076 1.0 0.269558 0.195778 1.0 0.278504 0.192557 1.0
0 0.29834 0.242089 0.030273 0.066456 0.289062 0.235759 1.0 0.304688 0.235759 1.0 0.295898 0.248418 1.0 0.292969 0.261076 1.0 0.301758 0.259494 1.0
0 0.356934 0.22231 0.02832 0.064873 0.356698 0.214144 1.0 0.368583 0.212506 1.0 0.364537 0.226025 1.0 0.35771 0.240775 1.0 0.366307 0.239956 1.0
0 0.40332 0.221519 0.03125 0.066456 0.398682 0.208918 1.0 0.413592 0.207222 1.0 0.407837 0.222479 1.0 0.40339 0.235619 1.0 0.411237 0.234347 1.0
0 0.478027 0.14557 0.032227 0.060127 0.473319 0.128405 1.0 0.489092 0.128405 1.0 0.484148 0.143663 1.0 0.475908 0.160446 1.0 0.487444 0.158921 1.0
0 0.54248 0.189873 0.032227 0.06962 0.542816 0.183297 1.0 0.55545 0.185078 1.0 0.551056 0.198427 1.0 0.543365 0.210888 1.0 0.553527 0.211332 1.0
0 0.663086 0.136076 0.033203 0.072785 0.65948 0.127479 1.0 0.67705 0.124725 1.0 0.672232 0.138957 1.0 0.664581 0.15365 1.0 0.675066 0.153191 1.0
0 0.593262 0.279272 0.03418 0.071203 0.587891 0.268987 1.0 0.603516 0.268987 1.0 0.59668 0.283228 1.0 0.588867 0.299051 1.0 0.600586 0.297468 1.0
0 0.715332 0.206487 0.038086 0.071203 0.712123 0.197559 1.0 0.728027 0.194394 1.0 0.723563 0.212025 1.0 0.718819 0.226492 1.0 0.725517 0.224684 1.0
0 0.768066 0.217563 0.040039 0.080696 0.767125 0.211177 1.0 0.782191 0.211687 1.0 0.7756 0.22796 1.0 0.7643 0.239658 1.0 0.779681 0.239658 1.0
0 0.843262 0.310918 0.032227 0.061709 0.84303 0.301657 1.0 0.854959 0.300851 1.0 0.849988 0.316152 1.0 0.844273 0.328633 1.0 0.854959 0.323802 1.0
0 0.930176 0.331487 0.03418 0.077532 0.924573 0.323688 1.0 0.94172 0.323201 1.0 0.934802 0.339774 1.0 0.927883 0.354396 1.0 0.938712 0.352934 1.0