0 0.022461 0.172526 0.044922 0.076823 0.006836 0.164551 1.0 0.024048 0.166016 1.0 0.010864 0.180664 1.0 0.007202 0.193848 1.0 0.022949 0.194824 1.0
0 0.11377 0.21224 0.030273 0.052083 0.106571 0.203637 1.0 0.12173 0.202974 1.0 0.113778 0.21457 1.0 0.107814 0.22418 1.0 0.120736 0.224842 1.0
0 0.182617 0.139974 0.027344 0.048177 0.181667 0.136585 1.0 0.19322 0.137509 1.0 0.189061 0.148292 1.0 0.185363 0.156611 1.0 0.191371 0.156611 1.0
0 0.059082 0.08724 0.006836 0.013021 0.0 0.0 0.0 0.0 0.0 0.0 0.0 0.0 0.0 0.0 0.0 0.0 0.0 0.0 0.0
0 0.121582 0.098307 0.006836 0.011719 0.0 0.0 0.0 0.0 0.0 0.0 0.0 0.0 0.0 0.0 0.0 0.0 0.0 0.0 0.0
0 0.216797 0.213542 0.03125 0.070312 0.20752 0.206055 1.0 0.214809 0.206055 1.0 0.202881 0.217099 1.0 0.207188 0.230794 1.0 0.211164 0.231236 1.0
0 0.244629 0.129557 0.012695 0.022135 0.0 0.0 0.0 0.0 0.0 0.0 0.0 0.0 0.0 0.0 0.0 0.0 0.0 0.0 0.0
0 0.297852 0.173828 0.039062 0.063802 0.285645 0.174398 1.0 0.302734 0.172363 1.0 0.291443 0.184977 1.0 0.287476 0.19515 1.0 0.300903 0.19637 1.0
0 0.384766 0.156901 0.052734 0.089844 0.382098 0.143932 1.0 0.405356 0.143932 1.0 0.39859 0.158029 1.0 0.384635 0.180583 1.0 0.402819 0.178891 1.0
0 0.526855 0.180339 0.036133 0.061198 0.516209 0.170096 1.0 0.531747 0.170096 1.0 0.521101 0.181605 1.0 0.515634 0.19465 1.0 0.529732 0.195801 1.0
0 0.679199 0.09375 0.006836 0.015625 0.0 0.0 0.0 0.0 0.0 0.0 0.0 0.0 0.0 0.0 0.0 0.0 0.0 0.0 0.0
0 0.693848 0.245443 0.03418 0.082031 0.690613 0.230667 1.0 0.701991 0.240083 1.0 0.683158 0.244792 1.0 0.682766 0.261009 1.0 0.690221 0.266764 1.0