0 0.087402 0.164596 0.010742 0.013112 0.0 0.0 0.0 0.0 0.0 0.0 0.0 0.0 0.0 0.0 0.0 0.0 0.0 0.0 0.0
0 0.391602 0.215321 0.019531 0.006901 0.0 0.0 0.0 0.0 0.0 0.0 0.0 0.0 0.0 0.0 0.0 0.0 0.0 0.0 0.0
0 0.783691 0.166322 0.018555 0.016563 0.784302 0.164214 1.0 0.791364 0.16488 1.0 0.788068 0.168096 1.0 0.783517 0.170758 1.0 0.78901 0.170647 1.0
0 0.123047 0.376467 0.019531 0.017253 0.123012 0.374901 1.0 0.129918 0.375124 1.0 0.126778 0.378783 1.0 0.122541 0.381112 1.0 0.128976 0.381112 1.0
0 0.446289 0.377157 0.017578 0.017253 0.447091 0.375675 1.0 0.453866 0.375675 1.0 0.452414 0.378867 1.0 0.448382 0.381945 1.0 0.453544 0.382059 1.0
0 0.780762 0.379227 0.010742 0.015873 0.77682 0.378007 1.0 0.77754 0.378007 1.0 0.77567 0.380752 1.0 0.777828 0.384006 1.0 0.778547 0.384107 1.0
0 0.067871 0.651139 0.022461 0.006211 0.0 0.0 0.0 0.0 0.0 0.0 0.0 0.0 0.0 0.0 0.0 0.0 0.0 0.0 0.0
0 0.462402 0.628709 0.020508 0.008282 0.0 0.0 0.0 0.0 0.0 0.0 0.0 0.0 0.0 0.0 0.0 0.0 0.0 0.0 0.0
0 0.745605 0.584541 0.012695 0.015183 0.0 0.0 0.0 0.0 0.0 0.0 0.0 0.0 0.0 0.0 0.0 0.0 0.0 0.0 0.0
0 0.138672 0.800552 0.013672 0.015183 0.135075 0.800302 1.0 0.135751 0.800112 1.0 0.135751 0.803264 1.0 0.13913 0.805556 1.0 0.139806 0.805269 1.0
0 0.512207 0.799172 0.014648 0.016563 0.0 0.0 0.0 0.0 0.0 0.0 0.0 0.0 0.0 0.0 0.0 0.0 0.0 0.0 0.0
0 0.745605 0.850932 0.018555 0.004141 0.0 0.0 0.0 0.0 0.0 0.0 0.0 0.0 0.0 0.0 0.0 0.0 0.0 0.0 0.0