0 0.249023 0.474609 0.017578 0.042969 0.0 0.0 0.0 0.0 0.0 0.0 0.0 0.0 0.0 0.0 0.0 0.0 0.0 0.0 0.0
0 0.306152 0.454427 0.014648 0.03125 0.310957 0.447591 1.0 0.311401 0.446405 1.0 0.313773 0.45609 1.0 0.310809 0.46281 1.0 0.31155 0.461624 1.0
0 0.119141 0.464844 0.019531 0.036458 0.0 0.0 0.0 0.0 0.0 0.0 0.0 0.0 0.0 0.0 0.0 0.0 0.0 0.0 0.0
0 0.320801 0.459635 0.006836 0.007812 0.0 0.0 0.0 0.0 0.0 0.0 0.0 0.0 0.0 0.0 0.0 0.0 0.0 0.0 0.0
0 0.405273 0.460938 0.007812 0.013021 0.0 0.0 0.0 0.0 0.0 0.0 0.0 0.0 0.0 0.0 0.0 0.0 0.0 0.0 0.0
0 0.714355 0.481771 0.026367 0.044271 0.703962 0.473121 1.0 0.707311 0.472842 1.0 0.701869 0.484003 1.0 0.705427 0.494048 1.0 0.708775 0.494048 1.0
0 0.661621 0.470052 0.008789 0.026042 0.0 0.0 0.0 0.0 0.0 0.0 0.0 0.0 0.0 0.0 0.0 0.0 0.0 0.0 0.0
0 0.787109 0.503906 0.023438 0.033854 0.777501 0.495757 1.0 0.786612 0.495535 1.0 0.779488 0.503267 1.0 0.77866 0.510997 1.0 0.784624 0.510997 1.0
0 0.972656 0.479167 0.011719 0.023438 0.0 0.0 0.0 0.0 0.0 0.0 0.0 0.0 0.0 0.0 0.0 0.0 0.0 0.0 0.0
0 0.846191 0.471354 0.006836 0.007812 0.0 0.0 0.0 0.0 0.0 0.0 0.0 0.0 0.0 0.0 0.0 0.0 0.0 0.0 0.0
0 0.855957 0.471354 0.004883 0.007812 0.0 0.0 0.0 0.0 0.0 0.0 0.0 0.0 0.0 0.0 0.0 0.0 0.0 0.0 0.0