0 0.026367 0.901235 0.033203 0.074074 0.0 0.0 0.0 0.0 0.0 0.0 0.0 0.0 0.0 0.0 0.0 0.0 0.0 0.0 0.0
0 0.282227 0.683128 0.023438 0.041152 0.0 0.0 0.0 0.0 0.0 0.0 0.0 0.0 0.0 0.0 0.0 0.0 0.0 0.0 0.0
0 0.252441 0.619342 0.020508 0.039781 0.260193 0.610167 1.0 0.258911 0.611196 1.0 0.262756 0.618141 1.0 0.259094 0.629202 1.0 0.257996 0.629715 1.0
0 0.283691 0.611111 0.022461 0.037037 0.287074 0.603567 1.0 0.288818 0.603567 1.0 0.29126 0.613855 1.0 0.285331 0.620224 1.0 0.287249 0.619978 1.0
0 0.319336 0.578189 0.019531 0.045267 0.32479 0.572213 1.0 0.327249 0.573075 1.0 0.328683 0.582287 1.0 0.322741 0.588331 1.0 0.325609 0.589481 1.0
0 0.183105 0.499314 0.016602 0.024691 0.0 0.0 0.0 0.0 0.0 0.0 0.0 0.0 0.0 0.0 0.0 0.0 0.0 0.0 0.0
0 0.1875 0.483539 0.009766 0.020576 0.0 0.0 0.0 0.0 0.0 0.0 0.0 0.0 0.0 0.0 0.0 0.0 0.0 0.0 0.0
0 0.37207 0.532236 0.015625 0.024691 0.0 0.0 0.0 0.0 0.0 0.0 0.0 0.0 0.0 0.0 0.0 0.0 0.0 0.0 0.0
0 0.393555 0.521262 0.017578 0.024691 0.0 0.0 0.0 0.0 0.0 0.0 0.0 0.0 0.0 0.0 0.0 0.0 0.0 0.0 0.0
0 0.628906 0.679698 0.025391 0.042524 0.0 0.0 0.0 0.0 0.0 0.0 0.0 0.0 0.0 0.0 0.0 0.0 0.0 0.0 0.0
0 0.534668 0.620027 0.020508 0.035665 0.0 0.0 0.0 0.0 0.0 0.0 0.0 0.0 0.0 0.0 0.0 0.0 0.0 0.0 0.0
0 0.600586 0.543896 0.017578 0.028807 0.0 0.0 0.0 0.0 0.0 0.0 0.0 0.0 0.0 0.0 0.0 0.0 0.0 0.0 0.0
0 0.610352 0.512346 0.017578 0.028807 0.614441 0.508353 1.0 0.614964 0.508353 1.0 0.617842 0.512947 1.0 0.615487 0.517723 1.0 0.615749 0.517907 1.0
0 0.946777 0.842936 0.030273 0.058985 0.0 0.0 0.0 0.0 0.0 0.0 0.0 0.0 0.0 0.0 0.0 0.0 0.0 0.0 0.0
0 0.859375 0.620713 0.019531 0.042524 0.0 0.0 0.0 0.0 0.0 0.0 0.0 0.0 0.0 0.0 0.0 0.0 0.0 0.0 0.0
0 0.974609 0.527435 0.017578 0.026063 0.0 0.0 0.0 0.0 0.0 0.0 0.0 0.0 0.0 0.0 0.0 0.0 0.0 0.0 0.0
0 0.824219 0.517147 0.019531 0.032922 0.0 0.0 0.0 0.0 0.0 0.0 0.0 0.0 0.0 0.0 0.0 0.0 0.0 0.0 0.0
0 0.462402 0.292181 0.016602 0.030178 0.0 0.0 0.0 0.0 0.0 0.0 0.0 0.0 0.0 0.0 0.0 0.0 0.0 0.0 0.0
0 0.595703 0.290809 0.005859 0.010974 0.0 0.0 0.0 0.0 0.0 0.0 0.0 0.0 0.0 0.0 0.0 0.0 0.0 0.0 0.0
0 0.911133 0.25583 0.011719 0.020576 0.0 0.0 0.0 0.0 0.0 0.0 0.0 0.0 0.0 0.0 0.0 0.0 0.0 0.0 0.0