0 0.157227 0.443191 0.164062 0.159533 0.114049 0.443802 1.0 0.184361 0.435798 1.0 0.149205 0.47682 1.0 0.134138 0.496832 1.0 0.19315 0.489828 1.0
0 0.557129 0.345914 0.106445 0.11751 0.532666 0.323681 1.0 0.571299 0.333004 1.0 0.530586 0.340568 1.0 0.513604 0.367058 1.0 0.542002 0.374677 1.0
0 0.891113 0.32607 0.102539 0.096498 0.865664 0.313354 1.0 0.907646 0.324296 1.0 0.874121 0.338887 1.0 0.857588 0.350039 1.0 0.889795 0.358506 1.0
0 0.085938 0.370428 0.113281 0.110506 0.0 0.0 0.0 0.0 0.0 0.0 0.0 0.0 0.0 0.0 0.0 0.0 0.0 0.0 0.0
0 0.232422 0.296887 0.082031 0.067704 0.215445 0.292683 1.0 0.251081 0.293955 1.0 0.232997 0.309213 1.0 0.222359 0.314724 1.0 0.24523 0.315147 1.0
0 0.472168 0.254086 0.05957 0.061479 0.456543 0.24786 1.0 0.479492 0.247471 1.0 0.464844 0.261479 1.0 0.459961 0.269261 1.0 0.479492 0.26965 1.0
0 0.416504 0.232296 0.022461 0.033463 0.0 0.0 0.0 0.0 0.0 0.0 0.0 0.0 0.0 0.0 0.0 0.0 0.0 0.0 0.0
0 0.359863 0.23035 0.032227 0.032685 0.359863 0.226806 1.0 0.371635 0.225973 1.0 0.367449 0.234311 1.0 0.360125 0.24119 1.0 0.37085 0.239522 1.0
0 0.119629 0.208171 0.05957 0.058366 0.104064 0.203794 1.0 0.127411 0.203065 1.0 0.114594 0.210725 1.0 0.108643 0.224951 1.0 0.131531 0.224951 1.0
0 0.098145 0.278988 0.084961 0.067704 0.0 0.0 0.0 0.0 0.0 0.0 0.0 0.0 0.0 0.0 0.0 0.0 0.0 0.0 0.0
0 0.27002 0.25642 0.05957 0.061479 0.0 0.0 0.0 0.0 0.0 0.0 0.0 0.0 0.0 0.0 0.0 0.0 0.0 0.0 0.0
0 0.296875 0.220623 0.042969 0.042802 0.0 0.0 0.0 0.0 0.0 0.0 0.0 0.0 0.0 0.0 0.0 0.0 0.0 0.0 0.0
0 0.601562 0.28249 0.068359 0.08249 0.0 0.0 0.0 0.0 0.0 0.0 0.0 0.0 0.0 0.0 0.0 0.0 0.0 0.0 0.0
0 0.694824 0.294942 0.041992 0.056031 0.710789 0.289981 1.0 0.712568 0.289272 1.0 0.714347 0.297068 1.0 0.704119 0.310888 1.0 0.705009 0.310534 1.0
0 0.599121 0.226848 0.014648 0.025681 0.0 0.0 0.0 0.0 0.0 0.0 0.0 0.0 0.0 0.0 0.0 0.0 0.0 0.0 0.0
0 0.874512 0.286381 0.073242 0.073152 0.868225 0.316026 1.0 0.908813 0.325729 1.0 0.876923 0.336357 1.0 0.858368 0.336357 1.0 0.895478 0.336819 1.0
0 0.61377 0.170817 0.008789 0.00856 0.0 0.0 0.0 0.0 0.0 0.0 0.0 0.0 0.0 0.0 0.0 0.0 0.0 0.0 0.0
0 0.450195 0.267315 0.037109 0.035019 0.457886 0.249368 1.0 0.473541 0.248054 1.0 0.465302 0.2625 1.0 0.460907 0.269942 1.0 0.475464 0.270817 1.0
0 0.960938 0.231128 0.027344 0.037354 0.0 0.0 0.0 0.0 0.0 0.0 0.0 0.0 0.0 0.0 0.0 0.0 0.0 0.0 0.0
0 0.598145 0.177043 0.014648 0.011673 0.0 0.0 0.0 0.0 0.0 0.0 0.0 0.0 0.0 0.0 0.0 0.0 0.0 0.0 0.0
0 0.846191 0.688716 0.217773 0.163424 0.766305 0.680691 1.0 0.860762 0.718872 1.0 0.782732 0.745053 1.0 0.753984 0.719963 1.0 0.810111 0.76578 1.0
0 0.089355 0.896109 0.163086 0.207782 0.006836 0.887938 1.0 0.064453 0.898054 1.0 0.005859 0.950195 1.0 0.009766 0.962646 1.0 0.069336 0.964202 1.0