0 0.284668 0.688141 0.038086 0.058565 0.27771 0.678839 1.0 0.294608 0.678467 1.0 0.286656 0.692624 1.0 0.277958 0.701567 1.0 0.293614 0.700448 1.0
0 0.200195 0.579795 0.042969 0.076135 0.190996 0.573493 1.0 0.210998 0.572527 1.0 0.20132 0.588489 1.0 0.190028 0.597195 1.0 0.209386 0.596227 1.0
0 0.088867 0.543192 0.039062 0.073206 0.075823 0.533728 1.0 0.097796 0.531845 1.0 0.08681 0.547846 1.0 0.078648 0.561493 1.0 0.098424 0.556788 1.0
0 0.38623 0.469253 0.03418 0.068814 0.380851 0.460325 1.0 0.396389 0.463776 1.0 0.388907 0.474561 1.0 0.378837 0.482757 1.0 0.393511 0.48664 1.0
0 0.248047 0.434846 0.041016 0.076135 0.239327 0.424688 1.0 0.256104 0.427592 1.0 0.247393 0.44065 1.0 0.239973 0.451291 1.0 0.255136 0.453227 1.0
0 0.096191 0.413616 0.040039 0.080527 0.088501 0.405107 1.0 0.106293 0.40863 1.0 0.096894 0.420205 1.0 0.08783 0.432284 1.0 0.103607 0.434297 1.0
0 0.52832 0.422401 0.041016 0.083455 0.521345 0.415394 1.0 0.538435 0.416963 1.0 0.530064 0.428467 1.0 0.518903 0.439971 1.0 0.537389 0.441539 1.0
0 0.667969 0.442167 0.039062 0.073206 0.656646 0.434937 1.0 0.67398 0.431225 1.0 0.663766 0.444684 1.0 0.656956 0.458606 1.0 0.676767 0.454893 1.0
0 0.637207 0.442899 0.032227 0.062958 0.630293 0.434657 1.0 0.643855 0.434258 1.0 0.635611 0.448212 1.0 0.645186 0.455789 1.0 0.630026 0.456187 1.0
0 0.799316 0.464129 0.040039 0.079063 0.78827 0.451318 1.0 0.807068 0.454337 1.0 0.794647 0.46843 1.0 0.787262 0.48051 1.0 0.803375 0.481515 1.0
0 0.894531 0.448023 0.039062 0.06735 0.884347 0.437499 1.0 0.902763 0.44052 1.0 0.891253 0.454325 1.0 0.88406 0.458638 1.0 0.899885 0.463384 1.0