0 0.925293 0.225694 0.047852 0.09375 0.909363 0.212891 1.0 0.931854 0.211101 1.0 0.91977 0.230795 1.0 0.914734 0.251085 1.0 0.933533 0.249892 1.0
0 0.800781 0.193576 0.048828 0.105903 0.787545 0.181377 1.0 0.808166 0.182043 1.0 0.795044 0.201373 1.0 0.786421 0.220036 1.0 0.806292 0.220703 1.0
0 0.70752 0.181424 0.040039 0.092014 0.697754 0.177021 1.0 0.714652 0.172898 1.0 0.706368 0.194693 1.0 0.700073 0.207651 1.0 0.715314 0.203528 1.0
0 0.611816 0.171007 0.045898 0.098958 0.600167 0.167658 1.0 0.617955 0.164559 1.0 0.609933 0.1875 1.0 0.601911 0.20238 1.0 0.621442 0.199281 1.0
0 0.500488 0.232639 0.045898 0.111111 0.493652 0.22895 1.0 0.512299 0.22895 1.0 0.502777 0.250108 1.0 0.493256 0.264215 1.0 0.511902 0.264215 1.0
0 0.390625 0.286458 0.03125 0.090278 0.379635 0.275972 1.0 0.396184 0.273142 1.0 0.387909 0.29351 1.0 0.382816 0.306524 1.0 0.396502 0.304826 1.0
0 0.349121 0.141493 0.032227 0.078125 0.342843 0.131696 1.0 0.359026 0.131696 1.0 0.350098 0.149057 1.0 0.346471 0.16245 1.0 0.356794 0.163939 1.0
0 0.292969 0.290799 0.037109 0.081597 0.28615 0.281747 1.0 0.303414 0.280722 1.0 0.29507 0.301184 1.0 0.287014 0.313462 1.0 0.302551 0.310903 1.0
0 0.214844 0.201389 0.041016 0.090278 0.205444 0.193165 1.0 0.22454 0.191469 1.0 0.215311 0.205613 1.0 0.208945 0.224849 1.0 0.22454 0.224285 1.0
0 0.087402 0.203993 0.049805 0.105903 0.08204 0.19246 1.0 0.103786 0.19446 1.0 0.096287 0.20979 1.0 0.083915 0.230453 1.0 0.101536 0.229786 1.0
0 0.178711 0.293403 0.041016 0.097222 0.169957 0.288248 1.0 0.188211 0.287637 1.0 0.180289 0.306618 1.0 0.174778 0.323762 1.0 0.188211 0.321313 1.0