0 0.064941 0.078755 0.030273 0.062271 0.062958 0.062615 1.0 0.07663 0.065419 1.0 0.07193 0.07824 1.0 0.061676 0.089057 1.0 0.073426 0.091861 1.0
0 0.217285 0.089744 0.03418 0.091575 0.202868 0.084764 1.0 0.213701 0.083603 1.0 0.203178 0.098115 1.0 0.203487 0.114951 1.0 0.211845 0.113209 1.0
0 0.50293 0.201465 0.087891 0.179487 0.47699 0.15509 1.0 0.518197 0.160771 1.0 0.494563 0.199412 1.0 0.48305 0.240328 1.0 0.510319 0.240328 1.0
0 0.791016 0.212454 0.029297 0.065934 0.78608 0.206535 1.0 0.799198 0.207368 1.0 0.792973 0.219462 1.0 0.78697 0.229469 1.0 0.79742 0.229469 1.0
0 0.852539 0.144689 0.03125 0.062271 0.84375 0.130037 1.0 0.857422 0.130037 1.0 0.849609 0.142857 1.0 0.842773 0.155678 1.0 0.854492 0.157509 1.0
0 0.931641 0.093407 0.033203 0.07326 0.922206 0.085967 1.0 0.93811 0.082238 1.0 0.930655 0.104608 1.0 0.926431 0.114861 1.0 0.936371 0.112996 1.0
0 0.95166 0.447802 0.041992 0.093407 0.93893 0.429225 1.0 0.956822 0.429225 1.0 0.945208 0.450419 1.0 0.939558 0.466903 1.0 0.956194 0.467491 1.0
0 0.791504 0.457875 0.036133 0.080586 0.783051 0.442537 1.0 0.800629 0.443051 1.0 0.792389 0.460566 1.0 0.782227 0.472414 1.0 0.800354 0.472414 1.0
0 0.48584 0.494505 0.120117 0.315018 0.441406 0.481685 1.0 0.484375 0.489011 1.0 0.452148 0.554945 1.0 0.451172 0.587912 1.0 0.488281 0.587912 1.0
0 0.200195 0.449634 0.039062 0.100733 0.188825 0.435326 1.0 0.207528 0.431498 1.0 0.193586 0.450632 1.0 0.190865 0.468489 1.0 0.204128 0.469764 1.0
0 0.066895 0.456044 0.051758 0.113553 0.054648 0.444458 1.0 0.073992 0.44019 1.0 0.064889 0.465088 1.0 0.057304 0.485004 1.0 0.073992 0.481449 1.0
0 0.04834 0.815934 0.018555 0.056777 0.053798 0.815738 1.0 0.055717 0.814299 1.0 0.05821 0.822214 1.0 0.05399 0.834086 1.0 0.055524 0.832288 1.0
0 0.12207 0.813187 0.027344 0.069597 0.115348 0.805974 1.0 0.127576 0.801478 1.0 0.123261 0.819016 1.0 0.118225 0.832059 1.0 0.129975 0.828011 1.0
0 0.219727 0.748168 0.023438 0.078755 0.0 0.0 0.0 0.0 0.0 0.0 0.0 0.0 0.0 0.0 0.0 0.0 0.0 0.0 0.0
0 0.518555 0.850733 0.083984 0.217949 0.523133 0.823555 1.0 0.55208 0.826269 1.0 0.554252 0.873773 1.0 0.523856 0.904991 1.0 0.550633 0.907705 1.0
0 0.879395 0.799451 0.069336 0.163004 0.865174 0.774839 1.0 0.890991 0.77587 1.0 0.87561 0.812958 1.0 0.866271 0.837683 1.0 0.889344 0.838714 1.0