0 0.024414 0.172794 0.013672 0.033824 0.0 0.0 0.0 0.0 0.0 0.0 0.0 0.0 0.0 0.0 0.0 0.0 0.0 0.0 0.0
0 0.053223 0.153676 0.016602 0.042647 0.0 0.0 0.0 0.0 0.0 0.0 0.0 0.0 0.0 0.0 0.0 0.0 0.0 0.0 0.0
0 0.038086 0.227206 0.025391 0.048529 0.0 0.0 0.0 0.0 0.0 0.0 0.0 0.0 0.0 0.0 0.0 0.0 0.0 0.0 0.0
0 0.072754 0.245588 0.022461 0.035294 0.065674 0.243015 1.0 0.076508 0.237041 1.0 0.073914 0.249219 1.0 0.072082 0.254963 1.0 0.079102 0.251516 1.0
0 0.062988 0.360294 0.022461 0.035294 0.059448 0.358179 1.0 0.068604 0.354274 1.0 0.065552 0.361626 1.0 0.064179 0.369669 1.0 0.069977 0.368521 1.0
0 0.100586 0.335294 0.019531 0.032353 0.092494 0.332984 1.0 0.101842 0.332563 1.0 0.096959 0.338656 1.0 0.095424 0.345378 1.0 0.101005 0.344957 1.0
0 0.116211 0.211029 0.023438 0.042647 0.110291 0.205882 1.0 0.120361 0.205882 1.0 0.114502 0.215809 1.0 0.111206 0.223806 1.0 0.119263 0.223529 1.0
0 0.093262 0.242647 0.010742 0.020588 0.0 0.0 0.0 0.0 0.0 0.0 0.0 0.0 0.0 0.0 0.0 0.0 0.0 0.0 0.0
0 0.085449 0.232353 0.008789 0.017647 0.0 0.0 0.0 0.0 0.0 0.0 0.0 0.0 0.0 0.0 0.0 0.0 0.0 0.0 0.0
0 0.172852 0.244118 0.019531 0.041176 0.169324 0.241229 1.0 0.177547 0.239075 1.0 0.173972 0.249304 1.0 0.171291 0.256572 1.0 0.177726 0.255226 1.0
0 0.213867 0.197059 0.03125 0.102941 0.0 0.0 0.0 0.0 0.0 0.0 0.0 0.0 0.0 0.0 0.0 0.0 0.0 0.0 0.0
0 0.232422 0.202941 0.019531 0.035294 0.0 0.0 0.0 0.0 0.0 0.0 0.0 0.0 0.0 0.0 0.0 0.0 0.0 0.0 0.0
0 0.267578 0.207353 0.023438 0.038235 0.261623 0.20361 1.0 0.272889 0.202862 1.0 0.267753 0.2086 1.0 0.264273 0.217082 1.0 0.272723 0.217082 1.0
0 0.300781 0.147059 0.025391 0.047059 0.0 0.0 0.0 0.0 0.0 0.0 0.0 0.0 0.0 0.0 0.0 0.0 0.0 0.0 0.0
0 0.301758 0.233824 0.035156 0.088235 0.0 0.0 0.0 0.0 0.0 0.0 0.0 0.0 0.0 0.0 0.0 0.0 0.0 0.0 0.0
0 0.65625 0.139706 0.023438 0.064706 0.0 0.0 0.0 0.0 0.0 0.0 0.0 0.0 0.0 0.0 0.0 0.0 0.0 0.0 0.0
0 0.870117 0.160294 0.019531 0.047059 0.861119 0.155501 1.0 0.86513 0.156106 1.0 0.860918 0.167884 1.0 0.866935 0.173018 1.0 0.869742 0.171507 1.0
0 0.955566 0.127941 0.022461 0.055882 0.948016 0.122269 1.0 0.956727 0.126878 1.0 0.950135 0.130424 1.0 0.946603 0.136804 1.0 0.952253 0.141059 1.0
0 0.731445 0.122059 0.013672 0.035294 0.0 0.0 0.0 0.0 0.0 0.0 0.0 0.0 0.0 0.0 0.0 0.0 0.0 0.0 0.0
0 0.561523 0.157353 0.023438 0.044118 0.0 0.0 0.0 0.0 0.0 0.0 0.0 0.0 0.0 0.0 0.0 0.0 0.0 0.0 0.0
0 0.736328 0.202206 0.021484 0.039706 0.732121 0.202462 1.0 0.740963 0.199901 1.0 0.737392 0.209887 1.0 0.732461 0.215007 1.0 0.741133 0.213472 1.0
0 0.757812 0.153676 0.019531 0.039706 0.752563 0.150157 1.0 0.763955 0.147341 1.0 0.758004 0.155791 1.0 0.753754 0.162447 1.0 0.764295 0.159375 1.0
0 0.792969 0.189706 0.021484 0.038235 0.0 0.0 0.0 0.0 0.0 0.0 0.0 0.0 0.0 0.0 0.0 0.0 0.0 0.0 0.0
0 0.341309 0.147794 0.038086 0.063235 0.0 0.0 0.0 0.0 0.0 0.0 0.0 0.0 0.0 0.0 0.0 0.0 0.0 0.0 0.0
0 0.369629 0.153676 0.016602 0.033824 0.0 0.0 0.0 0.0 0.0 0.0 0.0 0.0 0.0 0.0 0.0 0.0 0.0 0.0 0.0
0 0.337402 0.205882 0.022461 0.038235 0.331264 0.200046 1.0 0.339975 0.197616 1.0 0.33691 0.208304 1.0 0.333038 0.214135 1.0 0.341749 0.212434 1.0
0 0.609863 0.179412 0.020508 0.041176 0.601724 0.174835 1.0 0.607165 0.174579 1.0 0.600023 0.185078 1.0 0.603084 0.191991 1.0 0.607845 0.191478 1.0
0 0.67041 0.190441 0.018555 0.030882 0.665117 0.1901 1.0 0.670479 0.187146 1.0 0.66721 0.193251 1.0 0.666687 0.19916 1.0 0.671396 0.196206 1.0
0 0.683594 0.174265 0.017578 0.045588 0.0 0.0 0.0 0.0 0.0 0.0 0.0 0.0 0.0 0.0 0.0 0.0 0.0 0.0 0.0
0 0.767578 0.218382 0.011719 0.027941 0.0 0.0 0.0 0.0 0.0 0.0 0.0 0.0 0.0 0.0 0.0 0.0 0.0 0.0 0.0
0 0.362793 0.231618 0.018555 0.036765 0.357727 0.227619 1.0 0.366577 0.226241 1.0 0.362457 0.234513 1.0 0.359863 0.241866 1.0 0.366729 0.240718 1.0
0 0.401367 0.190441 0.021484 0.039706 0.396776 0.182825 1.0 0.405107 0.182569 1.0 0.400347 0.189226 1.0 0.397457 0.195628 1.0 0.403918 0.195628 1.0
0 0.450684 0.136765 0.022461 0.055882 0.452332 0.128965 1.0 0.453038 0.128965 1.0 0.46269 0.136765 1.0 0.457275 0.150237 1.0 0.457746 0.150237 1.0
0 0.460449 0.170588 0.018555 0.035294 0.456368 0.166807 1.0 0.464687 0.165625 1.0 0.461861 0.172951 1.0 0.456525 0.179806 1.0 0.465472 0.179332 1.0
0 0.506836 0.230147 0.019531 0.039706 0.499887 0.224324 1.0 0.507027 0.2233 1.0 0.502097 0.231749 1.0 0.500907 0.237638 1.0 0.507538 0.237126 1.0
0 0.508789 0.180882 0.019531 0.032353 0.504395 0.180462 1.0 0.514021 0.180043 1.0 0.510254 0.185715 1.0 0.505929 0.192016 1.0 0.5143 0.191176 1.0
0 0.574219 0.203676 0.017578 0.036765 0.571673 0.199632 1.0 0.579834 0.19916 1.0 0.577166 0.207668 1.0 0.570574 0.214285 1.0 0.579363 0.21405 1.0
0 0.712402 0.300735 0.024414 0.042647 0.703553 0.29614 1.0 0.713623 0.293659 1.0 0.709045 0.305515 1.0 0.706665 0.312132 1.0 0.715271 0.311306 1.0
0 0.70752 0.143382 0.012695 0.027941 0.0 0.0 0.0 0.0 0.0 0.0 0.0 0.0 0.0 0.0 0.0 0.0 0.0 0.0 0.0
0 0.593262 0.1625 0.016602 0.036765 0.0 0.0 0.0 0.0 0.0 0.0 0.0 0.0 0.0 0.0 0.0 0.0 0.0 0.0 0.0