0 0.029785 0.19734 0.010742 0.013659 0.0 0.0 0.0 0.0 0.0 0.0 0.0 0.0 0.0 0.0 0.0 0.0 0.0 0.0 0.0
0 0.015625 0.198418 0.011719 0.01294 0.0 0.0 0.0 0.0 0.0 0.0 0.0 0.0 0.0 0.0 0.0 0.0 0.0 0.0 0.0
0 0.04541 0.196621 0.010742 0.010784 0.0 0.0 0.0 0.0 0.0 0.0 0.0 0.0 0.0 0.0 0.0 0.0 0.0 0.0 0.0
0 0.056152 0.195902 0.008789 0.009346 0.0 0.0 0.0 0.0 0.0 0.0 0.0 0.0 0.0 0.0 0.0 0.0 0.0 0.0 0.0
0 0.066895 0.186197 0.008789 0.010065 0.0 0.0 0.0 0.0 0.0 0.0 0.0 0.0 0.0 0.0 0.0 0.0 0.0 0.0 0.0
0 0.066895 0.199497 0.008789 0.009346 0.0 0.0 0.0 0.0 0.0 0.0 0.0 0.0 0.0 0.0 0.0 0.0 0.0 0.0 0.0
0 0.088379 0.202732 0.008789 0.008627 0.0 0.0 0.0 0.0 0.0 0.0 0.0 0.0 0.0 0.0 0.0 0.0 0.0 0.0 0.0
0 0.099609 0.194105 0.009766 0.011503 0.0 0.0 0.0 0.0 0.0 0.0 0.0 0.0 0.0 0.0 0.0 0.0 0.0 0.0 0.0
0 0.108887 0.183321 0.008789 0.010065 0.0 0.0 0.0 0.0 0.0 0.0 0.0 0.0 0.0 0.0 0.0 0.0 0.0 0.0 0.0
0 0.158691 0.17074 0.022461 0.025162 0.152806 0.168295 1.0 0.163923 0.168776 1.0 0.15564 0.174072 1.0 0.153023 0.179688 1.0 0.161743 0.179849 1.0
0 0.275879 0.225018 0.086914 0.081955 0.249581 0.215056 1.0 0.286552 0.211462 1.0 0.264928 0.228921 1.0 0.259347 0.245353 1.0 0.286552 0.243299 1.0
0 0.49707 0.172897 0.041016 0.03954 0.483673 0.168719 1.0 0.50415 0.168965 1.0 0.489716 0.17638 1.0 0.488373 0.18404 1.0 0.499115 0.184288 1.0
0 0.76709 0.175054 0.016602 0.017973 0.0 0.0 0.0 0.0 0.0 0.0 0.0 0.0 0.0 0.0 0.0 0.0 0.0 0.0 0.0
0 0.828613 0.163192 0.024414 0.027318 0.821298 0.15918 1.0 0.832833 0.159527 1.0 0.826006 0.16438 1.0 0.82271 0.169752 1.0 0.829302 0.169925 1.0
0 0.632324 0.186197 0.077148 0.083393 0.604492 0.178289 1.0 0.644531 0.178289 1.0 0.614258 0.191948 1.0 0.610352 0.207764 1.0 0.635742 0.209202 1.0