0 0.1875 0.698718 0.011719 0.032051 0.0 0.0 0.0 0.0 0.0 0.0 0.0 0.0 0.0 0.0 0.0 0.0 0.0 0.0 0.0
0 0.221191 0.703526 0.010742 0.028846 0.0 0.0 0.0 0.0 0.0 0.0 0.0 0.0 0.0 0.0 0.0 0.0 0.0 0.0 0.0
0 0.263184 0.698718 0.010742 0.025641 0.263323 0.686184 1.0 0.264579 0.686356 1.0 0.264893 0.692021 1.0 0.26123 0.700091 1.0 0.263428 0.700091 1.0
0 0.305664 0.685096 0.013672 0.027244 0.306466 0.685325 1.0 0.309291 0.684295 1.0 0.309187 0.689274 1.0 0.306676 0.693567 1.0 0.309187 0.693396 1.0
0 0.350586 0.682692 0.011719 0.025641 0.0 0.0 0.0 0.0 0.0 0.0 0.0 0.0 0.0 0.0 0.0 0.0 0.0 0.0 0.0
0 0.393555 0.691506 0.013672 0.030449 0.394165 0.691106 1.0 0.398193 0.688301 1.0 0.398438 0.69391 1.0 0.395752 0.69992 1.0 0.398315 0.698518 1.0
0 0.464844 0.702724 0.007812 0.030449 0.0 0.0 0.0 0.0 0.0 0.0 0.0 0.0 0.0 0.0 0.0 0.0 0.0 0.0 0.0
0 0.498535 0.689904 0.014648 0.033654 0.0 0.0 0.0 0.0 0.0 0.0 0.0 0.0 0.0 0.0 0.0 0.0 0.0 0.0 0.0
0 0.512695 0.700321 0.011719 0.028846 0.50797 0.696042 1.0 0.509146 0.696622 1.0 0.50797 0.703383 1.0 0.510795 0.708019 1.0 0.511736 0.708212 1.0
0 0.62207 0.690705 0.011719 0.035256 0.0 0.0 0.0 0.0 0.0 0.0 0.0 0.0 0.0 0.0 0.0 0.0 0.0 0.0 0.0
0 0.672852 0.680288 0.011719 0.030449 0.670851 0.678744 1.0 0.671439 0.678744 1.0 0.669909 0.684925 1.0 0.669674 0.689175 1.0 0.672027 0.689367 1.0
0 0.708984 0.677885 0.013672 0.032051 0.705732 0.675838 1.0 0.706617 0.676462 1.0 0.70333 0.680402 1.0 0.705985 0.68559 1.0 0.706617 0.685798 1.0
0 0.750977 0.690705 0.011719 0.035256 0.0 0.0 0.0 0.0 0.0 0.0 0.0 0.0 0.0 0.0 0.0 0.0 0.0 0.0 0.0
0 0.79834 0.694712 0.012695 0.030449 0.795898 0.695312 1.0 0.797485 0.695112 1.0 0.795776 0.701923 1.0 0.797485 0.704527 1.0 0.798096 0.704728 1.0
0 0.843262 0.696314 0.014648 0.024038 0.841814 0.69567 1.0 0.84191 0.69567 1.0 0.84076 0.702596 1.0 0.846322 0.705587 1.0 0.846418 0.705587 1.0
0 0.88916 0.694712 0.014648 0.030449 0.0 0.0 0.0 0.0 0.0 0.0 0.0 0.0 0.0 0.0 0.0 0.0 0.0 0.0 0.0
0 0.145508 0.825321 0.009766 0.025641 0.0 0.0 0.0 0.0 0.0 0.0 0.0 0.0 0.0 0.0 0.0 0.0 0.0 0.0 0.0
0 0.85791 0.814904 0.010742 0.024038 0.0 0.0 0.0 0.0 0.0 0.0 0.0 0.0 0.0 0.0 0.0 0.0 0.0 0.0 0.0
0 0.910156 0.806891 0.015625 0.036859 0.0 0.0 0.0 0.0 0.0 0.0 0.0 0.0 0.0 0.0 0.0 0.0 0.0 0.0 0.0