0 0.530762 0.427526 0.016602 0.032211 0.526716 0.427526 1.0 0.534389 0.425433 1.0 0.530762 0.435265 1.0 0.529506 0.439867 1.0 0.534947 0.438403 1.0
0 0.560547 0.39019 0.013672 0.027818 0.558594 0.387994 1.0 0.558594 0.387994 1.0 0.55957 0.398243 1.0 0.563477 0.401171 1.0 0.563477 0.401171 1.0
0 0.686523 0.434846 0.015625 0.032211 0.68178 0.434637 1.0 0.68764 0.43401 1.0 0.684291 0.442167 1.0 0.686523 0.445723 1.0 0.691127 0.44405 1.0
0 0.834473 0.426794 0.018555 0.02489 0.830078 0.430454 1.0 0.833984 0.427526 1.0 0.832031 0.433382 1.0 0.837891 0.434846 1.0 0.837891 0.434846 1.0
0 0.741211 0.43265 0.015625 0.02489 0.736328 0.434846 1.0 0.742188 0.433382 1.0 0.739258 0.442167 1.0 0.740234 0.445095 1.0 0.745117 0.440703 1.0
0 0.783203 0.429722 0.017578 0.027818 0.779297 0.434846 1.0 0.782227 0.431918 1.0 0.780273 0.437775 1.0 0.785156 0.440703 1.0 0.785156 0.440703 1.0
0 0.206543 0.41142 0.012695 0.029283 0.210938 0.409956 1.0 0.212891 0.408492 1.0 0.213867 0.415813 1.0 0.210938 0.421669 1.0 0.210938 0.421669 1.0
0 0.263184 0.439971 0.012695 0.027818 0.265625 0.43631 1.0 0.270508 0.434846 1.0 0.271484 0.442167 1.0 0.266602 0.448023 1.0 0.271484 0.446559 1.0
0 0.365234 0.431186 0.015625 0.027818 0.366211 0.430454 1.0 0.371094 0.431918 1.0 0.368164 0.43631 1.0 0.364258 0.442167 1.0 0.367188 0.442167 1.0
0 0.319824 0.448755 0.014648 0.030747 0.319336 0.449488 1.0 0.325195 0.452416 1.0 0.323242 0.456808 1.0 0.320312 0.461201 1.0 0.321289 0.461201 1.0
0 0.490723 0.431186 0.016602 0.036603 0.0 0.0 0.0 0.0 0.0 0.0 0.0 0.0 0.0 0.0 0.0 0.0 0.0 0.0 0.0