0 0.509766 0.465066 0.042969 0.085881 0.504936 0.451744 1.0 0.506021 0.451744 1.0 0.4901 0.458755 1.0 0.499508 0.483026 1.0 0.500593 0.483026 1.0
0 0.37207 0.489811 0.035156 0.068413 0.376744 0.474859 1.0 0.388136 0.473552 1.0 0.391057 0.490096 1.0 0.382002 0.510124 1.0 0.387844 0.508383 1.0
0 0.39209 0.38064 0.040039 0.085881 0.398115 0.375949 1.0 0.404267 0.368937 1.0 0.410779 0.387275 1.0 0.398839 0.409389 1.0 0.402819 0.405613 1.0
0 0.422852 0.343523 0.017578 0.061135 0.0 0.0 0.0 0.0 0.0 0.0 0.0 0.0 0.0 0.0 0.0 0.0 0.0 0.0 0.0
0 0.453613 0.326055 0.026367 0.061135 0.457267 0.310376 1.0 0.45881 0.309608 1.0 0.466526 0.324945 1.0 0.452637 0.337213 1.0 0.456238 0.336445 1.0
0 0.470215 0.30131 0.016602 0.040757 0.0 0.0 0.0 0.0 0.0 0.0 0.0 0.0 0.0 0.0 0.0 0.0 0.0 0.0 0.0
0 0.489258 0.286754 0.013672 0.040757 0.0 0.0 0.0 0.0 0.0 0.0 0.0 0.0 0.0 0.0 0.0 0.0 0.0 0.0 0.0
0 0.057129 0.470888 0.043945 0.080058 0.067522 0.451913 1.0 0.077384 0.451913 1.0 0.079765 0.463064 1.0 0.070243 0.48638 1.0 0.072623 0.485873 1.0
0 0.099121 0.369723 0.041992 0.078603 0.104858 0.354485 1.0 0.1109 0.351483 1.0 0.11795 0.368495 1.0 0.109894 0.386508 1.0 0.113251 0.384507 1.0
0 0.141602 0.359534 0.033203 0.064047 0.147923 0.348656 1.0 0.150896 0.348656 1.0 0.155221 0.355102 1.0 0.150086 0.375247 1.0 0.151437 0.374844 1.0
0 0.163086 0.350073 0.027344 0.056769 0.0 0.0 0.0 0.0 0.0 0.0 0.0 0.0 0.0 0.0 0.0 0.0 0.0 0.0 0.0
0 0.21582 0.3246 0.037109 0.061135 0.0 0.0 0.0 0.0 0.0 0.0 0.0 0.0 0.0 0.0 0.0 0.0 0.0 0.0 0.0
0 0.236816 0.304221 0.020508 0.043668 0.0 0.0 0.0 0.0 0.0 0.0 0.0 0.0 0.0 0.0 0.0 0.0 0.0 0.0 0.0
0 0.261719 0.294032 0.025391 0.052402 0.2643 0.284357 1.0 0.268079 0.281374 1.0 0.272749 0.296949 1.0 0.2643 0.307886 1.0 0.268079 0.305898 1.0
0 0.291504 0.27147 0.026367 0.048035 0.295689 0.263568 1.0 0.296107 0.263881 1.0 0.303223 0.27355 1.0 0.296526 0.283218 1.0 0.298828 0.282284 1.0
0 0.319336 0.253275 0.025391 0.046579 0.0 0.0 0.0 0.0 0.0 0.0 0.0 0.0 0.0 0.0 0.0 0.0 0.0 0.0 0.0
0 0.348145 0.244541 0.020508 0.046579 0.0 0.0 0.0 0.0 0.0 0.0 0.0 0.0 0.0 0.0 0.0 0.0 0.0 0.0 0.0
0 0.365723 0.215429 0.012695 0.029112 0.0 0.0 0.0 0.0 0.0 0.0 0.0 0.0 0.0 0.0 0.0 0.0 0.0 0.0 0.0
0 0.376465 0.18559 0.014648 0.030568 0.0 0.0 0.0 0.0 0.0 0.0 0.0 0.0 0.0 0.0 0.0 0.0 0.0 0.0 0.0
0 0.262695 0.16885 0.021484 0.026201 0.0 0.0 0.0 0.0 0.0 0.0 0.0 0.0 0.0 0.0 0.0 0.0 0.0 0.0 0.0
0 0.199707 0.211063 0.018555 0.040757 0.0 0.0 0.0 0.0 0.0 0.0 0.0 0.0 0.0 0.0 0.0 0.0 0.0 0.0 0.0
0 0.506836 0.1754 0.015625 0.030568 0.50579 0.168629 1.0 0.512983 0.169214 1.0 0.509713 0.176426 1.0 0.506443 0.181301 1.0 0.511937 0.181885 1.0
0 0.550781 0.161572 0.021484 0.037846 0.0 0.0 0.0 0.0 0.0 0.0 0.0 0.0 0.0 0.0 0.0 0.0 0.0 0.0 0.0
0 0.513184 0.253275 0.010742 0.032023 0.0 0.0 0.0 0.0 0.0 0.0 0.0 0.0 0.0 0.0 0.0 0.0 0.0 0.0 0.0
0 0.391602 0.074236 0.015625 0.026201 0.0 0.0 0.0 0.0 0.0 0.0 0.0 0.0 0.0 0.0 0.0 0.0 0.0 0.0 0.0
0 0.295898 0.152111 0.015625 0.027656 0.0 0.0 0.0 0.0 0.0 0.0 0.0 0.0 0.0 0.0 0.0 0.0 0.0 0.0 0.0
0 0.014648 0.280932 0.029297 0.061135 0.0 0.0 0.0 0.0 0.0 0.0 0.0 0.0 0.0 0.0 0.0 0.0 0.0 0.0 0.0
0 0.085938 0.280932 0.021484 0.040757 0.0 0.0 0.0 0.0 0.0 0.0 0.0 0.0 0.0 0.0 0.0 0.0 0.0 0.0 0.0
0 0.123535 0.254731 0.02832 0.052402 0.131208 0.24922 1.0 0.135063 0.248882 1.0 0.136876 0.255978 1.0 0.131889 0.269495 1.0 0.134608 0.269157 1.0
0 0.139648 0.252547 0.015625 0.03639 0.0 0.0 0.0 0.0 0.0 0.0 0.0 0.0 0.0 0.0 0.0 0.0 0.0 0.0 0.0
0 0.175293 0.219068 0.022461 0.045124 0.176278 0.219659 1.0 0.186479 0.211179 1.0 0.187657 0.220537 1.0 0.18079 0.230186 1.0 0.181183 0.231064 1.0
0 0.05127 0.163755 0.020508 0.03639 0.0 0.0 0.0 0.0 0.0 0.0 0.0 0.0 0.0 0.0 0.0 0.0 0.0 0.0 0.0
0 0.313477 0.152838 0.013672 0.026201 0.0 0.0 0.0 0.0 0.0 0.0 0.0 0.0 0.0 0.0 0.0 0.0 0.0 0.0 0.0
0 0.325195 0.149199 0.013672 0.027656 0.0 0.0 0.0 0.0 0.0 0.0 0.0 0.0 0.0 0.0 0.0 0.0 0.0 0.0 0.0
0 0.342285 0.141921 0.012695 0.024745 0.0 0.0 0.0 0.0 0.0 0.0 0.0 0.0 0.0 0.0 0.0 0.0 0.0 0.0 0.0
0 0.354004 0.136827 0.010742 0.026201 0.0 0.0 0.0 0.0 0.0 0.0 0.0 0.0 0.0 0.0 0.0 0.0 0.0 0.0 0.0
0 0.458496 0.090975 0.014648 0.027656 0.0 0.0 0.0 0.0 0.0 0.0 0.0 0.0 0.0 0.0 0.0 0.0 0.0 0.0 0.0
0 0.444336 0.143377 0.009766 0.021834 0.0 0.0 0.0 0.0 0.0 0.0 0.0 0.0 0.0 0.0 0.0 0.0 0.0 0.0 0.0
0 0.429688 0.147016 0.009766 0.017467 0.0 0.0 0.0 0.0 0.0 0.0 0.0 0.0 0.0 0.0 0.0 0.0 0.0 0.0 0.0
0 0.398438 0.074964 0.009766 0.027656 0.0 0.0 0.0 0.0 0.0 0.0 0.0 0.0 0.0 0.0 0.0 0.0 0.0 0.0 0.0
0 0.416992 0.080058 0.009766 0.02329 0.0 0.0 0.0 0.0 0.0 0.0 0.0 0.0 0.0 0.0 0.0 0.0 0.0 0.0 0.0
0 0.035645 0.077147 0.010742 0.017467 0.0 0.0 0.0 0.0 0.0 0.0 0.0 0.0 0.0 0.0 0.0 0.0 0.0 0.0 0.0
0 0.045898 0.087336 0.011719 0.020378 0.0 0.0 0.0 0.0 0.0 0.0 0.0 0.0 0.0 0.0 0.0 0.0 0.0 0.0 0.0
0 0.0625 0.080058 0.009766 0.017467 0.0 0.0 0.0 0.0 0.0 0.0 0.0 0.0 0.0 0.0 0.0 0.0 0.0 0.0 0.0
0 0.100586 0.080786 0.009766 0.016012 0.0 0.0 0.0 0.0 0.0 0.0 0.0 0.0 0.0 0.0 0.0 0.0 0.0 0.0 0.0
0 0.115234 0.077147 0.007812 0.014556 0.0 0.0 0.0 0.0 0.0 0.0 0.0 0.0 0.0 0.0 0.0 0.0 0.0 0.0 0.0
0 0.131348 0.073508 0.010742 0.018923 0.0 0.0 0.0 0.0 0.0 0.0 0.0 0.0 0.0 0.0 0.0 0.0 0.0 0.0 0.0
0 0.319336 0.082969 0.007812 0.011645 0.0 0.0 0.0 0.0 0.0 0.0 0.0 0.0 0.0 0.0 0.0 0.0 0.0 0.0 0.0
0 0.248047 0.043668 0.009766 0.011645 0.0 0.0 0.0 0.0 0.0 0.0 0.0 0.0 0.0 0.0 0.0 0.0 0.0 0.0 0.0
0 0.271973 0.056041 0.006836 0.018923 0.0 0.0 0.0 0.0 0.0 0.0 0.0 0.0 0.0 0.0 0.0 0.0 0.0 0.0 0.0
0 0.233398 0.058952 0.007812 0.0131 0.0 0.0 0.0 0.0 0.0 0.0 0.0 0.0 0.0 0.0 0.0 0.0 0.0 0.0 0.0
0 0.224121 0.056041 0.006836 0.0131 0.0 0.0 0.0 0.0 0.0 0.0 0.0 0.0 0.0 0.0 0.0 0.0 0.0 0.0 0.0
0 0.217285 0.057496 0.006836 0.0131 0.0 0.0 0.0 0.0 0.0 0.0 0.0 0.0 0.0 0.0 0.0 0.0 0.0 0.0 0.0
0 0.177246 0.066958 0.008789 0.014556 0.0 0.0 0.0 0.0 0.0 0.0 0.0 0.0 0.0 0.0 0.0 0.0 0.0 0.0 0.0
0 0.157227 0.074236 0.005859 0.014556 0.0 0.0 0.0 0.0 0.0 0.0 0.0 0.0 0.0 0.0 0.0 0.0 0.0 0.0 0.0
0 0.1875 0.057496 0.005859 0.016012 0.0 0.0 0.0 0.0 0.0 0.0 0.0 0.0 0.0 0.0 0.0 0.0 0.0 0.0 0.0
0 0.345215 0.077875 0.008789 0.018923 0.0 0.0 0.0 0.0 0.0 0.0 0.0 0.0 0.0 0.0 0.0 0.0 0.0 0.0 0.0
0 0.428711 0.05313 0.009766 0.016012 0.0 0.0 0.0 0.0 0.0 0.0 0.0 0.0 0.0 0.0 0.0 0.0 0.0 0.0 0.0
0 0.439453 0.053857 0.009766 0.014556 0.0 0.0 0.0 0.0 0.0 0.0 0.0 0.0 0.0 0.0 0.0 0.0 0.0 0.0 0.0
0 0.472656 0.086608 0.007812 0.016012 0.0 0.0 0.0 0.0 0.0 0.0 0.0 0.0 0.0 0.0 0.0 0.0 0.0 0.0 0.0
0 0.480957 0.080058 0.008789 0.020378 0.0 0.0 0.0 0.0 0.0 0.0 0.0 0.0 0.0 0.0 0.0 0.0 0.0 0.0 0.0
0 0.495605 0.063319 0.006836 0.010189 0.0 0.0 0.0 0.0 0.0 0.0 0.0 0.0 0.0 0.0 0.0 0.0 0.0 0.0 0.0
0 0.522949 0.163755 0.008789 0.016012 0.0 0.0 0.0 0.0 0.0 0.0 0.0 0.0 0.0 0.0 0.0 0.0 0.0 0.0 0.0
0 0.589355 0.196507 0.016602 0.02329 0.0 0.0 0.0 0.0 0.0 0.0 0.0 0.0 0.0 0.0 0.0 0.0 0.0 0.0 0.0
0 0.539062 0.096798 0.009766 0.018923 0.0 0.0 0.0 0.0 0.0 0.0 0.0 0.0 0.0 0.0 0.0 0.0 0.0 0.0 0.0
0 0.725098 0.188501 0.016602 0.027656 0.0 0.0 0.0 0.0 0.0 0.0 0.0 0.0 0.0 0.0 0.0 0.0 0.0 0.0 0.0
0 0.674316 0.10262 0.010742 0.027656 0.0 0.0 0.0 0.0 0.0 0.0 0.0 0.0 0.0 0.0 0.0 0.0 0.0 0.0 0.0
0 0.757812 0.065502 0.009766 0.017467 0.0 0.0 0.0 0.0 0.0 0.0 0.0 0.0 0.0 0.0 0.0 0.0 0.0 0.0 0.0
0 0.951172 0.388646 0.033203 0.066958 0.0 0.0 0.0 0.0 0.0 0.0 0.0 0.0 0.0 0.0 0.0 0.0 0.0 0.0 0.0