0 0.425781 0.543457 0.015625 0.038086 0.428711 0.539795 1.0 0.43042 0.539307 1.0 0.433594 0.546143 1.0 0.42749 0.554932 1.0 0.428955 0.554199 1.0
0 0.516602 0.53125 0.017578 0.035156 0.510511 0.527871 1.0 0.511623 0.528316 1.0 0.507843 0.534319 1.0 0.512957 0.542102 1.0 0.514735 0.541879 1.0
0 0.484375 0.520508 0.025391 0.035156 0.477277 0.517944 1.0 0.489066 0.518171 1.0 0.482719 0.524519 1.0 0.478864 0.530413 1.0 0.487706 0.530413 1.0
0 0.627441 0.536621 0.020508 0.036133 0.618378 0.531254 1.0 0.622306 0.531485 1.0 0.617453 0.538879 1.0 0.619995 0.546273 1.0 0.62323 0.546273 1.0
0 0.704102 0.541016 0.023438 0.037109 0.697492 0.538896 1.0 0.699847 0.53819 1.0 0.692549 0.545488 1.0 0.698905 0.550903 1.0 0.701023 0.549962 1.0
0 0.750977 0.55127 0.027344 0.040039 0.741229 0.54844 1.0 0.746115 0.547668 1.0 0.738399 0.555385 1.0 0.742257 0.560787 1.0 0.747401 0.560015 1.0
0 0.82666 0.524902 0.016602 0.03418 0.824097 0.521362 1.0 0.824097 0.521362 1.0 0.820679 0.525421 1.0 0.823883 0.533325 1.0 0.823883 0.533325 1.0
0 0.940918 0.512207 0.022461 0.045898 0.935952 0.509478 1.0 0.935952 0.509478 1.0 0.930694 0.519117 1.0 0.940918 0.525835 1.0 0.940918 0.525835 1.0
0 0.301758 0.55957 0.021484 0.03125 0.302154 0.555551 1.0 0.308236 0.555158 1.0 0.311179 0.559671 1.0 0.305686 0.566145 1.0 0.311179 0.565752 1.0
0 0.23291 0.563965 0.026367 0.032227 0.235352 0.561803 1.0 0.242676 0.559501 1.0 0.242467 0.56808 1.0 0.234096 0.572057 1.0 0.24435 0.568708 1.0
0 0.174805 0.541016 0.021484 0.035156 0.178886 0.538068 1.0 0.181832 0.538521 1.0 0.18614 0.546003 1.0 0.178205 0.550537 1.0 0.181379 0.550764 1.0
0 0.119629 0.547363 0.026367 0.036133 0.125227 0.549142 1.0 0.129081 0.549142 1.0 0.130214 0.554583 1.0 0.12364 0.559117 1.0 0.126134 0.559117 1.0
0 0.058105 0.539062 0.024414 0.039062 0.0625 0.536133 1.0 0.063721 0.535156 1.0 0.070557 0.539795 1.0 0.063232 0.547363 1.0 0.064209 0.546387 1.0