0 0.147461 0.798825 0.072266 0.099853 0.157501 0.785013 1.0 0.167572 0.769869 1.0 0.183594 0.783636 1.0 0.174438 0.815988 1.0 0.177643 0.810482 1.0
0 0.191895 0.679148 0.051758 0.0837 0.200475 0.666587 1.0 0.205122 0.662825 1.0 0.215847 0.675727 1.0 0.207624 0.69669 1.0 0.211199 0.692928 1.0
0 0.040527 0.559471 0.03418 0.04699 0.038731 0.552103 1.0 0.049849 0.539975 1.0 0.054644 0.55243 1.0 0.047887 0.573736 1.0 0.054426 0.566197 1.0
0 0.087402 0.530837 0.022461 0.042584 0.090393 0.524046 1.0 0.091857 0.523771 1.0 0.096802 0.533131 1.0 0.091309 0.546347 1.0 0.092225 0.545797 1.0
0 0.239258 0.599119 0.029297 0.0558 0.0 0.0 0.0 0.0 0.0 0.0 0.0 0.0 0.0 0.0 0.0 0.0 0.0 0.0 0.0
0 0.275391 0.550661 0.027344 0.04699 0.271863 0.542257 1.0 0.275983 0.535471 1.0 0.284224 0.547567 1.0 0.280104 0.562906 1.0 0.283242 0.558186 1.0
0 0.29248 0.494126 0.022461 0.042584 0.294137 0.486476 1.0 0.295925 0.485132 1.0 0.301466 0.491583 1.0 0.298069 0.507172 1.0 0.299857 0.505022 1.0
0 0.196289 0.436123 0.021484 0.041116 0.197335 0.431665 1.0 0.203265 0.431141 1.0 0.206055 0.437172 1.0 0.201347 0.450021 1.0 0.204137 0.449496 1.0
0 0.140137 0.489721 0.020508 0.033774 0.137146 0.483278 1.0 0.140312 0.479383 1.0 0.144915 0.485872 1.0 0.143045 0.49842 1.0 0.143045 0.49842 1.0
0 0.077637 0.43025 0.020508 0.032305 0.077567 0.421439 1.0 0.08245 0.419551 1.0 0.086635 0.426264 1.0 0.083565 0.434445 1.0 0.086914 0.433186 1.0
0 0.010254 0.455213 0.014648 0.035242 0.0 0.0 0.0 0.0 0.0 0.0 0.0 0.0 0.0 0.0 0.0 0.0 0.0 0.0 0.0
0 0.455078 0.729809 0.033203 0.061674 0.460641 0.724407 1.0 0.463519 0.717327 1.0 0.470058 0.725587 1.0 0.464826 0.746433 1.0 0.467181 0.741714 1.0
0 0.64209 0.610132 0.022461 0.048458 0.0 0.0 0.0 0.0 0.0 0.0 0.0 0.0 0.0 0.0 0.0 0.0 0.0 0.0 0.0
0 0.420898 0.590308 0.042969 0.064611 0.43178 0.579609 1.0 0.433733 0.577093 1.0 0.441825 0.587162 1.0 0.436803 0.605203 1.0 0.438477 0.603944 1.0
0 0.449219 0.543319 0.017578 0.035242 0.44873 0.533178 1.0 0.449951 0.532489 1.0 0.456817 0.538913 1.0 0.451782 0.550385 1.0 0.453003 0.549698 1.0
0 0.591797 0.49486 0.025391 0.032305 0.593566 0.488298 1.0 0.595019 0.48563 1.0 0.602277 0.491209 1.0 0.598245 0.501639 1.0 0.599213 0.501396 1.0
0 0.611328 0.547724 0.029297 0.041116 0.621216 0.537354 1.0 0.621582 0.536802 1.0 0.625977 0.541759 1.0 0.622314 0.553874 1.0 0.622681 0.553598 1.0
0 0.461914 0.498532 0.013672 0.030837 0.464669 0.490357 1.0 0.467508 0.488731 1.0 0.46967 0.497673 1.0 0.464939 0.507427 1.0 0.466832 0.507427 1.0
0 0.826172 0.637298 0.019531 0.038179 0.0 0.0 0.0 0.0 0.0 0.0 0.0 0.0 0.0 0.0 0.0 0.0 0.0 0.0 0.0
0 0.758301 0.570485 0.02832 0.045521 0.764286 0.563994 1.0 0.762717 0.561044 1.0 0.767033 0.567239 1.0 0.767622 0.577564 1.0 0.766444 0.575499 1.0
0 0.722168 0.507342 0.026367 0.030837 0.0 0.0 0.0 0.0 0.0 0.0 0.0 0.0 0.0 0.0 0.0 0.0 0.0 0.0 0.0
0 0.128418 0.402349 0.018555 0.035242 0.129517 0.400881 1.0 0.133519 0.399322 1.0 0.135298 0.407122 1.0 0.130555 0.412695 1.0 0.133815 0.411357 1.0
0 0.165039 0.398678 0.013672 0.022026 0.163976 0.392752 1.0 0.170113 0.392464 1.0 0.170401 0.39679 1.0 0.167716 0.403424 1.0 0.170881 0.403137 1.0
0 0.231445 0.422907 0.023438 0.029369 0.236145 0.412078 1.0 0.236908 0.411389 1.0 0.242554 0.417125 1.0 0.23996 0.426762 1.0 0.240723 0.426533 1.0
0 0.318848 0.458884 0.020508 0.030837 0.32516 0.445759 1.0 0.326076 0.445759 1.0 0.330131 0.453824 1.0 0.32516 0.464837 1.0 0.3266 0.464443 1.0
0 0.259277 0.401615 0.020508 0.030837 0.260868 0.396896 1.0 0.263031 0.395675 1.0 0.266545 0.400554 1.0 0.264652 0.409698 1.0 0.266815 0.408276 1.0
0 0.304688 0.377386 0.013672 0.026432 0.304766 0.374725 1.0 0.309754 0.37285 1.0 0.311794 0.378645 1.0 0.308733 0.385803 1.0 0.31066 0.384781 1.0
0 0.209473 0.363436 0.018555 0.0279 0.0 0.0 0.0 0.0 0.0 0.0 0.0 0.0 0.0 0.0 0.0 0.0 0.0 0.0 0.0
0 0.245605 0.356094 0.010742 0.01909 0.0 0.0 0.0 0.0 0.0 0.0 0.0 0.0 0.0 0.0 0.0 0.0 0.0 0.0 0.0
0 0.288574 0.35022 0.008789 0.01909 0.0 0.0 0.0 0.0 0.0 0.0 0.0 0.0 0.0 0.0 0.0 0.0 0.0 0.0 0.0
0 0.353516 0.444934 0.015625 0.032305 0.352888 0.440319 1.0 0.358468 0.43864 1.0 0.359444 0.445354 1.0 0.354562 0.451438 1.0 0.358329 0.450178 1.0
0 0.482422 0.45815 0.015625 0.026432 0.482875 0.457291 1.0 0.485936 0.451095 1.0 0.489702 0.456583 1.0 0.48829 0.465963 1.0 0.489467 0.463132 1.0
0 0.498535 0.428781 0.016602 0.035242 0.504717 0.426421 1.0 0.505606 0.426866 1.0 0.505755 0.433777 1.0 0.501456 0.440018 1.0 0.5019 0.440241 1.0
0 0.5 0.353891 0.009766 0.023495 0.0 0.0 0.0 0.0 0.0 0.0 0.0 0.0 0.0 0.0 0.0 0.0 0.0 0.0 0.0
0 0.411133 0.388399 0.015625 0.033774 0.413321 0.386236 1.0 0.415191 0.384722 1.0 0.41735 0.391645 1.0 0.41476 0.400081 1.0 0.41735 0.398567 1.0
0 0.384277 0.415565 0.014648 0.029369 0.382446 0.413179 1.0 0.38501 0.411711 1.0 0.387573 0.415198 1.0 0.387817 0.42511 1.0 0.38916 0.423825 1.0
0 0.341797 0.362702 0.015625 0.029369 0.341919 0.360132 1.0 0.34668 0.357562 1.0 0.348267 0.362335 1.0 0.345703 0.369677 1.0 0.348267 0.368392 1.0
0 0.398438 0.317915 0.009766 0.01909 0.0 0.0 0.0 0.0 0.0 0.0 0.0 0.0 0.0 0.0 0.0 0.0 0.0 0.0 0.0
0 0.441895 0.334068 0.010742 0.01909 0.442365 0.332442 1.0 0.445417 0.330213 1.0 0.446638 0.334802 1.0 0.444807 0.338997 1.0 0.446899 0.338866 1.0
0 0.568359 0.374449 0.011719 0.026432 0.567418 0.375301 1.0 0.572745 0.37479 1.0 0.570818 0.380927 1.0 0.567418 0.384675 1.0 0.570705 0.384335 1.0
0 0.644531 0.398678 0.013672 0.030837 0.646746 0.394004 1.0 0.649989 0.391363 1.0 0.651206 0.400304 1.0 0.648503 0.407213 1.0 0.650395 0.405587 1.0
0 0.590332 0.346549 0.012695 0.023495 0.0 0.0 0.0 0.0 0.0 0.0 0.0 0.0 0.0 0.0 0.0 0.0 0.0 0.0 0.0
0 0.623535 0.347283 0.012695 0.022026 0.0 0.0 0.0 0.0 0.0 0.0 0.0 0.0 0.0 0.0 0.0 0.0 0.0 0.0 0.0
0 0.419922 0.303231 0.011719 0.01909 0.0 0.0 0.0 0.0 0.0 0.0 0.0 0.0 0.0 0.0 0.0 0.0 0.0 0.0 0.0
0 0.44873 0.305433 0.010742 0.020558 0.0 0.0 0.0 0.0 0.0 0.0 0.0 0.0 0.0 0.0 0.0 0.0 0.0 0.0 0.0
0 0.465332 0.332599 0.010742 0.01909 0.465768 0.330684 1.0 0.469518 0.329112 1.0 0.470215 0.332652 1.0 0.468732 0.338289 1.0 0.47039 0.337372 1.0
0 0.490723 0.319383 0.014648 0.022026 0.491481 0.315608 1.0 0.495989 0.315031 1.0 0.495414 0.320078 1.0 0.493495 0.323395 1.0 0.495989 0.322818 1.0
0 0.52002 0.311307 0.010742 0.023495 0.0 0.0 0.0 0.0 0.0 0.0 0.0 0.0 0.0 0.0 0.0 0.0 0.0 0.0 0.0
0 0.555664 0.34141 0.009766 0.022026 0.0 0.0 0.0 0.0 0.0 0.0 0.0 0.0 0.0 0.0 0.0 0.0 0.0 0.0 0.0
0 0.594727 0.45815 0.017578 0.035242 0.595307 0.452138 1.0 0.596375 0.450302 1.0 0.602021 0.454433 1.0 0.602021 0.465446 1.0 0.602325 0.46384 1.0
0 0.663574 0.374449 0.014648 0.026432 0.662026 0.371236 1.0 0.664498 0.367166 1.0 0.667677 0.373184 1.0 0.666382 0.381148 1.0 0.668147 0.37991 1.0
0 0.633789 0.309838 0.009766 0.020558 0.634674 0.307452 1.0 0.637421 0.306902 1.0 0.637421 0.310618 1.0 0.63385 0.315436 1.0 0.635864 0.314749 1.0
0 0.657227 0.307636 0.009766 0.01909 0.0 0.0 0.0 0.0 0.0 0.0 0.0 0.0 0.0 0.0 0.0 0.0 0.0 0.0 0.0
0 0.549805 0.299559 0.009766 0.020558 0.549865 0.297724 1.0 0.552979 0.295521 1.0 0.553253 0.300339 1.0 0.552338 0.304608 1.0 0.553985 0.303093 1.0
0 0.571289 0.281938 0.009766 0.020558 0.0 0.0 0.0 0.0 0.0 0.0 0.0 0.0 0.0 0.0 0.0 0.0 0.0 0.0 0.0
0 0.476074 0.291483 0.008789 0.01909 0.0 0.0 0.0 0.0 0.0 0.0 0.0 0.0 0.0 0.0 0.0 0.0 0.0 0.0 0.0
0 0.497559 0.300294 0.006836 0.016153 0.0 0.0 0.0 0.0 0.0 0.0 0.0 0.0 0.0 0.0 0.0 0.0 0.0 0.0 0.0
0 0.60498 0.321586 0.008789 0.017621 0.603912 0.318485 1.0 0.606646 0.317862 1.0 0.607392 0.321474 1.0 0.604244 0.326581 1.0 0.606397 0.326082 1.0
0 0.598145 0.296623 0.008789 0.017621 0.599147 0.295744 1.0 0.602521 0.295862 1.0 0.601423 0.299639 1.0 0.599461 0.302824 1.0 0.60158 0.302706 1.0
0 0.575195 0.300294 0.009766 0.013216 0.0 0.0 0.0 0.0 0.0 0.0 0.0 0.0 0.0 0.0 0.0 0.0 0.0 0.0 0.0
0 0.623047 0.272394 0.009766 0.016153 0.0 0.0 0.0 0.0 0.0 0.0 0.0 0.0 0.0 0.0 0.0 0.0 0.0 0.0 0.0
0 0.650391 0.286344 0.009766 0.014684 0.0 0.0 0.0 0.0 0.0 0.0 0.0 0.0 0.0 0.0 0.0 0.0 0.0 0.0 0.0
0 0.686035 0.328194 0.010742 0.016153 0.0 0.0 0.0 0.0 0.0 0.0 0.0 0.0 0.0 0.0 0.0 0.0 0.0 0.0 0.0
0 0.678711 0.279001 0.009766 0.017621 0.680119 0.278379 1.0 0.681824 0.278714 1.0 0.682861 0.281722 1.0 0.679229 0.285288 1.0 0.681527 0.285734 1.0
0 0.695801 0.298825 0.006836 0.022026 0.0 0.0 0.0 0.0 0.0 0.0 0.0 0.0 0.0 0.0 0.0 0.0 0.0 0.0 0.0
0 0.713867 0.300294 0.007812 0.013216 0.0 0.0 0.0 0.0 0.0 0.0 0.0 0.0 0.0 0.0 0.0 0.0 0.0 0.0 0.0
0 0.718262 0.323054 0.008789 0.020558 0.718292 0.320668 1.0 0.720855 0.32053 1.0 0.721496 0.323972 1.0 0.719757 0.327138 1.0 0.722138 0.326725 1.0
0 0.713867 0.348752 0.013672 0.024963 0.0 0.0 0.0 0.0 0.0 0.0 0.0 0.0 0.0 0.0 0.0 0.0 0.0 0.0 0.0
0 0.743652 0.346549 0.008789 0.023495 0.743095 0.345395 1.0 0.743722 0.345238 1.0 0.747803 0.348228 1.0 0.744664 0.353261 1.0 0.744664 0.353104 1.0
0 0.749023 0.312775 0.007812 0.017621 0.0 0.0 0.0 0.0 0.0 0.0 0.0 0.0 0.0 0.0 0.0 0.0 0.0 0.0 0.0
0 0.741211 0.290749 0.009766 0.017621 0.740392 0.291169 1.0 0.744236 0.289044 1.0 0.743844 0.293175 1.0 0.741411 0.297304 1.0 0.744472 0.296242 1.0
0 0.751465 0.262849 0.008789 0.014684 0.750419 0.260443 1.0 0.754865 0.259853 1.0 0.753427 0.263295 1.0 0.75153 0.266539 1.0 0.754276 0.266244 1.0
0 0.780762 0.256241 0.008789 0.013216 0.0 0.0 0.0 0.0 0.0 0.0 0.0 0.0 0.0 0.0 0.0 0.0 0.0 0.0 0.0
0 0.79248 0.303231 0.008789 0.01909 0.792489 0.303132 1.0 0.794892 0.302135 1.0 0.795554 0.305623 1.0 0.794395 0.309609 1.0 0.795803 0.30936 1.0
0 0.774902 0.331865 0.010742 0.020558 0.775757 0.331407 1.0 0.778778 0.330855 1.0 0.778778 0.335123 1.0 0.776764 0.339803 1.0 0.778687 0.339529 1.0
0 0.779785 0.378855 0.008789 0.020558 0.0 0.0 0.0 0.0 0.0 0.0 0.0 0.0 0.0 0.0 0.0 0.0 0.0 0.0 0.0
0 0.806641 0.362702 0.009766 0.026432 0.0 0.0 0.0 0.0 0.0 0.0 0.0 0.0 0.0 0.0 0.0 0.0 0.0 0.0 0.0
0 0.807617 0.331865 0.007812 0.020558 0.0 0.0 0.0 0.0 0.0 0.0 0.0 0.0 0.0 0.0 0.0 0.0 0.0 0.0 0.0
0 0.79541 0.273862 0.008789 0.016153 0.794181 0.27375 1.0 0.797664 0.273527 1.0 0.796256 0.276982 1.0 0.794552 0.279768 1.0 0.7967 0.279768 1.0
0 0.806641 0.256975 0.009766 0.017621 0.0 0.0 0.0 0.0 0.0 0.0 0.0 0.0 0.0 0.0 0.0 0.0 0.0 0.0 0.0
0 0.036133 0.18649 0.013672 0.020558 0.036561 0.184931 1.0 0.040223 0.184793 1.0 0.038849 0.187683 1.0 0.037384 0.192777 1.0 0.040497 0.193053 1.0
0 0.033691 0.226872 0.014648 0.024963 0.0 0.0 0.0 0.0 0.0 0.0 0.0 0.0 0.0 0.0 0.0 0.0 0.0 0.0 0.0
0 0.02002 0.285609 0.014648 0.01909 0.02002 0.281558 1.0 0.02423 0.280201 1.0 0.024933 0.285026 1.0 0.022125 0.290755 1.0 0.02383 0.290605 1.0
0 0.084961 0.274596 0.015625 0.020558 0.0 0.0 0.0 0.0 0.0 0.0 0.0 0.0 0.0 0.0 0.0 0.0 0.0 0.0 0.0
0 0.14502 0.273128 0.012695 0.017621 0.0 0.0 0.0 0.0 0.0 0.0 0.0 0.0 0.0 0.0 0.0 0.0 0.0 0.0 0.0
0 0.070312 0.227606 0.013672 0.020558 0.070557 0.225358 1.0 0.075226 0.22522 1.0 0.073944 0.228524 1.0 0.071381 0.23293 1.0 0.074859 0.232791 1.0
0 0.107422 0.222467 0.013672 0.01909 0.10662 0.219687 1.0 0.110456 0.219032 1.0 0.111938 0.222179 1.0 0.108712 0.226768 1.0 0.11159 0.225981 1.0
0 0.083496 0.179883 0.012695 0.01909 0.080531 0.176145 1.0 0.085419 0.175772 1.0 0.084922 0.17951 1.0 0.083017 0.184117 1.0 0.086164 0.184242 1.0
0 0.054688 0.147577 0.011719 0.016153 0.0 0.0 0.0 0.0 0.0 0.0 0.0 0.0 0.0 0.0 0.0 0.0 0.0 0.0 0.0
0 0.006836 0.142438 0.007812 0.011747 0.0 0.0 0.0 0.0 0.0 0.0 0.0 0.0 0.0 0.0 0.0 0.0 0.0 0.0 0.0
0 0.103516 0.048458 0.009766 0.014684 0.0 0.0 0.0 0.0 0.0 0.0 0.0 0.0 0.0 0.0 0.0 0.0 0.0 0.0 0.0
0 0.085449 0.03304 0.008789 0.013216 0.0 0.0 0.0 0.0 0.0 0.0 0.0 0.0 0.0 0.0 0.0 0.0 0.0 0.0 0.0
0 0.13916 0.032305 0.010742 0.014684 0.0 0.0 0.0 0.0 0.0 0.0 0.0 0.0 0.0 0.0 0.0 0.0 0.0 0.0 0.0
0 0.129883 0.060206 0.009766 0.014684 0.0 0.0 0.0 0.0 0.0 0.0 0.0 0.0 0.0 0.0 0.0 0.0 0.0 0.0 0.0
0 0.117188 0.080764 0.009766 0.017621 0.0 0.0 0.0 0.0 0.0 0.0 0.0 0.0 0.0 0.0 0.0 0.0 0.0 0.0 0.0
0 0.154297 0.056535 0.005859 0.016153 0.0 0.0 0.0 0.0 0.0 0.0 0.0 0.0 0.0 0.0 0.0 0.0 0.0 0.0 0.0
0 0.193359 0.049192 0.007812 0.013216 0.0 0.0 0.0 0.0 0.0 0.0 0.0 0.0 0.0 0.0 0.0 0.0 0.0 0.0 0.0
0 0.181152 0.059471 0.008789 0.013216 0.0 0.0 0.0 0.0 0.0 0.0 0.0 0.0 0.0 0.0 0.0 0.0 0.0 0.0 0.0
0 0.143555 0.113069 0.009766 0.014684 0.0 0.0 0.0 0.0 0.0 0.0 0.0 0.0 0.0 0.0 0.0 0.0 0.0 0.0 0.0
0 0.198242 0.14464 0.007812 0.016153 0.0 0.0 0.0 0.0 0.0 0.0 0.0 0.0 0.0 0.0 0.0 0.0 0.0 0.0 0.0
0 0.20459 0.124082 0.008789 0.013216 0.0 0.0 0.0 0.0 0.0 0.0 0.0 0.0 0.0 0.0 0.0 0.0 0.0 0.0 0.0
0 0.20459 0.065345 0.008789 0.013216 0.0 0.0 0.0 0.0 0.0 0.0 0.0 0.0 0.0 0.0 0.0 0.0 0.0 0.0 0.0
0 0.22168 0.089574 0.007812 0.014684 0.0 0.0 0.0 0.0 0.0 0.0 0.0 0.0 0.0 0.0 0.0 0.0 0.0 0.0 0.0
0 0.227539 0.072687 0.007812 0.013216 0.0 0.0 0.0 0.0 0.0 0.0 0.0 0.0 0.0 0.0 0.0 0.0 0.0 0.0 0.0
0 0.249512 0.066079 0.006836 0.014684 0.248963 0.067181 1.0 0.251465 0.067181 1.0 0.250244 0.069016 1.0 0.249328 0.071219 1.0 0.250854 0.071219 1.0
0 0.271484 0.065345 0.007812 0.013216 0.0 0.0 0.0 0.0 0.0 0.0 0.0 0.0 0.0 0.0 0.0 0.0 0.0 0.0 0.0
0 0.230469 0.11674 0.007812 0.016153 0.0 0.0 0.0 0.0 0.0 0.0 0.0 0.0 0.0 0.0 0.0 0.0 0.0 0.0 0.0
0 0.251953 0.121145 0.007812 0.013216 0.0 0.0 0.0 0.0 0.0 0.0 0.0 0.0 0.0 0.0 0.0 0.0 0.0 0.0 0.0
0 0.22168 0.182085 0.007812 0.014684 0.221191 0.181056 1.0 0.224592 0.181056 1.0 0.223808 0.183416 1.0 0.222237 0.18607 1.0 0.224396 0.18607 1.0
0 0.222168 0.21072 0.012695 0.016153 0.222085 0.209612 1.0 0.22341 0.208865 1.0 0.224487 0.21148 1.0 0.223576 0.214843 1.0 0.22399 0.214718 1.0
0 0.250488 0.140969 0.006836 0.014684 0.0 0.0 0.0 0.0 0.0 0.0 0.0 0.0 0.0 0.0 0.0 0.0 0.0 0.0 0.0
0 0.249512 0.178414 0.006836 0.013216 0.0 0.0 0.0 0.0 0.0 0.0 0.0 0.0 0.0 0.0 0.0 0.0 0.0 0.0 0.0
0 0.263672 0.218796 0.009766 0.014684 0.0 0.0 0.0 0.0 0.0 0.0 0.0 0.0 0.0 0.0 0.0 0.0 0.0 0.0 0.0
0 0.259766 0.258443 0.009766 0.017621 0.0 0.0 0.0 0.0 0.0 0.0 0.0 0.0 0.0 0.0 0.0 0.0 0.0 0.0 0.0
0 0.291016 0.256975 0.009766 0.014684 0.0 0.0 0.0 0.0 0.0 0.0 0.0 0.0 0.0 0.0 0.0 0.0 0.0 0.0 0.0
0 0.279297 0.220264 0.007812 0.014684 0.0 0.0 0.0 0.0 0.0 0.0 0.0 0.0 0.0 0.0 0.0 0.0 0.0 0.0 0.0
0 0.30957 0.209985 0.007812 0.014684 0.0 0.0 0.0 0.0 0.0 0.0 0.0 0.0 0.0 0.0 0.0 0.0 0.0 0.0 0.0
0 0.32666 0.168869 0.008789 0.014684 0.325404 0.168031 1.0 0.328893 0.168031 1.0 0.327288 0.170652 1.0 0.325823 0.17296 1.0 0.328544 0.173065 1.0
0 0.282227 0.155653 0.005859 0.011747 0.0 0.0 0.0 0.0 0.0 0.0 0.0 0.0 0.0 0.0 0.0 0.0 0.0 0.0 0.0
0 0.268555 0.100587 0.005859 0.010279 0.268058 0.100875 1.0 0.270791 0.100803 1.0 0.269496 0.103761 1.0 0.268489 0.10614 1.0 0.270023 0.106211 1.0
0 0.29248 0.102056 0.006836 0.013216 0.0 0.0 0.0 0.0 0.0 0.0 0.0 0.0 0.0 0.0 0.0 0.0 0.0 0.0 0.0
0 0.311035 0.125551 0.006836 0.013216 0.0 0.0 0.0 0.0 0.0 0.0 0.0 0.0 0.0 0.0 0.0 0.0 0.0 0.0 0.0
0 0.328125 0.143172 0.007812 0.013216 0.328613 0.143081 1.0 0.330322 0.142988 1.0 0.329834 0.146567 1.0 0.329102 0.148495 1.0 0.330262 0.148402 1.0
0 0.320801 0.121145 0.008789 0.013216 0.0 0.0 0.0 0.0 0.0 0.0 0.0 0.0 0.0 0.0 0.0 0.0 0.0 0.0 0.0
0 0.321777 0.110866 0.006836 0.010279 0.0 0.0 0.0 0.0 0.0 0.0 0.0 0.0 0.0 0.0 0.0 0.0 0.0 0.0 0.0
0 0.330078 0.097651 0.005859 0.016153 0.0 0.0 0.0 0.0 0.0 0.0 0.0 0.0 0.0 0.0 0.0 0.0 0.0 0.0 0.0
0 0.317871 0.077827 0.006836 0.011747 0.0 0.0 0.0 0.0 0.0 0.0 0.0 0.0 0.0 0.0 0.0 0.0 0.0 0.0 0.0
0 0.335938 0.077093 0.007812 0.013216 0.0 0.0 0.0 0.0 0.0 0.0 0.0 0.0 0.0 0.0 0.0 0.0 0.0 0.0 0.0
0 0.331543 0.01395 0.006836 0.010279 0.0 0.0 0.0 0.0 0.0 0.0 0.0 0.0 0.0 0.0 0.0 0.0 0.0 0.0 0.0
0 0.349121 0.024229 0.006836 0.010279 0.0 0.0 0.0 0.0 0.0 0.0 0.0 0.0 0.0 0.0 0.0 0.0 0.0 0.0 0.0
0 0.370117 0.024229 0.005859 0.010279 0.0 0.0 0.0 0.0 0.0 0.0 0.0 0.0 0.0 0.0 0.0 0.0 0.0 0.0 0.0
0 0.34668 0.052863 0.005859 0.011747 0.0 0.0 0.0 0.0 0.0 0.0 0.0 0.0 0.0 0.0 0.0 0.0 0.0 0.0 0.0
0 0.375977 0.07489 0.005859 0.011747 0.0 0.0 0.0 0.0 0.0 0.0 0.0 0.0 0.0 0.0 0.0 0.0 0.0 0.0 0.0
0 0.390137 0.063877 0.004883 0.010279 0.0 0.0 0.0 0.0 0.0 0.0 0.0 0.0 0.0 0.0 0.0 0.0 0.0 0.0 0.0
0 0.397461 0.078561 0.005859 0.010279 0.0 0.0 0.0 0.0 0.0 0.0 0.0 0.0 0.0 0.0 0.0 0.0 0.0 0.0 0.0
0 0.42041 0.059471 0.006836 0.010279 0.0 0.0 0.0 0.0 0.0 0.0 0.0 0.0 0.0 0.0 0.0 0.0 0.0 0.0 0.0
0 0.432617 0.077093 0.005859 0.010279 0.0 0.0 0.0 0.0 0.0 0.0 0.0 0.0 0.0 0.0 0.0 0.0 0.0 0.0 0.0
0 0.437988 0.04185 0.004883 0.010279 0.0 0.0 0.0 0.0 0.0 0.0 0.0 0.0 0.0 0.0 0.0 0.0 0.0 0.0 0.0
0 0.41748 0.03304 0.004883 0.013216 0.0 0.0 0.0 0.0 0.0 0.0 0.0 0.0 0.0 0.0 0.0 0.0 0.0 0.0 0.0
0 0.405762 0.034508 0.004883 0.010279 0.0 0.0 0.0 0.0 0.0 0.0 0.0 0.0 0.0 0.0 0.0 0.0 0.0 0.0 0.0
0 0.416016 0.097651 0.007812 0.010279 0.0 0.0 0.0 0.0 0.0 0.0 0.0 0.0 0.0 0.0 0.0 0.0 0.0 0.0 0.0
0 0.383301 0.118943 0.006836 0.011747 0.0 0.0 0.0 0.0 0.0 0.0 0.0 0.0 0.0 0.0 0.0 0.0 0.0 0.0 0.0
0 0.40625 0.136564 0.007812 0.011747 0.0 0.0 0.0 0.0 0.0 0.0 0.0 0.0 0.0 0.0 0.0 0.0 0.0 0.0 0.0
0 0.438477 0.121145 0.007812 0.013216 0.0 0.0 0.0 0.0 0.0 0.0 0.0 0.0 0.0 0.0 0.0 0.0 0.0 0.0 0.0
0 0.435059 0.105727 0.004883 0.008811 0.0 0.0 0.0 0.0 0.0 0.0 0.0 0.0 0.0 0.0 0.0 0.0 0.0 0.0 0.0
0 0.453613 0.097651 0.004883 0.010279 0.0 0.0 0.0 0.0 0.0 0.0 0.0 0.0 0.0 0.0 0.0 0.0 0.0 0.0 0.0
0 0.469727 0.119677 0.005859 0.013216 0.0 0.0 0.0 0.0 0.0 0.0 0.0 0.0 0.0 0.0 0.0 0.0 0.0 0.0 0.0
0 0.451172 0.143172 0.005859 0.013216 0.0 0.0 0.0 0.0 0.0 0.0 0.0 0.0 0.0 0.0 0.0 0.0 0.0 0.0 0.0
0 0.428223 0.166667 0.006836 0.013216 0.0 0.0 0.0 0.0 0.0 0.0 0.0 0.0 0.0 0.0 0.0 0.0 0.0 0.0 0.0
0 0.34082 0.125551 0.005859 0.007342 0.0 0.0 0.0 0.0 0.0 0.0 0.0 0.0 0.0 0.0 0.0 0.0 0.0 0.0 0.0
0 0.348145 0.14464 0.006836 0.013216 0.0 0.0 0.0 0.0 0.0 0.0 0.0 0.0 0.0 0.0 0.0 0.0 0.0 0.0 0.0
0 0.36084 0.169604 0.006836 0.013216 0.0 0.0 0.0 0.0 0.0 0.0 0.0 0.0 0.0 0.0 0.0 0.0 0.0 0.0 0.0
0 0.353516 0.212922 0.005859 0.014684 0.0 0.0 0.0 0.0 0.0 0.0 0.0 0.0 0.0 0.0 0.0 0.0 0.0 0.0 0.0
0 0.404785 0.21072 0.006836 0.013216 0.0 0.0 0.0 0.0 0.0 0.0 0.0 0.0 0.0 0.0 0.0 0.0 0.0 0.0 0.0
0 0.425293 0.207783 0.006836 0.016153 0.0 0.0 0.0 0.0 0.0 0.0 0.0 0.0 0.0 0.0 0.0 0.0 0.0 0.0 0.0
0 0.518066 0.237885 0.004883 0.011747 0.0 0.0 0.0 0.0 0.0 0.0 0.0 0.0 0.0 0.0 0.0 0.0 0.0 0.0 0.0
0 0.487305 0.229809 0.007812 0.013216 0.0 0.0 0.0 0.0 0.0 0.0 0.0 0.0 0.0 0.0 0.0 0.0 0.0 0.0 0.0
0 0.462891 0.237151 0.005859 0.010279 0.0 0.0 0.0 0.0 0.0 0.0 0.0 0.0 0.0 0.0 0.0 0.0 0.0 0.0 0.0
0 0.51416 0.204846 0.004883 0.010279 0.0 0.0 0.0 0.0 0.0 0.0 0.0 0.0 0.0 0.0 0.0 0.0 0.0 0.0 0.0
0 0.534668 0.193833 0.004883 0.008811 0.0 0.0 0.0 0.0 0.0 0.0 0.0 0.0 0.0 0.0 0.0 0.0 0.0 0.0 0.0
0 0.470703 0.199706 0.005859 0.011747 0.0 0.0 0.0 0.0 0.0 0.0 0.0 0.0 0.0 0.0 0.0 0.0 0.0 0.0 0.0
0 0.493164 0.196769 0.003906 0.008811 0.0 0.0 0.0 0.0 0.0 0.0 0.0 0.0 0.0 0.0 0.0 0.0 0.0 0.0 0.0
0 0.558594 0.229075 0.005859 0.011747 0.0 0.0 0.0 0.0 0.0 0.0 0.0 0.0 0.0 0.0 0.0 0.0 0.0 0.0 0.0
0 0.442383 0.246696 0.005859 0.011747 0.0 0.0 0.0 0.0 0.0 0.0 0.0 0.0 0.0 0.0 0.0 0.0 0.0 0.0 0.0
0 0.416504 0.242291 0.006836 0.011747 0.0 0.0 0.0 0.0 0.0 0.0 0.0 0.0 0.0 0.0 0.0 0.0 0.0 0.0 0.0
0 0.369629 0.248164 0.006836 0.011747 0.0 0.0 0.0 0.0 0.0 0.0 0.0 0.0 0.0 0.0 0.0 0.0 0.0 0.0 0.0
0 0.508789 0.173275 0.005859 0.011747 0.0 0.0 0.0 0.0 0.0 0.0 0.0 0.0 0.0 0.0 0.0 0.0 0.0 0.0 0.0
0 0.467285 0.174009 0.004883 0.010279 0.0 0.0 0.0 0.0 0.0 0.0 0.0 0.0 0.0 0.0 0.0 0.0 0.0 0.0 0.0
0 0.493652 0.146109 0.004883 0.010279 0.0 0.0 0.0 0.0 0.0 0.0 0.0 0.0 0.0 0.0 0.0 0.0 0.0 0.0 0.0
0 0.407715 0.12188 0.004883 0.005874 0.0 0.0 0.0 0.0 0.0 0.0 0.0 0.0 0.0 0.0 0.0 0.0 0.0 0.0 0.0
0 0.398926 0.241557 0.00293 0.007342 0.0 0.0 0.0 0.0 0.0 0.0 0.0 0.0 0.0 0.0 0.0 0.0 0.0 0.0 0.0
0 0.483398 0.024229 0.003906 0.007342 0.0 0.0 0.0 0.0 0.0 0.0 0.0 0.0 0.0 0.0 0.0 0.0 0.0 0.0 0.0
0 0.507324 0.07489 0.004883 0.011747 0.0 0.0 0.0 0.0 0.0 0.0 0.0 0.0 0.0 0.0 0.0 0.0 0.0 0.0 0.0
0 0.504395 0.06094 0.00293 0.007342 0.0 0.0 0.0 0.0 0.0 0.0 0.0 0.0 0.0 0.0 0.0 0.0 0.0 0.0 0.0
0 0.541016 0.058003 0.003906 0.007342 0.0 0.0 0.0 0.0 0.0 0.0 0.0 0.0 0.0 0.0 0.0 0.0 0.0 0.0 0.0
0 0.549805 0.059471 0.003906 0.007342 0.0 0.0 0.0 0.0 0.0 0.0 0.0 0.0 0.0 0.0 0.0 0.0 0.0 0.0 0.0
0 0.562012 0.064611 0.004883 0.008811 0.0 0.0 0.0 0.0 0.0 0.0 0.0 0.0 0.0 0.0 0.0 0.0 0.0 0.0 0.0
0 0.580078 0.061674 0.003906 0.008811 0.0 0.0 0.0 0.0 0.0 0.0 0.0 0.0 0.0 0.0 0.0 0.0 0.0 0.0 0.0
0 0.560059 0.077093 0.004883 0.007342 0.0 0.0 0.0 0.0 0.0 0.0 0.0 0.0 0.0 0.0 0.0 0.0 0.0 0.0 0.0
0 0.588867 0.160059 0.005859 0.008811 0.0 0.0 0.0 0.0 0.0 0.0 0.0 0.0 0.0 0.0 0.0 0.0 0.0 0.0 0.0
0 0.543945 0.099119 0.003906 0.007342 0.0 0.0 0.0 0.0 0.0 0.0 0.0 0.0 0.0 0.0 0.0 0.0 0.0 0.0 0.0
0 0.526367 0.082966 0.003906 0.007342 0.0 0.0 0.0 0.0 0.0 0.0 0.0 0.0 0.0 0.0 0.0 0.0 0.0 0.0 0.0
0 0.490234 0.058003 0.005859 0.007342 0.0 0.0 0.0 0.0 0.0 0.0 0.0 0.0 0.0 0.0 0.0 0.0 0.0 0.0 0.0
0 0.581055 0.11674 0.005859 0.010279 0.0 0.0 0.0 0.0 0.0 0.0 0.0 0.0 0.0 0.0 0.0 0.0 0.0 0.0 0.0
0 0.541504 0.120411 0.004883 0.008811 0.0 0.0 0.0 0.0 0.0 0.0 0.0 0.0 0.0 0.0 0.0 0.0 0.0 0.0 0.0
0 0.561523 0.118209 0.003906 0.010279 0.0 0.0 0.0 0.0 0.0 0.0 0.0 0.0 0.0 0.0 0.0 0.0 0.0 0.0 0.0
0 0.560059 0.146843 0.004883 0.011747 0.0 0.0 0.0 0.0 0.0 0.0 0.0 0.0 0.0 0.0 0.0 0.0 0.0 0.0 0.0
0 0.581055 0.139501 0.005859 0.008811 0.0 0.0 0.0 0.0 0.0 0.0 0.0 0.0 0.0 0.0 0.0 0.0 0.0 0.0 0.0
0 0.560059 0.099853 0.004883 0.011747 0.0 0.0 0.0 0.0 0.0 0.0 0.0 0.0 0.0 0.0 0.0 0.0 0.0 0.0 0.0
0 0.644531 0.223935 0.005859 0.010279 0.0 0.0 0.0 0.0 0.0 0.0 0.0 0.0 0.0 0.0 0.0 0.0 0.0 0.0 0.0
0 0.661133 0.229075 0.005859 0.011747 0.0 0.0 0.0 0.0 0.0 0.0 0.0 0.0 0.0 0.0 0.0 0.0 0.0 0.0 0.0
0 0.608887 0.192364 0.004883 0.008811 0.0 0.0 0.0 0.0 0.0 0.0 0.0 0.0 0.0 0.0 0.0 0.0 0.0 0.0 0.0
0 0.633789 0.19163 0.005859 0.010279 0.0 0.0 0.0 0.0 0.0 0.0 0.0 0.0 0.0 0.0 0.0 0.0 0.0 0.0 0.0
0 0.657227 0.185756 0.005859 0.010279 0.0 0.0 0.0 0.0 0.0 0.0 0.0 0.0 0.0 0.0 0.0 0.0 0.0 0.0 0.0
0 0.60791 0.161527 0.004883 0.008811 0.0 0.0 0.0 0.0 0.0 0.0 0.0 0.0 0.0 0.0 0.0 0.0 0.0 0.0 0.0
0 0.604492 0.139501 0.005859 0.011747 0.0 0.0 0.0 0.0 0.0 0.0 0.0 0.0 0.0 0.0 0.0 0.0 0.0 0.0 0.0
0 0.626465 0.138032 0.004883 0.008811 0.0 0.0 0.0 0.0 0.0 0.0 0.0 0.0 0.0 0.0 0.0 0.0 0.0 0.0 0.0
0 0.631348 0.060206 0.004883 0.008811 0.0 0.0 0.0 0.0 0.0 0.0 0.0 0.0 0.0 0.0 0.0 0.0 0.0 0.0 0.0
0 0.651367 0.06094 0.003906 0.007342 0.0 0.0 0.0 0.0 0.0 0.0 0.0 0.0 0.0 0.0 0.0 0.0 0.0 0.0 0.0
0 0.604492 0.11674 0.005859 0.010279 0.0 0.0 0.0 0.0 0.0 0.0 0.0 0.0 0.0 0.0 0.0 0.0 0.0 0.0 0.0
0 0.645508 0.140969 0.005859 0.008811 0.0 0.0 0.0 0.0 0.0 0.0 0.0 0.0 0.0 0.0 0.0 0.0 0.0 0.0 0.0
0 0.667969 0.133627 0.005859 0.008811 0.0 0.0 0.0 0.0 0.0 0.0 0.0 0.0 0.0 0.0 0.0 0.0 0.0 0.0 0.0
0 0.69043 0.111601 0.005859 0.008811 0.0 0.0 0.0 0.0 0.0 0.0 0.0 0.0 0.0 0.0 0.0 0.0 0.0 0.0 0.0
0 0.701172 0.134361 0.003906 0.010279 0.0 0.0 0.0 0.0 0.0 0.0 0.0 0.0 0.0 0.0 0.0 0.0 0.0 0.0 0.0
0 0.725098 0.13583 0.006836 0.013216 0.0 0.0 0.0 0.0 0.0 0.0 0.0 0.0 0.0 0.0 0.0 0.0 0.0 0.0 0.0
0 0.687012 0.143906 0.004883 0.008811 0.0 0.0 0.0 0.0 0.0 0.0 0.0 0.0 0.0 0.0 0.0 0.0 0.0 0.0 0.0
0 0.706055 0.164464 0.005859 0.011747 0.0 0.0 0.0 0.0 0.0 0.0 0.0 0.0 0.0 0.0 0.0 0.0 0.0 0.0 0.0
0 0.674316 0.164464 0.006836 0.011747 0.0 0.0 0.0 0.0 0.0 0.0 0.0 0.0 0.0 0.0 0.0 0.0 0.0 0.0 0.0
0 0.680176 0.190162 0.006836 0.013216 0.0 0.0 0.0 0.0 0.0 0.0 0.0 0.0 0.0 0.0 0.0 0.0 0.0 0.0 0.0
0 0.729492 0.110866 0.005859 0.010279 0.0 0.0 0.0 0.0 0.0 0.0 0.0 0.0 0.0 0.0 0.0 0.0 0.0 0.0 0.0
0 0.731445 0.084435 0.005859 0.010279 0.0 0.0 0.0 0.0 0.0 0.0 0.0 0.0 0.0 0.0 0.0 0.0 0.0 0.0 0.0
0 0.751465 0.071953 0.004883 0.011747 0.0 0.0 0.0 0.0 0.0 0.0 0.0 0.0 0.0 0.0 0.0 0.0 0.0 0.0 0.0
0 0.756836 0.090308 0.007812 0.010279 0.0 0.0 0.0 0.0 0.0 0.0 0.0 0.0 0.0 0.0 0.0 0.0 0.0 0.0 0.0
0 0.714355 0.190162 0.006836 0.010279 0.0 0.0 0.0 0.0 0.0 0.0 0.0 0.0 0.0 0.0 0.0 0.0 0.0 0.0 0.0
0 0.738281 0.184288 0.007812 0.013216 0.0 0.0 0.0 0.0 0.0 0.0 0.0 0.0 0.0 0.0 0.0 0.0 0.0 0.0 0.0
0 0.730469 0.162261 0.005859 0.010279 0.0 0.0 0.0 0.0 0.0 0.0 0.0 0.0 0.0 0.0 0.0 0.0 0.0 0.0 0.0
0 0.749023 0.166667 0.005859 0.010279 0.0 0.0 0.0 0.0 0.0 0.0 0.0 0.0 0.0 0.0 0.0 0.0 0.0 0.0 0.0
0 0.782715 0.06975 0.004883 0.010279 0.0 0.0 0.0 0.0 0.0 0.0 0.0 0.0 0.0 0.0 0.0 0.0 0.0 0.0 0.0
0 0.785156 0.086637 0.005859 0.011747 0.0 0.0 0.0 0.0 0.0 0.0 0.0 0.0 0.0 0.0 0.0 0.0 0.0 0.0 0.0
0 0.768066 0.132893 0.004883 0.007342 0.0 0.0 0.0 0.0 0.0 0.0 0.0 0.0 0.0 0.0 0.0 0.0 0.0 0.0 0.0
0 0.770996 0.157856 0.006836 0.010279 0.0 0.0 0.0 0.0 0.0 0.0 0.0 0.0 0.0 0.0 0.0 0.0 0.0 0.0 0.0
0 0.76416 0.190162 0.006836 0.010279 0.0 0.0 0.0 0.0 0.0 0.0 0.0 0.0 0.0 0.0 0.0 0.0 0.0 0.0 0.0
0 0.75293 0.220999 0.005859 0.013216 0.0 0.0 0.0 0.0 0.0 0.0 0.0 0.0 0.0 0.0 0.0 0.0 0.0 0.0 0.0
0 0.730957 0.218796 0.006836 0.011747 0.0 0.0 0.0 0.0 0.0 0.0 0.0 0.0 0.0 0.0 0.0 0.0 0.0 0.0 0.0
0 0.774414 0.220999 0.007812 0.013216 0.0 0.0 0.0 0.0 0.0 0.0 0.0 0.0 0.0 0.0 0.0 0.0 0.0 0.0 0.0
0 0.784668 0.185756 0.006836 0.013216 0.0 0.0 0.0 0.0 0.0 0.0 0.0 0.0 0.0 0.0 0.0 0.0 0.0 0.0 0.0
0 0.792969 0.157856 0.007812 0.013216 0.0 0.0 0.0 0.0 0.0 0.0 0.0 0.0 0.0 0.0 0.0 0.0 0.0 0.0 0.0
0 0.788574 0.13069 0.006836 0.011747 0.0 0.0 0.0 0.0 0.0 0.0 0.0 0.0 0.0 0.0 0.0 0.0 0.0 0.0 0.0
0 0.789551 0.109398 0.006836 0.013216 0.0 0.0 0.0 0.0 0.0 0.0 0.0 0.0 0.0 0.0 0.0 0.0 0.0 0.0 0.0
0 0.8125 0.127753 0.005859 0.011747 0.0 0.0 0.0 0.0 0.0 0.0 0.0 0.0 0.0 0.0 0.0 0.0 0.0 0.0 0.0
0 0.827637 0.110866 0.006836 0.010279 0.0 0.0 0.0 0.0 0.0 0.0 0.0 0.0 0.0 0.0 0.0 0.0 0.0 0.0 0.0
0 0.812012 0.157122 0.004883 0.011747 0.0 0.0 0.0 0.0 0.0 0.0 0.0 0.0 0.0 0.0 0.0 0.0 0.0 0.0 0.0
0 0.804688 0.184288 0.005859 0.013216 0.0 0.0 0.0 0.0 0.0 0.0 0.0 0.0 0.0 0.0 0.0 0.0 0.0 0.0 0.0
0 0.818848 0.212188 0.006836 0.010279 0.0 0.0 0.0 0.0 0.0 0.0 0.0 0.0 0.0 0.0 0.0 0.0 0.0 0.0 0.0
0 0.797363 0.222467 0.006836 0.013216 0.0 0.0 0.0 0.0 0.0 0.0 0.0 0.0 0.0 0.0 0.0 0.0 0.0 0.0 0.0
0 0.825195 0.26652 0.007812 0.016153 0.823774 0.265386 1.0 0.827628 0.264828 1.0 0.826442 0.267949 1.0 0.824367 0.270957 1.0 0.827258 0.270846 1.0
0 0.838379 0.282673 0.008789 0.016153 0.0 0.0 0.0 0.0 0.0 0.0 0.0 0.0 0.0 0.0 0.0 0.0 0.0 0.0 0.0
0 0.838379 0.26138 0.008789 0.017621 0.0 0.0 0.0 0.0 0.0 0.0 0.0 0.0 0.0 0.0 0.0 0.0 0.0 0.0 0.0
0 0.852539 0.268722 0.007812 0.014684 0.0 0.0 0.0 0.0 0.0 0.0 0.0 0.0 0.0 0.0 0.0 0.0 0.0 0.0 0.0
0 0.845703 0.215125 0.005859 0.010279 0.0 0.0 0.0 0.0 0.0 0.0 0.0 0.0 0.0 0.0 0.0 0.0 0.0 0.0 0.0
0 0.840332 0.181351 0.006836 0.010279 0.0 0.0 0.0 0.0 0.0 0.0 0.0 0.0 0.0 0.0 0.0 0.0 0.0 0.0 0.0
0 0.834961 0.151982 0.005859 0.010279 0.0 0.0 0.0 0.0 0.0 0.0 0.0 0.0 0.0 0.0 0.0 0.0 0.0 0.0 0.0
0 0.831055 0.132893 0.005859 0.010279 0.0 0.0 0.0 0.0 0.0 0.0 0.0 0.0 0.0 0.0 0.0 0.0 0.0 0.0 0.0
0 0.854004 0.127019 0.006836 0.010279 0.0 0.0 0.0 0.0 0.0 0.0 0.0 0.0 0.0 0.0 0.0 0.0 0.0 0.0 0.0
0 0.859863 0.151982 0.006836 0.013216 0.0 0.0 0.0 0.0 0.0 0.0 0.0 0.0 0.0 0.0 0.0 0.0 0.0 0.0 0.0
0 0.880859 0.157122 0.007812 0.011747 0.0 0.0 0.0 0.0 0.0 0.0 0.0 0.0 0.0 0.0 0.0 0.0 0.0 0.0 0.0
0 0.868652 0.187225 0.006836 0.013216 0.0 0.0 0.0 0.0 0.0 0.0 0.0 0.0 0.0 0.0 0.0 0.0 0.0 0.0 0.0
0 0.870117 0.212188 0.005859 0.016153 0.0 0.0 0.0 0.0 0.0 0.0 0.0 0.0 0.0 0.0 0.0 0.0 0.0 0.0 0.0
0 0.895996 0.190896 0.006836 0.011747 0.0 0.0 0.0 0.0 0.0 0.0 0.0 0.0 0.0 0.0 0.0 0.0 0.0 0.0 0.0
0 0.911133 0.176946 0.007812 0.013216 0.0 0.0 0.0 0.0 0.0 0.0 0.0 0.0 0.0 0.0 0.0 0.0 0.0 0.0 0.0
0 0.916504 0.213656 0.006836 0.010279 0.0 0.0 0.0 0.0 0.0 0.0 0.0 0.0 0.0 0.0 0.0 0.0 0.0 0.0 0.0
0 0.94043 0.220999 0.007812 0.013216 0.0 0.0 0.0 0.0 0.0 0.0 0.0 0.0 0.0 0.0 0.0 0.0 0.0 0.0 0.0
0 0.862793 0.259912 0.006836 0.011747 0.0 0.0 0.0 0.0 0.0 0.0 0.0 0.0 0.0 0.0 0.0 0.0 0.0 0.0 0.0
0 0.887207 0.253304 0.008789 0.013216 0.0 0.0 0.0 0.0 0.0 0.0 0.0 0.0 0.0 0.0 0.0 0.0 0.0 0.0 0.0
0 0.917969 0.253304 0.007812 0.013216 0.0 0.0 0.0 0.0 0.0 0.0 0.0 0.0 0.0 0.0 0.0 0.0 0.0 0.0 0.0
0 0.94043 0.26652 0.007812 0.013216 0.0 0.0 0.0 0.0 0.0 0.0 0.0 0.0 0.0 0.0 0.0 0.0 0.0 0.0 0.0
0 0.946289 0.253304 0.007812 0.013216 0.0 0.0 0.0 0.0 0.0 0.0 0.0 0.0 0.0 0.0 0.0 0.0 0.0 0.0 0.0
0 0.933594 0.279001 0.007812 0.014684 0.932189 0.279185 1.0 0.937195 0.278543 1.0 0.935119 0.281571 1.0 0.933533 0.284232 1.0 0.936401 0.284325 1.0
0 0.926758 0.293686 0.007812 0.014684 0.0 0.0 0.0 0.0 0.0 0.0 0.0 0.0 0.0 0.0 0.0 0.0 0.0 0.0 0.0
0 0.901855 0.274596 0.006836 0.011747 0.0 0.0 0.0 0.0 0.0 0.0 0.0 0.0 0.0 0.0 0.0 0.0 0.0 0.0 0.0
0 0.895508 0.276065 0.011719 0.014684 0.0 0.0 0.0 0.0 0.0 0.0 0.0 0.0 0.0 0.0 0.0 0.0 0.0 0.0 0.0
0 0.882812 0.273862 0.005859 0.013216 0.0 0.0 0.0 0.0 0.0 0.0 0.0 0.0 0.0 0.0 0.0 0.0 0.0 0.0 0.0
0 0.866699 0.277533 0.008789 0.014684 0.0 0.0 0.0 0.0 0.0 0.0 0.0 0.0 0.0 0.0 0.0 0.0 0.0 0.0 0.0
0 0.844238 0.319383 0.008789 0.01909 0.0 0.0 0.0 0.0 0.0 0.0 0.0 0.0 0.0 0.0 0.0 0.0 0.0 0.0 0.0
0 0.895996 0.307636 0.012695 0.016153 0.0 0.0 0.0 0.0 0.0 0.0 0.0 0.0 0.0 0.0 0.0 0.0 0.0 0.0 0.0
0 0.95166 0.319383 0.010742 0.01909 0.948817 0.317601 1.0 0.953788 0.316026 1.0 0.9537 0.31996 1.0 0.951607 0.324419 1.0 0.954398 0.323238 1.0
0 0.967285 0.292952 0.008789 0.01909 0.967045 0.291831 1.0 0.971187 0.291581 1.0 0.969779 0.296066 1.0 0.967625 0.29893 1.0 0.970524 0.29893 1.0
0 0.689453 0.374449 0.007812 0.020558 0.0 0.0 0.0 0.0 0.0 0.0 0.0 0.0 0.0 0.0 0.0 0.0 0.0 0.0 0.0
0 0.655762 0.346549 0.008789 0.017621 0.0 0.0 0.0 0.0 0.0 0.0 0.0 0.0 0.0 0.0 0.0 0.0 0.0 0.0 0.0
0 0.832031 0.36417 0.009766 0.023495 0.0 0.0 0.0 0.0 0.0 0.0 0.0 0.0 0.0 0.0 0.0 0.0 0.0 0.0 0.0
0 0.870117 0.352423 0.009766 0.023495 0.870832 0.350372 1.0 0.873038 0.349768 1.0 0.874843 0.353236 1.0 0.871835 0.358965 1.0 0.872938 0.358815 1.0
0 0.164551 0.006608 0.006836 0.007342 0.0 0.0 0.0 0.0 0.0 0.0 0.0 0.0 0.0 0.0 0.0 0.0 0.0 0.0 0.0
0 0.141113 0.005874 0.006836 0.008811 0.0 0.0 0.0 0.0 0.0 0.0 0.0 0.0 0.0 0.0 0.0 0.0 0.0 0.0 0.0
0 0.974609 0.259178 0.009766 0.016153 0.973677 0.258843 1.0 0.977975 0.258175 1.0 0.977234 0.262744 1.0 0.974195 0.265084 1.0 0.978049 0.264527 1.0
0 0.992676 0.312041 0.010742 0.016153 0.992039 0.309144 1.0 0.996412 0.308141 1.0 0.995227 0.31193 1.0 0.993744 0.316276 1.0 0.996338 0.315941 1.0
0 0.996582 0.279736 0.006836 0.016153 0.996233 0.278163 1.0 0.999512 0.277637 1.0 0.999372 0.28068 1.0 0.997628 0.284141 1.0 0.999372 0.284245 1.0
0 0.982422 0.245962 0.009766 0.013216 0.0 0.0 0.0 0.0 0.0 0.0 0.0 0.0 0.0 0.0 0.0 0.0 0.0 0.0 0.0
0 0.163574 0.151982 0.006836 0.013216 0.0 0.0 0.0 0.0 0.0 0.0 0.0 0.0 0.0 0.0 0.0 0.0 0.0 0.0 0.0
0 0.181152 0.116006 0.008789 0.014684 0.0 0.0 0.0 0.0 0.0 0.0 0.0 0.0 0.0 0.0 0.0 0.0 0.0 0.0 0.0
0 0.158203 0.088106 0.007812 0.011747 0.0 0.0 0.0 0.0 0.0 0.0 0.0 0.0 0.0 0.0 0.0 0.0 0.0 0.0 0.0
0 0.48584 0.168869 0.006836 0.011747 0.0 0.0 0.0 0.0 0.0 0.0 0.0 0.0 0.0 0.0 0.0 0.0 0.0 0.0 0.0
0 0.631836 0.165932 0.005859 0.011747 0.0 0.0 0.0 0.0 0.0 0.0 0.0 0.0 0.0 0.0 0.0 0.0 0.0 0.0 0.0
0 0.614746 0.058737 0.004883 0.008811 0.0 0.0 0.0 0.0 0.0 0.0 0.0 0.0 0.0 0.0 0.0 0.0 0.0 0.0 0.0
0 0.685059 0.21953 0.006836 0.013216 0.0 0.0 0.0 0.0 0.0 0.0 0.0 0.0 0.0 0.0 0.0 0.0 0.0 0.0 0.0
0 0.705566 0.222467 0.006836 0.010279 0.0 0.0 0.0 0.0 0.0 0.0 0.0 0.0 0.0 0.0 0.0 0.0 0.0 0.0 0.0
0 0.891602 0.215125 0.005859 0.010279 0.0 0.0 0.0 0.0 0.0 0.0 0.0 0.0 0.0 0.0 0.0 0.0 0.0 0.0 0.0
0 0.768066 0.097651 0.004883 0.007342 0.0 0.0 0.0 0.0 0.0 0.0 0.0 0.0 0.0 0.0 0.0 0.0 0.0 0.0 0.0
0 0.768066 0.114537 0.004883 0.008811 0.0 0.0 0.0 0.0 0.0 0.0 0.0 0.0 0.0 0.0 0.0 0.0 0.0 0.0 0.0
0 0.501953 0.865639 0.03125 0.0837 0.0 0.0 0.0 0.0 0.0 0.0 0.0 0.0 0.0 0.0 0.0 0.0 0.0 0.0 0.0
0 0.933105 0.77533 0.020508 0.067548 0.0 0.0 0.0 0.0 0.0 0.0 0.0 0.0 0.0 0.0 0.0 0.0 0.0 0.0 0.0