0 0.036621 0.100547 0.022461 0.045144 0.037567 0.097103 1.0 0.045148 0.094807 1.0 0.042689 0.103417 1.0 0.038592 0.113464 1.0 0.044124 0.112029 1.0
0 0.125488 0.082763 0.016602 0.036936 0.120261 0.078538 1.0 0.127232 0.078538 1.0 0.121961 0.086873 1.0 0.122131 0.091398 1.0 0.127402 0.091398 1.0
0 0.155273 0.096443 0.015625 0.039672 0.15979 0.090886 1.0 0.161072 0.090116 1.0 0.162902 0.099094 1.0 0.15979 0.104736 1.0 0.160889 0.104224 1.0
0 0.255371 0.097127 0.018555 0.032832 0.251727 0.09361 1.0 0.257848 0.09361 1.0 0.255493 0.100425 1.0 0.252354 0.105482 1.0 0.25769 0.105702 1.0
0 0.321777 0.132695 0.018555 0.02736 0.0 0.0 0.0 0.0 0.0 0.0 0.0 0.0 0.0 0.0 0.0 0.0 0.0 0.0 0.0
0 0.356445 0.119015 0.015625 0.02736 0.352539 0.116279 1.0 0.359375 0.116279 1.0 0.354492 0.120383 1.0 0.352539 0.127223 1.0 0.357422 0.125855 1.0
0 0.381348 0.112859 0.016602 0.028728 0.37793 0.110807 1.0 0.387695 0.109439 1.0 0.383789 0.114911 1.0 0.379883 0.121751 1.0 0.385742 0.121751 1.0
0 0.42041 0.112859 0.020508 0.036936 0.41735 0.106966 1.0 0.427211 0.10649 1.0 0.423301 0.113159 1.0 0.41905 0.121018 1.0 0.426701 0.120542 1.0
0 0.445312 0.122435 0.013672 0.025992 0.442383 0.119015 1.0 0.450195 0.119015 1.0 0.445312 0.124487 1.0 0.442383 0.129959 1.0 0.449219 0.128591 1.0
0 0.520508 0.109439 0.019531 0.032832 0.516693 0.110465 1.0 0.523254 0.103198 1.0 0.522797 0.11132 1.0 0.52356 0.117947 1.0 0.526916 0.113885 1.0
0 0.549805 0.085499 0.023438 0.039672 0.542236 0.07712 1.0 0.551574 0.07712 1.0 0.545715 0.083021 1.0 0.543335 0.092766 1.0 0.549744 0.091997 1.0
0 0.585449 0.095759 0.012695 0.024624 0.0 0.0 0.0 0.0 0.0 0.0 0.0 0.0 0.0 0.0 0.0 0.0 0.0 0.0 0.0
0 0.626953 0.121751 0.013672 0.02736 0.62207 0.119015 1.0 0.625 0.120383 1.0 0.620117 0.125855 1.0 0.623047 0.129959 1.0 0.624023 0.129959 1.0
0 0.652344 0.116963 0.017578 0.028728 0.648438 0.112175 1.0 0.657227 0.110807 1.0 0.652344 0.117647 1.0 0.648438 0.123119 1.0 0.654297 0.123119 1.0
0 0.682129 0.129959 0.014648 0.024624 0.680507 0.124242 1.0 0.686968 0.124083 1.0 0.683567 0.129959 1.0 0.681641 0.134564 1.0 0.685722 0.134405 1.0
0 0.708496 0.123119 0.018555 0.035568 0.701172 0.120383 1.0 0.706055 0.120383 1.0 0.701172 0.127223 1.0 0.704102 0.131327 1.0 0.704102 0.131327 1.0
0 0.745605 0.110807 0.018555 0.02736 0.740457 0.108706 1.0 0.747537 0.107997 1.0 0.743111 0.114728 1.0 0.741089 0.118978 1.0 0.746146 0.118447 1.0
0 0.772461 0.125855 0.013672 0.02736 0.768555 0.123119 1.0 0.774414 0.123119 1.0 0.766602 0.128591 1.0 0.768555 0.134063 1.0 0.769531 0.132695 1.0
0 0.776855 0.175103 0.022461 0.030096 0.768555 0.173735 1.0 0.776367 0.172367 1.0 0.771484 0.180575 1.0 0.774414 0.184679 1.0 0.776367 0.184679 1.0
0 0.806641 0.131327 0.019531 0.035568 0.800781 0.128591 1.0 0.807617 0.127223 1.0 0.801758 0.135431 1.0 0.800781 0.140903 1.0 0.806641 0.140903 1.0
0 0.878418 0.124487 0.018555 0.04104 0.872306 0.120914 1.0 0.874368 0.120389 1.0 0.869307 0.128004 1.0 0.869494 0.137984 1.0 0.871181 0.137984 1.0
0 0.914062 0.122435 0.017578 0.031464 0.909746 0.118044 1.0 0.917659 0.118246 1.0 0.911329 0.125702 1.0 0.909314 0.131949 1.0 0.916076 0.131748 1.0
0 0.947266 0.111491 0.027344 0.045144 0.942522 0.103772 1.0 0.953613 0.103772 1.0 0.947126 0.113446 1.0 0.942731 0.119895 1.0 0.952148 0.120774 1.0
0 0.905273 0.264022 0.021484 0.04104 0.900391 0.259918 1.0 0.900391 0.259918 1.0 0.895508 0.26539 1.0 0.901367 0.274966 1.0 0.901367 0.274966 1.0
0 0.461914 0.132011 0.013672 0.025992 0.0 0.0 0.0 0.0 0.0 0.0 0.0 0.0 0.0 0.0 0.0 0.0 0.0 0.0 0.0