0 0.058105 0.259151 0.024414 0.073206 0.0 0.0 0.0 0.0 0.0 0.0 0.0 0.0 0.0 0.0 0.0 0.0 0.0 0.0 0.0
0 0.111816 0.330161 0.016602 0.039531 0.0 0.0 0.0 0.0 0.0 0.0 0.0 0.0 0.0 0.0 0.0 0.0 0.0 0.0 0.0
0 0.17041 0.293558 0.014648 0.04246 0.0 0.0 0.0 0.0 0.0 0.0 0.0 0.0 0.0 0.0 0.0 0.0 0.0 0.0 0.0
0 0.219727 0.289898 0.015625 0.040996 0.0 0.0 0.0 0.0 0.0 0.0 0.0 0.0 0.0 0.0 0.0 0.0 0.0 0.0 0.0
0 0.28418 0.265007 0.009766 0.035139 0.0 0.0 0.0 0.0 0.0 0.0 0.0 0.0 0.0 0.0 0.0 0.0 0.0 0.0 0.0
0 0.294434 0.260615 0.008789 0.032211 0.0 0.0 0.0 0.0 0.0 0.0 0.0 0.0 0.0 0.0 0.0 0.0 0.0 0.0 0.0
0 0.21875 0.259151 0.011719 0.029283 0.0 0.0 0.0 0.0 0.0 0.0 0.0 0.0 0.0 0.0 0.0 0.0 0.0 0.0 0.0
0 0.169434 0.258419 0.016602 0.033675 0.0 0.0 0.0 0.0 0.0 0.0 0.0 0.0 0.0 0.0 0.0 0.0 0.0 0.0 0.0
0 0.481934 0.303075 0.010742 0.01757 0.0 0.0 0.0 0.0 0.0 0.0 0.0 0.0 0.0 0.0 0.0 0.0 0.0 0.0 0.0
0 0.524902 0.27672 0.012695 0.020498 0.522033 0.275302 1.0 0.522217 0.275439 1.0 0.522766 0.282028 1.0 0.524963 0.283264 1.0 0.525146 0.283813 1.0
0 0.612793 0.247438 0.014648 0.035139 0.610526 0.244419 1.0 0.610526 0.244419 1.0 0.60682 0.24953 1.0 0.609785 0.25553 1.0 0.609785 0.25553 1.0
0 0.664551 0.237189 0.010742 0.029283 0.0 0.0 0.0 0.0 0.0 0.0 0.0 0.0 0.0 0.0 0.0 0.0 0.0 0.0 0.0
0 0.724121 0.227672 0.012695 0.033675 0.723776 0.222972 1.0 0.723345 0.222757 1.0 0.720611 0.229012 1.0 0.723776 0.238072 1.0 0.724064 0.237425 1.0
0 0.77002 0.291362 0.010742 0.046852 0.0 0.0 0.0 0.0 0.0 0.0 0.0 0.0 0.0 0.0 0.0 0.0 0.0 0.0 0.0
0 0.794434 0.247438 0.012695 0.029283 0.0 0.0 0.0 0.0 0.0 0.0 0.0 0.0 0.0 0.0 0.0 0.0 0.0 0.0 0.0
0 0.836426 0.311127 0.014648 0.04246 0.833924 0.306552 1.0 0.834289 0.306826 1.0 0.830811 0.312316 1.0 0.832642 0.319455 1.0 0.832824 0.319455 1.0
0 0.91748 0.22694 0.020508 0.081991 0.0 0.0 0.0 0.0 0.0 0.0 0.0 0.0 0.0 0.0 0.0 0.0 0.0 0.0 0.0