0 0.594727 0.373167 0.0625 0.151026 0.573382 0.355232 1.0 0.603298 0.359054 1.0 0.584202 0.399194 1.0 0.579747 0.405883 1.0 0.607117 0.407795 1.0
0 0.17627 0.243402 0.075195 0.196481 0.189453 0.250733 1.0 0.199219 0.241935 1.0 0.212891 0.272727 1.0 0.188477 0.303519 1.0 0.193359 0.302053 1.0
0 0.90332 0.03739 0.046875 0.071848 0.894653 0.022499 1.0 0.91364 0.021622 1.0 0.90254 0.037848 1.0 0.89144 0.056707 1.0 0.908674 0.053198 1.0
0 0.452148 0.192082 0.041016 0.070381 0.442147 0.187284 1.0 0.458993 0.180509 1.0 0.452074 0.201286 1.0 0.449066 0.213481 1.0 0.461399 0.208963 1.0
0 0.708984 0.16349 0.03125 0.060117 0.700195 0.16129 1.0 0.712891 0.156891 1.0 0.704102 0.168622 1.0 0.702148 0.183284 1.0 0.712891 0.180352 1.0
0 0.572754 0.241935 0.036133 0.079179 0.561576 0.244999 1.0 0.576538 0.24551 1.0 0.567017 0.260827 1.0 0.564296 0.267975 1.0 0.571777 0.267975 1.0
0 0.262695 0.18915 0.029297 0.049853 0.254669 0.179435 1.0 0.268555 0.179114 1.0 0.262573 0.192265 1.0 0.25766 0.202208 1.0 0.268341 0.201889 1.0
0 0.822754 0.015396 0.032227 0.030792 0.821289 0.002933 1.0 0.834961 0.002933 1.0 0.830078 0.007331 1.0 0.821289 0.019062 1.0 0.833008 0.019062 1.0
0 0.580566 0.101173 0.022461 0.046921 0.575958 0.095727 1.0 0.585768 0.096022 1.0 0.581059 0.106626 1.0 0.577332 0.113106 1.0 0.584002 0.113106 1.0
0 0.544434 0.155425 0.020508 0.049853 0.537598 0.151805 1.0 0.545074 0.151164 1.0 0.53717 0.160786 1.0 0.538452 0.17073 1.0 0.546356 0.170088 1.0
0 0.323242 0.196481 0.035156 0.064516 0.315338 0.192861 1.0 0.329071 0.191211 1.0 0.323028 0.20812 1.0 0.320831 0.219666 1.0 0.327973 0.21843 1.0
0 0.19873 0.181085 0.022461 0.06305 0.193865 0.176699 1.0 0.205488 0.178323 1.0 0.201434 0.188469 1.0 0.196027 0.196991 1.0 0.204137 0.19821 1.0
0 0.208984 0.116569 0.027344 0.054252 0.204607 0.114133 1.0 0.213448 0.11039 1.0 0.210729 0.124004 1.0 0.208234 0.132515 1.0 0.215942 0.129111 1.0
0 0.291016 0.124633 0.021484 0.041056 0.284093 0.126315 1.0 0.289812 0.126047 1.0 0.28588 0.138661 1.0 0.289812 0.141345 1.0 0.292672 0.140808 1.0
0 0.375977 0.131965 0.021484 0.049853 0.368932 0.127043 1.0 0.371651 0.128299 1.0 0.365583 0.137726 1.0 0.371233 0.148408 1.0 0.372698 0.148723 1.0
0 0.734863 0.104106 0.026367 0.055718 0.730469 0.09824 1.0 0.744141 0.09824 1.0 0.736328 0.107038 1.0 0.729492 0.118768 1.0 0.741211 0.120235 1.0
0 0.519531 0.084311 0.027344 0.05132 0.51344 0.082642 1.0 0.522779 0.080972 1.0 0.51811 0.09032 1.0 0.513663 0.099 1.0 0.524113 0.097664 1.0
0 0.321289 0.080645 0.019531 0.043988 0.322414 0.081038 1.0 0.326538 0.077941 1.0 0.330475 0.084978 1.0 0.326163 0.099053 1.0 0.33085 0.096801 1.0
0 0.427734 0.058651 0.019531 0.038123 0.425781 0.057185 1.0 0.432617 0.05132 1.0 0.432617 0.061584 1.0 0.429688 0.068915 1.0 0.435547 0.06305 1.0
0 0.385254 0.073314 0.022461 0.041056 0.378688 0.074727 1.0 0.387268 0.074191 1.0 0.383157 0.081705 1.0 0.381012 0.088683 1.0 0.385302 0.088147 1.0
0 0.490723 0.04912 0.016602 0.039589 0.492188 0.043988 1.0 0.500977 0.043988 1.0 0.498047 0.05132 1.0 0.492188 0.061584 1.0 0.5 0.06305 1.0
0 0.567871 0.063783 0.018555 0.024927 0.56543 0.064516 1.0 0.573242 0.06305 1.0 0.570312 0.073314 1.0 0.566406 0.07478 1.0 0.573242 0.071848 1.0
0 0.680176 0.102639 0.020508 0.026393 0.674805 0.099707 1.0 0.682617 0.101173 1.0 0.677734 0.107038 1.0 0.675781 0.112903 1.0 0.680664 0.112903 1.0
0 0.641602 0.103372 0.027344 0.039589 0.631836 0.107038 1.0 0.639648 0.104106 1.0 0.636719 0.111437 1.0 0.635742 0.118768 1.0 0.641602 0.115836 1.0
0 0.623535 0.063783 0.018555 0.033724 0.618164 0.061584 1.0 0.626953 0.060117 1.0 0.62207 0.068915 1.0 0.621094 0.076246 1.0 0.626953 0.07478 1.0
0 0.396484 0.222874 0.027344 0.055718 0.0 0.0 0.0 0.0 0.0 0.0 0.0 0.0 0.0 0.0 0.0 0.0 0.0 0.0 0.0
0 0.611816 0.157625 0.022461 0.045455 0.606445 0.143695 1.0 0.609375 0.145161 1.0 0.603516 0.155425 1.0 0.605469 0.168622 1.0 0.608398 0.170088 1.0