0 0.366699 0.296486 0.06543 0.14202 0.38044 0.281531 1.0 0.388741 0.28242 1.0 0.399414 0.300199 1.0 0.390521 0.325089 1.0 0.395856 0.325978 1.0
0 0.500488 0.330893 0.049805 0.090776 0.494689 0.310258 1.0 0.516688 0.30969 1.0 0.510241 0.324474 1.0 0.495069 0.344946 1.0 0.517826 0.344378 1.0
0 0.791992 0.185212 0.080078 0.174231 0.773926 0.183382 1.0 0.773193 0.183382 1.0 0.774658 0.221816 1.0 0.795898 0.240483 1.0 0.795898 0.240483 1.0
0 0.04248 0.586384 0.03418 0.060029 0.037619 0.582527 1.0 0.053824 0.579057 1.0 0.049451 0.589855 1.0 0.043535 0.601038 1.0 0.053824 0.599495 1.0
0 0.055176 0.548316 0.012695 0.02489 0.0 0.0 0.0 0.0 0.0 0.0 0.0 0.0 0.0 0.0 0.0 0.0 0.0 0.0 0.0
0 0.021973 0.54978 0.012695 0.02489 0.0 0.0 0.0 0.0 0.0 0.0 0.0 0.0 0.0 0.0 0.0 0.0 0.0 0.0 0.0
0 0.014648 0.492679 0.009766 0.019034 0.0 0.0 0.0 0.0 0.0 0.0 0.0 0.0 0.0 0.0 0.0 0.0 0.0 0.0 0.0
0 0.06543 0.477306 0.009766 0.01757 0.0 0.0 0.0 0.0 0.0 0.0 0.0 0.0 0.0 0.0 0.0 0.0 0.0 0.0 0.0
0 0.089355 0.463397 0.010742 0.019034 0.0 0.0 0.0 0.0 0.0 0.0 0.0 0.0 0.0 0.0 0.0 0.0 0.0 0.0 0.0
0 0.111328 0.471449 0.009766 0.01757 0.0 0.0 0.0 0.0 0.0 0.0 0.0 0.0 0.0 0.0 0.0 0.0 0.0 0.0 0.0
0 0.131836 0.464861 0.007812 0.016105 0.0 0.0 0.0 0.0 0.0 0.0 0.0 0.0 0.0 0.0 0.0 0.0 0.0 0.0 0.0
0 0.161621 0.443631 0.008789 0.01757 0.0 0.0 0.0 0.0 0.0 0.0 0.0 0.0 0.0 0.0 0.0 0.0 0.0 0.0 0.0
0 0.191895 0.441435 0.008789 0.019034 0.0 0.0 0.0 0.0 0.0 0.0 0.0 0.0 0.0 0.0 0.0 0.0 0.0 0.0 0.0
0 0.243652 0.427526 0.010742 0.01757 0.0 0.0 0.0 0.0 0.0 0.0 0.0 0.0 0.0 0.0 0.0 0.0 0.0 0.0 0.0
0 0.171387 0.480966 0.010742 0.016105 0.0 0.0 0.0 0.0 0.0 0.0 0.0 0.0 0.0 0.0 0.0 0.0 0.0 0.0 0.0
0 0.183594 0.477306 0.009766 0.01757 0.0 0.0 0.0 0.0 0.0 0.0 0.0 0.0 0.0 0.0 0.0 0.0 0.0 0.0 0.0
0 0.204102 0.469985 0.009766 0.01757 0.0 0.0 0.0 0.0 0.0 0.0 0.0 0.0 0.0 0.0 0.0 0.0 0.0 0.0 0.0
0 0.197754 0.491947 0.008789 0.01757 0.196006 0.489438 1.0 0.1986 0.48966 1.0 0.196673 0.493438 1.0 0.195635 0.495215 1.0 0.198303 0.494993 1.0
0 0.209473 0.489019 0.010742 0.01757 0.0 0.0 0.0 0.0 0.0 0.0 0.0 0.0 0.0 0.0 0.0 0.0 0.0 0.0 0.0
0 0.22168 0.478038 0.009766 0.019034 0.0 0.0 0.0 0.0 0.0 0.0 0.0 0.0 0.0 0.0 0.0 0.0 0.0 0.0 0.0
0 0.006348 0.532943 0.012695 0.023426 0.0 0.0 0.0 0.0 0.0 0.0 0.0 0.0 0.0 0.0 0.0 0.0 0.0 0.0 0.0
0 0.401367 0.377013 0.007812 0.016105 0.0 0.0 0.0 0.0 0.0 0.0 0.0 0.0 0.0 0.0 0.0 0.0 0.0 0.0 0.0
0 0.613281 0.392387 0.015625 0.032211 0.610818 0.39287 1.0 0.617306 0.392262 1.0 0.615008 0.398949 1.0 0.612034 0.40442 1.0 0.616224 0.404217 1.0
0 0.634766 0.438507 0.025391 0.048316 0.637635 0.440114 1.0 0.64583 0.439501 1.0 0.643576 0.449023 1.0 0.635585 0.453631 1.0 0.642757 0.45271 1.0
0 0.649902 0.398243 0.014648 0.038067 0.0 0.0 0.0 0.0 0.0 0.0 0.0 0.0 0.0 0.0 0.0 0.0 0.0 0.0 0.0
0 0.680664 0.389458 0.021484 0.040996 0.675153 0.387209 1.0 0.68335 0.383811 1.0 0.679164 0.390086 1.0 0.678118 0.401067 1.0 0.683873 0.396622 1.0
0 0.726562 0.382138 0.025391 0.04978 0.723449 0.380764 1.0 0.734131 0.377562 1.0 0.731141 0.38557 1.0 0.727081 0.392936 1.0 0.735199 0.391654 1.0
0 0.75293 0.363836 0.025391 0.04246 0.748657 0.362372 1.0 0.758729 0.358255 1.0 0.754883 0.366489 1.0 0.751404 0.377745 1.0 0.761658 0.373902 1.0
0 0.959961 0.192533 0.03125 0.045388 0.951965 0.181709 1.0 0.962995 0.178703 1.0 0.954974 0.189225 1.0 0.952567 0.201553 1.0 0.965603 0.197644 1.0
0 0.041504 0.54978 0.020508 0.033675 0.0 0.0 0.0 0.0 0.0 0.0 0.0 0.0 0.0 0.0 0.0 0.0 0.0 0.0 0.0
0 0.18457 0.492679 0.009766 0.016105 0.0 0.0 0.0 0.0 0.0 0.0 0.0 0.0 0.0 0.0 0.0 0.0 0.0 0.0 0.0