0 0.242676 0.250163 0.020508 0.016265 0.0 0.0 0.0 0.0 0.0 0.0 0.0 0.0 0.0 0.0 0.0 0.0 0.0 0.0 0.0
0 0.28125 0.243331 0.019531 0.014314 0.277135 0.242681 1.0 0.285505 0.242401 1.0 0.281878 0.245283 1.0 0.278111 0.247885 1.0 0.284389 0.247979 1.0
0 0.310059 0.245283 0.020508 0.011711 0.0 0.0 0.0 0.0 0.0 0.0 0.0 0.0 0.0 0.0 0.0 0.0 0.0 0.0 0.0
0 0.344727 0.260247 0.009766 0.009109 0.342607 0.259545 1.0 0.347787 0.259672 1.0 0.345677 0.261973 1.0 0.343184 0.264209 1.0 0.346828 0.264145 1.0
0 0.394043 0.245934 0.016602 0.01041 0.0 0.0 0.0 0.0 0.0 0.0 0.0 0.0 0.0 0.0 0.0 0.0 0.0 0.0 0.0
0 0.362305 0.225764 0.015625 0.014314 0.0 0.0 0.0 0.0 0.0 0.0 0.0 0.0 0.0 0.0 0.0 0.0 0.0 0.0 0.0
0 0.407715 0.214704 0.016602 0.016916 0.404812 0.214056 1.0 0.411586 0.214271 1.0 0.407715 0.217388 1.0 0.405457 0.220182 1.0 0.410296 0.220074 1.0
0 0.388184 0.204619 0.014648 0.012362 0.0 0.0 0.0 0.0 0.0 0.0 0.0 0.0 0.0 0.0 0.0 0.0 0.0 0.0 0.0
0 0.443359 0.198439 0.015625 0.014314 0.0 0.0 0.0 0.0 0.0 0.0 0.0 0.0 0.0 0.0 0.0 0.0 0.0 0.0 0.0
0 0.475586 0.25309 0.015625 0.014314 0.472395 0.251325 1.0 0.474692 0.251414 1.0 0.471448 0.255106 1.0 0.476314 0.257267 1.0 0.478341 0.257357 1.0
0 0.522461 0.247885 0.017578 0.013012 0.0 0.0 0.0 0.0 0.0 0.0 0.0 0.0 0.0 0.0 0.0 0.0 0.0 0.0 0.0
0 0.571289 0.290826 0.019531 0.015615 0.56546 0.289485 1.0 0.5737 0.289281 1.0 0.569275 0.292738 1.0 0.567749 0.296397 1.0 0.572632 0.296295 1.0
0 0.581543 0.206246 0.014648 0.011711 0.0 0.0 0.0 0.0 0.0 0.0 0.0 0.0 0.0 0.0 0.0 0.0 0.0 0.0 0.0
0 0.617188 0.219258 0.015625 0.014314 0.615701 0.217582 1.0 0.622053 0.217672 1.0 0.619755 0.220554 1.0 0.616241 0.222895 1.0 0.620972 0.223345 1.0
0 0.598633 0.230969 0.017578 0.015615 0.0 0.0 0.0 0.0 0.0 0.0 0.0 0.0 0.0 0.0 0.0 0.0 0.0 0.0 0.0
0 0.64209 0.234548 0.018555 0.014964 0.640564 0.233532 1.0 0.647827 0.234025 1.0 0.643528 0.237087 1.0 0.639526 0.239654 1.0 0.646642 0.239753 1.0
0 0.675293 0.230319 0.016602 0.014314 0.672921 0.228367 1.0 0.680176 0.228553 1.0 0.676827 0.231527 1.0 0.673619 0.234036 1.0 0.678502 0.234316 1.0
0 0.695312 0.214053 0.017578 0.011711 0.0 0.0 0.0 0.0 0.0 0.0 0.0 0.0 0.0 0.0 0.0 0.0 0.0 0.0 0.0
0 0.711914 0.214053 0.019531 0.014314 0.710479 0.212467 1.0 0.718994 0.211837 1.0 0.71548 0.215619 1.0 0.711426 0.21814 1.0 0.717237 0.21796 1.0
0 0.644043 0.285947 0.016602 0.014964 0.0 0.0 0.0 0.0 0.0 0.0 0.0 0.0 0.0 0.0 0.0 0.0 0.0 0.0 0.0
0 0.635254 0.320104 0.016602 0.011711 0.63344 0.319727 1.0 0.640128 0.319576 1.0 0.637635 0.322219 1.0 0.634687 0.324786 1.0 0.639107 0.324786 1.0
0 0.702637 0.288224 0.014648 0.015615 0.0 0.0 0.0 0.0 0.0 0.0 0.0 0.0 0.0 0.0 0.0 0.0 0.0 0.0 0.0
0 0.756836 0.248861 0.011719 0.011061 0.0 0.0 0.0 0.0 0.0 0.0 0.0 0.0 0.0 0.0 0.0 0.0 0.0 0.0 0.0
0 0.803223 0.201692 0.010742 0.011711 0.0 0.0 0.0 0.0 0.0 0.0 0.0 0.0 0.0 0.0 0.0 0.0 0.0 0.0 0.0
0 0.813965 0.210475 0.014648 0.012362 0.811157 0.208767 1.0 0.818359 0.209824 1.0 0.813843 0.212101 1.0 0.807861 0.213565 1.0 0.81543 0.214867 1.0
0 0.856445 0.207872 0.017578 0.014964 0.854073 0.207349 1.0 0.86193 0.207349 1.0 0.858817 0.210411 1.0 0.855408 0.212485 1.0 0.860893 0.212584 1.0
0 0.890137 0.224789 0.014648 0.012362 0.888589 0.225001 1.0 0.894239 0.224687 1.0 0.892474 0.227196 1.0 0.889295 0.229314 1.0 0.891885 0.229157 1.0
0 0.845215 0.229668 0.016602 0.013012 0.0 0.0 0.0 0.0 0.0 0.0 0.0 0.0 0.0 0.0 0.0 0.0 0.0 0.0 0.0
0 0.808105 0.250163 0.014648 0.009759 0.0 0.0 0.0 0.0 0.0 0.0 0.0 0.0 0.0 0.0 0.0 0.0 0.0 0.0 0.0
0 0.904785 0.236825 0.014648 0.013012 0.0 0.0 0.0 0.0 0.0 0.0 0.0 0.0 0.0 0.0 0.0 0.0 0.0 0.0 0.0
0 0.931641 0.232596 0.015625 0.012362 0.0 0.0 0.0 0.0 0.0 0.0 0.0 0.0 0.0 0.0 0.0 0.0 0.0 0.0 0.0
0 0.957031 0.236825 0.013672 0.013012 0.0 0.0 0.0 0.0 0.0 0.0 0.0 0.0 0.0 0.0 0.0 0.0 0.0 0.0 0.0
0 0.812012 0.271308 0.016602 0.013012 0.809645 0.269887 1.0 0.817104 0.270561 1.0 0.813438 0.273004 1.0 0.809392 0.275783 1.0 0.814701 0.276457 1.0
0 0.780762 0.275537 0.016602 0.013663 0.780369 0.273904 1.0 0.786647 0.27434 1.0 0.785862 0.276519 1.0 0.781416 0.278958 1.0 0.784816 0.279307 1.0
0 0.755859 0.269681 0.015625 0.012362 0.752311 0.269031 1.0 0.758432 0.269031 1.0 0.756077 0.271226 1.0 0.753959 0.274049 1.0 0.758196 0.274128 1.0
0 0.749023 0.290826 0.015625 0.014314 0.0 0.0 0.0 0.0 0.0 0.0 0.0 0.0 0.0 0.0 0.0 0.0 0.0 0.0 0.0
0 0.807129 0.292453 0.016602 0.016265 0.804426 0.290559 1.0 0.811332 0.290768 1.0 0.80882 0.293696 1.0 0.803484 0.295892 1.0 0.811175 0.296101 1.0
0 0.752441 0.334418 0.018555 0.013012 0.0 0.0 0.0 0.0 0.0 0.0 0.0 0.0 0.0 0.0 0.0 0.0 0.0 0.0 0.0
0 0.794434 0.322381 0.018555 0.016265 0.0 0.0 0.0 0.0 0.0 0.0 0.0 0.0 0.0 0.0 0.0 0.0 0.0 0.0 0.0
0 0.853027 0.295706 0.014648 0.012362 0.0 0.0 0.0 0.0 0.0 0.0 0.0 0.0 0.0 0.0 0.0 0.0 0.0 0.0 0.0
0 0.904297 0.315224 0.011719 0.016265 0.0 0.0 0.0 0.0 0.0 0.0 0.0 0.0 0.0 0.0 0.0 0.0 0.0 0.0 0.0
0 0.876465 0.334743 0.014648 0.013663 0.87606 0.330671 1.0 0.881735 0.330311 1.0 0.880249 0.333192 1.0 0.876465 0.336794 1.0 0.881466 0.335983 1.0
0 0.839844 0.344828 0.021484 0.013012 0.835842 0.342071 1.0 0.843274 0.341531 1.0 0.839626 0.344322 1.0 0.837599 0.346393 1.0 0.842193 0.346213 1.0
0 0.879395 0.357189 0.014648 0.014314 0.876884 0.354215 1.0 0.884975 0.354308 1.0 0.881767 0.357189 1.0 0.878139 0.360722 1.0 0.883021 0.360722 1.0
0 0.899414 0.362069 0.011719 0.012362 0.0 0.0 0.0 0.0 0.0 0.0 0.0 0.0 0.0 0.0 0.0 0.0 0.0 0.0 0.0
0 0.816895 0.364671 0.014648 0.012362 0.0 0.0 0.0 0.0 0.0 0.0 0.0 0.0 0.0 0.0 0.0 0.0 0.0 0.0 0.0
0 0.848633 0.382889 0.015625 0.016265 0.845275 0.380042 1.0 0.853516 0.380957 1.0 0.848022 0.383194 1.0 0.844666 0.385735 1.0 0.850464 0.386854 1.0
0 0.871582 0.388094 0.014648 0.012362 0.868652 0.387036 1.0 0.876221 0.387362 1.0 0.871826 0.389883 1.0 0.867676 0.391347 1.0 0.874146 0.391428 1.0
0 0.880371 0.411841 0.018555 0.016916 0.875575 0.407978 1.0 0.885019 0.40864 1.0 0.881208 0.411068 1.0 0.878558 0.413055 1.0 0.88303 0.413276 1.0
0 0.851074 0.41054 0.018555 0.014314 0.8464 0.407194 1.0 0.853935 0.406915 1.0 0.850028 0.410354 1.0 0.846819 0.413607 1.0 0.853516 0.413514 1.0
0 0.751953 0.370202 0.015625 0.013012 0.0 0.0 0.0 0.0 0.0 0.0 0.0 0.0 0.0 0.0 0.0 0.0 0.0 0.0 0.0
0 0.760254 0.39525 0.014648 0.012362 0.758789 0.392729 1.0 0.764282 0.392648 1.0 0.762817 0.395494 1.0 0.759521 0.398016 1.0 0.764038 0.398016 1.0
0 0.773926 0.406636 0.016602 0.014314 0.76988 0.404498 1.0 0.779785 0.40422 1.0 0.773089 0.408031 1.0 0.769462 0.410912 1.0 0.776437 0.410912 1.0
0 0.799805 0.416721 0.017578 0.016265 0.795846 0.413468 1.0 0.804321 0.413259 1.0 0.798985 0.416187 1.0 0.795532 0.419637 1.0 0.802438 0.419846 1.0
0 0.80127 0.445348 0.020508 0.014964 0.795977 0.442014 1.0 0.803746 0.441822 1.0 0.799142 0.444506 1.0 0.796553 0.447669 1.0 0.802595 0.448244 1.0
0 0.755371 0.35784 0.018555 0.011711 0.0 0.0 0.0 0.0 0.0 0.0 0.0 0.0 0.0 0.0 0.0 0.0 0.0 0.0 0.0
0 0.799316 0.351334 0.012695 0.011711 0.0 0.0 0.0 0.0 0.0 0.0 0.0 0.0 0.0 0.0 0.0 0.0 0.0 0.0 0.0
0 0.837402 0.424528 0.020508 0.017567 0.831124 0.420781 1.0 0.840567 0.42034 1.0 0.834935 0.423651 1.0 0.832284 0.427073 1.0 0.838579 0.426962 1.0
0 0.834961 0.448926 0.021484 0.015615 0.0 0.0 0.0 0.0 0.0 0.0 0.0 0.0 0.0 0.0 0.0 0.0 0.0 0.0 0.0
0 0.871094 0.455107 0.019531 0.014964 0.867345 0.45261 1.0 0.875053 0.45261 1.0 0.871495 0.45577 1.0 0.869271 0.458634 1.0 0.873719 0.458634 1.0
0 0.896484 0.43136 0.015625 0.015615 0.0 0.0 0.0 0.0 0.0 0.0 0.0 0.0 0.0 0.0 0.0 0.0 0.0 0.0 0.0
0 0.899902 0.461288 0.020508 0.015615 0.0 0.0 0.0 0.0 0.0 0.0 0.0 0.0 0.0 0.0 0.0 0.0 0.0 0.0 0.0
0 0.835938 0.467794 0.017578 0.014314 0.833775 0.464913 1.0 0.834333 0.464913 1.0 0.828613 0.46798 1.0 0.831822 0.471141 1.0 0.83224 0.471234 1.0
0 0.775391 0.455433 0.019531 0.016916 0.772252 0.4519 1.0 0.779872 0.452453 1.0 0.77573 0.455212 1.0 0.771258 0.458303 1.0 0.777388 0.459075 1.0
0 0.793457 0.475927 0.020508 0.014964 0.78894 0.47286 1.0 0.798724 0.472573 1.0 0.793832 0.475544 1.0 0.788509 0.48024 1.0 0.799155 0.48024 1.0
0 0.781738 0.515615 0.022461 0.009759 0.775727 0.513852 1.0 0.781769 0.513373 1.0 0.779467 0.516727 1.0 0.779467 0.519219 1.0 0.784502 0.519124 1.0
0 0.787109 0.545218 0.025391 0.015615 0.0 0.0 0.0 0.0 0.0 0.0 0.0 0.0 0.0 0.0 0.0 0.0 0.0 0.0 0.0
0 0.745117 0.486337 0.017578 0.012362 0.741943 0.483328 1.0 0.752197 0.483409 1.0 0.746826 0.486662 1.0 0.743774 0.489183 1.0 0.75 0.489183 1.0
0 0.730469 0.396877 0.017578 0.011711 0.0 0.0 0.0 0.0 0.0 0.0 0.0 0.0 0.0 0.0 0.0 0.0 0.0 0.0 0.0
0 0.727539 0.406636 0.015625 0.01041 0.0 0.0 0.0 0.0 0.0 0.0 0.0 0.0 0.0 0.0 0.0 0.0 0.0 0.0 0.0
0 0.733398 0.422251 0.021484 0.013012 0.727679 0.418161 1.0 0.734375 0.417883 1.0 0.729911 0.421229 1.0 0.729073 0.424482 1.0 0.734235 0.424203 1.0
0 0.717773 0.443722 0.019531 0.015615 0.711949 0.440167 1.0 0.719063 0.440561 1.0 0.715358 0.44382 1.0 0.711801 0.44698 1.0 0.717582 0.447474 1.0
0 0.733887 0.445673 0.012695 0.013012 0.0 0.0 0.0 0.0 0.0 0.0 0.0 0.0 0.0 0.0 0.0 0.0 0.0 0.0 0.0
0 0.734375 0.470397 0.017578 0.015615 0.0 0.0 0.0 0.0 0.0 0.0 0.0 0.0 0.0 0.0 0.0 0.0 0.0 0.0 0.0
0 0.705078 0.487313 0.019531 0.015615 0.0 0.0 0.0 0.0 0.0 0.0 0.0 0.0 0.0 0.0 0.0 0.0 0.0 0.0 0.0
0 0.725586 0.530579 0.021484 0.013663 0.0 0.0 0.0 0.0 0.0 0.0 0.0 0.0 0.0 0.0 0.0 0.0 0.0 0.0 0.0
0 0.660645 0.489265 0.020508 0.016916 0.0 0.0 0.0 0.0 0.0 0.0 0.0 0.0 0.0 0.0 0.0 0.0 0.0 0.0 0.0
0 0.20752 0.282694 0.018555 0.009759 0.0 0.0 0.0 0.0 0.0 0.0 0.0 0.0 0.0 0.0 0.0 0.0 0.0 0.0 0.0
0 0.257812 0.318803 0.017578 0.013012 0.0 0.0 0.0 0.0 0.0 0.0 0.0 0.0 0.0 0.0 0.0 0.0 0.0 0.0 0.0
0 0.305176 0.311646 0.020508 0.01041 0.0 0.0 0.0 0.0 0.0 0.0 0.0 0.0 0.0 0.0 0.0 0.0 0.0 0.0 0.0
0 0.279297 0.33702 0.015625 0.015615 0.275635 0.334357 1.0 0.283111 0.334458 1.0 0.280822 0.337711 1.0 0.277313 0.340558 1.0 0.283417 0.340456 1.0
0 0.294434 0.34743 0.014648 0.014314 0.0 0.0 0.0 0.0 0.0 0.0 0.0 0.0 0.0 0.0 0.0 0.0 0.0 0.0 0.0
0 0.409668 0.34743 0.016602 0.014314 0.0 0.0 0.0 0.0 0.0 0.0 0.0 0.0 0.0 0.0 0.0 0.0 0.0 0.0 0.0
0 0.353027 0.360768 0.016602 0.013663 0.0 0.0 0.0 0.0 0.0 0.0 0.0 0.0 0.0 0.0 0.0 0.0 0.0 0.0 0.0
0 0.364258 0.368575 0.015625 0.012362 0.0 0.0 0.0 0.0 0.0 0.0 0.0 0.0 0.0 0.0 0.0 0.0 0.0 0.0 0.0
0 0.40625 0.367925 0.017578 0.014964 0.401298 0.366391 1.0 0.408691 0.366391 1.0 0.404506 0.368436 1.0 0.401158 0.372618 1.0 0.407018 0.372433 1.0
0 0.388184 0.381262 0.020508 0.016916 0.383223 0.38028 1.0 0.392003 0.38006 1.0 0.388026 0.38304 1.0 0.383885 0.385799 1.0 0.391009 0.385578 1.0
0 0.396484 0.39948 0.021484 0.013012 0.391941 0.395677 1.0 0.399915 0.395677 1.0 0.396537 0.399009 1.0 0.391671 0.40171 1.0 0.39897 0.4018 1.0
0 0.398438 0.415745 0.019531 0.014314 0.0 0.0 0.0 0.0 0.0 0.0 0.0 0.0 0.0 0.0 0.0 0.0 0.0 0.0 0.0
0 0.419922 0.427456 0.021484 0.015615 0.416992 0.426012 1.0 0.424927 0.426826 1.0 0.419892 0.429672 1.0 0.415619 0.431604 1.0 0.421265 0.43201 1.0
0 0.43457 0.392648 0.017578 0.014964 0.429565 0.391498 1.0 0.437047 0.391306 1.0 0.433019 0.394469 1.0 0.430285 0.397536 1.0 0.435896 0.397632 1.0
0 0.446289 0.423878 0.013672 0.012362 0.0 0.0 0.0 0.0 0.0 0.0 0.0 0.0 0.0 0.0 0.0 0.0 0.0 0.0 0.0
0 0.442871 0.445023 0.024414 0.013012 0.0 0.0 0.0 0.0 0.0 0.0 0.0 0.0 0.0 0.0 0.0 0.0 0.0 0.0 0.0
0 0.315918 0.364021 0.014648 0.016265 0.0 0.0 0.0 0.0 0.0 0.0 0.0 0.0 0.0 0.0 0.0 0.0 0.0 0.0 0.0
0 0.308105 0.371178 0.016602 0.011061 0.0 0.0 0.0 0.0 0.0 0.0 0.0 0.0 0.0 0.0 0.0 0.0 0.0 0.0 0.0
0 0.330078 0.373455 0.019531 0.016916 0.0 0.0 0.0 0.0 0.0 0.0 0.0 0.0 0.0 0.0 0.0 0.0 0.0 0.0 0.0
0 0.272949 0.3689 0.016602 0.015615 0.269793 0.365682 1.0 0.277797 0.365979 1.0 0.273943 0.368546 1.0 0.270979 0.371114 1.0 0.276908 0.371213 1.0
0 0.242188 0.374431 0.017578 0.013663 0.238465 0.372276 1.0 0.245789 0.37245 1.0 0.243173 0.374802 1.0 0.23938 0.378375 1.0 0.245658 0.378201 1.0
0 0.294434 0.391021 0.018555 0.016916 0.293623 0.389084 1.0 0.301043 0.389299 1.0 0.300075 0.391878 1.0 0.294106 0.39435 1.0 0.300397 0.39478 1.0
0 0.367676 0.407287 0.020508 0.013012 0.0 0.0 0.0 0.0 0.0 0.0 0.0 0.0 0.0 0.0 0.0 0.0 0.0 0.0 0.0
0 0.36377 0.417697 0.018555 0.015615 0.359131 0.414734 1.0 0.366542 0.414734 1.0 0.362392 0.417598 1.0 0.358834 0.421055 1.0 0.365653 0.421153 1.0
0 0.26123 0.40566 0.018555 0.014964 0.257377 0.404339 1.0 0.265577 0.403764 1.0 0.261261 0.406256 1.0 0.258959 0.408844 1.0 0.264139 0.408844 1.0
0 0.222656 0.414444 0.023438 0.014314 0.218964 0.410174 1.0 0.227051 0.409971 1.0 0.222931 0.412614 1.0 0.220031 0.41607 1.0 0.22583 0.415969 1.0
0 0.24707 0.417046 0.017578 0.014314 0.245117 0.41686 1.0 0.251396 0.416209 1.0 0.250279 0.419742 1.0 0.245954 0.423738 1.0 0.250977 0.422995 1.0
0 0.262207 0.425504 0.018555 0.014314 0.259705 0.423166 1.0 0.267905 0.422495 1.0 0.264309 0.426329 1.0 0.259561 0.429205 1.0 0.260424 0.429396 1.0
0 0.331543 0.436565 0.016602 0.013012 0.0 0.0 0.0 0.0 0.0 0.0 0.0 0.0 0.0 0.0 0.0 0.0 0.0 0.0 0.0
0 0.37793 0.440794 0.021484 0.014964 0.372925 0.436117 1.0 0.38055 0.436692 1.0 0.376665 0.439185 1.0 0.371342 0.442539 1.0 0.379687 0.442827 1.0
0 0.398926 0.470397 0.018555 0.014314 0.393694 0.469653 1.0 0.40081 0.468631 1.0 0.397321 0.471605 1.0 0.396624 0.474951 1.0 0.401646 0.474208 1.0
0 0.37207 0.467794 0.019531 0.013012 0.0 0.0 0.0 0.0 0.0 0.0 0.0 0.0 0.0 0.0 0.0 0.0 0.0 0.0 0.0
0 0.294922 0.446975 0.017578 0.015615 0.0 0.0 0.0 0.0 0.0 0.0 0.0 0.0 0.0 0.0 0.0 0.0 0.0 0.0 0.0
0 0.287109 0.439167 0.019531 0.011711 0.0 0.0 0.0 0.0 0.0 0.0 0.0 0.0 0.0 0.0 0.0 0.0 0.0 0.0 0.0
0 0.240234 0.444047 0.017578 0.016265 0.235543 0.440375 1.0 0.244489 0.439957 1.0 0.239937 0.443722 1.0 0.236328 0.446963 1.0 0.243233 0.446754 1.0
0 0.219238 0.454131 0.016602 0.016916 0.214237 0.451872 1.0 0.223755 0.451764 1.0 0.219077 0.45531 1.0 0.216335 0.45789 1.0 0.221658 0.457997 1.0
0 0.238281 0.492193 0.019531 0.016265 0.236241 0.488731 1.0 0.244716 0.488731 1.0 0.242048 0.491554 1.0 0.235927 0.495422 1.0 0.242048 0.495422 1.0
0 0.341797 0.398504 0.017578 0.016265 0.338326 0.397028 1.0 0.345075 0.396923 1.0 0.342407 0.399956 1.0 0.339111 0.402884 1.0 0.344604 0.402779 1.0
0 0.320312 0.407287 0.015625 0.013012 0.0 0.0 0.0 0.0 0.0 0.0 0.0 0.0 0.0 0.0 0.0 0.0 0.0 0.0 0.0
0 0.076172 0.369876 0.015625 0.014964 0.0 0.0 0.0 0.0 0.0 0.0 0.0 0.0 0.0 0.0 0.0 0.0 0.0 0.0 0.0
0 0.063477 0.412817 0.017578 0.014964 0.058472 0.410537 1.0 0.065953 0.410345 1.0 0.062644 0.413796 1.0 0.060055 0.41648 1.0 0.066097 0.416288 1.0
0 0.08252 0.410865 0.020508 0.014964 0.078378 0.409427 1.0 0.086435 0.409524 1.0 0.08255 0.413166 1.0 0.080248 0.415562 1.0 0.084852 0.415658 1.0
0 0.117188 0.38907 0.017578 0.013012 0.113726 0.386368 1.0 0.120789 0.386717 1.0 0.117127 0.388808 1.0 0.113203 0.390464 1.0 0.120266 0.391161 1.0
0 0.15625 0.384841 0.019531 0.016265 0.151725 0.383014 1.0 0.160919 0.382369 1.0 0.157531 0.384948 1.0 0.153499 0.38785 1.0 0.160436 0.38785 1.0
0 0.145996 0.373455 0.016602 0.013012 0.142822 0.370608 1.0 0.14856 0.369876 1.0 0.146118 0.372967 1.0 0.143677 0.375813 1.0 0.148438 0.375651 1.0
0 0.170898 0.372479 0.021484 0.013663 0.0 0.0 0.0 0.0 0.0 0.0 0.0 0.0 0.0 0.0 0.0 0.0 0.0 0.0 0.0
0 0.200195 0.378334 0.019531 0.014964 0.196917 0.375843 1.0 0.205549 0.376609 1.0 0.200657 0.378622 1.0 0.196054 0.381401 1.0 0.202384 0.382264 1.0
0 0.210449 0.404684 0.018555 0.013012 0.0 0.0 0.0 0.0 0.0 0.0 0.0 0.0 0.0 0.0 0.0 0.0 0.0 0.0 0.0
0 0.197266 0.417046 0.017578 0.015615 0.196473 0.414993 1.0 0.203033 0.415806 1.0 0.199219 0.418246 1.0 0.196167 0.421295 1.0 0.200135 0.421601 1.0
0 0.159668 0.412817 0.018555 0.013663 0.0 0.0 0.0 0.0 0.0 0.0 0.0 0.0 0.0 0.0 0.0 0.0 0.0 0.0 0.0
0 0.171875 0.428432 0.019531 0.013663 0.168641 0.425318 1.0 0.176356 0.42558 1.0 0.172433 0.428281 1.0 0.168771 0.432028 1.0 0.175311 0.432115 1.0
0 0.192871 0.445348 0.020508 0.017567 0.187962 0.443422 1.0 0.195613 0.443876 1.0 0.191532 0.446707 1.0 0.187112 0.450219 1.0 0.194253 0.451012 1.0
0 0.071777 0.441444 0.018555 0.013663 0.066746 0.439554 1.0 0.074044 0.438923 1.0 0.071342 0.442705 1.0 0.068233 0.445766 1.0 0.072963 0.445496 1.0
0 0.052246 0.458035 0.018555 0.015615 0.0 0.0 0.0 0.0 0.0 0.0 0.0 0.0 0.0 0.0 0.0 0.0 0.0 0.0 0.0
0 0.077637 0.472999 0.022461 0.014314 0.0 0.0 0.0 0.0 0.0 0.0 0.0 0.0 0.0 0.0 0.0 0.0 0.0 0.0 0.0
0 0.084961 0.460638 0.019531 0.015615 0.0 0.0 0.0 0.0 0.0 0.0 0.0 0.0 0.0 0.0 0.0 0.0 0.0 0.0 0.0
0 0.10791 0.434288 0.018555 0.014964 0.104841 0.431917 1.0 0.113212 0.431917 1.0 0.110421 0.435635 1.0 0.106376 0.439167 1.0 0.113212 0.43861 1.0
0 0.133301 0.431034 0.016602 0.014964 0.132237 0.428658 1.0 0.139862 0.428467 1.0 0.137272 0.43163 1.0 0.133532 0.434697 1.0 0.138855 0.434218 1.0
0 0.080078 0.430709 0.017578 0.015615 0.0 0.0 0.0 0.0 0.0 0.0 0.0 0.0 0.0 0.0 0.0 0.0 0.0 0.0 0.0
0 0.15918 0.440794 0.017578 0.017567 0.0 0.0 0.0 0.0 0.0 0.0 0.0 0.0 0.0 0.0 0.0 0.0 0.0 0.0 0.0
0 0.142578 0.450228 0.019531 0.011711 0.0 0.0 0.0 0.0 0.0 0.0 0.0 0.0 0.0 0.0 0.0 0.0 0.0 0.0 0.0
0 0.152344 0.459336 0.019531 0.014314 0.14781 0.455247 1.0 0.158272 0.45534 1.0 0.15339 0.459987 1.0 0.149902 0.462961 1.0 0.157715 0.462961 1.0
0 0.080566 0.38972 0.016602 0.015615 0.0 0.0 0.0 0.0 0.0 0.0 0.0 0.0 0.0 0.0 0.0 0.0 0.0 0.0 0.0
0 0.981934 0.185426 0.016602 0.011711 0.0 0.0 0.0 0.0 0.0 0.0 0.0 0.0 0.0 0.0 0.0 0.0 0.0 0.0 0.0
0 0.993652 0.194535 0.012695 0.015615 0.99353 0.192786 1.0 0.999634 0.192888 1.0 0.997803 0.196039 1.0 0.991547 0.199597 1.0 0.998565 0.199597 1.0
0 0.979492 0.204945 0.015625 0.014314 0.973563 0.2029 1.0 0.982073 0.202342 1.0 0.978864 0.205131 1.0 0.976632 0.208012 1.0 0.98291 0.207361 1.0
0 0.994141 0.227391 0.011719 0.014964 0.0 0.0 0.0 0.0 0.0 0.0 0.0 0.0 0.0 0.0 0.0 0.0 0.0 0.0 0.0
0 0.420898 0.184776 0.015625 0.01041 0.0 0.0 0.0 0.0 0.0 0.0 0.0 0.0 0.0 0.0 0.0 0.0 0.0 0.0 0.0
0 0.235352 0.517892 0.017578 0.015615 0.23468 0.514415 1.0 0.242004 0.513805 1.0 0.2388 0.517262 1.0 0.23407 0.520617 1.0 0.241547 0.521532 1.0
0 0.277832 0.503578 0.018555 0.013012 0.275971 0.4998 1.0 0.281913 0.499884 1.0 0.282798 0.503085 1.0 0.277361 0.507212 1.0 0.281027 0.506959 1.0
0 0.32666 0.502277 0.020508 0.016916 0.329137 0.500058 1.0 0.33463 0.500058 1.0 0.334002 0.503614 1.0 0.328822 0.506959 1.0 0.332275 0.507169 1.0
0 0.351074 0.517892 0.016602 0.015615 0.345367 0.51533 1.0 0.351166 0.515534 1.0 0.343994 0.518583 1.0 0.345825 0.522548 1.0 0.35086 0.522446 1.0
0 0.382324 0.546519 0.018555 0.018217 0.379918 0.540757 1.0 0.388288 0.540989 1.0 0.383405 0.544474 1.0 0.379743 0.547727 1.0 0.386894 0.548076 1.0
0 0.330566 0.537411 0.018555 0.014314 0.0 0.0 0.0 0.0 0.0 0.0 0.0 0.0 0.0 0.0 0.0 0.0 0.0 0.0 0.0
0 0.276367 0.525699 0.019531 0.015615 0.271136 0.523428 1.0 0.279881 0.52323 1.0 0.274693 0.52639 1.0 0.272025 0.529847 1.0 0.278547 0.529649 1.0
0 0.212891 0.607027 0.023438 0.016916 0.210467 0.60251 1.0 0.220146 0.602725 1.0 0.216435 0.605412 1.0 0.211596 0.609173 1.0 0.217887 0.60971 1.0
0 0.325195 0.566363 0.023438 0.013663 0.0 0.0 0.0 0.0 0.0 0.0 0.0 0.0 0.0 0.0 0.0 0.0 0.0 0.0 0.0
0 0.425293 0.567664 0.022461 0.012362 0.0 0.0 0.0 0.0 0.0 0.0 0.0 0.0 0.0 0.0 0.0 0.0 0.0 0.0 0.0
0 0.380371 0.51594 0.014648 0.014314 0.0 0.0 0.0 0.0 0.0 0.0 0.0 0.0 0.0 0.0 0.0 0.0 0.0 0.0 0.0
0 0.506836 0.510085 0.011719 0.013012 0.0 0.0 0.0 0.0 0.0 0.0 0.0 0.0 0.0 0.0 0.0 0.0 0.0 0.0 0.0
0 0.408691 0.597593 0.018555 0.013663 0.0 0.0 0.0 0.0 0.0 0.0 0.0 0.0 0.0 0.0 0.0 0.0 0.0 0.0 0.0
0 0.177734 0.593364 0.021484 0.016916 0.0 0.0 0.0 0.0 0.0 0.0 0.0 0.0 0.0 0.0 0.0 0.0 0.0 0.0 0.0
0 0.435547 0.633702 0.021484 0.018217 0.431048 0.629171 1.0 0.438372 0.629287 1.0 0.432792 0.632772 1.0 0.430176 0.636142 1.0 0.438197 0.636491 1.0
0 0.288574 0.650618 0.014648 0.02082 0.0 0.0 0.0 0.0 0.0 0.0 0.0 0.0 0.0 0.0 0.0 0.0 0.0 0.0 0.0
0 0.968262 0.513338 0.016602 0.014314 0.0 0.0 0.0 0.0 0.0 0.0 0.0 0.0 0.0 0.0 0.0 0.0 0.0 0.0 0.0
0 0.812012 0.567014 0.024414 0.012362 0.0 0.0 0.0 0.0 0.0 0.0 0.0 0.0 0.0 0.0 0.0 0.0 0.0 0.0 0.0
0 0.881836 0.569291 0.013672 0.01041 0.0 0.0 0.0 0.0 0.0 0.0 0.0 0.0 0.0 0.0 0.0 0.0 0.0 0.0 0.0
0 0.915527 0.565387 0.014648 0.014314 0.0 0.0 0.0 0.0 0.0 0.0 0.0 0.0 0.0 0.0 0.0 0.0 0.0 0.0 0.0
0 0.931641 0.565712 0.013672 0.012362 0.0 0.0 0.0 0.0 0.0 0.0 0.0 0.0 0.0 0.0 0.0 0.0 0.0 0.0 0.0
0 0.670898 0.587833 0.021484 0.014964 0.0 0.0 0.0 0.0 0.0 0.0 0.0 0.0 0.0 0.0 0.0 0.0 0.0 0.0 0.0
0 0.12793 0.538712 0.013672 0.015615 0.0 0.0 0.0 0.0 0.0 0.0 0.0 0.0 0.0 0.0 0.0 0.0 0.0 0.0 0.0
0 0.985352 0.891672 0.025391 0.025374 0.982666 0.887768 1.0 0.995117 0.887931 1.0 0.989746 0.892811 1.0 0.983887 0.896877 1.0 0.992676 0.897365 1.0
0 0.225586 0.364997 0.007812 0.007807 0.0 0.0 0.0 0.0 0.0 0.0 0.0 0.0 0.0 0.0 0.0 0.0 0.0 0.0 0.0
0 0.447754 0.349382 0.012695 0.01041 0.0 0.0 0.0 0.0 0.0 0.0 0.0 0.0 0.0 0.0 0.0 0.0 0.0 0.0 0.0
0 0.770996 0.382889 0.018555 0.014964 0.768751 0.379459 1.0 0.776951 0.379362 1.0 0.772923 0.381855 1.0 0.768176 0.384634 1.0 0.774937 0.385209 1.0
0 0.677246 0.665908 0.026367 0.020169 0.671068 0.661986 1.0 0.682447 0.660679 1.0 0.67715 0.664993 1.0 0.674796 0.670221 1.0 0.683624 0.669698 1.0
0 0.012207 0.395901 0.018555 0.014964 0.010769 0.392811 1.0 0.018624 0.393206 1.0 0.01566 0.396366 1.0 0.011213 0.399723 1.0 0.015512 0.399921 1.0
0 0.025879 0.396226 0.014648 0.013012 0.023821 0.39431 1.0 0.027483 0.394658 1.0 0.023821 0.397359 1.0 0.02356 0.399712 1.0 0.026698 0.399799 1.0
0 0.022949 0.3689 0.014648 0.014314 0.0 0.0 0.0 0.0 0.0 0.0 0.0 0.0 0.0 0.0 0.0 0.0 0.0 0.0 0.0
0 0.007812 0.466168 0.015625 0.016265 0.0 0.0 0.0 0.0 0.0 0.0 0.0 0.0 0.0 0.0 0.0 0.0 0.0 0.0 0.0
0 0.025391 0.458035 0.019531 0.016916 0.0 0.0 0.0 0.0 0.0 0.0 0.0 0.0 0.0 0.0 0.0 0.0 0.0 0.0 0.0
0 0.689941 0.756344 0.022461 0.020169 0.0 0.0 0.0 0.0 0.0 0.0 0.0 0.0 0.0 0.0 0.0 0.0 0.0 0.0 0.0
0 0.525879 0.770332 0.012695 0.018217 0.0 0.0 0.0 0.0 0.0 0.0 0.0 0.0 0.0 0.0 0.0 0.0 0.0 0.0 0.0
0 0.606934 0.528953 0.018555 0.014314 0.0 0.0 0.0 0.0 0.0 0.0 0.0 0.0 0.0 0.0 0.0 0.0 0.0 0.0 0.0
0 0.535156 0.512362 0.011719 0.013663 0.538426 0.510555 1.0 0.540649 0.510293 1.0 0.542742 0.513866 1.0 0.538949 0.518223 1.0 0.541695 0.518485 1.0
0 0.88916 0.591412 0.018555 0.015615 0.0 0.0 0.0 0.0 0.0 0.0 0.0 0.0 0.0 0.0 0.0 0.0 0.0 0.0 0.0
0 0.034668 0.560507 0.020508 0.014964 0.0 0.0 0.0 0.0 0.0 0.0 0.0 0.0 0.0 0.0 0.0 0.0 0.0 0.0 0.0