0 0.946289 0.254651 0.021484 0.067442 0.939025 0.256105 1.0 0.947814 0.257414 1.0 0.941406 0.272674 1.0 0.939209 0.286191 1.0 0.945435 0.286628 1.0
0 0.93457 0.239535 0.019531 0.065116 0.939313 0.255316 1.0 0.946114 0.256977 1.0 0.942104 0.271095 1.0 0.940709 0.283556 1.0 0.946638 0.28314 1.0
0 0.863281 0.211628 0.019531 0.055814 0.858303 0.208244 1.0 0.866752 0.206126 1.0 0.862008 0.217421 1.0 0.860229 0.228012 1.0 0.86527 0.2266 1.0
0 0.819824 0.112791 0.020508 0.053488 0.813268 0.101328 1.0 0.82108 0.100998 1.0 0.816337 0.113288 1.0 0.815778 0.126579 1.0 0.819824 0.126247 1.0
0 0.801758 0.215116 0.017578 0.048837 0.800001 0.196377 1.0 0.807704 0.197665 1.0 0.803785 0.211502 1.0 0.799325 0.224056 1.0 0.804596 0.225342 1.0
0 0.811035 0.339535 0.022461 0.069767 0.802747 0.33123 1.0 0.803872 0.33123 1.0 0.802186 0.345514 1.0 0.806872 0.352212 1.0 0.808559 0.352212 1.0
0 0.856445 0.410465 0.017578 0.062791 0.854405 0.391135 1.0 0.855255 0.391135 1.0 0.848114 0.405709 1.0 0.853045 0.423121 1.0 0.853725 0.423526 1.0
0 0.749512 0.109302 0.018555 0.060465 0.744829 0.101609 1.0 0.752895 0.101609 1.0 0.748378 0.117742 1.0 0.745797 0.125042 1.0 0.752411 0.125042 1.0
0 0.736328 0.223256 0.019531 0.060465 0.73087 0.215407 1.0 0.740479 0.218167 1.0 0.734846 0.231188 1.0 0.731532 0.237895 1.0 0.737662 0.239867 1.0
0 0.65625 0.216279 0.019531 0.060465 0.651088 0.208586 1.0 0.660282 0.207049 1.0 0.655766 0.222414 1.0 0.65254 0.233556 1.0 0.660444 0.23317 1.0
0 0.666504 0.145349 0.020508 0.05814 0.662506 0.1383 1.0 0.671509 0.135393 1.0 0.667541 0.148474 1.0 0.6651 0.160102 1.0 0.669982 0.158649 1.0
0 0.587891 0.187209 0.019531 0.05814 0.58442 0.181188 1.0 0.593523 0.181188 1.0 0.588344 0.192774 1.0 0.584734 0.20137 1.0 0.591012 0.202119 1.0
0 0.587891 0.103488 0.017578 0.053488 0.582808 0.097737 1.0 0.589922 0.098091 1.0 0.586365 0.109386 1.0 0.583993 0.12174 1.0 0.590219 0.12174 1.0
0 0.618652 0.337209 0.020508 0.065116 0.614815 0.335133 1.0 0.623187 0.334302 1.0 0.619001 0.351328 1.0 0.615514 0.358805 1.0 0.622838 0.357974 1.0
0 0.704102 0.333721 0.015625 0.039535 0.0 0.0 0.0 0.0 0.0 0.0 0.0 0.0 0.0 0.0 0.0 0.0 0.0 0.0 0.0
0 0.436523 0.196512 0.019531 0.062791 0.433541 0.187065 1.0 0.442156 0.186274 1.0 0.438512 0.20166 1.0 0.434204 0.209947 1.0 0.441328 0.209158 1.0
0 0.509277 0.075581 0.020508 0.053488 0.506017 0.069477 1.0 0.514465 0.06877 1.0 0.510611 0.079007 1.0 0.506905 0.088537 1.0 0.513576 0.088537 1.0
0 0.42334 0.115116 0.018555 0.05814 0.418609 0.102979 1.0 0.425781 0.102616 1.0 0.421967 0.113881 1.0 0.420594 0.1266 1.0 0.427918 0.125872 1.0
0 0.351562 0.087209 0.019531 0.067442 0.347368 0.081053 1.0 0.354876 0.077647 1.0 0.351837 0.087863 1.0 0.35005 0.102763 1.0 0.355233 0.100633 1.0
0 0.349121 0.189535 0.018555 0.062791 0.345211 0.180326 1.0 0.355072 0.18154 1.0 0.348441 0.196521 1.0 0.346061 0.20543 1.0 0.351842 0.20543 1.0
0 0.330566 0.311628 0.016602 0.060465 0.330566 0.308077 1.0 0.337193 0.306893 1.0 0.336033 0.317547 1.0 0.330235 0.330958 1.0 0.336033 0.328986 1.0
0 0.276367 0.201163 0.019531 0.062791 0.274009 0.193167 1.0 0.28166 0.18993 1.0 0.27996 0.203291 1.0 0.276389 0.215842 1.0 0.28234 0.215033 1.0
0 0.269043 0.123256 0.018555 0.055814 0.266924 0.116342 1.0 0.274336 0.111753 1.0 0.271815 0.121988 1.0 0.269444 0.136463 1.0 0.274187 0.135756 1.0
0 0.200195 0.145349 0.021484 0.062791 0.199219 0.139535 1.0 0.208008 0.137209 1.0 0.204102 0.151163 1.0 0.199219 0.165116 1.0 0.206055 0.165116 1.0
0 0.202148 0.07907 0.019531 0.046512 0.199219 0.072093 1.0 0.208984 0.072093 1.0 0.205078 0.083721 1.0 0.201172 0.095349 1.0 0.208008 0.097674 1.0
0 0.128418 0.197674 0.016602 0.060465 0.124625 0.192151 1.0 0.131583 0.189391 1.0 0.129264 0.203593 1.0 0.125785 0.215033 1.0 0.131583 0.214244 1.0
0 0.110352 0.089535 0.017578 0.05814 0.108154 0.083886 1.0 0.117101 0.083886 1.0 0.11302 0.099584 1.0 0.108154 0.108181 1.0 0.114118 0.107433 1.0
0 0.056152 0.194186 0.018555 0.062791 0.054112 0.189328 1.0 0.061083 0.189328 1.0 0.058192 0.199856 1.0 0.054962 0.212002 1.0 0.059213 0.211191 1.0
0 0.246582 0.267442 0.020508 0.055814 0.0 0.0 0.0 0.0 0.0 0.0 0.0 0.0 0.0 0.0 0.0 0.0 0.0 0.0 0.0
0 0.460449 0.184884 0.014648 0.048837 0.0 0.0 0.0 0.0 0.0 0.0 0.0 0.0 0.0 0.0 0.0 0.0 0.0 0.0 0.0