0 0.843262 0.525391 0.06543 0.121094 0.818604 0.514764 1.0 0.839896 0.514764 1.0 0.819755 0.536249 1.0 0.824934 0.558501 1.0 0.838745 0.557733 1.0
0 0.817383 0.204427 0.058594 0.171875 0.798244 0.202264 1.0 0.807975 0.201184 1.0 0.800677 0.247674 1.0 0.82257 0.262811 1.0 0.829869 0.259568 1.0
0 0.450195 0.48112 0.070312 0.136719 0.425834 0.4581 1.0 0.455514 0.4581 1.0 0.433576 0.480469 1.0 0.428414 0.509719 1.0 0.452934 0.506277 1.0
0 0.488281 0.095703 0.048828 0.084635 0.472953 0.085961 1.0 0.49421 0.085426 1.0 0.480172 0.104678 1.0 0.473354 0.113234 1.0 0.497419 0.112701 1.0
0 0.273438 0.127604 0.0625 0.127604 0.280221 0.115641 1.0 0.289917 0.114833 1.0 0.2984 0.149577 1.0 0.272343 0.157656 1.0 0.274768 0.158465 1.0
0 0.086426 0.283854 0.041992 0.065104 0.088104 0.2766 1.0 0.095224 0.270822 1.0 0.102343 0.279488 1.0 0.096771 0.300536 1.0 0.101104 0.292695 1.0
0 0.144043 0.590495 0.049805 0.10026 0.148263 0.575405 1.0 0.160034 0.57666 1.0 0.166155 0.591099 1.0 0.146851 0.611189 1.0 0.161446 0.614328 1.0
0 0.310059 0.76888 0.008789 0.014323 0.0 0.0 0.0 0.0 0.0 0.0 0.0 0.0 0.0 0.0 0.0 0.0 0.0 0.0 0.0
0 0.240234 0.714844 0.003906 0.007812 0.0 0.0 0.0 0.0 0.0 0.0 0.0 0.0 0.0 0.0 0.0 0.0 0.0 0.0 0.0
0 0.243652 0.745443 0.004883 0.009115 0.0 0.0 0.0 0.0 0.0 0.0 0.0 0.0 0.0 0.0 0.0 0.0 0.0 0.0 0.0
0 0.217773 0.684245 0.003906 0.009115 0.0 0.0 0.0 0.0 0.0 0.0 0.0 0.0 0.0 0.0 0.0 0.0 0.0 0.0 0.0