0 0.859863 0.559155 0.030273 0.053521 0.855242 0.557785 1.0 0.86795 0.559783 1.0 0.859863 0.567448 1.0 0.85478 0.57578 1.0 0.863561 0.577446 1.0
0 0.756348 0.561972 0.022461 0.061972 0.750724 0.553156 1.0 0.752886 0.554325 1.0 0.746129 0.562903 1.0 0.749643 0.574987 1.0 0.751534 0.576156 1.0
0 0.722656 0.542958 0.025391 0.049296 0.719988 0.533338 1.0 0.720433 0.5343 1.0 0.711539 0.540072 1.0 0.713985 0.553539 1.0 0.71443 0.554182 1.0
0 0.73291 0.354225 0.022461 0.049296 0.730242 0.349434 1.0 0.730678 0.349434 1.0 0.723049 0.357923 1.0 0.726754 0.367354 1.0 0.72719 0.367354 1.0
0 0.645508 0.514085 0.037109 0.064789 0.633885 0.5062 1.0 0.650286 0.50703 1.0 0.638201 0.52031 1.0 0.634748 0.529854 1.0 0.64597 0.530269 1.0
0 0.667969 0.389437 0.027344 0.043662 0.666012 0.380382 1.0 0.67072 0.381797 1.0 0.658164 0.388023 1.0 0.658948 0.401886 1.0 0.661106 0.402169 1.0
0 0.61084 0.530282 0.02832 0.049296 0.602348 0.522459 1.0 0.6168 0.523101 1.0 0.607461 0.531438 1.0 0.603682 0.540097 1.0 0.61302 0.540738 1.0
0 0.564941 0.523239 0.03418 0.060563 0.557272 0.521706 1.0 0.572963 0.522089 1.0 0.564453 0.534362 1.0 0.558337 0.540115 1.0 0.570569 0.541266 1.0
0 0.583008 0.397183 0.025391 0.053521 0.580418 0.3917 1.0 0.592896 0.392718 1.0 0.586539 0.401546 1.0 0.580183 0.410375 1.0 0.589364 0.410714 1.0
0 0.54541 0.285211 0.026367 0.040845 0.544386 0.272717 1.0 0.554217 0.271686 1.0 0.552787 0.279677 1.0 0.546709 0.289732 1.0 0.55511 0.287928 1.0
0 0.524902 0.401408 0.024414 0.039437 0.526114 0.394573 1.0 0.534275 0.3958 1.0 0.531555 0.404628 1.0 0.527305 0.412475 1.0 0.532065 0.41223 1.0
0 0.474121 0.5 0.032227 0.064789 0.464848 0.4948 1.0 0.480717 0.493575 1.0 0.472782 0.506244 1.0 0.467682 0.515644 1.0 0.48015 0.515235 1.0
0 0.449707 0.401408 0.024414 0.047887 0.4488 0.396579 1.0 0.459473 0.396882 1.0 0.458008 0.40503 1.0 0.452148 0.415896 1.0 0.458427 0.415292 1.0
0 0.36084 0.483099 0.032227 0.056338 0.351405 0.474151 1.0 0.369298 0.473076 1.0 0.362091 0.485979 1.0 0.353394 0.493504 1.0 0.367807 0.493863 1.0
0 0.330078 0.495775 0.025391 0.039437 0.322266 0.492958 1.0 0.334961 0.491549 1.0 0.330078 0.501408 1.0 0.328125 0.511268 1.0 0.334961 0.509859 1.0
0 0.289551 0.465493 0.03418 0.05493 0.281629 0.451635 1.0 0.298653 0.453018 1.0 0.290741 0.464431 1.0 0.283548 0.475151 1.0 0.296735 0.475497 1.0
0 0.239258 0.544366 0.03125 0.066197 0.235997 0.537676 1.0 0.250819 0.536821 1.0 0.248744 0.546227 1.0 0.241333 0.56162 1.0 0.252302 0.55991 1.0
0 0.129883 0.485915 0.042969 0.08169 0.128191 0.479866 1.0 0.145351 0.473679 1.0 0.141776 0.49121 1.0 0.133911 0.5041 1.0 0.144278 0.501521 1.0
0 0.013672 0.421127 0.027344 0.073239 0.000628 0.413217 1.0 0.017403 0.412286 1.0 0.009661 0.424383 1.0 0.001596 0.441134 1.0 0.016759 0.437411 1.0