0 0.832031 0.371157 0.015625 0.027818 0.828125 0.370425 1.0 0.835938 0.371889 1.0 0.831055 0.377745 1.0 0.829102 0.383602 1.0 0.833984 0.385066 1.0
0 0.712891 0.3653 0.017578 0.033675 0.707311 0.361032 1.0 0.713497 0.360817 1.0 0.708605 0.367287 1.0 0.707454 0.373974 1.0 0.712777 0.374189 1.0
0 0.555664 0.346266 0.015625 0.030747 0.551526 0.345861 1.0 0.558555 0.346469 1.0 0.554771 0.349508 1.0 0.551392 0.355993 1.0 0.557338 0.355385 1.0
0 0.751465 0.393119 0.008789 0.019034 0.0 0.0 0.0 0.0 0.0 0.0 0.0 0.0 0.0 0.0 0.0 0.0 0.0 0.0 0.0
0 0.501953 0.378477 0.017578 0.030747 0.497541 0.372555 1.0 0.504604 0.372555 1.0 0.500288 0.377066 1.0 0.497803 0.384124 1.0 0.502772 0.384124 1.0
0 0.209961 0.402635 0.015625 0.032211 0.206055 0.401171 1.0 0.208008 0.401171 1.0 0.204102 0.409956 1.0 0.208984 0.412884 1.0 0.209961 0.412884 1.0
0 0.785645 0.88653 0.041992 0.083455 0.775622 0.882294 1.0 0.793632 0.878589 1.0 0.783744 0.89553 1.0 0.781979 0.911414 1.0 0.79469 0.907179 1.0
0 0.511719 0.7306 0.009766 0.035139 0.515625 0.724744 1.0 0.514648 0.724744 1.0 0.519531 0.7306 1.0 0.516602 0.739385 1.0 0.515625 0.739385 1.0
0 0.429199 0.699854 0.014648 0.043924 0.435547 0.696925 1.0 0.43457 0.695461 1.0 0.438477 0.702782 1.0 0.433594 0.713031 1.0 0.432617 0.713031 1.0
0 0.311523 0.658126 0.009766 0.027818 0.0 0.0 0.0 0.0 0.0 0.0 0.0 0.0 0.0 0.0 0.0 0.0 0.0 0.0 0.0
0 0.244629 0.724744 0.016602 0.038067 0.249023 0.717423 1.0 0.248047 0.717423 1.0 0.25293 0.726208 1.0 0.249023 0.736457 1.0 0.248047 0.734993 1.0
0 0.141113 0.893119 0.043945 0.079063 0.145046 0.894649 1.0 0.158308 0.894138 1.0 0.154907 0.916571 1.0 0.137225 0.91963 1.0 0.147086 0.92065 1.0
0 0.173828 0.816984 0.013672 0.046852 0.176348 0.807663 1.0 0.177952 0.806761 1.0 0.179155 0.816684 1.0 0.176348 0.829612 1.0 0.177551 0.829312 1.0
0 0.096191 0.781845 0.016602 0.055637 0.101824 0.772969 1.0 0.103472 0.770851 1.0 0.104885 0.784616 1.0 0.099234 0.795911 1.0 0.100646 0.794146 1.0
0 0.258301 0.937042 0.018555 0.055637 0.0 0.0 0.0 0.0 0.0 0.0 0.0 0.0 0.0 0.0 0.0 0.0 0.0 0.0 0.0
0 0.374023 0.651537 0.007812 0.029283 0.37793 0.645681 1.0 0.375977 0.644217 1.0 0.378906 0.651537 1.0 0.375977 0.658858 1.0 0.375 0.657394 1.0