0 0.875977 0.571746 0.035156 0.048817 0.878017 0.563398 1.0 0.888672 0.562712 1.0 0.887085 0.580911 1.0 0.874163 0.581942 1.0 0.879377 0.584003 1.0
0 0.731445 0.39571 0.03125 0.060651 0.727539 0.383136 1.0 0.743164 0.389053 1.0 0.735352 0.392012 1.0 0.727539 0.403846 1.0 0.735352 0.408284 1.0
0 0.588379 0.700444 0.12207 0.196746 0.562482 0.661216 1.0 0.619855 0.662457 1.0 0.591169 0.705911 1.0 0.561663 0.764265 1.0 0.612479 0.76799 1.0
0 0.206543 0.514793 0.036133 0.085799 0.195435 0.494868 1.0 0.207737 0.50309 1.0 0.18856 0.50912 1.0 0.205204 0.530497 1.0 0.205204 0.530497 1.0
0 0.050293 0.512574 0.032227 0.063609 0.037615 0.50626 1.0 0.055167 0.503843 1.0 0.044796 0.517138 1.0 0.04054 0.531639 1.0 0.054901 0.529626 1.0
0 0.401855 0.844675 0.016602 0.026627 0.0 0.0 0.0 0.0 0.0 0.0 0.0 0.0 0.0 0.0 0.0 0.0 0.0 0.0 0.0
0 0.337891 0.852071 0.009766 0.017751 0.0 0.0 0.0 0.0 0.0 0.0 0.0 0.0 0.0 0.0 0.0 0.0 0.0 0.0 0.0
0 0.647949 0.857988 0.018555 0.026627 0.0 0.0 0.0 0.0 0.0 0.0 0.0 0.0 0.0 0.0 0.0 0.0 0.0 0.0 0.0
0 0.521484 0.849112 0.017578 0.023669 0.0 0.0 0.0 0.0 0.0 0.0 0.0 0.0 0.0 0.0 0.0 0.0 0.0 0.0 0.0
0 0.58252 0.851331 0.018555 0.028107 0.0 0.0 0.0 0.0 0.0 0.0 0.0 0.0 0.0 0.0 0.0 0.0 0.0 0.0 0.0
0 0.458984 0.840976 0.017578 0.022189 0.0 0.0 0.0 0.0 0.0 0.0 0.0 0.0 0.0 0.0 0.0 0.0 0.0 0.0 0.0