0 0.923828 0.475967 0.015625 0.032825 0.920838 0.471733 1.0 0.92334 0.472592 1.0 0.916727 0.476883 1.0 0.91905 0.482891 1.0 0.920838 0.483535 1.0
0 0.87793 0.413247 0.015625 0.024619 0.870972 0.409762 1.0 0.877642 0.411803 1.0 0.872018 0.416828 1.0 0.871626 0.419182 1.0 0.876072 0.420596 1.0
0 0.911133 0.362837 0.011719 0.012896 0.0 0.0 0.0 0.0 0.0 0.0 0.0 0.0 0.0 0.0 0.0 0.0 0.0 0.0 0.0
0 0.876953 0.330012 0.013672 0.017585 0.872916 0.328274 1.0 0.877999 0.329196 1.0 0.873107 0.330808 1.0 0.871957 0.334032 1.0 0.873396 0.334952 1.0
0 0.894043 0.300117 0.012695 0.018757 0.0 0.0 0.0 0.0 0.0 0.0 0.0 0.0 0.0 0.0 0.0 0.0 0.0 0.0 0.0
0 0.936035 0.313013 0.010742 0.016413 0.0 0.0 0.0 0.0 0.0 0.0 0.0 0.0 0.0 0.0 0.0 0.0 0.0 0.0 0.0
0 0.864746 0.28136 0.010742 0.014068 0.0 0.0 0.0 0.0 0.0 0.0 0.0 0.0 0.0 0.0 0.0 0.0 0.0 0.0 0.0
0 0.774414 0.370457 0.011719 0.016413 0.0 0.0 0.0 0.0 0.0 0.0 0.0 0.0 0.0 0.0 0.0 0.0 0.0 0.0 0.0
0 0.728516 0.434936 0.013672 0.023447 0.0 0.0 0.0 0.0 0.0 0.0 0.0 0.0 0.0 0.0 0.0 0.0 0.0 0.0 0.0
0 0.754883 0.498828 0.015625 0.026964 0.0 0.0 0.0 0.0 0.0 0.0 0.0 0.0 0.0 0.0 0.0 0.0 0.0 0.0 0.0
0 0.810059 0.5932 0.020508 0.028136 0.801078 0.591495 1.0 0.805524 0.591672 1.0 0.801522 0.598968 1.0 0.80419 0.601993 1.0 0.808785 0.600392 1.0
0 0.709961 0.345252 0.015625 0.022274 0.0 0.0 0.0 0.0 0.0 0.0 0.0 0.0 0.0 0.0 0.0 0.0 0.0 0.0 0.0
0 0.744141 0.284877 0.009766 0.011723 0.0 0.0 0.0 0.0 0.0 0.0 0.0 0.0 0.0 0.0 0.0 0.0 0.0 0.0 0.0
0 0.77832 0.286635 0.009766 0.010551 0.0 0.0 0.0 0.0 0.0 0.0 0.0 0.0 0.0 0.0 0.0 0.0 0.0 0.0 0.0
0 0.714844 0.276671 0.007812 0.011723 0.0 0.0 0.0 0.0 0.0 0.0 0.0 0.0 0.0 0.0 0.0 0.0 0.0 0.0 0.0
0 0.683105 0.270809 0.012695 0.014068 0.0 0.0 0.0 0.0 0.0 0.0 0.0 0.0 0.0 0.0 0.0 0.0 0.0 0.0 0.0
0 0.74707 0.243845 0.009766 0.011723 0.0 0.0 0.0 0.0 0.0 0.0 0.0 0.0 0.0 0.0 0.0 0.0 0.0 0.0 0.0
0 0.607422 0.298359 0.011719 0.01993 0.0 0.0 0.0 0.0 0.0 0.0 0.0 0.0 0.0 0.0 0.0 0.0 0.0 0.0 0.0
0 0.556641 0.345838 0.015625 0.023447 0.551475 0.345556 1.0 0.556026 0.346011 1.0 0.551728 0.35026 1.0 0.553371 0.353448 1.0 0.556152 0.3536 1.0
0 0.51123 0.312427 0.012695 0.017585 0.0 0.0 0.0 0.0 0.0 0.0 0.0 0.0 0.0 0.0 0.0 0.0 0.0 0.0 0.0
0 0.456055 0.337046 0.015625 0.01993 0.453604 0.336528 1.0 0.459163 0.334172 1.0 0.456983 0.339144 1.0 0.456111 0.342023 1.0 0.460145 0.340845 1.0
0 0.428711 0.312427 0.009766 0.012896 0.0 0.0 0.0 0.0 0.0 0.0 0.0 0.0 0.0 0.0 0.0 0.0 0.0 0.0 0.0
0 0.365723 0.3517 0.018555 0.023447 0.0 0.0 0.0 0.0 0.0 0.0 0.0 0.0 0.0 0.0 0.0 0.0 0.0 0.0 0.0
0 0.369629 0.286049 0.008789 0.014068 0.0 0.0 0.0 0.0 0.0 0.0 0.0 0.0 0.0 0.0 0.0 0.0 0.0 0.0 0.0
0 0.335449 0.293083 0.010742 0.014068 0.0 0.0 0.0 0.0 0.0 0.0 0.0 0.0 0.0 0.0 0.0 0.0 0.0 0.0 0.0
0 0.268066 0.317702 0.010742 0.011723 0.0 0.0 0.0 0.0 0.0 0.0 0.0 0.0 0.0 0.0 0.0 0.0 0.0 0.0 0.0
0 0.271484 0.342321 0.011719 0.021102 0.271484 0.340824 1.0 0.276358 0.340008 1.0 0.274432 0.345179 1.0 0.272731 0.349669 1.0 0.275905 0.349125 1.0
0 0.287109 0.474209 0.013672 0.024619 0.0 0.0 0.0 0.0 0.0 0.0 0.0 0.0 0.0 0.0 0.0 0.0 0.0 0.0 0.0
0 0.300293 0.402696 0.018555 0.024619 0.0 0.0 0.0 0.0 0.0 0.0 0.0 0.0 0.0 0.0 0.0 0.0 0.0 0.0 0.0
0 0.172852 0.408558 0.015625 0.022274 0.0 0.0 0.0 0.0 0.0 0.0 0.0 0.0 0.0 0.0 0.0 0.0 0.0 0.0 0.0
0 0.115234 0.440211 0.017578 0.024619 0.117885 0.437113 1.0 0.119847 0.434286 1.0 0.123378 0.438996 1.0 0.118932 0.445748 1.0 0.120894 0.445121 1.0
0 0.248535 0.318288 0.008789 0.012896 0.0 0.0 0.0 0.0 0.0 0.0 0.0 0.0 0.0 0.0 0.0 0.0 0.0 0.0 0.0
0 0.211426 0.270809 0.010742 0.014068 0.0 0.0 0.0 0.0 0.0 0.0 0.0 0.0 0.0 0.0 0.0 0.0 0.0 0.0 0.0
0 0.083008 0.318288 0.013672 0.01524 0.0 0.0 0.0 0.0 0.0 0.0 0.0 0.0 0.0 0.0 0.0 0.0 0.0 0.0 0.0
0 0.069336 0.385698 0.015625 0.018757 0.0 0.0 0.0 0.0 0.0 0.0 0.0 0.0 0.0 0.0 0.0 0.0 0.0 0.0 0.0
0 0.298828 0.286049 0.009766 0.016413 0.0 0.0 0.0 0.0 0.0 0.0 0.0 0.0 0.0 0.0 0.0 0.0 0.0 0.0 0.0