0 0.063477 0.090686 0.025391 0.036275 0.057442 0.089294 1.0 0.070613 0.086511 1.0 0.06553 0.094629 1.0 0.061371 0.101125 1.0 0.071307 0.099965 1.0
0 0.109375 0.114706 0.027344 0.029412 0.099701 0.109134 1.0 0.107199 0.111957 1.0 0.100639 0.118921 1.0 0.104763 0.123061 1.0 0.110012 0.124002 1.0
0 0.23291 0.162745 0.02832 0.039216 0.224958 0.157266 1.0 0.235396 0.154522 1.0 0.228686 0.1645 1.0 0.227194 0.172483 1.0 0.238377 0.170737 1.0
0 0.241211 0.105882 0.027344 0.039216 0.231785 0.103147 1.0 0.237004 0.104394 1.0 0.228804 0.112377 1.0 0.234768 0.120111 1.0 0.237004 0.119862 1.0
0 0.327637 0.135784 0.038086 0.046078 0.315465 0.134218 1.0 0.325396 0.125714 1.0 0.322475 0.139203 1.0 0.32744 0.149173 1.0 0.335911 0.140669 1.0
0 0.38623 0.160784 0.040039 0.047059 0.369926 0.150368 1.0 0.387713 0.147094 1.0 0.375558 0.158999 1.0 0.376151 0.170903 1.0 0.38712 0.168523 1.0
0 0.672852 0.045098 0.041016 0.054902 0.684013 0.034244 1.0 0.684361 0.034594 1.0 0.683663 0.052451 1.0 0.670759 0.055952 1.0 0.674596 0.059104 1.0
0 0.741699 0.088725 0.040039 0.059804 0.735962 0.076943 1.0 0.743836 0.074309 1.0 0.728088 0.082213 1.0 0.728463 0.098022 1.0 0.738586 0.096516 1.0
0 0.754395 0.437745 0.032227 0.044118 0.744507 0.425888 1.0 0.764832 0.428646 1.0 0.748627 0.438573 1.0 0.744232 0.442432 1.0 0.756317 0.446018 1.0
0 0.802734 0.409314 0.041016 0.05 0.791748 0.405042 1.0 0.808698 0.402206 1.0 0.800537 0.415441 1.0 0.799596 0.419853 1.0 0.812151 0.417962 1.0
0 0.222656 0.790196 0.017578 0.021569 0.222168 0.791597 1.0 0.230538 0.790476 1.0 0.22747 0.796919 1.0 0.220772 0.797899 1.0 0.226074 0.797339 1.0
0 0.347656 0.784314 0.015625 0.023529 0.340498 0.783719 1.0 0.346427 0.785653 1.0 0.341535 0.788629 1.0 0.343018 0.790713 1.0 0.347316 0.791606 1.0
0 0.641113 0.839706 0.043945 0.053922 0.632124 0.836484 1.0 0.654228 0.841264 1.0 0.641305 0.850823 1.0 0.628383 0.85492 1.0 0.644365 0.858675 1.0