0 0.725586 0.197942 0.111328 0.163438 0.690647 0.175772 1.0 0.733721 0.162423 1.0 0.706386 0.210686 1.0 0.703901 0.237385 1.0 0.740348 0.232251 1.0
0 0.574707 0.33293 0.030273 0.041162 0.567522 0.330162 1.0 0.57945 0.326271 1.0 0.575056 0.337167 1.0 0.574847 0.345469 1.0 0.580287 0.343912 1.0
0 0.428223 0.303269 0.09082 0.153753 0.412214 0.281499 1.0 0.451791 0.278613 1.0 0.431614 0.313246 1.0 0.415318 0.333449 1.0 0.452567 0.3296 1.0
0 0.129883 0.464891 0.0625 0.099274 0.104614 0.45486 1.0 0.126866 0.453607 1.0 0.108154 0.471787 1.0 0.108154 0.488715 1.0 0.123832 0.488715 1.0
0 0.210449 0.412228 0.038086 0.054479 0.199707 0.404358 1.0 0.220354 0.404358 1.0 0.208077 0.410931 1.0 0.201103 0.426496 1.0 0.214216 0.426841 1.0
0 0.064941 0.385593 0.043945 0.054479 0.050781 0.376513 1.0 0.071289 0.375303 1.0 0.0625 0.389831 1.0 0.055664 0.401937 1.0 0.069336 0.400726 1.0
0 0.134277 0.315981 0.024414 0.038741 0.129177 0.310792 1.0 0.140006 0.310295 1.0 0.136195 0.318748 1.0 0.131182 0.324714 1.0 0.139003 0.324714 1.0
0 0.025391 0.300242 0.029297 0.041162 0.017578 0.294189 1.0 0.032227 0.290557 1.0 0.023438 0.301453 1.0 0.020508 0.309927 1.0 0.029297 0.309927 1.0
0 0.201172 0.311743 0.023438 0.042373 0.191528 0.306544 1.0 0.195452 0.306274 1.0 0.189566 0.316542 1.0 0.194362 0.323028 1.0 0.199376 0.322488 1.0
0 0.259277 0.275424 0.018555 0.027845 0.250977 0.267554 1.0 0.262695 0.268765 1.0 0.256836 0.27724 1.0 0.253906 0.283293 1.0 0.262695 0.283293 1.0
0 0.163574 0.299637 0.020508 0.032688 0.161133 0.297821 1.0 0.169922 0.297821 1.0 0.164062 0.305085 1.0 0.161133 0.309927 1.0 0.170898 0.309927 1.0
0 0.175781 0.239709 0.019531 0.026634 0.170898 0.234867 1.0 0.179688 0.233656 1.0 0.174805 0.24092 1.0 0.173828 0.245763 1.0 0.179688 0.244552 1.0
0 0.261719 0.233656 0.019531 0.026634 0.260502 0.229533 1.0 0.269692 0.230202 1.0 0.264962 0.235731 1.0 0.261313 0.241093 1.0 0.265773 0.241429 1.0
0 0.112793 0.225182 0.018555 0.029056 0.109375 0.22276 1.0 0.118164 0.22276 1.0 0.114258 0.228814 1.0 0.111328 0.234867 1.0 0.117188 0.234867 1.0
0 0.310547 0.241525 0.017578 0.030266 0.307617 0.238499 1.0 0.316406 0.237288 1.0 0.3125 0.243341 1.0 0.308594 0.249395 1.0 0.31543 0.249395 1.0
0 0.520996 0.311138 0.026367 0.046005 0.519531 0.303874 1.0 0.530273 0.300242 1.0 0.53125 0.313559 1.0 0.522461 0.325666 1.0 0.529297 0.323245 1.0
0 0.518555 0.228208 0.019531 0.030266 0.516602 0.22276 1.0 0.524414 0.223971 1.0 0.520508 0.230024 1.0 0.517578 0.234867 1.0 0.522461 0.234867 1.0
0 0.483887 0.191283 0.012695 0.021792 0.480469 0.190073 1.0 0.488281 0.192494 1.0 0.483398 0.194915 1.0 0.480469 0.198547 1.0 0.485352 0.199758 1.0
0 0.604492 0.263923 0.025391 0.038741 0.599609 0.260291 1.0 0.610352 0.255448 1.0 0.605469 0.265133 1.0 0.603516 0.273608 1.0 0.612305 0.272397 1.0
0 0.584473 0.141041 0.022461 0.03753 0.583984 0.135593 1.0 0.59375 0.135593 1.0 0.592773 0.142857 1.0 0.585938 0.152542 1.0 0.592773 0.152542 1.0
0 0.609375 0.177361 0.015625 0.027845 0.611328 0.173123 1.0 0.614258 0.173123 1.0 0.617188 0.179177 1.0 0.612305 0.184019 1.0 0.616211 0.184019 1.0
0 0.65918 0.231235 0.013672 0.021792 0.65625 0.226392 1.0 0.662109 0.223971 1.0 0.664062 0.230024 1.0 0.661133 0.234867 1.0 0.666016 0.234867 1.0
0 0.665527 0.188862 0.014648 0.021792 0.0 0.0 0.0 0.0 0.0 0.0 0.0 0.0 0.0 0.0 0.0 0.0 0.0 0.0 0.0
0 0.649902 0.163438 0.012695 0.024213 0.648438 0.162228 1.0 0.65332 0.162228 1.0 0.651367 0.16586 1.0 0.648438 0.170702 1.0 0.65332 0.170702 1.0
0 0.898926 0.188862 0.014648 0.021792 0.895508 0.184019 1.0 0.902344 0.184019 1.0 0.898438 0.188862 1.0 0.896484 0.193705 1.0 0.901367 0.192494 1.0
0 0.946777 0.189467 0.014648 0.023002 0.941406 0.186441 1.0 0.946289 0.18523 1.0 0.942383 0.191283 1.0 0.942383 0.196126 1.0 0.946289 0.194915 1.0
0 0.927246 0.164649 0.014648 0.021792 0.924805 0.162228 1.0 0.931641 0.161017 1.0 0.927734 0.16707 1.0 0.925781 0.171913 1.0 0.929688 0.171913 1.0
0 0.897461 0.163438 0.019531 0.024213 0.890625 0.159806 1.0 0.896484 0.159806 1.0 0.891602 0.16586 1.0 0.891602 0.170702 1.0 0.895508 0.169492 1.0
0 0.855957 0.160412 0.014648 0.023002 0.853516 0.157385 1.0 0.859375 0.156174 1.0 0.855469 0.161017 1.0 0.853516 0.164649 1.0 0.858398 0.164649 1.0
0 0.816895 0.163438 0.014648 0.021792 0.8125 0.162228 1.0 0.818359 0.161017 1.0 0.81543 0.16586 1.0 0.8125 0.169492 1.0 0.817383 0.170702 1.0
0 0.332031 0.187046 0.013672 0.020581 0.330078 0.18523 1.0 0.335938 0.18523 1.0 0.332031 0.190073 1.0 0.329102 0.194915 1.0 0.333984 0.194915 1.0
0 0.369629 0.177966 0.012695 0.024213 0.366211 0.175545 1.0 0.371094 0.175545 1.0 0.367188 0.180387 1.0 0.366211 0.18523 1.0 0.370117 0.186441 1.0
0 0.228027 0.196731 0.014648 0.025424 0.223633 0.196126 1.0 0.232422 0.194915 1.0 0.228516 0.202179 1.0 0.226562 0.205811 1.0 0.232422 0.2046 1.0
0 0.046875 0.141041 0.021484 0.035109 0.041992 0.139225 1.0 0.052734 0.139225 1.0 0.046875 0.144068 1.0 0.042969 0.152542 1.0 0.050781 0.152542 1.0
0 0.116699 0.179177 0.012695 0.021792 0.112305 0.175545 1.0 0.120117 0.175545 1.0 0.116211 0.180387 1.0 0.113281 0.184019 1.0 0.119141 0.184019 1.0
0 0.178223 0.168886 0.010742 0.015738 0.176758 0.16586 1.0 0.181641 0.16586 1.0 0.178711 0.170702 1.0 0.176758 0.173123 1.0 0.180664 0.173123 1.0
0 0.215332 0.160412 0.010742 0.01816 0.213867 0.156174 1.0 0.21875 0.156174 1.0 0.216797 0.161017 1.0 0.213867 0.164649 1.0 0.21875 0.164649 1.0
0 0.333984 0.155569 0.013672 0.01816 0.331055 0.141646 1.0 0.335938 0.140436 1.0 0.333984 0.145278 1.0 0.332031 0.14891 1.0 0.335938 0.14891 1.0