0 0.727051 0.652344 0.063477 0.09375 0.722072 0.642148 1.0 0.747863 0.64452 1.0 0.737191 0.669422 1.0 0.721183 0.676536 1.0 0.737636 0.678909 1.0
0 0.759766 0.870443 0.03125 0.113281 0.0 0.0 0.0 0.0 0.0 0.0 0.0 0.0 0.0 0.0 0.0 0.0 0.0 0.0 0.0
0 0.023926 0.595052 0.036133 0.057292 0.015076 0.590372 1.0 0.031555 0.580852 1.0 0.029083 0.597697 1.0 0.023865 0.611247 1.0 0.034302 0.604655 1.0
0 0.226562 0.469401 0.015625 0.029948 0.226623 0.465587 1.0 0.232701 0.463809 1.0 0.23359 0.470529 1.0 0.229736 0.477643 1.0 0.230181 0.478237 1.0
0 0.259766 0.419922 0.013672 0.02474 0.25647 0.420085 1.0 0.262695 0.419759 1.0 0.258301 0.42806 1.0 0.259277 0.431641 1.0 0.261719 0.431478 1.0
0 0.262207 0.453776 0.012695 0.02474 0.0 0.0 0.0 0.0 0.0 0.0 0.0 0.0 0.0 0.0 0.0 0.0 0.0 0.0 0.0
0 0.341797 0.516927 0.023438 0.033854 0.33898 0.510301 1.0 0.348258 0.509638 1.0 0.343122 0.518031 1.0 0.339809 0.525542 1.0 0.345938 0.525763 1.0
0 0.315918 0.462891 0.014648 0.02474 0.0 0.0 0.0 0.0 0.0 0.0 0.0 0.0 0.0 0.0 0.0 0.0 0.0 0.0 0.0
0 0.39209 0.438802 0.012695 0.026042 0.0 0.0 0.0 0.0 0.0 0.0 0.0 0.0 0.0 0.0 0.0 0.0 0.0 0.0 0.0
0 0.418945 0.477865 0.015625 0.03125 0.420929 0.473348 1.0 0.425049 0.471109 1.0 0.426728 0.479247 1.0 0.421539 0.485758 1.0 0.423828 0.484538 1.0
0 0.670898 0.499349 0.03125 0.050781 0.0 0.0 0.0 0.0 0.0 0.0 0.0 0.0 0.0 0.0 0.0 0.0 0.0 0.0 0.0
0 0.644531 0.538411 0.025391 0.048177 0.0 0.0 0.0 0.0 0.0 0.0 0.0 0.0 0.0 0.0 0.0 0.0 0.0 0.0 0.0
0 0.725586 0.476562 0.019531 0.046875 0.0 0.0 0.0 0.0 0.0 0.0 0.0 0.0 0.0 0.0 0.0 0.0 0.0 0.0 0.0
0 0.742188 0.438151 0.017578 0.027344 0.0 0.0 0.0 0.0 0.0 0.0 0.0 0.0 0.0 0.0 0.0 0.0 0.0 0.0 0.0
0 0.78125 0.483073 0.023438 0.044271 0.77301 0.473878 1.0 0.778778 0.473592 1.0 0.772797 0.483561 1.0 0.777069 0.490682 1.0 0.783478 0.490966 1.0
0 0.804688 0.509766 0.019531 0.058594 0.798897 0.509858 1.0 0.803642 0.509115 1.0 0.794434 0.521392 1.0 0.801688 0.530691 1.0 0.805315 0.529948 1.0
0 0.812988 0.423177 0.016602 0.028646 0.807608 0.419841 1.0 0.815233 0.420799 1.0 0.81063 0.426362 1.0 0.808472 0.431926 1.0 0.812932 0.431926 1.0
0 0.830078 0.420573 0.015625 0.03125 0.0 0.0 0.0 0.0 0.0 0.0 0.0 0.0 0.0 0.0 0.0 0.0 0.0 0.0 0.0
0 0.970703 0.483073 0.017578 0.03125 0.0 0.0 0.0 0.0 0.0 0.0 0.0 0.0 0.0 0.0 0.0 0.0 0.0 0.0 0.0
0 0.976562 0.462891 0.015625 0.029948 0.971471 0.462507 1.0 0.978808 0.462891 1.0 0.978088 0.469797 1.0 0.973772 0.47651 1.0 0.978376 0.47651 1.0