0 0.438477 0.162921 0.113281 0.151685 0.411032 0.147138 1.0 0.457955 0.147138 1.0 0.430001 0.178726 1.0 0.412031 0.200743 1.0 0.457955 0.202657 1.0
0 0.939453 0.414794 0.089844 0.067416 0.910156 0.413189 1.0 0.9375 0.418005 1.0 0.925781 0.43245 1.0 0.9375 0.434055 1.0 0.94587 0.434055 1.0
0 0.893555 0.275281 0.060547 0.065543 0.886144 0.269846 1.0 0.909249 0.265249 1.0 0.902274 0.278625 1.0 0.893555 0.294927 1.0 0.912737 0.291583 1.0
0 0.986816 0.281835 0.026367 0.031835 0.983398 0.279026 1.0 0.995117 0.27809 1.0 0.989258 0.282772 1.0 0.986328 0.290262 1.0 0.995117 0.290262 1.0
0 0.831055 0.340356 0.019531 0.023408 0.0 0.0 0.0 0.0 0.0 0.0 0.0 0.0 0.0 0.0 0.0 0.0 0.0 0.0 0.0
0 0.804199 0.299157 0.026367 0.029026 0.797485 0.295563 1.0 0.80746 0.295195 1.0 0.802089 0.300528 1.0 0.798444 0.305862 1.0 0.807844 0.305678 1.0
0 0.868164 0.311798 0.023438 0.035581 0.0 0.0 0.0 0.0 0.0 0.0 0.0 0.0 0.0 0.0 0.0 0.0 0.0 0.0 0.0
0 0.751465 0.31367 0.022461 0.026217 0.743957 0.308232 1.0 0.75647 0.307204 1.0 0.75075 0.314573 1.0 0.74646 0.320572 1.0 0.756112 0.320057 1.0
0 0.70752 0.373596 0.018555 0.022472 0.702148 0.36985 1.0 0.710938 0.36985 1.0 0.705078 0.374532 1.0 0.703125 0.379213 1.0 0.708984 0.379213 1.0
0 0.692383 0.325375 0.021484 0.027154 0.689331 0.323736 1.0 0.697021 0.322858 1.0 0.694641 0.328652 1.0 0.690796 0.335148 1.0 0.697021 0.33427 1.0
0 0.675781 0.303839 0.021484 0.023408 0.671979 0.302167 1.0 0.678571 0.300963 1.0 0.676217 0.304875 1.0 0.673706 0.307885 1.0 0.678886 0.30638 1.0
0 0.728027 0.319288 0.016602 0.020599 0.726562 0.323034 1.0 0.733398 0.318352 1.0 0.732422 0.325843 1.0 0.734375 0.331461 1.0 0.738281 0.328652 1.0
0 0.708008 0.317416 0.017578 0.022472 0.706438 0.316195 1.0 0.711626 0.316195 1.0 0.708068 0.31989 1.0 0.706587 0.323159 1.0 0.710292 0.323159 1.0
0 0.823242 0.293071 0.017578 0.022472 0.0 0.0 0.0 0.0 0.0 0.0 0.0 0.0 0.0 0.0 0.0 0.0 0.0 0.0 0.0