0 0.270508 0.035786 0.037109 0.031438 0.269531 0.030769 1.0 0.28418 0.031438 1.0 0.27832 0.037458 1.0 0.272461 0.041472 1.0 0.282227 0.04214 1.0
0 0.240723 0.084615 0.049805 0.044816 0.226907 0.076854 1.0 0.235604 0.076571 1.0 0.222766 0.0865 1.0 0.229392 0.096712 1.0 0.239332 0.096996 1.0
0 0.166016 0.161873 0.074219 0.070903 0.174783 0.136177 1.0 0.186476 0.131728 1.0 0.201416 0.155755 1.0 0.178031 0.174886 1.0 0.189074 0.171772 1.0
0 0.505371 0.092308 0.114258 0.10301 0.474296 0.079384 1.0 0.53833 0.083899 1.0 0.501604 0.099379 1.0 0.479004 0.110344 1.0 0.523263 0.113569 1.0
0 0.702637 0.085619 0.106445 0.097659 0.698556 0.070801 1.0 0.744358 0.073877 1.0 0.730888 0.093562 1.0 0.699454 0.110171 1.0 0.729091 0.112631 1.0
0 0.510254 0.379264 0.09082 0.073579 0.471248 0.366896 1.0 0.514496 0.371062 1.0 0.488142 0.392353 1.0 0.489493 0.399758 1.0 0.51382 0.400684 1.0
0 0.62207 0.391304 0.060547 0.065552 0.597403 0.384299 1.0 0.611843 0.387595 1.0 0.60342 0.402431 1.0 0.62929 0.409848 1.0 0.633501 0.409436 1.0
0 0.251953 0.503344 0.039062 0.071572 0.25327 0.494108 1.0 0.260511 0.489599 1.0 0.27236 0.504028 1.0 0.251953 0.522967 1.0 0.260511 0.520261 1.0
0 0.401367 0.754849 0.044922 0.040803 0.391018 0.750433 1.0 0.413774 0.748355 1.0 0.403534 0.756928 1.0 0.394811 0.763942 1.0 0.409981 0.761344 1.0
0 0.163574 0.808361 0.02832 0.027425 0.161133 0.8 1.0 0.178711 0.8 1.0 0.178711 0.808696 1.0 0.169922 0.814716 1.0 0.179688 0.814716 1.0
0 0.188477 0.798328 0.019531 0.019398 0.174805 0.79398 1.0 0.189453 0.793311 1.0 0.183594 0.8 1.0 0.180664 0.806689 1.0 0.188477 0.806689 1.0
0 0.246094 0.781605 0.025391 0.023411 0.248047 0.779933 1.0 0.263672 0.780602 1.0 0.257812 0.785284 1.0 0.250977 0.790635 1.0 0.260742 0.790635 1.0
0 0.668457 0.79398 0.02832 0.034783 0.659376 0.782746 1.0 0.679426 0.782746 1.0 0.673379 0.792773 1.0 0.662877 0.800839 1.0 0.675925 0.799749 1.0
0 0.829102 0.772575 0.033203 0.041472 0.817383 0.767224 1.0 0.829102 0.767224 1.0 0.817383 0.775251 1.0 0.818359 0.784615 1.0 0.827148 0.783946 1.0
0 0.91748 0.79699 0.055664 0.039465 0.912288 0.787646 1.0 0.935809 0.786407 1.0 0.927124 0.796321 1.0 0.914821 0.8045 1.0 0.930742 0.8045 1.0
0 0.855469 0.186288 0.083984 0.079599 0.83241 0.164674 1.0 0.876095 0.176642 1.0 0.853524 0.186118 1.0 0.835323 0.197088 1.0 0.858621 0.204569 1.0
0 0.974121 0.129431 0.049805 0.074247 0.980469 0.107023 1.0 0.993164 0.107023 1.0 0.992188 0.122408 1.0 0.980469 0.139799 1.0 0.995117 0.141137 1.0
0 0.300293 0.604013 0.067383 0.052174 0.288766 0.598758 1.0 0.309387 0.610911 1.0 0.287807 0.611569 1.0 0.272461 0.612554 1.0 0.28445 0.620766 1.0
0 0.418945 0.578261 0.060547 0.055518 0.40611 0.567355 1.0 0.429774 0.565241 1.0 0.417942 0.579336 1.0 0.409712 0.591316 1.0 0.42926 0.589907 1.0
0 0.737793 0.79699 0.030273 0.036789 0.733224 0.791298 1.0 0.749547 0.792463 1.0 0.743086 0.797355 1.0 0.735944 0.806205 1.0 0.745806 0.805973 1.0
0 0.712891 0.827425 0.035156 0.032107 0.0 0.0 0.0 0.0 0.0 0.0 0.0 0.0 0.0 0.0 0.0 0.0 0.0 0.0 0.0
0 0.055664 0.804682 0.029297 0.028094 0.056641 0.801338 1.0 0.071289 0.801338 1.0 0.064453 0.806689 1.0 0.057617 0.811371 1.0 0.066406 0.81204 1.0
0 0.117676 0.832441 0.022461 0.035452 0.0 0.0 0.0 0.0 0.0 0.0 0.0 0.0 0.0 0.0 0.0 0.0 0.0 0.0 0.0
0 0.442871 0.034114 0.069336 0.061538 0.412301 0.020605 1.0 0.426841 0.022322 1.0 0.409794 0.033997 1.0 0.41932 0.043956 1.0 0.428345 0.046017 1.0
0 0.536621 0.785953 0.030273 0.028094 0.526367 0.781271 1.0 0.541992 0.783278 1.0 0.53125 0.787291 1.0 0.526367 0.794649 1.0 0.536133 0.794649 1.0
0 0.490723 0.783946 0.038086 0.033445 0.482422 0.779933 1.0 0.5 0.779933 1.0 0.491211 0.786622 1.0 0.485352 0.791304 1.0 0.498047 0.791973 1.0
0 0.984375 0.79097 0.03125 0.027425 0.0 0.0 0.0 0.0 0.0 0.0 0.0 0.0 0.0 0.0 0.0 0.0 0.0 0.0 0.0