0 0.937988 0.34985 0.036133 0.06006 0.936994 0.340311 1.0 0.951407 0.336108 1.0 0.948426 0.347571 1.0 0.939479 0.363619 1.0 0.951159 0.360179 1.0
0 0.909668 0.286036 0.016602 0.028529 0.910889 0.28491 1.0 0.915283 0.283596 1.0 0.913818 0.291104 1.0 0.910889 0.295045 1.0 0.91394 0.294107 1.0
0 0.848145 0.45045 0.043945 0.072072 0.835389 0.43982 1.0 0.856419 0.43982 1.0 0.84269 0.45958 1.0 0.838017 0.468562 1.0 0.853498 0.46991 1.0
0 0.917969 0.26952 0.009766 0.022523 0.0 0.0 0.0 0.0 0.0 0.0 0.0 0.0 0.0 0.0 0.0 0.0 0.0 0.0 0.0
0 0.81543 0.746246 0.066406 0.276276 0.804779 0.701859 1.0 0.81607 0.677553 1.0 0.788971 0.691441 1.0 0.784454 0.774775 1.0 0.791229 0.76783 1.0
0 0.994629 0.250751 0.008789 0.03003 0.0 0.0 0.0 0.0 0.0 0.0 0.0 0.0 0.0 0.0 0.0 0.0 0.0 0.0 0.0
0 0.959961 0.268769 0.011719 0.018018 0.0 0.0 0.0 0.0 0.0 0.0 0.0 0.0 0.0 0.0 0.0 0.0 0.0 0.0 0.0
0 0.84375 0.268018 0.011719 0.022523 0.834821 0.261811 1.0 0.841728 0.262401 1.0 0.836068 0.26771 1.0 0.836068 0.272281 1.0 0.84096 0.273167 1.0
0 0.875488 0.257508 0.010742 0.022523 0.0 0.0 0.0 0.0 0.0 0.0 0.0 0.0 0.0 0.0 0.0 0.0 0.0 0.0 0.0
0 0.836914 0.274024 0.009766 0.01952 0.0 0.0 0.0 0.0 0.0 0.0 0.0 0.0 0.0 0.0 0.0 0.0 0.0 0.0 0.0
0 0.827148 0.262012 0.005859 0.016517 0.0 0.0 0.0 0.0 0.0 0.0 0.0 0.0 0.0 0.0 0.0 0.0 0.0 0.0 0.0
0 0.914062 0.241742 0.003906 0.006006 0.0 0.0 0.0 0.0 0.0 0.0 0.0 0.0 0.0 0.0 0.0 0.0 0.0 0.0 0.0
0 0.815918 0.340841 0.024414 0.045045 0.806244 0.334902 1.0 0.816555 0.335767 1.0 0.808493 0.345278 1.0 0.805869 0.353637 1.0 0.814867 0.355366 1.0
0 0.817871 0.289039 0.012695 0.016517 0.0 0.0 0.0 0.0 0.0 0.0 0.0 0.0 0.0 0.0 0.0 0.0 0.0 0.0 0.0
0 0.825195 0.277778 0.009766 0.018018 0.0 0.0 0.0 0.0 0.0 0.0 0.0 0.0 0.0 0.0 0.0 0.0 0.0 0.0 0.0
0 0.748535 0.441441 0.026367 0.057057 0.73863 0.429859 1.0 0.745928 0.434926 1.0 0.737688 0.439632 1.0 0.736747 0.452662 1.0 0.740514 0.455197 1.0
0 0.666504 0.372372 0.032227 0.066066 0.666352 0.367821 1.0 0.680908 0.369511 1.0 0.680084 0.382179 1.0 0.667176 0.39147 1.0 0.673218 0.392736 1.0
0 0.682617 0.36036 0.011719 0.045045 0.0 0.0 0.0 0.0 0.0 0.0 0.0 0.0 0.0 0.0 0.0 0.0 0.0 0.0 0.0
0 0.612305 0.350601 0.017578 0.046547 0.607988 0.338233 1.0 0.610932 0.340044 1.0 0.604064 0.350601 1.0 0.60897 0.363571 1.0 0.611128 0.362667 1.0
0 0.698242 0.502252 0.037109 0.073574 0.700052 0.496541 1.0 0.706552 0.495114 1.0 0.714909 0.507964 1.0 0.703456 0.523192 1.0 0.709028 0.519862 1.0
0 0.592285 0.472222 0.03418 0.064565 0.0 0.0 0.0 0.0 0.0 0.0 0.0 0.0 0.0 0.0 0.0 0.0 0.0 0.0 0.0
0 0.5 0.56006 0.072266 0.12012 0.486206 0.533556 1.0 0.515271 0.531284 1.0 0.502956 0.554764 1.0 0.49064 0.582033 1.0 0.515271 0.582033 1.0
0 0.288574 0.521772 0.040039 0.070571 0.282536 0.514137 1.0 0.303275 0.507401 1.0 0.297726 0.528509 1.0 0.291007 0.54288 1.0 0.301814 0.539736 1.0
0 0.140137 0.483483 0.045898 0.081081 0.134835 0.475359 1.0 0.15339 0.46568 1.0 0.150408 0.483002 1.0 0.142787 0.500321 1.0 0.157697 0.494718 1.0
0 0.225098 0.779279 0.057617 0.327327 0.0 0.0 0.0 0.0 0.0 0.0 0.0 0.0 0.0 0.0 0.0 0.0 0.0 0.0 0.0
0 0.052734 0.572823 0.050781 0.085586 0.0 0.0 0.0 0.0 0.0 0.0 0.0 0.0 0.0 0.0 0.0 0.0 0.0 0.0 0.0
0 0.75 0.277778 0.009766 0.027027 0.0 0.0 0.0 0.0 0.0 0.0 0.0 0.0 0.0 0.0 0.0 0.0 0.0 0.0 0.0
0 0.719727 0.266517 0.007812 0.013514 0.0 0.0 0.0 0.0 0.0 0.0 0.0 0.0 0.0 0.0 0.0 0.0 0.0 0.0 0.0
0 0.699707 0.235736 0.006836 0.012012 0.0 0.0 0.0 0.0 0.0 0.0 0.0 0.0 0.0 0.0 0.0 0.0 0.0 0.0 0.0
0 0.687988 0.245495 0.006836 0.013514 0.0 0.0 0.0 0.0 0.0 0.0 0.0 0.0 0.0 0.0 0.0 0.0 0.0 0.0 0.0
0 0.739258 0.252252 0.005859 0.012012 0.0 0.0 0.0 0.0 0.0 0.0 0.0 0.0 0.0 0.0 0.0 0.0 0.0 0.0 0.0
0 0.759766 0.240991 0.003906 0.007508 0.0 0.0 0.0 0.0 0.0 0.0 0.0 0.0 0.0 0.0 0.0 0.0 0.0 0.0 0.0
0 0.762695 0.277027 0.005859 0.016517 0.0 0.0 0.0 0.0 0.0 0.0 0.0 0.0 0.0 0.0 0.0 0.0 0.0 0.0 0.0
0 0.739746 0.228228 0.006836 0.012012 0.0 0.0 0.0 0.0 0.0 0.0 0.0 0.0 0.0 0.0 0.0 0.0 0.0 0.0 0.0
0 0.640137 0.272523 0.012695 0.022523 0.637529 0.27015 1.0 0.642421 0.26956 1.0 0.640119 0.274574 1.0 0.638872 0.27885 1.0 0.642229 0.27826 1.0
0 0.651367 0.272523 0.009766 0.01952 0.0 0.0 0.0 0.0 0.0 0.0 0.0 0.0 0.0 0.0 0.0 0.0 0.0 0.0 0.0
0 0.655273 0.290541 0.007812 0.013514 0.0 0.0 0.0 0.0 0.0 0.0 0.0 0.0 0.0 0.0 0.0 0.0 0.0 0.0 0.0
0 0.666992 0.242492 0.005859 0.010511 0.0 0.0 0.0 0.0 0.0 0.0 0.0 0.0 0.0 0.0 0.0 0.0 0.0 0.0 0.0
0 0.660156 0.264264 0.007812 0.012012 0.0 0.0 0.0 0.0 0.0 0.0 0.0 0.0 0.0 0.0 0.0 0.0 0.0 0.0 0.0
0 0.631348 0.235736 0.008789 0.015015 0.0 0.0 0.0 0.0 0.0 0.0 0.0 0.0 0.0 0.0 0.0 0.0 0.0 0.0 0.0
0 0.614746 0.240991 0.006836 0.013514 0.0 0.0 0.0 0.0 0.0 0.0 0.0 0.0 0.0 0.0 0.0 0.0 0.0 0.0 0.0
0 0.621094 0.277027 0.007812 0.013514 0.0 0.0 0.0 0.0 0.0 0.0 0.0 0.0 0.0 0.0 0.0 0.0 0.0 0.0 0.0
0 0.65332 0.234985 0.007812 0.013514 0.0 0.0 0.0 0.0 0.0 0.0 0.0 0.0 0.0 0.0 0.0 0.0 0.0 0.0 0.0
0 0.607422 0.246997 0.007812 0.013514 0.0 0.0 0.0 0.0 0.0 0.0 0.0 0.0 0.0 0.0 0.0 0.0 0.0 0.0 0.0
0 0.595215 0.232733 0.006836 0.012012 0.0 0.0 0.0 0.0 0.0 0.0 0.0 0.0 0.0 0.0 0.0 0.0 0.0 0.0 0.0
0 0.60791 0.231231 0.004883 0.009009 0.0 0.0 0.0 0.0 0.0 0.0 0.0 0.0 0.0 0.0 0.0 0.0 0.0 0.0 0.0
0 0.62793 0.222222 0.005859 0.009009 0.0 0.0 0.0 0.0 0.0 0.0 0.0 0.0 0.0 0.0 0.0 0.0 0.0 0.0 0.0
0 0.57959 0.283784 0.008789 0.021021 0.0 0.0 0.0 0.0 0.0 0.0 0.0 0.0 0.0 0.0 0.0 0.0 0.0 0.0 0.0
0 0.589844 0.249249 0.005859 0.012012 0.0 0.0 0.0 0.0 0.0 0.0 0.0 0.0 0.0 0.0 0.0 0.0 0.0 0.0 0.0
0 0.568359 0.237237 0.005859 0.012012 0.0 0.0 0.0 0.0 0.0 0.0 0.0 0.0 0.0 0.0 0.0 0.0 0.0 0.0 0.0
0 0.543945 0.271021 0.009766 0.022523 0.0 0.0 0.0 0.0 0.0 0.0 0.0 0.0 0.0 0.0 0.0 0.0 0.0 0.0 0.0
0 0.539551 0.239489 0.008789 0.016517 0.0 0.0 0.0 0.0 0.0 0.0 0.0 0.0 0.0 0.0 0.0 0.0 0.0 0.0 0.0
0 0.557129 0.247748 0.006836 0.012012 0.0 0.0 0.0 0.0 0.0 0.0 0.0 0.0 0.0 0.0 0.0 0.0 0.0 0.0 0.0
0 0.543945 0.224474 0.005859 0.010511 0.0 0.0 0.0 0.0 0.0 0.0 0.0 0.0 0.0 0.0 0.0 0.0 0.0 0.0 0.0
0 0.55127 0.231231 0.004883 0.009009 0.0 0.0 0.0 0.0 0.0 0.0 0.0 0.0 0.0 0.0 0.0 0.0 0.0 0.0 0.0
0 0.574707 0.233483 0.006836 0.010511 0.0 0.0 0.0 0.0 0.0 0.0 0.0 0.0 0.0 0.0 0.0 0.0 0.0 0.0 0.0
0 0.498535 0.251502 0.006836 0.013514 0.0 0.0 0.0 0.0 0.0 0.0 0.0 0.0 0.0 0.0 0.0 0.0 0.0 0.0 0.0
0 0.486816 0.285285 0.012695 0.021021 0.0 0.0 0.0 0.0 0.0 0.0 0.0 0.0 0.0 0.0 0.0 0.0 0.0 0.0 0.0
0 0.473145 0.285285 0.008789 0.018018 0.0 0.0 0.0 0.0 0.0 0.0 0.0 0.0 0.0 0.0 0.0 0.0 0.0 0.0 0.0
0 0.476074 0.250751 0.004883 0.015015 0.0 0.0 0.0 0.0 0.0 0.0 0.0 0.0 0.0 0.0 0.0 0.0 0.0 0.0 0.0
0 0.474121 0.240991 0.006836 0.013514 0.0 0.0 0.0 0.0 0.0 0.0 0.0 0.0 0.0 0.0 0.0 0.0 0.0 0.0 0.0
0 0.48584 0.24024 0.004883 0.009009 0.0 0.0 0.0 0.0 0.0 0.0 0.0 0.0 0.0 0.0 0.0 0.0 0.0 0.0 0.0
0 0.494141 0.234234 0.005859 0.012012 0.0 0.0 0.0 0.0 0.0 0.0 0.0 0.0 0.0 0.0 0.0 0.0 0.0 0.0 0.0
0 0.499512 0.236486 0.004883 0.010511 0.0 0.0 0.0 0.0 0.0 0.0 0.0 0.0 0.0 0.0 0.0 0.0 0.0 0.0 0.0
0 0.460938 0.232733 0.005859 0.012012 0.0 0.0 0.0 0.0 0.0 0.0 0.0 0.0 0.0 0.0 0.0 0.0 0.0 0.0 0.0
0 0.459473 0.295045 0.010742 0.022523 0.0 0.0 0.0 0.0 0.0 0.0 0.0 0.0 0.0 0.0 0.0 0.0 0.0 0.0 0.0
0 0.449219 0.268769 0.009766 0.021021 0.0 0.0 0.0 0.0 0.0 0.0 0.0 0.0 0.0 0.0 0.0 0.0 0.0 0.0 0.0
0 0.455078 0.244745 0.005859 0.012012 0.0 0.0 0.0 0.0 0.0 0.0 0.0 0.0 0.0 0.0 0.0 0.0 0.0 0.0 0.0
0 0.445801 0.246997 0.004883 0.010511 0.0 0.0 0.0 0.0 0.0 0.0 0.0 0.0 0.0 0.0 0.0 0.0 0.0 0.0 0.0
0 0.435547 0.243243 0.007812 0.015015 0.435154 0.240683 1.0 0.43862 0.240784 1.0 0.43692 0.244101 1.0 0.435743 0.246515 1.0 0.438032 0.246515 1.0
0 0.447754 0.23048 0.006836 0.013514 0.0 0.0 0.0 0.0 0.0 0.0 0.0 0.0 0.0 0.0 0.0 0.0 0.0 0.0 0.0
0 0.40332 0.279279 0.011719 0.021021 0.0 0.0 0.0 0.0 0.0 0.0 0.0 0.0 0.0 0.0 0.0 0.0 0.0 0.0 0.0
0 0.411133 0.237988 0.005859 0.010511 0.0 0.0 0.0 0.0 0.0 0.0 0.0 0.0 0.0 0.0 0.0 0.0 0.0 0.0 0.0
0 0.422363 0.23048 0.004883 0.010511 0.0 0.0 0.0 0.0 0.0 0.0 0.0 0.0 0.0 0.0 0.0 0.0 0.0 0.0 0.0
0 0.399902 0.249249 0.006836 0.012012 0.0 0.0 0.0 0.0 0.0 0.0 0.0 0.0 0.0 0.0 0.0 0.0 0.0 0.0 0.0
0 0.385742 0.232733 0.005859 0.012012 0.0 0.0 0.0 0.0 0.0 0.0 0.0 0.0 0.0 0.0 0.0 0.0 0.0 0.0 0.0
0 0.381836 0.271021 0.007812 0.016517 0.0 0.0 0.0 0.0 0.0 0.0 0.0 0.0 0.0 0.0 0.0 0.0 0.0 0.0 0.0
0 0.377441 0.26952 0.006836 0.013514 0.0 0.0 0.0 0.0 0.0 0.0 0.0 0.0 0.0 0.0 0.0 0.0 0.0 0.0 0.0
0 0.366699 0.296547 0.008789 0.01952 0.0 0.0 0.0 0.0 0.0 0.0 0.0 0.0 0.0 0.0 0.0 0.0 0.0 0.0 0.0
0 0.370605 0.24024 0.006836 0.012012 0.0 0.0 0.0 0.0 0.0 0.0 0.0 0.0 0.0 0.0 0.0 0.0 0.0 0.0 0.0
0 0.333008 0.278529 0.009766 0.022523 0.0 0.0 0.0 0.0 0.0 0.0 0.0 0.0 0.0 0.0 0.0 0.0 0.0 0.0 0.0
0 0.316895 0.25 0.006836 0.013514 0.0 0.0 0.0 0.0 0.0 0.0 0.0 0.0 0.0 0.0 0.0 0.0 0.0 0.0 0.0
0 0.333984 0.256757 0.005859 0.012012 0.0 0.0 0.0 0.0 0.0 0.0 0.0 0.0 0.0 0.0 0.0 0.0 0.0 0.0 0.0
0 0.297852 0.304805 0.007812 0.018018 0.0 0.0 0.0 0.0 0.0 0.0 0.0 0.0 0.0 0.0 0.0 0.0 0.0 0.0 0.0
0 0.29248 0.278529 0.006836 0.016517 0.0 0.0 0.0 0.0 0.0 0.0 0.0 0.0 0.0 0.0 0.0 0.0 0.0 0.0 0.0
0 0.295898 0.255255 0.005859 0.012012 0.0 0.0 0.0 0.0 0.0 0.0 0.0 0.0 0.0 0.0 0.0 0.0 0.0 0.0 0.0
0 0.300781 0.243243 0.007812 0.012012 0.0 0.0 0.0 0.0 0.0 0.0 0.0 0.0 0.0 0.0 0.0 0.0 0.0 0.0 0.0
0 0.313477 0.280781 0.007812 0.018018 0.0 0.0 0.0 0.0 0.0 0.0 0.0 0.0 0.0 0.0 0.0 0.0 0.0 0.0 0.0
0 0.26123 0.243994 0.006836 0.013514 0.0 0.0 0.0 0.0 0.0 0.0 0.0 0.0 0.0 0.0 0.0 0.0 0.0 0.0 0.0
0 0.275879 0.259009 0.006836 0.013514 0.0 0.0 0.0 0.0 0.0 0.0 0.0 0.0 0.0 0.0 0.0 0.0 0.0 0.0 0.0
0 0.290039 0.253003 0.005859 0.013514 0.0 0.0 0.0 0.0 0.0 0.0 0.0 0.0 0.0 0.0 0.0 0.0 0.0 0.0 0.0
0 0.238281 0.279279 0.005859 0.015015 0.0 0.0 0.0 0.0 0.0 0.0 0.0 0.0 0.0 0.0 0.0 0.0 0.0 0.0 0.0
0 0.231445 0.261261 0.007812 0.015015 0.0 0.0 0.0 0.0 0.0 0.0 0.0 0.0 0.0 0.0 0.0 0.0 0.0 0.0 0.0
0 0.194336 0.261261 0.005859 0.012012 0.0 0.0 0.0 0.0 0.0 0.0 0.0 0.0 0.0 0.0 0.0 0.0 0.0 0.0 0.0
0 0.212402 0.263514 0.008789 0.013514 0.0 0.0 0.0 0.0 0.0 0.0 0.0 0.0 0.0 0.0 0.0 0.0 0.0 0.0 0.0
0 0.164551 0.256006 0.006836 0.013514 0.0 0.0 0.0 0.0 0.0 0.0 0.0 0.0 0.0 0.0 0.0 0.0 0.0 0.0 0.0
0 0.15332 0.296547 0.011719 0.022523 0.149867 0.291961 1.0 0.154951 0.29211 1.0 0.151594 0.296533 1.0 0.149483 0.299925 1.0 0.153032 0.300219 1.0
0 0.206543 0.304054 0.010742 0.016517 0.0 0.0 0.0 0.0 0.0 0.0 0.0 0.0 0.0 0.0 0.0 0.0 0.0 0.0 0.0
0 0.179199 0.28003 0.006836 0.010511 0.0 0.0 0.0 0.0 0.0 0.0 0.0 0.0 0.0 0.0 0.0 0.0 0.0 0.0 0.0
0 0.132324 0.25976 0.006836 0.012012 0.0 0.0 0.0 0.0 0.0 0.0 0.0 0.0 0.0 0.0 0.0 0.0 0.0 0.0 0.0
0 0.112305 0.262012 0.007812 0.013514 0.0 0.0 0.0 0.0 0.0 0.0 0.0 0.0 0.0 0.0 0.0 0.0 0.0 0.0 0.0
0 0.094238 0.276276 0.008789 0.015015 0.0 0.0 0.0 0.0 0.0 0.0 0.0 0.0 0.0 0.0 0.0 0.0 0.0 0.0 0.0
0 0.093262 0.256757 0.006836 0.012012 0.0 0.0 0.0 0.0 0.0 0.0 0.0 0.0 0.0 0.0 0.0 0.0 0.0 0.0 0.0
0 0.099121 0.305556 0.010742 0.01952 0.0 0.0 0.0 0.0 0.0 0.0 0.0 0.0 0.0 0.0 0.0 0.0 0.0 0.0 0.0
0 0.669922 0.22973 0.003906 0.009009 0.0 0.0 0.0 0.0 0.0 0.0 0.0 0.0 0.0 0.0 0.0 0.0 0.0 0.0 0.0
0 0.678223 0.238739 0.004883 0.009009 0.0 0.0 0.0 0.0 0.0 0.0 0.0 0.0 0.0 0.0 0.0 0.0 0.0 0.0 0.0
0 0.683594 0.231982 0.005859 0.007508 0.0 0.0 0.0 0.0 0.0 0.0 0.0 0.0 0.0 0.0 0.0 0.0 0.0 0.0 0.0
0 0.6875 0.228979 0.005859 0.010511 0.0 0.0 0.0 0.0 0.0 0.0 0.0 0.0 0.0 0.0 0.0 0.0 0.0 0.0 0.0
0 0.708984 0.234234 0.005859 0.012012 0.0 0.0 0.0 0.0 0.0 0.0 0.0 0.0 0.0 0.0 0.0 0.0 0.0 0.0 0.0
0 0.71582 0.237988 0.005859 0.013514 0.0 0.0 0.0 0.0 0.0 0.0 0.0 0.0 0.0 0.0 0.0 0.0 0.0 0.0 0.0
0 0.69873 0.266517 0.006836 0.01952 0.0 0.0 0.0 0.0 0.0 0.0 0.0 0.0 0.0 0.0 0.0 0.0 0.0 0.0 0.0
0 0.806152 0.249249 0.006836 0.012012 0.0 0.0 0.0 0.0 0.0 0.0 0.0 0.0 0.0 0.0 0.0 0.0 0.0 0.0 0.0
0 0.79541 0.246997 0.006836 0.010511 0.0 0.0 0.0 0.0 0.0 0.0 0.0 0.0 0.0 0.0 0.0 0.0 0.0 0.0 0.0
0 0.818848 0.232733 0.00293 0.006006 0.0 0.0 0.0 0.0 0.0 0.0 0.0 0.0 0.0 0.0 0.0 0.0 0.0 0.0 0.0
0 0.786133 0.236486 0.005859 0.010511 0.0 0.0 0.0 0.0 0.0 0.0 0.0 0.0 0.0 0.0 0.0 0.0 0.0 0.0 0.0
0 0.862305 0.24024 0.005859 0.009009 0.0 0.0 0.0 0.0 0.0 0.0 0.0 0.0 0.0 0.0 0.0 0.0 0.0 0.0 0.0
0 0.836426 0.22973 0.004883 0.009009 0.0 0.0 0.0 0.0 0.0 0.0 0.0 0.0 0.0 0.0 0.0 0.0 0.0 0.0 0.0
0 0.84082 0.224474 0.003906 0.007508 0.0 0.0 0.0 0.0 0.0 0.0 0.0 0.0 0.0 0.0 0.0 0.0 0.0 0.0 0.0