0 0.047852 0.327941 0.0625 0.111765 0.043632 0.299107 1.0 0.07162 0.308941 1.0 0.068355 0.320884 1.0 0.053895 0.346875 1.0 0.072554 0.351793 1.0
0 0.201172 0.248529 0.058594 0.1 0.194405 0.233403 1.0 0.218262 0.232774 1.0 0.214913 0.24916 1.0 0.206543 0.272479 1.0 0.224958 0.269328 1.0
0 0.365234 0.392647 0.068359 0.135294 0.364258 0.360451 1.0 0.371059 0.360451 1.0 0.386361 0.370693 1.0 0.382961 0.415926 1.0 0.393162 0.415926 1.0
0 0.483887 0.263235 0.049805 0.1 0.493024 0.236554 1.0 0.50265 0.240337 1.0 0.50851 0.258613 1.0 0.495117 0.281303 1.0 0.502232 0.286975 1.0
0 0.260742 0.293382 0.027344 0.045588 0.25919 0.288025 1.0 0.268974 0.287447 1.0 0.265137 0.296113 1.0 0.259574 0.305357 1.0 0.268781 0.305068 1.0
0 0.094238 0.336765 0.030273 0.052941 0.0 0.0 0.0 0.0 0.0 0.0 0.0 0.0 0.0 0.0 0.0 0.0 0.0 0.0 0.0
0 0.125 0.341176 0.027344 0.047059 0.118208 0.337591 1.0 0.132848 0.335779 1.0 0.125828 0.344538 1.0 0.123222 0.356316 1.0 0.13004 0.35541 1.0
0 0.143066 0.328676 0.022461 0.030882 0.0 0.0 0.0 0.0 0.0 0.0 0.0 0.0 0.0 0.0 0.0 0.0 0.0 0.0 0.0
0 0.281738 0.327206 0.018555 0.030882 0.0 0.0 0.0 0.0 0.0 0.0 0.0 0.0 0.0 0.0 0.0 0.0 0.0 0.0 0.0
0 0.342285 0.296324 0.026367 0.069118 0.0 0.0 0.0 0.0 0.0 0.0 0.0 0.0 0.0 0.0 0.0 0.0 0.0 0.0 0.0
0 0.372559 0.321324 0.024414 0.042647 0.377197 0.31535 1.0 0.382508 0.319485 1.0 0.381043 0.324724 1.0 0.374084 0.332444 1.0 0.379211 0.33465 1.0
0 0.418457 0.308824 0.026367 0.047059 0.423584 0.303729 1.0 0.432408 0.307353 1.0 0.431205 0.313091 1.0 0.42559 0.320641 1.0 0.431405 0.320943 1.0
0 0.59668 0.297794 0.03125 0.069118 0.0 0.0 0.0 0.0 0.0 0.0 0.0 0.0 0.0 0.0 0.0 0.0 0.0 0.0 0.0
0 0.661133 0.294853 0.03125 0.069118 0.657235 0.276228 1.0 0.658988 0.277547 1.0 0.651978 0.287224 1.0 0.654314 0.30394 1.0 0.655482 0.303499 1.0
0 0.76709 0.309559 0.063477 0.154412 0.743217 0.296843 1.0 0.760755 0.296843 1.0 0.736071 0.321297 1.0 0.739318 0.347709 1.0 0.747114 0.349665 1.0
0 0.881836 0.261765 0.037109 0.073529 0.0 0.0 0.0 0.0 0.0 0.0 0.0 0.0 0.0 0.0 0.0 0.0 0.0 0.0 0.0
0 0.947754 0.260294 0.02832 0.047059 0.949585 0.252744 1.0 0.949585 0.253349 1.0 0.941162 0.260899 1.0 0.942365 0.272978 1.0 0.942566 0.273279 1.0