0 0.295898 0.255714 0.015625 0.02 0.0 0.0 0.0 0.0 0.0 0.0 0.0 0.0 0.0 0.0 0.0 0.0 0.0 0.0 0.0
0 0.320801 0.25 0.014648 0.02 0.0 0.0 0.0 0.0 0.0 0.0 0.0 0.0 0.0 0.0 0.0 0.0 0.0 0.0 0.0
0 0.343262 0.225714 0.014648 0.028571 0.341636 0.223706 1.0 0.346566 0.222596 1.0 0.347072 0.230179 1.0 0.344543 0.236651 1.0 0.346187 0.236651 1.0
0 0.380859 0.230714 0.015625 0.024286 0.0 0.0 0.0 0.0 0.0 0.0 0.0 0.0 0.0 0.0 0.0 0.0 0.0 0.0 0.0
0 0.073242 0.287857 0.013672 0.021429 0.0 0.0 0.0 0.0 0.0 0.0 0.0 0.0 0.0 0.0 0.0 0.0 0.0 0.0 0.0
0 0.061035 0.431429 0.022461 0.042857 0.055185 0.426053 1.0 0.064745 0.425779 1.0 0.060246 0.435101 1.0 0.056497 0.442231 1.0 0.06362 0.441684 1.0
0 0.174805 0.413571 0.025391 0.041429 0.0 0.0 0.0 0.0 0.0 0.0 0.0 0.0 0.0 0.0 0.0 0.0 0.0 0.0 0.0
0 0.180664 0.455714 0.023438 0.048571 0.0 0.0 0.0 0.0 0.0 0.0 0.0 0.0 0.0 0.0 0.0 0.0 0.0 0.0 0.0
0 0.127441 0.430714 0.016602 0.024286 0.0 0.0 0.0 0.0 0.0 0.0 0.0 0.0 0.0 0.0 0.0 0.0 0.0 0.0 0.0
0 0.091309 0.413571 0.022461 0.038571 0.0 0.0 0.0 0.0 0.0 0.0 0.0 0.0 0.0 0.0 0.0 0.0 0.0 0.0 0.0
0 0.208496 0.490714 0.032227 0.047143 0.197894 0.477449 1.0 0.217773 0.479899 1.0 0.207101 0.492756 1.0 0.201241 0.502857 1.0 0.216518 0.508061 1.0
0 0.26416 0.417857 0.022461 0.038571 0.259373 0.415446 1.0 0.266 0.414234 1.0 0.264344 0.421747 1.0 0.260533 0.427564 1.0 0.266 0.428533 1.0
0 0.205566 0.362143 0.018555 0.03 0.0 0.0 0.0 0.0 0.0 0.0 0.0 0.0 0.0 0.0 0.0 0.0 0.0 0.0 0.0
0 0.098633 0.529286 0.035156 0.061429 0.0 0.0 0.0 0.0 0.0 0.0 0.0 0.0 0.0 0.0 0.0 0.0 0.0 0.0 0.0
0 0.0625 0.526429 0.025391 0.041429 0.0 0.0 0.0 0.0 0.0 0.0 0.0 0.0 0.0 0.0 0.0 0.0 0.0 0.0 0.0
0 0.109375 0.685714 0.042969 0.082857 0.100891 0.678393 1.0 0.118766 0.678393 1.0 0.110186 0.698789 1.0 0.099461 0.707679 1.0 0.116979 0.707679 1.0
0 0.064453 0.667857 0.033203 0.072857 0.052804 0.658419 1.0 0.06536 0.661633 1.0 0.056571 0.67449 1.0 0.055001 0.684133 1.0 0.066615 0.685051 1.0
0 0.262207 0.754286 0.041992 0.071429 0.252254 0.747684 1.0 0.276397 0.733649 1.0 0.273612 0.762627 1.0 0.268659 0.775759 1.0 0.283517 0.768514 1.0
0 0.277344 0.74 0.042969 0.074286 0.0 0.0 0.0 0.0 0.0 0.0 0.0 0.0 0.0 0.0 0.0 0.0 0.0 0.0 0.0
0 0.314941 0.745714 0.053711 0.085714 0.0 0.0 0.0 0.0 0.0 0.0 0.0 0.0 0.0 0.0 0.0 0.0 0.0 0.0 0.0
0 0.435059 0.784286 0.053711 0.097143 0.421596 0.771224 1.0 0.438756 0.769387 1.0 0.422852 0.793877 1.0 0.43457 0.812244 1.0 0.44043 0.807347 1.0
0 0.456543 0.66 0.040039 0.074286 0.0 0.0 0.0 0.0 0.0 0.0 0.0 0.0 0.0 0.0 0.0 0.0 0.0 0.0 0.0
0 0.481445 0.869286 0.058594 0.112857 0.466309 0.855 1.0 0.493164 0.855714 1.0 0.478516 0.882143 1.0 0.468262 0.896429 1.0 0.489258 0.897857 1.0
0 0.4375 0.547143 0.037109 0.051429 0.0 0.0 0.0 0.0 0.0 0.0 0.0 0.0 0.0 0.0 0.0 0.0 0.0 0.0 0.0
0 0.504883 0.560714 0.044922 0.067143 0.0 0.0 0.0 0.0 0.0 0.0 0.0 0.0 0.0 0.0 0.0 0.0 0.0 0.0 0.0
0 0.293945 0.540714 0.027344 0.044286 0.0 0.0 0.0 0.0 0.0 0.0 0.0 0.0 0.0 0.0 0.0 0.0 0.0 0.0 0.0
0 0.352539 0.5 0.039062 0.065714 0.342756 0.492423 1.0 0.358006 0.490319 1.0 0.351964 0.502104 1.0 0.346496 0.513049 1.0 0.359732 0.510944 1.0
0 0.285645 0.402857 0.024414 0.037143 0.0 0.0 0.0 0.0 0.0 0.0 0.0 0.0 0.0 0.0 0.0 0.0 0.0 0.0 0.0
0 0.29834 0.428571 0.024414 0.045714 0.292925 0.425344 1.0 0.303755 0.425051 1.0 0.299343 0.434146 1.0 0.293728 0.438253 1.0 0.304155 0.439133 1.0
0 0.335449 0.393571 0.022461 0.041429 0.0 0.0 0.0 0.0 0.0 0.0 0.0 0.0 0.0 0.0 0.0 0.0 0.0 0.0 0.0
0 0.330078 0.439286 0.033203 0.047143 0.324891 0.430536 1.0 0.338562 0.42866 1.0 0.332794 0.443036 1.0 0.327881 0.455536 1.0 0.337707 0.454286 1.0
0 0.387207 0.423571 0.026367 0.055714 0.0 0.0 0.0 0.0 0.0 0.0 0.0 0.0 0.0 0.0 0.0 0.0 0.0 0.0 0.0
0 0.450684 0.336429 0.016602 0.024286 0.0 0.0 0.0 0.0 0.0 0.0 0.0 0.0 0.0 0.0 0.0 0.0 0.0 0.0 0.0
0 0.488281 0.361429 0.021484 0.037143 0.485971 0.360217 1.0 0.494751 0.35949 1.0 0.494088 0.368699 1.0 0.487793 0.373061 1.0 0.493426 0.373303 1.0
0 0.542969 0.498571 0.033203 0.048571 0.0 0.0 0.0 0.0 0.0 0.0 0.0 0.0 0.0 0.0 0.0 0.0 0.0 0.0 0.0
0 0.517578 0.327143 0.019531 0.031429 0.0 0.0 0.0 0.0 0.0 0.0 0.0 0.0 0.0 0.0 0.0 0.0 0.0 0.0 0.0
0 0.556152 0.351429 0.020508 0.031429 0.0 0.0 0.0 0.0 0.0 0.0 0.0 0.0 0.0 0.0 0.0 0.0 0.0 0.0 0.0
0 0.431152 0.237857 0.010742 0.015714 0.0 0.0 0.0 0.0 0.0 0.0 0.0 0.0 0.0 0.0 0.0 0.0 0.0 0.0 0.0
0 0.530273 0.272857 0.009766 0.014286 0.0 0.0 0.0 0.0 0.0 0.0 0.0 0.0 0.0 0.0 0.0 0.0 0.0 0.0 0.0
0 0.567871 0.202143 0.006836 0.012857 0.0 0.0 0.0 0.0 0.0 0.0 0.0 0.0 0.0 0.0 0.0 0.0 0.0 0.0 0.0
0 0.58252 0.385714 0.024414 0.034286 0.0 0.0 0.0 0.0 0.0 0.0 0.0 0.0 0.0 0.0 0.0 0.0 0.0 0.0 0.0
0 0.625 0.400714 0.058594 0.124286 0.610033 0.386734 1.0 0.635772 0.389873 1.0 0.620758 0.408699 1.0 0.607353 0.424387 1.0 0.635772 0.429879 1.0
0 0.681152 0.32 0.014648 0.022857 0.0 0.0 0.0 0.0 0.0 0.0 0.0 0.0 0.0 0.0 0.0 0.0 0.0 0.0 0.0
0 0.772949 0.525 0.061523 0.092857 0.756731 0.508444 1.0 0.782401 0.50551 1.0 0.767962 0.533087 1.0 0.75633 0.548929 1.0 0.782 0.546581 1.0
0 0.834473 0.443571 0.026367 0.047143 0.82853 0.436747 1.0 0.828121 0.437047 1.0 0.826481 0.451136 1.0 0.835907 0.45653 1.0 0.835702 0.456231 1.0
0 0.722656 0.329286 0.015625 0.024286 0.0 0.0 0.0 0.0 0.0 0.0 0.0 0.0 0.0 0.0 0.0 0.0 0.0 0.0 0.0
0 0.727539 0.245 0.011719 0.012857 0.0 0.0 0.0 0.0 0.0 0.0 0.0 0.0 0.0 0.0 0.0 0.0 0.0 0.0 0.0
0 0.695312 0.240714 0.007812 0.012857 0.0 0.0 0.0 0.0 0.0 0.0 0.0 0.0 0.0 0.0 0.0 0.0 0.0 0.0 0.0
0 0.77002 0.262143 0.008789 0.015714 0.0 0.0 0.0 0.0 0.0 0.0 0.0 0.0 0.0 0.0 0.0 0.0 0.0 0.0 0.0
0 0.828125 0.275714 0.011719 0.022857 0.0 0.0 0.0 0.0 0.0 0.0 0.0 0.0 0.0 0.0 0.0 0.0 0.0 0.0 0.0
0 0.85791 0.261429 0.014648 0.02 0.0 0.0 0.0 0.0 0.0 0.0 0.0 0.0 0.0 0.0 0.0 0.0 0.0 0.0 0.0
0 0.872559 0.23 0.008789 0.017143 0.0 0.0 0.0 0.0 0.0 0.0 0.0 0.0 0.0 0.0 0.0 0.0 0.0 0.0 0.0
0 0.830078 0.222857 0.009766 0.017143 0.0 0.0 0.0 0.0 0.0 0.0 0.0 0.0 0.0 0.0 0.0 0.0 0.0 0.0 0.0
0 0.782227 0.239286 0.009766 0.012857 0.0 0.0 0.0 0.0 0.0 0.0 0.0 0.0 0.0 0.0 0.0 0.0 0.0 0.0 0.0
0 0.942383 0.245714 0.009766 0.017143 0.0 0.0 0.0 0.0 0.0 0.0 0.0 0.0 0.0 0.0 0.0 0.0 0.0 0.0 0.0
0 0.896973 0.225714 0.008789 0.017143 0.0 0.0 0.0 0.0 0.0 0.0 0.0 0.0 0.0 0.0 0.0 0.0 0.0 0.0 0.0
0 0.762695 0.885 0.0625 0.095714 0.747044 0.869299 1.0 0.7786 0.8681 1.0 0.772042 0.885484 1.0 0.75483 0.905269 1.0 0.781059 0.90287 1.0