0 0.234863 0.065154 0.032227 0.062958 0.224645 0.052264 1.0 0.235456 0.057127 1.0 0.222752 0.069284 1.0 0.226807 0.081848 1.0 0.238159 0.084278 1.0
0 0.085938 0.199854 0.050781 0.09224 0.068089 0.167943 1.0 0.094771 0.180297 1.0 0.073582 0.187944 1.0 0.065343 0.216182 1.0 0.087315 0.220299 1.0
0 0.209473 0.13836 0.036133 0.071742 0.197388 0.123902 1.0 0.203797 0.132138 1.0 0.190674 0.145406 1.0 0.197693 0.163707 1.0 0.201965 0.167826 1.0
0 0.314941 0.191801 0.049805 0.093704 0.299774 0.177388 1.0 0.31723 0.182741 1.0 0.302948 0.20118 1.0 0.296601 0.217835 1.0 0.309296 0.221999 1.0
0 0.097656 0.344802 0.056641 0.095168 0.08313 0.322422 1.0 0.087141 0.33024 1.0 0.069493 0.342266 1.0 0.079921 0.363915 1.0 0.085136 0.370529 1.0
0 0.258789 0.334553 0.050781 0.086384 0.24707 0.310395 1.0 0.25293 0.313324 1.0 0.235352 0.330893 1.0 0.241211 0.349927 1.0 0.243164 0.349927 1.0
0 0.214844 0.355783 0.021484 0.046852 0.0 0.0 0.0 0.0 0.0 0.0 0.0 0.0 0.0 0.0 0.0 0.0 0.0 0.0 0.0
0 0.425781 0.25183 0.035156 0.052709 0.0 0.0 0.0 0.0 0.0 0.0 0.0 0.0 0.0 0.0 0.0 0.0 0.0 0.0 0.0
0 0.162598 0.522694 0.112305 0.228404 0.1602 0.527688 1.0 0.207938 0.501921 1.0 0.202209 0.547728 1.0 0.213667 0.580652 1.0 0.182159 0.602123 1.0
0 0.414062 0.584187 0.097656 0.187408 0.408051 0.556245 1.0 0.439614 0.544414 1.0 0.444349 0.559794 1.0 0.425411 0.629594 1.0 0.455396 0.617764 1.0
0 0.471191 0.263543 0.043945 0.090776 0.452497 0.252575 1.0 0.471462 0.265654 1.0 0.449463 0.281577 1.0 0.466151 0.306029 1.0 0.466151 0.306029 1.0
0 0.570312 0.284041 0.042969 0.073206 0.556824 0.268922 1.0 0.566109 0.270779 1.0 0.550633 0.288878 1.0 0.560538 0.307905 1.0 0.564253 0.309297 1.0
0 0.619629 0.420205 0.094727 0.131772 0.622105 0.408805 1.0 0.650565 0.40525 1.0 0.639893 0.428362 1.0 0.631592 0.456808 1.0 0.647008 0.455919 1.0
0 0.828613 0.84041 0.12207 0.219619 0.813407 0.824507 1.0 0.86952 0.836919 1.0 0.842843 0.882432 1.0 0.812487 0.901739 1.0 0.852042 0.911394 1.0
0 0.629883 0.161054 0.029297 0.043924 0.0 0.0 0.0 0.0 0.0 0.0 0.0 0.0 0.0 0.0 0.0 0.0 0.0 0.0 0.0
0 0.597168 0.195461 0.041992 0.077599 0.594186 0.188769 1.0 0.610421 0.195225 1.0 0.600812 0.209135 1.0 0.589547 0.222548 1.0 0.604789 0.227019 1.0
0 0.642578 0.231332 0.039062 0.064422 0.637359 0.222365 1.0 0.653564 0.225247 1.0 0.6456 0.242955 1.0 0.636535 0.256543 1.0 0.645874 0.257366 1.0
0 0.716797 0.194729 0.033203 0.061493 0.710676 0.177029 1.0 0.725852 0.178571 1.0 0.718649 0.194382 1.0 0.712477 0.208652 1.0 0.721993 0.209808 1.0
0 0.763184 0.304539 0.045898 0.073206 0.752659 0.281531 1.0 0.765041 0.292669 1.0 0.744921 0.302878 1.0 0.744611 0.316801 1.0 0.750802 0.323297 1.0
0 0.796875 0.178624 0.029297 0.040996 0.792969 0.171303 1.0 0.803711 0.175695 1.0 0.795898 0.183016 1.0 0.790039 0.193265 1.0 0.799805 0.194729 1.0
0 0.804688 0.631772 0.107422 0.197657 0.768921 0.626072 1.0 0.806196 0.647184 1.0 0.772234 0.67699 1.0 0.75981 0.688167 1.0 0.782174 0.706795 1.0
0 0.130371 0.104685 0.041992 0.074671 0.0 0.0 0.0 0.0 0.0 0.0 0.0 0.0 0.0 0.0 0.0 0.0 0.0 0.0 0.0
0 0.589355 0.092972 0.026367 0.057101 0.586221 0.085755 1.0 0.598449 0.085037 1.0 0.593414 0.0969 1.0 0.583823 0.105168 1.0 0.596292 0.107327 1.0
0 0.856934 0.229136 0.045898 0.083455 0.841261 0.220789 1.0 0.853974 0.225555 1.0 0.837023 0.237732 1.0 0.83561 0.254143 1.0 0.844086 0.258909 1.0
0 0.739258 0.251098 0.042969 0.074671 0.733398 0.240117 1.0 0.745117 0.25183 1.0 0.733398 0.257687 1.0 0.72168 0.260615 1.0 0.733398 0.272328 1.0
0 0.896484 0.065886 0.015625 0.032211 0.893555 0.065886 1.0 0.899414 0.068814 1.0 0.894531 0.073206 1.0 0.889648 0.079063 1.0 0.896484 0.079063 1.0
0 0.880859 0.11713 0.027344 0.040996 0.0 0.0 0.0 0.0 0.0 0.0 0.0 0.0 0.0 0.0 0.0 0.0 0.0 0.0 0.0