0 0.125 0.364568 0.123047 0.105417 0.108172 0.374399 1.0 0.161892 0.358555 1.0 0.142518 0.382321 1.0 0.129308 0.400145 1.0 0.165414 0.389583 1.0
0 0.490234 0.344436 0.107422 0.103221 0.465576 0.331775 1.0 0.514779 0.327893 1.0 0.491473 0.345365 1.0 0.475935 0.372542 1.0 0.517369 0.369307 1.0
0 0.504395 0.237555 0.024414 0.022694 0.493295 0.235839 1.0 0.500793 0.233591 1.0 0.496106 0.240898 1.0 0.495919 0.244693 1.0 0.500044 0.24399 1.0
0 0.561523 0.16142 0.033203 0.038799 0.568359 0.15959 1.0 0.573242 0.15959 1.0 0.578125 0.166179 1.0 0.570312 0.176428 1.0 0.574219 0.176428 1.0
0 0.60791 0.243045 0.026367 0.021962 0.605041 0.241353 1.0 0.61438 0.240666 1.0 0.612183 0.246157 1.0 0.608154 0.249862 1.0 0.614563 0.249451 1.0
0 0.628418 0.298316 0.030273 0.043192 0.635742 0.292185 1.0 0.633911 0.291636 1.0 0.643066 0.302892 1.0 0.636108 0.309755 1.0 0.634644 0.308931 1.0
0 0.409668 0.272694 0.020508 0.024158 0.0 0.0 0.0 0.0 0.0 0.0 0.0 0.0 0.0 0.0 0.0 0.0 0.0 0.0 0.0
0 0.395996 0.278917 0.024414 0.026354 0.0 0.0 0.0 0.0 0.0 0.0 0.0 0.0 0.0 0.0 0.0 0.0 0.0 0.0 0.0
0 0.694824 0.241215 0.032227 0.030015 0.696935 0.239133 1.0 0.707737 0.236434 1.0 0.707995 0.244532 1.0 0.700535 0.252245 1.0 0.706194 0.252245 1.0
0 0.736328 0.231332 0.027344 0.026354 0.735875 0.22975 1.0 0.746983 0.228051 1.0 0.74517 0.233319 1.0 0.736781 0.235698 1.0 0.748116 0.235868 1.0
0 0.806152 0.223646 0.030273 0.031479 0.809078 0.22072 1.0 0.818651 0.218727 1.0 0.818917 0.224907 1.0 0.812801 0.231884 1.0 0.818917 0.230689 1.0
0 0.866699 0.218155 0.026367 0.026354 0.865792 0.218155 1.0 0.874181 0.216116 1.0 0.875313 0.220874 1.0 0.8701 0.227842 1.0 0.875768 0.226992 1.0
0 0.746094 0.311127 0.097656 0.093704 0.725878 0.306029 1.0 0.769278 0.299522 1.0 0.75034 0.319635 1.0 0.731401 0.342113 1.0 0.770067 0.336789 1.0
0 0.812988 0.289531 0.053711 0.066618 0.808036 0.282054 1.0 0.834821 0.282472 1.0 0.827567 0.29293 1.0 0.8125 0.306317 1.0 0.833147 0.306317 1.0
0 0.95166 0.218155 0.02832 0.027818 0.954102 0.216691 1.0 0.962891 0.215227 1.0 0.962891 0.221083 1.0 0.960938 0.22694 1.0 0.96582 0.226208 1.0
0 0.989746 0.213763 0.020508 0.02489 0.0 0.0 0.0 0.0 0.0 0.0 0.0 0.0 0.0 0.0 0.0 0.0 0.0 0.0 0.0
0 0.981934 0.247438 0.036133 0.033675 0.0 0.0 0.0 0.0 0.0 0.0 0.0 0.0 0.0 0.0 0.0 0.0 0.0 0.0 0.0
0 0.963867 0.33675 0.072266 0.062958 0.0 0.0 0.0 0.0 0.0 0.0 0.0 0.0 0.0 0.0 0.0 0.0 0.0 0.0 0.0