0 0.142578 0.751466 0.017578 0.033724 0.135271 0.746328 1.0 0.141458 0.749352 1.0 0.13599 0.755185 1.0 0.135271 0.762097 1.0 0.139588 0.764257 1.0
0 0.18457 0.85044 0.025391 0.046921 0.176919 0.849117 1.0 0.184178 0.850001 1.0 0.179273 0.85766 1.0 0.177508 0.865023 1.0 0.18457 0.865908 1.0
0 0.23584 0.785924 0.014648 0.035191 0.232605 0.782213 1.0 0.234131 0.784733 1.0 0.227111 0.788399 1.0 0.230621 0.798021 1.0 0.2323 0.799625 1.0
0 0.267578 0.745601 0.017578 0.036657 0.262577 0.742453 1.0 0.268224 0.746812 1.0 0.260319 0.750688 1.0 0.259352 0.756984 1.0 0.262739 0.759891 1.0
0 0.026855 0.84824 0.016602 0.033724 0.021532 0.842455 1.0 0.028438 0.845478 1.0 0.021244 0.850878 1.0 0.020382 0.858223 1.0 0.02441 0.861248 1.0
0 0.046875 0.91349 0.019531 0.038123 0.0 0.0 0.0 0.0 0.0 0.0 0.0 0.0 0.0 0.0 0.0 0.0 0.0 0.0 0.0
0 0.127441 0.682551 0.012695 0.027859 0.0 0.0 0.0 0.0 0.0 0.0 0.0 0.0 0.0 0.0 0.0 0.0 0.0 0.0 0.0
0 0.011719 0.714076 0.015625 0.038123 0.0 0.0 0.0 0.0 0.0 0.0 0.0 0.0 0.0 0.0 0.0 0.0 0.0 0.0 0.0
0 0.11084 0.435484 0.018555 0.026393 0.105591 0.430902 1.0 0.113037 0.430902 1.0 0.107666 0.437317 1.0 0.105835 0.441532 1.0 0.111206 0.440982 1.0
0 0.147461 0.428886 0.015625 0.027859 0.1427 0.425587 1.0 0.148438 0.427786 1.0 0.143677 0.431635 1.0 0.1427 0.436584 1.0 0.146851 0.4375 1.0
0 0.188477 0.409091 0.017578 0.029326 0.18396 0.40665 1.0 0.188891 0.411394 1.0 0.18396 0.414812 1.0 0.182316 0.41766 1.0 0.185225 0.421267 1.0
0 0.188965 0.478739 0.012695 0.027859 0.0 0.0 0.0 0.0 0.0 0.0 0.0 0.0 0.0 0.0 0.0 0.0 0.0 0.0 0.0
0 0.269043 0.446481 0.010742 0.027859 0.0 0.0 0.0 0.0 0.0 0.0 0.0 0.0 0.0 0.0 0.0 0.0 0.0 0.0 0.0
0 0.259766 0.334311 0.013672 0.029326 0.0 0.0 0.0 0.0 0.0 0.0 0.0 0.0 0.0 0.0 0.0 0.0 0.0 0.0 0.0
0 0.16748 0.283724 0.012695 0.019062 0.162445 0.279771 1.0 0.16667 0.280641 1.0 0.162859 0.286238 1.0 0.162528 0.290218 1.0 0.165593 0.290965 1.0
0 0.024902 0.3761 0.012695 0.021994 0.0 0.0 0.0 0.0 0.0 0.0 0.0 0.0 0.0 0.0 0.0 0.0 0.0 0.0 0.0
0 0.30957 0.73827 0.017578 0.030792 0.313324 0.738878 1.0 0.315216 0.737255 1.0 0.316567 0.742937 1.0 0.315216 0.750648 1.0 0.316838 0.748416 1.0
0 0.378418 0.677419 0.018555 0.032258 0.38079 0.672811 1.0 0.384696 0.671345 1.0 0.385533 0.677839 1.0 0.381627 0.687264 1.0 0.384277 0.686427 1.0
0 0.27832 0.678886 0.013672 0.026393 0.0 0.0 0.0 0.0 0.0 0.0 0.0 0.0 0.0 0.0 0.0 0.0 0.0 0.0 0.0
0 0.45459 0.818915 0.010742 0.027859 0.0 0.0 0.0 0.0 0.0 0.0 0.0 0.0 0.0 0.0 0.0 0.0 0.0 0.0 0.0
0 0.525879 0.664956 0.016602 0.033724 0.522657 0.657874 1.0 0.531146 0.657441 1.0 0.528268 0.666513 1.0 0.524527 0.675154 1.0 0.529994 0.674506 1.0
0 0.555664 0.739003 0.019531 0.035191 0.547852 0.735062 1.0 0.555176 0.738499 1.0 0.548462 0.74583 1.0 0.549072 0.750642 1.0 0.554718 0.752933 1.0
0 0.661621 0.813783 0.022461 0.035191 0.658203 0.811446 1.0 0.668885 0.810988 1.0 0.664307 0.82061 1.0 0.660492 0.826567 1.0 0.667206 0.826567 1.0
0 0.729492 0.706012 0.019531 0.039589 0.722717 0.704035 1.0 0.731001 0.704283 1.0 0.725368 0.71274 1.0 0.723049 0.718462 1.0 0.72951 0.718462 1.0
0 0.659668 0.670088 0.016602 0.035191 0.654449 0.663399 1.0 0.658875 0.664314 1.0 0.652771 0.671645 1.0 0.654449 0.678977 1.0 0.656586 0.678519 1.0
0 0.758301 0.73607 0.014648 0.035191 0.0 0.0 0.0 0.0 0.0 0.0 0.0 0.0 0.0 0.0 0.0 0.0 0.0 0.0 0.0
0 0.569824 0.928152 0.012695 0.035191 0.0 0.0 0.0 0.0 0.0 0.0 0.0 0.0 0.0 0.0 0.0 0.0 0.0 0.0 0.0
0 0.975098 0.735337 0.016602 0.030792 0.0 0.0 0.0 0.0 0.0 0.0 0.0 0.0 0.0 0.0 0.0 0.0 0.0 0.0 0.0
0 0.932129 0.708211 0.020508 0.038123 0.928419 0.701666 1.0 0.936968 0.703361 1.0 0.930193 0.710384 1.0 0.926483 0.717651 1.0 0.933097 0.719104 1.0
0 0.891602 0.708211 0.017578 0.035191 0.0 0.0 0.0 0.0 0.0 0.0 0.0 0.0 0.0 0.0 0.0 0.0 0.0 0.0 0.0
0 0.828125 0.691349 0.013672 0.027859 0.82373 0.687133 1.0 0.827515 0.691349 1.0 0.822144 0.696114 1.0 0.82251 0.701613 1.0 0.825562 0.702896 1.0
0 0.80127 0.722141 0.016602 0.033724 0.0 0.0 0.0 0.0 0.0 0.0 0.0 0.0 0.0 0.0 0.0 0.0 0.0 0.0 0.0
0 0.938477 0.81305 0.013672 0.024927 0.0 0.0 0.0 0.0 0.0 0.0 0.0 0.0 0.0 0.0 0.0 0.0 0.0 0.0 0.0
0 0.928711 0.906891 0.011719 0.027859 0.0 0.0 0.0 0.0 0.0 0.0 0.0 0.0 0.0 0.0 0.0 0.0 0.0 0.0 0.0
0 0.787109 0.825513 0.019531 0.041056 0.0 0.0 0.0 0.0 0.0 0.0 0.0 0.0 0.0 0.0 0.0 0.0 0.0 0.0 0.0
0 0.982422 0.91129 0.023438 0.033724 0.0 0.0 0.0 0.0 0.0 0.0 0.0 0.0 0.0 0.0 0.0 0.0 0.0 0.0 0.0
0 0.533691 0.277859 0.012695 0.027859 0.530042 0.274979 1.0 0.536517 0.274802 1.0 0.533456 0.279575 1.0 0.531808 0.285406 1.0 0.535692 0.285406 1.0
0 0.568848 0.353372 0.010742 0.026393 0.0 0.0 0.0 0.0 0.0 0.0 0.0 0.0 0.0 0.0 0.0 0.0 0.0 0.0 0.0
0 0.602539 0.363636 0.011719 0.026393 0.599068 0.363021 1.0 0.598955 0.363361 1.0 0.596462 0.364893 1.0 0.596802 0.369658 1.0 0.596802 0.369658 1.0
0 0.697266 0.347507 0.011719 0.029326 0.693481 0.344758 1.0 0.695312 0.345674 1.0 0.691406 0.34934 1.0 0.692505 0.354839 1.0 0.694092 0.355572 1.0
0 0.614746 0.281525 0.012695 0.02346 0.609619 0.277702 1.0 0.6137 0.279116 1.0 0.60941 0.283672 1.0 0.609828 0.289327 1.0 0.612862 0.289642 1.0
0 0.637207 0.277126 0.010742 0.020528 0.0 0.0 0.0 0.0 0.0 0.0 0.0 0.0 0.0 0.0 0.0 0.0 0.0 0.0 0.0
0 0.680664 0.280792 0.011719 0.024927 0.0 0.0 0.0 0.0 0.0 0.0 0.0 0.0 0.0 0.0 0.0 0.0 0.0 0.0 0.0
0 0.748535 0.359238 0.014648 0.02346 0.747559 0.358714 1.0 0.752477 0.357457 1.0 0.751221 0.362956 1.0 0.7485 0.367355 1.0 0.752267 0.366726 1.0
0 0.751953 0.27566 0.009766 0.020528 0.0 0.0 0.0 0.0 0.0 0.0 0.0 0.0 0.0 0.0 0.0 0.0 0.0 0.0 0.0
0 0.469727 0.295455 0.011719 0.019062 0.0 0.0 0.0 0.0 0.0 0.0 0.0 0.0 0.0 0.0 0.0 0.0 0.0 0.0 0.0
0 0.397949 0.384897 0.012695 0.016129 0.0 0.0 0.0 0.0 0.0 0.0 0.0 0.0 0.0 0.0 0.0 0.0 0.0 0.0 0.0
0 0.395508 0.366569 0.013672 0.020528 0.391998 0.363499 1.0 0.397583 0.366935 1.0 0.39328 0.369685 1.0 0.389801 0.373396 1.0 0.394013 0.376283 1.0
0 0.373535 0.340909 0.012695 0.021994 0.371129 0.337727 1.0 0.376404 0.339312 1.0 0.372375 0.343056 1.0 0.370361 0.346657 1.0 0.37439 0.348097 1.0
0 0.351562 0.341642 0.013672 0.020528 0.0 0.0 0.0 0.0 0.0 0.0 0.0 0.0 0.0 0.0 0.0 0.0 0.0 0.0 0.0
0 0.312988 0.356305 0.012695 0.020528 0.309601 0.353372 1.0 0.315277 0.354748 1.0 0.311432 0.360383 1.0 0.309784 0.36327 1.0 0.313812 0.363545 1.0
0 0.308594 0.431818 0.011719 0.021994 0.30658 0.430221 1.0 0.307442 0.430365 1.0 0.302743 0.435405 1.0 0.30562 0.439293 1.0 0.306388 0.439437 1.0
0 0.41748 0.311584 0.012695 0.021994 0.411821 0.306386 1.0 0.417576 0.308258 1.0 0.412781 0.313443 1.0 0.411726 0.315603 1.0 0.415563 0.317331 1.0
0 0.355957 0.297654 0.012695 0.02346 0.352016 0.291632 1.0 0.355782 0.293045 1.0 0.350761 0.29713 1.0 0.352853 0.303572 1.0 0.353376 0.303729 1.0
0 0.365234 0.752933 0.013672 0.021994 0.0 0.0 0.0 0.0 0.0 0.0 0.0 0.0 0.0 0.0 0.0 0.0 0.0 0.0 0.0
0 0.458496 0.73827 0.014648 0.030792 0.0 0.0 0.0 0.0 0.0 0.0 0.0 0.0 0.0 0.0 0.0 0.0 0.0 0.0 0.0
0 0.891113 0.229472 0.010742 0.021994 0.890241 0.225716 1.0 0.891968 0.22629 1.0 0.887364 0.229459 1.0 0.888035 0.238243 1.0 0.890337 0.2381 1.0
0 0.914551 0.253666 0.010742 0.02346 0.0 0.0 0.0 0.0 0.0 0.0 0.0 0.0 0.0 0.0 0.0 0.0 0.0 0.0 0.0
0 0.919434 0.269062 0.010742 0.021994 0.0 0.0 0.0 0.0 0.0 0.0 0.0 0.0 0.0 0.0 0.0 0.0 0.0 0.0 0.0
0 0.969727 0.305718 0.013672 0.019062 0.967041 0.305031 1.0 0.972809 0.305994 1.0 0.969422 0.309705 1.0 0.966857 0.314792 1.0 0.971436 0.314928 1.0
0 0.955566 0.276393 0.008789 0.019062 0.956874 0.274874 1.0 0.960101 0.274613 1.0 0.959839 0.279979 1.0 0.956874 0.284955 1.0 0.959664 0.285348 1.0
0 0.982422 0.379032 0.013672 0.024927 0.978611 0.370195 1.0 0.981772 0.377069 1.0 0.977521 0.376413 1.0 0.976322 0.380015 1.0 0.979048 0.385578 1.0
0 0.994629 0.351173 0.010742 0.030792 0.0 0.0 0.0 0.0 0.0 0.0 0.0 0.0 0.0 0.0 0.0 0.0 0.0 0.0 0.0
0 0.905762 0.311584 0.010742 0.021994 0.902404 0.307682 1.0 0.906241 0.309411 1.0 0.902309 0.314019 1.0 0.901829 0.318771 1.0 0.904419 0.320499 1.0
0 0.907715 0.342375 0.010742 0.021994 0.0 0.0 0.0 0.0 0.0 0.0 0.0 0.0 0.0 0.0 0.0 0.0 0.0 0.0 0.0
0 0.878906 0.343842 0.011719 0.024927 0.0 0.0 0.0 0.0 0.0 0.0 0.0 0.0 0.0 0.0 0.0 0.0 0.0 0.0 0.0
0 0.90332 0.378299 0.011719 0.02346 0.0 0.0 0.0 0.0 0.0 0.0 0.0 0.0 0.0 0.0 0.0 0.0 0.0 0.0 0.0
0 0.963379 0.407625 0.018555 0.017595 0.0 0.0 0.0 0.0 0.0 0.0 0.0 0.0 0.0 0.0 0.0 0.0 0.0 0.0 0.0
0 0.835938 0.23607 0.011719 0.020528 0.834656 0.231076 1.0 0.839233 0.230938 1.0 0.838959 0.236437 1.0 0.834931 0.240012 1.0 0.838684 0.239874 1.0
0 0.861816 0.228006 0.008789 0.024927 0.0 0.0 0.0 0.0 0.0 0.0 0.0 0.0 0.0 0.0 0.0 0.0 0.0 0.0 0.0
0 0.861328 0.316716 0.011719 0.020528 0.859148 0.314202 1.0 0.864205 0.313809 1.0 0.862113 0.318915 1.0 0.860456 0.322711 1.0 0.863856 0.322581 1.0
0 0.791992 0.252933 0.011719 0.021994 0.789193 0.253783 1.0 0.79466 0.253928 1.0 0.791304 0.25868 1.0 0.789002 0.26228 1.0 0.793413 0.262713 1.0
0 0.836914 0.332845 0.011719 0.026393 0.83503 0.330521 1.0 0.836561 0.331581 1.0 0.831617 0.333172 1.0 0.834913 0.341478 1.0 0.834913 0.341655 1.0
0 0.851562 0.383431 0.011719 0.021994 0.0 0.0 0.0 0.0 0.0 0.0 0.0 0.0 0.0 0.0 0.0 0.0 0.0 0.0 0.0
0 0.79834 0.346774 0.012695 0.024927 0.0 0.0 0.0 0.0 0.0 0.0 0.0 0.0 0.0 0.0 0.0 0.0 0.0 0.0 0.0
0 0.804199 0.323314 0.010742 0.019062 0.0 0.0 0.0 0.0 0.0 0.0 0.0 0.0 0.0 0.0 0.0 0.0 0.0 0.0 0.0
0 0.144043 0.152493 0.010742 0.014663 0.0 0.0 0.0 0.0 0.0 0.0 0.0 0.0 0.0 0.0 0.0 0.0 0.0 0.0 0.0
0 0.114258 0.142229 0.009766 0.014663 0.0 0.0 0.0 0.0 0.0 0.0 0.0 0.0 0.0 0.0 0.0 0.0 0.0 0.0 0.0
0 0.381348 0.159091 0.010742 0.019062 0.0 0.0 0.0 0.0 0.0 0.0 0.0 0.0 0.0 0.0 0.0 0.0 0.0 0.0 0.0
0 0.423828 0.15176 0.009766 0.019062 0.0 0.0 0.0 0.0 0.0 0.0 0.0 0.0 0.0 0.0 0.0 0.0 0.0 0.0 0.0
0 0.274414 0.206745 0.007812 0.014663 0.0 0.0 0.0 0.0 0.0 0.0 0.0 0.0 0.0 0.0 0.0 0.0 0.0 0.0 0.0
0 0.114746 0.38563 0.012695 0.026393 0.0 0.0 0.0 0.0 0.0 0.0 0.0 0.0 0.0 0.0 0.0 0.0 0.0 0.0 0.0
0 0.5 0.119501 0.009766 0.016129 0.0 0.0 0.0 0.0 0.0 0.0 0.0 0.0 0.0 0.0 0.0 0.0 0.0 0.0 0.0
0 0.340332 0.093842 0.006836 0.014663 0.0 0.0 0.0 0.0 0.0 0.0 0.0 0.0 0.0 0.0 0.0 0.0 0.0 0.0 0.0
0 0.422852 0.082111 0.009766 0.01173 0.0 0.0 0.0 0.0 0.0 0.0 0.0 0.0 0.0 0.0 0.0 0.0 0.0 0.0 0.0
0 0.268066 0.057185 0.008789 0.01173 0.265015 0.054528 1.0 0.268188 0.054619 1.0 0.265625 0.057551 1.0 0.265625 0.060484 1.0 0.267395 0.06076 1.0
0 0.312012 0.057918 0.008789 0.013196 0.0 0.0 0.0 0.0 0.0 0.0 0.0 0.0 0.0 0.0 0.0 0.0 0.0 0.0 0.0
0 0.387695 0.079179 0.007812 0.01173 0.0 0.0 0.0 0.0 0.0 0.0 0.0 0.0 0.0 0.0 0.0 0.0 0.0 0.0 0.0
0 0.802246 0.101173 0.008789 0.014663 0.802276 0.098575 1.0 0.805677 0.098182 1.0 0.804631 0.102403 1.0 0.802276 0.104956 1.0 0.80548 0.104956 1.0
0 0.833008 0.108504 0.007812 0.014663 0.0 0.0 0.0 0.0 0.0 0.0 0.0 0.0 0.0 0.0 0.0 0.0 0.0 0.0 0.0
0 0.88916 0.090176 0.006836 0.013196 0.0 0.0 0.0 0.0 0.0 0.0 0.0 0.0 0.0 0.0 0.0 0.0 0.0 0.0 0.0
0 0.589844 0.689883 0.015625 0.036657 0.0 0.0 0.0 0.0 0.0 0.0 0.0 0.0 0.0 0.0 0.0 0.0 0.0 0.0 0.0
0 0.245117 0.472874 0.011719 0.027859 0.244263 0.463893 1.0 0.247559 0.467192 1.0 0.244141 0.469575 1.0 0.243164 0.472874 1.0 0.245483 0.47434 1.0
0 0.289062 0.356305 0.013672 0.02346 0.0 0.0 0.0 0.0 0.0 0.0 0.0 0.0 0.0 0.0 0.0 0.0 0.0 0.0 0.0
0 0.552246 0.060117 0.008789 0.017595 0.0 0.0 0.0 0.0 0.0 0.0 0.0 0.0 0.0 0.0 0.0 0.0 0.0 0.0 0.0
0 0.616699 0.043255 0.010742 0.016129 0.0 0.0 0.0 0.0 0.0 0.0 0.0 0.0 0.0 0.0 0.0 0.0 0.0 0.0 0.0
0 0.652344 0.019795 0.007812 0.016129 0.0 0.0 0.0 0.0 0.0 0.0 0.0 0.0 0.0 0.0 0.0 0.0 0.0 0.0 0.0
0 0.455566 0.120235 0.008789 0.014663 0.0 0.0 0.0 0.0 0.0 0.0 0.0 0.0 0.0 0.0 0.0 0.0 0.0 0.0 0.0
0 0.176758 0.022727 0.007812 0.013196 0.0 0.0 0.0 0.0 0.0 0.0 0.0 0.0 0.0 0.0 0.0 0.0 0.0 0.0 0.0
0 0.212402 0.013196 0.006836 0.01173 0.0 0.0 0.0 0.0 0.0 0.0 0.0 0.0 0.0 0.0 0.0 0.0 0.0 0.0 0.0
0 0.241699 0.01393 0.006836 0.010264 0.0 0.0 0.0 0.0 0.0 0.0 0.0 0.0 0.0 0.0 0.0 0.0 0.0 0.0 0.0
0 0.139648 0.016129 0.007812 0.01173 0.0 0.0 0.0 0.0 0.0 0.0 0.0 0.0 0.0 0.0 0.0 0.0 0.0 0.0 0.0
0 0.944336 0.249267 0.015625 0.020528 0.0 0.0 0.0 0.0 0.0 0.0 0.0 0.0 0.0 0.0 0.0 0.0 0.0 0.0 0.0
0 0.98584 0.107038 0.010742 0.020528 0.0 0.0 0.0 0.0 0.0 0.0 0.0 0.0 0.0 0.0 0.0 0.0 0.0 0.0 0.0
0 0.964844 0.112903 0.011719 0.017595 0.0 0.0 0.0 0.0 0.0 0.0 0.0 0.0 0.0 0.0 0.0 0.0 0.0 0.0 0.0
0 0.902832 0.097507 0.008789 0.019062 0.902422 0.094889 1.0 0.90564 0.094418 1.0 0.903913 0.097953 1.0 0.902579 0.101016 1.0 0.904541 0.101133 1.0
0 0.913574 0.79912 0.014648 0.038123 0.0 0.0 0.0 0.0 0.0 0.0 0.0 0.0 0.0 0.0 0.0 0.0 0.0 0.0 0.0
0 0.876953 0.639296 0.009766 0.01173 0.0 0.0 0.0 0.0 0.0 0.0 0.0 0.0 0.0 0.0 0.0 0.0 0.0 0.0 0.0
0 0.883301 0.266862 0.006836 0.017595 0.0 0.0 0.0 0.0 0.0 0.0 0.0 0.0 0.0 0.0 0.0 0.0 0.0 0.0 0.0
0 0.615234 0.349707 0.005859 0.016129 0.0 0.0 0.0 0.0 0.0 0.0 0.0 0.0 0.0 0.0 0.0 0.0 0.0 0.0 0.0
0 0.564941 0.291056 0.010742 0.016129 0.0 0.0 0.0 0.0 0.0 0.0 0.0 0.0 0.0 0.0 0.0 0.0 0.0 0.0 0.0
0 0.594238 0.285191 0.008789 0.021994 0.0 0.0 0.0 0.0 0.0 0.0 0.0 0.0 0.0 0.0 0.0 0.0 0.0 0.0 0.0
0 0.708496 0.272727 0.008789 0.020528 0.0 0.0 0.0 0.0 0.0 0.0 0.0 0.0 0.0 0.0 0.0 0.0 0.0 0.0 0.0
0 0.720215 0.267595 0.006836 0.019062 0.0 0.0 0.0 0.0 0.0 0.0 0.0 0.0 0.0 0.0 0.0 0.0 0.0 0.0 0.0
0 0.20752 0.384897 0.010742 0.016129 0.0 0.0 0.0 0.0 0.0 0.0 0.0 0.0 0.0 0.0 0.0 0.0 0.0 0.0 0.0
0 0.223633 0.487537 0.009766 0.030792 0.0 0.0 0.0 0.0 0.0 0.0 0.0 0.0 0.0 0.0 0.0 0.0 0.0 0.0 0.0
0 0.307129 0.464809 0.012695 0.026393 0.0 0.0 0.0 0.0 0.0 0.0 0.0 0.0 0.0 0.0 0.0 0.0 0.0 0.0 0.0
0 0.004883 0.206745 0.009766 0.026393 0.0 0.0 0.0 0.0 0.0 0.0 0.0 0.0 0.0 0.0 0.0 0.0 0.0 0.0 0.0
0 0.006836 0.365103 0.013672 0.02346 0.0 0.0 0.0 0.0 0.0 0.0 0.0 0.0 0.0 0.0 0.0 0.0 0.0 0.0 0.0
0 0.0625 0.453079 0.015625 0.02346 0.0 0.0 0.0 0.0 0.0 0.0 0.0 0.0 0.0 0.0 0.0 0.0 0.0 0.0 0.0
0 0.043945 0.477273 0.015625 0.027859 0.0 0.0 0.0 0.0 0.0 0.0 0.0 0.0 0.0 0.0 0.0 0.0 0.0 0.0 0.0
0 0.124512 0.38563 0.006836 0.026393 0.0 0.0 0.0 0.0 0.0 0.0 0.0 0.0 0.0 0.0 0.0 0.0 0.0 0.0 0.0
0 0.209961 0.403959 0.005859 0.016129 0.0 0.0 0.0 0.0 0.0 0.0 0.0 0.0 0.0 0.0 0.0 0.0 0.0 0.0 0.0
0 0.22168 0.428152 0.009766 0.026393 0.0 0.0 0.0 0.0 0.0 0.0 0.0 0.0 0.0 0.0 0.0 0.0 0.0 0.0 0.0
0 0.185059 0.543988 0.004883 0.02346 0.0 0.0 0.0 0.0 0.0 0.0 0.0 0.0 0.0 0.0 0.0 0.0 0.0 0.0 0.0
0 0.226074 0.596774 0.008789 0.017595 0.0 0.0 0.0 0.0 0.0 0.0 0.0 0.0 0.0 0.0 0.0 0.0 0.0 0.0 0.0
0 0.294922 0.589443 0.009766 0.020528 0.0 0.0 0.0 0.0 0.0 0.0 0.0 0.0 0.0 0.0 0.0 0.0 0.0 0.0 0.0
0 0.116211 0.539589 0.005859 0.01173 0.0 0.0 0.0 0.0 0.0 0.0 0.0 0.0 0.0 0.0 0.0 0.0 0.0 0.0 0.0
0 0.938965 0.038123 0.004883 0.008798 0.0 0.0 0.0 0.0 0.0 0.0 0.0 0.0 0.0 0.0 0.0 0.0 0.0 0.0 0.0
0 0.848633 0.104839 0.007812 0.013196 0.0 0.0 0.0 0.0 0.0 0.0 0.0 0.0 0.0 0.0 0.0 0.0 0.0 0.0 0.0
0 0.805176 0.07478 0.006836 0.01173 0.0 0.0 0.0 0.0 0.0 0.0 0.0 0.0 0.0 0.0 0.0 0.0 0.0 0.0 0.0
0 0.782227 0.030792 0.005859 0.01173 0.0 0.0 0.0 0.0 0.0 0.0 0.0 0.0 0.0 0.0 0.0 0.0 0.0 0.0 0.0
0 0.74707 0.027126 0.005859 0.010264 0.0 0.0 0.0 0.0 0.0 0.0 0.0 0.0 0.0 0.0 0.0 0.0 0.0 0.0 0.0
0 0.762207 0.081378 0.008789 0.013196 0.0 0.0 0.0 0.0 0.0 0.0 0.0 0.0 0.0 0.0 0.0 0.0 0.0 0.0 0.0
0 0.75 0.096041 0.009766 0.013196 0.0 0.0 0.0 0.0 0.0 0.0 0.0 0.0 0.0 0.0 0.0 0.0 0.0 0.0 0.0
0 0.781738 0.131965 0.008789 0.014663 0.0 0.0 0.0 0.0 0.0 0.0 0.0 0.0 0.0 0.0 0.0 0.0 0.0 0.0 0.0
0 0.791992 0.096041 0.005859 0.013196 0.0 0.0 0.0 0.0 0.0 0.0 0.0 0.0 0.0 0.0 0.0 0.0 0.0 0.0 0.0
0 0.795898 0.1261 0.005859 0.014663 0.0 0.0 0.0 0.0 0.0 0.0 0.0 0.0 0.0 0.0 0.0 0.0 0.0 0.0 0.0
0 0.808105 0.112903 0.004883 0.008798 0.0 0.0 0.0 0.0 0.0 0.0 0.0 0.0 0.0 0.0 0.0 0.0 0.0 0.0 0.0
0 0.811035 0.10044 0.006836 0.016129 0.0 0.0 0.0 0.0 0.0 0.0 0.0 0.0 0.0 0.0 0.0 0.0 0.0 0.0 0.0
0 0.70459 0.026393 0.006836 0.01173 0.0 0.0 0.0 0.0 0.0 0.0 0.0 0.0 0.0 0.0 0.0 0.0 0.0 0.0 0.0
0 0.761719 0.140029 0.007812 0.007331 0.0 0.0 0.0 0.0 0.0 0.0 0.0 0.0 0.0 0.0 0.0 0.0 0.0 0.0 0.0
0 0.741699 0.137097 0.006836 0.007331 0.0 0.0 0.0 0.0 0.0 0.0 0.0 0.0 0.0 0.0 0.0 0.0 0.0 0.0 0.0
0 0.724609 0.13783 0.007812 0.008798 0.0 0.0 0.0 0.0 0.0 0.0 0.0 0.0 0.0 0.0 0.0 0.0 0.0 0.0 0.0
0 0.699707 0.137097 0.010742 0.010264 0.0 0.0 0.0 0.0 0.0 0.0 0.0 0.0 0.0 0.0 0.0 0.0 0.0 0.0 0.0
0 0.679688 0.132698 0.007812 0.010264 0.0 0.0 0.0 0.0 0.0 0.0 0.0 0.0 0.0 0.0 0.0 0.0 0.0 0.0 0.0
0 0.67041 0.064516 0.008789 0.01173 0.0 0.0 0.0 0.0 0.0 0.0 0.0 0.0 0.0 0.0 0.0 0.0 0.0 0.0 0.0
0 0.583008 0.064516 0.007812 0.01173 0.0 0.0 0.0 0.0 0.0 0.0 0.0 0.0 0.0 0.0 0.0 0.0 0.0 0.0 0.0
0 0.587891 0.016862 0.005859 0.010264 0.0 0.0 0.0 0.0 0.0 0.0 0.0 0.0 0.0 0.0 0.0 0.0 0.0 0.0 0.0
0 0.498535 0.094575 0.008789 0.013196 0.0 0.0 0.0 0.0 0.0 0.0 0.0 0.0 0.0 0.0 0.0 0.0 0.0 0.0 0.0
0 0.468262 0.016862 0.004883 0.007331 0.0 0.0 0.0 0.0 0.0 0.0 0.0 0.0 0.0 0.0 0.0 0.0 0.0 0.0 0.0
0 0.464355 0.066716 0.006836 0.010264 0.0 0.0 0.0 0.0 0.0 0.0 0.0 0.0 0.0 0.0 0.0 0.0 0.0 0.0 0.0
0 0.41748 0.031525 0.006836 0.010264 0.0 0.0 0.0 0.0 0.0 0.0 0.0 0.0 0.0 0.0 0.0 0.0 0.0 0.0 0.0
0 0.432617 0.002933 0.005859 0.005865 0.0 0.0 0.0 0.0 0.0 0.0 0.0 0.0 0.0 0.0 0.0 0.0 0.0 0.0 0.0
0 0.375 0.196481 0.009766 0.014663 0.0 0.0 0.0 0.0 0.0 0.0 0.0 0.0 0.0 0.0 0.0 0.0 0.0 0.0 0.0
0 0.308594 0.106305 0.009766 0.013196 0.0 0.0 0.0 0.0 0.0 0.0 0.0 0.0 0.0 0.0 0.0 0.0 0.0 0.0 0.0
0 0.919434 0.124633 0.012695 0.017595 0.0 0.0 0.0 0.0 0.0 0.0 0.0 0.0 0.0 0.0 0.0 0.0 0.0 0.0 0.0
0 0.612793 0.096774 0.008789 0.01173 0.0 0.0 0.0 0.0 0.0 0.0 0.0 0.0 0.0 0.0 0.0 0.0 0.0 0.0 0.0
0 0.633789 0.095308 0.009766 0.014663 0.0 0.0 0.0 0.0 0.0 0.0 0.0 0.0 0.0 0.0 0.0 0.0 0.0 0.0 0.0
0 0.657227 0.153226 0.009766 0.016129 0.0 0.0 0.0 0.0 0.0 0.0 0.0 0.0 0.0 0.0 0.0 0.0 0.0 0.0 0.0
0 0.629395 0.134897 0.008789 0.014663 0.0 0.0 0.0 0.0 0.0 0.0 0.0 0.0 0.0 0.0 0.0 0.0 0.0 0.0 0.0
0 0.583496 0.13563 0.008789 0.016129 0.0 0.0 0.0 0.0 0.0 0.0 0.0 0.0 0.0 0.0 0.0 0.0 0.0 0.0 0.0
0 0.564453 0.108504 0.009766 0.017595 0.0 0.0 0.0 0.0 0.0 0.0 0.0 0.0 0.0 0.0 0.0 0.0 0.0 0.0 0.0
0 0.556152 0.123167 0.006836 0.01173 0.0 0.0 0.0 0.0 0.0 0.0 0.0 0.0 0.0 0.0 0.0 0.0 0.0 0.0 0.0
0 0.619629 0.156158 0.006836 0.013196 0.0 0.0 0.0 0.0 0.0 0.0 0.0 0.0 0.0 0.0 0.0 0.0 0.0 0.0 0.0
0 0.643066 0.106305 0.008789 0.016129 0.0 0.0 0.0 0.0 0.0 0.0 0.0 0.0 0.0 0.0 0.0 0.0 0.0 0.0 0.0
0 0.630371 0.166422 0.008789 0.016129 0.0 0.0 0.0 0.0 0.0 0.0 0.0 0.0 0.0 0.0 0.0 0.0 0.0 0.0 0.0
0 0.494629 0.068915 0.008789 0.014663 0.0 0.0 0.0 0.0 0.0 0.0 0.0 0.0 0.0 0.0 0.0 0.0 0.0 0.0 0.0
0 0.5 0.028592 0.009766 0.016129 0.0 0.0 0.0 0.0 0.0 0.0 0.0 0.0 0.0 0.0 0.0 0.0 0.0 0.0 0.0
0 0.506836 0.029326 0.007812 0.014663 0.0 0.0 0.0 0.0 0.0 0.0 0.0 0.0 0.0 0.0 0.0 0.0 0.0 0.0 0.0
0 0.441406 0.038856 0.007812 0.016129 0.0 0.0 0.0 0.0 0.0 0.0 0.0 0.0 0.0 0.0 0.0 0.0 0.0 0.0 0.0
0 0.259766 0.141496 0.007812 0.016129 0.0 0.0 0.0 0.0 0.0 0.0 0.0 0.0 0.0 0.0 0.0 0.0 0.0 0.0 0.0
0 0.027344 0.239736 0.013672 0.021994 0.0 0.0 0.0 0.0 0.0 0.0 0.0 0.0 0.0 0.0 0.0 0.0 0.0 0.0 0.0
0 0.092773 0.164956 0.007812 0.010264 0.0 0.0 0.0 0.0 0.0 0.0 0.0 0.0 0.0 0.0 0.0 0.0 0.0 0.0 0.0
0 0.046387 0.366569 0.010742 0.020528 0.045846 0.364186 1.0 0.050555 0.362616 1.0 0.049247 0.368638 1.0 0.046631 0.374529 1.0 0.050729 0.37479 1.0
0 0.954102 0.446481 0.013672 0.021994 0.0 0.0 0.0 0.0 0.0 0.0 0.0 0.0 0.0 0.0 0.0 0.0 0.0 0.0 0.0
0 0.86377 0.44868 0.012695 0.026393 0.86887 0.445106 1.0 0.870344 0.445106 1.0 0.870797 0.449531 1.0 0.864449 0.456679 1.0 0.864677 0.456679 1.0
0 0.867676 0.480205 0.014648 0.021994 0.0 0.0 0.0 0.0 0.0 0.0 0.0 0.0 0.0 0.0 0.0 0.0 0.0 0.0 0.0
0 0.829102 0.373167 0.011719 0.021994 0.0 0.0 0.0 0.0 0.0 0.0 0.0 0.0 0.0 0.0 0.0 0.0 0.0 0.0 0.0
0 0.912109 0.546188 0.015625 0.027859 0.908203 0.541056 1.0 0.910889 0.543988 1.0 0.904785 0.548754 1.0 0.906128 0.553519 1.0 0.907959 0.555169 1.0
0 0.83252 0.590176 0.014648 0.030792 0.0 0.0 0.0 0.0 0.0 0.0 0.0 0.0 0.0 0.0 0.0 0.0 0.0 0.0 0.0
0 0.931641 0.381965 0.013672 0.021994 0.924748 0.379707 1.0 0.930063 0.378804 1.0 0.926954 0.384223 1.0 0.92545 0.389342 1.0 0.929762 0.388589 1.0
0 0.92041 0.40176 0.012695 0.02346 0.0 0.0 0.0 0.0 0.0 0.0 0.0 0.0 0.0 0.0 0.0 0.0 0.0 0.0 0.0
0 0.937988 0.332111 0.008789 0.019062 0.0 0.0 0.0 0.0 0.0 0.0 0.0 0.0 0.0 0.0 0.0 0.0 0.0 0.0 0.0
0 0.300293 0.91349 0.014648 0.032258 0.0 0.0 0.0 0.0 0.0 0.0 0.0 0.0 0.0 0.0 0.0 0.0 0.0 0.0 0.0
0 0.324219 0.825513 0.011719 0.029326 0.0 0.0 0.0 0.0 0.0 0.0 0.0 0.0 0.0 0.0 0.0 0.0 0.0 0.0 0.0
0 0.213379 0.73827 0.016602 0.030792 0.0 0.0 0.0 0.0 0.0 0.0 0.0 0.0 0.0 0.0 0.0 0.0 0.0 0.0 0.0
0 0.178711 0.252199 0.009766 0.017595 0.0 0.0 0.0 0.0 0.0 0.0 0.0 0.0 0.0 0.0 0.0 0.0 0.0 0.0 0.0
0 0.059082 0.195748 0.008789 0.016129 0.057129 0.195328 1.0 0.062081 0.194911 1.0 0.05957 0.199518 1.0 0.057617 0.20287 1.0 0.060826 0.202765 1.0
0 0.146973 0.189883 0.010742 0.016129 0.0 0.0 0.0 0.0 0.0 0.0 0.0 0.0 0.0 0.0 0.0 0.0 0.0 0.0 0.0
0 0.241699 0.397361 0.010742 0.020528 0.0 0.0 0.0 0.0 0.0 0.0 0.0 0.0 0.0 0.0 0.0 0.0 0.0 0.0 0.0
0 0.206055 0.414223 0.009766 0.016129 0.0 0.0 0.0 0.0 0.0 0.0 0.0 0.0 0.0 0.0 0.0 0.0 0.0 0.0 0.0
0 0.062012 0.359971 0.012695 0.021994 0.0 0.0 0.0 0.0 0.0 0.0 0.0 0.0 0.0 0.0 0.0 0.0 0.0 0.0 0.0
0 0.097168 0.38783 0.012695 0.021994 0.0 0.0 0.0 0.0 0.0 0.0 0.0 0.0 0.0 0.0 0.0 0.0 0.0 0.0 0.0
0 0.99707 0.456012 0.005859 0.02346 0.0 0.0 0.0 0.0 0.0 0.0 0.0 0.0 0.0 0.0 0.0 0.0 0.0 0.0 0.0
0 0.994629 0.442082 0.010742 0.027859 0.99387 0.436249 1.0 0.99646 0.4389 1.0 0.991634 0.442613 1.0 0.992458 0.448798 1.0 0.992929 0.449328 1.0
0 0.060547 0.769062 0.017578 0.036657 0.058646 0.764087 1.0 0.059745 0.766443 1.0 0.053153 0.766208 1.0 0.052996 0.775397 1.0 0.053467 0.776812 1.0