0 0.209473 0.39207 0.022461 0.038179 0.204956 0.387213 1.0 0.213667 0.383332 1.0 0.209957 0.391094 1.0 0.208988 0.400796 1.0 0.217377 0.396915 1.0
0 0.29834 0.372981 0.02832 0.049927 0.299805 0.360185 1.0 0.308594 0.364275 1.0 0.305455 0.374659 1.0 0.297084 0.38284 1.0 0.304199 0.385987 1.0
0 0.072266 0.410426 0.019531 0.024963 0.0 0.0 0.0 0.0 0.0 0.0 0.0 0.0 0.0 0.0 0.0 0.0 0.0 0.0 0.0
0 0.740234 0.401615 0.009766 0.01909 0.0 0.0 0.0 0.0 0.0 0.0 0.0 0.0 0.0 0.0 0.0 0.0 0.0 0.0 0.0
0 0.76709 0.402349 0.006836 0.011747 0.0 0.0 0.0 0.0 0.0 0.0 0.0 0.0 0.0 0.0 0.0 0.0 0.0 0.0 0.0
0 0.797363 0.422907 0.008789 0.014684 0.0 0.0 0.0 0.0 0.0 0.0 0.0 0.0 0.0 0.0 0.0 0.0 0.0 0.0 0.0
0 0.796875 0.400881 0.007812 0.011747 0.0 0.0 0.0 0.0 0.0 0.0 0.0 0.0 0.0 0.0 0.0 0.0 0.0 0.0 0.0
0 0.791504 0.396476 0.006836 0.011747 0.0 0.0 0.0 0.0 0.0 0.0 0.0 0.0 0.0 0.0 0.0 0.0 0.0 0.0 0.0
0 0.814941 0.400881 0.008789 0.014684 0.813599 0.398769 1.0 0.817261 0.398311 1.0 0.815308 0.401065 1.0 0.814575 0.404369 1.0 0.816711 0.403818 1.0
0 0.84668 0.436123 0.007812 0.011747 0.0 0.0 0.0 0.0 0.0 0.0 0.0 0.0 0.0 0.0 0.0 0.0 0.0 0.0 0.0
0 0.86084 0.406021 0.008789 0.013216 0.0 0.0 0.0 0.0 0.0 0.0 0.0 0.0 0.0 0.0 0.0 0.0 0.0 0.0 0.0
0 0.881348 0.400881 0.006836 0.017621 0.0 0.0 0.0 0.0 0.0 0.0 0.0 0.0 0.0 0.0 0.0 0.0 0.0 0.0 0.0
0 0.907227 0.454479 0.007812 0.013216 0.0 0.0 0.0 0.0 0.0 0.0 0.0 0.0 0.0 0.0 0.0 0.0 0.0 0.0 0.0
0 0.907227 0.407489 0.007812 0.016153 0.0 0.0 0.0 0.0 0.0 0.0 0.0 0.0 0.0 0.0 0.0 0.0 0.0 0.0 0.0
0 0.927246 0.417034 0.006836 0.014684 0.0 0.0 0.0 0.0 0.0 0.0 0.0 0.0 0.0 0.0 0.0 0.0 0.0 0.0 0.0
0 0.988281 0.385463 0.009766 0.01909 0.0 0.0 0.0 0.0 0.0 0.0 0.0 0.0 0.0 0.0 0.0 0.0 0.0 0.0 0.0
0 0.961426 0.409692 0.010742 0.020558 0.0 0.0 0.0 0.0 0.0 0.0 0.0 0.0 0.0 0.0 0.0 0.0 0.0 0.0 0.0