0 0.990723 0.808843 0.008789 0.015605 0.0 0.0 0.0 0.0 0.0 0.0 0.0 0.0 0.0 0.0 0.0 0.0 0.0 0.0 0.0
0 0.912109 0.803641 0.019531 0.028609 0.907994 0.799368 1.0 0.910087 0.798997 1.0 0.906459 0.804941 1.0 0.909947 0.809585 1.0 0.911481 0.809401 1.0
0 0.850098 0.808192 0.018555 0.022107 0.0 0.0 0.0 0.0 0.0 0.0 0.0 0.0 0.0 0.0 0.0 0.0 0.0 0.0 0.0
0 0.697266 0.836801 0.013672 0.024707 0.0 0.0 0.0 0.0 0.0 0.0 0.0 0.0 0.0 0.0 0.0 0.0 0.0 0.0 0.0
0 0.606934 0.83225 0.012695 0.020806 0.0 0.0 0.0 0.0 0.0 0.0 0.0 0.0 0.0 0.0 0.0 0.0 0.0 0.0 0.0
0 0.612305 0.879064 0.009766 0.023407 0.0 0.0 0.0 0.0 0.0 0.0 0.0 0.0 0.0 0.0 0.0 0.0 0.0 0.0 0.0
0 0.660156 0.847204 0.011719 0.027308 0.0 0.0 0.0 0.0 0.0 0.0 0.0 0.0 0.0 0.0 0.0 0.0 0.0 0.0 0.0
0 0.57373 0.838101 0.016602 0.022107 0.573186 0.83506 1.0 0.57591 0.83477 1.0 0.57275 0.84188 1.0 0.577981 0.842606 1.0 0.579616 0.842026 1.0
0 0.549316 0.827048 0.010742 0.031209 0.0 0.0 0.0 0.0 0.0 0.0 0.0 0.0 0.0 0.0 0.0 0.0 0.0 0.0 0.0
0 0.493652 0.862809 0.016602 0.024707 0.0 0.0 0.0 0.0 0.0 0.0 0.0 0.0 0.0 0.0 0.0 0.0 0.0 0.0 0.0
0 0.294434 0.59948 0.045898 0.059818 0.294041 0.587161 1.0 0.30777 0.593774 1.0 0.302512 0.605442 1.0 0.287031 0.611276 1.0 0.301636 0.617888 1.0
0 0.089355 0.871912 0.016602 0.024707 0.0 0.0 0.0 0.0 0.0 0.0 0.0 0.0 0.0 0.0 0.0 0.0 0.0 0.0 0.0
0 0.087891 0.845254 0.015625 0.026008 0.0 0.0 0.0 0.0 0.0 0.0 0.0 0.0 0.0 0.0 0.0 0.0 0.0 0.0 0.0
0 0.183594 0.848505 0.007812 0.019506 0.0 0.0 0.0 0.0 0.0 0.0 0.0 0.0 0.0 0.0 0.0 0.0 0.0 0.0 0.0
0 0.141113 0.886866 0.012695 0.020806 0.0 0.0 0.0 0.0 0.0 0.0 0.0 0.0 0.0 0.0 0.0 0.0 0.0 0.0 0.0