0 0.016113 0.918403 0.026367 0.107639 -0.003662 0.899328 1.0 0.01644 0.899328 1.0 0.008096 0.916186 1.0 -0.003662 0.939786 1.0 0.017199 0.937764 1.0
0 0.15332 0.885417 0.03125 0.065972 0.144191 0.876875 1.0 0.160496 0.87176 1.0 0.154022 0.895205 1.0 0.148986 0.907141 1.0 0.161695 0.901599 1.0
0 0.195312 0.876736 0.029297 0.079861 0.0 0.0 0.0 0.0 0.0 0.0 0.0 0.0 0.0 0.0 0.0 0.0 0.0 0.0 0.0
0 0.136719 0.557292 0.017578 0.052083 0.0 0.0 0.0 0.0 0.0 0.0 0.0 0.0 0.0 0.0 0.0 0.0 0.0 0.0 0.0
0 0.158691 0.569444 0.016602 0.045139 0.0 0.0 0.0 0.0 0.0 0.0 0.0 0.0 0.0 0.0 0.0 0.0 0.0 0.0 0.0
0 0.225098 0.559028 0.018555 0.045139 0.0 0.0 0.0 0.0 0.0 0.0 0.0 0.0 0.0 0.0 0.0 0.0 0.0 0.0 0.0
0 0.28418 0.643229 0.039062 0.078125 0.275451 0.632215 1.0 0.294403 0.623915 1.0 0.290283 0.645887 1.0 0.28424 0.67079 1.0 0.298248 0.662 1.0
0 0.21582 0.846354 0.027344 0.050347 0.0 0.0 0.0 0.0 0.0 0.0 0.0 0.0 0.0 0.0 0.0 0.0 0.0 0.0 0.0
0 0.311523 0.942708 0.054688 0.100694 0.290026 0.92903 1.0 0.303113 0.918007 1.0 0.293126 0.944948 1.0 0.290026 0.963318 1.0 0.30828 0.956582 1.0
0 0.063477 0.135417 0.023438 0.055556 0.0 0.0 0.0 0.0 0.0 0.0 0.0 0.0 0.0 0.0 0.0 0.0 0.0 0.0 0.0
0 0.307129 0.381076 0.016602 0.039931 0.0 0.0 0.0 0.0 0.0 0.0 0.0 0.0 0.0 0.0 0.0 0.0 0.0 0.0 0.0
0 0.358398 0.378472 0.019531 0.038194 0.0 0.0 0.0 0.0 0.0 0.0 0.0 0.0 0.0 0.0 0.0 0.0 0.0 0.0 0.0
0 0.372559 0.540799 0.018555 0.036458 0.0 0.0 0.0 0.0 0.0 0.0 0.0 0.0 0.0 0.0 0.0 0.0 0.0 0.0 0.0
0 0.419434 0.467882 0.020508 0.043403 0.0 0.0 0.0 0.0 0.0 0.0 0.0 0.0 0.0 0.0 0.0 0.0 0.0 0.0 0.0
0 0.436035 0.430556 0.022461 0.045139 0.0 0.0 0.0 0.0 0.0 0.0 0.0 0.0 0.0 0.0 0.0 0.0 0.0 0.0 0.0
0 0.401367 0.598958 0.025391 0.059028 0.401995 0.587054 1.0 0.411202 0.58817 1.0 0.408482 0.598587 1.0 0.404297 0.611608 1.0 0.409737 0.611608 1.0
0 0.425293 0.578125 0.022461 0.034722 0.0 0.0 0.0 0.0 0.0 0.0 0.0 0.0 0.0 0.0 0.0 0.0 0.0 0.0 0.0
0 0.436035 0.62066 0.024414 0.053819 0.0 0.0 0.0 0.0 0.0 0.0 0.0 0.0 0.0 0.0 0.0 0.0 0.0 0.0 0.0
0 0.456055 0.673611 0.03125 0.059028 0.447754 0.665427 1.0 0.461774 0.661335 1.0 0.455078 0.670262 1.0 0.451521 0.688491 1.0 0.460938 0.686632 1.0
0 0.48877 0.572049 0.020508 0.060764 0.0 0.0 0.0 0.0 0.0 0.0 0.0 0.0 0.0 0.0 0.0 0.0 0.0 0.0 0.0
0 0.54248 0.561632 0.038086 0.074653 0.527941 0.54713 1.0 0.547887 0.542403 1.0 0.537249 0.553278 1.0 0.533525 0.576917 1.0 0.545493 0.573606 1.0
0 0.333496 0.729167 0.036133 0.076389 0.0 0.0 0.0 0.0 0.0 0.0 0.0 0.0 0.0 0.0 0.0 0.0 0.0 0.0 0.0
0 0.366699 0.737847 0.016602 0.059028 0.360909 0.72309 1.0 0.364049 0.72309 1.0 0.357979 0.736111 1.0 0.361119 0.748387 1.0 0.364467 0.749132 1.0
0 0.390137 0.730035 0.022461 0.060764 0.380951 0.716906 1.0 0.392914 0.717285 1.0 0.385864 0.731717 1.0 0.380737 0.746528 1.0 0.390564 0.746908 1.0
0 0.430176 0.972222 0.079102 0.052083 0.0 0.0 0.0 0.0 0.0 0.0 0.0 0.0 0.0 0.0 0.0 0.0 0.0 0.0 0.0
0 0.606934 0.493056 0.016602 0.034722 0.0 0.0 0.0 0.0 0.0 0.0 0.0 0.0 0.0 0.0 0.0 0.0 0.0 0.0 0.0
0 0.651367 0.56684 0.033203 0.067708 0.64944 0.548054 1.0 0.654476 0.545922 1.0 0.662148 0.568089 1.0 0.651599 0.579172 1.0 0.656634 0.579597 1.0
0 0.713379 0.513889 0.020508 0.048611 0.0 0.0 0.0 0.0 0.0 0.0 0.0 0.0 0.0 0.0 0.0 0.0 0.0 0.0 0.0
0 0.729492 0.623264 0.025391 0.052083 0.71933 0.615064 1.0 0.731327 0.606399 1.0 0.726828 0.624396 1.0 0.726078 0.638059 1.0 0.733765 0.633727 1.0
0 0.742676 0.521701 0.02832 0.050347 0.734632 0.515835 1.0 0.747145 0.505983 1.0 0.743927 0.518059 1.0 0.743927 0.533312 1.0 0.751435 0.52505 1.0
0 0.788086 0.505208 0.025391 0.052083 0.0 0.0 0.0 0.0 0.0 0.0 0.0 0.0 0.0 0.0 0.0 0.0 0.0 0.0 0.0
0 0.824707 0.577257 0.03418 0.064236 0.821215 0.564113 1.0 0.836003 0.560003 1.0 0.834848 0.573149 1.0 0.826991 0.591224 1.0 0.838313 0.587938 1.0
0 0.602539 0.921875 0.050781 0.100694 0.0 0.0 0.0 0.0 0.0 0.0 0.0 0.0 0.0 0.0 0.0 0.0 0.0 0.0 0.0
0 0.730957 0.413194 0.014648 0.041667 0.0 0.0 0.0 0.0 0.0 0.0 0.0 0.0 0.0 0.0 0.0 0.0 0.0 0.0 0.0
0 0.744629 0.402778 0.012695 0.048611 0.0 0.0 0.0 0.0 0.0 0.0 0.0 0.0 0.0 0.0 0.0 0.0 0.0 0.0 0.0
0 0.839844 0.397569 0.019531 0.052083 0.831669 0.38637 1.0 0.842542 0.382705 1.0 0.83823 0.394701 1.0 0.835794 0.405366 1.0 0.842542 0.4037 1.0
0 0.868652 0.497396 0.024414 0.043403 0.862653 0.494575 1.0 0.873169 0.491785 1.0 0.868146 0.503783 1.0 0.86438 0.514663 1.0 0.873482 0.51271 1.0
0 0.84375 0.489583 0.019531 0.045139 0.838427 0.479252 1.0 0.851009 0.480972 1.0 0.845202 0.489288 1.0 0.839072 0.498752 1.0 0.848105 0.499613 1.0
0 0.897461 0.450521 0.023438 0.039931 0.0 0.0 0.0 0.0 0.0 0.0 0.0 0.0 0.0 0.0 0.0 0.0 0.0 0.0 0.0
0 0.903809 0.503472 0.014648 0.041667 0.0 0.0 0.0 0.0 0.0 0.0 0.0 0.0 0.0 0.0 0.0 0.0 0.0 0.0 0.0
0 0.944824 0.576389 0.024414 0.055556 0.937718 0.56467 1.0 0.94935 0.563245 1.0 0.944336 0.578575 1.0 0.939122 0.593905 1.0 0.951957 0.59141 1.0
0 0.964355 0.721354 0.032227 0.060764 0.0 0.0 0.0 0.0 0.0 0.0 0.0 0.0 0.0 0.0 0.0 0.0 0.0 0.0 0.0
0 0.830566 0.846354 0.077148 0.144097 0.0 0.0 0.0 0.0 0.0 0.0 0.0 0.0 0.0 0.0 0.0 0.0 0.0 0.0 0.0
0 0.935547 0.880208 0.0625 0.097222 0.0 0.0 0.0 0.0 0.0 0.0 0.0 0.0 0.0 0.0 0.0 0.0 0.0 0.0 0.0
0 0.875 0.37066 0.019531 0.043403 0.869472 0.360306 1.0 0.876378 0.358073 1.0 0.87214 0.367559 1.0 0.87057 0.378441 1.0 0.877162 0.377604 1.0
0 0.745117 0.364583 0.023438 0.045139 0.0 0.0 0.0 0.0 0.0 0.0 0.0 0.0 0.0 0.0 0.0 0.0 0.0 0.0 0.0
0 0.97168 0.799479 0.029297 0.074653 0.0 0.0 0.0 0.0 0.0 0.0 0.0 0.0 0.0 0.0 0.0 0.0 0.0 0.0 0.0