0 0.687988 0.502199 0.09668 0.148094 0.658403 0.47637 1.0 0.701738 0.457779 1.0 0.68131 0.488453 1.0 0.668928 0.530282 1.0 0.704834 0.515409 1.0
0 0.870117 0.108504 0.091797 0.193548 0.847194 0.108661 1.0 0.890616 0.057591 1.0 0.876143 0.122787 1.0 0.869629 0.164079 1.0 0.892787 0.123874 1.0
0 0.158203 0.230938 0.056641 0.08651 0.141235 0.220308 1.0 0.168335 0.219758 1.0 0.152588 0.240652 1.0 0.144531 0.256598 1.0 0.16394 0.252749 1.0
0 0.42627 0.533724 0.053711 0.120235 0.404725 0.504386 1.0 0.41776 0.499116 1.0 0.397705 0.526969 1.0 0.416757 0.555575 1.0 0.418762 0.554821 1.0
0 0.525879 0.428886 0.086914 0.171554 0.518956 0.422784 1.0 0.540405 0.404535 1.0 0.551845 0.459284 1.0 0.521815 0.467872 1.0 0.556135 0.463579 1.0
0 0.240234 0.53739 0.039062 0.071848 0.22998 0.522911 1.0 0.251343 0.521994 1.0 0.243104 0.533449 1.0 0.235168 0.552695 1.0 0.251343 0.551777 1.0
0 0.295898 0.619501 0.042969 0.092375 0.279323 0.606396 1.0 0.300511 0.604629 1.0 0.282854 0.621714 1.0 0.281678 0.644101 1.0 0.294233 0.641155 1.0
0 0.373047 0.554252 0.039062 0.058651 0.363364 0.548669 1.0 0.382499 0.543818 1.0 0.372807 0.550908 1.0 0.36908 0.569935 1.0 0.381753 0.566205 1.0
0 0.069824 0.936217 0.049805 0.08651 0.082886 0.903592 1.0 0.074463 0.928336 1.0 0.095337 0.918988 1.0 0.096802 0.939333 1.0 0.090942 0.94813 1.0
0 0.012207 0.547654 0.024414 0.080645 0.001953 0.539589 1.0 0.012695 0.538123 1.0 0.00293 0.557185 1.0 0.000977 0.570381 1.0 0.013672 0.567449 1.0
0 0.952637 0.516129 0.024414 0.052786 0.950195 0.505865 1.0 0.959961 0.508798 1.0 0.957031 0.517595 1.0 0.949219 0.526393 1.0 0.959961 0.526393 1.0
0 0.01709 0.772727 0.03418 0.090909 0.0 0.0 0.0 0.0 0.0 0.0 0.0 0.0 0.0 0.0 0.0 0.0 0.0 0.0 0.0
0 0.128906 0.604106 0.011719 0.020528 0.124023 0.605572 1.0 0.129883 0.604106 1.0 0.125977 0.608504 1.0 0.125977 0.612903 1.0 0.129883 0.612903 1.0