0 0.09375 0.41543 0.033203 0.05638 0.090385 0.405945 1.0 0.10549 0.405217 1.0 0.101175 0.420153 1.0 0.091104 0.430718 1.0 0.10549 0.430353 1.0
0 0.184082 0.377596 0.036133 0.057864 0.173523 0.365912 1.0 0.191746 0.362634 1.0 0.184553 0.378298 1.0 0.178559 0.393234 1.0 0.192945 0.391049 1.0
0 0.284668 0.416914 0.036133 0.086053 0.282166 0.413258 1.0 0.29718 0.412715 1.0 0.292176 0.428466 1.0 0.283596 0.4415 1.0 0.296465 0.442045 1.0
0 0.029297 0.45178 0.025391 0.063798 0.034215 0.45227 1.0 0.037187 0.453092 1.0 0.041242 0.466233 1.0 0.031241 0.472804 1.0 0.033674 0.474036 1.0
0 0.382324 0.393175 0.030273 0.05638 0.379687 0.384055 1.0 0.392635 0.38369 1.0 0.3864 0.397898 1.0 0.378248 0.411377 1.0 0.391676 0.412105 1.0
0 0.408691 0.405045 0.020508 0.062315 0.402675 0.401467 1.0 0.413923 0.401865 1.0 0.409477 0.414583 1.0 0.401629 0.424915 1.0 0.41183 0.426504 1.0
0 0.515137 0.367211 0.032227 0.063798 0.521563 0.359263 1.0 0.528478 0.359263 1.0 0.529807 0.373404 1.0 0.521297 0.38512 1.0 0.529009 0.384717 1.0
0 0.556641 0.433976 0.021484 0.037092 0.554443 0.426233 1.0 0.562684 0.426929 1.0 0.557343 0.43481 1.0 0.554596 0.442924 1.0 0.560395 0.442924 1.0
0 0.629883 0.399852 0.03125 0.051929 0.628906 0.391691 1.0 0.644531 0.390208 1.0 0.639648 0.405045 1.0 0.630859 0.413947 1.0 0.644531 0.412463 1.0
0 0.682617 0.410237 0.027344 0.060831 0.677595 0.403733 1.0 0.688974 0.404117 1.0 0.684675 0.412568 1.0 0.678354 0.425246 1.0 0.689479 0.426399 1.0
0 0.731445 0.432493 0.027344 0.054896 0.725551 0.424518 1.0 0.737566 0.425206 1.0 0.729632 0.434162 1.0 0.725324 0.443806 1.0 0.732353 0.44415 1.0
0 0.750488 0.47181 0.022461 0.053412 0.74622 0.468028 1.0 0.758004 0.469717 1.0 0.75756 0.476135 1.0 0.751111 0.485255 1.0 0.757782 0.48762 1.0
0 0.800781 0.431751 0.025391 0.053412 0.793666 0.421889 1.0 0.805006 0.42155 1.0 0.797668 0.431009 1.0 0.794556 0.443846 1.0 0.804339 0.444521 1.0
0 0.866699 0.462908 0.030273 0.050445 0.858947 0.453727 1.0 0.872619 0.452105 1.0 0.866639 0.462166 1.0 0.859589 0.475798 1.0 0.871338 0.475148 1.0
0 0.900879 0.433234 0.026367 0.05638 0.898054 0.425724 1.0 0.909825 0.430015 1.0 0.90441 0.435739 1.0 0.896642 0.446111 1.0 0.907 0.45076 1.0
0 0.990234 0.444362 0.019531 0.063798 0.997367 0.440322 1.0 0.999229 0.440322 1.0 0.999494 0.455675 1.0 0.996037 0.466988 1.0 0.998696 0.467392 1.0
0 0.761719 0.445104 0.021484 0.032641 0.754883 0.442136 1.0 0.762695 0.442136 1.0 0.757812 0.451039 1.0 0.756836 0.456973 1.0 0.762695 0.45549 1.0
0 0.064941 0.404303 0.024414 0.048961 0.0 0.0 0.0 0.0 0.0 0.0 0.0 0.0 0.0 0.0 0.0 0.0 0.0 0.0 0.0