0 0.931152 0.766645 0.135742 0.113769 0.878558 0.73444 1.0 0.942348 0.755195 1.0 0.881801 0.775949 1.0 0.87207 0.787399 1.0 0.915318 0.800997 1.0
0 0.908203 0.61894 0.027344 0.021332 0.904018 0.615564 1.0 0.914848 0.613705 1.0 0.91204 0.620077 1.0 0.907628 0.624856 1.0 0.917053 0.622864 1.0
0 0.446777 0.932127 0.200195 0.135747 0.429967 0.931758 1.0 0.507812 0.920122 1.0 0.478935 0.965001 1.0 0.440011 0.994921 1.0 0.517857 0.982454 1.0
0 0.619141 0.716871 0.042969 0.046542 0.604823 0.713045 1.0 0.607937 0.713633 1.0 0.597709 0.720403 1.0 0.609271 0.727762 1.0 0.612383 0.728351 1.0
0 0.217773 0.946994 0.037109 0.027149 0.0 0.0 0.0 0.0 0.0 0.0 0.0 0.0 0.0 0.0 0.0 0.0 0.0 0.0 0.0
0 0.272949 0.765029 0.161133 0.151907 0.279633 0.753939 1.0 0.339874 0.749192 1.0 0.347046 0.778624 1.0 0.289673 0.812803 1.0 0.339874 0.806157 1.0
0 0.03125 0.817388 0.037109 0.036846 0.0 0.0 0.0 0.0 0.0 0.0 0.0 0.0 0.0 0.0 0.0 0.0 0.0 0.0 0.0
0 0.478516 0.670976 0.033203 0.024564 0.472513 0.667955 1.0 0.485221 0.664304 1.0 0.484981 0.671605 1.0 0.479466 0.678271 1.0 0.492175 0.673827 1.0
0 0.765137 0.521655 0.083008 0.072398 0.735918 0.508888 1.0 0.77587 0.5098 1.0 0.751072 0.522111 1.0 0.731785 0.530318 1.0 0.771049 0.530318 1.0
0 0.70459 0.478992 0.067383 0.060763 0.0 0.0 0.0 0.0 0.0 0.0 0.0 0.0 0.0 0.0 0.0 0.0 0.0 0.0 0.0
0 0.553711 0.478022 0.039062 0.045895 0.547498 0.469861 1.0 0.548819 0.469861 1.0 0.533849 0.47569 1.0 0.540013 0.485891 1.0 0.541334 0.485891 1.0
0 0.461914 0.405947 0.029297 0.024564 0.45364 0.402807 1.0 0.468 0.402496 1.0 0.459996 0.407326 1.0 0.454581 0.411222 1.0 0.467529 0.411067 1.0
0 0.24707 0.542017 0.103516 0.079509 0.0 0.0 0.0 0.0 0.0 0.0 0.0 0.0 0.0 0.0 0.0 0.0 0.0 0.0 0.0
0 0.030273 0.398513 0.060547 0.085973 -0.004308 0.391391 1.0 0.032379 0.391931 1.0 0.013628 0.405961 1.0 -0.005123 0.421611 1.0 0.03401 0.42269 1.0
0 0.779785 0.418229 0.06543 0.063348 0.7679 0.413092 1.0 0.796383 0.414295 1.0 0.784868 0.421917 1.0 0.769112 0.43395 1.0 0.79517 0.436758 1.0
0 0.689941 0.29735 0.075195 0.056884 0.674805 0.285253 1.0 0.712646 0.287758 1.0 0.694807 0.294198 1.0 0.678589 0.308869 1.0 0.701835 0.309586 1.0
0 0.750488 0.310924 0.053711 0.049127 0.735072 0.304425 1.0 0.765394 0.302882 1.0 0.753266 0.312763 1.0 0.744402 0.324496 1.0 0.763062 0.323878 1.0
0 0.823242 0.282805 0.046875 0.044602 0.827941 0.279169 1.0 0.850158 0.277473 1.0 0.844178 0.284825 1.0 0.835633 0.293875 1.0 0.850586 0.293027 1.0
0 0.964355 0.270847 0.040039 0.034906 0.0 0.0 0.0 0.0 0.0 0.0 0.0 0.0 0.0 0.0 0.0 0.0 0.0 0.0 0.0
0 0.988281 0.247576 0.021484 0.037492 0.0 0.0 0.0 0.0 0.0 0.0 0.0 0.0 0.0 0.0 0.0 0.0 0.0 0.0 0.0
0 0.474121 0.34777 0.055664 0.038785 0.0 0.0 0.0 0.0 0.0 0.0 0.0 0.0 0.0 0.0 0.0 0.0 0.0 0.0 0.0
0 0.55957 0.311571 0.058594 0.047835 0.545026 0.302521 1.0 0.571324 0.304622 1.0 0.556361 0.315426 1.0 0.543666 0.322929 1.0 0.562709 0.32503 1.0
0 0.338867 0.310601 0.058594 0.047188 0.328893 0.303676 1.0 0.361084 0.302175 1.0 0.344308 0.310878 1.0 0.332973 0.321683 1.0 0.354736 0.321983 1.0
0 0.190918 0.253717 0.026367 0.027796 0.183293 0.24826 1.0 0.183293 0.24826 1.0 0.178771 0.252836 1.0 0.184356 0.258118 1.0 0.184623 0.258118 1.0
0 0.121582 0.217518 0.016602 0.012282 0.0 0.0 0.0 0.0 0.0 0.0 0.0 0.0 0.0 0.0 0.0 0.0 0.0 0.0 0.0
0 0.441406 0.258565 0.048828 0.045249 0.43617 0.253385 1.0 0.459908 0.251957 1.0 0.453435 0.262813 1.0 0.44135 0.271098 1.0 0.459045 0.271383 1.0
0 0.32373 0.263736 0.049805 0.037492 0.0 0.0 0.0 0.0 0.0 0.0 0.0 0.0 0.0 0.0 0.0 0.0 0.0 0.0 0.0
0 0.364746 0.234001 0.032227 0.031028 0.0 0.0 0.0 0.0 0.0 0.0 0.0 0.0 0.0 0.0 0.0 0.0 0.0 0.0 0.0
0 0.291504 0.298319 0.02832 0.039431 0.0 0.0 0.0 0.0 0.0 0.0 0.0 0.0 0.0 0.0 0.0 0.0 0.0 0.0 0.0
0 0.650879 0.269231 0.05957 0.044602 0.0 0.0 0.0 0.0 0.0 0.0 0.0 0.0 0.0 0.0 0.0 0.0 0.0 0.0 0.0
0 0.51123 0.240789 0.036133 0.029089 0.500336 0.235162 1.0 0.520172 0.235349 1.0 0.508554 0.242101 1.0 0.499202 0.246416 1.0 0.521589 0.246228 1.0
0 0.308594 0.190368 0.041016 0.027796 0.297956 0.186672 1.0 0.317104 0.185968 1.0 0.307796 0.192481 1.0 0.301147 0.199522 1.0 0.314179 0.19917 1.0
0 0.269043 0.20362 0.036133 0.025856 0.0 0.0 0.0 0.0 0.0 0.0 0.0 0.0 0.0 0.0 0.0 0.0 0.0 0.0 0.0
0 0.323242 0.22075 0.029297 0.017453 0.0 0.0 0.0 0.0 0.0 0.0 0.0 0.0 0.0 0.0 0.0 0.0 0.0 0.0 0.0
0 0.085938 0.156755 0.03125 0.029089 0.079311 0.151261 1.0 0.096331 0.151261 1.0 0.085729 0.158279 1.0 0.081264 0.164743 1.0 0.092982 0.164189 1.0
0 0.055176 0.170653 0.038086 0.033613 0.058559 0.165736 1.0 0.065979 0.166376 1.0 0.067915 0.173423 1.0 0.056945 0.179403 1.0 0.065011 0.180257 1.0
0 0.147949 0.172915 0.032227 0.014867 0.0 0.0 0.0 0.0 0.0 0.0 0.0 0.0 0.0 0.0 0.0 0.0 0.0 0.0 0.0
0 0.015625 0.143827 0.03125 0.027796 0.009203 0.14054 1.0 0.024096 0.140364 1.0 0.016915 0.145644 1.0 0.011862 0.150574 1.0 0.020639 0.15075 1.0
0 0.941406 0.150291 0.029297 0.02521 0.932046 0.146006 1.0 0.941877 0.147593 1.0 0.933484 0.151719 1.0 0.929408 0.154894 1.0 0.938041 0.155846 1.0
0 0.888184 0.166128 0.026367 0.019392 0.0 0.0 0.0 0.0 0.0 0.0 0.0 0.0 0.0 0.0 0.0 0.0 0.0 0.0 0.0
0 0.851074 0.193601 0.047852 0.038138 0.851318 0.186005 1.0 0.871094 0.183096 1.0 0.866699 0.194974 1.0 0.857178 0.203458 1.0 0.872559 0.201277 1.0
0 0.903809 0.195863 0.036133 0.027149 0.896484 0.189676 1.0 0.913226 0.188983 1.0 0.903023 0.194524 1.0 0.896223 0.19539 1.0 0.910348 0.19539 1.0
0 0.987305 0.137363 0.023438 0.021332 0.0 0.0 0.0 0.0 0.0 0.0 0.0 0.0 0.0 0.0 0.0 0.0 0.0 0.0 0.0
0 0.97998 0.114738 0.020508 0.017453 0.0 0.0 0.0 0.0 0.0 0.0 0.0 0.0 0.0 0.0 0.0 0.0 0.0 0.0 0.0
0 0.991699 0.095669 0.016602 0.021978 0.993513 0.093637 1.0 1.001884 0.091975 1.0 0.999372 0.096685 1.0 0.99707 0.101533 1.0 1.001465 0.100702 1.0
0 0.960449 0.172592 0.022461 0.021978 0.0 0.0 0.0 0.0 0.0 0.0 0.0 0.0 0.0 0.0 0.0 0.0 0.0 0.0 0.0
0 0.575684 0.26212 0.047852 0.03426 0.0 0.0 0.0 0.0 0.0 0.0 0.0 0.0 0.0 0.0 0.0 0.0 0.0 0.0 0.0
0 0.058105 0.08371 0.024414 0.020039 0.0 0.0 0.0 0.0 0.0 0.0 0.0 0.0 0.0 0.0 0.0 0.0 0.0 0.0 0.0
0 0.140625 0.10084 0.025391 0.0181 0.0 0.0 0.0 0.0 0.0 0.0 0.0 0.0 0.0 0.0 0.0 0.0 0.0 0.0 0.0
0 0.100586 0.099224 0.021484 0.01616 0.0 0.0 0.0 0.0 0.0 0.0 0.0 0.0 0.0 0.0 0.0 0.0 0.0 0.0 0.0
0 0.091309 0.121849 0.026367 0.01616 0.0 0.0 0.0 0.0 0.0 0.0 0.0 0.0 0.0 0.0 0.0 0.0 0.0 0.0 0.0
0 0.191895 0.124111 0.026367 0.019392 0.0 0.0 0.0 0.0 0.0 0.0 0.0 0.0 0.0 0.0 0.0 0.0 0.0 0.0 0.0
0 0.225098 0.125404 0.024414 0.015514 0.0 0.0 0.0 0.0 0.0 0.0 0.0 0.0 0.0 0.0 0.0 0.0 0.0 0.0 0.0
0 0.286621 0.114738 0.022461 0.01616 0.0 0.0 0.0 0.0 0.0 0.0 0.0 0.0 0.0 0.0 0.0 0.0 0.0 0.0 0.0
0 0.258301 0.121526 0.018555 0.012928 0.0 0.0 0.0 0.0 0.0 0.0 0.0 0.0 0.0 0.0 0.0 0.0 0.0 0.0 0.0
0 0.232422 0.088882 0.017578 0.01616 0.0 0.0 0.0 0.0 0.0 0.0 0.0 0.0 0.0 0.0 0.0 0.0 0.0 0.0 0.0
0 0.183105 0.092114 0.016602 0.014867 0.0 0.0 0.0 0.0 0.0 0.0 0.0 0.0 0.0 0.0 0.0 0.0 0.0 0.0 0.0
0 0.105469 0.068197 0.017578 0.01616 0.099784 0.064133 1.0 0.105434 0.062367 1.0 0.106689 0.065069 1.0 0.105591 0.069224 1.0 0.111397 0.067873 1.0
0 0.152344 0.081448 0.013672 0.010343 0.0 0.0 0.0 0.0 0.0 0.0 0.0 0.0 0.0 0.0 0.0 0.0 0.0 0.0 0.0
0 0.200684 0.156755 0.024414 0.018746 0.0 0.0 0.0 0.0 0.0 0.0 0.0 0.0 0.0 0.0 0.0 0.0 0.0 0.0 0.0
0 0.680176 0.227537 0.043945 0.033613 0.0 0.0 0.0 0.0 0.0 0.0 0.0 0.0 0.0 0.0 0.0 0.0 0.0 0.0 0.0
0 0.019531 0.559793 0.039062 0.051713 0.0 0.0 0.0 0.0 0.0 0.0 0.0 0.0 0.0 0.0 0.0 0.0 0.0 0.0 0.0
0 0.851074 0.908856 0.032227 0.027149 0.0 0.0 0.0 0.0 0.0 0.0 0.0 0.0 0.0 0.0 0.0 0.0 0.0 0.0 0.0