0 0.776367 0.398529 0.177734 0.352941 0.725926 0.329209 1.0 0.742087 0.320359 1.0 0.692135 0.386732 1.0 0.721519 0.475229 1.0 0.73768 0.481868 1.0
0 0.602539 0.5625 0.037109 0.054412 0.592852 0.551865 1.0 0.596383 0.5547 1.0 0.588614 0.563209 1.0 0.595677 0.578453 1.0 0.596854 0.578099 1.0
0 0.501953 0.558824 0.023438 0.038235 0.496329 0.554084 1.0 0.504281 0.553335 1.0 0.499477 0.560819 1.0 0.497157 0.571796 1.0 0.504778 0.570549 1.0
0 0.389648 0.533824 0.023438 0.041176 0.0 0.0 0.0 0.0 0.0 0.0 0.0 0.0 0.0 0.0 0.0 0.0 0.0 0.0 0.0
0 0.408203 0.583088 0.019531 0.045588 0.0 0.0 0.0 0.0 0.0 0.0 0.0 0.0 0.0 0.0 0.0 0.0 0.0 0.0 0.0
0 0.459961 0.535294 0.027344 0.047059 0.0 0.0 0.0 0.0 0.0 0.0 0.0 0.0 0.0 0.0 0.0 0.0 0.0 0.0 0.0
0 0.481934 0.5125 0.020508 0.036765 0.0 0.0 0.0 0.0 0.0 0.0 0.0 0.0 0.0 0.0 0.0 0.0 0.0 0.0 0.0
0 0.302246 0.561029 0.02832 0.039706 0.0 0.0 0.0 0.0 0.0 0.0 0.0 0.0 0.0 0.0 0.0 0.0 0.0 0.0 0.0
0 0.266113 0.5375 0.018555 0.039706 0.0 0.0 0.0 0.0 0.0 0.0 0.0 0.0 0.0 0.0 0.0 0.0 0.0 0.0 0.0
0 0.23877 0.519853 0.014648 0.027941 0.0 0.0 0.0 0.0 0.0 0.0 0.0 0.0 0.0 0.0 0.0 0.0 0.0 0.0 0.0
0 0.20166 0.541912 0.020508 0.036765 0.0 0.0 0.0 0.0 0.0 0.0 0.0 0.0 0.0 0.0 0.0 0.0 0.0 0.0 0.0
0 0.197754 0.5125 0.014648 0.033824 0.0 0.0 0.0 0.0 0.0 0.0 0.0 0.0 0.0 0.0 0.0 0.0 0.0 0.0 0.0
0 0.147949 0.544853 0.016602 0.030882 0.0 0.0 0.0 0.0 0.0 0.0 0.0 0.0 0.0 0.0 0.0 0.0 0.0 0.0 0.0
0 0.351074 0.505882 0.018555 0.035294 0.0 0.0 0.0 0.0 0.0 0.0 0.0 0.0 0.0 0.0 0.0 0.0 0.0 0.0 0.0
0 0.359375 0.556618 0.015625 0.027941 0.0 0.0 0.0 0.0 0.0 0.0 0.0 0.0 0.0 0.0 0.0 0.0 0.0 0.0 0.0
0 0.698242 0.608088 0.041016 0.063235 0.0 0.0 0.0 0.0 0.0 0.0 0.0 0.0 0.0 0.0 0.0 0.0 0.0 0.0 0.0
0 0.056152 0.538971 0.020508 0.033824 0.0 0.0 0.0 0.0 0.0 0.0 0.0 0.0 0.0 0.0 0.0 0.0 0.0 0.0 0.0
0 0.009277 0.534559 0.014648 0.030882 0.0 0.0 0.0 0.0 0.0 0.0 0.0 0.0 0.0 0.0 0.0 0.0 0.0 0.0 0.0
0 0.030273 0.55 0.015625 0.023529 0.0 0.0 0.0 0.0 0.0 0.0 0.0 0.0 0.0 0.0 0.0 0.0 0.0 0.0 0.0
0 0.07959 0.533088 0.022461 0.051471 0.0 0.0 0.0 0.0 0.0 0.0 0.0 0.0 0.0 0.0 0.0 0.0 0.0 0.0 0.0