0 0.021973 0.461821 0.022461 0.054332 0.019431 0.454793 1.0 0.030291 0.452709 1.0 0.029366 0.462784 1.0 0.025207 0.467301 1.0 0.030984 0.465912 1.0
0 0.196777 0.542584 0.051758 0.118943 0.201804 0.519968 1.0 0.203309 0.519214 1.0 0.220855 0.540323 1.0 0.20381 0.568971 1.0 0.204813 0.568216 1.0
0 0.214844 0.405286 0.029297 0.049927 0.0 0.0 0.0 0.0 0.0 0.0 0.0 0.0 0.0 0.0 0.0 0.0 0.0 0.0 0.0
0 0.450195 0.539648 0.041016 0.086637 0.451189 0.530733 1.0 0.467865 0.530733 1.0 0.468606 0.550791 1.0 0.452301 0.563608 1.0 0.465642 0.564722 1.0
0 0.417969 0.433186 0.017578 0.032305 0.414979 0.430505 1.0 0.422027 0.430072 1.0 0.418575 0.436562 1.0 0.415841 0.440457 1.0 0.421452 0.440241 1.0
0 0.510742 0.464023 0.013672 0.029369 0.0 0.0 0.0 0.0 0.0 0.0 0.0 0.0 0.0 0.0 0.0 0.0 0.0 0.0 0.0
0 0.504395 0.414097 0.010742 0.029369 0.0 0.0 0.0 0.0 0.0 0.0 0.0 0.0 0.0 0.0 0.0 0.0 0.0 0.0 0.0
0 0.491211 0.393539 0.013672 0.023495 0.488216 0.390996 1.0 0.494132 0.390844 1.0 0.491625 0.395518 1.0 0.490422 0.400192 1.0 0.494031 0.400192 1.0
0 0.47168 0.409692 0.009766 0.023495 0.0 0.0 0.0 0.0 0.0 0.0 0.0 0.0 0.0 0.0 0.0 0.0 0.0 0.0 0.0
0 0.398926 0.328194 0.004883 0.010279 0.0 0.0 0.0 0.0 0.0 0.0 0.0 0.0 0.0 0.0 0.0 0.0 0.0 0.0 0.0
0 0.378418 0.325257 0.004883 0.010279 0.0 0.0 0.0 0.0 0.0 0.0 0.0 0.0 0.0 0.0 0.0 0.0 0.0 0.0 0.0
0 0.526855 0.392805 0.008789 0.022026 0.0 0.0 0.0 0.0 0.0 0.0 0.0 0.0 0.0 0.0 0.0 0.0 0.0 0.0 0.0
0 0.608887 0.389134 0.006836 0.011747 0.0 0.0 0.0 0.0 0.0 0.0 0.0 0.0 0.0 0.0 0.0 0.0 0.0 0.0 0.0
0 0.619141 0.611601 0.058594 0.124816 0.597761 0.597493 1.0 0.623396 0.599853 1.0 0.602992 0.62188 1.0 0.596715 0.641546 1.0 0.613979 0.642333 1.0
0 0.592773 0.453744 0.017578 0.044053 0.0 0.0 0.0 0.0 0.0 0.0 0.0 0.0 0.0 0.0 0.0 0.0 0.0 0.0 0.0
0 0.682129 0.420705 0.02832 0.054332 0.0 0.0 0.0 0.0 0.0 0.0 0.0 0.0 0.0 0.0 0.0 0.0 0.0 0.0 0.0
0 0.617188 0.405286 0.011719 0.026432 0.0 0.0 0.0 0.0 0.0 0.0 0.0 0.0 0.0 0.0 0.0 0.0 0.0 0.0 0.0
0 0.765625 0.399413 0.015625 0.032305 0.0 0.0 0.0 0.0 0.0 0.0 0.0 0.0 0.0 0.0 0.0 0.0 0.0 0.0 0.0
0 0.808594 0.398678 0.011719 0.036711 0.0 0.0 0.0 0.0 0.0 0.0 0.0 0.0 0.0 0.0 0.0 0.0 0.0 0.0 0.0
0 0.748535 0.372247 0.006836 0.01909 0.0 0.0 0.0 0.0 0.0 0.0 0.0 0.0 0.0 0.0 0.0 0.0 0.0 0.0 0.0
0 0.552734 0.365639 0.007812 0.017621 0.0 0.0 0.0 0.0 0.0 0.0 0.0 0.0 0.0 0.0 0.0 0.0 0.0 0.0 0.0
0 0.571777 0.343612 0.006836 0.011747 0.0 0.0 0.0 0.0 0.0 0.0 0.0 0.0 0.0 0.0 0.0 0.0 0.0 0.0 0.0
0 0.867676 0.441263 0.020508 0.048458 0.866573 0.440103 1.0 0.874769 0.445649 1.0 0.873744 0.452119 1.0 0.863704 0.453351 1.0 0.870261 0.457972 1.0
0 0.900879 0.464023 0.022461 0.044053 0.0 0.0 0.0 0.0 0.0 0.0 0.0 0.0 0.0 0.0 0.0 0.0 0.0 0.0 0.0
0 0.921387 0.409692 0.016602 0.038179 0.916543 0.405562 1.0 0.918317 0.404349 1.0 0.914123 0.413565 1.0 0.91977 0.417446 1.0 0.918317 0.418659 1.0
0 0.958496 0.424376 0.016602 0.035242 0.955414 0.416758 1.0 0.956024 0.416758 1.0 0.950379 0.425019 1.0 0.95816 0.434197 1.0 0.958924 0.434197 1.0
0 0.977051 0.396476 0.012695 0.026432 0.0 0.0 0.0 0.0 0.0 0.0 0.0 0.0 0.0 0.0 0.0 0.0 0.0 0.0 0.0
0 0.919922 0.63069 0.052734 0.110132 0.898149 0.623007 1.0 0.915248 0.618142 1.0 0.897687 0.638295 1.0 0.899998 0.659141 1.0 0.912937 0.657752 1.0
0 0.64502 0.436123 0.016602 0.035242 0.0 0.0 0.0 0.0 0.0 0.0 0.0 0.0 0.0 0.0 0.0 0.0 0.0 0.0 0.0