0 0.009766 0.330645 0.011719 0.021994 0.009661 0.326023 1.0 0.015224 0.32516 1.0 0.014744 0.330056 1.0 0.012538 0.334664 1.0 0.014937 0.334664 1.0
0 0.036133 0.342375 0.011719 0.027859 0.0 0.0 0.0 0.0 0.0 0.0 0.0 0.0 0.0 0.0 0.0 0.0 0.0 0.0 0.0
0 0.073242 0.31305 0.011719 0.027859 0.072147 0.309993 1.0 0.076974 0.307872 1.0 0.076386 0.31229 1.0 0.074267 0.316532 1.0 0.077327 0.315648 1.0
0 0.041504 0.767595 0.073242 0.215543 0.0 0.0 0.0 0.0 0.0 0.0 0.0 0.0 0.0 0.0 0.0 0.0 0.0 0.0 0.0
0 0.279785 0.882698 0.116211 0.234604 0.0 0.0 0.0 0.0 0.0 0.0 0.0 0.0 0.0 0.0 0.0 0.0 0.0 0.0 0.0
0 0.603516 0.901026 0.085938 0.197947 0.0 0.0 0.0 0.0 0.0 0.0 0.0 0.0 0.0 0.0 0.0 0.0 0.0 0.0 0.0
0 0.365234 0.360704 0.033203 0.055718 0.0 0.0 0.0 0.0 0.0 0.0 0.0 0.0 0.0 0.0 0.0 0.0 0.0 0.0 0.0
0 0.566895 0.285191 0.041992 0.068915 0.0 0.0 0.0 0.0 0.0 0.0 0.0 0.0 0.0 0.0 0.0 0.0 0.0 0.0 0.0
0 0.765625 0.213343 0.044922 0.077713 0.0 0.0 0.0 0.0 0.0 0.0 0.0 0.0 0.0 0.0 0.0 0.0 0.0 0.0 0.0
0 0.738281 0.092375 0.015625 0.041056 0.0 0.0 0.0 0.0 0.0 0.0 0.0 0.0 0.0 0.0 0.0 0.0 0.0 0.0 0.0
0 0.959961 0.225073 0.052734 0.07478 0.0 0.0 0.0 0.0 0.0 0.0 0.0 0.0 0.0 0.0 0.0 0.0 0.0 0.0 0.0
0 0.925293 0.101173 0.038086 0.055718 0.0 0.0 0.0 0.0 0.0 0.0 0.0 0.0 0.0 0.0 0.0 0.0 0.0 0.0 0.0