0 0.99707 0.318484 0.005859 0.014628 0.0 0.0 0.0 0.0 0.0 0.0 0.0 0.0 0.0 0.0 0.0 0.0 0.0 0.0 0.0
0 0.92334 0.337101 0.012695 0.019947 0.919442 0.332731 1.0 0.926963 0.332868 1.0 0.92225 0.337238 1.0 0.920145 0.341606 1.0 0.924957 0.341606 1.0
0 0.899902 0.424867 0.014648 0.035904 0.0 0.0 0.0 0.0 0.0 0.0 0.0 0.0 0.0 0.0 0.0 0.0 0.0 0.0 0.0
0 0.866699 0.412234 0.018555 0.031915 0.0 0.0 0.0 0.0 0.0 0.0 0.0 0.0 0.0 0.0 0.0 0.0 0.0 0.0 0.0
0 0.822754 0.464096 0.020508 0.055851 0.0 0.0 0.0 0.0 0.0 0.0 0.0 0.0 0.0 0.0 0.0 0.0 0.0 0.0 0.0
0 0.795898 0.402261 0.017578 0.033245 0.789777 0.396681 1.0 0.796684 0.396894 1.0 0.791817 0.405015 1.0 0.790248 0.410999 1.0 0.795428 0.410786 1.0
0 0.858887 0.363697 0.010742 0.027926 0.862427 0.358751 1.0 0.862553 0.358751 1.0 0.865588 0.3634 1.0 0.863312 0.369254 1.0 0.863691 0.369254 1.0
0 0.905762 0.355718 0.014648 0.022606 0.0 0.0 0.0 0.0 0.0 0.0 0.0 0.0 0.0 0.0 0.0 0.0 0.0 0.0 0.0
0 0.804688 0.351729 0.011719 0.017287 0.0 0.0 0.0 0.0 0.0 0.0 0.0 0.0 0.0 0.0 0.0 0.0 0.0 0.0 0.0
0 0.762695 0.367021 0.021484 0.029255 0.0 0.0 0.0 0.0 0.0 0.0 0.0 0.0 0.0 0.0 0.0 0.0 0.0 0.0 0.0
0 0.666992 0.484043 0.033203 0.053191 0.659668 0.470412 1.0 0.676758 0.476396 1.0 0.664795 0.485372 1.0 0.657959 0.492354 1.0 0.668945 0.495346 1.0
0 0.583008 0.464096 0.044922 0.077128 0.568577 0.450952 1.0 0.590027 0.448519 1.0 0.576085 0.467991 1.0 0.571795 0.481133 1.0 0.588239 0.480646 1.0
0 0.55127 0.366356 0.012695 0.027926 0.0 0.0 0.0 0.0 0.0 0.0 0.0 0.0 0.0 0.0 0.0 0.0 0.0 0.0 0.0
0 0.300781 0.356383 0.015625 0.029255 0.0 0.0 0.0 0.0 0.0 0.0 0.0 0.0 0.0 0.0 0.0 0.0 0.0 0.0 0.0
0 0.23584 0.410904 0.014648 0.031915 0.0 0.0 0.0 0.0 0.0 0.0 0.0 0.0 0.0 0.0 0.0 0.0 0.0 0.0 0.0
0 0.04541 0.327128 0.012695 0.018617 0.0 0.0 0.0 0.0 0.0 0.0 0.0 0.0 0.0 0.0 0.0 0.0 0.0 0.0 0.0
0 0.049805 0.375665 0.013672 0.027926 0.0 0.0 0.0 0.0 0.0 0.0 0.0 0.0 0.0 0.0 0.0 0.0 0.0 0.0 0.0
0 0.021973 0.355053 0.010742 0.023936 0.0 0.0 0.0 0.0 0.0 0.0 0.0 0.0 0.0 0.0 0.0 0.0 0.0 0.0 0.0
0 0.211914 0.323138 0.011719 0.018617 0.0 0.0 0.0 0.0 0.0 0.0 0.0 0.0 0.0 0.0 0.0 0.0 0.0 0.0 0.0
0 0.73291 0.31516 0.008789 0.013298 0.0 0.0 0.0 0.0 0.0 0.0 0.0 0.0 0.0 0.0 0.0 0.0 0.0 0.0 0.0
0 0.841797 0.341755 0.009766 0.015957 0.0 0.0 0.0 0.0 0.0 0.0 0.0 0.0 0.0 0.0 0.0 0.0 0.0 0.0 0.0
0 0.833984 0.322473 0.009766 0.017287 0.0 0.0 0.0 0.0 0.0 0.0 0.0 0.0 0.0 0.0 0.0 0.0 0.0 0.0 0.0
0 0.946289 0.337101 0.011719 0.017287 0.0 0.0 0.0 0.0 0.0 0.0 0.0 0.0 0.0 0.0 0.0 0.0 0.0 0.0 0.0
0 0.881836 0.353723 0.007812 0.013298 0.0 0.0 0.0 0.0 0.0 0.0 0.0 0.0 0.0 0.0 0.0 0.0 0.0 0.0 0.0
0 0.766113 0.304521 0.006836 0.015957 0.0 0.0 0.0 0.0 0.0 0.0 0.0 0.0 0.0 0.0 0.0 0.0 0.0 0.0 0.0
0 0.776855 0.306516 0.006836 0.014628 0.0 0.0 0.0 0.0 0.0 0.0 0.0 0.0 0.0 0.0 0.0 0.0 0.0 0.0 0.0
0 0.007812 0.309176 0.011719 0.017287 0.0 0.0 0.0 0.0 0.0 0.0 0.0 0.0 0.0 0.0 0.0 0.0 0.0 0.0 0.0
0 0.006348 0.328457 0.010742 0.018617 0.0 0.0 0.0 0.0 0.0 0.0 0.0 0.0 0.0 0.0 0.0 0.0 0.0 0.0 0.0
0 0.022949 0.309176 0.006836 0.009309 0.0 0.0 0.0 0.0 0.0 0.0 0.0 0.0 0.0 0.0 0.0 0.0 0.0 0.0 0.0
0 0.163574 0.324468 0.010742 0.018617 0.0 0.0 0.0 0.0 0.0 0.0 0.0 0.0 0.0 0.0 0.0 0.0 0.0 0.0 0.0
0 0.664062 0.380984 0.011719 0.030585 0.0 0.0 0.0 0.0 0.0 0.0 0.0 0.0 0.0 0.0 0.0 0.0 0.0 0.0 0.0