0 0.120117 0.36227 0.025391 0.053422 0.117336 0.353357 1.0 0.127965 0.353357 1.0 0.12255 0.3609 1.0 0.115731 0.37324 1.0 0.127965 0.373927 1.0
0 0.187012 0.330551 0.018555 0.043406 0.0 0.0 0.0 0.0 0.0 0.0 0.0 0.0 0.0 0.0 0.0 0.0 0.0 0.0 0.0
0 0.22168 0.345576 0.021484 0.043406 0.219422 0.341708 1.0 0.22781 0.342536 1.0 0.224261 0.353013 1.0 0.220066 0.359908 1.0 0.227003 0.360459 1.0
0 0.296875 0.365609 0.021484 0.050083 0.293501 0.360608 1.0 0.304374 0.362531 1.0 0.29875 0.365095 1.0 0.293688 0.377594 1.0 0.301937 0.379836 1.0
0 0.315918 0.351419 0.018555 0.038397 0.0 0.0 0.0 0.0 0.0 0.0 0.0 0.0 0.0 0.0 0.0 0.0 0.0 0.0 0.0
0 0.334473 0.359766 0.008789 0.03172 0.0 0.0 0.0 0.0 0.0 0.0 0.0 0.0 0.0 0.0 0.0 0.0 0.0 0.0 0.0
0 0.376465 0.37813 0.008789 0.038397 0.0 0.0 0.0 0.0 0.0 0.0 0.0 0.0 0.0 0.0 0.0 0.0 0.0 0.0 0.0
0 0.410156 0.374791 0.019531 0.038397 0.403106 0.370856 1.0 0.410588 0.369135 1.0 0.406128 0.381185 1.0 0.407566 0.386596 1.0 0.410444 0.385613 1.0
0 0.460938 0.451586 0.023438 0.055092 0.452536 0.448083 1.0 0.462986 0.443529 1.0 0.45643 0.458242 1.0 0.45684 0.467699 1.0 0.463807 0.466648 1.0
0 0.443848 0.356427 0.018555 0.041736 0.440451 0.349257 1.0 0.448033 0.348982 1.0 0.444646 0.359461 1.0 0.442064 0.367182 1.0 0.447388 0.367182 1.0
0 0.459473 0.365609 0.016602 0.033389 0.0 0.0 0.0 0.0 0.0 0.0 0.0 0.0 0.0 0.0 0.0 0.0 0.0 0.0 0.0
0 0.483398 0.353923 0.017578 0.036728 0.482841 0.348199 1.0 0.490234 0.348199 1.0 0.487444 0.355831 1.0 0.483817 0.363462 1.0 0.488561 0.362987 1.0
0 0.49707 0.391486 0.021484 0.041736 0.489489 0.388728 1.0 0.492231 0.388728 1.0 0.487715 0.398932 1.0 0.491908 0.404998 1.0 0.493038 0.405274 1.0
0 0.539062 0.373957 0.019531 0.036728 0.533831 0.369664 1.0 0.544154 0.369187 1.0 0.539551 0.377295 1.0 0.53704 0.383973 1.0 0.543178 0.383496 1.0
0 0.595215 0.406511 0.016602 0.038397 0.591793 0.402331 1.0 0.599562 0.402331 1.0 0.595965 0.410691 1.0 0.5928 0.41807 1.0 0.598986 0.417825 1.0
0 0.609863 0.398164 0.016602 0.038397 0.608425 0.389556 1.0 0.614755 0.389801 1.0 0.61159 0.39595 1.0 0.609 0.406526 1.0 0.614035 0.406526 1.0
0 0.601562 0.353088 0.017578 0.035058 0.598964 0.348005 1.0 0.605856 0.348005 1.0 0.602748 0.356554 1.0 0.598829 0.363947 1.0 0.604641 0.363716 1.0
0 0.641602 0.433222 0.013672 0.018364 0.0 0.0 0.0 0.0 0.0 0.0 0.0 0.0 0.0 0.0 0.0 0.0 0.0 0.0 0.0
0 0.657715 0.420701 0.020508 0.033389 0.655417 0.414873 1.0 0.662851 0.413948 1.0 0.659337 0.42319 1.0 0.657985 0.430584 1.0 0.662175 0.430352 1.0
0 0.680176 0.369783 0.012695 0.028381 0.0 0.0 0.0 0.0 0.0 0.0 0.0 0.0 0.0 0.0 0.0 0.0 0.0 0.0 0.0
0 0.701172 0.402337 0.013672 0.03005 0.0 0.0 0.0 0.0 0.0 0.0 0.0 0.0 0.0 0.0 0.0 0.0 0.0 0.0 0.0
0 0.70752 0.415693 0.008789 0.026711 0.0 0.0 0.0 0.0 0.0 0.0 0.0 0.0 0.0 0.0 0.0 0.0 0.0 0.0 0.0
0 0.708984 0.430718 0.015625 0.046745 0.0 0.0 0.0 0.0 0.0 0.0 0.0 0.0 0.0 0.0 0.0 0.0 0.0 0.0 0.0
0 0.746582 0.454925 0.018555 0.035058 0.0 0.0 0.0 0.0 0.0 0.0 0.0 0.0 0.0 0.0 0.0 0.0 0.0 0.0 0.0
0 0.76709 0.457429 0.020508 0.036728 0.762416 0.450513 1.0 0.770647 0.450513 1.0 0.767578 0.459815 1.0 0.764648 0.466492 1.0 0.769392 0.465776 1.0
0 0.774414 0.445743 0.015625 0.036728 0.0 0.0 0.0 0.0 0.0 0.0 0.0 0.0 0.0 0.0 0.0 0.0 0.0 0.0 0.0
0 0.796387 0.466611 0.010742 0.018364 0.0 0.0 0.0 0.0 0.0 0.0 0.0 0.0 0.0 0.0 0.0 0.0 0.0 0.0 0.0
0 0.72998 0.377295 0.012695 0.033389 0.0 0.0 0.0 0.0 0.0 0.0 0.0 0.0 0.0 0.0 0.0 0.0 0.0 0.0 0.0
0 0.783691 0.358932 0.014648 0.03005 0.782977 0.354356 1.0 0.788984 0.354356 1.0 0.787057 0.362494 1.0 0.783203 0.366758 1.0 0.78819 0.366563 1.0
0 0.801758 0.382304 0.013672 0.026711 0.0 0.0 0.0 0.0 0.0 0.0 0.0 0.0 0.0 0.0 0.0 0.0 0.0 0.0 0.0
0 0.773926 0.405676 0.010742 0.026711 0.0 0.0 0.0 0.0 0.0 0.0 0.0 0.0 0.0 0.0 0.0 0.0 0.0 0.0 0.0
0 0.805664 0.417362 0.015625 0.036728 0.0 0.0 0.0 0.0 0.0 0.0 0.0 0.0 0.0 0.0 0.0 0.0 0.0 0.0 0.0
0 0.842285 0.441569 0.018555 0.041736 0.841954 0.434027 1.0 0.850115 0.4351 1.0 0.84525 0.442613 1.0 0.840541 0.449052 1.0 0.847133 0.450661 1.0
0 0.838867 0.404007 0.019531 0.026711 0.83762 0.400795 1.0 0.845459 0.400578 1.0 0.842425 0.406846 1.0 0.839138 0.416788 1.0 0.845585 0.41614 1.0
0 0.862793 0.437396 0.016602 0.033389 0.0 0.0 0.0 0.0 0.0 0.0 0.0 0.0 0.0 0.0 0.0 0.0 0.0 0.0 0.0
0 0.82666 0.398998 0.016602 0.033389 0.0 0.0 0.0 0.0 0.0 0.0 0.0 0.0 0.0 0.0 0.0 0.0 0.0 0.0 0.0
0 0.87793 0.410684 0.015625 0.033389 0.876177 0.405528 1.0 0.883637 0.406175 1.0 0.879717 0.414821 1.0 0.877694 0.420656 1.0 0.881866 0.420656 1.0
0 0.836426 0.340568 0.014648 0.026711 0.0 0.0 0.0 0.0 0.0 0.0 0.0 0.0 0.0 0.0 0.0 0.0 0.0 0.0 0.0
0 0.867676 0.368948 0.016602 0.026711 0.0 0.0 0.0 0.0 0.0 0.0 0.0 0.0 0.0 0.0 0.0 0.0 0.0 0.0 0.0
0 0.938477 0.404007 0.013672 0.026711 0.936584 0.400429 1.0 0.9421 0.400429 1.0 0.939492 0.406943 1.0 0.937086 0.413457 1.0 0.941898 0.413285 1.0
0 0.928711 0.351419 0.015625 0.025042 0.0 0.0 0.0 0.0 0.0 0.0 0.0 0.0 0.0 0.0 0.0 0.0 0.0 0.0 0.0
0 0.953613 0.353088 0.012695 0.025042 0.0 0.0 0.0 0.0 0.0 0.0 0.0 0.0 0.0 0.0 0.0 0.0 0.0 0.0 0.0
0 0.985352 0.315526 0.009766 0.020033 0.0 0.0 0.0 0.0 0.0 0.0 0.0 0.0 0.0 0.0 0.0 0.0 0.0 0.0 0.0
0 0.983887 0.289649 0.010742 0.021703 0.0 0.0 0.0 0.0 0.0 0.0 0.0 0.0 0.0 0.0 0.0 0.0 0.0 0.0 0.0
0 0.934082 0.289649 0.012695 0.021703 0.933036 0.287472 1.0 0.938268 0.286876 1.0 0.936088 0.291497 1.0 0.93382 0.297311 1.0 0.938268 0.296417 1.0
0 0.887207 0.311352 0.014648 0.025042 0.0 0.0 0.0 0.0 0.0 0.0 0.0 0.0 0.0 0.0 0.0 0.0 0.0 0.0 0.0
0 0.848145 0.305509 0.012695 0.026711 0.847133 0.300441 1.0 0.850377 0.300441 1.0 0.84933 0.306344 1.0 0.84661 0.310816 1.0 0.850377 0.310995 1.0
0 0.864746 0.282137 0.012695 0.026711 0.0 0.0 0.0 0.0 0.0 0.0 0.0 0.0 0.0 0.0 0.0 0.0 0.0 0.0 0.0
0 0.879883 0.276294 0.013672 0.028381 0.0 0.0 0.0 0.0 0.0 0.0 0.0 0.0 0.0 0.0 0.0 0.0 0.0 0.0 0.0
0 0.88916 0.267947 0.010742 0.025042 0.0 0.0 0.0 0.0 0.0 0.0 0.0 0.0 0.0 0.0 0.0 0.0 0.0 0.0 0.0
0 0.892578 0.260434 0.009766 0.03005 0.0 0.0 0.0 0.0 0.0 0.0 0.0 0.0 0.0 0.0 0.0 0.0 0.0 0.0 0.0
0 0.90918 0.292154 0.005859 0.013356 0.0 0.0 0.0 0.0 0.0 0.0 0.0 0.0 0.0 0.0 0.0 0.0 0.0 0.0 0.0
0 0.902832 0.262104 0.008789 0.020033 0.0 0.0 0.0 0.0 0.0 0.0 0.0 0.0 0.0 0.0 0.0 0.0 0.0 0.0 0.0
0 0.918945 0.214524 0.007812 0.018364 0.0 0.0 0.0 0.0 0.0 0.0 0.0 0.0 0.0 0.0 0.0 0.0 0.0 0.0 0.0
0 0.979004 0.240401 0.010742 0.016694 0.0 0.0 0.0 0.0 0.0 0.0 0.0 0.0 0.0 0.0 0.0 0.0 0.0 0.0 0.0
0 0.97168 0.222037 0.007812 0.016694 0.0 0.0 0.0 0.0 0.0 0.0 0.0 0.0 0.0 0.0 0.0 0.0 0.0 0.0 0.0
0 0.978516 0.211185 0.009766 0.018364 0.0 0.0 0.0 0.0 0.0 0.0 0.0 0.0 0.0 0.0 0.0 0.0 0.0 0.0 0.0
0 0.962891 0.202003 0.009766 0.016694 0.0 0.0 0.0 0.0 0.0 0.0 0.0 0.0 0.0 0.0 0.0 0.0 0.0 0.0 0.0
0 0.939941 0.228715 0.010742 0.016694 0.0 0.0 0.0 0.0 0.0 0.0 0.0 0.0 0.0 0.0 0.0 0.0 0.0 0.0 0.0
0 0.94043 0.210351 0.007812 0.013356 0.0 0.0 0.0 0.0 0.0 0.0 0.0 0.0 0.0 0.0 0.0 0.0 0.0 0.0 0.0
0 0.897461 0.208681 0.015625 0.026711 0.0 0.0 0.0 0.0 0.0 0.0 0.0 0.0 0.0 0.0 0.0 0.0 0.0 0.0 0.0
0 0.889648 0.219533 0.007812 0.015025 0.0 0.0 0.0 0.0 0.0 0.0 0.0 0.0 0.0 0.0 0.0 0.0 0.0 0.0 0.0
0 0.933594 0.173623 0.009766 0.016694 0.0 0.0 0.0 0.0 0.0 0.0 0.0 0.0 0.0 0.0 0.0 0.0 0.0 0.0 0.0
0 0.914062 0.172788 0.007812 0.018364 0.0 0.0 0.0 0.0 0.0 0.0 0.0 0.0 0.0 0.0 0.0 0.0 0.0 0.0 0.0
0 0.997559 0.117696 0.004883 0.021703 0.0 0.0 0.0 0.0 0.0 0.0 0.0 0.0 0.0 0.0 0.0 0.0 0.0 0.0 0.0
0 0.916504 0.133556 0.008789 0.023372 0.0 0.0 0.0 0.0 0.0 0.0 0.0 0.0 0.0 0.0 0.0 0.0 0.0 0.0 0.0
0 0.907227 0.131886 0.007812 0.016694 0.0 0.0 0.0 0.0 0.0 0.0 0.0 0.0 0.0 0.0 0.0 0.0 0.0 0.0 0.0
0 0.921875 0.1202 0.007812 0.016694 0.0 0.0 0.0 0.0 0.0 0.0 0.0 0.0 0.0 0.0 0.0 0.0 0.0 0.0 0.0
0 0.94043 0.13606 0.005859 0.015025 0.0 0.0 0.0 0.0 0.0 0.0 0.0 0.0 0.0 0.0 0.0 0.0 0.0 0.0 0.0
0 0.950195 0.116027 0.009766 0.015025 0.0 0.0 0.0 0.0 0.0 0.0 0.0 0.0 0.0 0.0 0.0 0.0 0.0 0.0 0.0
0 0.9375 0.13606 0.003906 0.011686 0.0 0.0 0.0 0.0 0.0 0.0 0.0 0.0 0.0 0.0 0.0 0.0 0.0 0.0 0.0
0 0.962402 0.18197 0.008789 0.016694 0.0 0.0 0.0 0.0 0.0 0.0 0.0 0.0 0.0 0.0 0.0 0.0 0.0 0.0 0.0
0 0.933594 0.092654 0.007812 0.011686 0.0 0.0 0.0 0.0 0.0 0.0 0.0 0.0 0.0 0.0 0.0 0.0 0.0 0.0 0.0
0 0.969238 0.070117 0.008789 0.016694 0.0 0.0 0.0 0.0 0.0 0.0 0.0 0.0 0.0 0.0 0.0 0.0 0.0 0.0 0.0
0 0.994141 0.065109 0.007812 0.013356 0.0 0.0 0.0 0.0 0.0 0.0 0.0 0.0 0.0 0.0 0.0 0.0 0.0 0.0 0.0
0 0.975098 0.055927 0.006836 0.011686 0.0 0.0 0.0 0.0 0.0 0.0 0.0 0.0 0.0 0.0 0.0 0.0 0.0 0.0 0.0
0 0.983887 0.058431 0.004883 0.010017 0.0 0.0 0.0 0.0 0.0 0.0 0.0 0.0 0.0 0.0 0.0 0.0 0.0 0.0 0.0
0 0.971191 0.036728 0.006836 0.016694 0.0 0.0 0.0 0.0 0.0 0.0 0.0 0.0 0.0 0.0 0.0 0.0 0.0 0.0 0.0
0 0.958496 0.015025 0.008789 0.010017 0.0 0.0 0.0 0.0 0.0 0.0 0.0 0.0 0.0 0.0 0.0 0.0 0.0 0.0 0.0
0 0.941406 0.03005 0.009766 0.020033 0.0 0.0 0.0 0.0 0.0 0.0 0.0 0.0 0.0 0.0 0.0 0.0 0.0 0.0 0.0
0 0.955566 0.042571 0.006836 0.015025 0.0 0.0 0.0 0.0 0.0 0.0 0.0 0.0 0.0 0.0 0.0 0.0 0.0 0.0 0.0
0 0.950684 0.063439 0.006836 0.013356 0.0 0.0 0.0 0.0 0.0 0.0 0.0 0.0 0.0 0.0 0.0 0.0 0.0 0.0 0.0
0 0.939453 0.070952 0.005859 0.011686 0.0 0.0 0.0 0.0 0.0 0.0 0.0 0.0 0.0 0.0 0.0 0.0 0.0 0.0 0.0
0 0.922363 0.065943 0.006836 0.011686 0.0 0.0 0.0 0.0 0.0 0.0 0.0 0.0 0.0 0.0 0.0 0.0 0.0 0.0 0.0
0 0.861328 0.103506 0.009766 0.016694 0.0 0.0 0.0 0.0 0.0 0.0 0.0 0.0 0.0 0.0 0.0 0.0 0.0 0.0 0.0
0 0.882812 0.058431 0.005859 0.013356 0.0 0.0 0.0 0.0 0.0 0.0 0.0 0.0 0.0 0.0 0.0 0.0 0.0 0.0 0.0
0 0.913086 0.025876 0.005859 0.011686 0.0 0.0 0.0 0.0 0.0 0.0 0.0 0.0 0.0 0.0 0.0 0.0 0.0 0.0 0.0
0 0.862793 0.03172 0.008789 0.016694 0.0 0.0 0.0 0.0 0.0 0.0 0.0 0.0 0.0 0.0 0.0 0.0 0.0 0.0 0.0
0 0.84375 0.035893 0.005859 0.011686 0.0 0.0 0.0 0.0 0.0 0.0 0.0 0.0 0.0 0.0 0.0 0.0 0.0 0.0 0.0
0 0.873535 0.065943 0.008789 0.015025 0.0 0.0 0.0 0.0 0.0 0.0 0.0 0.0 0.0 0.0 0.0 0.0 0.0 0.0 0.0
0 0.885742 0.089316 0.007812 0.011686 0.0 0.0 0.0 0.0 0.0 0.0 0.0 0.0 0.0 0.0 0.0 0.0 0.0 0.0 0.0