0 0.523438 0.700146 0.115234 0.081514 0.0 0.0 0.0 0.0 0.0 0.0 0.0 0.0 0.0 0.0 0.0 0.0 0.0 0.0 0.0
0 0.061035 0.127365 0.026367 0.03639 0.05392 0.125403 1.0 0.062535 0.126638 1.0 0.057068 0.134786 1.0 0.059056 0.13775 1.0 0.06386 0.137997 1.0
0 0.335938 0.302766 0.011719 0.017467 0.334211 0.30218 1.0 0.338998 0.30218 1.0 0.33633 0.306157 1.0 0.335624 0.309082 1.0 0.33837 0.309082 1.0
0 0.242676 0.240175 0.008789 0.017467 0.0 0.0 0.0 0.0 0.0 0.0 0.0 0.0 0.0 0.0 0.0 0.0 0.0 0.0 0.0
0 0.006836 0.056041 0.013672 0.065502 -0.004255 0.031607 1.0 0.004115 0.031607 1.0 0.000209 0.043668 1.0 -0.003418 0.060304 1.0 0.007743 0.059472 1.0
0 0.407715 0.302766 0.008789 0.017467 0.406441 0.303584 1.0 0.410365 0.303584 1.0 0.408718 0.306977 1.0 0.407069 0.310603 1.0 0.41013 0.310486 1.0
0 0.400391 0.245269 0.005859 0.0131 0.0 0.0 0.0 0.0 0.0 0.0 0.0 0.0 0.0 0.0 0.0 0.0 0.0 0.0 0.0
0 0.378418 0.245269 0.004883 0.010189 0.0 0.0 0.0 0.0 0.0 0.0 0.0 0.0 0.0 0.0 0.0 0.0 0.0 0.0 0.0
0 0.633789 0.31441 0.007812 0.014556 0.632682 0.311441 1.0 0.636213 0.312124 1.0 0.634774 0.314268 1.0 0.633271 0.317192 1.0 0.635624 0.317582 1.0
0 0.50293 0.192868 0.007812 0.016012 0.0 0.0 0.0 0.0 0.0 0.0 0.0 0.0 0.0 0.0 0.0 0.0 0.0 0.0 0.0
0 0.572754 0.222707 0.004883 0.014556 0.0 0.0 0.0 0.0 0.0 0.0 0.0 0.0 0.0 0.0 0.0 0.0 0.0 0.0 0.0
0 0.756348 0.063319 0.024414 0.045124 0.750488 0.056301 1.0 0.76123 0.055157 1.0 0.755476 0.064592 1.0 0.752406 0.075172 1.0 0.760655 0.073742 1.0
0 0.796387 0.112082 0.016602 0.029112 0.791979 0.106831 1.0 0.791979 0.106831 1.0 0.788818 0.114368 1.0 0.793117 0.119645 1.0 0.793117 0.119645 1.0
0 0.925293 0.3246 0.026367 0.043668 0.916939 0.316879 1.0 0.924229 0.319167 1.0 0.914638 0.325172 1.0 0.91598 0.335751 1.0 0.919434 0.335464 1.0
0 0.25 0.320233 0.009766 0.014556 0.0 0.0 0.0 0.0 0.0 0.0 0.0 0.0 0.0 0.0 0.0 0.0 0.0 0.0 0.0