0 0.749512 0.308249 0.02832 0.037627 0.0 0.0 0.0 0.0 0.0 0.0 0.0 0.0 0.0 0.0 0.0 0.0 0.0 0.0 0.0
0 0.51416 0.407381 0.024414 0.044863 0.0 0.0 0.0 0.0 0.0 0.0 0.0 0.0 0.0 0.0 0.0 0.0 0.0 0.0 0.0
0 0.498047 0.414616 0.019531 0.041968 0.0 0.0 0.0 0.0 0.0 0.0 0.0 0.0 0.0 0.0 0.0 0.0 0.0 0.0 0.0
0 0.44043 0.435601 0.025391 0.040521 0.0 0.0 0.0 0.0 0.0 0.0 0.0 0.0 0.0 0.0 0.0 0.0 0.0 0.0 0.0
0 0.421875 0.464544 0.027344 0.04631 0.411874 0.45864 1.0 0.4217 0.45121 1.0 0.414682 0.46488 1.0 0.416687 0.479145 1.0 0.422102 0.474984 1.0
0 0.39209 0.416787 0.022461 0.034732 0.389482 0.40941 1.0 0.398377 0.411166 1.0 0.395264 0.416438 1.0 0.390521 0.423907 1.0 0.396598 0.424346 1.0
0 0.361328 0.42547 0.029297 0.052098 0.354793 0.415521 1.0 0.367911 0.416179 1.0 0.361463 0.425077 1.0 0.355237 0.434961 1.0 0.36591 0.436279 1.0
0 0.333496 0.378437 0.043945 0.073806 0.33095 0.36655 1.0 0.3479 0.372596 1.0 0.338798 0.393994 1.0 0.324672 0.394925 1.0 0.33095 0.39725 1.0
0 0.212891 0.282923 0.03125 0.059334 0.0 0.0 0.0 0.0 0.0 0.0 0.0 0.0 0.0 0.0 0.0 0.0 0.0 0.0 0.0
0 0.105469 0.218524 0.035156 0.06657 0.099029 0.199136 1.0 0.116032 0.201656 1.0 0.108381 0.212994 1.0 0.09988 0.227272 1.0 0.113481 0.228531 1.0
0 0.027344 0.175832 0.021484 0.047757 0.0 0.0 0.0 0.0 0.0 0.0 0.0 0.0 0.0 0.0 0.0 0.0 0.0 0.0 0.0