0 0.527344 0.219841 0.097656 0.160317 0.505807 0.18886 1.0 0.557189 0.190873 1.0 0.532427 0.222067 1.0 0.514474 0.262316 1.0 0.549761 0.262316 1.0
0 0.969727 0.162698 0.029297 0.055556 0.967931 0.152692 1.0 0.981228 0.149149 1.0 0.980138 0.16474 1.0 0.9712 0.178203 1.0 0.981881 0.175722 1.0
0 0.734375 0.176984 0.027344 0.049206 0.0 0.0 0.0 0.0 0.0 0.0 0.0 0.0 0.0 0.0 0.0 0.0 0.0 0.0 0.0
0 0.83252 0.148413 0.008789 0.02381 0.0 0.0 0.0 0.0 0.0 0.0 0.0 0.0 0.0 0.0 0.0 0.0 0.0 0.0 0.0
0 0.850098 0.142063 0.008789 0.02381 0.0 0.0 0.0 0.0 0.0 0.0 0.0 0.0 0.0 0.0 0.0 0.0 0.0 0.0 0.0
0 0.937012 0.15 0.022461 0.049206 0.930855 0.145465 1.0 0.93968 0.145776 1.0 0.936035 0.154506 1.0 0.932774 0.164173 1.0 0.938337 0.163237 1.0
0 0.771973 0.139683 0.008789 0.019048 0.0 0.0 0.0 0.0 0.0 0.0 0.0 0.0 0.0 0.0 0.0 0.0 0.0 0.0 0.0
0 0.808594 0.139683 0.009766 0.019048 0.0 0.0 0.0 0.0 0.0 0.0 0.0 0.0 0.0 0.0 0.0 0.0 0.0 0.0 0.0
0 0.882324 0.152381 0.006836 0.019048 0.0 0.0 0.0 0.0 0.0 0.0 0.0 0.0 0.0 0.0 0.0 0.0 0.0 0.0 0.0
0 0.962891 0.101587 0.007812 0.015873 0.0 0.0 0.0 0.0 0.0 0.0 0.0 0.0 0.0 0.0 0.0 0.0 0.0 0.0 0.0
0 0.65625 0.165079 0.005859 0.012698 0.0 0.0 0.0 0.0 0.0 0.0 0.0 0.0 0.0 0.0 0.0 0.0 0.0 0.0 0.0
0 0.63916 0.164286 0.004883 0.011111 0.0 0.0 0.0 0.0 0.0 0.0 0.0 0.0 0.0 0.0 0.0 0.0 0.0 0.0 0.0
0 0.604004 0.162698 0.018555 0.042857 0.599583 0.156895 1.0 0.605364 0.156343 1.0 0.602813 0.164081 1.0 0.600943 0.172095 1.0 0.606385 0.171819 1.0
0 0.418457 0.194444 0.012695 0.030159 0.0 0.0 0.0 0.0 0.0 0.0 0.0 0.0 0.0 0.0 0.0 0.0 0.0 0.0 0.0
0 0.373047 0.147619 0.015625 0.031746 0.0 0.0 0.0 0.0 0.0 0.0 0.0 0.0 0.0 0.0 0.0 0.0 0.0 0.0 0.0
0 0.336426 0.162698 0.004883 0.014286 0.0 0.0 0.0 0.0 0.0 0.0 0.0 0.0 0.0 0.0 0.0 0.0 0.0 0.0 0.0
0 0.273926 0.15 0.022461 0.049206 0.267107 0.145776 1.0 0.276507 0.1464 1.0 0.271327 0.157625 1.0 0.269025 0.166978 1.0 0.277657 0.16729 1.0
0 0.30957 0.145238 0.009766 0.020635 0.30784 0.14244 1.0 0.311484 0.142708 1.0 0.309413 0.146343 1.0 0.308171 0.151056 1.0 0.311484 0.150248 1.0
0 0.317871 0.174603 0.012695 0.034921 0.316842 0.171173 1.0 0.320626 0.169856 1.0 0.321978 0.177544 1.0 0.31941 0.183475 1.0 0.321572 0.183475 1.0
0 0.189941 0.165079 0.03418 0.073016 0.0 0.0 0.0 0.0 0.0 0.0 0.0 0.0 0.0 0.0 0.0 0.0 0.0 0.0 0.0
0 0.092773 0.133333 0.013672 0.034921 0.0 0.0 0.0 0.0 0.0 0.0 0.0 0.0 0.0 0.0 0.0 0.0 0.0 0.0 0.0
0 0.014648 0.154762 0.011719 0.02381 0.0 0.0 0.0 0.0 0.0 0.0 0.0 0.0 0.0 0.0 0.0 0.0 0.0 0.0 0.0
0 0.13916 0.156349 0.006836 0.014286 0.0 0.0 0.0 0.0 0.0 0.0 0.0 0.0 0.0 0.0 0.0 0.0 0.0 0.0 0.0
0 0.289551 0.147619 0.008789 0.019048 0.0 0.0 0.0 0.0 0.0 0.0 0.0 0.0 0.0 0.0 0.0 0.0 0.0 0.0 0.0