0 0.219238 0.259947 0.02832 0.045093 0.215611 0.252084 1.0 0.227748 0.250663 1.0 0.223145 0.259757 1.0 0.218959 0.271694 1.0 0.228167 0.269988 1.0
0 0.320801 0.261936 0.032227 0.051724 0.316895 0.249668 1.0 0.331543 0.253647 1.0 0.325195 0.261273 1.0 0.315186 0.276525 1.0 0.328125 0.277188 1.0
0 0.496094 0.275199 0.027344 0.043767 0.486668 0.263914 1.0 0.4981 0.263642 1.0 0.488674 0.273719 1.0 0.485063 0.284069 1.0 0.493086 0.284886 1.0
0 0.5625 0.30504 0.021484 0.039788 0.557024 0.298012 1.0 0.56846 0.298776 1.0 0.561523 0.304886 1.0 0.557774 0.314306 1.0 0.563961 0.315069 1.0
0 0.931152 0.290451 0.026367 0.039788 0.920898 0.28382 1.0 0.935547 0.28382 1.0 0.928711 0.291777 1.0 0.922852 0.302387 1.0 0.93457 0.299735 1.0
0 0.906738 0.276525 0.016602 0.041114 0.899641 0.270131 1.0 0.907697 0.26961 1.0 0.9006 0.277426 1.0 0.901367 0.286804 1.0 0.905587 0.286804 1.0
0 0.823242 0.253979 0.023438 0.054377 0.813477 0.242706 1.0 0.810547 0.241379 1.0 0.810547 0.254642 1.0 0.811523 0.266578 1.0 0.811523 0.266578 1.0
0 0.588379 0.251989 0.018555 0.039788 0.582031 0.240053 1.0 0.581055 0.240053 1.0 0.579102 0.249337 1.0 0.580078 0.261273 1.0 0.581055 0.261273 1.0
0 0.61377 0.285809 0.020508 0.057029 0.604492 0.282493 1.0 0.604492 0.282493 1.0 0.605469 0.29443 1.0 0.607422 0.303714 1.0 0.607422 0.303714 1.0
0 0.713867 0.272546 0.023438 0.046419 0.705078 0.263926 1.0 0.704102 0.263926 1.0 0.701172 0.277188 1.0 0.705078 0.287798 1.0 0.704102 0.287798 1.0
0 0.391113 0.258621 0.012695 0.029178 0.384766 0.258621 1.0 0.392578 0.257294 1.0 0.389648 0.262599 1.0 0.385742 0.267905 1.0 0.392578 0.267905 1.0
0 0.377441 0.283156 0.018555 0.038462 0.371094 0.282493 1.0 0.380859 0.282493 1.0 0.375977 0.290451 1.0 0.37207 0.295756 1.0 0.378906 0.295756 1.0
0 0.475098 0.255968 0.018555 0.029178 0.467773 0.245358 1.0 0.473633 0.245358 1.0 0.467773 0.250663 1.0 0.467773 0.257294 1.0 0.473633 0.257294 1.0
0 0.513672 0.263263 0.017578 0.033156 0.0 0.0 0.0 0.0 0.0 0.0 0.0 0.0 0.0 0.0 0.0 0.0 0.0 0.0 0.0
0 0.541504 0.269894 0.010742 0.017241 0.539682 0.26598 1.0 0.544568 0.266093 1.0 0.54167 0.269243 1.0 0.540759 0.272505 1.0 0.543243 0.272505 1.0
0 0.567383 0.267905 0.021484 0.03183 0.558502 0.265997 1.0 0.566437 0.26579 1.0 0.561096 0.272215 1.0 0.566437 0.275324 1.0 0.566437 0.275324 1.0
0 0.103027 0.209549 0.026367 0.068966 0.113281 0.189655 1.0 0.115234 0.189655 1.0 0.116211 0.210875 1.0 0.105469 0.228117 1.0 0.106445 0.228117 1.0
0 0.147461 0.248011 0.015625 0.023873 0.146746 0.248472 1.0 0.152527 0.248934 1.0 0.150939 0.252629 1.0 0.146973 0.257708 1.0 0.152527 0.258017 1.0
0 0.760254 0.277851 0.024414 0.049072 0.751953 0.27321 1.0 0.750977 0.27321 1.0 0.748047 0.282493 1.0 0.749023 0.287798 1.0 0.749023 0.286472 1.0
0 0.662109 0.286472 0.019531 0.034483 0.655273 0.286472 1.0 0.658203 0.287798 1.0 0.655273 0.291777 1.0 0.655273 0.297082 1.0 0.658203 0.297082 1.0
0 0.680176 0.299735 0.026367 0.037135 0.668998 0.294223 1.0 0.676309 0.295377 1.0 0.670528 0.303228 1.0 0.671208 0.310386 1.0 0.675118 0.310386 1.0
0 0.284668 0.244032 0.018555 0.037135 0.28275 0.240005 1.0 0.289899 0.239296 1.0 0.287284 0.247585 1.0 0.283971 0.252558 1.0 0.289202 0.252558 1.0
0 0.10791 0.268568 0.020508 0.033156 0.105835 0.259988 1.0 0.107818 0.259781 1.0 0.113159 0.266828 1.0 0.109803 0.275944 1.0 0.112854 0.275944 1.0
0 0.12207 0.264589 0.009766 0.022546 0.120222 0.261487 1.0 0.125235 0.262671 1.0 0.121966 0.266519 1.0 0.120222 0.268739 1.0 0.124036 0.269776 1.0
0 0.133789 0.254642 0.007812 0.018568 0.0 0.0 0.0 0.0 0.0 0.0 0.0 0.0 0.0 0.0 0.0 0.0 0.0 0.0 0.0