0 0.188965 0.364865 0.020508 0.054054 0.190434 0.360012 1.0 0.195771 0.359327 1.0 0.198216 0.368559 1.0 0.190879 0.381207 1.0 0.194437 0.380182 1.0
0 0.340332 0.487988 0.045898 0.102102 0.345341 0.475533 1.0 0.351685 0.469682 1.0 0.360565 0.487887 1.0 0.344072 0.513245 1.0 0.348302 0.509344 1.0
0 0.408691 0.354354 0.014648 0.036036 0.0 0.0 0.0 0.0 0.0 0.0 0.0 0.0 0.0 0.0 0.0 0.0 0.0 0.0 0.0
0 0.470215 0.351351 0.012695 0.03003 0.0 0.0 0.0 0.0 0.0 0.0 0.0 0.0 0.0 0.0 0.0 0.0 0.0 0.0 0.0
0 0.226074 0.345345 0.014648 0.024024 0.0 0.0 0.0 0.0 0.0 0.0 0.0 0.0 0.0 0.0 0.0 0.0 0.0 0.0 0.0
0 0.210449 0.338589 0.010742 0.01952 0.0 0.0 0.0 0.0 0.0 0.0 0.0 0.0 0.0 0.0 0.0 0.0 0.0 0.0 0.0
0 0.269043 0.34985 0.010742 0.03003 0.0 0.0 0.0 0.0 0.0 0.0 0.0 0.0 0.0 0.0 0.0 0.0 0.0 0.0 0.0
0 0.769043 0.397147 0.018555 0.037538 0.761492 0.394949 1.0 0.76212 0.394707 1.0 0.759608 0.403635 1.0 0.763062 0.410634 1.0 0.763689 0.410634 1.0
0 0.617188 0.376126 0.017578 0.037538 0.0 0.0 0.0 0.0 0.0 0.0 0.0 0.0 0.0 0.0 0.0 0.0 0.0 0.0 0.0
0 0.705566 0.391141 0.014648 0.034535 0.0 0.0 0.0 0.0 0.0 0.0 0.0 0.0 0.0 0.0 0.0 0.0 0.0 0.0 0.0
0 0.824219 0.408408 0.009766 0.03003 0.821311 0.405131 1.0 0.82169 0.405713 1.0 0.819541 0.412129 1.0 0.820679 0.415628 1.0 0.820805 0.415239 1.0
0 0.80127 0.399399 0.014648 0.027027 0.795794 0.396329 1.0 0.801574 0.397201 1.0 0.796928 0.403474 1.0 0.798287 0.408354 1.0 0.801574 0.408703 1.0
0 0.660156 0.388889 0.011719 0.024024 0.0 0.0 0.0 0.0 0.0 0.0 0.0 0.0 0.0 0.0 0.0 0.0 0.0 0.0 0.0
0 0.560547 0.350601 0.011719 0.031532 0.0 0.0 0.0 0.0 0.0 0.0 0.0 0.0 0.0 0.0 0.0 0.0 0.0 0.0 0.0
0 0.596191 0.40015 0.010742 0.028529 0.0 0.0 0.0 0.0 0.0 0.0 0.0 0.0 0.0 0.0 0.0 0.0 0.0 0.0 0.0
0 0.532227 0.358859 0.011719 0.024024 0.52996 0.358323 1.0 0.535296 0.35977 1.0 0.533203 0.364275 1.0 0.528285 0.371353 1.0 0.533936 0.372641 1.0
0 0.302246 0.350601 0.010742 0.025526 0.300886 0.347752 1.0 0.30481 0.347584 1.0 0.302957 0.352276 1.0 0.300995 0.355962 1.0 0.303938 0.356131 1.0
0 0.15918 0.328078 0.011719 0.022523 0.159468 0.32541 1.0 0.165223 0.324378 1.0 0.163879 0.32836 1.0 0.160043 0.334258 1.0 0.163304 0.333964 1.0
0 0.974121 0.401652 0.012695 0.028529 0.0 0.0 0.0 0.0 0.0 0.0 0.0 0.0 0.0 0.0 0.0 0.0 0.0 0.0 0.0
0 0.858887 0.405405 0.012695 0.021021 0.0 0.0 0.0 0.0 0.0 0.0 0.0 0.0 0.0 0.0 0.0 0.0 0.0 0.0 0.0
0 0.413574 0.367868 0.008789 0.012012 0.0 0.0 0.0 0.0 0.0 0.0 0.0 0.0 0.0 0.0 0.0 0.0 0.0 0.0 0.0
0 0.570801 0.371622 0.012695 0.025526 0.0 0.0 0.0 0.0 0.0 0.0 0.0 0.0 0.0 0.0 0.0 0.0 0.0 0.0 0.0
0 0.364746 0.349099 0.006836 0.013514 0.0 0.0 0.0 0.0 0.0 0.0 0.0 0.0 0.0 0.0 0.0 0.0 0.0 0.0 0.0
0 0.381348 0.356607 0.004883 0.013514 0.0 0.0 0.0 0.0 0.0 0.0 0.0 0.0 0.0 0.0 0.0 0.0 0.0 0.0 0.0
0 0.432129 0.37012 0.008789 0.016517 0.0 0.0 0.0 0.0 0.0 0.0 0.0 0.0 0.0 0.0 0.0 0.0 0.0 0.0 0.0
0 0.019531 0.356607 0.007812 0.01952 0.0 0.0 0.0 0.0 0.0 0.0 0.0 0.0 0.0 0.0 0.0 0.0 0.0 0.0 0.0
0 0.749512 0.406156 0.010742 0.028529 0.0 0.0 0.0 0.0 0.0 0.0 0.0 0.0 0.0 0.0 0.0 0.0 0.0 0.0 0.0
0 0.877441 0.402402 0.008789 0.021021 0.0 0.0 0.0 0.0 0.0 0.0 0.0 0.0 0.0 0.0 0.0 0.0 0.0 0.0 0.0
0 0.459473 0.373123 0.012695 0.025526 0.0 0.0 0.0 0.0 0.0 0.0 0.0 0.0 0.0 0.0 0.0 0.0 0.0 0.0 0.0
0 0.519531 0.356607 0.011719 0.022523 0.0 0.0 0.0 0.0 0.0 0.0 0.0 0.0 0.0 0.0 0.0 0.0 0.0 0.0 0.0
0 0.353027 0.358859 0.006836 0.012012 0.0 0.0 0.0 0.0 0.0 0.0 0.0 0.0 0.0 0.0 0.0 0.0 0.0 0.0 0.0
0 0.336426 0.368619 0.014648 0.034535 0.0 0.0 0.0 0.0 0.0 0.0 0.0 0.0 0.0 0.0 0.0 0.0 0.0 0.0 0.0