0 0.100098 0.412109 0.024414 0.050781 0.103455 0.406971 1.0 0.109209 0.406331 1.0 0.113046 0.415603 1.0 0.103935 0.426154 1.0 0.10897 0.425194 1.0
0 0.195312 0.408203 0.025391 0.048177 0.198316 0.405361 1.0 0.207559 0.405361 1.0 0.205479 0.414296 1.0 0.198778 0.421997 1.0 0.205479 0.421382 1.0
0 0.289551 0.421875 0.014648 0.033854 0.0 0.0 0.0 0.0 0.0 0.0 0.0 0.0 0.0 0.0 0.0 0.0 0.0 0.0 0.0
0 0.324219 0.419271 0.019531 0.039062 0.317731 0.414121 1.0 0.32598 0.414121 1.0 0.319606 0.42112 1.0 0.317169 0.429367 1.0 0.32448 0.429367 1.0
0 0.361328 0.461589 0.019531 0.048177 0.0 0.0 0.0 0.0 0.0 0.0 0.0 0.0 0.0 0.0 0.0 0.0 0.0 0.0 0.0
0 0.511719 0.43099 0.021484 0.041667 0.506426 0.427461 1.0 0.516432 0.429292 1.0 0.510153 0.433216 1.0 0.506034 0.440279 1.0 0.513685 0.441848 1.0
0 0.550781 0.443359 0.015625 0.03776 0.546203 0.438557 1.0 0.550415 0.440267 1.0 0.544738 0.445638 1.0 0.544189 0.454427 1.0 0.547485 0.455404 1.0
0 0.561035 0.447917 0.022461 0.057292 0.0 0.0 0.0 0.0 0.0 0.0 0.0 0.0 0.0 0.0 0.0 0.0 0.0 0.0 0.0
0 0.57959 0.412109 0.020508 0.066406 0.578635 0.412958 1.0 0.573861 0.410836 1.0 0.57227 0.425264 1.0 0.583091 0.432902 1.0 0.57959 0.432053 1.0
0 0.695801 0.432292 0.053711 0.104167 0.673144 0.431641 1.0 0.682996 0.431641 1.0 0.672651 0.448719 1.0 0.684967 0.465797 1.0 0.685952 0.466454 1.0
0 0.763184 0.421224 0.020508 0.040365 0.0 0.0 0.0 0.0 0.0 0.0 0.0 0.0 0.0 0.0 0.0 0.0 0.0 0.0 0.0
0 0.821289 0.283203 0.113281 0.175781 0.770124 0.259359 1.0 0.810713 0.251628 1.0 0.778407 0.279238 1.0 0.770124 0.328939 1.0 0.804086 0.321208 1.0
0 0.969727 0.389974 0.027344 0.071615 0.0 0.0 0.0 0.0 0.0 0.0 0.0 0.0 0.0 0.0 0.0 0.0 0.0 0.0 0.0
0 0.673828 0.412109 0.015625 0.022135 0.0 0.0 0.0 0.0 0.0 0.0 0.0 0.0 0.0 0.0 0.0 0.0 0.0 0.0 0.0