0 0.841797 0.627924 0.019531 0.033626 0.0 0.0 0.0 0.0 0.0 0.0 0.0 0.0 0.0 0.0 0.0 0.0 0.0 0.0 0.0
0 0.685547 0.64693 0.021484 0.033626 0.684169 0.639763 1.0 0.693211 0.641538 1.0 0.689653 0.646864 1.0 0.683428 0.655519 1.0 0.691433 0.657073 1.0
0 0.696289 0.634503 0.009766 0.023392 0.0 0.0 0.0 0.0 0.0 0.0 0.0 0.0 0.0 0.0 0.0 0.0 0.0 0.0 0.0
0 0.642578 0.625731 0.011719 0.023392 0.645398 0.623949 1.0 0.647905 0.62425 1.0 0.647304 0.629203 1.0 0.645499 0.632806 1.0 0.646702 0.632806 1.0
0 0.555664 0.649854 0.019531 0.033626 0.549909 0.642576 1.0 0.559404 0.642576 1.0 0.554801 0.65033 1.0 0.551492 0.6583 1.0 0.557822 0.658515 1.0
0 0.521484 0.649123 0.009766 0.020468 0.0 0.0 0.0 0.0 0.0 0.0 0.0 0.0 0.0 0.0 0.0 0.0 0.0 0.0 0.0
0 0.51123 0.629386 0.006836 0.013158 0.0 0.0 0.0 0.0 0.0 0.0 0.0 0.0 0.0 0.0 0.0 0.0 0.0 0.0 0.0
0 0.50293 0.643275 0.005859 0.017544 0.0 0.0 0.0 0.0 0.0 0.0 0.0 0.0 0.0 0.0 0.0 0.0 0.0 0.0 0.0
0 0.467773 0.640351 0.011719 0.020468 0.464508 0.636056 1.0 0.46872 0.636056 1.0 0.465973 0.641127 1.0 0.464416 0.645102 1.0 0.468902 0.64524 1.0
0 0.453613 0.637427 0.006836 0.01462 0.0 0.0 0.0 0.0 0.0 0.0 0.0 0.0 0.0 0.0 0.0 0.0 0.0 0.0 0.0
0 0.421875 0.620614 0.009766 0.016082 0.418793 0.618839 1.0 0.422721 0.618728 1.0 0.420053 0.62139 1.0 0.419682 0.624719 1.0 0.422054 0.62483 1.0
0 0.41748 0.66886 0.018555 0.033626 0.414979 0.662398 1.0 0.422027 0.662829 1.0 0.418575 0.672306 1.0 0.415266 0.678336 1.0 0.421164 0.678982 1.0
0 0.383301 0.630848 0.010742 0.02193 0.0 0.0 0.0 0.0 0.0 0.0 0.0 0.0 0.0 0.0 0.0 0.0 0.0 0.0 0.0
0 0.354004 0.634503 0.010742 0.020468 0.0 0.0 0.0 0.0 0.0 0.0 0.0 0.0 0.0 0.0 0.0 0.0 0.0 0.0 0.0
0 0.34082 0.626462 0.005859 0.013158 0.0 0.0 0.0 0.0 0.0 0.0 0.0 0.0 0.0 0.0 0.0 0.0 0.0 0.0 0.0
0 0.328613 0.626462 0.006836 0.013158 0.0 0.0 0.0 0.0 0.0 0.0 0.0 0.0 0.0 0.0 0.0 0.0 0.0 0.0 0.0
0 0.280273 0.636696 0.017578 0.033626 0.272735 0.634757 1.0 0.278778 0.633896 1.0 0.273887 0.639711 1.0 0.279497 0.645311 1.0 0.279929 0.645311 1.0
0 0.271973 0.608918 0.010742 0.02193 0.0 0.0 0.0 0.0 0.0 0.0 0.0 0.0 0.0 0.0 0.0 0.0 0.0 0.0 0.0
0 0.255371 0.629386 0.008789 0.016082 0.253252 0.626592 1.0 0.256588 0.626038 1.0 0.254883 0.629367 1.0 0.253846 0.632029 1.0 0.256514 0.632029 1.0
0 0.239258 0.61769 0.009766 0.02193 0.0 0.0 0.0 0.0 0.0 0.0 0.0 0.0 0.0 0.0 0.0 0.0 0.0 0.0 0.0
0 0.213379 0.638889 0.022461 0.038012 0.219666 0.631879 1.0 0.219988 0.631879 1.0 0.224827 0.638399 1.0 0.219827 0.64661 1.0 0.220149 0.646368 1.0
0 0.303223 0.631579 0.006836 0.01462 0.0 0.0 0.0 0.0 0.0 0.0 0.0 0.0 0.0 0.0 0.0 0.0 0.0 0.0 0.0
0 0.155273 0.644737 0.015625 0.026316 0.151271 0.640664 1.0 0.153765 0.641003 1.0 0.147871 0.645924 1.0 0.150138 0.653392 1.0 0.152519 0.65407 1.0
0 0.143555 0.618421 0.007812 0.01462 0.0 0.0 0.0 0.0 0.0 0.0 0.0 0.0 0.0 0.0 0.0 0.0 0.0 0.0 0.0
0 0.130371 0.619883 0.008789 0.017544 0.0 0.0 0.0 0.0 0.0 0.0 0.0 0.0 0.0 0.0 0.0 0.0 0.0 0.0 0.0
0 0.092285 0.599415 0.014648 0.020468 0.089979 0.594912 1.0 0.096096 0.595212 1.0 0.093188 0.600165 1.0 0.09048 0.60512 1.0 0.095293 0.605269 1.0
0 0.030273 0.614766 0.013672 0.024854 0.026838 0.615563 1.0 0.032166 0.615563 1.0 0.029445 0.621162 1.0 0.027745 0.623708 1.0 0.031599 0.624047 1.0
0 0.041992 0.623538 0.009766 0.024854 0.0 0.0 0.0 0.0 0.0 0.0 0.0 0.0 0.0 0.0 0.0 0.0 0.0 0.0 0.0
0 0.012207 0.611111 0.008789 0.011696 0.011047 0.607912 1.0 0.014832 0.607547 1.0 0.01355 0.610197 1.0 0.012573 0.612939 1.0 0.015137 0.612664 1.0
0 0.112305 0.623538 0.015625 0.024854 0.0 0.0 0.0 0.0 0.0 0.0 0.0 0.0 0.0 0.0 0.0 0.0 0.0 0.0 0.0
0 0.078125 0.603801 0.007812 0.01462 0.0 0.0 0.0 0.0 0.0 0.0 0.0 0.0 0.0 0.0 0.0 0.0 0.0 0.0 0.0