0 0.289062 0.545714 0.021484 0.037143 0.285906 0.542679 1.0 0.293439 0.542679 1.0 0.289516 0.552091 1.0 0.285749 0.557601 1.0 0.292969 0.557601 1.0
0 0.314453 0.510714 0.019531 0.035714 0.308319 0.50683 1.0 0.309234 0.506384 1.0 0.307861 0.518214 1.0 0.312896 0.522231 1.0 0.31427 0.521786 1.0
0 0.424805 0.515714 0.027344 0.048571 0.417267 0.508437 1.0 0.428375 0.50875 1.0 0.421753 0.52 1.0 0.416626 0.525937 1.0 0.428589 0.525626 1.0
0 0.348633 0.595 0.013672 0.032857 0.0 0.0 0.0 0.0 0.0 0.0 0.0 0.0 0.0 0.0 0.0 0.0 0.0 0.0 0.0
0 0.191895 0.452143 0.018555 0.03 0.18382 0.445306 1.0 0.188529 0.445306 1.0 0.184736 0.452194 1.0 0.184344 0.459464 1.0 0.189444 0.460803 1.0
0 0.179688 0.465714 0.011719 0.022857 0.0 0.0 0.0 0.0 0.0 0.0 0.0 0.0 0.0 0.0 0.0 0.0 0.0 0.0 0.0
0 0.481934 0.474286 0.010742 0.022857 0.47835 0.471811 1.0 0.484065 0.471664 1.0 0.480255 0.475919 1.0 0.478751 0.480173 1.0 0.482862 0.480026 1.0
0 0.448242 0.475714 0.009766 0.02 0.0 0.0 0.0 0.0 0.0 0.0 0.0 0.0 0.0 0.0 0.0 0.0 0.0 0.0 0.0
0 0.536621 0.512857 0.006836 0.017143 0.0 0.0 0.0 0.0 0.0 0.0 0.0 0.0 0.0 0.0 0.0 0.0 0.0 0.0 0.0
0 0.563965 0.515714 0.010742 0.02 0.0 0.0 0.0 0.0 0.0 0.0 0.0 0.0 0.0 0.0 0.0 0.0 0.0 0.0 0.0
0 0.596191 0.458571 0.010742 0.017143 0.592556 0.458463 1.0 0.597442 0.458706 1.0 0.594212 0.462461 1.0 0.592556 0.46537 1.0 0.597028 0.465249 1.0
0 0.579102 0.571429 0.009766 0.017143 0.0 0.0 0.0 0.0 0.0 0.0 0.0 0.0 0.0 0.0 0.0 0.0 0.0 0.0 0.0
0 0.616699 0.427857 0.024414 0.044286 0.0 0.0 0.0 0.0 0.0 0.0 0.0 0.0 0.0 0.0 0.0 0.0 0.0 0.0 0.0
0 0.745605 0.451429 0.008789 0.014286 0.0 0.0 0.0 0.0 0.0 0.0 0.0 0.0 0.0 0.0 0.0 0.0 0.0 0.0 0.0
0 0.732422 0.517857 0.009766 0.018571 0.0 0.0 0.0 0.0 0.0 0.0 0.0 0.0 0.0 0.0 0.0 0.0 0.0 0.0 0.0
0 0.723633 0.477143 0.009766 0.02 0.0 0.0 0.0 0.0 0.0 0.0 0.0 0.0 0.0 0.0 0.0 0.0 0.0 0.0 0.0
0 0.677734 0.467143 0.007812 0.014286 0.0 0.0 0.0 0.0 0.0 0.0 0.0 0.0 0.0 0.0 0.0 0.0 0.0 0.0 0.0
0 0.67041 0.430714 0.006836 0.01 0.0 0.0 0.0 0.0 0.0 0.0 0.0 0.0 0.0 0.0 0.0 0.0 0.0 0.0 0.0
0 0.856934 0.441429 0.004883 0.011429 0.0 0.0 0.0 0.0 0.0 0.0 0.0 0.0 0.0 0.0 0.0 0.0 0.0 0.0 0.0
0 0.470215 0.222143 0.008789 0.015714 0.0 0.0 0.0 0.0 0.0 0.0 0.0 0.0 0.0 0.0 0.0 0.0 0.0 0.0 0.0
0 0.402344 0.238571 0.007812 0.011429 0.0 0.0 0.0 0.0 0.0 0.0 0.0 0.0 0.0 0.0 0.0 0.0 0.0 0.0 0.0