0 0.921875 0.145588 0.033203 0.064706 0.911656 0.130528 1.0 0.925981 0.130528 1.0 0.918413 0.144774 1.0 0.914359 0.158613 1.0 0.928414 0.1578 1.0
0 0.850586 0.295588 0.050781 0.091176 0.83524 0.281146 1.0 0.857875 0.279412 1.0 0.843681 0.301366 1.0 0.838692 0.315809 1.0 0.858259 0.312343 1.0
0 0.793457 0.175 0.030273 0.058824 0.786508 0.164535 1.0 0.800175 0.161916 1.0 0.793466 0.174638 1.0 0.788496 0.18811 1.0 0.801169 0.183621 1.0
0 0.725586 0.019118 0.023438 0.038235 0.717621 0.007675 1.0 0.726471 0.0017 1.0 0.719604 0.015487 1.0 0.722656 0.026976 1.0 0.728912 0.021462 1.0
0 0.669922 0.223529 0.03125 0.061765 0.657833 0.213885 1.0 0.672237 0.211174 1.0 0.663749 0.228604 1.0 0.66169 0.23945 1.0 0.670179 0.239062 1.0
0 0.600098 0.432353 0.047852 0.097059 0.596 0.419157 1.0 0.618129 0.403112 1.0 0.613621 0.429031 1.0 0.603376 0.455568 1.0 0.619769 0.450013 1.0
0 0.546387 0.390441 0.036133 0.072059 0.0 0.0 0.0 0.0 0.0 0.0 0.0 0.0 0.0 0.0 0.0 0.0 0.0 0.0 0.0
0 0.510254 0.306618 0.032227 0.063235 0.499224 0.294078 1.0 0.51355 0.290007 1.0 0.506792 0.308732 1.0 0.503549 0.32135 1.0 0.518686 0.317687 1.0
0 0.550293 0.05 0.016602 0.035294 0.548131 0.044957 1.0 0.55154 0.04161 1.0 0.555245 0.049646 1.0 0.55317 0.057904 1.0 0.555542 0.056119 1.0
0 0.494141 0.071324 0.017578 0.033824 0.489105 0.063353 1.0 0.493134 0.064871 1.0 0.486659 0.071803 1.0 0.489969 0.076135 1.0 0.494429 0.077219 1.0
0 0.371094 0.356618 0.033203 0.060294 0.361268 0.349409 1.0 0.374669 0.348266 1.0 0.367842 0.363118 1.0 0.365565 0.371875 1.0 0.37391 0.371875 1.0
0 0.433105 0.134559 0.014648 0.025 0.0 0.0 0.0 0.0 0.0 0.0 0.0 0.0 0.0 0.0 0.0 0.0 0.0 0.0 0.0
0 0.398438 0.125 0.013672 0.029412 0.0 0.0 0.0 0.0 0.0 0.0 0.0 0.0 0.0 0.0 0.0 0.0 0.0 0.0 0.0
0 0.372559 0.113235 0.010742 0.026471 0.0 0.0 0.0 0.0 0.0 0.0 0.0 0.0 0.0 0.0 0.0 0.0 0.0 0.0 0.0
0 0.435547 0.016912 0.009766 0.019118 0.432966 0.013419 1.0 0.434623 0.014601 1.0 0.431396 0.019853 1.0 0.4341 0.023266 1.0 0.435407 0.023793 1.0
0 0.391602 0.0125 0.009766 0.019118 0.0 0.0 0.0 0.0 0.0 0.0 0.0 0.0 0.0 0.0 0.0 0.0 0.0 0.0 0.0
0 0.352539 0.022059 0.009766 0.020588 0.0 0.0 0.0 0.0 0.0 0.0 0.0 0.0 0.0 0.0 0.0 0.0 0.0 0.0 0.0
0 0.314941 0.030882 0.010742 0.020588 0.0 0.0 0.0 0.0 0.0 0.0 0.0 0.0 0.0 0.0 0.0 0.0 0.0 0.0 0.0
0 0.333008 0.133824 0.009766 0.017647 0.0 0.0 0.0 0.0 0.0 0.0 0.0 0.0 0.0 0.0 0.0 0.0 0.0 0.0 0.0
0 0.272949 0.058088 0.008789 0.022059 0.0 0.0 0.0 0.0 0.0 0.0 0.0 0.0 0.0 0.0 0.0 0.0 0.0 0.0 0.0
0 0.376953 0.217647 0.025391 0.047059 0.368421 0.215729 1.0 0.381173 0.210707 1.0 0.374503 0.22666 1.0 0.373522 0.236115 1.0 0.382938 0.23316 1.0
0 0.29248 0.249265 0.014648 0.027941 0.29058 0.246251 1.0 0.298466 0.244656 1.0 0.295877 0.251215 1.0 0.293052 0.257419 1.0 0.298584 0.255824 1.0
0 0.266113 0.243382 0.020508 0.033824 0.0 0.0 0.0 0.0 0.0 0.0 0.0 0.0 0.0 0.0 0.0 0.0 0.0 0.0 0.0
0 0.294922 0.305147 0.021484 0.036765 0.0 0.0 0.0 0.0 0.0 0.0 0.0 0.0 0.0 0.0 0.0 0.0 0.0 0.0 0.0
0 0.583008 0.196324 0.019531 0.033824 0.0 0.0 0.0 0.0 0.0 0.0 0.0 0.0 0.0 0.0 0.0 0.0 0.0 0.0 0.0
0 0.250977 0.444118 0.033203 0.061765 0.237147 0.435451 1.0 0.25075 0.433088 1.0 0.241333 0.4453 1.0 0.241595 0.45751 1.0 0.250488 0.45751 1.0
0 0.126465 0.455147 0.036133 0.060294 0.0 0.0 0.0 0.0 0.0 0.0 0.0 0.0 0.0 0.0 0.0 0.0 0.0 0.0 0.0
0 0.141602 0.372059 0.035156 0.061765 0.138798 0.36745 1.0 0.152174 0.36164 1.0 0.150116 0.375972 1.0 0.144457 0.389916 1.0 0.156804 0.382944 1.0
0 0.125 0.346324 0.023438 0.039706 0.0 0.0 0.0 0.0 0.0 0.0 0.0 0.0 0.0 0.0 0.0 0.0 0.0 0.0 0.0
0 0.012695 0.426471 0.025391 0.05 0.001953 0.420266 1.0 0.016479 0.414797 1.0 0.011139 0.423484 1.0 0.010712 0.436674 1.0 0.017975 0.4341 1.0
0 0.063477 0.342647 0.019531 0.035294 0.0 0.0 0.0 0.0 0.0 0.0 0.0 0.0 0.0 0.0 0.0 0.0 0.0 0.0 0.0
0 0.069336 0.300735 0.015625 0.027941 0.065063 0.298201 1.0 0.069301 0.295897 1.0 0.067889 0.303165 1.0 0.067889 0.308482 1.0 0.071302 0.306709 1.0
0 0.077148 0.282353 0.015625 0.026471 0.075788 0.282353 1.0 0.081002 0.279963 1.0 0.079756 0.285938 1.0 0.079188 0.291229 1.0 0.082589 0.289863 1.0
0 0.115234 0.270588 0.011719 0.017647 0.0 0.0 0.0 0.0 0.0 0.0 0.0 0.0 0.0 0.0 0.0 0.0 0.0 0.0 0.0
0 0.118652 0.324265 0.012695 0.025 0.0 0.0 0.0 0.0 0.0 0.0 0.0 0.0 0.0 0.0 0.0 0.0 0.0 0.0 0.0
0 0.128906 0.3 0.015625 0.023529 0.0 0.0 0.0 0.0 0.0 0.0 0.0 0.0 0.0 0.0 0.0 0.0 0.0 0.0 0.0
0 0.133301 0.321324 0.016602 0.025 0.0 0.0 0.0 0.0 0.0 0.0 0.0 0.0 0.0 0.0 0.0 0.0 0.0 0.0 0.0
0 0.178711 0.320588 0.009766 0.020588 0.0 0.0 0.0 0.0 0.0 0.0 0.0 0.0 0.0 0.0 0.0 0.0 0.0 0.0 0.0
0 0.186035 0.267647 0.016602 0.029412 0.184029 0.266722 1.0 0.189972 0.26596 1.0 0.188075 0.272432 1.0 0.186432 0.277763 1.0 0.190604 0.277193 1.0
0 0.075684 0.184559 0.014648 0.030882 0.0 0.0 0.0 0.0 0.0 0.0 0.0 0.0 0.0 0.0 0.0 0.0 0.0 0.0 0.0
0 0.107422 0.166912 0.011719 0.025 0.0 0.0 0.0 0.0 0.0 0.0 0.0 0.0 0.0 0.0 0.0 0.0 0.0 0.0 0.0
0 0.094727 0.180147 0.009766 0.013235 0.0 0.0 0.0 0.0 0.0 0.0 0.0 0.0 0.0 0.0 0.0 0.0 0.0 0.0 0.0
0 0.06543 0.163235 0.005859 0.011765 0.0 0.0 0.0 0.0 0.0 0.0 0.0 0.0 0.0 0.0 0.0 0.0 0.0 0.0 0.0
0 0.129883 0.158824 0.009766 0.020588 0.0 0.0 0.0 0.0 0.0 0.0 0.0 0.0 0.0 0.0 0.0 0.0 0.0 0.0 0.0
0 0.202637 0.093382 0.008789 0.019118 0.0 0.0 0.0 0.0 0.0 0.0 0.0 0.0 0.0 0.0 0.0 0.0 0.0 0.0 0.0
0 0.233398 0.095588 0.009766 0.017647 0.0 0.0 0.0 0.0 0.0 0.0 0.0 0.0 0.0 0.0 0.0 0.0 0.0 0.0 0.0
0 0.278809 0.166176 0.008789 0.014706 0.0 0.0 0.0 0.0 0.0 0.0 0.0 0.0 0.0 0.0 0.0 0.0 0.0 0.0 0.0
0 0.241699 0.177941 0.016602 0.023529 0.0 0.0 0.0 0.0 0.0 0.0 0.0 0.0 0.0 0.0 0.0 0.0 0.0 0.0 0.0
0 0.167969 0.172059 0.011719 0.020588 0.0 0.0 0.0 0.0 0.0 0.0 0.0 0.0 0.0 0.0 0.0 0.0 0.0 0.0 0.0
0 0.146973 0.116912 0.008789 0.016176 0.0 0.0 0.0 0.0 0.0 0.0 0.0 0.0 0.0 0.0 0.0 0.0 0.0 0.0 0.0
0 0.132812 0.130147 0.009766 0.016176 0.0 0.0 0.0 0.0 0.0 0.0 0.0 0.0 0.0 0.0 0.0 0.0 0.0 0.0 0.0
0 0.106445 0.127941 0.009766 0.017647 0.0 0.0 0.0 0.0 0.0 0.0 0.0 0.0 0.0 0.0 0.0 0.0 0.0 0.0 0.0
0 0.028809 0.213971 0.010742 0.019118 0.0 0.0 0.0 0.0 0.0 0.0 0.0 0.0 0.0 0.0 0.0 0.0 0.0 0.0 0.0
0 0.20166 0.172794 0.010742 0.019118 0.0 0.0 0.0 0.0 0.0 0.0 0.0 0.0 0.0 0.0 0.0 0.0 0.0 0.0 0.0