0 0.928223 0.437042 0.022461 0.033007 0.922468 0.432501 1.0 0.932408 0.432282 1.0 0.927002 0.439487 1.0 0.923165 0.445818 1.0 0.932757 0.445818 1.0
0 0.80957 0.468826 0.019531 0.028117 0.802464 0.464504 1.0 0.814117 0.463604 1.0 0.80937 0.468826 1.0 0.807212 0.477652 1.0 0.812679 0.476751 1.0
0 0.544434 0.479829 0.016602 0.025672 0.0 0.0 0.0 0.0 0.0 0.0 0.0 0.0 0.0 0.0 0.0 0.0 0.0 0.0 0.0
0 0.582031 0.464548 0.011719 0.01956 0.0 0.0 0.0 0.0 0.0 0.0 0.0 0.0 0.0 0.0 0.0 0.0 0.0 0.0 0.0
0 0.134277 0.474328 0.012695 0.026895 0.0 0.0 0.0 0.0 0.0 0.0 0.0 0.0 0.0 0.0 0.0 0.0 0.0 0.0 0.0
0 0.339355 0.22555 0.014648 0.025672 0.0 0.0 0.0 0.0 0.0 0.0 0.0 0.0 0.0 0.0 0.0 0.0 0.0 0.0 0.0
0 0.357422 0.22555 0.013672 0.028117 0.0 0.0 0.0 0.0 0.0 0.0 0.0 0.0 0.0 0.0 0.0 0.0 0.0 0.0 0.0
0 0.265137 0.507946 0.020508 0.042787 0.0 0.0 0.0 0.0 0.0 0.0 0.0 0.0 0.0 0.0 0.0 0.0 0.0 0.0 0.0
0 0.427734 0.460269 0.015625 0.028117 0.0 0.0 0.0 0.0 0.0 0.0 0.0 0.0 0.0 0.0 0.0 0.0 0.0 0.0 0.0
0 0.65918 0.353912 0.023438 0.040342 0.0 0.0 0.0 0.0 0.0 0.0 0.0 0.0 0.0 0.0 0.0 0.0 0.0 0.0 0.0
0 0.155273 0.466993 0.009766 0.017115 0.0 0.0 0.0 0.0 0.0 0.0 0.0 0.0 0.0 0.0 0.0 0.0 0.0 0.0 0.0
0 0.171875 0.463936 0.007812 0.015892 0.0 0.0 0.0 0.0 0.0 0.0 0.0 0.0 0.0 0.0 0.0 0.0 0.0 0.0 0.0