0 0.367676 0.27948 0.071289 0.052632 0.34154 0.266605 1.0 0.371543 0.263304 1.0 0.353638 0.276509 1.0 0.348314 0.285093 1.0 0.375898 0.283112 1.0
0 0.60791 0.243837 0.077148 0.05463 0.602853 0.232717 1.0 0.633458 0.234457 1.0 0.629887 0.238981 1.0 0.613055 0.251508 1.0 0.636519 0.253248 1.0
0 0.864258 0.585943 0.09375 0.075283 0.849121 0.573237 1.0 0.897252 0.577044 1.0 0.874232 0.588465 1.0 0.844238 0.602265 1.0 0.883998 0.605596 1.0
0 0.788574 0.537642 0.016602 0.015989 0.783744 0.537035 1.0 0.791451 0.536529 1.0 0.786264 0.54027 1.0 0.784484 0.543406 1.0 0.790414 0.543507 1.0
0 0.810059 0.538641 0.016602 0.016656 0.0 0.0 0.0 0.0 0.0 0.0 0.0 0.0 0.0 0.0 0.0 0.0 0.0 0.0 0.0
0 0.794922 0.513324 0.013672 0.012658 0.0 0.0 0.0 0.0 0.0 0.0 0.0 0.0 0.0 0.0 0.0 0.0 0.0 0.0 0.0
0 0.796875 0.500666 0.013672 0.011326 0.0 0.0 0.0 0.0 0.0 0.0 0.0 0.0 0.0 0.0 0.0 0.0 0.0 0.0 0.0
0 0.780273 0.501332 0.011719 0.009993 0.0 0.0 0.0 0.0 0.0 0.0 0.0 0.0 0.0 0.0 0.0 0.0 0.0 0.0 0.0
0 0.922852 0.577948 0.017578 0.015323 0.0 0.0 0.0 0.0 0.0 0.0 0.0 0.0 0.0 0.0 0.0 0.0 0.0 0.0 0.0
0 0.951172 0.560959 0.019531 0.017322 0.0 0.0 0.0 0.0 0.0 0.0 0.0 0.0 0.0 0.0 0.0 0.0 0.0 0.0 0.0
0 0.945312 0.538641 0.013672 0.011326 0.0 0.0 0.0 0.0 0.0 0.0 0.0 0.0 0.0 0.0 0.0 0.0 0.0 0.0 0.0
0 0.947754 0.522318 0.012695 0.009327 0.0 0.0 0.0 0.0 0.0 0.0 0.0 0.0 0.0 0.0 0.0 0.0 0.0 0.0 0.0
0 0.930664 0.520986 0.011719 0.009327 0.0 0.0 0.0 0.0 0.0 0.0 0.0 0.0 0.0 0.0 0.0 0.0 0.0 0.0 0.0
0 0.864746 0.516322 0.010742 0.009327 0.0 0.0 0.0 0.0 0.0 0.0 0.0 0.0 0.0 0.0 0.0 0.0 0.0 0.0 0.0
0 0.968262 0.513324 0.008789 0.008661 0.0 0.0 0.0 0.0 0.0 0.0 0.0 0.0 0.0 0.0 0.0 0.0 0.0 0.0 0.0
0 0.994629 0.513991 0.010742 0.009993 0.0 0.0 0.0 0.0 0.0 0.0 0.0 0.0 0.0 0.0 0.0 0.0 0.0 0.0 0.0
0 0.981934 0.51499 0.012695 0.011992 0.0 0.0 0.0 0.0 0.0 0.0 0.0 0.0 0.0 0.0 0.0 0.0 0.0 0.0 0.0
0 0.994629 0.533977 0.010742 0.020653 0.0 0.0 0.0 0.0 0.0 0.0 0.0 0.0 0.0 0.0 0.0 0.0 0.0 0.0 0.0
0 0.161133 0.56962 0.070312 0.051965 0.141941 0.566009 1.0 0.17743 0.561756 1.0 0.162562 0.571572 1.0 0.155369 0.585312 1.0 0.17647 0.581714 1.0
0 0.023926 0.556962 0.030273 0.025316 0.022479 0.554338 1.0 0.034707 0.554502 1.0 0.030631 0.559901 1.0 0.023917 0.564317 1.0 0.03183 0.564317 1.0
0 0.051758 0.563624 0.027344 0.023984 0.048096 0.562078 1.0 0.060338 0.562542 1.0 0.05467 0.567336 1.0 0.045375 0.568883 1.0 0.054217 0.569501 1.0
0 0.081543 0.553964 0.018555 0.015323 0.0 0.0 0.0 0.0 0.0 0.0 0.0 0.0 0.0 0.0 0.0 0.0 0.0 0.0 0.0
0 0.197754 0.5503 0.022461 0.026649 0.190556 0.546237 1.0 0.196271 0.546576 1.0 0.192793 0.551831 1.0 0.192047 0.557087 1.0 0.198011 0.556917 1.0
0 0.088379 0.571286 0.024414 0.016656 0.0 0.0 0.0 0.0 0.0 0.0 0.0 0.0 0.0 0.0 0.0 0.0 0.0 0.0 0.0
0 0.094238 0.542305 0.016602 0.01066 0.0 0.0 0.0 0.0 0.0 0.0 0.0 0.0 0.0 0.0 0.0 0.0 0.0 0.0 0.0
0 0.220703 0.547968 0.013672 0.012658 0.0 0.0 0.0 0.0 0.0 0.0 0.0 0.0 0.0 0.0 0.0 0.0 0.0 0.0 0.0