0 0.051758 0.355316 0.044922 0.061911 0.044364 0.338505 1.0 0.063354 0.343264 1.0 0.052708 0.359522 1.0 0.044076 0.369039 1.0 0.057024 0.371023 1.0
0 0.137695 0.316285 0.039062 0.056528 0.129098 0.301505 1.0 0.145316 0.301144 1.0 0.137992 0.317007 1.0 0.128837 0.328542 1.0 0.146101 0.327462 1.0
0 0.182129 0.351952 0.040039 0.068641 0.173828 0.343203 1.0 0.191406 0.341857 1.0 0.18457 0.3607 1.0 0.174805 0.371467 1.0 0.193359 0.371467 1.0
0 0.237305 0.335128 0.03125 0.051144 0.234009 0.322798 1.0 0.248134 0.327665 1.0 0.241071 0.338373 1.0 0.23189 0.34324 1.0 0.245073 0.347458 1.0
0 0.29541 0.374832 0.043945 0.063257 0.27635 0.363945 1.0 0.287911 0.369665 1.0 0.275164 0.379879 1.0 0.281982 0.392136 1.0 0.291766 0.39663 1.0
0 0.447754 0.220054 0.004883 0.009421 0.447266 0.220727 1.0 0.450195 0.220727 1.0 0.449219 0.222073 1.0 0.447266 0.224764 1.0 0.450195 0.22611 1.0
0 0.474121 0.217362 0.004883 0.006729 0.0 0.0 0.0 0.0 0.0 0.0 0.0 0.0 0.0 0.0 0.0 0.0 0.0 0.0 0.0
0 0.499512 0.217362 0.004883 0.009421 0.0 0.0 0.0 0.0 0.0 0.0 0.0 0.0 0.0 0.0 0.0 0.0 0.0 0.0 0.0
0 0.670898 0.208614 0.003906 0.010767 0.0 0.0 0.0 0.0 0.0 0.0 0.0 0.0 0.0 0.0 0.0 0.0 0.0 0.0 0.0
0 0.687988 0.216016 0.004883 0.009421 0.0 0.0 0.0 0.0 0.0 0.0 0.0 0.0 0.0 0.0 0.0 0.0 0.0 0.0 0.0
0 0.696289 0.21467 0.003906 0.006729 0.0 0.0 0.0 0.0 0.0 0.0 0.0 0.0 0.0 0.0 0.0 0.0 0.0 0.0 0.0
0 0.704102 0.222746 0.003906 0.012113 0.0 0.0 0.0 0.0 0.0 0.0 0.0 0.0 0.0 0.0 0.0 0.0 0.0 0.0 0.0
0 0.712402 0.224092 0.004883 0.009421 0.0 0.0 0.0 0.0 0.0 0.0 0.0 0.0 0.0 0.0 0.0 0.0 0.0 0.0 0.0
0 0.724121 0.223419 0.004883 0.010767 0.0 0.0 0.0 0.0 0.0 0.0 0.0 0.0 0.0 0.0 0.0 0.0 0.0 0.0 0.0
0 0.737793 0.222073 0.004883 0.010767 0.0 0.0 0.0 0.0 0.0 0.0 0.0 0.0 0.0 0.0 0.0 0.0 0.0 0.0 0.0
0 0.76709 0.2214 0.004883 0.009421 0.0 0.0 0.0 0.0 0.0 0.0 0.0 0.0 0.0 0.0 0.0 0.0 0.0 0.0 0.0
0 0.786133 0.224092 0.005859 0.009421 0.0 0.0 0.0 0.0 0.0 0.0 0.0 0.0 0.0 0.0 0.0 0.0 0.0 0.0 0.0
0 0.799316 0.220727 0.004883 0.008075 0.0 0.0 0.0 0.0 0.0 0.0 0.0 0.0 0.0 0.0 0.0 0.0 0.0 0.0 0.0
0 0.804199 0.232167 0.004883 0.009421 0.0 0.0 0.0 0.0 0.0 0.0 0.0 0.0 0.0 0.0 0.0 0.0 0.0 0.0 0.0
0 0.852539 0.228129 0.003906 0.009421 0.0 0.0 0.0 0.0 0.0 0.0 0.0 0.0 0.0 0.0 0.0 0.0 0.0 0.0 0.0
0 0.871094 0.227456 0.005859 0.010767 0.0 0.0 0.0 0.0 0.0 0.0 0.0 0.0 0.0 0.0 0.0 0.0 0.0 0.0 0.0
0 0.905273 0.231494 0.003906 0.008075 0.0 0.0 0.0 0.0 0.0 0.0 0.0 0.0 0.0 0.0 0.0 0.0 0.0 0.0 0.0
0 0.933594 0.226783 0.003906 0.009421 0.0 0.0 0.0 0.0 0.0 0.0 0.0 0.0 0.0 0.0 0.0 0.0 0.0 0.0 0.0
0 0.953613 0.231494 0.004883 0.008075 0.0 0.0 0.0 0.0 0.0 0.0 0.0 0.0 0.0 0.0 0.0 0.0 0.0 0.0 0.0
0 0.99707 0.236878 0.005859 0.010767 0.0 0.0 0.0 0.0 0.0 0.0 0.0 0.0 0.0 0.0 0.0 0.0 0.0 0.0 0.0
0 0.368164 0.33109 0.035156 0.053836 0.361328 0.321669 1.0 0.37793 0.321669 1.0 0.371094 0.329744 1.0 0.365234 0.345895 1.0 0.37793 0.345895 1.0
0 0.452148 0.33109 0.03125 0.059219 0.442383 0.321669 1.0 0.452148 0.321669 1.0 0.442383 0.329744 1.0 0.444336 0.341857 1.0 0.450195 0.340511 1.0
0 0.446777 0.382234 0.040039 0.067295 0.436693 0.375163 1.0 0.453408 0.369616 1.0 0.445979 0.387534 1.0 0.441027 0.401184 1.0 0.454337 0.398626 1.0
0 0.498047 0.379542 0.037109 0.064603 0.493081 0.369207 1.0 0.508854 0.368805 1.0 0.502721 0.382493 1.0 0.494542 0.394569 1.0 0.506518 0.394569 1.0
0 0.50293 0.333782 0.021484 0.034993 0.500672 0.325106 1.0 0.509221 0.32555 1.0 0.505511 0.330441 1.0 0.502284 0.336221 1.0 0.506962 0.336888 1.0
0 0.599121 0.340511 0.03418 0.064603 0.591038 0.33219 1.0 0.595128 0.332592 1.0 0.582275 0.342254 1.0 0.586657 0.355136 1.0 0.593667 0.355136 1.0
0 0.580078 0.428668 0.033203 0.055182 0.572645 0.419168 1.0 0.588335 0.420231 1.0 0.581391 0.436538 1.0 0.575731 0.445755 1.0 0.586792 0.44611 1.0
0 0.660645 0.327725 0.024414 0.049798 0.650939 0.317536 1.0 0.656023 0.31849 1.0 0.650247 0.326133 1.0 0.648398 0.336642 1.0 0.656254 0.338553 1.0
0 0.727539 0.386272 0.037109 0.061911 0.721667 0.37896 1.0 0.738386 0.380132 1.0 0.730168 0.395754 1.0 0.722517 0.405127 1.0 0.735552 0.405127 1.0
0 0.759766 0.347241 0.03125 0.056528 0.746757 0.334262 1.0 0.760097 0.336425 1.0 0.748326 0.347241 1.0 0.747279 0.357696 1.0 0.754604 0.360219 1.0
0 0.833008 0.36541 0.037109 0.063257 0.824925 0.358026 1.0 0.839822 0.359637 1.0 0.834564 0.372921 1.0 0.828723 0.384192 1.0 0.83953 0.384595 1.0
0 0.920898 0.334455 0.033203 0.05249 0.91034 0.325202 1.0 0.924966 0.325863 1.0 0.914176 0.33842 1.0 0.9101 0.350318 1.0 0.92089 0.350647 1.0
0 0.962891 0.35397 0.041016 0.067295 0.948962 0.348178 1.0 0.966915 0.347324 1.0 0.954533 0.361402 1.0 0.952366 0.372067 1.0 0.962581 0.373347 1.0
0 0.98291 0.410498 0.03418 0.067295 0.973354 0.401798 1.0 0.991246 0.400933 1.0 0.982457 0.418669 1.0 0.977748 0.427754 1.0 0.996269 0.423861 1.0
0 0.225586 0.136608 0.035156 0.071332 0.217521 0.123042 1.0 0.233329 0.125264 1.0 0.22494 0.134602 1.0 0.217198 0.148385 1.0 0.233329 0.150608 1.0