0 0.699219 0.456808 0.070312 0.158126 0.687291 0.427526 1.0 0.725063 0.427526 1.0 0.713135 0.45137 1.0 0.687291 0.483163 1.0 0.71711 0.485149 1.0
0 0.898438 0.485359 0.078125 0.15959 0.901284 0.459893 1.0 0.931301 0.472895 1.0 0.923296 0.493895 1.0 0.888611 0.514896 1.0 0.91129 0.527898 1.0
0 0.780762 0.420937 0.045898 0.080527 0.77124 0.408843 1.0 0.791807 0.412123 1.0 0.780596 0.426018 1.0 0.770391 0.439195 1.0 0.78749 0.44205 1.0
0 0.943359 0.43265 0.050781 0.115666 0.0 0.0 0.0 0.0 0.0 0.0 0.0 0.0 0.0 0.0 0.0 0.0 0.0 0.0 0.0
0 0.989746 0.396047 0.012695 0.019034 0.990012 0.394583 1.0 0.994733 0.395079 1.0 0.992663 0.397811 1.0 0.990923 0.401662 1.0 0.993905 0.401786 1.0
0 0.619629 0.38653 0.014648 0.026354 0.615252 0.381496 1.0 0.622279 0.381327 1.0 0.618652 0.384896 1.0 0.615932 0.391184 1.0 0.620126 0.391524 1.0
0 0.635742 0.360176 0.009766 0.020498 0.636261 0.358208 1.0 0.63919 0.358483 1.0 0.636993 0.361777 1.0 0.635803 0.366581 1.0 0.638458 0.366719 1.0
0 0.596191 0.387262 0.020508 0.036603 0.591483 0.384413 1.0 0.598859 0.383 1.0 0.595406 0.392413 1.0 0.59164 0.400413 1.0 0.601842 0.400177 1.0
0 0.583984 0.394583 0.015625 0.036603 0.0 0.0 0.0 0.0 0.0 0.0 0.0 0.0 0.0 0.0 0.0 0.0 0.0 0.0 0.0
0 0.568359 0.380673 0.011719 0.023426 0.0 0.0 0.0 0.0 0.0 0.0 0.0 0.0 0.0 0.0 0.0 0.0 0.0 0.0 0.0
0 0.604492 0.363104 0.009766 0.01757 0.0 0.0 0.0 0.0 0.0 0.0 0.0 0.0 0.0 0.0 0.0 0.0 0.0 0.0 0.0
0 0.554688 0.357247 0.007812 0.01757 0.0 0.0 0.0 0.0 0.0 0.0 0.0 0.0 0.0 0.0 0.0 0.0 0.0 0.0 0.0
0 0.54248 0.362372 0.008789 0.016105 0.0 0.0 0.0 0.0 0.0 0.0 0.0 0.0 0.0 0.0 0.0 0.0 0.0 0.0 0.0
0 0.535156 0.393119 0.019531 0.04246 0.536813 0.385758 1.0 0.542354 0.384419 1.0 0.543069 0.395943 1.0 0.536813 0.403447 1.0 0.541817 0.402373 1.0
0 0.53125 0.362372 0.011719 0.019034 0.0 0.0 0.0 0.0 0.0 0.0 0.0 0.0 0.0 0.0 0.0 0.0 0.0 0.0 0.0
0 0.522949 0.35798 0.004883 0.010249 0.0 0.0 0.0 0.0 0.0 0.0 0.0 0.0 0.0 0.0 0.0 0.0 0.0 0.0 0.0
0 0.505859 0.366032 0.013672 0.026354 0.0 0.0 0.0 0.0 0.0 0.0 0.0 0.0 0.0 0.0 0.0 0.0 0.0 0.0 0.0
0 0.466797 0.359444 0.019531 0.045388 0.469378 0.350659 1.0 0.474174 0.352959 1.0 0.473981 0.360149 1.0 0.466692 0.368202 1.0 0.470146 0.371653 1.0
0 0.489258 0.378477 0.013672 0.027818 0.489746 0.374817 1.0 0.494507 0.374817 1.0 0.494141 0.38049 1.0 0.490479 0.386896 1.0 0.493042 0.386713 1.0
0 0.493164 0.358712 0.007812 0.014641 0.0 0.0 0.0 0.0 0.0 0.0 0.0 0.0 0.0 0.0 0.0 0.0 0.0 0.0 0.0
0 0.428223 0.358712 0.014648 0.035139 0.430551 0.354136 1.0 0.435591 0.353247 1.0 0.434257 0.360359 1.0 0.428624 0.368804 1.0 0.433663 0.368581 1.0
0 0.365234 0.349927 0.017578 0.035139 0.360107 0.343574 1.0 0.367371 0.344018 1.0 0.362924 0.350463 1.0 0.360256 0.35713 1.0 0.365295 0.357796 1.0
0 0.38623 0.362372 0.012695 0.02489 0.383179 0.359757 1.0 0.38852 0.359594 1.0 0.384486 0.365149 1.0 0.38623 0.371523 1.0 0.386448 0.371032 1.0
0 0.397461 0.352855 0.007812 0.014641 0.0 0.0 0.0 0.0 0.0 0.0 0.0 0.0 0.0 0.0 0.0 0.0 0.0 0.0 0.0
0 0.317871 0.359444 0.022461 0.04246 0.313721 0.350202 1.0 0.324341 0.350476 1.0 0.31958 0.35981 1.0 0.315369 0.370242 1.0 0.323975 0.369968 1.0
0 0.307129 0.34041 0.014648 0.033675 0.0 0.0 0.0 0.0 0.0 0.0 0.0 0.0 0.0 0.0 0.0 0.0 0.0 0.0 0.0
0 0.223145 0.385798 0.032227 0.054173 0.215847 0.374477 1.0 0.230678 0.376594 1.0 0.222203 0.381889 1.0 0.215376 0.397066 1.0 0.22903 0.398479 1.0
0 0.228516 0.330161 0.025391 0.048316 0.225363 0.325553 1.0 0.237658 0.326167 1.0 0.23356 0.335384 1.0 0.227617 0.343985 1.0 0.237453 0.343678 1.0
0 0.250488 0.336018 0.010742 0.02489 0.247166 0.33422 1.0 0.252725 0.333567 1.0 0.249673 0.339612 1.0 0.247929 0.344515 1.0 0.25109 0.344187 1.0
0 0.240723 0.317716 0.008789 0.020498 0.0 0.0 0.0 0.0 0.0 0.0 0.0 0.0 0.0 0.0 0.0 0.0 0.0 0.0 0.0
0 0.259277 0.330161 0.010742 0.021962 0.0 0.0 0.0 0.0 0.0 0.0 0.0 0.0 0.0 0.0 0.0 0.0 0.0 0.0 0.0
0 0.271973 0.327233 0.006836 0.016105 0.0 0.0 0.0 0.0 0.0 0.0 0.0 0.0 0.0 0.0 0.0 0.0 0.0 0.0 0.0
0 0.210938 0.344802 0.005859 0.013177 0.0 0.0 0.0 0.0 0.0 0.0 0.0 0.0 0.0 0.0 0.0 0.0 0.0 0.0 0.0
0 0.212891 0.329429 0.005859 0.014641 0.0 0.0 0.0 0.0 0.0 0.0 0.0 0.0 0.0 0.0 0.0 0.0 0.0 0.0 0.0
0 0.184082 0.325769 0.012695 0.016105 0.182674 0.322676 1.0 0.188141 0.321187 1.0 0.186401 0.327148 1.0 0.18433 0.330625 1.0 0.188721 0.329384 1.0
0 0.161621 0.346999 0.014648 0.029283 0.0 0.0 0.0 0.0 0.0 0.0 0.0 0.0 0.0 0.0 0.0 0.0 0.0 0.0 0.0
0 0.185059 0.342606 0.012695 0.011713 0.0 0.0 0.0 0.0 0.0 0.0 0.0 0.0 0.0 0.0 0.0 0.0 0.0 0.0 0.0
0 0.120605 0.328697 0.016602 0.027818 0.117763 0.327461 1.0 0.120353 0.327461 1.0 0.116468 0.333816 1.0 0.117057 0.338757 1.0 0.121059 0.338757 1.0
0 0.108887 0.316984 0.014648 0.02489 0.0 0.0 0.0 0.0 0.0 0.0 0.0 0.0 0.0 0.0 0.0 0.0 0.0 0.0 0.0
0 0.085449 0.316984 0.014648 0.030747 0.0 0.0 0.0 0.0 0.0 0.0 0.0 0.0 0.0 0.0 0.0 0.0 0.0 0.0 0.0
0 0.0625 0.309663 0.009766 0.016105 0.0 0.0 0.0 0.0 0.0 0.0 0.0 0.0 0.0 0.0 0.0 0.0 0.0 0.0 0.0
0 0.057617 0.353587 0.011719 0.021962 0.0 0.0 0.0 0.0 0.0 0.0 0.0 0.0 0.0 0.0 0.0 0.0 0.0 0.0 0.0
0 0.033203 0.300146 0.009766 0.01757 0.0 0.0 0.0 0.0 0.0 0.0 0.0 0.0 0.0 0.0 0.0 0.0 0.0 0.0 0.0
0 0.01416 0.29795 0.010742 0.019034 0.0 0.0 0.0 0.0 0.0 0.0 0.0 0.0 0.0 0.0 0.0 0.0 0.0 0.0 0.0
0 0.006348 0.36164 0.012695 0.061493 0.0 0.0 0.0 0.0 0.0 0.0 0.0 0.0 0.0 0.0 0.0 0.0 0.0 0.0 0.0
0 0.022949 0.311859 0.006836 0.014641 0.0 0.0 0.0 0.0 0.0 0.0 0.0 0.0 0.0 0.0 0.0 0.0 0.0 0.0 0.0
0 0.179199 0.309663 0.004883 0.010249 0.0 0.0 0.0 0.0 0.0 0.0 0.0 0.0 0.0 0.0 0.0 0.0 0.0 0.0 0.0
0 0.166016 0.31918 0.007812 0.014641 0.0 0.0 0.0 0.0 0.0 0.0 0.0 0.0 0.0 0.0 0.0 0.0 0.0 0.0 0.0
0 0.534668 0.348463 0.004883 0.008785 0.0 0.0 0.0 0.0 0.0 0.0 0.0 0.0 0.0 0.0 0.0 0.0 0.0 0.0 0.0
0 0.532227 0.336018 0.003906 0.007321 0.0 0.0 0.0 0.0 0.0 0.0 0.0 0.0 0.0 0.0 0.0 0.0 0.0 0.0 0.0
0 0.543457 0.336018 0.006836 0.013177 0.0 0.0 0.0 0.0 0.0 0.0 0.0 0.0 0.0 0.0 0.0 0.0 0.0 0.0 0.0