0 0.175781 0.554985 0.0625 0.121701 0.15285 0.550456 1.0 0.175293 0.545094 1.0 0.161011 0.565773 1.0 0.15744 0.587217 1.0 0.181414 0.581091 1.0
0 0.130859 0.505865 0.021484 0.035191 0.0 0.0 0.0 0.0 0.0 0.0 0.0 0.0 0.0 0.0 0.0 0.0 0.0 0.0 0.0
0 0.376953 0.585777 0.037109 0.060117 0.0 0.0 0.0 0.0 0.0 0.0 0.0 0.0 0.0 0.0 0.0 0.0 0.0 0.0 0.0
0 0.473633 0.502933 0.099609 0.202346 0.458105 0.490103 1.0 0.502471 0.494194 1.0 0.482998 0.525161 1.0 0.458701 0.550176 1.0 0.496953 0.553504 1.0
0 0.600098 0.519795 0.030273 0.06305 0.594796 0.517438 1.0 0.6075 0.517438 1.0 0.601014 0.528396 1.0 0.593715 0.534484 1.0 0.60696 0.534484 1.0
0 0.652832 0.465543 0.010742 0.024927 0.0 0.0 0.0 0.0 0.0 0.0 0.0 0.0 0.0 0.0 0.0 0.0 0.0 0.0 0.0
0 0.666504 0.460411 0.010742 0.017595 0.0 0.0 0.0 0.0 0.0 0.0 0.0 0.0 0.0 0.0 0.0 0.0 0.0 0.0 0.0
0 0.836914 0.486804 0.015625 0.02346 0.0 0.0 0.0 0.0 0.0 0.0 0.0 0.0 0.0 0.0 0.0 0.0 0.0 0.0 0.0
0 0.850586 0.449413 0.015625 0.024927 0.0 0.0 0.0 0.0 0.0 0.0 0.0 0.0 0.0 0.0 0.0 0.0 0.0 0.0 0.0
0 0.899902 0.460411 0.010742 0.017595 0.0 0.0 0.0 0.0 0.0 0.0 0.0 0.0 0.0 0.0 0.0 0.0 0.0 0.0 0.0
0 0.949707 0.456012 0.012695 0.02346 0.0 0.0 0.0 0.0 0.0 0.0 0.0 0.0 0.0 0.0 0.0 0.0 0.0 0.0 0.0
0 0.977051 0.435484 0.012695 0.020528 0.0 0.0 0.0 0.0 0.0 0.0 0.0 0.0 0.0 0.0 0.0 0.0 0.0 0.0 0.0
0 0.673828 0.541056 0.019531 0.038123 0.0 0.0 0.0 0.0 0.0 0.0 0.0 0.0 0.0 0.0 0.0 0.0 0.0 0.0 0.0
0 0.697754 0.508065 0.018555 0.027859 0.0 0.0 0.0 0.0 0.0 0.0 0.0 0.0 0.0 0.0 0.0 0.0 0.0 0.0 0.0