0 0.928711 0.605954 0.025391 0.059545 0.921173 0.590138 1.0 0.924805 0.593587 1.0 0.917541 0.602014 1.0 0.920532 0.616954 1.0 0.924591 0.618487 1.0
0 0.983887 0.769702 0.032227 0.061296 0.974426 0.753776 1.0 0.98703 0.757224 1.0 0.977417 0.776762 1.0 0.97464 0.782891 1.0 0.984894 0.786723 1.0
0 0.839355 0.578809 0.026367 0.054291 0.830823 0.568965 1.0 0.838278 0.575299 1.0 0.830432 0.580224 1.0 0.829646 0.592186 1.0 0.836709 0.595704 1.0
0 0.679199 0.630473 0.026367 0.059545 0.671178 0.62572 1.0 0.682687 0.62797 1.0 0.674944 0.636977 1.0 0.671596 0.646736 1.0 0.679757 0.647862 1.0
0 0.567871 0.624343 0.022461 0.050788 0.560103 0.613445 1.0 0.569934 0.613765 1.0 0.56475 0.628189 1.0 0.561175 0.635242 1.0 0.569934 0.633639 1.0
0 0.775879 0.438704 0.012695 0.029772 0.77948 0.435779 1.0 0.780134 0.435585 1.0 0.781878 0.441252 1.0 0.77948 0.446335 1.0 0.779916 0.446531 1.0
0 0.79248 0.429072 0.012695 0.031524 0.0 0.0 0.0 0.0 0.0 0.0 0.0 0.0 0.0 0.0 0.0 0.0 0.0 0.0 0.0
0 0.921875 0.451839 0.013672 0.031524 0.0 0.0 0.0 0.0 0.0 0.0 0.0 0.0 0.0 0.0 0.0 0.0 0.0 0.0 0.0
0 0.993164 0.47373 0.013672 0.036778 0.989318 0.468343 1.0 0.995671 0.468585 1.0 0.992021 0.478039 1.0 0.992428 0.486037 1.0 0.997022 0.486037 1.0
0 0.972656 0.394921 0.011719 0.022767 0.0 0.0 0.0 0.0 0.0 0.0 0.0 0.0 0.0 0.0 0.0 0.0 0.0 0.0 0.0
0 0.882324 0.390543 0.014648 0.024518 0.0 0.0 0.0 0.0 0.0 0.0 0.0 0.0 0.0 0.0 0.0 0.0 0.0 0.0 0.0
0 0.864258 0.449212 0.009766 0.022767 0.864267 0.445944 1.0 0.869733 0.445053 1.0 0.867745 0.450846 1.0 0.865675 0.45649 1.0 0.868905 0.456194 1.0
0 0.864746 0.421191 0.010742 0.02627 0.0 0.0 0.0 0.0 0.0 0.0 0.0 0.0 0.0 0.0 0.0 0.0 0.0 0.0 0.0
0 0.809082 0.385289 0.012695 0.028021 0.806488 0.381716 1.0 0.811201 0.379378 1.0 0.809696 0.384772 1.0 0.809195 0.391067 1.0 0.812104 0.389807 1.0
0 0.901367 0.336252 0.009766 0.021016 0.0 0.0 0.0 0.0 0.0 0.0 0.0 0.0 0.0 0.0 0.0 0.0 0.0 0.0 0.0
0 0.654785 0.201401 0.016602 0.035026 0.0 0.0 0.0 0.0 0.0 0.0 0.0 0.0 0.0 0.0 0.0 0.0 0.0 0.0 0.0
0 0.600586 0.216287 0.017578 0.033275 0.596802 0.211252 1.0 0.604248 0.210814 1.0 0.600586 0.219571 1.0 0.598145 0.226576 1.0 0.603516 0.226795 1.0
0 0.54834 0.209282 0.016602 0.033275 0.0 0.0 0.0 0.0 0.0 0.0 0.0 0.0 0.0 0.0 0.0 0.0 0.0 0.0 0.0
0 0.495605 0.417688 0.012695 0.029772 0.0 0.0 0.0 0.0 0.0 0.0 0.0 0.0 0.0 0.0 0.0 0.0 0.0 0.0 0.0
0 0.449707 0.418564 0.012695 0.024518 0.448076 0.417532 1.0 0.453447 0.416844 1.0 0.450379 0.42424 1.0 0.448269 0.429056 1.0 0.452584 0.428884 1.0
0 0.522461 0.409807 0.013672 0.024518 0.0 0.0 0.0 0.0 0.0 0.0 0.0 0.0 0.0 0.0 0.0 0.0 0.0 0.0 0.0
0 0.472168 0.643608 0.024414 0.050788 0.463379 0.638792 1.0 0.474914 0.640762 1.0 0.468322 0.656851 1.0 0.467407 0.66145 1.0 0.476014 0.662764 1.0
0 0.395996 0.517513 0.016602 0.04028 0.0 0.0 0.0 0.0 0.0 0.0 0.0 0.0 0.0 0.0 0.0 0.0 0.0 0.0 0.0
0 0.325195 0.604203 0.023438 0.049037 0.32087 0.597135 1.0 0.330462 0.596198 1.0 0.325928 0.609019 1.0 0.321742 0.617151 1.0 0.330636 0.616212 1.0
0 0.343262 0.487741 0.022461 0.04028 0.335235 0.484644 1.0 0.345307 0.483096 1.0 0.339552 0.492643 1.0 0.338257 0.499867 1.0 0.343868 0.498835 1.0
0 0.306152 0.487741 0.016602 0.033275 0.301392 0.486646 1.0 0.308105 0.485989 1.0 0.304932 0.493651 1.0 0.304199 0.501532 1.0 0.308105 0.501313 1.0
0 0.334961 0.452715 0.015625 0.04028 0.0 0.0 0.0 0.0 0.0 0.0 0.0 0.0 0.0 0.0 0.0 0.0 0.0 0.0 0.0
0 0.302734 0.454466 0.013672 0.033275 0.29885 0.451088 1.0 0.30297 0.450877 1.0 0.300498 0.456788 1.0 0.298968 0.461221 1.0 0.302853 0.460799 1.0
0 0.202148 0.619089 0.023438 0.043783 0.19458 0.615399 1.0 0.203212 0.615117 1.0 0.198347 0.624124 1.0 0.196307 0.628909 1.0 0.204154 0.628909 1.0
0 0.19043 0.486865 0.015625 0.035026 0.0 0.0 0.0 0.0 0.0 0.0 0.0 0.0 0.0 0.0 0.0 0.0 0.0 0.0 0.0
0 0.20752 0.464974 0.014648 0.029772 0.205147 0.461658 1.0 0.212263 0.46241 1.0 0.208915 0.470291 1.0 0.206612 0.475168 1.0 0.210065 0.475545 1.0
0 0.090332 0.588441 0.022461 0.045534 0.084708 0.580452 1.0 0.096139 0.581046 1.0 0.089016 0.590849 1.0 0.084211 0.59887 1.0 0.092163 0.599466 1.0
0 0.090332 0.460595 0.016602 0.035026 0.0 0.0 0.0 0.0 0.0 0.0 0.0 0.0 0.0 0.0 0.0 0.0 0.0 0.0 0.0
0 0.023926 0.57268 0.020508 0.035026 0.021764 0.564776 1.0 0.022439 0.564291 1.0 0.018655 0.576651 1.0 0.025818 0.580287 1.0 0.026224 0.580287 1.0
0 0.217773 0.432574 0.009766 0.024518 0.0 0.0 0.0 0.0 0.0 0.0 0.0 0.0 0.0 0.0 0.0 0.0 0.0 0.0 0.0
0 0.224609 0.418564 0.011719 0.028021 0.0 0.0 0.0 0.0 0.0 0.0 0.0 0.0 0.0 0.0 0.0 0.0 0.0 0.0 0.0
0 0.291504 0.378284 0.008789 0.017513 0.0 0.0 0.0 0.0 0.0 0.0 0.0 0.0 0.0 0.0 0.0 0.0 0.0 0.0 0.0
0 0.343262 0.376532 0.008789 0.021016 0.0 0.0 0.0 0.0 0.0 0.0 0.0 0.0 0.0 0.0 0.0 0.0 0.0 0.0 0.0
0 0.418945 0.401051 0.011719 0.024518 0.0 0.0 0.0 0.0 0.0 0.0 0.0 0.0 0.0 0.0 0.0 0.0 0.0 0.0 0.0
0 0.547363 0.445709 0.018555 0.036778 0.0 0.0 0.0 0.0 0.0 0.0 0.0 0.0 0.0 0.0 0.0 0.0 0.0 0.0 0.0
0 0.654297 0.449212 0.015625 0.036778 0.0 0.0 0.0 0.0 0.0 0.0 0.0 0.0 0.0 0.0 0.0 0.0 0.0 0.0 0.0
0 0.186523 0.278459 0.007812 0.021016 0.0 0.0 0.0 0.0 0.0 0.0 0.0 0.0 0.0 0.0 0.0 0.0 0.0 0.0 0.0
0 0.220215 0.287215 0.008789 0.021016 0.0 0.0 0.0 0.0 0.0 0.0 0.0 0.0 0.0 0.0 0.0 0.0 0.0 0.0 0.0
0 0.200195 0.273205 0.007812 0.017513 0.0 0.0 0.0 0.0 0.0 0.0 0.0 0.0 0.0 0.0 0.0 0.0 0.0 0.0 0.0
0 0.228516 0.267951 0.007812 0.014011 0.0 0.0 0.0 0.0 0.0 0.0 0.0 0.0 0.0 0.0 0.0 0.0 0.0 0.0 0.0
0 0.942871 0.394046 0.008789 0.017513 0.0 0.0 0.0 0.0 0.0 0.0 0.0 0.0 0.0 0.0 0.0 0.0 0.0 0.0 0.0
0 0.996582 0.362522 0.006836 0.024518 0.996398 0.360662 1.0 0.998505 0.361317 1.0 0.997772 0.365422 1.0 0.994934 0.368049 1.0 0.995301 0.368214 1.0
0 0.737793 0.528021 0.016602 0.050788 0.0 0.0 0.0 0.0 0.0 0.0 0.0 0.0 0.0 0.0 0.0 0.0 0.0 0.0 0.0
0 0.827148 0.474606 0.011719 0.024518 0.0 0.0 0.0 0.0 0.0 0.0 0.0 0.0 0.0 0.0 0.0 0.0 0.0 0.0 0.0