0 0.870117 0.23112 0.066406 0.10026 0.849487 0.210647 1.0 0.883057 0.210008 1.0 0.865792 0.235585 1.0 0.859078 0.255406 1.0 0.882098 0.253488 1.0
0 0.76709 0.296224 0.075195 0.113281 0.744616 0.271199 1.0 0.774109 0.271199 1.0 0.749979 0.289789 1.0 0.747833 0.323393 1.0 0.766602 0.321964 1.0
0 0.758789 0.16276 0.056641 0.091146 0.739742 0.147147 1.0 0.766933 0.143118 1.0 0.749237 0.161534 1.0 0.748374 0.185129 1.0 0.766501 0.182251 1.0
0 0.60498 0.241536 0.071289 0.097656 0.58861 0.229719 1.0 0.617998 0.224121 1.0 0.602604 0.250866 1.0 0.597939 0.266415 1.0 0.618932 0.265793 1.0
0 0.433105 0.296875 0.086914 0.132812 0.404228 0.274275 1.0 0.429339 0.270926 1.0 0.413017 0.295201 1.0 0.419294 0.32952 1.0 0.433733 0.324497 1.0
0 0.526855 0.195964 0.067383 0.10026 0.50831 0.182025 1.0 0.540148 0.17949 1.0 0.520665 0.194062 1.0 0.512111 0.221307 1.0 0.532069 0.220674 1.0
0 0.349121 0.233073 0.069336 0.109375 0.325317 0.217203 1.0 0.354889 0.21582 1.0 0.3331 0.233113 1.0 0.330506 0.261474 1.0 0.349182 0.258708 1.0
0 0.303711 0.212891 0.060547 0.102865 0.287109 0.198568 1.0 0.306641 0.197266 1.0 0.292969 0.208333 1.0 0.288086 0.23763 1.0 0.306641 0.236328 1.0
0 0.081543 0.313151 0.041992 0.113281 0.069746 0.291115 1.0 0.068673 0.291829 1.0 0.062238 0.311134 1.0 0.072963 0.336874 1.0 0.072427 0.339018 1.0
0 0.05127 0.125 0.05957 0.106771 0.029846 0.109387 1.0 0.05331 0.099185 1.0 0.039538 0.123669 1.0 0.044639 0.150874 1.0 0.061981 0.141352 1.0
0 0.154785 0.375 0.083008 0.127604 0.131435 0.352039 1.0 0.161517 0.358457 1.0 0.138053 0.37851 1.0 0.139256 0.407389 1.0 0.154297 0.405785 1.0