0 0.487305 0.765739 0.064453 0.122987 0.490448 0.745562 1.0 0.509125 0.73234 1.0 0.518463 0.762673 1.0 0.501343 0.798454 1.0 0.512237 0.786786 1.0
0 0.420898 0.509517 0.052734 0.102489 0.0 0.0 0.0 0.0 0.0 0.0 0.0 0.0 0.0 0.0 0.0 0.0 0.0 0.0 0.0
0 0.192383 0.470717 0.054688 0.074671 0.0 0.0 0.0 0.0 0.0 0.0 0.0 0.0 0.0 0.0 0.0 0.0 0.0 0.0 0.0
0 0.069336 0.182284 0.044922 0.077599 0.0 0.0 0.0 0.0 0.0 0.0 0.0 0.0 0.0 0.0 0.0 0.0 0.0 0.0 0.0
0 0.785645 0.131772 0.038086 0.079063 0.77356 0.131302 1.0 0.787807 0.134779 1.0 0.780849 0.143223 1.0 0.776873 0.155643 1.0 0.789795 0.155643 1.0
0 0.442383 0.162518 0.033203 0.061493 0.0 0.0 0.0 0.0 0.0 0.0 0.0 0.0 0.0 0.0 0.0 0.0 0.0 0.0 0.0
0 0.645996 0.070278 0.032227 0.058565 0.633057 0.054173 1.0 0.641113 0.054173 1.0 0.630615 0.067716 1.0 0.633301 0.080893 1.0 0.640381 0.080893 1.0
0 0.700684 0.170571 0.032227 0.068814 0.0 0.0 0.0 0.0 0.0 0.0 0.0 0.0 0.0 0.0 0.0 0.0 0.0 0.0 0.0
0 0.617188 0.356515 0.0625 0.074671 0.0 0.0 0.0 0.0 0.0 0.0 0.0 0.0 0.0 0.0 0.0 0.0 0.0 0.0 0.0
0 0.721191 0.467057 0.045898 0.099561 0.0 0.0 0.0 0.0 0.0 0.0 0.0 0.0 0.0 0.0 0.0 0.0 0.0 0.0 0.0
0 0.695801 0.305271 0.03418 0.060029 0.0 0.0 0.0 0.0 0.0 0.0 0.0 0.0 0.0 0.0 0.0 0.0 0.0 0.0 0.0
0 0.817871 0.077599 0.016602 0.046852 0.0 0.0 0.0 0.0 0.0 0.0 0.0 0.0 0.0 0.0 0.0 0.0 0.0 0.0 0.0
0 0.801758 0.038067 0.027344 0.058565 0.0 0.0 0.0 0.0 0.0 0.0 0.0 0.0 0.0 0.0 0.0 0.0 0.0 0.0 0.0
0 0.86377 0.109078 0.032227 0.057101 0.0 0.0 0.0 0.0 0.0 0.0 0.0 0.0 0.0 0.0 0.0 0.0 0.0 0.0 0.0
0 0.90918 0.100293 0.027344 0.054173 0.0 0.0 0.0 0.0 0.0 0.0 0.0 0.0 0.0 0.0 0.0 0.0 0.0 0.0 0.0
0 0.777832 0.053441 0.020508 0.045388 0.0 0.0 0.0 0.0 0.0 0.0 0.0 0.0 0.0 0.0 0.0 0.0 0.0 0.0 0.0
0 0.906738 0.200586 0.02832 0.058565 0.0 0.0 0.0 0.0 0.0 0.0 0.0 0.0 0.0 0.0 0.0 0.0 0.0 0.0 0.0
0 0.93457 0.444363 0.033203 0.101025 0.931519 0.423133 1.0 0.928101 0.429539 1.0 0.917847 0.438507 1.0 0.922547 0.462848 1.0 0.9234 0.467972 1.0
0 0.976074 0.040996 0.012695 0.035139 0.0 0.0 0.0 0.0 0.0 0.0 0.0 0.0 0.0 0.0 0.0 0.0 0.0 0.0 0.0
0 0.651367 0.169839 0.013672 0.055637 0.0 0.0 0.0 0.0 0.0 0.0 0.0 0.0 0.0 0.0 0.0 0.0 0.0 0.0 0.0
0 0.786621 0.79429 0.049805 0.101025 0.0 0.0 0.0 0.0 0.0 0.0 0.0 0.0 0.0 0.0 0.0 0.0 0.0 0.0 0.0
0 0.961914 0.737921 0.048828 0.093704 0.0 0.0 0.0 0.0 0.0 0.0 0.0 0.0 0.0 0.0 0.0 0.0 0.0 0.0 0.0
0 0.665527 0.551245 0.047852 0.101025 0.0 0.0 0.0 0.0 0.0 0.0 0.0 0.0 0.0 0.0 0.0 0.0 0.0 0.0 0.0
0 0.938965 0.587116 0.057617 0.105417 0.921979 0.567114 1.0 0.933986 0.587782 1.0 0.919312 0.591116 1.0 0.912642 0.597116 1.0 0.918422 0.607783 1.0
0 0.836914 0.956808 0.035156 0.086384 0.0 0.0 0.0 0.0 0.0 0.0 0.0 0.0 0.0 0.0 0.0 0.0 0.0 0.0 0.0
0 0.302734 0.471449 0.046875 0.093704 0.0 0.0 0.0 0.0 0.0 0.0 0.0 0.0 0.0 0.0 0.0 0.0 0.0 0.0 0.0
0 0.284668 0.324305 0.040039 0.068814 0.0 0.0 0.0 0.0 0.0 0.0 0.0 0.0 0.0 0.0 0.0 0.0 0.0 0.0 0.0
0 0.995605 0.199854 0.008789 0.054173 0.0 0.0 0.0 0.0 0.0 0.0 0.0 0.0 0.0 0.0 0.0 0.0 0.0 0.0 0.0
0 0.720703 0.025622 0.019531 0.030747 0.0 0.0 0.0 0.0 0.0 0.0 0.0 0.0 0.0 0.0 0.0 0.0 0.0 0.0 0.0