0 0.172852 0.099707 0.103516 0.140762 0.0 0.0 0.0 0.0 0.0 0.0 0.0 0.0 0.0 0.0 0.0 0.0 0.0 0.0 0.0
0 0.245117 0.129765 0.041016 0.08651 0.234009 0.125183 1.0 0.252319 0.120784 1.0 0.248657 0.13728 1.0 0.239868 0.155975 1.0 0.256714 0.149377 1.0
0 0.393066 0.133431 0.05957 0.129032 0.394213 0.122062 1.0 0.416557 0.113878 1.0 0.416012 0.144152 1.0 0.402933 0.170337 1.0 0.417646 0.16379 1.0
0 0.506836 0.118035 0.033203 0.083578 0.513323 0.11416 1.0 0.518555 0.113636 1.0 0.525182 0.12568 1.0 0.518206 0.143485 1.0 0.519252 0.142962 1.0
0 0.652832 0.154692 0.045898 0.124633 0.647112 0.126466 1.0 0.666992 0.120182 1.0 0.676409 0.142962 1.0 0.656006 0.183808 1.0 0.656006 0.183808 1.0
0 0.937988 0.189883 0.051758 0.089443 0.929627 0.172261 1.0 0.955122 0.172824 1.0 0.940874 0.193652 1.0 0.929252 0.211667 1.0 0.950997 0.212793 1.0
0 0.970215 0.082111 0.053711 0.099707 0.960938 0.076246 1.0 0.983398 0.079179 1.0 0.970703 0.095308 1.0 0.959961 0.111437 1.0 0.976562 0.111437 1.0
0 0.873047 0.09824 0.023438 0.041056 0.876134 0.095361 1.0 0.880424 0.094287 1.0 0.881139 0.106632 1.0 0.872022 0.113073 1.0 0.873988 0.112537 1.0
0 0.023438 0.171554 0.017578 0.026393 0.017578 0.167155 1.0 0.024414 0.165689 1.0 0.021484 0.173021 1.0 0.022461 0.180352 1.0 0.026367 0.177419 1.0
0 0.456055 0.101906 0.007812 0.016129 0.0 0.0 0.0 0.0 0.0 0.0 0.0 0.0 0.0 0.0 0.0 0.0 0.0 0.0 0.0
0 0.914062 0.067449 0.005859 0.01173 0.0 0.0 0.0 0.0 0.0 0.0 0.0 0.0 0.0 0.0 0.0 0.0 0.0 0.0 0.0
0 0.890625 0.067449 0.007812 0.014663 0.0 0.0 0.0 0.0 0.0 0.0 0.0 0.0 0.0 0.0 0.0 0.0 0.0 0.0 0.0
0 0.939941 0.085777 0.010742 0.024927 0.0 0.0 0.0 0.0 0.0 0.0 0.0 0.0 0.0 0.0 0.0 0.0 0.0 0.0 0.0
0 0.822266 0.120235 0.042969 0.082111 0.818359 0.118768 1.0 0.836914 0.118768 1.0 0.827148 0.133431 1.0 0.821289 0.14956 1.0 0.831055 0.14956 1.0
0 0.806152 0.117302 0.038086 0.102639 0.0 0.0 0.0 0.0 0.0 0.0 0.0 0.0 0.0 0.0 0.0 0.0 0.0 0.0 0.0