0 0.143555 0.619853 0.037109 0.069118 0.134208 0.604018 1.0 0.153194 0.608856 1.0 0.142094 0.616774 1.0 0.133331 0.638768 1.0 0.147937 0.642726 1.0
0 0.186523 0.679412 0.035156 0.047059 0.179269 0.669512 1.0 0.194231 0.667122 1.0 0.186523 0.677704 1.0 0.183576 0.693068 1.0 0.192871 0.692043 1.0
0 0.223145 0.632353 0.010742 0.017647 0.222465 0.631171 1.0 0.22617 0.630501 1.0 0.224836 0.635412 1.0 0.222465 0.639096 1.0 0.226837 0.638984 1.0
0 0.311523 0.639706 0.042969 0.082353 0.307617 0.616176 1.0 0.326172 0.619118 1.0 0.317383 0.633824 1.0 0.307617 0.651471 1.0 0.324219 0.652941 1.0
0 0.344238 0.757353 0.057617 0.094118 0.328186 0.734513 1.0 0.354767 0.731526 1.0 0.341278 0.748851 1.0 0.333344 0.77215 1.0 0.352783 0.769163 1.0
0 0.276367 0.650735 0.009766 0.016176 0.274414 0.647059 1.0 0.27832 0.647059 1.0 0.274414 0.652941 1.0 0.273438 0.657353 1.0 0.27832 0.657353 1.0
0 0.345703 0.654412 0.009766 0.020588 0.339966 0.652435 1.0 0.346558 0.651884 1.0 0.343445 0.656021 1.0 0.342163 0.660984 1.0 0.345733 0.660707 1.0
0 0.355469 0.660294 0.007812 0.014706 0.355469 0.655882 1.0 0.358398 0.655882 1.0 0.359375 0.660294 1.0 0.354492 0.663235 1.0 0.358398 0.663235 1.0
0 0.26416 0.643382 0.014648 0.025 0.0 0.0 0.0 0.0 0.0 0.0 0.0 0.0 0.0 0.0 0.0 0.0 0.0 0.0 0.0
0 0.383789 0.678676 0.021484 0.036765 0.377014 0.672703 1.0 0.385406 0.670634 1.0 0.382812 0.677757 1.0 0.380676 0.686949 1.0 0.387848 0.686259 1.0
0 0.377441 0.641912 0.014648 0.022059 0.374023 0.638235 1.0 0.381836 0.638235 1.0 0.37793 0.644118 1.0 0.374023 0.648529 1.0 0.380859 0.648529 1.0
0 0.404297 0.668382 0.007812 0.016176 0.40332 0.663235 1.0 0.408203 0.664706 1.0 0.40625 0.667647 1.0 0.402344 0.670588 1.0 0.408203 0.672059 1.0
0 0.395996 0.664706 0.006836 0.011765 0.0 0.0 0.0 0.0 0.0 0.0 0.0 0.0 0.0 0.0 0.0 0.0 0.0 0.0 0.0
0 0.428223 0.643382 0.016602 0.027941 0.425415 0.637132 1.0 0.432861 0.636949 1.0 0.42981 0.640257 1.0 0.427246 0.649449 1.0 0.432861 0.649081 1.0
0 0.468262 0.6625 0.043945 0.075 0.466818 0.640422 1.0 0.481776 0.644735 1.0 0.47764 0.655278 1.0 0.467773 0.671094 1.0 0.480186 0.671094 1.0
0 0.620117 0.733824 0.046875 0.079412 0.620941 0.715396 1.0 0.638397 0.713879 1.0 0.636719 0.72955 1.0 0.621948 0.748759 1.0 0.637726 0.749771 1.0
0 0.595215 0.680882 0.043945 0.073529 0.597656 0.666176 1.0 0.614258 0.661765 1.0 0.608398 0.686765 1.0 0.600586 0.7 1.0 0.613281 0.697059 1.0
0 0.625 0.639706 0.021484 0.038235 0.620117 0.627941 1.0 0.631836 0.627941 1.0 0.626953 0.636765 1.0 0.621094 0.647059 1.0 0.631836 0.644118 1.0
0 0.657227 0.660294 0.013672 0.026471 0.655273 0.655882 1.0 0.663086 0.654412 1.0 0.661133 0.660294 1.0 0.657227 0.669118 1.0 0.662109 0.669118 1.0
0 0.676758 0.652206 0.011719 0.019118 0.677734 0.65 1.0 0.680664 0.65 1.0 0.683594 0.657353 1.0 0.677734 0.658824 1.0 0.678711 0.660294 1.0
0 0.541992 0.638235 0.009766 0.011765 0.0 0.0 0.0 0.0 0.0 0.0 0.0 0.0 0.0 0.0 0.0 0.0 0.0 0.0 0.0
0 0.783691 0.699265 0.045898 0.080882 0.781843 0.680094 1.0 0.801906 0.67651 1.0 0.798165 0.696993 1.0 0.787964 0.714916 1.0 0.803267 0.711844 1.0
0 0.71875 0.638235 0.021484 0.035294 0.717804 0.629688 1.0 0.727723 0.628999 1.0 0.724365 0.637959 1.0 0.718262 0.644394 1.0 0.727723 0.644624 1.0
0 0.731934 0.642647 0.008789 0.020588 0.0 0.0 0.0 0.0 0.0 0.0 0.0 0.0 0.0 0.0 0.0 0.0 0.0 0.0 0.0
0 0.697266 0.649265 0.009766 0.019118 0.0 0.0 0.0 0.0 0.0 0.0 0.0 0.0 0.0 0.0 0.0 0.0 0.0 0.0 0.0
0 0.812988 0.6375 0.018555 0.036765 0.81768 0.630619 1.0 0.82176 0.628493 1.0 0.823173 0.63511 1.0 0.820504 0.645274 1.0 0.822545 0.644565 1.0
0 0.837402 0.620588 0.016602 0.035294 0.835938 0.614706 1.0 0.845703 0.610294 1.0 0.844727 0.617647 1.0 0.838867 0.626471 1.0 0.84668 0.625 1.0
0 0.872559 0.664706 0.036133 0.079412 0.878266 0.653354 1.0 0.891357 0.655882 1.0 0.889344 0.673071 1.0 0.87793 0.686213 1.0 0.887329 0.688235 1.0
0 0.977051 0.691912 0.045898 0.089706 0.983678 0.671074 1.0 0.99905 0.672203 1.0 0.9998 0.689706 1.0 0.989677 0.710596 1.0 0.99905 0.710031 1.0
0 0.90918 0.652941 0.013672 0.020588 0.908722 0.648071 1.0 0.913116 0.646415 1.0 0.913849 0.650551 1.0 0.910187 0.656618 1.0 0.914581 0.656894 1.0
0 0.894531 0.6625 0.011719 0.022059 0.0 0.0 0.0 0.0 0.0 0.0 0.0 0.0 0.0 0.0 0.0 0.0 0.0 0.0 0.0