0 0.043457 0.22141 0.086914 0.155585 0.006749 0.193484 1.0 0.053223 0.199326 1.0 0.026769 0.210035 1.0 0.008894 0.250926 1.0 0.048218 0.253847 1.0
0 0.114746 0.310505 0.041992 0.073138 0.0 0.0 0.0 0.0 0.0 0.0 0.0 0.0 0.0 0.0 0.0 0.0 0.0 0.0 0.0
0 0.14209 0.318484 0.032227 0.06516 0.135314 0.310339 1.0 0.150879 0.311585 1.0 0.142029 0.322391 1.0 0.13623 0.334856 1.0 0.147217 0.336104 1.0
0 0.192383 0.322473 0.060547 0.097074 0.179321 0.318193 1.0 0.205366 0.316359 1.0 0.192793 0.340206 1.0 0.186057 0.353047 1.0 0.204468 0.351213 1.0
0 0.22168 0.340426 0.021484 0.039894 0.0 0.0 0.0 0.0 0.0 0.0 0.0 0.0 0.0 0.0 0.0 0.0 0.0 0.0 0.0
0 0.255371 0.341755 0.024414 0.053191 0.0 0.0 0.0 0.0 0.0 0.0 0.0 0.0 0.0 0.0 0.0 0.0 0.0 0.0 0.0
0 0.28125 0.339096 0.046875 0.066489 0.0 0.0 0.0 0.0 0.0 0.0 0.0 0.0 0.0 0.0 0.0 0.0 0.0 0.0 0.0
0 0.334961 0.248005 0.095703 0.176862 0.320286 0.234464 1.0 0.365125 0.237794 1.0 0.344744 0.267769 1.0 0.324362 0.297742 1.0 0.359419 0.302182 1.0
0 0.430664 0.348404 0.0625 0.114362 0.442836 0.340556 1.0 0.454969 0.341274 1.0 0.460244 0.361387 1.0 0.444946 0.382219 1.0 0.450222 0.3815 1.0
0 0.508301 0.366356 0.06543 0.073138 0.0 0.0 0.0 0.0 0.0 0.0 0.0 0.0 0.0 0.0 0.0 0.0 0.0 0.0 0.0
0 0.554688 0.288564 0.091797 0.159574 0.549805 0.271277 1.0 0.586914 0.277926 1.0 0.572266 0.301862 1.0 0.552734 0.329787 1.0 0.578125 0.333777 1.0
0 0.635254 0.316489 0.036133 0.058511 0.0 0.0 0.0 0.0 0.0 0.0 0.0 0.0 0.0 0.0 0.0 0.0 0.0 0.0 0.0
0 0.633789 0.357048 0.039062 0.081117 0.62799 0.356751 1.0 0.646576 0.355202 1.0 0.639369 0.371213 1.0 0.632542 0.382059 1.0 0.645438 0.381025 1.0
0 0.76709 0.337101 0.077148 0.142287 0.782227 0.316489 1.0 0.788086 0.31516 1.0 0.803711 0.341755 1.0 0.776367 0.37234 1.0 0.78125 0.375 1.0
0 0.845215 0.369016 0.063477 0.115691 0.85706 0.359524 1.0 0.872611 0.359524 1.0 0.874756 0.379969 1.0 0.861886 0.401875 1.0 0.865104 0.401145 1.0
0 0.950684 0.362367 0.045898 0.094415 0.0 0.0 0.0 0.0 0.0 0.0 0.0 0.0 0.0 0.0 0.0 0.0 0.0 0.0 0.0
0 0.980957 0.389628 0.038086 0.090426 0.981585 0.383928 1.0 0.996651 0.381078 1.0 0.998744 0.402166 1.0 0.981585 0.418693 1.0 0.990374 0.417553 1.0
0 0.995117 0.288564 0.009766 0.015957 0.0 0.0 0.0 0.0 0.0 0.0 0.0 0.0 0.0 0.0 0.0 0.0 0.0 0.0 0.0