0 0.3125 0.763554 0.009766 0.024096 0.0 0.0 0.0 0.0 0.0 0.0 0.0 0.0 0.0 0.0 0.0 0.0 0.0 0.0 0.0
0 0.355469 0.768825 0.007812 0.019578 0.0 0.0 0.0 0.0 0.0 0.0 0.0 0.0 0.0 0.0 0.0 0.0 0.0 0.0 0.0
0 0.384277 0.745482 0.010742 0.021084 0.0 0.0 0.0 0.0 0.0 0.0 0.0 0.0 0.0 0.0 0.0 0.0 0.0 0.0 0.0
0 0.40918 0.752259 0.009766 0.019578 0.0 0.0 0.0 0.0 0.0 0.0 0.0 0.0 0.0 0.0 0.0 0.0 0.0 0.0 0.0
0 0.438965 0.777861 0.010742 0.019578 0.0 0.0 0.0 0.0 0.0 0.0 0.0 0.0 0.0 0.0 0.0 0.0 0.0 0.0 0.0
0 0.446289 0.756024 0.009766 0.018072 0.0 0.0 0.0 0.0 0.0 0.0 0.0 0.0 0.0 0.0 0.0 0.0 0.0 0.0 0.0
0 0.460449 0.786898 0.008789 0.016566 0.0 0.0 0.0 0.0 0.0 0.0 0.0 0.0 0.0 0.0 0.0 0.0 0.0 0.0 0.0
0 0.490723 0.776355 0.008789 0.019578 0.488421 0.775199 1.0 0.492606 0.775065 1.0 0.490252 0.779098 1.0 0.489293 0.782595 1.0 0.491646 0.782595 1.0
0 0.525879 0.760542 0.010742 0.021084 0.522949 0.75675 1.0 0.527135 0.75675 1.0 0.525042 0.761726 1.0 0.52356 0.76428 1.0 0.52757 0.764146 1.0
0 0.519043 0.73494 0.008789 0.018072 0.0 0.0 0.0 0.0 0.0 0.0 0.0 0.0 0.0 0.0 0.0 0.0 0.0 0.0 0.0
0 0.614746 0.756777 0.010742 0.016566 0.0 0.0 0.0 0.0 0.0 0.0 0.0 0.0 0.0 0.0 0.0 0.0 0.0 0.0 0.0
0 0.652832 0.739458 0.010742 0.021084 0.655121 0.735175 1.0 0.657959 0.734752 1.0 0.657593 0.73814 1.0 0.656769 0.742235 1.0 0.6586 0.742235 1.0
0 0.642578 0.716867 0.011719 0.021084 0.639252 0.714139 1.0 0.642273 0.714279 1.0 0.638886 0.718938 1.0 0.638794 0.725574 1.0 0.643006 0.724586 1.0
0 0.671875 0.715361 0.009766 0.018072 0.0 0.0 0.0 0.0 0.0 0.0 0.0 0.0 0.0 0.0 0.0 0.0 0.0 0.0 0.0
0 0.748535 0.713102 0.010742 0.028614 0.0 0.0 0.0 0.0 0.0 0.0 0.0 0.0 0.0 0.0 0.0 0.0 0.0 0.0 0.0
0 0.682617 0.731175 0.009766 0.019578 0.0 0.0 0.0 0.0 0.0 0.0 0.0 0.0 0.0 0.0 0.0 0.0 0.0 0.0 0.0