0 0.778809 0.170322 0.05957 0.135965 0.761758 0.145526 1.0 0.7629 0.145526 1.0 0.751478 0.178016 1.0 0.772038 0.205377 1.0 0.771467 0.205377 1.0
0 0.682129 0.187865 0.05957 0.109649 0.66177 0.170531 1.0 0.67702 0.168455 1.0 0.659459 0.193361 1.0 0.666853 0.216883 1.0 0.676558 0.214115 1.0
0 0.575195 0.173246 0.03125 0.074561 0.56543 0.165466 1.0 0.566058 0.164526 1.0 0.560407 0.181443 1.0 0.568568 0.194601 1.0 0.569511 0.194601 1.0
0 0.935059 0.093567 0.030273 0.061404 0.0 0.0 0.0 0.0 0.0 0.0 0.0 0.0 0.0 0.0 0.0 0.0 0.0 0.0 0.0
0 0.90332 0.083333 0.023438 0.04386 0.894959 0.078034 1.0 0.900086 0.07913 1.0 0.892029 0.088725 1.0 0.895691 0.097497 1.0 0.898621 0.098044 1.0
0 0.882812 0.081871 0.015625 0.02924 0.0 0.0 0.0 0.0 0.0 0.0 0.0 0.0 0.0 0.0 0.0 0.0 0.0 0.0 0.0
0 0.458984 0.222222 0.015625 0.038012 0.0 0.0 0.0 0.0 0.0 0.0 0.0 0.0 0.0 0.0 0.0 0.0 0.0 0.0 0.0
0 0.430664 0.141813 0.013672 0.026316 0.434404 0.135874 1.0 0.435878 0.135874 1.0 0.438259 0.140795 1.0 0.434858 0.146056 1.0 0.436445 0.146225 1.0
0 0.5625 0.100146 0.011719 0.024854 0.0 0.0 0.0 0.0 0.0 0.0 0.0 0.0 0.0 0.0 0.0 0.0 0.0 0.0 0.0
0 0.378906 0.250731 0.033203 0.059942 0.379704 0.242259 1.0 0.387936 0.235713 1.0 0.391536 0.247265 1.0 0.386906 0.264594 1.0 0.394108 0.260358 1.0
0 0.398438 0.256579 0.027344 0.057018 0.394775 0.247807 1.0 0.403564 0.244152 1.0 0.402832 0.253655 1.0 0.399902 0.26864 1.0 0.408936 0.26462 1.0
0 0.404297 0.14693 0.015625 0.033626 0.0 0.0 0.0 0.0 0.0 0.0 0.0 0.0 0.0 0.0 0.0 0.0 0.0 0.0 0.0
0 0.376465 0.18348 0.024414 0.05117 0.377938 0.178832 1.0 0.383605 0.17818 1.0 0.385132 0.188949 1.0 0.378593 0.196781 1.0 0.380118 0.197107 1.0
0 0.390625 0.157895 0.015625 0.040936 0.390869 0.154762 1.0 0.396973 0.153718 1.0 0.397845 0.161288 1.0 0.395229 0.166249 1.0 0.398019 0.165727 1.0
0 0.283691 0.151316 0.012695 0.02193 0.0 0.0 0.0 0.0 0.0 0.0 0.0 0.0 0.0 0.0 0.0 0.0 0.0 0.0 0.0
0 0.152344 0.186404 0.015625 0.027778 0.151611 0.183114 1.0 0.156982 0.181652 1.0 0.155151 0.187317 1.0 0.153931 0.193531 1.0 0.158813 0.192617 1.0
0 0.187012 0.160819 0.012695 0.017544 0.0 0.0 0.0 0.0 0.0 0.0 0.0 0.0 0.0 0.0 0.0 0.0 0.0 0.0 0.0
0 0.085449 0.207602 0.022461 0.038012 0.085458 0.201898 1.0 0.090097 0.200409 1.0 0.094569 0.207602 1.0 0.090925 0.217523 1.0 0.094901 0.216284 1.0
0 0.273926 0.284357 0.049805 0.089181 0.0 0.0 0.0 0.0 0.0 0.0 0.0 0.0 0.0 0.0 0.0 0.0 0.0 0.0 0.0
0 0.10791 0.440789 0.135742 0.20614 0.108285 0.403874 1.0 0.152309 0.393537 1.0 0.157488 0.423259 1.0 0.127275 0.487873 1.0 0.16612 0.481412 1.0
0 0.546387 0.215643 0.038086 0.05117 0.539307 0.225146 1.0 0.539062 0.225512 1.0 0.543457 0.237939 1.0 0.553467 0.239766 1.0 0.553467 0.239766 1.0
0 0.029297 0.223684 0.019531 0.032164 0.029646 0.219089 1.0 0.035924 0.220133 1.0 0.033971 0.225146 1.0 0.032157 0.231829 1.0 0.037318 0.2335 1.0
0 0.007812 0.228801 0.015625 0.030702 0.002738 0.221412 1.0 0.009801 0.220042 1.0 0.010193 0.22807 1.0 0.008231 0.235902 1.0 0.013725 0.235706 1.0
0 0.005371 0.270468 0.010742 0.02924 0.0 0.0 0.0 0.0 0.0 0.0 0.0 0.0 0.0 0.0 0.0 0.0 0.0 0.0 0.0
0 0.104492 0.181287 0.017578 0.026316 0.106306 0.17925 1.0 0.113106 0.178402 1.0 0.109819 0.184171 1.0 0.107666 0.189092 1.0 0.112767 0.188414 1.0
0 0.175293 0.176901 0.008789 0.017544 0.0 0.0 0.0 0.0 0.0 0.0 0.0 0.0 0.0 0.0 0.0 0.0 0.0 0.0 0.0
0 0.647461 0.105994 0.007812 0.016082 0.0 0.0 0.0 0.0 0.0 0.0 0.0 0.0 0.0 0.0 0.0 0.0 0.0 0.0 0.0
0 0.666504 0.100146 0.008789 0.019006 0.0 0.0 0.0 0.0 0.0 0.0 0.0 0.0 0.0 0.0 0.0 0.0 0.0 0.0 0.0