0 0.279785 0.274898 0.012695 0.020464 0.0 0.0 0.0 0.0 0.0 0.0 0.0 0.0 0.0 0.0 0.0 0.0 0.0 0.0 0.0
0 0.305176 0.251705 0.014648 0.020464 0.301361 0.248295 1.0 0.30777 0.249318 1.0 0.303925 0.253794 1.0 0.302094 0.255457 1.0 0.306122 0.255969 1.0
0 0.312012 0.227831 0.010742 0.021828 0.0 0.0 0.0 0.0 0.0 0.0 0.0 0.0 0.0 0.0 0.0 0.0 0.0 0.0 0.0
0 0.334473 0.257844 0.012695 0.021828 0.0 0.0 0.0 0.0 0.0 0.0 0.0 0.0 0.0 0.0 0.0 0.0 0.0 0.0 0.0
0 0.257324 0.03206 0.006836 0.012278 0.0 0.0 0.0 0.0 0.0 0.0 0.0 0.0 0.0 0.0 0.0 0.0 0.0 0.0 0.0
0 0.275879 0.015007 0.006836 0.013643 0.0 0.0 0.0 0.0 0.0 0.0 0.0 0.0 0.0 0.0 0.0 0.0 0.0 0.0 0.0
0 0.3125 0.01296 0.009766 0.017735 0.0 0.0 0.0 0.0 0.0 0.0 0.0 0.0 0.0 0.0 0.0 0.0 0.0 0.0 0.0
0 0.289551 0.05457 0.008789 0.016371 0.287432 0.053888 1.0 0.291212 0.053577 1.0 0.288988 0.056476 1.0 0.288025 0.058858 1.0 0.2901 0.058547 1.0
0 0.303711 0.064802 0.009766 0.017735 0.302146 0.063297 1.0 0.306536 0.063413 1.0 0.304217 0.066653 1.0 0.302892 0.069431 1.0 0.305956 0.069431 1.0
0 0.301758 0.111187 0.009766 0.017735 0.0 0.0 0.0 0.0 0.0 0.0 0.0 0.0 0.0 0.0 0.0 0.0 0.0 0.0 0.0
0 0.330566 0.048431 0.008789 0.017735 0.0 0.0 0.0 0.0 0.0 0.0 0.0 0.0 0.0 0.0 0.0 0.0 0.0 0.0 0.0
0 0.369629 0.078445 0.008789 0.017735 0.0 0.0 0.0 0.0 0.0 0.0 0.0 0.0 0.0 0.0 0.0 0.0 0.0 0.0 0.0
0 0.352051 0.112551 0.010742 0.017735 0.0 0.0 0.0 0.0 0.0 0.0 0.0 0.0 0.0 0.0 0.0 0.0 0.0 0.0 0.0
0 0.358887 0.057981 0.006836 0.015007 0.0 0.0 0.0 0.0 0.0 0.0 0.0 0.0 0.0 0.0 0.0 0.0 0.0 0.0 0.0
0 0.381836 0.040246 0.009766 0.015007 0.380014 0.040866 1.0 0.384164 0.040038 1.0 0.383126 0.044697 1.0 0.381496 0.046251 1.0 0.384608 0.045836 1.0
0 0.394043 0.011596 0.008789 0.015007 0.0 0.0 0.0 0.0 0.0 0.0 0.0 0.0 0.0 0.0 0.0 0.0 0.0 0.0 0.0
0 0.419922 0.04502 0.009766 0.0191 0.41612 0.043656 1.0 0.420044 0.0439 1.0 0.417167 0.049746 1.0 0.418475 0.051086 1.0 0.420741 0.051086 1.0
0 0.421875 0.028649 0.009766 0.016371 0.0 0.0 0.0 0.0 0.0 0.0 0.0 0.0 0.0 0.0 0.0 0.0 0.0 0.0 0.0
0 0.379883 0.120055 0.009766 0.021828 0.0 0.0 0.0 0.0 0.0 0.0 0.0 0.0 0.0 0.0 0.0 0.0 0.0 0.0 0.0
0 0.420898 0.103001 0.007812 0.020464 0.0 0.0 0.0 0.0 0.0 0.0 0.0 0.0 0.0 0.0 0.0 0.0 0.0 0.0 0.0
0 0.439941 0.134379 0.010742 0.017735 0.439191 0.1326 1.0 0.443202 0.13321 1.0 0.440761 0.136621 1.0 0.438668 0.140153 1.0 0.442243 0.140274 1.0
0 0.462402 0.125512 0.010742 0.016371 0.460266 0.122284 1.0 0.464269 0.122175 1.0 0.46262 0.126559 1.0 0.460815 0.130177 1.0 0.465053 0.130067 1.0
0 0.453613 0.00955 0.006836 0.010914 0.0 0.0 0.0 0.0 0.0 0.0 0.0 0.0 0.0 0.0 0.0 0.0 0.0 0.0 0.0
0 0.493164 0.032742 0.007812 0.013643 0.0 0.0 0.0 0.0 0.0 0.0 0.0 0.0 0.0 0.0 0.0 0.0 0.0 0.0 0.0
0 0.465332 0.075034 0.006836 0.0191 0.0 0.0 0.0 0.0 0.0 0.0 0.0 0.0 0.0 0.0 0.0 0.0 0.0 0.0 0.0
0 0.492676 0.109141 0.010742 0.016371 0.493286 0.106132 1.0 0.497445 0.105913 1.0 0.494698 0.110626 1.0 0.49258 0.114135 1.0 0.496269 0.114135 1.0
0 0.45166 0.146658 0.010742 0.020464 0.448948 0.145708 1.0 0.453936 0.145439 1.0 0.450963 0.148789 1.0 0.449523 0.153613 1.0 0.453072 0.153345 1.0
0 0.261719 0.137108 0.009766 0.017735 0.260323 0.132162 1.0 0.264771 0.132528 1.0 0.262242 0.135939 1.0 0.260236 0.141176 1.0 0.264335 0.141542 1.0
0 0.296875 0.150068 0.011719 0.021828 0.0 0.0 0.0 0.0 0.0 0.0 0.0 0.0 0.0 0.0 0.0 0.0 0.0 0.0 0.0
0 0.320312 0.154161 0.011719 0.0191 0.0 0.0 0.0 0.0 0.0 0.0 0.0 0.0 0.0 0.0 0.0 0.0 0.0 0.0 0.0
0 0.34375 0.157572 0.011719 0.020464 0.0 0.0 0.0 0.0 0.0 0.0 0.0 0.0 0.0 0.0 0.0 0.0 0.0 0.0 0.0
0 0.362305 0.189632 0.011719 0.016371 0.358908 0.183164 1.0 0.363465 0.186172 1.0 0.359654 0.18895 1.0 0.357666 0.192652 1.0 0.360482 0.194619 1.0
0 0.374023 0.156207 0.011719 0.017735 0.372863 0.152297 1.0 0.376757 0.152413 1.0 0.373857 0.154959 1.0 0.371621 0.16005 1.0 0.376509 0.16005 1.0
0 0.356445 0.228513 0.011719 0.023192 0.35209 0.225473 1.0 0.357213 0.225473 1.0 0.353725 0.230194 1.0 0.353289 0.234 1.0 0.356449 0.233849 1.0
0 0.401855 0.167804 0.010742 0.0191 0.400024 0.166464 1.0 0.404148 0.166061 1.0 0.401847 0.170349 1.0 0.400408 0.17504 1.0 0.404244 0.17504 1.0
0 0.39502 0.135744 0.010742 0.020464 0.0 0.0 0.0 0.0 0.0 0.0 0.0 0.0 0.0 0.0 0.0 0.0 0.0 0.0 0.0
0 0.393555 0.225102 0.011719 0.0191 0.390167 0.222374 1.0 0.395294 0.223141 1.0 0.392182 0.226083 1.0 0.390991 0.230176 1.0 0.394195 0.230688 1.0
0 0.378906 0.259209 0.011719 0.0191 0.374102 0.256663 1.0 0.377363 0.258003 1.0 0.373719 0.260415 1.0 0.37439 0.266578 1.0 0.376308 0.26631 1.0
0 0.395996 0.27558 0.008789 0.0191 0.0 0.0 0.0 0.0 0.0 0.0 0.0 0.0 0.0 0.0 0.0 0.0 0.0 0.0 0.0
0 0.431641 0.257162 0.013672 0.020464 0.0 0.0 0.0 0.0 0.0 0.0 0.0 0.0 0.0 0.0 0.0 0.0 0.0 0.0 0.0
0 0.432617 0.233288 0.009766 0.0191 0.0 0.0 0.0 0.0 0.0 0.0 0.0 0.0 0.0 0.0 0.0 0.0 0.0 0.0 0.0
0 0.433594 0.189632 0.011719 0.0191 0.430054 0.185497 1.0 0.434998 0.185623 1.0 0.432434 0.190868 1.0 0.430054 0.195345 1.0 0.435181 0.195472 1.0
0 0.448242 0.169168 0.005859 0.0191 0.0 0.0 0.0 0.0 0.0 0.0 0.0 0.0 0.0 0.0 0.0 0.0 0.0 0.0 0.0
0 0.464355 0.158254 0.012695 0.0191 0.0 0.0 0.0 0.0 0.0 0.0 0.0 0.0 0.0 0.0 0.0 0.0 0.0 0.0 0.0
0 0.472168 0.191678 0.010742 0.023192 0.470097 0.190003 1.0 0.474021 0.189851 1.0 0.471514 0.194266 1.0 0.470643 0.198682 1.0 0.474021 0.198378 1.0
0 0.489746 0.237381 0.008789 0.016371 0.0 0.0 0.0 0.0 0.0 0.0 0.0 0.0 0.0 0.0 0.0 0.0 0.0 0.0 0.0
0 0.508301 0.265348 0.010742 0.020464 0.0 0.0 0.0 0.0 0.0 0.0 0.0 0.0 0.0 0.0 0.0 0.0 0.0 0.0 0.0
0 0.519531 0.238063 0.011719 0.017735 0.0 0.0 0.0 0.0 0.0 0.0 0.0 0.0 0.0 0.0 0.0 0.0 0.0 0.0 0.0
0 0.490723 0.172578 0.010742 0.020464 0.0 0.0 0.0 0.0 0.0 0.0 0.0 0.0 0.0 0.0 0.0 0.0 0.0 0.0 0.0
0 0.50293 0.155525 0.009766 0.016371 0.500637 0.152347 1.0 0.504481 0.152784 1.0 0.501735 0.156074 1.0 0.499931 0.160239 1.0 0.502912 0.160349 1.0
0 0.505371 0.128922 0.010742 0.020464 0.0 0.0 0.0 0.0 0.0 0.0 0.0 0.0 0.0 0.0 0.0 0.0 0.0 0.0 0.0
0 0.517578 0.187585 0.015625 0.017735 0.513681 0.18524 1.0 0.520198 0.18454 1.0 0.51709 0.188183 1.0 0.515285 0.191683 1.0 0.519296 0.191544 1.0
0 0.500488 0.05116 0.010742 0.015007 0.0 0.0 0.0 0.0 0.0 0.0 0.0 0.0 0.0 0.0 0.0 0.0 0.0 0.0 0.0
0 0.493164 0.087995 0.007812 0.017735 0.0 0.0 0.0 0.0 0.0 0.0 0.0 0.0 0.0 0.0 0.0 0.0 0.0 0.0 0.0
0 0.521973 0.119372 0.010742 0.020464 0.0 0.0 0.0 0.0 0.0 0.0 0.0 0.0 0.0 0.0 0.0 0.0 0.0 0.0 0.0
0 0.561035 0.125512 0.012695 0.021828 0.0 0.0 0.0 0.0 0.0 0.0 0.0 0.0 0.0 0.0 0.0 0.0 0.0 0.0 0.0
0 0.551758 0.036835 0.009766 0.0191 0.54776 0.036025 1.0 0.552795 0.037176 1.0 0.549591 0.039479 1.0 0.547852 0.04242 1.0 0.552338 0.042932 1.0
0 0.516602 0.065484 0.007812 0.024557 0.0 0.0 0.0 0.0 0.0 0.0 0.0 0.0 0.0 0.0 0.0 0.0 0.0 0.0 0.0
0 0.584961 0.07708 0.009766 0.017735 0.58456 0.075302 1.0 0.588396 0.075424 1.0 0.587001 0.079078 1.0 0.583949 0.082123 1.0 0.587524 0.082367 1.0
0 0.565918 0.062074 0.008789 0.017735 0.0 0.0 0.0 0.0 0.0 0.0 0.0 0.0 0.0 0.0 0.0 0.0 0.0 0.0 0.0
0 0.557617 0.017053 0.009766 0.017735 0.556466 0.014763 1.0 0.560856 0.013259 1.0 0.559779 0.017656 1.0 0.558537 0.021823 1.0 0.561437 0.021475 1.0
0 0.606445 0.024557 0.009766 0.0191 0.0 0.0 0.0 0.0 0.0 0.0 0.0 0.0 0.0 0.0 0.0 0.0 0.0 0.0 0.0
0 0.620605 0.066849 0.008789 0.016371 0.0 0.0 0.0 0.0 0.0 0.0 0.0 0.0 0.0 0.0 0.0 0.0 0.0 0.0 0.0
0 0.582031 0.101637 0.005859 0.017735 0.0 0.0 0.0 0.0 0.0 0.0 0.0 0.0 0.0 0.0 0.0 0.0 0.0 0.0 0.0
0 0.598145 0.127558 0.012695 0.020464 0.594291 0.127278 1.0 0.599854 0.127679 1.0 0.596496 0.13036 1.0 0.595154 0.134379 1.0 0.59784 0.134112 1.0
0 0.629395 0.113915 0.010742 0.017735 0.626596 0.113569 1.0 0.631151 0.113683 1.0 0.628335 0.117156 1.0 0.626844 0.118312 1.0 0.629826 0.118312 1.0
0 0.539551 0.165757 0.010742 0.020464 0.537057 0.164405 1.0 0.541757 0.164405 1.0 0.539263 0.16896 1.0 0.537345 0.172445 1.0 0.542236 0.172578 1.0
0 0.52832 0.154161 0.007812 0.0191 0.0 0.0 0.0 0.0 0.0 0.0 0.0 0.0 0.0 0.0 0.0 0.0 0.0 0.0 0.0
0 0.54541 0.100955 0.012695 0.021828 0.0 0.0 0.0 0.0 0.0 0.0 0.0 0.0 0.0 0.0 0.0 0.0 0.0 0.0 0.0
0 0.563477 0.172578 0.009766 0.017735 0.560595 0.169941 1.0 0.56515 0.169825 1.0 0.562169 0.17295 1.0 0.560926 0.176768 1.0 0.563328 0.176768 1.0
0 0.013672 0.882674 0.017578 0.027285 0.01171 0.878106 1.0 0.018772 0.877924 1.0 0.014979 0.884318 1.0 0.011187 0.890531 1.0 0.017465 0.890896 1.0
0 0.039062 0.969986 0.021484 0.032742 0.033194 0.966467 1.0 0.041051 0.966673 1.0 0.036308 0.975164 1.0 0.034528 0.979098 1.0 0.042236 0.977441 1.0
0 0.010254 0.070941 0.012695 0.0191 0.0 0.0 0.0 0.0 0.0 0.0 0.0 0.0 0.0 0.0 0.0 0.0 0.0 0.0 0.0
0 0.02002 0.190314 0.010742 0.020464 0.0 0.0 0.0 0.0 0.0 0.0 0.0 0.0 0.0 0.0 0.0 0.0 0.0 0.0 0.0
0 0.62793 0.175307 0.011719 0.017735 0.626709 0.173164 1.0 0.631243 0.17024 1.0 0.630981 0.174869 1.0 0.629674 0.180838 1.0 0.632027 0.178888 1.0
0 0.581543 0.146658 0.010742 0.020464 0.0 0.0 0.0 0.0 0.0 0.0 0.0 0.0 0.0 0.0 0.0 0.0 0.0 0.0 0.0
0 0.594727 0.11528 0.007812 0.020464 0.0 0.0 0.0 0.0 0.0 0.0 0.0 0.0 0.0 0.0 0.0 0.0 0.0 0.0 0.0
0 0.639648 0.142565 0.009766 0.017735 0.0 0.0 0.0 0.0 0.0 0.0 0.0 0.0 0.0 0.0 0.0 0.0 0.0 0.0 0.0
0 0.669434 0.130286 0.008789 0.020464 0.0 0.0 0.0 0.0 0.0 0.0 0.0 0.0 0.0 0.0 0.0 0.0 0.0 0.0 0.0
0 0.679688 0.120055 0.009766 0.0191 0.0 0.0 0.0 0.0 0.0 0.0 0.0 0.0 0.0 0.0 0.0 0.0 0.0 0.0 0.0
0 0.663086 0.094134 0.011719 0.0191 0.0 0.0 0.0 0.0 0.0 0.0 0.0 0.0 0.0 0.0 0.0 0.0 0.0 0.0 0.0
0 0.662598 0.161664 0.010742 0.020464 0.0 0.0 0.0 0.0 0.0 0.0 0.0 0.0 0.0 0.0 0.0 0.0 0.0 0.0 0.0
0 0.637207 0.22442 0.010742 0.017735 0.0 0.0 0.0 0.0 0.0 0.0 0.0 0.0 0.0 0.0 0.0 0.0 0.0 0.0 0.0
0 0.672363 0.233288 0.010742 0.021828 0.667777 0.230364 1.0 0.671888 0.231486 1.0 0.668379 0.236108 1.0 0.669381 0.238629 1.0 0.672791 0.23919 1.0
0 0.691895 0.177353 0.010742 0.021828 0.0 0.0 0.0 0.0 0.0 0.0 0.0 0.0 0.0 0.0 0.0 0.0 0.0 0.0 0.0
0 0.693848 0.141883 0.012695 0.016371 0.0 0.0 0.0 0.0 0.0 0.0 0.0 0.0 0.0 0.0 0.0 0.0 0.0 0.0 0.0
0 0.696289 0.11869 0.009766 0.0191 0.0 0.0 0.0 0.0 0.0 0.0 0.0 0.0 0.0 0.0 0.0 0.0 0.0 0.0 0.0
0 0.666504 0.267394 0.012695 0.024557 0.667908 0.267772 1.0 0.672215 0.265397 1.0 0.671648 0.27078 1.0 0.668248 0.274898 1.0 0.672102 0.274265 1.0
0 0.5625 0.283083 0.011719 0.020464 0.0 0.0 0.0 0.0 0.0 0.0 0.0 0.0 0.0 0.0 0.0 0.0 0.0 0.0 0.0
0 0.59668 0.291951 0.009766 0.021828 0.0 0.0 0.0 0.0 0.0 0.0 0.0 0.0 0.0 0.0 0.0 0.0 0.0 0.0 0.0
0 0.468262 0.285812 0.010742 0.015007 0.0 0.0 0.0 0.0 0.0 0.0 0.0 0.0 0.0 0.0 0.0 0.0 0.0 0.0 0.0
0 0.651855 0.01296 0.008789 0.015007 0.649205 0.010427 1.0 0.652972 0.010524 1.0 0.651088 0.014325 1.0 0.649065 0.018321 1.0 0.652692 0.018222 1.0
0 0.678711 0.021828 0.009766 0.016371 0.675772 0.020951 1.0 0.679068 0.021061 1.0 0.677028 0.024678 1.0 0.676243 0.027529 1.0 0.678598 0.027638 1.0
0 0.702148 0.036153 0.007812 0.020464 0.0 0.0 0.0 0.0 0.0 0.0 0.0 0.0 0.0 0.0 0.0 0.0 0.0 0.0 0.0
0 0.696289 0.044338 0.009766 0.017735 0.0 0.0 0.0 0.0 0.0 0.0 0.0 0.0 0.0 0.0 0.0 0.0 0.0 0.0 0.0
0 0.659668 0.062074 0.010742 0.017735 0.0 0.0 0.0 0.0 0.0 0.0 0.0 0.0 0.0 0.0 0.0 0.0 0.0 0.0 0.0
0 0.716309 0.079809 0.008789 0.017735 0.0 0.0 0.0 0.0 0.0 0.0 0.0 0.0 0.0 0.0 0.0 0.0 0.0 0.0 0.0
0 0.75293 0.067531 0.005859 0.020464 0.0 0.0 0.0 0.0 0.0 0.0 0.0 0.0 0.0 0.0 0.0 0.0 0.0 0.0 0.0
0 0.761719 0.072306 0.009766 0.0191 0.0 0.0 0.0 0.0 0.0 0.0 0.0 0.0 0.0 0.0 0.0 0.0 0.0 0.0 0.0
0 0.763672 0.038199 0.009766 0.016371 0.762272 0.036476 1.0 0.766083 0.036476 1.0 0.764344 0.039716 1.0 0.76277 0.042608 1.0 0.766083 0.042608 1.0
0 0.780762 0.00955 0.008789 0.0191 0.0 0.0 0.0 0.0 0.0 0.0 0.0 0.0 0.0 0.0 0.0 0.0 0.0 0.0 0.0
0 0.78125 0.046385 0.011719 0.0191 0.778634 0.044435 1.0 0.783081 0.044314 1.0 0.780291 0.048698 1.0 0.780029 0.052109 1.0 0.783168 0.052109 1.0
0 0.776367 0.091405 0.011719 0.0191 0.773577 0.089396 1.0 0.777701 0.089262 1.0 0.775975 0.092611 1.0 0.774057 0.0973 1.0 0.777893 0.0973 1.0
0 0.736328 0.099591 0.009766 0.0191 0.0 0.0 0.0 0.0 0.0 0.0 0.0 0.0 0.0 0.0 0.0 0.0 0.0 0.0 0.0
0 0.717773 0.150068 0.011719 0.0191 0.717011 0.145165 1.0 0.721131 0.145165 1.0 0.719757 0.148874 1.0 0.718292 0.153479 1.0 0.720398 0.153222 1.0
0 0.753418 0.163711 0.008789 0.021828 0.0 0.0 0.0 0.0 0.0 0.0 0.0 0.0 0.0 0.0 0.0 0.0 0.0 0.0 0.0
0 0.77832 0.131651 0.009766 0.017735 0.0 0.0 0.0 0.0 0.0 0.0 0.0 0.0 0.0 0.0 0.0 0.0 0.0 0.0 0.0
0 0.773438 0.158254 0.007812 0.021828 0.0 0.0 0.0 0.0 0.0 0.0 0.0 0.0 0.0 0.0 0.0 0.0 0.0 0.0 0.0
0 0.798828 0.117326 0.009766 0.021828 0.0 0.0 0.0 0.0 0.0 0.0 0.0 0.0 0.0 0.0 0.0 0.0 0.0 0.0 0.0
0 0.812988 0.007503 0.004883 0.015007 0.0 0.0 0.0 0.0 0.0 0.0 0.0 0.0 0.0 0.0 0.0 0.0 0.0 0.0 0.0
0 0.831543 0.023874 0.006836 0.017735 0.0 0.0 0.0 0.0 0.0 0.0 0.0 0.0 0.0 0.0 0.0 0.0 0.0 0.0 0.0
0 0.824707 0.069577 0.008789 0.024557 0.0 0.0 0.0 0.0 0.0 0.0 0.0 0.0 0.0 0.0 0.0 0.0 0.0 0.0 0.0
0 0.824219 0.08322 0.009766 0.0191 0.0 0.0 0.0 0.0 0.0 0.0 0.0 0.0 0.0 0.0 0.0 0.0 0.0 0.0 0.0
0 0.796387 0.07367 0.004883 0.0191 0.0 0.0 0.0 0.0 0.0 0.0 0.0 0.0 0.0 0.0 0.0 0.0 0.0 0.0 0.0
0 0.875488 0.11528 0.010742 0.020464 0.0 0.0 0.0 0.0 0.0 0.0 0.0 0.0 0.0 0.0 0.0 0.0 0.0 0.0 0.0
0 0.884766 0.070259 0.009766 0.017735 0.0 0.0 0.0 0.0 0.0 0.0 0.0 0.0 0.0 0.0 0.0 0.0 0.0 0.0 0.0
0 0.92041 0.036835 0.004883 0.013643 0.0 0.0 0.0 0.0 0.0 0.0 0.0 0.0 0.0 0.0 0.0 0.0 0.0 0.0 0.0
0 0.910156 0.083902 0.007812 0.017735 0.0 0.0 0.0 0.0 0.0 0.0 0.0 0.0 0.0 0.0 0.0 0.0 0.0 0.0 0.0
0 0.916016 0.069577 0.007812 0.016371 0.0 0.0 0.0 0.0 0.0 0.0 0.0 0.0 0.0 0.0 0.0 0.0 0.0 0.0 0.0
0 0.94873 0.07367 0.010742 0.016371 0.94669 0.072683 1.0 0.951163 0.072793 1.0 0.948888 0.075753 1.0 0.947318 0.078712 1.0 0.950535 0.078932 1.0
0 0.898438 0.030696 0.005859 0.017735 0.0 0.0 0.0 0.0 0.0 0.0 0.0 0.0 0.0 0.0 0.0 0.0 0.0 0.0 0.0
0 0.949219 0.0191 0.003906 0.016371 0.0 0.0 0.0 0.0 0.0 0.0 0.0 0.0 0.0 0.0 0.0 0.0 0.0 0.0 0.0
0 0.981445 0.176671 0.011719 0.020464 0.978951 0.173711 1.0 0.984803 0.17398 1.0 0.98135 0.178132 1.0 0.979048 0.182286 1.0 0.983459 0.182286 1.0
0 0.978516 0.034789 0.005859 0.015007 0.0 0.0 0.0 0.0 0.0 0.0 0.0 0.0 0.0 0.0 0.0 0.0 0.0 0.0 0.0
0 0.826172 0.174625 0.009766 0.021828 0.0 0.0 0.0 0.0 0.0 0.0 0.0 0.0 0.0 0.0 0.0 0.0 0.0 0.0 0.0
0 0.766602 0.255116 0.013672 0.021828 0.0 0.0 0.0 0.0 0.0 0.0 0.0 0.0 0.0 0.0 0.0 0.0 0.0 0.0 0.0
0 0.749023 0.276944 0.009766 0.021828 0.0 0.0 0.0 0.0 0.0 0.0 0.0 0.0 0.0 0.0 0.0 0.0 0.0 0.0 0.0
0 0.795898 0.268759 0.011719 0.021828 0.791992 0.266858 1.0 0.798271 0.266858 1.0 0.795235 0.271536 1.0 0.792934 0.276652 1.0 0.797119 0.276506 1.0
0 0.842773 0.274898 0.013672 0.025921 0.838736 0.272382 1.0 0.844622 0.273533 1.0 0.839913 0.277809 1.0 0.838501 0.281262 1.0 0.84215 0.282085 1.0
0 0.869141 0.23397 0.009766 0.017735 0.0 0.0 0.0 0.0 0.0 0.0 0.0 0.0 0.0 0.0 0.0 0.0 0.0 0.0 0.0
0 0.902344 0.255116 0.013672 0.021828 0.902444 0.251352 1.0 0.906756 0.251492 1.0 0.905553 0.256396 1.0 0.903046 0.260598 1.0 0.906756 0.260598 1.0
0 0.935059 0.229877 0.012695 0.017735 0.0 0.0 0.0 0.0 0.0 0.0 0.0 0.0 0.0 0.0 0.0 0.0 0.0 0.0 0.0
0 0.932617 0.208731 0.009766 0.021828 0.0 0.0 0.0 0.0 0.0 0.0 0.0 0.0 0.0 0.0 0.0 0.0 0.0 0.0 0.0
0 0.975098 0.22101 0.010742 0.021828 0.971588 0.217666 1.0 0.975198 0.218787 1.0 0.972391 0.222428 1.0 0.971588 0.226351 1.0 0.974396 0.227052 1.0
0 0.956543 0.261255 0.012695 0.023192 0.952602 0.258235 1.0 0.957415 0.258819 1.0 0.954171 0.262327 1.0 0.953229 0.267735 1.0 0.956159 0.267881 1.0
0 0.870117 0.389495 0.015625 0.023192 0.867449 0.386754 1.0 0.873116 0.386602 1.0 0.869956 0.389799 1.0 0.866795 0.394824 1.0 0.873443 0.395128 1.0
0 0.834473 0.22442 0.004883 0.023192 0.0 0.0 0.0 0.0 0.0 0.0 0.0 0.0 0.0 0.0 0.0 0.0 0.0 0.0 0.0
0 0.784668 0.226467 0.00293 0.0191 0.0 0.0 0.0 0.0 0.0 0.0 0.0 0.0 0.0 0.0 0.0 0.0 0.0 0.0 0.0
0 0.702148 0.276262 0.013672 0.020464 0.0 0.0 0.0 0.0 0.0 0.0 0.0 0.0 0.0 0.0 0.0 0.0 0.0 0.0 0.0
0 0.018555 0.037517 0.007812 0.020464 0.0 0.0 0.0 0.0 0.0 0.0 0.0 0.0 0.0 0.0 0.0 0.0 0.0 0.0 0.0
0 0.072754 0.043656 0.008789 0.0191 0.0 0.0 0.0 0.0 0.0 0.0 0.0 0.0 0.0 0.0 0.0 0.0 0.0 0.0 0.0
0 0.050293 0.07367 0.012695 0.0191 0.0 0.0 0.0 0.0 0.0 0.0 0.0 0.0 0.0 0.0 0.0 0.0 0.0 0.0 0.0
0 0.11377 0.031378 0.006836 0.013643 0.0 0.0 0.0 0.0 0.0 0.0 0.0 0.0 0.0 0.0 0.0 0.0 0.0 0.0 0.0
0 0.109863 0.030696 0.004883 0.017735 0.0 0.0 0.0 0.0 0.0 0.0 0.0 0.0 0.0 0.0 0.0 0.0 0.0 0.0 0.0
0 0.131836 0.034789 0.007812 0.015007 0.0 0.0 0.0 0.0 0.0 0.0 0.0 0.0 0.0 0.0 0.0 0.0 0.0 0.0 0.0
0 0.143066 0.046385 0.008789 0.016371 0.0 0.0 0.0 0.0 0.0 0.0 0.0 0.0 0.0 0.0 0.0 0.0 0.0 0.0 0.0
0 0.160645 0.032742 0.010742 0.016371 0.0 0.0 0.0 0.0 0.0 0.0 0.0 0.0 0.0 0.0 0.0 0.0 0.0 0.0 0.0
0 0.176758 0.005457 0.007812 0.010914 0.0 0.0 0.0 0.0 0.0 0.0 0.0 0.0 0.0 0.0 0.0 0.0 0.0 0.0 0.0
0 0.214844 0.028649 0.009766 0.016371 0.214573 0.027992 1.0 0.218262 0.027883 1.0 0.216535 0.030733 1.0 0.215123 0.033583 1.0 0.21732 0.033802 1.0
0 0.225098 0.018417 0.008789 0.015007 0.0 0.0 0.0 0.0 0.0 0.0 0.0 0.0 0.0 0.0 0.0 0.0 0.0 0.0 0.0
0 0.113281 0.076398 0.011719 0.0191 0.0 0.0 0.0 0.0 0.0 0.0 0.0 0.0 0.0 0.0 0.0 0.0 0.0 0.0 0.0
0 0.098633 0.090723 0.009766 0.017735 0.0 0.0 0.0 0.0 0.0 0.0 0.0 0.0 0.0 0.0 0.0 0.0 0.0 0.0 0.0
0 0.034668 0.112551 0.008789 0.015007 0.0 0.0 0.0 0.0 0.0 0.0 0.0 0.0 0.0 0.0 0.0 0.0 0.0 0.0 0.0
0 0.161621 0.08663 0.010742 0.017735 0.0 0.0 0.0 0.0 0.0 0.0 0.0 0.0 0.0 0.0 0.0 0.0 0.0 0.0 0.0
0 0.194336 0.066849 0.011719 0.0191 0.0 0.0 0.0 0.0 0.0 0.0 0.0 0.0 0.0 0.0 0.0 0.0 0.0 0.0 0.0
0 0.204102 0.057981 0.009766 0.017735 0.0 0.0 0.0 0.0 0.0 0.0 0.0 0.0 0.0 0.0 0.0 0.0 0.0 0.0 0.0
0 0.216309 0.060027 0.008789 0.016371 0.215192 0.057677 1.0 0.219587 0.05669 1.0 0.218175 0.060089 1.0 0.216369 0.063596 1.0 0.219587 0.063267 1.0
0 0.233887 0.081855 0.010742 0.0191 0.232404 0.079638 1.0 0.23659 0.079638 1.0 0.23441 0.083049 1.0 0.232841 0.085363 1.0 0.236241 0.08512 1.0
0 0.241699 0.100955 0.008789 0.016371 0.0 0.0 0.0 0.0 0.0 0.0 0.0 0.0 0.0 0.0 0.0 0.0 0.0 0.0 0.0
0 0.189453 0.120055 0.007812 0.016371 0.0 0.0 0.0 0.0 0.0 0.0 0.0 0.0 0.0 0.0 0.0 0.0 0.0 0.0 0.0
0 0.160156 0.111869 0.007812 0.021828 0.0 0.0 0.0 0.0 0.0 0.0 0.0 0.0 0.0 0.0 0.0 0.0 0.0 0.0 0.0
0 0.143555 0.139836 0.009766 0.020464 0.139518 0.137011 1.0 0.142971 0.139422 1.0 0.139806 0.14237 1.0 0.139038 0.148131 1.0 0.141915 0.149337 1.0
0 0.16748 0.156207 0.010742 0.020464 0.164498 0.157048 1.0 0.169312 0.156487 1.0 0.168209 0.16055 1.0 0.1652 0.164052 1.0 0.169913 0.164052 1.0
0 0.12207 0.146658 0.007812 0.017735 0.0 0.0 0.0 0.0 0.0 0.0 0.0 0.0 0.0 0.0 0.0 0.0 0.0 0.0 0.0
0 0.080078 0.14734 0.009766 0.021828 0.0 0.0 0.0 0.0 0.0 0.0 0.0 0.0 0.0 0.0 0.0 0.0 0.0 0.0 0.0
0 0.061035 0.100273 0.012695 0.017735 0.0 0.0 0.0 0.0 0.0 0.0 0.0 0.0 0.0 0.0 0.0 0.0 0.0 0.0 0.0
0 0.020508 0.11869 0.009766 0.021828 0.0 0.0 0.0 0.0 0.0 0.0 0.0 0.0 0.0 0.0 0.0 0.0 0.0 0.0 0.0
0 0.043945 0.141883 0.009766 0.0191 0.0 0.0 0.0 0.0 0.0 0.0 0.0 0.0 0.0 0.0 0.0 0.0 0.0 0.0 0.0
0 0.0625 0.228513 0.011719 0.020464 0.0 0.0 0.0 0.0 0.0 0.0 0.0 0.0 0.0 0.0 0.0 0.0 0.0 0.0 0.0
0 0.092285 0.182128 0.010742 0.015007 0.0 0.0 0.0 0.0 0.0 0.0 0.0 0.0 0.0 0.0 0.0 0.0 0.0 0.0 0.0
0 0.099609 0.214188 0.009766 0.024557 0.099613 0.21107 1.0 0.103211 0.210308 1.0 0.102774 0.214267 1.0 0.100595 0.218226 1.0 0.103537 0.218226 1.0
0 0.106445 0.232606 0.011719 0.020464 0.103935 0.229645 1.0 0.109209 0.229244 1.0 0.106907 0.234603 1.0 0.104605 0.237819 1.0 0.109785 0.237954 1.0
0 0.120605 0.169168 0.012695 0.021828 0.118827 0.165965 1.0 0.12374 0.165404 1.0 0.122437 0.170307 1.0 0.119429 0.173528 1.0 0.124041 0.173528 1.0
0 0.148926 0.172578 0.010742 0.017735 0.0 0.0 0.0 0.0 0.0 0.0 0.0 0.0 0.0 0.0 0.0 0.0 0.0 0.0 0.0
0 0.151855 0.21146 0.010742 0.016371 0.0 0.0 0.0 0.0 0.0 0.0 0.0 0.0 0.0 0.0 0.0 0.0 0.0 0.0 0.0
0 0.140625 0.218963 0.003906 0.020464 0.0 0.0 0.0 0.0 0.0 0.0 0.0 0.0 0.0 0.0 0.0 0.0 0.0 0.0 0.0
0 0.112793 0.268076 0.012695 0.020464 0.0 0.0 0.0 0.0 0.0 0.0 0.0 0.0 0.0 0.0 0.0 0.0 0.0 0.0 0.0
0 0.074707 0.263984 0.012695 0.020464 0.071625 0.26192 1.0 0.078042 0.261359 1.0 0.074433 0.2643 1.0 0.073229 0.268643 1.0 0.077039 0.268222 1.0
0 0.02002 0.216917 0.008789 0.021828 0.0 0.0 0.0 0.0 0.0 0.0 0.0 0.0 0.0 0.0 0.0 0.0 0.0 0.0 0.0
0 0.024902 0.25307 0.010742 0.020464 0.0 0.0 0.0 0.0 0.0 0.0 0.0 0.0 0.0 0.0 0.0 0.0 0.0 0.0 0.0
0 0.160645 0.273533 0.010742 0.020464 0.156586 0.270506 1.0 0.160522 0.271402 1.0 0.157318 0.274982 1.0 0.156311 0.277668 1.0 0.158875 0.279203 1.0
0 0.197266 0.235334 0.011719 0.020464 0.0 0.0 0.0 0.0 0.0 0.0 0.0 0.0 0.0 0.0 0.0 0.0 0.0 0.0 0.0
0 0.20752 0.272169 0.010742 0.017735 0.0 0.0 0.0 0.0 0.0 0.0 0.0 0.0 0.0 0.0 0.0 0.0 0.0 0.0 0.0
0 0.24707 0.25648 0.011719 0.0191 0.0 0.0 0.0 0.0 0.0 0.0 0.0 0.0 0.0 0.0 0.0 0.0 0.0 0.0 0.0
0 0.227539 0.172578 0.009766 0.017735 0.224731 0.169917 1.0 0.228707 0.172 1.0 0.224565 0.174778 1.0 0.224731 0.178018 1.0 0.22672 0.17848 1.0
0 0.253418 0.177353 0.010742 0.0191 0.251534 0.175404 1.0 0.255371 0.175404 1.0 0.253278 0.179911 1.0 0.251709 0.183078 1.0 0.256068 0.183078 1.0
0 0.275879 0.231241 0.010742 0.017735 0.274057 0.226844 1.0 0.279523 0.226382 1.0 0.277204 0.23101 1.0 0.275299 0.235523 1.0 0.279854 0.235176 1.0
0 0.558594 0.23397 0.011719 0.020464 0.0 0.0 0.0 0.0 0.0 0.0 0.0 0.0 0.0 0.0 0.0 0.0 0.0 0.0 0.0
0 0.598633 0.223738 0.013672 0.0191 0.0 0.0 0.0 0.0 0.0 0.0 0.0 0.0 0.0 0.0 0.0 0.0 0.0 0.0 0.0
0 0.285156 0.18281 0.009766 0.016371 0.0 0.0 0.0 0.0 0.0 0.0 0.0 0.0 0.0 0.0 0.0 0.0 0.0 0.0 0.0
0 0.983887 0.015007 0.008789 0.016371 0.0 0.0 0.0 0.0 0.0 0.0 0.0 0.0 0.0 0.0 0.0 0.0 0.0 0.0 0.0
0 0.595215 0.171896 0.012695 0.0191 0.591728 0.169924 1.0 0.597308 0.169679 1.0 0.594169 0.174064 1.0 0.592599 0.177962 1.0 0.596 0.177962 1.0