0 0.116699 0.897786 0.211914 0.204427 0.088937 0.875743 1.0 0.189732 0.864676 1.0 0.162458 0.973772 1.0 0.090123 1.029111 1.0 0.183803 1.021206 1.0
0 0.560547 0.451823 0.193359 0.286458 0.5286 0.410378 1.0 0.608338 0.422991 1.0 0.573198 0.477051 1.0 0.5286 0.5221 1.0 0.596174 0.536517 1.0
0 0.975098 0.752604 0.049805 0.268229 0.980678 0.681803 1.0 1.003436 0.69866 1.0 0.950335 0.761033 1.0 1.003436 0.818348 1.0 1.003436 0.818348 1.0
0 0.360352 0.466797 0.048828 0.076823 0.362522 0.451021 1.0 0.382063 0.452469 1.0 0.379529 0.470802 1.0 0.365056 0.486241 1.0 0.379529 0.487206 1.0
0 0.208984 0.441406 0.0625 0.101562 0.221924 0.42284 1.0 0.229117 0.419004 1.0 0.239188 0.451613 1.0 0.213292 0.463763 1.0 0.220006 0.465681 1.0
0 0.431641 0.438802 0.054688 0.088542 0.412318 0.419271 1.0 0.436175 0.414249 1.0 0.416504 0.439361 1.0 0.416085 0.461681 1.0 0.439104 0.457217 1.0
0 0.133789 0.317057 0.019531 0.027344 0.0 0.0 0.0 0.0 0.0 0.0 0.0 0.0 0.0 0.0 0.0 0.0 0.0 0.0 0.0
0 0.234375 0.284505 0.015625 0.029948 0.0 0.0 0.0 0.0 0.0 0.0 0.0 0.0 0.0 0.0 0.0 0.0 0.0 0.0 0.0
0 0.320312 0.400391 0.019531 0.03776 0.0 0.0 0.0 0.0 0.0 0.0 0.0 0.0 0.0 0.0 0.0 0.0 0.0 0.0 0.0
0 0.256836 0.406901 0.029297 0.042969 0.244259 0.396857 1.0 0.251225 0.39713 1.0 0.246922 0.408057 1.0 0.244668 0.413522 1.0 0.252045 0.412156 1.0
0 0.227539 0.477214 0.041016 0.063802 0.0 0.0 0.0 0.0 0.0 0.0 0.0 0.0 0.0 0.0 0.0 0.0 0.0 0.0 0.0
0 0.074707 0.385417 0.041992 0.059896 0.0 0.0 0.0 0.0 0.0 0.0 0.0 0.0 0.0 0.0 0.0 0.0 0.0 0.0 0.0
0 0.785156 0.436849 0.054688 0.076823 0.764893 0.418945 1.0 0.786133 0.416016 1.0 0.771851 0.434082 1.0 0.769653 0.453125 1.0 0.783569 0.450684 1.0
0 0.674316 0.470703 0.041992 0.058594 0.665327 0.458234 1.0 0.68488 0.458612 1.0 0.673545 0.47297 1.0 0.666177 0.486573 1.0 0.680346 0.486951 1.0
0 0.715332 0.424479 0.020508 0.033854 0.70684 0.418155 1.0 0.712804 0.4169 1.0 0.709351 0.426316 1.0 0.711861 0.434059 1.0 0.716728 0.430501 1.0
0 0.126465 0.410156 0.032227 0.039062 0.0 0.0 0.0 0.0 0.0 0.0 0.0 0.0 0.0 0.0 0.0 0.0 0.0 0.0 0.0