0 0.547852 0.368365 0.025391 0.065817 0.543144 0.35938 1.0 0.553693 0.360214 1.0 0.548322 0.371473 1.0 0.542951 0.382735 1.0 0.552351 0.383569 1.0
0 0.641113 0.347134 0.024414 0.065817 0.0 0.0 0.0 0.0 0.0 0.0 0.0 0.0 0.0 0.0 0.0 0.0 0.0 0.0 0.0
0 0.630859 0.341826 0.011719 0.03397 0.634766 0.335456 1.0 0.643555 0.339703 1.0 0.634766 0.343949 1.0 0.631836 0.356688 1.0 0.637695 0.360934 1.0
0 0.664062 0.367304 0.015625 0.055202 0.657444 0.360858 1.0 0.665562 0.359777 1.0 0.660096 0.370943 1.0 0.658438 0.380308 1.0 0.665065 0.380308 1.0
0 0.703613 0.370488 0.020508 0.061571 0.699502 0.36427 1.0 0.708976 0.365049 1.0 0.703613 0.377484 1.0 0.699859 0.3872 1.0 0.705758 0.389142 1.0
0 0.718262 0.356688 0.030273 0.063694 0.712786 0.35813 1.0 0.720843 0.351873 1.0 0.717582 0.371892 1.0 0.716814 0.375645 1.0 0.725063 0.369389 1.0
0 0.769043 0.31104 0.018555 0.082803 0.763031 0.304263 1.0 0.763031 0.304786 1.0 0.761353 0.320945 1.0 0.765429 0.331892 1.0 0.765908 0.332414 1.0
0 0.855957 0.322718 0.020508 0.063694 0.849609 0.312102 1.0 0.859375 0.309979 1.0 0.851562 0.316348 1.0 0.849609 0.33121 1.0 0.856445 0.329087 1.0
0 0.963867 0.334395 0.027344 0.078556 0.952271 0.325941 1.0 0.967913 0.327911 1.0 0.957258 0.338261 1.0 0.957031 0.354527 1.0 0.964286 0.354527 1.0
0 0.979492 0.483015 0.039062 0.129512 0.96558 0.462361 1.0 0.980403 0.458333 1.0 0.968916 0.488949 1.0 0.969286 0.513119 1.0 0.981886 0.513924 1.0
0 0.628418 0.737792 0.038086 0.095541 0.611747 0.728845 1.0 0.624581 0.73855 1.0 0.614815 0.762815 1.0 0.617885 0.771913 1.0 0.624023 0.770093 1.0
0 0.741699 0.818471 0.057617 0.197452 0.725987 0.774285 1.0 0.735622 0.805087 1.0 0.711818 0.807552 1.0 0.715219 0.83466 1.0 0.72712 0.859304 1.0
0 0.378906 0.361996 0.011719 0.087049 0.0 0.0 0.0 0.0 0.0 0.0 0.0 0.0 0.0 0.0 0.0 0.0 0.0 0.0 0.0
0 0.348145 0.336518 0.03418 0.099788 0.352548 0.321068 1.0 0.358015 0.319191 1.0 0.363194 0.338584 1.0 0.353123 0.36048 1.0 0.357151 0.359227 1.0
0 0.29248 0.334395 0.016602 0.078556 0.0 0.0 0.0 0.0 0.0 0.0 0.0 0.0 0.0 0.0 0.0 0.0 0.0 0.0 0.0
0 0.241211 0.36518 0.039062 0.101911 0.246948 0.348423 1.0 0.257621 0.347779 1.0 0.258807 0.367115 1.0 0.246948 0.389673 1.0 0.256435 0.387739 1.0
0 0.202637 0.33121 0.026367 0.080679 0.202148 0.318471 1.0 0.209961 0.316348 1.0 0.207031 0.33121 1.0 0.204102 0.343949 1.0 0.209961 0.343949 1.0
0 0.171387 0.38535 0.020508 0.065817 0.173828 0.375796 1.0 0.178711 0.377919 1.0 0.177734 0.392781 1.0 0.173828 0.401274 1.0 0.178711 0.401274 1.0
0 0.116699 0.329087 0.038086 0.106157 0.107788 0.315155 1.0 0.123047 0.302548 1.0 0.123352 0.317809 1.0 0.120301 0.356953 1.0 0.130066 0.348327 1.0
0 0.03418 0.388535 0.035156 0.140127 0.021528 0.376896 1.0 0.044233 0.376896 1.0 0.038557 0.405104 1.0 0.025988 0.428902 1.0 0.043827 0.426259 1.0
0 0.048828 0.313163 0.027344 0.078556 0.048566 0.303229 1.0 0.059222 0.302244 1.0 0.056954 0.318017 1.0 0.050834 0.333788 1.0 0.059901 0.333295 1.0