0 0.010742 0.293558 0.021484 0.086384 0.003906 0.259883 1.0 0.013428 0.260432 1.0 0.01416 0.275805 1.0 0.001343 0.306003 1.0 0.018921 0.31369 1.0
0 0.044434 0.260615 0.006836 0.014641 0.0 0.0 0.0 0.0 0.0 0.0 0.0 0.0 0.0 0.0 0.0 0.0 0.0 0.0 0.0
0 0.01123 0.224012 0.022461 0.143485 0.001552 0.270524 1.0 0.011248 0.270524 1.0 0.014884 0.277792 1.0 0.00034 0.305048 1.0 0.017308 0.312316 1.0
0 0.117676 0.335286 0.051758 0.102489 0.119777 0.320318 1.0 0.139631 0.326788 1.0 0.141357 0.339083 1.0 0.125819 0.359143 1.0 0.140063 0.362378 1.0
0 0.154785 0.267204 0.051758 0.098097 0.143789 0.253411 1.0 0.168057 0.257291 1.0 0.155371 0.268785 1.0 0.144814 0.289517 1.0 0.163975 0.292679 1.0
0 0.287109 0.291362 0.046875 0.105417 0.293178 0.284688 1.0 0.306828 0.287329 1.0 0.30947 0.301192 1.0 0.293618 0.320337 1.0 0.307269 0.321657 1.0
0 0.38623 0.351391 0.047852 0.084919 0.382167 0.344031 1.0 0.402901 0.34028 1.0 0.397539 0.355287 1.0 0.391104 0.37351 1.0 0.405047 0.371366 1.0
0 0.509277 0.318448 0.038086 0.080527 0.513847 0.308029 1.0 0.523368 0.30701 1.0 0.529148 0.325873 1.0 0.516227 0.340659 1.0 0.520987 0.340659 1.0
0 0.553223 0.399707 0.02832 0.058565 0.556205 0.395994 1.0 0.563163 0.396367 1.0 0.559684 0.406799 1.0 0.555708 0.416858 1.0 0.562417 0.416113 1.0
0 0.586426 0.426794 0.02832 0.048316 0.584835 0.420722 1.0 0.597743 0.421028 1.0 0.59631 0.43301 1.0 0.590776 0.444991 1.0 0.597334 0.44622 1.0
0 0.616699 0.385066 0.016602 0.052709 0.0 0.0 0.0 0.0 0.0 0.0 0.0 0.0 0.0 0.0 0.0 0.0 0.0 0.0 0.0
0 0.642578 0.36896 0.033203 0.058565 0.64209 0.363327 1.0 0.653975 0.364843 1.0 0.650939 0.375836 1.0 0.644365 0.383419 1.0 0.653975 0.383419 1.0
0 0.652344 0.415813 0.021484 0.038067 0.65251 0.406649 1.0 0.653172 0.406649 1.0 0.650024 0.413852 1.0 0.653504 0.421799 1.0 0.653835 0.421552 1.0
0 0.694336 0.410688 0.021484 0.054173 0.69383 0.402545 1.0 0.702541 0.40219 1.0 0.701835 0.412428 1.0 0.695479 0.421956 1.0 0.702306 0.422663 1.0
0 0.708008 0.425329 0.013672 0.036603 0.0 0.0 0.0 0.0 0.0 0.0 0.0 0.0 0.0 0.0 0.0 0.0 0.0 0.0 0.0
0 0.742676 0.396779 0.026367 0.058565 0.742685 0.390832 1.0 0.75337 0.390086 1.0 0.751631 0.400145 1.0 0.744176 0.41095 1.0 0.751879 0.410205 1.0
0 0.786133 0.410688 0.019531 0.045388 0.789202 0.402766 1.0 0.79112 0.402766 1.0 0.795532 0.410531 1.0 0.79112 0.422322 1.0 0.792655 0.422322 1.0
0 0.806152 0.466325 0.026367 0.048316 0.800668 0.456187 1.0 0.811937 0.456495 1.0 0.80661 0.465404 1.0 0.802103 0.477078 1.0 0.811118 0.47677 1.0
0 0.84082 0.431186 0.019531 0.045388 0.842738 0.429592 1.0 0.849645 0.425277 1.0 0.850987 0.436493 1.0 0.843697 0.446272 1.0 0.847343 0.444546 1.0
0 0.87793 0.39019 0.021484 0.045388 0.870087 0.382543 1.0 0.876757 0.384013 1.0 0.867144 0.389013 1.0 0.868713 0.40019 1.0 0.874207 0.40019 1.0
0 0.899414 0.439239 0.029297 0.046852 0.891506 0.43052 1.0 0.904942 0.429918 1.0 0.898124 0.441344 1.0 0.892308 0.450665 1.0 0.904541 0.450363 1.0
0 0.929199 0.42899 0.018555 0.038067 0.0 0.0 0.0 0.0 0.0 0.0 0.0 0.0 0.0 0.0 0.0 0.0 0.0 0.0 0.0
0 0.961914 0.424597 0.019531 0.046852 0.0 0.0 0.0 0.0 0.0 0.0 0.0 0.0 0.0 0.0 0.0 0.0 0.0 0.0 0.0
0 0.988281 0.379941 0.023438 0.057101 0.982178 0.377745 1.0 0.994873 0.375183 1.0 0.987305 0.387262 1.0 0.985352 0.397877 1.0 0.994873 0.395681 1.0
0 0.363281 0.347731 0.033203 0.074671 0.0 0.0 0.0 0.0 0.0 0.0 0.0 0.0 0.0 0.0 0.0 0.0 0.0 0.0 0.0
0 0.805176 0.430454 0.020508 0.035139 0.0 0.0 0.0 0.0 0.0 0.0 0.0 0.0 0.0 0.0 0.0 0.0 0.0 0.0 0.0
0 0.943848 0.281845 0.040039 0.080527 0.0 0.0 0.0 0.0 0.0 0.0 0.0 0.0 0.0 0.0 0.0 0.0 0.0 0.0 0.0