0 0.254395 0.160156 0.014648 0.023438 0.24707 0.153646 1.0 0.253906 0.153646 1.0 0.25 0.157552 1.0 0.248047 0.165365 1.0 0.25293 0.164062 1.0
0 0.272461 0.144531 0.009766 0.015625 0.0 0.0 0.0 0.0 0.0 0.0 0.0 0.0 0.0 0.0 0.0 0.0 0.0 0.0 0.0
0 0.27832 0.143229 0.013672 0.020833 0.274414 0.139323 1.0 0.28125 0.138021 1.0 0.277344 0.141927 1.0 0.275391 0.147135 1.0 0.28125 0.147135 1.0
0 0.326172 0.173177 0.013672 0.018229 0.320312 0.166667 1.0 0.326172 0.166667 1.0 0.322266 0.170573 1.0 0.321289 0.177083 1.0 0.324219 0.177083 1.0
0 0.353027 0.151693 0.010742 0.02474 0.34668 0.148438 1.0 0.352539 0.14974 1.0 0.348633 0.153646 1.0 0.347656 0.158854 1.0 0.350586 0.158854 1.0
0 0.381836 0.111979 0.011719 0.015625 0.378906 0.109375 1.0 0.384766 0.108073 1.0 0.381836 0.113281 1.0 0.379883 0.117188 1.0 0.384766 0.117188 1.0
0 0.391602 0.153646 0.013672 0.023438 0.383789 0.140625 1.0 0.387695 0.139323 1.0 0.385742 0.143229 1.0 0.382812 0.148438 1.0 0.388672 0.148438 1.0
0 0.340332 0.100911 0.012695 0.019531 0.335938 0.096354 1.0 0.344727 0.095052 1.0 0.34082 0.101562 1.0 0.338867 0.106771 1.0 0.341797 0.106771 1.0
0 0.350586 0.132161 0.013672 0.019531 0.0 0.0 0.0 0.0 0.0 0.0 0.0 0.0 0.0 0.0 0.0 0.0 0.0 0.0 0.0
0 0.097168 0.363932 0.020508 0.032552 0.089844 0.358073 1.0 0.099609 0.358073 1.0 0.092773 0.360677 1.0 0.089844 0.371094 1.0 0.097656 0.369792 1.0
0 0.109375 0.384766 0.027344 0.03776 0.100437 0.375837 1.0 0.109911 0.375361 1.0 0.104191 0.387039 1.0 0.106515 0.393234 1.0 0.11152 0.39252 1.0
0 0.134277 0.357422 0.022461 0.032552 0.130476 0.351749 1.0 0.13691 0.350493 1.0 0.135027 0.35991 1.0 0.133301 0.366607 1.0 0.13848 0.366607 1.0
0 0.05957 0.394531 0.03125 0.044271 0.048828 0.387556 1.0 0.059082 0.38616 1.0 0.050712 0.396206 1.0 0.050921 0.405413 1.0 0.061175 0.404297 1.0
0 0.083496 0.447917 0.036133 0.044271 0.077593 0.441616 1.0 0.090776 0.435651 1.0 0.087951 0.448521 1.0 0.080183 0.459822 1.0 0.09525 0.453857 1.0
0 0.241211 0.419922 0.03125 0.050781 0.22998 0.411133 1.0 0.245117 0.411133 1.0 0.234375 0.423828 1.0 0.233154 0.432292 1.0 0.242676 0.432292 1.0
0 0.265625 0.337891 0.025391 0.048177 0.256383 0.333816 1.0 0.267012 0.333816 1.0 0.258 0.342134 1.0 0.257307 0.349529 1.0 0.265163 0.349836 1.0
0 0.325195 0.320964 0.023438 0.032552 0.318359 0.313802 1.0 0.327148 0.313802 1.0 0.321289 0.31901 1.0 0.318359 0.326823 1.0 0.324219 0.326823 1.0
0 0.329102 0.378255 0.027344 0.042969 0.319109 0.376406 1.0 0.327306 0.373674 1.0 0.320544 0.382964 1.0 0.321158 0.392799 1.0 0.327306 0.389794 1.0
0 0.366211 0.337891 0.025391 0.045573 0.356567 0.33259 1.0 0.366377 0.333751 1.0 0.355695 0.340436 1.0 0.355041 0.349447 1.0 0.364851 0.349737 1.0
0 0.373047 0.423828 0.029297 0.058594 0.360003 0.417969 1.0 0.36921 0.417225 1.0 0.359166 0.429874 1.0 0.362793 0.439546 1.0 0.369769 0.439174 1.0
0 0.409668 0.35612 0.026367 0.053385 0.399379 0.350633 1.0 0.409925 0.351318 1.0 0.398865 0.360922 1.0 0.40015 0.370181 1.0 0.406839 0.370523 1.0
0 0.489258 0.26237 0.023438 0.03776 0.481079 0.256104 1.0 0.490234 0.255371 1.0 0.484375 0.266357 1.0 0.483094 0.27124 1.0 0.490601 0.27124 1.0
0 0.509277 0.334635 0.022461 0.041667 0.501138 0.330583 1.0 0.512124 0.329799 1.0 0.504669 0.338169 1.0 0.505062 0.345493 1.0 0.511731 0.345232 1.0
0 0.486816 0.376302 0.026367 0.033854 0.476562 0.36849 1.0 0.487305 0.367188 1.0 0.480469 0.376302 1.0 0.478516 0.38151 1.0 0.484375 0.38151 1.0
0 0.541016 0.394531 0.029297 0.046875 0.530099 0.38537 1.0 0.541435 0.38537 1.0 0.532819 0.398065 1.0 0.53554 0.406831 1.0 0.544381 0.406831 1.0
0 0.476562 0.411458 0.023438 0.046875 0.471806 0.408139 1.0 0.474475 0.407547 1.0 0.474252 0.41644 1.0 0.47781 0.419701 1.0 0.478254 0.419405 1.0
0 0.516602 0.21224 0.017578 0.026042 0.511719 0.205729 1.0 0.518555 0.205729 1.0 0.512695 0.213542 1.0 0.511719 0.220052 1.0 0.516602 0.217448 1.0
0 0.560059 0.233724 0.020508 0.032552 0.552525 0.232445 1.0 0.557548 0.231818 1.0 0.551427 0.238305 1.0 0.553624 0.243745 1.0 0.558803 0.243745 1.0
0 0.45752 0.240234 0.010742 0.027344 0.0 0.0 0.0 0.0 0.0 0.0 0.0 0.0 0.0 0.0 0.0 0.0 0.0 0.0 0.0
0 0.48877 0.231771 0.014648 0.026042 0.0 0.0 0.0 0.0 0.0 0.0 0.0 0.0 0.0 0.0 0.0 0.0 0.0 0.0 0.0
0 0.628906 0.335286 0.025391 0.045573 0.620191 0.329654 1.0 0.630863 0.329951 1.0 0.622859 0.338251 1.0 0.621303 0.347441 1.0 0.628862 0.347145 1.0
0 0.666992 0.208984 0.021484 0.035156 0.659681 0.206264 1.0 0.668183 0.207171 1.0 0.661722 0.212612 1.0 0.661552 0.220092 1.0 0.666822 0.219639 1.0
0 0.687012 0.236979 0.018555 0.033854 0.686689 0.235467 1.0 0.693948 0.232026 1.0 0.692818 0.24149 1.0 0.689754 0.246867 1.0 0.694916 0.244286 1.0
0 0.631348 0.423177 0.03418 0.059896 0.616848 0.418573 1.0 0.628933 0.417039 1.0 0.617711 0.431234 1.0 0.620588 0.440057 1.0 0.628933 0.43929 1.0
0 0.689453 0.361979 0.03125 0.046875 0.677595 0.360375 1.0 0.68621 0.358863 1.0 0.679635 0.370954 1.0 0.678275 0.378208 1.0 0.68485 0.377 1.0
0 0.688965 0.396484 0.03418 0.058594 0.674744 0.396484 1.0 0.687652 0.394654 1.0 0.678314 0.404542 1.0 0.677765 0.416626 1.0 0.687928 0.413331 1.0
0 0.710938 0.283203 0.019531 0.032552 0.0 0.0 0.0 0.0 0.0 0.0 0.0 0.0 0.0 0.0 0.0 0.0 0.0 0.0 0.0
0 0.702637 0.315755 0.030273 0.040365 0.693809 0.314581 1.0 0.703617 0.312488 1.0 0.69734 0.323736 1.0 0.697144 0.330276 1.0 0.70401 0.329753 1.0
0 0.744141 0.344401 0.035156 0.040365 0.737043 0.348935 1.0 0.738856 0.347423 1.0 0.736816 0.359212 1.0 0.746111 0.361026 1.0 0.747698 0.35891 1.0
0 0.750488 0.257812 0.024414 0.036458 0.740234 0.247396 1.0 0.745117 0.247396 1.0 0.739258 0.259115 1.0 0.739258 0.268229 1.0 0.742188 0.268229 1.0
0 0.844727 0.296224 0.019531 0.035156 0.838627 0.291521 1.0 0.848319 0.292202 1.0 0.842028 0.299909 1.0 0.840157 0.306711 1.0 0.845769 0.306938 1.0
0 0.876465 0.257812 0.030273 0.033854 0.867248 0.261474 1.0 0.876469 0.260952 1.0 0.871761 0.26906 1.0 0.871172 0.272199 1.0 0.876665 0.271937 1.0
0 0.878906 0.309896 0.027344 0.044271 0.86853 0.303833 1.0 0.877075 0.302694 1.0 0.866821 0.313517 1.0 0.869599 0.321492 1.0 0.876221 0.321208 1.0
0 0.922852 0.263021 0.019531 0.03125 0.920035 0.260138 1.0 0.923296 0.260138 1.0 0.916774 0.264486 1.0 0.91885 0.271206 1.0 0.921073 0.271206 1.0
0 0.973633 0.255859 0.025391 0.042969 0.96541 0.246384 1.0 0.976039 0.249059 1.0 0.965812 0.256812 1.0 0.964608 0.266439 1.0 0.970224 0.267508 1.0
0 0.992188 0.230469 0.015625 0.036458 0.0 0.0 0.0 0.0 0.0 0.0 0.0 0.0 0.0 0.0 0.0 0.0 0.0 0.0 0.0
0 0.937988 0.308594 0.026367 0.046875 0.928711 0.30599 1.0 0.9375 0.304688 1.0 0.93457 0.3125 1.0 0.933594 0.322917 1.0 0.94043 0.321615 1.0
0 0.904297 0.341797 0.029297 0.053385 0.896092 0.328078 1.0 0.900979 0.332536 1.0 0.89069 0.343169 1.0 0.896092 0.353457 1.0 0.900207 0.355516 1.0
0 0.856934 0.397786 0.038086 0.06901 0.84222 0.394741 1.0 0.857914 0.393868 1.0 0.847778 0.406512 1.0 0.844836 0.417846 1.0 0.855953 0.417846 1.0
0 0.991699 0.355469 0.016602 0.044271 0.0 0.0 0.0 0.0 0.0 0.0 0.0 0.0 0.0 0.0 0.0 0.0 0.0 0.0 0.0
0 0.478516 0.464844 0.03125 0.03125 0.469918 0.466216 1.0 0.478542 0.461669 1.0 0.476737 0.471564 1.0 0.477739 0.477178 1.0 0.484157 0.473435 1.0
0 0.482422 0.61849 0.048828 0.072917 0.465058 0.609573 1.0 0.484688 0.60544 1.0 0.471602 0.622431 1.0 0.470912 0.636207 1.0 0.487789 0.631156 1.0
0 0.739258 0.733724 0.052734 0.084635 0.71943 0.715424 1.0 0.741089 0.716495 1.0 0.725446 0.739491 1.0 0.725446 0.752326 1.0 0.740688 0.752859 1.0
0 0.289062 0.779297 0.056641 0.092448 0.271083 0.765276 1.0 0.295062 0.770508 1.0 0.277623 0.787365 1.0 0.270211 0.798991 1.0 0.288086 0.804223 1.0
0 0.505371 0.777344 0.063477 0.096354 0.489014 0.76888 1.0 0.516218 0.763439 1.0 0.502616 0.789435 1.0 0.494908 0.802734 1.0 0.516671 0.799107 1.0
0 0.085938 0.882161 0.072266 0.141927 0.056092 0.873453 1.0 0.078918 0.87793 1.0 0.053406 0.899414 1.0 0.054748 0.920898 1.0 0.07019 0.921794 1.0
0 0.675781 0.162109 0.015625 0.027344 0.669922 0.158854 1.0 0.673828 0.157552 1.0 0.669922 0.16276 1.0 0.667969 0.167969 1.0 0.671875 0.167969 1.0
0 0.660645 0.093099 0.012695 0.016927 0.0 0.0 0.0 0.0 0.0 0.0 0.0 0.0 0.0 0.0 0.0 0.0 0.0 0.0 0.0
0 0.578125 0.056641 0.015625 0.016927 0.574219 0.053385 1.0 0.579102 0.054688 1.0 0.576172 0.057292 1.0 0.574219 0.061198 1.0 0.578125 0.061198 1.0
0 0.580566 0.117839 0.016602 0.027344 0.574219 0.111979 1.0 0.580078 0.111979 1.0 0.576172 0.117188 1.0 0.574219 0.123698 1.0 0.579102 0.122396 1.0
0 0.597656 0.182292 0.011719 0.020833 0.59082 0.182292 1.0 0.592773 0.182292 1.0 0.591797 0.1875 1.0 0.589844 0.191406 1.0 0.59375 0.191406 1.0
0 0.638672 0.170573 0.011719 0.020833 0.636719 0.169271 1.0 0.640625 0.166667 1.0 0.638672 0.171875 1.0 0.639648 0.175781 1.0 0.641602 0.174479 1.0