0 0.54834 0.504 0.049805 0.0448 0.538208 0.499932 1.0 0.560939 0.49965 1.0 0.548885 0.504446 1.0 0.540619 0.515732 1.0 0.556807 0.516578 1.0
0 0.726074 0.404 0.053711 0.0464 0.711836 0.39441 1.0 0.738612 0.393818 1.0 0.726672 0.403007 1.0 0.71654 0.413975 1.0 0.735355 0.413678 1.0
0 0.197754 0.3196 0.063477 0.0648 0.205218 0.306578 1.0 0.223109 0.306171 1.0 0.224104 0.314722 1.0 0.206709 0.329786 1.0 0.224601 0.330193 1.0
0 0.013184 0.3948 0.026367 0.028 0.000637 0.386007 1.0 0.015023 0.38565 1.0 0.00565 0.390114 1.0 0.001072 0.3994 1.0 0.014806 0.399043 1.0
0 0.025391 0.2748 0.005859 0.0056 0.0 0.0 0.0 0.0 0.0 0.0 0.0 0.0 0.0 0.0 0.0 0.0 0.0 0.0 0.0
0 0.016602 0.274 0.005859 0.0056 0.0 0.0 0.0 0.0 0.0 0.0 0.0 0.0 0.0 0.0 0.0 0.0 0.0 0.0 0.0
0 0.069336 0.2072 0.015625 0.016 0.067692 0.204625 1.0 0.074267 0.205454 1.0 0.071105 0.208871 1.0 0.068957 0.211461 1.0 0.072876 0.211564 1.0
0 0.092285 0.1988 0.012695 0.0152 0.0 0.0 0.0 0.0 0.0 0.0 0.0 0.0 0.0 0.0 0.0 0.0 0.0 0.0 0.0
0 0.136719 0.2652 0.009766 0.0088 0.0 0.0 0.0 0.0 0.0 0.0 0.0 0.0 0.0 0.0 0.0 0.0 0.0 0.0 0.0
0 0.273438 0.208 0.015625 0.0128 0.0 0.0 0.0 0.0 0.0 0.0 0.0 0.0 0.0 0.0 0.0 0.0 0.0 0.0 0.0
0 0.221191 0.2004 0.012695 0.0136 0.0 0.0 0.0 0.0 0.0 0.0 0.0 0.0 0.0 0.0 0.0 0.0 0.0 0.0 0.0
0 0.182129 0.2004 0.016602 0.0168 0.177229 0.19775 1.0 0.18573 0.197322 1.0 0.181938 0.200643 1.0 0.17919 0.20375 1.0 0.185076 0.20375 1.0
0 0.194824 0.2036 0.012695 0.012 0.191642 0.201471 1.0 0.197396 0.202493 1.0 0.194039 0.204378 1.0 0.192217 0.206971 1.0 0.195479 0.207678 1.0
0 0.168945 0.2104 0.011719 0.0144 0.0 0.0 0.0 0.0 0.0 0.0 0.0 0.0 0.0 0.0 0.0 0.0 0.0 0.0 0.0
0 0.165039 0.224 0.011719 0.0128 0.0 0.0 0.0 0.0 0.0 0.0 0.0 0.0 0.0 0.0 0.0 0.0 0.0 0.0 0.0
0 0.363281 0.1868 0.009766 0.012 0.0 0.0 0.0 0.0 0.0 0.0 0.0 0.0 0.0 0.0 0.0 0.0 0.0 0.0 0.0
0 0.52832 0.16 0.017578 0.0144 0.52322 0.155671 1.0 0.52832 0.1553 1.0 0.523673 0.1592 1.0 0.523446 0.163564 1.0 0.527413 0.163193 1.0
0 0.598633 0.1336 0.009766 0.0192 0.0 0.0 0.0 0.0 0.0 0.0 0.0 0.0 0.0 0.0 0.0 0.0 0.0 0.0 0.0
0 0.629395 0.1784 0.010742 0.0112 0.0 0.0 0.0 0.0 0.0 0.0 0.0 0.0 0.0 0.0 0.0 0.0 0.0 0.0 0.0
0 0.645508 0.1676 0.011719 0.0104 0.0 0.0 0.0 0.0 0.0 0.0 0.0 0.0 0.0 0.0 0.0 0.0 0.0 0.0 0.0
0 0.664062 0.128 0.019531 0.0176 0.656381 0.125361 1.0 0.660553 0.124654 1.0 0.657388 0.12819 1.0 0.657819 0.132197 1.0 0.661848 0.131371 1.0
0 0.706543 0.1572 0.012695 0.0168 0.0 0.0 0.0 0.0 0.0 0.0 0.0 0.0 0.0 0.0 0.0 0.0 0.0 0.0 0.0
0 0.882812 0.1028 0.017578 0.0216 0.884046 0.099354 1.0 0.890507 0.099354 1.0 0.889827 0.10395 1.0 0.885917 0.108268 1.0 0.889827 0.10785 1.0
0 0.822754 0.1044 0.020508 0.0184 0.0 0.0 0.0 0.0 0.0 0.0 0.0 0.0 0.0 0.0 0.0 0.0 0.0 0.0 0.0
0 0.742188 0.1452 0.019531 0.0216 0.0 0.0 0.0 0.0 0.0 0.0 0.0 0.0 0.0 0.0 0.0 0.0 0.0 0.0 0.0