0 0.139648 0.366422 0.023438 0.039216 0.0 0.0 0.0 0.0 0.0 0.0 0.0 0.0 0.0 0.0 0.0 0.0 0.0 0.0 0.0
0 0.186523 0.355392 0.037109 0.066176 0.175764 0.341672 1.0 0.194649 0.341255 1.0 0.18206 0.346245 1.0 0.175433 0.364124 1.0 0.190674 0.365371 1.0
0 0.22998 0.328431 0.026367 0.036765 0.0 0.0 0.0 0.0 0.0 0.0 0.0 0.0 0.0 0.0 0.0 0.0 0.0 0.0 0.0
0 0.253906 0.370711 0.027344 0.040441 0.0 0.0 0.0 0.0 0.0 0.0 0.0 0.0 0.0 0.0 0.0 0.0 0.0 0.0 0.0
0 0.322266 0.321078 0.021484 0.036765 0.316772 0.310662 1.0 0.324097 0.310431 1.0 0.317322 0.315257 1.0 0.317322 0.327206 1.0 0.323547 0.325827 1.0
0 0.369629 0.395221 0.041992 0.064951 0.354754 0.376762 1.0 0.374699 0.379634 1.0 0.359005 0.389482 1.0 0.3541 0.403843 1.0 0.366852 0.406305 1.0
0 0.38623 0.328431 0.030273 0.029412 0.374809 0.327337 1.0 0.388619 0.326374 1.0 0.378453 0.33504 1.0 0.375959 0.341299 1.0 0.383057 0.341299 1.0
0 0.430176 0.345588 0.03418 0.056373 0.418147 0.337507 1.0 0.436567 0.335729 1.0 0.425516 0.346754 1.0 0.420131 0.358489 1.0 0.434867 0.358489 1.0
0 0.464844 0.338235 0.011719 0.029412 0.0 0.0 0.0 0.0 0.0 0.0 0.0 0.0 0.0 0.0 0.0 0.0 0.0 0.0 0.0
0 0.454102 0.309436 0.007812 0.011029 0.0 0.0 0.0 0.0 0.0 0.0 0.0 0.0 0.0 0.0 0.0 0.0 0.0 0.0 0.0
0 0.526855 0.390319 0.049805 0.072304 0.512451 0.380055 1.0 0.53479 0.379596 1.0 0.520874 0.390165 1.0 0.512817 0.40671 1.0 0.53186 0.40671 1.0
0 0.577637 0.362132 0.043945 0.067402 0.567932 0.339001 1.0 0.588409 0.341108 1.0 0.576324 0.35164 1.0 0.56659 0.36554 1.0 0.583374 0.368069 1.0
0 0.538574 0.321691 0.018555 0.018382 0.0 0.0 0.0 0.0 0.0 0.0 0.0 0.0 0.0 0.0 0.0 0.0 0.0 0.0 0.0
0 0.54541 0.29902 0.020508 0.019608 0.0 0.0 0.0 0.0 0.0 0.0 0.0 0.0 0.0 0.0 0.0 0.0 0.0 0.0 0.0
0 0.575684 0.289216 0.036133 0.034314 0.0 0.0 0.0 0.0 0.0 0.0 0.0 0.0 0.0 0.0 0.0 0.0 0.0 0.0 0.0
0 0.625977 0.298407 0.009766 0.015931 0.0 0.0 0.0 0.0 0.0 0.0 0.0 0.0 0.0 0.0 0.0 0.0 0.0 0.0 0.0
0 0.679688 0.392157 0.046875 0.058824 0.673759 0.376904 1.0 0.693621 0.375415 1.0 0.686803 0.390669 1.0 0.674647 0.404434 1.0 0.693621 0.402946 1.0
0 0.606934 0.3125 0.008789 0.012255 0.606083 0.311641 1.0 0.610138 0.311312 1.0 0.607784 0.313857 1.0 0.606148 0.315333 1.0 0.610072 0.31517 1.0
0 0.694824 0.294118 0.02832 0.044118 0.687845 0.282624 1.0 0.70163 0.284576 1.0 0.694737 0.289598 1.0 0.688512 0.301597 1.0 0.698072 0.303271 1.0
0 0.833008 0.322917 0.037109 0.057598 0.836901 0.318152 1.0 0.842743 0.319251 1.0 0.838945 0.335746 1.0 0.823173 0.336113 1.0 0.831059 0.337212 1.0
0 0.839844 0.369485 0.025391 0.025735 0.0 0.0 0.0 0.0 0.0 0.0 0.0 0.0 0.0 0.0 0.0 0.0 0.0 0.0 0.0
0 0.897949 0.329657 0.022461 0.029412 0.0 0.0 0.0 0.0 0.0 0.0 0.0 0.0 0.0 0.0 0.0 0.0 0.0 0.0 0.0
0 0.921875 0.344975 0.023438 0.035539 0.0 0.0 0.0 0.0 0.0 0.0 0.0 0.0 0.0 0.0 0.0 0.0 0.0 0.0 0.0
0 0.878906 0.409926 0.052734 0.074755 0.864384 0.389662 1.0 0.8879 0.389662 1.0 0.873487 0.402989 1.0 0.864764 0.421076 1.0 0.886763 0.422028 1.0