0 0.124023 0.44184 0.029297 0.057292 0.11452 0.430911 1.0 0.126813 0.432005 1.0 0.118003 0.446941 1.0 0.116158 0.458962 1.0 0.122716 0.459325 1.0
0 0.150391 0.405382 0.015625 0.039931 0.0 0.0 0.0 0.0 0.0 0.0 0.0 0.0 0.0 0.0 0.0 0.0 0.0 0.0 0.0
0 0.032227 0.347222 0.027344 0.059028 0.021065 0.332342 1.0 0.030273 0.331969 1.0 0.020438 0.351314 1.0 0.029646 0.359872 1.0 0.029646 0.359872 1.0
0 0.049316 0.300347 0.012695 0.03125 0.0 0.0 0.0 0.0 0.0 0.0 0.0 0.0 0.0 0.0 0.0 0.0 0.0 0.0 0.0
0 0.037598 0.193576 0.010742 0.022569 0.0 0.0 0.0 0.0 0.0 0.0 0.0 0.0 0.0 0.0 0.0 0.0 0.0 0.0 0.0
0 0.016602 0.144097 0.015625 0.03125 0.013768 0.136036 1.0 0.023176 0.136036 1.0 0.018982 0.144299 1.0 0.014788 0.152964 1.0 0.020909 0.152561 1.0
0 0.004395 0.189236 0.008789 0.052083 0.0 0.0 0.0 0.0 0.0 0.0 0.0 0.0 0.0 0.0 0.0 0.0 0.0 0.0 0.0
0 0.068848 0.121528 0.016602 0.03125 0.0 0.0 0.0 0.0 0.0 0.0 0.0 0.0 0.0 0.0 0.0 0.0 0.0 0.0 0.0
0 0.027832 0.105903 0.012695 0.027778 0.0 0.0 0.0 0.0 0.0 0.0 0.0 0.0 0.0 0.0 0.0 0.0 0.0 0.0 0.0
0 0.04541 0.009549 0.016602 0.019097 0.0 0.0 0.0 0.0 0.0 0.0 0.0 0.0 0.0 0.0 0.0 0.0 0.0 0.0 0.0
0 0.030273 0.025174 0.007812 0.019097 0.0 0.0 0.0 0.0 0.0 0.0 0.0 0.0 0.0 0.0 0.0 0.0 0.0 0.0 0.0
0 0.109863 0.011285 0.014648 0.022569 0.0 0.0 0.0 0.0 0.0 0.0 0.0 0.0 0.0 0.0 0.0 0.0 0.0 0.0 0.0
0 0.125977 0.034722 0.009766 0.03125 0.0 0.0 0.0 0.0 0.0 0.0 0.0 0.0 0.0 0.0 0.0 0.0 0.0 0.0 0.0
0 0.084473 0.071181 0.006836 0.017361 0.0 0.0 0.0 0.0 0.0 0.0 0.0 0.0 0.0 0.0 0.0 0.0 0.0 0.0 0.0
0 0.109375 0.044271 0.007812 0.012153 0.0 0.0 0.0 0.0 0.0 0.0 0.0 0.0 0.0 0.0 0.0 0.0 0.0 0.0 0.0
0 0.102539 0.050347 0.005859 0.010417 0.0 0.0 0.0 0.0 0.0 0.0 0.0 0.0 0.0 0.0 0.0 0.0 0.0 0.0 0.0
0 0.321777 0.431424 0.026367 0.053819 0.313912 0.419642 1.0 0.32734 0.417597 1.0 0.319667 0.427828 1.0 0.315639 0.439422 1.0 0.324463 0.439422 1.0
0 0.38623 0.403646 0.022461 0.057292 0.0 0.0 0.0 0.0 0.0 0.0 0.0 0.0 0.0 0.0 0.0 0.0 0.0 0.0 0.0
0 0.496582 0.384549 0.024414 0.050347 0.488953 0.372938 1.0 0.499207 0.375217 1.0 0.491333 0.38726 1.0 0.487854 0.398003 1.0 0.495545 0.398979 1.0
0 0.54248 0.434028 0.030273 0.055556 0.531276 0.419813 1.0 0.545916 0.417318 1.0 0.53629 0.429083 1.0 0.533281 0.442988 1.0 0.542306 0.441561 1.0
0 0.5625 0.375868 0.023438 0.050347 0.555529 0.366823 1.0 0.56536 0.367776 1.0 0.559998 0.376038 1.0 0.557495 0.385889 1.0 0.563394 0.385889 1.0
0 0.447266 0.295139 0.019531 0.045139 0.447432 0.291604 1.0 0.454555 0.281885 1.0 0.456709 0.294255 1.0 0.452732 0.308097 1.0 0.456543 0.302797 1.0
0 0.511719 0.243056 0.017578 0.048611 0.506661 0.232639 1.0 0.508754 0.23295 1.0 0.503349 0.24442 1.0 0.509801 0.25155 1.0 0.512416 0.251859 1.0
0 0.430664 0.181424 0.017578 0.036458 0.424853 0.170372 1.0 0.432557 0.173014 1.0 0.428231 0.180943 1.0 0.425394 0.189592 1.0 0.432826 0.189833 1.0
0 0.502441 0.172743 0.020508 0.036458 0.0 0.0 0.0 0.0 0.0 0.0 0.0 0.0 0.0 0.0 0.0 0.0 0.0 0.0 0.0
0 0.476562 0.182292 0.009766 0.020833 0.0 0.0 0.0 0.0 0.0 0.0 0.0 0.0 0.0 0.0 0.0 0.0 0.0 0.0 0.0
0 0.353027 0.151042 0.008789 0.03125 0.0 0.0 0.0 0.0 0.0 0.0 0.0 0.0 0.0 0.0 0.0 0.0 0.0 0.0 0.0
0 0.379883 0.16059 0.005859 0.019097 0.0 0.0 0.0 0.0 0.0 0.0 0.0 0.0 0.0 0.0 0.0 0.0 0.0 0.0 0.0
0 0.649414 0.453125 0.027344 0.055556 0.639701 0.44029 1.0 0.648926 0.438865 1.0 0.642709 0.453839 1.0 0.640904 0.467385 1.0 0.648524 0.46596 1.0
0 0.717285 0.40191 0.026367 0.060764 0.707206 0.387866 1.0 0.718759 0.388253 1.0 0.710693 0.40453 1.0 0.709386 0.416543 1.0 0.716797 0.416155 1.0
0 0.698242 0.368924 0.025391 0.053819 0.688241 0.359856 1.0 0.699228 0.36125 1.0 0.690203 0.376597 1.0 0.690203 0.387059 1.0 0.695107 0.385316 1.0
0 0.63916 0.355035 0.026367 0.050347 0.640747 0.341472 1.0 0.645142 0.340819 1.0 0.648071 0.352865 1.0 0.644592 0.366861 1.0 0.645508 0.366861 1.0
0 0.590332 0.261285 0.022461 0.053819 0.580531 0.251891 1.0 0.588013 0.249845 1.0 0.582258 0.261781 1.0 0.582066 0.270648 1.0 0.588013 0.269965 1.0
0 0.710938 0.304688 0.023438 0.050347 0.0 0.0 0.0 0.0 0.0 0.0 0.0 0.0 0.0 0.0 0.0 0.0 0.0 0.0 0.0
0 0.767578 0.330729 0.019531 0.046875 0.0 0.0 0.0 0.0 0.0 0.0 0.0 0.0 0.0 0.0 0.0 0.0 0.0 0.0 0.0
0 0.807617 0.341146 0.021484 0.050347 0.807739 0.33572 1.0 0.816162 0.332139 1.0 0.813965 0.345486 1.0 0.809021 0.354927 1.0 0.815613 0.353299 1.0
0 0.810547 0.271701 0.019531 0.043403 0.804107 0.260851 1.0 0.806854 0.260851 1.0 0.800751 0.270616 1.0 0.803345 0.280111 1.0 0.805023 0.280111 1.0
0 0.749023 0.226562 0.019531 0.039931 0.74465 0.215819 1.0 0.754146 0.216332 1.0 0.74796 0.224773 1.0 0.744795 0.238071 1.0 0.750837 0.237816 1.0
0 0.696289 0.222222 0.013672 0.038194 0.0 0.0 0.0 0.0 0.0 0.0 0.0 0.0 0.0 0.0 0.0 0.0 0.0 0.0 0.0
0 0.891602 0.292535 0.023438 0.057292 0.883532 0.27987 1.0 0.885581 0.27987 1.0 0.880049 0.292255 1.0 0.884146 0.304641 1.0 0.887016 0.305005 1.0
0 0.880371 0.28125 0.026367 0.052083 0.0 0.0 0.0 0.0 0.0 0.0 0.0 0.0 0.0 0.0 0.0 0.0 0.0 0.0 0.0
0 0.804199 0.164931 0.024414 0.052083 0.0 0.0 0.0 0.0 0.0 0.0 0.0 0.0 0.0 0.0 0.0 0.0 0.0 0.0 0.0
0 0.845215 0.194444 0.022461 0.038194 0.0 0.0 0.0 0.0 0.0 0.0 0.0 0.0 0.0 0.0 0.0 0.0 0.0 0.0 0.0
0 0.975586 0.192708 0.017578 0.048611 0.0 0.0 0.0 0.0 0.0 0.0 0.0 0.0 0.0 0.0 0.0 0.0 0.0 0.0 0.0
0 0.91748 0.190972 0.014648 0.041667 0.0 0.0 0.0 0.0 0.0 0.0 0.0 0.0 0.0 0.0 0.0 0.0 0.0 0.0 0.0
0 0.834961 0.151042 0.017578 0.03125 0.0 0.0 0.0 0.0 0.0 0.0 0.0 0.0 0.0 0.0 0.0 0.0 0.0 0.0 0.0
0 0.966797 0.15625 0.013672 0.034722 0.964513 0.144625 1.0 0.965951 0.145089 1.0 0.959935 0.149972 1.0 0.960981 0.16183 1.0 0.962943 0.162062 1.0
0 0.971191 0.111979 0.018555 0.029514 0.0 0.0 0.0 0.0 0.0 0.0 0.0 0.0 0.0 0.0 0.0 0.0 0.0 0.0 0.0
0 0.996582 0.111979 0.006836 0.029514 0.0 0.0 0.0 0.0 0.0 0.0 0.0 0.0 0.0 0.0 0.0 0.0 0.0 0.0 0.0
0 0.996582 0.059896 0.006836 0.026042 0.0 0.0 0.0 0.0 0.0 0.0 0.0 0.0 0.0 0.0 0.0 0.0 0.0 0.0 0.0
0 0.994629 0.091146 0.008789 0.015625 0.0 0.0 0.0 0.0 0.0 0.0 0.0 0.0 0.0 0.0 0.0 0.0 0.0 0.0 0.0
0 0.960938 0.048611 0.017578 0.041667 0.0 0.0 0.0 0.0 0.0 0.0 0.0 0.0 0.0 0.0 0.0 0.0 0.0 0.0 0.0
0 0.986328 0.053819 0.005859 0.013889 0.0 0.0 0.0 0.0 0.0 0.0 0.0 0.0 0.0 0.0 0.0 0.0 0.0 0.0 0.0