0 0.91748 0.480122 0.032227 0.061162 0.0 0.0 0.0 0.0 0.0 0.0 0.0 0.0 0.0 0.0 0.0 0.0 0.0 0.0 0.0
0 0.865723 0.449541 0.030273 0.061162 0.854806 0.440606 1.0 0.873443 0.441384 1.0 0.862758 0.448388 1.0 0.857043 0.460838 1.0 0.867231 0.460838 1.0
0 0.82666 0.465596 0.038086 0.065749 0.814693 0.451575 1.0 0.831713 0.451992 1.0 0.821075 0.465317 1.0 0.816022 0.482804 1.0 0.827458 0.482388 1.0
0 0.725586 0.461774 0.039062 0.073394 0.71739 0.444463 1.0 0.732213 0.45189 1.0 0.720354 0.46535 1.0 0.713536 0.471849 1.0 0.725395 0.478347 1.0
0 0.637207 0.454128 0.036133 0.067278 0.630449 0.443547 1.0 0.647479 0.441009 1.0 0.641802 0.454552 1.0 0.635045 0.468518 1.0 0.646668 0.467248 1.0
0 0.522461 0.422018 0.035156 0.06422 0.510803 0.402517 1.0 0.524101 0.404598 1.0 0.513729 0.419589 1.0 0.512665 0.434162 1.0 0.521175 0.435411 1.0
0 0.446289 0.419725 0.029297 0.068807 0.438149 0.41085 1.0 0.456569 0.412182 1.0 0.445518 0.419281 1.0 0.4407 0.436586 1.0 0.451752 0.435254 1.0
0 0.40332 0.446483 0.037109 0.067278 0.396515 0.439268 1.0 0.41327 0.433677 1.0 0.406952 0.447439 1.0 0.402832 0.464211 1.0 0.415467 0.460339 1.0
0 0.333984 0.437309 0.033203 0.070336 0.0 0.0 0.0 0.0 0.0 0.0 0.0 0.0 0.0 0.0 0.0 0.0 0.0 0.0 0.0
0 0.350098 0.425076 0.018555 0.045872 0.334229 0.429569 1.0 0.344849 0.4267 1.0 0.341369 0.440176 1.0 0.338623 0.452505 1.0 0.345215 0.44935 1.0
0 0.282715 0.425076 0.038086 0.073394 0.278617 0.41819 1.0 0.295463 0.420073 1.0 0.290349 0.429963 1.0 0.281926 0.445508 1.0 0.294259 0.444095 1.0
0 0.215332 0.399847 0.03418 0.068807 0.0 0.0 0.0 0.0 0.0 0.0 0.0 0.0 0.0 0.0 0.0 0.0 0.0 0.0 0.0
0 0.166992 0.364679 0.039062 0.068807 0.159249 0.346439 1.0 0.17599 0.346439 1.0 0.168178 0.363914 1.0 0.160365 0.38139 1.0 0.175153 0.380515 1.0
0 0.031738 0.43578 0.040039 0.076453 0.03125 0.4267 1.0 0.048645 0.420966 1.0 0.047119 0.438647 1.0 0.038879 0.456327 1.0 0.050477 0.452026 1.0
0 0.112793 0.399847 0.030273 0.056575 0.0 0.0 0.0 0.0 0.0 0.0 0.0 0.0 0.0 0.0 0.0 0.0 0.0 0.0 0.0
0 0.507324 0.348624 0.022461 0.027523 0.0 0.0 0.0 0.0 0.0 0.0 0.0 0.0 0.0 0.0 0.0 0.0 0.0 0.0 0.0
0 0.70166 0.456422 0.020508 0.047401 0.0 0.0 0.0 0.0 0.0 0.0 0.0 0.0 0.0 0.0 0.0 0.0 0.0 0.0 0.0
0 0.787598 0.470948 0.032227 0.055046 0.0 0.0 0.0 0.0 0.0 0.0 0.0 0.0 0.0 0.0 0.0 0.0 0.0 0.0 0.0
0 0.662109 0.458716 0.017578 0.039755 0.0 0.0 0.0 0.0 0.0 0.0 0.0 0.0 0.0 0.0 0.0 0.0 0.0 0.0 0.0
0 0.989258 0.481651 0.021484 0.070336 0.983699 0.467821 1.0 0.995602 0.472702 1.0 0.984266 0.489119 1.0 0.981433 0.495775 1.0 0.991351 0.500656 1.0