0 0.923828 0.450076 0.017578 0.043873 0.918108 0.44164 1.0 0.927761 0.440809 1.0 0.92061 0.452717 1.0 0.919538 0.459085 1.0 0.923828 0.459085 1.0
0 0.799316 0.431165 0.008789 0.015129 0.0 0.0 0.0 0.0 0.0 0.0 0.0 0.0 0.0 0.0 0.0 0.0 0.0 0.0 0.0
0 0.995117 0.469743 0.009766 0.03177 0.0 0.0 0.0 0.0 0.0 0.0 0.0 0.0 0.0 0.0 0.0 0.0 0.0 0.0 0.0
0 0.750977 0.47882 0.025391 0.05295 0.746513 0.467933 1.0 0.758938 0.469283 1.0 0.75327 0.477389 1.0 0.749564 0.487856 1.0 0.757629 0.486505 1.0
0 0.717285 0.437216 0.016602 0.030257 0.716165 0.433327 1.0 0.722233 0.436068 1.0 0.71844 0.441552 1.0 0.715153 0.446841 1.0 0.72059 0.44782 1.0
0 0.678223 0.426626 0.008789 0.018154 0.0 0.0 0.0 0.0 0.0 0.0 0.0 0.0 0.0 0.0 0.0 0.0 0.0 0.0 0.0
0 0.741211 0.433434 0.013672 0.025719 0.0 0.0 0.0 0.0 0.0 0.0 0.0 0.0 0.0 0.0 0.0 0.0 0.0 0.0 0.0
0 0.60791 0.405446 0.014648 0.030257 0.602975 0.401192 1.0 0.608468 0.401596 1.0 0.604021 0.409297 1.0 0.605591 0.412539 1.0 0.609253 0.412539 1.0
0 0.649414 0.442511 0.009766 0.016641 0.0 0.0 0.0 0.0 0.0 0.0 0.0 0.0 0.0 0.0 0.0 0.0 0.0 0.0 0.0
0 0.560059 0.52118 0.024414 0.049924 0.560926 0.508874 1.0 0.569737 0.510461 1.0 0.569532 0.519667 1.0 0.557853 0.529191 1.0 0.561131 0.53046 1.0
0 0.482422 0.419818 0.015625 0.03177 0.484157 0.416834 1.0 0.487558 0.416225 1.0 0.48952 0.423316 1.0 0.485334 0.431017 1.0 0.48795 0.430408 1.0
0 0.459473 0.431921 0.022461 0.059002 0.465088 0.420197 1.0 0.466064 0.420575 1.0 0.470459 0.434191 1.0 0.461182 0.445537 1.0 0.462158 0.445915 1.0
0 0.384766 0.411498 0.013672 0.024206 0.0 0.0 0.0 0.0 0.0 0.0 0.0 0.0 0.0 0.0 0.0 0.0 0.0 0.0 0.0
0 0.345703 0.426626 0.009766 0.02118 0.0 0.0 0.0 0.0 0.0 0.0 0.0 0.0 0.0 0.0 0.0 0.0 0.0 0.0 0.0
0 0.34375 0.365356 0.009766 0.019667 0.0 0.0 0.0 0.0 0.0 0.0 0.0 0.0 0.0 0.0 0.0 0.0 0.0 0.0 0.0
0 0.312988 0.394856 0.012695 0.02118 0.0 0.0 0.0 0.0 0.0 0.0 0.0 0.0 0.0 0.0 0.0 0.0 0.0 0.0 0.0
0 0.299805 0.430408 0.019531 0.043873 0.301147 0.425113 1.0 0.305359 0.425113 1.0 0.308654 0.434191 1.0 0.303527 0.44497 1.0 0.306457 0.44497 1.0
0 0.106934 0.431165 0.016602 0.039334 0.10951 0.42541 1.0 0.114188 0.425661 1.0 0.11435 0.434657 1.0 0.110478 0.441404 1.0 0.112575 0.441404 1.0
0 0.041504 0.444024 0.016602 0.03177 0.039529 0.439418 1.0 0.047503 0.440047 1.0 0.044529 0.448212 1.0 0.041016 0.453655 1.0 0.046151 0.454074 1.0
0 0.017578 0.444781 0.009766 0.027231 0.0 0.0 0.0 0.0 0.0 0.0 0.0 0.0 0.0 0.0 0.0 0.0 0.0 0.0 0.0
0 0.577148 0.444781 0.007812 0.012103 0.0 0.0 0.0 0.0 0.0 0.0 0.0 0.0 0.0 0.0 0.0 0.0 0.0 0.0 0.0