0 0.740234 0.483724 0.035156 0.058594 0.739188 0.477492 1.0 0.751465 0.476749 1.0 0.745326 0.489397 1.0 0.735282 0.49721 1.0 0.751744 0.495721 1.0
0 0.620605 0.490885 0.032227 0.059896 0.621456 0.487212 1.0 0.63194 0.486833 1.0 0.627406 0.498169 1.0 0.620039 0.503081 1.0 0.63024 0.502703 1.0
0 0.503418 0.474609 0.040039 0.063802 0.511475 0.467854 1.0 0.523377 0.458089 1.0 0.524292 0.474772 1.0 0.512695 0.491862 1.0 0.513306 0.492676 1.0
0 0.791992 0.321615 0.021484 0.028646 0.791155 0.315383 1.0 0.799525 0.314453 1.0 0.795898 0.319848 1.0 0.793806 0.326358 1.0 0.799107 0.326358 1.0
0 0.736816 0.326823 0.018555 0.026042 0.734559 0.324382 1.0 0.741229 0.323684 1.0 0.739005 0.33188 1.0 0.734819 0.33624 1.0 0.741098 0.335716 1.0
0 0.655273 0.33138 0.017578 0.032552 0.0 0.0 0.0 0.0 0.0 0.0 0.0 0.0 0.0 0.0 0.0 0.0 0.0 0.0 0.0
0 0.24707 0.490885 0.041016 0.070312 0.256679 0.483375 1.0 0.265956 0.479841 1.0 0.270264 0.493094 1.0 0.25933 0.508556 1.0 0.267613 0.507673 1.0
0 0.380371 0.433594 0.02832 0.044271 0.0 0.0 0.0 0.0 0.0 0.0 0.0 0.0 0.0 0.0 0.0 0.0 0.0 0.0 0.0
0 0.307617 0.320312 0.017578 0.03125 0.0 0.0 0.0 0.0 0.0 0.0 0.0 0.0 0.0 0.0 0.0 0.0 0.0 0.0 0.0
0 0.199707 0.36849 0.022461 0.033854 0.200222 0.37357 1.0 0.20602 0.37357 1.0 0.206352 0.382406 1.0 0.200719 0.386382 1.0 0.20602 0.386382 1.0
0 0.143555 0.462891 0.017578 0.032552 0.0 0.0 0.0 0.0 0.0 0.0 0.0 0.0 0.0 0.0 0.0 0.0 0.0 0.0 0.0
0 0.076172 0.396484 0.023438 0.048177 0.0 0.0 0.0 0.0 0.0 0.0 0.0 0.0 0.0 0.0 0.0 0.0 0.0 0.0 0.0
0 0.480469 0.327474 0.009766 0.016927 0.0 0.0 0.0 0.0 0.0 0.0 0.0 0.0 0.0 0.0 0.0 0.0 0.0 0.0 0.0
0 0.944336 0.332031 0.009766 0.018229 0.0 0.0 0.0 0.0 0.0 0.0 0.0 0.0 0.0 0.0 0.0 0.0 0.0 0.0 0.0
0 0.977051 0.322266 0.006836 0.014323 0.0 0.0 0.0 0.0 0.0 0.0 0.0 0.0 0.0 0.0 0.0 0.0 0.0 0.0 0.0
0 0.258789 0.407552 0.025391 0.041667 0.0 0.0 0.0 0.0 0.0 0.0 0.0 0.0 0.0 0.0 0.0 0.0 0.0 0.0 0.0