0 0.873535 0.076923 0.03418 0.039788 0.878061 0.071524 1.0 0.88351 0.074484 1.0 0.881112 0.08366 1.0 0.872611 0.085733 1.0 0.874354 0.087214 1.0
0 0.712891 0.081565 0.03125 0.059682 0.717285 0.071428 1.0 0.722308 0.069534 1.0 0.726493 0.080902 1.0 0.718401 0.094164 1.0 0.723424 0.093407 1.0
0 0.492676 0.051061 0.036133 0.064987 0.500854 0.042938 1.0 0.506348 0.04418 1.0 0.507264 0.057029 1.0 0.496887 0.06822 1.0 0.502075 0.068634 1.0
0 0.396973 0.028515 0.022461 0.043767 0.398979 0.01537 1.0 0.403582 0.016934 1.0 0.407994 0.027094 1.0 0.400704 0.037253 1.0 0.405692 0.038817 1.0
0 0.546875 0.210875 0.03125 0.061008 0.545898 0.201592 1.0 0.556641 0.198939 1.0 0.554688 0.214854 1.0 0.550781 0.228117 1.0 0.55957 0.224138 1.0
0 0.902344 0.3813 0.023438 0.051724 0.90918 0.376658 1.0 0.910156 0.3687 1.0 0.914062 0.376658 1.0 0.911133 0.396552 1.0 0.914062 0.38992 1.0
0 0.625 0.40252 0.050781 0.080902 0.612283 0.388611 1.0 0.637481 0.390122 1.0 0.624882 0.407736 1.0 0.615618 0.424847 1.0 0.634146 0.423337 1.0
0 0.425781 0.448276 0.054688 0.095491 0.420354 0.439074 1.0 0.443255 0.437245 1.0 0.437866 0.45859 1.0 0.422599 0.473836 1.0 0.443255 0.470786 1.0
0 0.348145 0.293767 0.036133 0.064987 0.352657 0.285086 1.0 0.357169 0.280593 1.0 0.364088 0.293666 1.0 0.356267 0.315727 1.0 0.36108 0.310008 1.0
0 0.115723 0.441645 0.045898 0.079576 0.11227 0.433936 1.0 0.131169 0.435948 1.0 0.123758 0.445511 1.0 0.114493 0.460106 1.0 0.12598 0.462119 1.0
0 0.196777 0.592175 0.049805 0.088859 0.206124 0.598191 1.0 0.21432 0.594294 1.0 0.213911 0.611548 1.0 0.204895 0.625462 1.0 0.211452 0.621009 1.0