0 0.348145 0.607613 0.067383 0.120059 0.329105 0.581325 1.0 0.362195 0.575312 1.0 0.345149 0.602372 1.0 0.333117 0.63319 1.0 0.362195 0.627928 1.0
0 0.325195 0.489751 0.052734 0.083455 0.0 0.0 0.0 0.0 0.0 0.0 0.0 0.0 0.0 0.0 0.0 0.0 0.0 0.0 0.0
0 0.689453 0.120791 0.0625 0.147877 0.674727 0.107064 1.0 0.703822 0.10428 1.0 0.687107 0.141406 1.0 0.674727 0.160898 1.0 0.698251 0.158113 1.0
0 0.901855 0.520498 0.053711 0.103953 0.904854 0.498849 1.0 0.923165 0.50604 1.0 0.909215 0.521073 1.0 0.897008 0.541335 1.0 0.916626 0.545258 1.0
0 0.835938 0.497072 0.029297 0.086384 0.839478 0.487006 1.0 0.844238 0.487006 1.0 0.848999 0.507321 1.0 0.841309 0.525439 1.0 0.846069 0.525439 1.0
0 0.965332 0.504392 0.053711 0.09224 0.947292 0.494247 1.0 0.97358 0.491306 1.0 0.958671 0.514837 1.0 0.950431 0.531898 1.0 0.973188 0.531309 1.0
0 0.256348 0.437042 0.043945 0.074671 0.0 0.0 0.0 0.0 0.0 0.0 0.0 0.0 0.0 0.0 0.0 0.0 0.0 0.0 0.0
0 0.291504 0.410688 0.022461 0.045388 0.0 0.0 0.0 0.0 0.0 0.0 0.0 0.0 0.0 0.0 0.0 0.0 0.0 0.0 0.0
0 0.383301 0.470717 0.024414 0.065886 0.372101 0.462253 1.0 0.387756 0.463076 1.0 0.374298 0.471312 1.0 0.371552 0.486136 1.0 0.388031 0.485313 1.0
0 0.401855 0.483163 0.026367 0.06735 0.0 0.0 0.0 0.0 0.0 0.0 0.0 0.0 0.0 0.0 0.0 0.0 0.0 0.0 0.0
0 0.288574 0.375549 0.016602 0.02489 0.0 0.0 0.0 0.0 0.0 0.0 0.0 0.0 0.0 0.0 0.0 0.0 0.0 0.0 0.0
0 0.26416 0.393119 0.014648 0.030747 0.0 0.0 0.0 0.0 0.0 0.0 0.0 0.0 0.0 0.0 0.0 0.0 0.0 0.0 0.0
0 0.329102 0.379941 0.009766 0.016105 0.0 0.0 0.0 0.0 0.0 0.0 0.0 0.0 0.0 0.0 0.0 0.0 0.0 0.0 0.0
0 0.306152 0.382138 0.010742 0.026354 0.0 0.0 0.0 0.0 0.0 0.0 0.0 0.0 0.0 0.0 0.0 0.0 0.0 0.0 0.0
0 0.381836 0.374085 0.015625 0.030747 0.0 0.0 0.0 0.0 0.0 0.0 0.0 0.0 0.0 0.0 0.0 0.0 0.0 0.0 0.0
0 0.25293 0.2306 0.011719 0.021962 0.0 0.0 0.0 0.0 0.0 0.0 0.0 0.0 0.0 0.0 0.0 0.0 0.0 0.0 0.0
0 0.279297 0.211567 0.009766 0.019034 0.0 0.0 0.0 0.0 0.0 0.0 0.0 0.0 0.0 0.0 0.0 0.0 0.0 0.0 0.0
0 0.309082 0.218887 0.010742 0.019034 0.307434 0.2169 1.0 0.31141 0.217397 1.0 0.309505 0.220129 1.0 0.307849 0.223359 1.0 0.310996 0.224102 1.0
0 0.331543 0.210835 0.010742 0.01757 0.0 0.0 0.0 0.0 0.0 0.0 0.0 0.0 0.0 0.0 0.0 0.0 0.0 0.0 0.0
0 0.391113 0.218887 0.010742 0.016105 0.0 0.0 0.0 0.0 0.0 0.0 0.0 0.0 0.0 0.0 0.0 0.0 0.0 0.0 0.0
0 0.40918 0.22328 0.009766 0.016105 0.0 0.0 0.0 0.0 0.0 0.0 0.0 0.0 0.0 0.0 0.0 0.0 0.0 0.0 0.0
0 0.438965 0.215959 0.010742 0.019034 0.0 0.0 0.0 0.0 0.0 0.0 0.0 0.0 0.0 0.0 0.0 0.0 0.0 0.0 0.0