0 0.514648 0.147293 0.003906 0.011146 0.0 0.0 0.0 0.0 0.0 0.0 0.0 0.0 0.0 0.0 0.0 0.0 0.0 0.0 0.0
0 0.486328 0.153662 0.005859 0.011146 0.0 0.0 0.0 0.0 0.0 0.0 0.0 0.0 0.0 0.0 0.0 0.0 0.0 0.0 0.0
0 0.455078 0.170382 0.005859 0.009554 0.0 0.0 0.0 0.0 0.0 0.0 0.0 0.0 0.0 0.0 0.0 0.0 0.0 0.0 0.0
0 0.491211 0.230096 0.023438 0.055732 0.485709 0.22539 1.0 0.494646 0.223613 1.0 0.490505 0.234986 1.0 0.486799 0.246717 1.0 0.496826 0.242096 1.0
0 0.518066 0.200637 0.008789 0.022293 0.0 0.0 0.0 0.0 0.0 0.0 0.0 0.0 0.0 0.0 0.0 0.0 0.0 0.0 0.0
0 0.554688 0.175955 0.013672 0.023885 0.551758 0.173567 1.0 0.55957 0.170382 1.0 0.555664 0.178344 1.0 0.552734 0.183121 1.0 0.560547 0.181529 1.0
0 0.634766 0.223726 0.021484 0.049363 0.632655 0.214769 1.0 0.639562 0.214769 1.0 0.635341 0.222275 1.0 0.631505 0.231973 1.0 0.640137 0.231347 1.0
0 0.557129 0.290605 0.032227 0.055732 0.0 0.0 0.0 0.0 0.0 0.0 0.0 0.0 0.0 0.0 0.0 0.0 0.0 0.0 0.0
0 0.763672 0.261146 0.042969 0.092357 0.755676 0.244981 1.0 0.776054 0.246146 1.0 0.764971 0.26072 1.0 0.754604 0.279955 1.0 0.771764 0.282288 1.0
0 0.736816 0.153662 0.008789 0.014331 0.0 0.0 0.0 0.0 0.0 0.0 0.0 0.0 0.0 0.0 0.0 0.0 0.0 0.0 0.0
0 0.788086 0.213376 0.035156 0.070064 0.78418 0.208599 1.0 0.798828 0.203822 1.0 0.793945 0.214968 1.0 0.788086 0.230892 1.0 0.802734 0.224522 1.0
0 0.724609 0.284236 0.056641 0.116242 0.713832 0.264338 1.0 0.739877 0.268 1.0 0.727304 0.272392 1.0 0.708893 0.310467 1.0 0.735387 0.313395 1.0
0 0.625977 0.257166 0.023438 0.052548 0.0 0.0 0.0 0.0 0.0 0.0 0.0 0.0 0.0 0.0 0.0 0.0 0.0 0.0 0.0
0 0.603516 0.343949 0.044922 0.101911 0.592529 0.328282 1.0 0.609401 0.320604 1.0 0.602339 0.339158 1.0 0.596453 0.366669 1.0 0.613325 0.362189 1.0
0 0.53418 0.381369 0.058594 0.132166 0.517578 0.363057 1.0 0.547852 0.361465 1.0 0.526367 0.390127 1.0 0.518555 0.410828 1.0 0.546875 0.406051 1.0
0 0.482422 0.297771 0.03125 0.085987 0.476898 0.2915 1.0 0.492004 0.290406 1.0 0.484955 0.302449 1.0 0.478241 0.317228 1.0 0.490997 0.317228 1.0
0 0.414062 0.254777 0.025391 0.050955 0.408182 0.245024 1.0 0.420737 0.242465 1.0 0.416028 0.253021 1.0 0.412301 0.267417 1.0 0.419952 0.266777 1.0
0 0.316406 0.26035 0.011719 0.023885 0.314715 0.260024 1.0 0.319227 0.256753 1.0 0.318726 0.264274 1.0 0.317823 0.268852 1.0 0.320831 0.267054 1.0
0 0.358887 0.357484 0.063477 0.148089 0.342896 0.337928 1.0 0.377733 0.326753 1.0 0.359458 0.357484 1.0 0.350891 0.394734 1.0 0.375449 0.389146 1.0
0 0.427734 0.343153 0.03125 0.074841 0.0 0.0 0.0 0.0 0.0 0.0 0.0 0.0 0.0 0.0 0.0 0.0 0.0 0.0 0.0
0 0.27002 0.272293 0.012695 0.031847 0.266602 0.280255 1.0 0.274414 0.27707 1.0 0.271484 0.283439 1.0 0.270508 0.288217 1.0 0.276367 0.286624 1.0
0 0.268066 0.324841 0.014648 0.035032 0.0 0.0 0.0 0.0 0.0 0.0 0.0 0.0 0.0 0.0 0.0 0.0 0.0 0.0 0.0
0 0.243164 0.332006 0.013672 0.030255 0.0 0.0 0.0 0.0 0.0 0.0 0.0 0.0 0.0 0.0 0.0 0.0 0.0 0.0 0.0
0 0.17041 0.268312 0.008789 0.017516 0.167969 0.264331 1.0 0.173828 0.261146 1.0 0.171875 0.265924 1.0 0.170898 0.272293 1.0 0.175781 0.270701 1.0
0 0.190918 0.324045 0.026367 0.049363 0.188367 0.319885 1.0 0.195038 0.317326 1.0 0.194449 0.325643 1.0 0.191507 0.334282 1.0 0.195626 0.333642 1.0
0 0.0625 0.31449 0.007812 0.014331 0.0 0.0 0.0 0.0 0.0 0.0 0.0 0.0 0.0 0.0 0.0 0.0 0.0 0.0 0.0
0 0.044922 0.343153 0.007812 0.02707 0.0 0.0 0.0 0.0 0.0 0.0 0.0 0.0 0.0 0.0 0.0 0.0 0.0 0.0 0.0
0 0.114746 0.390127 0.041992 0.076433 0.130803 0.398161 1.0 0.142233 0.395217 1.0 0.138323 0.415818 1.0 0.136819 0.433967 1.0 0.143136 0.431514 1.0
0 0.094238 0.467357 0.067383 0.122611 0.076643 0.456467 1.0 0.109432 0.447167 1.0 0.097076 0.473513 1.0 0.089948 0.501408 1.0 0.112283 0.495209 1.0
0 0.031738 0.438694 0.038086 0.068471 0.0 0.0 0.0 0.0 0.0 0.0 0.0 0.0 0.0 0.0 0.0 0.0 0.0 0.0 0.0
0 0.228027 0.507166 0.084961 0.176752 0.189262 0.487518 1.0 0.221906 0.475318 1.0 0.194022 0.51635 1.0 0.204224 0.556272 1.0 0.230067 0.541857 1.0
0 0.152832 0.411624 0.051758 0.097134 0.0 0.0 0.0 0.0 0.0 0.0 0.0 0.0 0.0 0.0 0.0 0.0 0.0 0.0 0.0
0 0.174805 0.322452 0.019531 0.036624 0.0 0.0 0.0 0.0 0.0 0.0 0.0 0.0 0.0 0.0 0.0 0.0 0.0 0.0 0.0
0 0.02832 0.573248 0.056641 0.226115 -0.002258 0.586599 1.0 0.025504 0.556892 1.0 0.019431 0.610648 1.0 0.007285 0.646013 1.0 0.042855 0.624795 1.0
0 0.528809 0.806529 0.147461 0.275478 0.493217 0.765838 1.0 0.545341 0.802263 1.0 0.485771 0.849096 1.0 0.469813 0.856033 1.0 0.5113 0.902866 1.0
0 0.874512 0.420382 0.106445 0.197452 0.848084 0.376045 1.0 0.891571 0.385997 1.0 0.853424 0.40839 1.0 0.835877 0.454419 1.0 0.870209 0.463127 1.0
0 0.901367 0.302548 0.050781 0.105096 0.0 0.0 0.0 0.0 0.0 0.0 0.0 0.0 0.0 0.0 0.0 0.0 0.0 0.0 0.0
0 0.978516 0.329618 0.042969 0.178344 0.990256 0.305384 1.0 1.017635 0.308732 1.0 1.001208 0.333287 1.0 0.979989 0.369 1.0 1.012844 0.376812 1.0
0 0.824707 0.242834 0.02832 0.062102 0.0 0.0 0.0 0.0 0.0 0.0 0.0 0.0 0.0 0.0 0.0 0.0 0.0 0.0 0.0
0 0.662109 0.431529 0.070312 0.165605 0.0 0.0 0.0 0.0 0.0 0.0 0.0 0.0 0.0 0.0 0.0 0.0 0.0 0.0 0.0
0 0.507812 0.230892 0.007812 0.031847 0.0 0.0 0.0 0.0 0.0 0.0 0.0 0.0 0.0 0.0 0.0 0.0 0.0 0.0 0.0