0 0.551758 0.447266 0.083984 0.128906 0.566528 0.42627 1.0 0.583008 0.423014 1.0 0.592773 0.453125 1.0 0.567749 0.482422 1.0 0.579346 0.477539 1.0
0 0.587891 0.440104 0.054688 0.088542 0.587402 0.420945 1.0 0.604144 0.426525 1.0 0.595772 0.44215 1.0 0.58238 0.460008 1.0 0.597447 0.463914 1.0
0 0.442871 0.449219 0.045898 0.067708 0.425834 0.435413 1.0 0.443338 0.436686 1.0 0.429334 0.452811 1.0 0.42838 0.46257 1.0 0.438245 0.462995 1.0
0 0.671875 0.416667 0.03125 0.057292 0.662812 0.406861 1.0 0.663635 0.406861 1.0 0.656494 0.42334 1.0 0.670502 0.432495 1.0 0.671875 0.432495 1.0
0 0.745117 0.40625 0.029297 0.046875 0.750632 0.393444 1.0 0.756857 0.394038 1.0 0.755746 0.402339 1.0 0.750854 0.409453 1.0 0.756413 0.410342 1.0
0 0.358887 0.518229 0.049805 0.070312 0.363368 0.504975 1.0 0.366351 0.505859 1.0 0.37629 0.526181 1.0 0.355748 0.535458 1.0 0.357735 0.537225 1.0
0 0.530762 0.58724 0.036133 0.127604 0.0 0.0 0.0 0.0 0.0 0.0 0.0 0.0 0.0 0.0 0.0 0.0 0.0 0.0 0.0
0 0.209473 0.729167 0.09082 0.148438 0.222726 0.706473 1.0 0.239467 0.690663 1.0 0.252022 0.722284 1.0 0.230399 0.766927 1.0 0.239467 0.757626 1.0
0 0.289062 0.445964 0.035156 0.061198 0.293439 0.43428 1.0 0.299281 0.432332 1.0 0.304247 0.439732 1.0 0.301326 0.451417 1.0 0.303955 0.449469 1.0
0 0.244141 0.48112 0.072266 0.110677 0.247838 0.464426 1.0 0.257255 0.458845 1.0 0.278704 0.480469 1.0 0.264579 0.509766 1.0 0.270856 0.506975 1.0
0 0.126953 0.447917 0.044922 0.059896 0.11853 0.442458 1.0 0.126465 0.438302 1.0 0.125614 0.448882 1.0 0.123064 0.461728 1.0 0.125614 0.46135 1.0
0 0.853027 0.481771 0.086914 0.109375 0.0 0.0 0.0 0.0 0.0 0.0 0.0 0.0 0.0 0.0 0.0 0.0 0.0 0.0 0.0
0 0.426758 0.819661 0.074219 0.188802 0.0 0.0 0.0 0.0 0.0 0.0 0.0 0.0 0.0 0.0 0.0 0.0 0.0 0.0 0.0
0 0.029297 0.840495 0.058594 0.175781 0.026149 0.816651 1.0 0.026978 0.804501 1.0 0.055141 0.835426 1.0 0.038574 0.891753 1.0 0.038574 0.88623 1.0
0 0.054688 0.442708 0.056641 0.09375 0.059091 0.428478 1.0 0.076434 0.426699 1.0 0.079546 0.456345 1.0 0.060869 0.469982 1.0 0.0751 0.469389 1.0
0 0.42041 0.417318 0.020508 0.035156 0.0 0.0 0.0 0.0 0.0 0.0 0.0 0.0 0.0 0.0 0.0 0.0 0.0 0.0 0.0
0 0.620117 0.395833 0.017578 0.03125 0.0 0.0 0.0 0.0 0.0 0.0 0.0 0.0 0.0 0.0 0.0 0.0 0.0 0.0 0.0