0 0.133789 0.139092 0.052734 0.105417 0.146323 0.121529 1.0 0.147221 0.121529 1.0 0.158447 0.139707 1.0 0.149018 0.16529 1.0 0.150364 0.16529 1.0
0 0.031738 0.114934 0.038086 0.039531 0.0 0.0 0.0 0.0 0.0 0.0 0.0 0.0 0.0 0.0 0.0 0.0 0.0 0.0 0.0
0 0.061035 0.169107 0.014648 0.039531 0.061715 0.165794 1.0 0.067496 0.161714 1.0 0.067496 0.168088 1.0 0.064775 0.181088 1.0 0.067496 0.178029 1.0
0 0.003418 0.160322 0.006836 0.02489 0.0 0.0 0.0 0.0 0.0 0.0 0.0 0.0 0.0 0.0 0.0 0.0 0.0 0.0 0.0
0 0.152832 0.195461 0.014648 0.033675 0.0 0.0 0.0 0.0 0.0 0.0 0.0 0.0 0.0 0.0 0.0 0.0 0.0 0.0 0.0
0 0.217773 0.168375 0.017578 0.032211 0.22161 0.167441 1.0 0.225124 0.166832 1.0 0.226205 0.173114 1.0 0.223772 0.177977 1.0 0.223772 0.177977 1.0
0 0.275879 0.189605 0.012695 0.02489 0.277187 0.187807 1.0 0.282092 0.187971 1.0 0.280675 0.19369 1.0 0.278604 0.198755 1.0 0.28111 0.198429 1.0
0 0.287109 0.175695 0.015625 0.020498 0.0 0.0 0.0 0.0 0.0 0.0 0.0 0.0 0.0 0.0 0.0 0.0 0.0 0.0 0.0
0 0.310059 0.200586 0.012695 0.01757 0.0 0.0 0.0 0.0 0.0 0.0 0.0 0.0 0.0 0.0 0.0 0.0 0.0 0.0 0.0
0 0.363281 0.149341 0.025391 0.055637 0.36251 0.140644 1.0 0.372373 0.138668 1.0 0.371738 0.147775 1.0 0.366523 0.159868 1.0 0.373437 0.158272 1.0
0 0.417969 0.165447 0.017578 0.040996 0.421631 0.160845 1.0 0.42477 0.160584 1.0 0.427734 0.17078 1.0 0.420934 0.174963 1.0 0.422503 0.174963 1.0
0 0.449707 0.224744 0.022461 0.048316 0.449986 0.213344 1.0 0.453753 0.211148 1.0 0.461495 0.222757 1.0 0.456474 0.236247 1.0 0.460868 0.234993 1.0
0 0.467773 0.250366 0.013672 0.035139 0.0 0.0 0.0 0.0 0.0 0.0 0.0 0.0 0.0 0.0 0.0 0.0 0.0 0.0 0.0
0 0.521973 0.188141 0.016602 0.036603 0.522565 0.184114 1.0 0.528687 0.183408 1.0 0.527901 0.189056 1.0 0.524763 0.196821 1.0 0.529 0.19635 1.0
0 0.594727 0.204246 0.019531 0.054173 0.0 0.0 0.0 0.0 0.0 0.0 0.0 0.0 0.0 0.0 0.0 0.0 0.0 0.0 0.0
0 0.645996 0.204978 0.016602 0.032211 0.647723 0.199586 1.0 0.649885 0.198978 1.0 0.652858 0.207286 1.0 0.64975 0.21458 1.0 0.650426 0.214378 1.0
0 0.633789 0.231332 0.037109 0.038067 0.0 0.0 0.0 0.0 0.0 0.0 0.0 0.0 0.0 0.0 0.0 0.0 0.0 0.0 0.0
0 0.619141 0.169107 0.023438 0.036603 0.0 0.0 0.0 0.0 0.0 0.0 0.0 0.0 0.0 0.0 0.0 0.0 0.0 0.0 0.0
0 0.755859 0.232796 0.019531 0.046852 0.760275 0.222659 1.0 0.76263 0.222953 1.0 0.763022 0.232953 1.0 0.758902 0.236483 1.0 0.760864 0.237072 1.0
0 0.799316 0.235725 0.026367 0.061493 0.804321 0.226312 1.0 0.805106 0.225136 1.0 0.811122 0.234548 1.0 0.808245 0.249059 1.0 0.808769 0.248666 1.0
0 0.810547 0.24817 0.011719 0.030747 0.0 0.0 0.0 0.0 0.0 0.0 0.0 0.0 0.0 0.0 0.0 0.0 0.0 0.0 0.0
0 0.90918 0.221083 0.011719 0.020498 0.0 0.0 0.0 0.0 0.0 0.0 0.0 0.0 0.0 0.0 0.0 0.0 0.0 0.0 0.0
0 0.984375 0.171303 0.007812 0.01757 0.0 0.0 0.0 0.0 0.0 0.0 0.0 0.0 0.0 0.0 0.0 0.0 0.0 0.0 0.0
0 0.935059 0.306735 0.008789 0.016105 0.0 0.0 0.0 0.0 0.0 0.0 0.0 0.0 0.0 0.0 0.0 0.0 0.0 0.0 0.0
0 0.689453 0.22328 0.017578 0.036603 0.0 0.0 0.0 0.0 0.0 0.0 0.0 0.0 0.0 0.0 0.0 0.0 0.0 0.0 0.0