0 0.964355 0.393512 0.069336 0.09591 0.940051 0.381441 1.0 0.971941 0.376656 1.0 0.946263 0.396396 1.0 0.937151 0.417929 1.0 0.963658 0.417929 1.0
0 0.728027 0.408322 0.053711 0.086037 0.707328 0.394312 1.0 0.731223 0.390477 1.0 0.711879 0.404172 1.0 0.712638 0.426085 1.0 0.726672 0.425536 1.0
0 0.698242 0.519041 0.0625 0.107193 0.677055 0.5 1.0 0.704834 0.497961 1.0 0.685529 0.517681 1.0 0.680821 0.542162 1.0 0.701067 0.539441 1.0
0 0.833984 0.46615 0.029297 0.046544 0.823469 0.456176 1.0 0.837105 0.456465 1.0 0.828683 0.463707 1.0 0.825675 0.47674 1.0 0.835502 0.47674 1.0
0 0.862793 0.442172 0.024414 0.043724 0.852539 0.431594 1.0 0.862305 0.428773 1.0 0.856445 0.438646 1.0 0.854492 0.45134 1.0 0.866211 0.448519 1.0
0 0.775879 0.463329 0.012695 0.023977 0.0 0.0 0.0 0.0 0.0 0.0 0.0 0.0 0.0 0.0 0.0 0.0 0.0 0.0 0.0
0 0.544434 0.504937 0.06543 0.110014 0.520927 0.484825 1.0 0.550659 0.482055 1.0 0.5286 0.492444 1.0 0.521406 0.527075 1.0 0.545384 0.526382 1.0
0 0.583984 0.416784 0.042969 0.077574 0.567383 0.406206 1.0 0.583984 0.401975 1.0 0.568359 0.416079 1.0 0.569336 0.431594 1.0 0.582031 0.433004 1.0
0 0.473145 0.410437 0.061523 0.098731 0.448486 0.392278 1.0 0.470498 0.38542 1.0 0.451508 0.399759 1.0 0.449781 0.432173 1.0 0.47352 0.425939 1.0
0 0.307617 0.509873 0.060547 0.108604 0.285745 0.485165 1.0 0.310455 0.486537 1.0 0.290972 0.507814 1.0 0.28527 0.533209 1.0 0.30998 0.533894 1.0
0 0.286133 0.480959 0.042969 0.081805 0.27063 0.470633 1.0 0.283143 0.463405 1.0 0.277779 0.486639 1.0 0.277779 0.505226 1.0 0.287432 0.498513 1.0
0 0.209473 0.494358 0.049805 0.080395 0.201103 0.479549 1.0 0.216448 0.471489 1.0 0.214355 0.485594 1.0 0.206334 0.505742 1.0 0.22447 0.502216 1.0
0 0.123047 0.541608 0.085938 0.115656 0.095477 0.515213 1.0 0.128453 0.515993 1.0 0.111694 0.537855 1.0 0.096017 0.565963 1.0 0.124128 0.567525 1.0
0 0.027832 0.445698 0.053711 0.09591 0.008021 0.428571 1.0 0.028948 0.423131 1.0 0.016393 0.446102 1.0 0.010951 0.467862 1.0 0.031459 0.464236 1.0