0 0.89502 0.239583 0.022461 0.059896 0.0 0.0 0.0 0.0 0.0 0.0 0.0 0.0 0.0 0.0 0.0 0.0 0.0 0.0 0.0
0 0.778809 0.291016 0.030273 0.050781 0.76753 0.281082 1.0 0.770407 0.281082 1.0 0.763934 0.29323 1.0 0.767051 0.301862 1.0 0.768969 0.301862 1.0
0 0.742188 0.252604 0.03125 0.046875 0.730582 0.241281 1.0 0.741477 0.242171 1.0 0.73414 0.253435 1.0 0.731249 0.259661 1.0 0.739031 0.260846 1.0
0 0.583984 0.273438 0.029297 0.046875 0.577937 0.267451 1.0 0.588388 0.267451 1.0 0.583273 0.275751 1.0 0.577937 0.286128 1.0 0.589944 0.285831 1.0
0 0.517578 0.267578 0.027344 0.061198 0.505502 0.252 1.0 0.512805 0.253168 1.0 0.507839 0.260957 1.0 0.507547 0.273031 1.0 0.511344 0.273421 1.0
0 0.40918 0.220703 0.037109 0.071615 0.410584 0.204182 1.0 0.419765 0.204182 1.0 0.422146 0.214611 1.0 0.417725 0.234108 1.0 0.420785 0.234108 1.0
0 0.364746 0.222656 0.020508 0.039062 0.0 0.0 0.0 0.0 0.0 0.0 0.0 0.0 0.0 0.0 0.0 0.0 0.0 0.0 0.0
0 0.34375 0.227214 0.025391 0.042969 0.0 0.0 0.0 0.0 0.0 0.0 0.0 0.0 0.0 0.0 0.0 0.0 0.0 0.0 0.0
0 0.333984 0.306641 0.037109 0.095052 0.342564 0.287249 1.0 0.344831 0.286645 1.0 0.351179 0.305385 1.0 0.346191 0.327148 1.0 0.346191 0.327148 1.0
0 0.279785 0.213542 0.036133 0.078125 0.0 0.0 0.0 0.0 0.0 0.0 0.0 0.0 0.0 0.0 0.0 0.0 0.0 0.0 0.0
0 0.197266 0.285156 0.035156 0.091146 0.208806 0.276448 1.0 0.205353 0.276448 1.0 0.211827 0.291411 1.0 0.203194 0.30925 1.0 0.200605 0.30925 1.0
0 0.075684 0.247396 0.038086 0.096354 0.0 0.0 0.0 0.0 0.0 0.0 0.0 0.0 0.0 0.0 0.0 0.0 0.0 0.0 0.0
0 0.19043 0.451172 0.046875 0.11849 0.0 0.0 0.0 0.0 0.0 0.0 0.0 0.0 0.0 0.0 0.0 0.0 0.0 0.0 0.0
0 0.033691 0.432292 0.057617 0.145833 0.0 0.0 0.0 0.0 0.0 0.0 0.0 0.0 0.0 0.0 0.0 0.0 0.0 0.0 0.0