0 0.025391 0.352113 0.019531 0.04507 0.0 0.0 0.0 0.0 0.0 0.0 0.0 0.0 0.0 0.0 0.0 0.0 0.0 0.0 0.0
0 0.054688 0.338732 0.027344 0.05493 0.0 0.0 0.0 0.0 0.0 0.0 0.0 0.0 0.0 0.0 0.0 0.0 0.0 0.0 0.0
0 0.166016 0.311972 0.054688 0.097183 0.167297 0.302641 1.0 0.185669 0.310035 1.0 0.178406 0.32051 1.0 0.163879 0.335299 1.0 0.17627 0.342693 1.0
0 0.226074 0.355634 0.020508 0.069014 0.230469 0.351408 1.0 0.234131 0.35273 1.0 0.236268 0.361532 1.0 0.228943 0.372096 1.0 0.231689 0.372535 1.0
0 0.331543 0.385211 0.020508 0.038028 0.329354 0.380615 1.0 0.337516 0.381841 1.0 0.333605 0.389197 1.0 0.329864 0.396308 1.0 0.335136 0.396555 1.0
0 0.359375 0.371127 0.015625 0.060563 0.0 0.0 0.0 0.0 0.0 0.0 0.0 0.0 0.0 0.0 0.0 0.0 0.0 0.0 0.0
0 0.419922 0.347887 0.027344 0.050704 0.418501 0.336921 1.0 0.428729 0.33628 1.0 0.426728 0.347183 1.0 0.419612 0.357765 1.0 0.428506 0.357445 1.0
0 0.509766 0.361268 0.015625 0.029577 0.503915 0.356225 1.0 0.510847 0.35679 1.0 0.5064 0.361885 1.0 0.504046 0.3666 1.0 0.508492 0.367166 1.0
0 0.59668 0.360563 0.015625 0.028169 0.599609 0.353873 1.0 0.602051 0.353521 1.0 0.605347 0.359155 1.0 0.599487 0.365845 1.0 0.600098 0.365845 1.0
0 0.67041 0.333099 0.022461 0.066197 0.0 0.0 0.0 0.0 0.0 0.0 0.0 0.0 0.0 0.0 0.0 0.0 0.0 0.0 0.0
0 0.813965 0.354225 0.012695 0.023944 0.813149 0.351238 1.0 0.819035 0.350296 1.0 0.818817 0.355955 1.0 0.815766 0.361299 1.0 0.819689 0.360828 1.0
0 0.8125 0.306338 0.003906 0.012676 0.0 0.0 0.0 0.0 0.0 0.0 0.0 0.0 0.0 0.0 0.0 0.0 0.0 0.0 0.0
0 0.822266 0.299296 0.001953 0.004225 0.0 0.0 0.0 0.0 0.0 0.0 0.0 0.0 0.0 0.0 0.0 0.0 0.0 0.0 0.0
0 0.83252 0.355634 0.018555 0.035211 0.827148 0.350855 1.0 0.835938 0.349724 1.0 0.831072 0.356514 1.0 0.828247 0.363758 1.0 0.835467 0.363079 1.0
0 0.938477 0.35 0.015625 0.029577 0.932125 0.345711 1.0 0.938747 0.346297 1.0 0.933882 0.351559 1.0 0.933882 0.357407 1.0 0.936854 0.358186 1.0
0 0.970703 0.369014 0.007812 0.030986 0.0 0.0 0.0 0.0 0.0 0.0 0.0 0.0 0.0 0.0 0.0 0.0 0.0 0.0 0.0