0 0.013672 0.795588 0.027344 0.091176 -0.004674 0.776785 1.0 0.004534 0.775053 1.0 -0.002755 0.800472 1.0 0.000313 0.816649 1.0 0.009138 0.81376 1.0
0 0.012207 0.716176 0.024414 0.088235 0.0 0.0 0.0 0.0 0.0 0.0 0.0 0.0 0.0 0.0 0.0 0.0 0.0 0.0 0.0
0 0.10498 0.794118 0.032227 0.082353 0.092438 0.773156 1.0 0.106214 0.780416 1.0 0.092094 0.787678 1.0 0.089338 0.797013 1.0 0.100015 0.803237 1.0
0 0.14209 0.730882 0.03418 0.079412 0.138916 0.709926 1.0 0.137237 0.709926 1.0 0.125824 0.725597 1.0 0.135895 0.743291 1.0 0.139588 0.744301 1.0
0 0.360352 0.618382 0.03125 0.092647 0.0 0.0 0.0 0.0 0.0 0.0 0.0 0.0 0.0 0.0 0.0 0.0 0.0 0.0 0.0
0 0.587891 0.652206 0.039062 0.077941 0.0 0.0 0.0 0.0 0.0 0.0 0.0 0.0 0.0 0.0 0.0 0.0 0.0 0.0 0.0
0 0.709961 0.652941 0.048828 0.094118 0.696381 0.637271 1.0 0.702332 0.637271 1.0 0.686065 0.655791 1.0 0.69757 0.675506 1.0 0.701935 0.676103 1.0
0 0.709961 0.555882 0.064453 0.105882 0.706391 0.535918 1.0 0.73193 0.533928 1.0 0.726205 0.559125 1.0 0.714316 0.578354 1.0 0.735893 0.574376 1.0
0 0.79541 0.679412 0.055664 0.088235 0.777017 0.650216 1.0 0.787393 0.655238 1.0 0.768864 0.674771 1.0 0.775164 0.694859 1.0 0.783316 0.699324 1.0
0 0.884766 0.555147 0.060547 0.101471 0.875305 0.544118 1.0 0.89325 0.546047 1.0 0.876587 0.563419 1.0 0.870178 0.57886 1.0 0.886414 0.583365 1.0
0 0.979004 0.575735 0.040039 0.095588 0.967163 0.550965 1.0 0.97232 0.549771 1.0 0.960419 0.571278 1.0 0.96994 0.592785 1.0 0.976288 0.592188 1.0
0 0.944336 0.897794 0.0625 0.063235 0.0 0.0 0.0 0.0 0.0 0.0 0.0 0.0 0.0 0.0 0.0 0.0 0.0 0.0 0.0