0 0.065918 0.18348 0.02832 0.045322 0.052734 0.168129 1.0 0.064453 0.169591 1.0 0.055664 0.179825 1.0 0.06543 0.187135 1.0 0.066406 0.190058 1.0
0 0.152832 0.157164 0.024414 0.03655 0.148438 0.147661 1.0 0.163086 0.150585 1.0 0.157227 0.154971 1.0 0.149414 0.163743 1.0 0.161133 0.165205 1.0
0 0.225586 0.150585 0.023438 0.035088 0.21875 0.143275 1.0 0.230469 0.140351 1.0 0.226562 0.149123 1.0 0.222656 0.159357 1.0 0.231445 0.157895 1.0
0 0.318359 0.144737 0.023438 0.046784 0.310909 0.136664 1.0 0.319737 0.140481 1.0 0.313066 0.148411 1.0 0.311104 0.156635 1.0 0.318363 0.159278 1.0
0 0.42334 0.126462 0.02832 0.045322 0.416474 0.120294 1.0 0.425694 0.114713 1.0 0.420397 0.126756 1.0 0.424517 0.14056 1.0 0.430206 0.134686 1.0
0 0.357422 0.013158 0.023438 0.026316 0.349609 0.004386 1.0 0.361328 0.002924 1.0 0.354492 0.00731 1.0 0.352539 0.019006 1.0 0.361328 0.019006 1.0
0 0.59668 0.168129 0.021484 0.040936 0.594299 0.159762 1.0 0.603141 0.159507 1.0 0.59991 0.166889 1.0 0.59685 0.176307 1.0 0.602631 0.176307 1.0
0 0.749512 0.130848 0.024414 0.045322 0.750789 0.122624 1.0 0.75844 0.1238 1.0 0.75589 0.131142 1.0 0.749809 0.141127 1.0 0.757264 0.142009 1.0
0 0.833984 0.119883 0.025391 0.049708 0.831939 0.114994 1.0 0.841553 0.114355 1.0 0.837707 0.12267 1.0 0.831513 0.133544 1.0 0.840698 0.134183 1.0
0 0.90332 0.157895 0.023438 0.04386 0.90377 0.150709 1.0 0.91408 0.152393 1.0 0.909206 0.159971 1.0 0.903207 0.165583 1.0 0.912393 0.167548 1.0
0 0.695312 0.033626 0.021484 0.032164 0.69043 0.024854 1.0 0.698242 0.023392 1.0 0.697266 0.027778 1.0 0.693359 0.03655 1.0 0.699219 0.035088 1.0
0 0.785645 0.027047 0.024414 0.033626 0.785313 0.016186 1.0 0.794416 0.012427 1.0 0.790492 0.019946 1.0 0.786568 0.032399 1.0 0.793945 0.031224 1.0
0 0.657227 0.015351 0.015625 0.027778 0.658203 0.010234 1.0 0.666992 0.013158 1.0 0.664062 0.017544 1.0 0.658203 0.024854 1.0 0.660156 0.026316 1.0
0 0.936523 0.021199 0.021484 0.030702 0.9375 0.01462 1.0 0.945312 0.011696 1.0 0.945312 0.017544 1.0 0.939453 0.026316 1.0 0.941406 0.026316 1.0