0 0.065918 0.278846 0.073242 0.159091 0.047015 0.268981 1.0 0.081055 0.265984 1.0 0.066546 0.301948 1.0 0.055385 0.32992 1.0 0.077148 0.326923 1.0
0 0.227539 0.236014 0.056641 0.125874 0.21875 0.225524 1.0 0.244141 0.225524 1.0 0.234375 0.246503 1.0 0.219727 0.269231 1.0 0.243164 0.272727 1.0
0 0.175781 0.249126 0.021484 0.071678 0.176793 0.266358 1.0 0.181092 0.270885 1.0 0.177551 0.280392 1.0 0.170471 0.280844 1.0 0.17477 0.286729 1.0
0 0.045898 0.15035 0.03125 0.055944 0.0 0.0 0.0 0.0 0.0 0.0 0.0 0.0 0.0 0.0 0.0 0.0 0.0 0.0 0.0
0 0.100098 0.174825 0.032227 0.059441 0.0 0.0 0.0 0.0 0.0 0.0 0.0 0.0 0.0 0.0 0.0 0.0 0.0 0.0 0.0
0 0.324707 0.278846 0.02832 0.071678 0.0 0.0 0.0 0.0 0.0 0.0 0.0 0.0 0.0 0.0 0.0 0.0 0.0 0.0 0.0
0 0.377441 0.229021 0.063477 0.15035 0.376953 0.223463 1.0 0.40142 0.212038 1.0 0.396633 0.250124 1.0 0.382271 0.27393 1.0 0.402483 0.268217 1.0
0 0.449707 0.258741 0.038086 0.087413 0.433594 0.258741 1.0 0.449219 0.256993 1.0 0.4375 0.270979 1.0 0.435547 0.283217 1.0 0.446289 0.283217 1.0
0 0.586426 0.291958 0.02832 0.087413 0.0 0.0 0.0 0.0 0.0 0.0 0.0 0.0 0.0 0.0 0.0 0.0 0.0 0.0 0.0
0 0.682129 0.173951 0.073242 0.155594 0.654463 0.138199 1.0 0.679775 0.135524 1.0 0.653584 0.165664 1.0 0.652656 0.211399 1.0 0.671074 0.210332 1.0
0 0.781738 0.176573 0.055664 0.090909 0.762695 0.166084 1.0 0.788086 0.160839 1.0 0.767578 0.187063 1.0 0.765625 0.213287 1.0 0.782227 0.20979 1.0
0 0.654785 0.187063 0.045898 0.136364 0.65285 0.142872 1.0 0.676078 0.13421 1.0 0.65285 0.163664 1.0 0.65527 0.214778 1.0 0.673658 0.213045 1.0
0 0.878906 0.199301 0.035156 0.097902 0.883789 0.208042 1.0 0.902344 0.204545 1.0 0.895508 0.22028 1.0 0.885742 0.23951 1.0 0.900391 0.237762 1.0
0 0.90918 0.086538 0.033203 0.085664 0.0 0.0 0.0 0.0 0.0 0.0 0.0 0.0 0.0 0.0 0.0 0.0 0.0 0.0 0.0
0 0.921387 0.148601 0.041992 0.111888 0.90795 0.136661 1.0 0.933847 0.13385 1.0 0.917367 0.148601 1.0 0.910697 0.179509 1.0 0.929923 0.175997 1.0
0 0.969727 0.212413 0.058594 0.18007 0.952488 0.184121 1.0 0.983464 0.190911 1.0 0.953121 0.222598 1.0 0.951225 0.258811 1.0 0.975878 0.262206 1.0
0 0.525391 0.198427 0.011719 0.02972 0.0 0.0 0.0 0.0 0.0 0.0 0.0 0.0 0.0 0.0 0.0 0.0 0.0 0.0 0.0
0 0.51416 0.189685 0.010742 0.022727 0.0 0.0 0.0 0.0 0.0 0.0 0.0 0.0 0.0 0.0 0.0 0.0 0.0 0.0 0.0