0 0.805664 0.2306 0.046875 0.068814 0.793213 0.21358 1.0 0.813372 0.208691 1.0 0.802106 0.222914 1.0 0.796178 0.242026 1.0 0.811297 0.239804 1.0
0 0.770508 0.29795 0.025391 0.048316 0.768215 0.293611 1.0 0.769017 0.293309 1.0 0.760795 0.304735 1.0 0.769618 0.31195 1.0 0.769819 0.310748 1.0
0 0.749023 0.258419 0.025391 0.045388 0.741669 0.254602 1.0 0.751674 0.251955 1.0 0.746181 0.26372 1.0 0.744611 0.271073 1.0 0.751478 0.26872 1.0
0 0.696777 0.297218 0.030273 0.055637 0.701835 0.29129 1.0 0.708767 0.288518 1.0 0.710846 0.301682 1.0 0.703452 0.313114 1.0 0.707611 0.335286 1.0
0 0.644043 0.302343 0.041992 0.068814 0.627729 0.292982 1.0 0.642979 0.290826 1.0 0.632333 0.315846 1.0 0.635498 0.327063 1.0 0.64413 0.326631 1.0
0 0.583008 0.278917 0.021484 0.039531 0.578125 0.272328 1.0 0.585938 0.272328 1.0 0.581055 0.278184 1.0 0.580078 0.285505 1.0 0.583984 0.285505 1.0
0 0.536621 0.259151 0.03418 0.055637 0.526716 0.247504 1.0 0.538723 0.247151 1.0 0.529306 0.259151 1.0 0.527422 0.273269 1.0 0.537781 0.273269 1.0
0 0.482422 0.277452 0.019531 0.030747 0.474609 0.272328 1.0 0.478516 0.272328 1.0 0.475586 0.278184 1.0 0.478516 0.286969 1.0 0.482422 0.285505 1.0
0 0.853516 0.262811 0.019531 0.036603 0.845398 0.259974 1.0 0.852723 0.259288 1.0 0.844482 0.267524 1.0 0.84494 0.275531 1.0 0.850586 0.275531 1.0
0 0.196777 0.292826 0.010742 0.01757 0.196289 0.289898 1.0 0.201172 0.289898 1.0 0.198242 0.292826 1.0 0.197266 0.297218 1.0 0.200195 0.297218 1.0
0 0.374512 0.243777 0.03418 0.051245 0.360727 0.23651 1.0 0.3701 0.236182 1.0 0.360509 0.251543 1.0 0.363778 0.258406 1.0 0.371844 0.258406 1.0
0 0.43457 0.278917 0.009766 0.019034 0.435547 0.278184 1.0 0.439453 0.27672 1.0 0.4375 0.279649 1.0 0.435547 0.284041 1.0 0.439453 0.284041 1.0
0 0.044434 0.27672 0.041992 0.06735 0.041644 0.272747 1.0 0.059222 0.2694 1.0 0.05392 0.281113 1.0 0.044991 0.297428 1.0 0.061454 0.293662 1.0
0 0.003906 0.311127 0.007812 0.019034 0.0 0.0 0.0 0.0 0.0 0.0 0.0 0.0 0.0 0.0 0.0 0.0 0.0 0.0 0.0
0 0.716309 0.265007 0.012695 0.020498 0.714844 0.260615 1.0 0.719727 0.260615 1.0 0.71582 0.265007 1.0 0.713867 0.270864 1.0 0.717773 0.270864 1.0