0 0.743652 0.200444 0.073242 0.161243 0.732491 0.172152 1.0 0.733826 0.174173 1.0 0.709812 0.18933 1.0 0.715816 0.230756 1.0 0.71715 0.235808 1.0
0 0.48291 0.176775 0.053711 0.116864 0.0 0.0 0.0 0.0 0.0 0.0 0.0 0.0 0.0 0.0 0.0 0.0 0.0 0.0 0.0
0 0.175781 0.267012 0.041016 0.081361 0.167664 0.251334 1.0 0.190107 0.258031 1.0 0.181945 0.272969 1.0 0.172424 0.285846 1.0 0.181605 0.288422 1.0
0 0.298828 0.309172 0.009766 0.023669 0.0 0.0 0.0 0.0 0.0 0.0 0.0 0.0 0.0 0.0 0.0 0.0 0.0 0.0 0.0
0 0.310059 0.295118 0.008789 0.022189 0.0 0.0 0.0 0.0 0.0 0.0 0.0 0.0 0.0 0.0 0.0 0.0 0.0 0.0 0.0
0 0.353027 0.314349 0.008789 0.016272 0.0 0.0 0.0 0.0 0.0 0.0 0.0 0.0 0.0 0.0 0.0 0.0 0.0 0.0 0.0
0 0.253906 0.286982 0.015625 0.035503 0.0 0.0 0.0 0.0 0.0 0.0 0.0 0.0 0.0 0.0 0.0 0.0 0.0 0.0 0.0
0 0.957031 0.336538 0.011719 0.022189 0.0 0.0 0.0 0.0 0.0 0.0 0.0 0.0 0.0 0.0 0.0 0.0 0.0 0.0 0.0
0 0.867676 0.31213 0.010742 0.02071 0.864318 0.305843 1.0 0.868622 0.305565 1.0 0.866425 0.310836 1.0 0.86496 0.314441 1.0 0.868805 0.314164 1.0
0 0.885742 0.318787 0.009766 0.019231 0.0 0.0 0.0 0.0 0.0 0.0 0.0 0.0 0.0 0.0 0.0 0.0 0.0 0.0 0.0
0 0.901855 0.324704 0.008789 0.016272 0.0 0.0 0.0 0.0 0.0 0.0 0.0 0.0 0.0 0.0 0.0 0.0 0.0 0.0 0.0