0 0.916504 0.488235 0.116211 0.228758 0.877406 0.463176 1.0 0.899929 0.471791 1.0 0.859175 0.517728 1.0 0.898856 0.549311 1.0 0.905291 0.553618 1.0
0 0.841309 0.347059 0.014648 0.030065 0.841309 0.343208 1.0 0.84692 0.344363 1.0 0.844042 0.348792 1.0 0.840589 0.354954 1.0 0.846057 0.355532 1.0
0 0.790527 0.348366 0.014648 0.019608 0.78792 0.346171 1.0 0.794059 0.346171 1.0 0.790894 0.349766 1.0 0.787633 0.354388 1.0 0.793963 0.354516 1.0
0 0.725098 0.315686 0.012695 0.022222 0.722596 0.314088 1.0 0.727608 0.313796 1.0 0.725429 0.31861 1.0 0.723686 0.322258 1.0 0.726955 0.322258 1.0
0 0.64209 0.315686 0.014648 0.022222 0.6393 0.30943 1.0 0.645996 0.30957 1.0 0.643066 0.314052 1.0 0.639823 0.318814 1.0 0.645577 0.319094 1.0
0 0.656738 0.322222 0.012695 0.019608 0.655273 0.318954 1.0 0.662109 0.320261 1.0 0.661133 0.324183 1.0 0.657227 0.328105 1.0 0.661133 0.329412 1.0
0 0.57959 0.333333 0.014648 0.015686 0.577148 0.329412 1.0 0.583008 0.328105 1.0 0.580078 0.333333 1.0 0.577148 0.338562 1.0 0.583008 0.337255 1.0
0 0.592285 0.330719 0.008789 0.015686 0.0 0.0 0.0 0.0 0.0 0.0 0.0 0.0 0.0 0.0 0.0 0.0 0.0 0.0 0.0
0 0.658691 0.419608 0.032227 0.088889 0.648507 0.405603 1.0 0.650182 0.406723 1.0 0.642229 0.420728 1.0 0.645159 0.436414 1.0 0.647252 0.437535 1.0
0 0.517578 0.337255 0.011719 0.020915 0.515625 0.333333 1.0 0.523438 0.333333 1.0 0.519531 0.338562 1.0 0.517578 0.342484 1.0 0.520508 0.342484 1.0
0 0.476562 0.343137 0.011719 0.024837 0.474609 0.341176 1.0 0.480469 0.343791 1.0 0.478516 0.347712 1.0 0.474609 0.350327 1.0 0.480469 0.352941 1.0
0 0.473633 0.313072 0.007812 0.016993 0.0 0.0 0.0 0.0 0.0 0.0 0.0 0.0 0.0 0.0 0.0 0.0 0.0 0.0 0.0
0 0.381348 0.339216 0.010742 0.022222 0.0 0.0 0.0 0.0 0.0 0.0 0.0 0.0 0.0 0.0 0.0 0.0 0.0 0.0 0.0
0 0.365723 0.335948 0.024414 0.047059 0.365679 0.33321 1.0 0.374795 0.331425 1.0 0.375907 0.338865 1.0 0.368792 0.351366 1.0 0.375462 0.349282 1.0
0 0.266602 0.366667 0.017578 0.027451 0.264675 0.359885 1.0 0.271345 0.35866 1.0 0.270037 0.364438 1.0 0.266898 0.371265 1.0 0.271999 0.37109 1.0
0 0.263672 0.339216 0.015625 0.022222 0.260742 0.338562 1.0 0.268555 0.338562 1.0 0.267578 0.343791 1.0 0.263672 0.347712 1.0 0.270508 0.347712 1.0
0 0.150879 0.362092 0.020508 0.028758 0.154437 0.354995 1.0 0.158343 0.355929 1.0 0.158343 0.363025 1.0 0.154576 0.368814 1.0 0.157506 0.369748 1.0