0 0.100098 0.328776 0.041992 0.05599 0.095398 0.317784 1.0 0.111886 0.314947 1.0 0.107897 0.327003 1.0 0.100717 0.343314 1.0 0.113481 0.339059 1.0
0 0.113281 0.267578 0.023438 0.035156 0.0 0.0 0.0 0.0 0.0 0.0 0.0 0.0 0.0 0.0 0.0 0.0 0.0 0.0 0.0
0 0.208008 0.3125 0.058594 0.096354 0.197266 0.300781 1.0 0.223633 0.298177 1.0 0.212891 0.31901 1.0 0.204102 0.339844 1.0 0.225586 0.339844 1.0
0 0.276855 0.341797 0.036133 0.050781 0.27325 0.334421 1.0 0.290515 0.332822 1.0 0.286918 0.347208 1.0 0.276127 0.357759 1.0 0.291233 0.35648 1.0
0 0.314453 0.278646 0.019531 0.026042 0.314453 0.282552 1.0 0.322266 0.282552 1.0 0.319336 0.289062 1.0 0.31543 0.295573 1.0 0.322266 0.295573 1.0
0 0.375977 0.32487 0.029297 0.050781 0.365234 0.307292 1.0 0.381104 0.306966 1.0 0.376709 0.319987 1.0 0.369385 0.332357 1.0 0.380127 0.331706 1.0
0 0.394531 0.304688 0.021484 0.046875 0.391598 0.299293 1.0 0.403381 0.299885 1.0 0.399157 0.310559 1.0 0.394487 0.320935 1.0 0.400491 0.320046 1.0
0 0.395508 0.265625 0.025391 0.033854 0.390232 0.261207 1.0 0.400338 0.260987 1.0 0.395203 0.268276 1.0 0.393049 0.274681 1.0 0.398351 0.274461 1.0
0 0.430664 0.313802 0.033203 0.059896 0.424713 0.30975 1.0 0.440299 0.305594 1.0 0.433781 0.320329 1.0 0.426413 0.331288 1.0 0.440299 0.329776 1.0
0 0.530762 0.281901 0.020508 0.032552 0.0 0.0 0.0 0.0 0.0 0.0 0.0 0.0 0.0 0.0 0.0 0.0 0.0 0.0 0.0
0 0.528809 0.24349 0.020508 0.033854 0.0 0.0 0.0 0.0 0.0 0.0 0.0 0.0 0.0 0.0 0.0 0.0 0.0 0.0 0.0
0 0.483398 0.326172 0.054688 0.092448 0.471069 0.315017 1.0 0.497489 0.316191 1.0 0.482958 0.334978 1.0 0.472391 0.352004 1.0 0.492205 0.352591 1.0
0 0.569336 0.35612 0.023438 0.042969 0.56549 0.348743 1.0 0.579629 0.344646 1.0 0.573277 0.360217 1.0 0.570203 0.372785 1.0 0.578604 0.372785 1.0
0 0.586426 0.277344 0.024414 0.039062 0.582751 0.273693 1.0 0.592499 0.273193 1.0 0.588 0.285441 1.0 0.584438 0.29194 1.0 0.590812 0.29194 1.0
0 0.61084 0.27474 0.020508 0.033854 0.607422 0.272135 1.0 0.614258 0.270833 1.0 0.610352 0.279948 1.0 0.608398 0.289062 1.0 0.615234 0.289062 1.0
0 0.626953 0.365234 0.027344 0.045573 0.618617 0.357898 1.0 0.633223 0.355573 1.0 0.626465 0.365746 1.0 0.621669 0.37679 1.0 0.631696 0.37679 1.0
0 0.657715 0.285156 0.024414 0.03125 0.652344 0.28125 1.0 0.664062 0.282552 1.0 0.65918 0.28776 1.0 0.65332 0.295573 1.0 0.662109 0.295573 1.0
0 0.674316 0.35612 0.051758 0.092448 0.649361 0.340936 1.0 0.66462 0.344424 1.0 0.648054 0.360118 1.0 0.651542 0.374651 1.0 0.667236 0.375233 1.0
0 0.735352 0.308594 0.025391 0.041667 0.731254 0.305117 1.0 0.739677 0.304048 1.0 0.736066 0.315546 1.0 0.732857 0.322499 1.0 0.740077 0.321964 1.0
0 0.761719 0.34375 0.021484 0.039062 0.759766 0.34375 1.0 0.772461 0.339844 1.0 0.768555 0.348958 1.0 0.763672 0.355469 1.0 0.772461 0.355469 1.0
0 0.758789 0.279297 0.019531 0.040365 0.754186 0.274298 1.0 0.762242 0.275065 1.0 0.755528 0.286319 1.0 0.752075 0.288365 1.0 0.760323 0.289643 1.0
0 0.777344 0.308594 0.029297 0.049479 0.772164 0.30478 1.0 0.785112 0.300701 1.0 0.78064 0.313883 1.0 0.77546 0.322044 1.0 0.78629 0.31922 1.0
0 0.831055 0.342448 0.060547 0.104167 0.806641 0.33724 1.0 0.833008 0.33724 1.0 0.813477 0.354167 1.0 0.80957 0.375 1.0 0.828125 0.372396 1.0
0 0.897949 0.341146 0.030273 0.052083 0.892748 0.330555 1.0 0.906664 0.330224 1.0 0.899209 0.344471 1.0 0.892251 0.353417 1.0 0.904676 0.353417 1.0
0 0.881836 0.306641 0.019531 0.029948 0.0 0.0 0.0 0.0 0.0 0.0 0.0 0.0 0.0 0.0 0.0 0.0 0.0 0.0 0.0
0 0.924316 0.345052 0.026367 0.054688 0.917969 0.346354 1.0 0.930664 0.346354 1.0 0.923828 0.358073 1.0 0.917969 0.365885 1.0 0.930664 0.367188 1.0
0 0.941895 0.337891 0.018555 0.029948 0.938477 0.329427 1.0 0.947266 0.332031 1.0 0.942383 0.33724 1.0 0.9375 0.345052 1.0 0.944336 0.345052 1.0
0 0.989258 0.382812 0.021484 0.052083 0.980861 0.376861 1.0 0.994031 0.376861 1.0 0.984092 0.386799 1.0 0.983098 0.398065 1.0 0.993534 0.397072 1.0
0 0.803223 0.294922 0.012695 0.02474 0.0 0.0 0.0 0.0 0.0 0.0 0.0 0.0 0.0 0.0 0.0 0.0 0.0 0.0 0.0
0 0.506836 0.339193 0.025391 0.042969 0.0 0.0 0.0 0.0 0.0 0.0 0.0 0.0 0.0 0.0 0.0 0.0 0.0 0.0 0.0
0 0.149902 0.276042 0.020508 0.033854 0.0 0.0 0.0 0.0 0.0 0.0 0.0 0.0 0.0 0.0 0.0 0.0 0.0 0.0 0.0
0 0.937988 0.328776 0.000977 0.003906 0.0 0.0 0.0 0.0 0.0 0.0 0.0 0.0 0.0 0.0 0.0 0.0 0.0 0.0 0.0