0 0.952637 0.554173 0.075195 0.144949 0.922241 0.525988 1.0 0.93811 0.529649 1.0 0.915527 0.567167 1.0 0.928345 0.599195 1.0 0.934448 0.60194 1.0
0 0.916504 0.614202 0.040039 0.10981 0.926278 0.537969 1.0 0.936541 0.540067 1.0 0.914616 0.568042 1.0 0.929077 0.596717 1.0 0.934675 0.599515 1.0
0 0.793945 0.585652 0.068359 0.102489 0.767561 0.568657 1.0 0.793457 0.576422 1.0 0.77015 0.597776 1.0 0.782235 0.613953 1.0 0.799931 0.615895 1.0
0 0.875 0.430454 0.039062 0.079063 0.864441 0.412107 1.0 0.880219 0.416635 1.0 0.868134 0.434252 1.0 0.862427 0.445324 1.0 0.877533 0.44935 1.0
0 0.760254 0.440703 0.051758 0.093704 0.738481 0.431003 1.0 0.756531 0.429826 1.0 0.741621 0.450416 1.0 0.741229 0.466887 1.0 0.754961 0.467476 1.0
0 0.833496 0.381406 0.020508 0.04246 0.0 0.0 0.0 0.0 0.0 0.0 0.0 0.0 0.0 0.0 0.0 0.0 0.0 0.0 0.0
0 0.733887 0.396047 0.018555 0.036603 0.730713 0.395551 1.0 0.737462 0.395785 1.0 0.734637 0.401903 1.0 0.732125 0.406375 1.0 0.737462 0.406609 1.0
0 0.728027 0.35798 0.012695 0.019034 0.0 0.0 0.0 0.0 0.0 0.0 0.0 0.0 0.0 0.0 0.0 0.0 0.0 0.0 0.0
0 0.931152 0.331625 0.006836 0.013177 0.0 0.0 0.0 0.0 0.0 0.0 0.0 0.0 0.0 0.0 0.0 0.0 0.0 0.0 0.0
0 0.92041 0.49634 0.043945 0.108346 0.905413 0.465646 1.0 0.919015 0.467004 1.0 0.910854 0.497594 1.0 0.902239 0.520028 1.0 0.919922 0.522066 1.0
0 0.655273 0.49634 0.046875 0.114202 0.635594 0.468991 1.0 0.656694 0.4769 1.0 0.636553 0.492719 1.0 0.633196 0.517164 1.0 0.646624 0.521479 1.0
0 0.616211 0.452416 0.048828 0.102489 0.602696 0.438037 1.0 0.623622 0.441305 1.0 0.607491 0.456338 1.0 0.604876 0.477908 1.0 0.617083 0.478561 1.0
0 0.559082 0.544656 0.047852 0.087848 0.542358 0.529832 1.0 0.560303 0.530381 1.0 0.541992 0.547401 1.0 0.54126 0.564971 1.0 0.557373 0.566069 1.0
0 0.557617 0.468521 0.042969 0.06735 0.544865 0.458867 1.0 0.565835 0.462266 1.0 0.555351 0.469064 1.0 0.547699 0.47841 1.0 0.559601 0.48096 1.0
0 0.498535 0.622987 0.051758 0.095168 0.477104 0.605417 1.0 0.49796 0.60181 1.0 0.480713 0.627666 1.0 0.481916 0.648713 1.0 0.494751 0.646309 1.0
0 0.52832 0.467789 0.027344 0.071742 0.522949 0.456533 1.0 0.533936 0.462023 1.0 0.524475 0.473463 1.0 0.51715 0.483985 1.0 0.52417 0.488562 1.0
0 0.500977 0.460469 0.03125 0.068814 0.488608 0.453899 1.0 0.503213 0.447769 1.0 0.493282 0.462659 1.0 0.492405 0.481489 1.0 0.50409 0.475796 1.0
0 0.454102 0.478038 0.046875 0.09224 0.441842 0.461423 1.0 0.46303 0.46907 1.0 0.44812 0.479659 1.0 0.439488 0.497307 1.0 0.454398 0.501425 1.0
0 0.503906 0.364568 0.013672 0.026354 0.0 0.0 0.0 0.0 0.0 0.0 0.0 0.0 0.0 0.0 0.0 0.0 0.0 0.0 0.0
0 0.407715 0.54612 0.036133 0.076135 0.395133 0.534996 1.0 0.410618 0.53693 1.0 0.395133 0.550473 1.0 0.397714 0.564501 1.0 0.405457 0.567886 1.0
0 0.354004 0.514641 0.049805 0.098097 0.33708 0.499488 1.0 0.357842 0.501537 1.0 0.340967 0.517408 1.0 0.336494 0.537408 1.0 0.351572 0.539151 1.0
0 0.335938 0.45022 0.035156 0.074671 0.327663 0.435905 1.0 0.345167 0.439245 1.0 0.334664 0.454514 1.0 0.327026 0.468829 1.0 0.335938 0.470736 1.0
0 0.368652 0.399707 0.02832 0.052709 0.361397 0.39019 1.0 0.37432 0.39087 1.0 0.365932 0.401067 1.0 0.361625 0.410924 1.0 0.370239 0.412283 1.0
0 0.429688 0.427526 0.015625 0.04978 0.0 0.0 0.0 0.0 0.0 0.0 0.0 0.0 0.0 0.0 0.0 0.0 0.0 0.0 0.0
0 0.286133 0.45388 0.042969 0.081991 0.272413 0.440755 1.0 0.293767 0.445403 1.0 0.281023 0.456763 1.0 0.272758 0.472253 1.0 0.285156 0.475351 1.0
0 0.216797 0.502196 0.052734 0.087848 0.204821 0.484796 1.0 0.227055 0.499242 1.0 0.211121 0.513132 1.0 0.200744 0.523132 1.0 0.218532 0.533132 1.0
0 0.173828 0.47511 0.037109 0.074671 0.164429 0.465567 1.0 0.181614 0.47177 1.0 0.169839 0.487038 1.0 0.163474 0.498013 1.0 0.175886 0.500876 1.0
0 0.075195 0.537335 0.058594 0.099561 0.059043 0.517354 1.0 0.085964 0.538466 1.0 0.065255 0.549022 1.0 0.054073 0.555852 1.0 0.07064 0.568893 1.0
0 0.124512 0.5 0.036133 0.062958 0.0 0.0 0.0 0.0 0.0 0.0 0.0 0.0 0.0 0.0 0.0 0.0 0.0 0.0 0.0
0 0.209473 0.398243 0.032227 0.052709 0.0 0.0 0.0 0.0 0.0 0.0 0.0 0.0 0.0 0.0 0.0 0.0 0.0 0.0 0.0
0 0.089355 0.36164 0.032227 0.040996 0.078134 0.354266 1.0 0.093502 0.350887 1.0 0.084281 0.362561 1.0 0.082231 0.374542 1.0 0.090428 0.373313 1.0
0 0.04834 0.45022 0.045898 0.086384 0.0354 0.435761 1.0 0.057739 0.43631 1.0 0.040894 0.450037 1.0 0.035767 0.471999 1.0 0.05188 0.473097 1.0
0 0.034668 0.656662 0.067383 0.130307 0.006684 0.633138 1.0 0.035566 0.636406 1.0 0.013768 0.666635 1.0 0.008863 0.687878 1.0 0.030116 0.687878 1.0
0 0.153809 0.36896 0.012695 0.020498 0.0 0.0 0.0 0.0 0.0 0.0 0.0 0.0 0.0 0.0 0.0 0.0 0.0 0.0 0.0
0 0.185547 0.347731 0.011719 0.021962 0.0 0.0 0.0 0.0 0.0 0.0 0.0 0.0 0.0 0.0 0.0 0.0 0.0 0.0 0.0
0 0.119629 0.38287 0.012695 0.02489 0.0 0.0 0.0 0.0 0.0 0.0 0.0 0.0 0.0 0.0 0.0 0.0 0.0 0.0 0.0
0 0.408691 0.367496 0.014648 0.035139 0.0 0.0 0.0 0.0 0.0 0.0 0.0 0.0 0.0 0.0 0.0 0.0 0.0 0.0 0.0
0 0.546875 0.363836 0.009766 0.016105 0.0 0.0 0.0 0.0 0.0 0.0 0.0 0.0 0.0 0.0 0.0 0.0 0.0 0.0 0.0
0 0.554199 0.341142 0.008789 0.014641 0.0 0.0 0.0 0.0 0.0 0.0 0.0 0.0 0.0 0.0 0.0 0.0 0.0 0.0 0.0
0 0.52002 0.359444 0.008789 0.013177 0.0 0.0 0.0 0.0 0.0 0.0 0.0 0.0 0.0 0.0 0.0 0.0 0.0 0.0 0.0
0 0.534668 0.352855 0.008789 0.014641 0.0 0.0 0.0 0.0 0.0 0.0 0.0 0.0 0.0 0.0 0.0 0.0 0.0 0.0 0.0
0 0.537109 0.333821 0.009766 0.014641 0.0 0.0 0.0 0.0 0.0 0.0 0.0 0.0 0.0 0.0 0.0 0.0 0.0 0.0 0.0
0 0.54834 0.398975 0.010742 0.021962 0.0 0.0 0.0 0.0 0.0 0.0 0.0 0.0 0.0 0.0 0.0 0.0 0.0 0.0 0.0
0 0.524902 0.380673 0.008789 0.014641 0.0 0.0 0.0 0.0 0.0 0.0 0.0 0.0 0.0 0.0 0.0 0.0 0.0 0.0 0.0
0 0.438477 0.360908 0.011719 0.019034 0.0 0.0 0.0 0.0 0.0 0.0 0.0 0.0 0.0 0.0 0.0 0.0 0.0 0.0 0.0
0 0.563477 0.36896 0.011719 0.01757 0.0 0.0 0.0 0.0 0.0 0.0 0.0 0.0 0.0 0.0 0.0 0.0 0.0 0.0 0.0
0 0.907227 0.801611 0.048828 0.139092 0.892134 0.764968 1.0 0.909659 0.778982 1.0 0.875776 0.794747 1.0 0.883955 0.830657 1.0 0.886291 0.831534 1.0