0 0.123535 0.690789 0.026367 0.045322 0.118534 0.686678 1.0 0.130895 0.685209 1.0 0.125009 0.696958 1.0 0.120889 0.703418 1.0 0.129521 0.703126 1.0
0 0.20459 0.699561 0.026367 0.045322 0.198434 0.687344 1.0 0.211286 0.688493 1.0 0.204765 0.697969 1.0 0.199394 0.708307 1.0 0.207833 0.708595 1.0
0 0.131348 0.597222 0.024414 0.042398 0.126831 0.587444 1.0 0.138732 0.588268 1.0 0.132873 0.596491 1.0 0.129211 0.604442 1.0 0.137635 0.605811 1.0
0 0.221191 0.58114 0.022461 0.039474 0.0 0.0 0.0 0.0 0.0 0.0 0.0 0.0 0.0 0.0 0.0 0.0 0.0 0.0 0.0
0 0.284668 0.591374 0.024414 0.042398 0.280701 0.587079 1.0 0.291504 0.585436 1.0 0.286377 0.594754 1.0 0.282531 0.602705 1.0 0.291138 0.60243 1.0
0 0.330566 0.534357 0.020508 0.03655 0.325684 0.524462 1.0 0.336042 0.523522 1.0 0.331177 0.533626 1.0 0.327567 0.543494 1.0 0.33463 0.543494 1.0
0 0.379395 0.704678 0.026367 0.040936 0.0 0.0 0.0 0.0 0.0 0.0 0.0 0.0 0.0 0.0 0.0 0.0 0.0 0.0 0.0
0 0.266113 0.727339 0.024414 0.03655 0.263114 0.720029 1.0 0.271432 0.718854 1.0 0.268293 0.726608 1.0 0.264526 0.732718 1.0 0.270177 0.732247 1.0
0 0.26416 0.834064 0.022461 0.039474 0.0 0.0 0.0 0.0 0.0 0.0 0.0 0.0 0.0 0.0 0.0 0.0 0.0 0.0 0.0
0 0.165527 0.505848 0.018555 0.035088 0.162598 0.498127 1.0 0.170227 0.498813 1.0 0.166412 0.502468 1.0 0.162293 0.514575 1.0 0.169006 0.514803 1.0
0 0.111816 0.544591 0.026367 0.042398 0.106262 0.539474 1.0 0.117615 0.538925 1.0 0.112305 0.54852 1.0 0.108643 0.557839 1.0 0.116333 0.557292 1.0
0 0.22168 0.466374 0.021484 0.038012 0.0 0.0 0.0 0.0 0.0 0.0 0.0 0.0 0.0 0.0 0.0 0.0 0.0 0.0 0.0
0 0.179199 0.417398 0.018555 0.033626 0.0 0.0 0.0 0.0 0.0 0.0 0.0 0.0 0.0 0.0 0.0 0.0 0.0 0.0 0.0
0 0.239258 0.386696 0.017578 0.027778 0.0 0.0 0.0 0.0 0.0 0.0 0.0 0.0 0.0 0.0 0.0 0.0 0.0 0.0 0.0
0 0.105957 0.289474 0.014648 0.026316 0.0 0.0 0.0 0.0 0.0 0.0 0.0 0.0 0.0 0.0 0.0 0.0 0.0 0.0 0.0
0 0.12793 0.261696 0.017578 0.02924 0.0 0.0 0.0 0.0 0.0 0.0 0.0 0.0 0.0 0.0 0.0 0.0 0.0 0.0 0.0
0 0.132324 0.204678 0.010742 0.026316 0.0 0.0 0.0 0.0 0.0 0.0 0.0 0.0 0.0 0.0 0.0 0.0 0.0 0.0 0.0
0 0.054199 0.187865 0.016602 0.027778 0.0 0.0 0.0 0.0 0.0 0.0 0.0 0.0 0.0 0.0 0.0 0.0 0.0 0.0 0.0
0 0.032715 0.189327 0.010742 0.02193 0.0 0.0 0.0 0.0 0.0 0.0 0.0 0.0 0.0 0.0 0.0 0.0 0.0 0.0 0.0
0 0.052246 0.255117 0.016602 0.027778 0.0 0.0 0.0 0.0 0.0 0.0 0.0 0.0 0.0 0.0 0.0 0.0 0.0 0.0 0.0
0 0.025879 0.302632 0.016602 0.032164 0.0 0.0 0.0 0.0 0.0 0.0 0.0 0.0 0.0 0.0 0.0 0.0 0.0 0.0 0.0
0 0.012695 0.259503 0.013672 0.027778 0.0 0.0 0.0 0.0 0.0 0.0 0.0 0.0 0.0 0.0 0.0 0.0 0.0 0.0 0.0
0 0.109863 0.172515 0.012695 0.026316 0.0 0.0 0.0 0.0 0.0 0.0 0.0 0.0 0.0 0.0 0.0 0.0 0.0 0.0 0.0
0 0.133301 0.404971 0.016602 0.02924 0.0 0.0 0.0 0.0 0.0 0.0 0.0 0.0 0.0 0.0 0.0 0.0 0.0 0.0 0.0
0 0.820312 0.73538 0.027344 0.04386 0.0 0.0 0.0 0.0 0.0 0.0 0.0 0.0 0.0 0.0 0.0 0.0 0.0 0.0 0.0
0 0.885742 0.813596 0.019531 0.030702 0.0 0.0 0.0 0.0 0.0 0.0 0.0 0.0 0.0 0.0 0.0 0.0 0.0 0.0 0.0
0 0.732422 0.774854 0.029297 0.04386 0.0 0.0 0.0 0.0 0.0 0.0 0.0 0.0 0.0 0.0 0.0 0.0 0.0 0.0 0.0
0 0.719727 0.737573 0.021484 0.033626 0.714146 0.731158 1.0 0.72249 0.731158 1.0 0.718318 0.738696 1.0 0.71501 0.745588 1.0 0.721052 0.746019 1.0
0 0.668457 0.627193 0.022461 0.040936 0.663086 0.618943 1.0 0.672677 0.618159 1.0 0.667097 0.626775 1.0 0.664655 0.63513 1.0 0.671979 0.634346 1.0
0 0.816895 0.578216 0.022461 0.042398 0.808472 0.576937 1.0 0.817261 0.576937 1.0 0.812134 0.585161 1.0 0.808838 0.590643 1.0 0.81543 0.591465 1.0
0 0.810059 0.517544 0.016602 0.035088 0.0 0.0 0.0 0.0 0.0 0.0 0.0 0.0 0.0 0.0 0.0 0.0 0.0 0.0 0.0
0 0.973145 0.571637 0.022461 0.04386 0.96576 0.567434 1.0 0.975646 0.568257 1.0 0.969238 0.575658 1.0 0.967041 0.58114 1.0 0.973084 0.581689 1.0
0 0.946777 0.54386 0.016602 0.032164 0.0 0.0 0.0 0.0 0.0 0.0 0.0 0.0 0.0 0.0 0.0 0.0 0.0 0.0 0.0
0 0.904297 0.616228 0.017578 0.033626 0.0 0.0 0.0 0.0 0.0 0.0 0.0 0.0 0.0 0.0 0.0 0.0 0.0 0.0 0.0
0 0.511719 0.353801 0.064453 0.116959 0.486105 0.340532 1.0 0.503841 0.334632 1.0 0.486599 0.361183 1.0 0.487091 0.38552 1.0 0.507782 0.377408 1.0
0 0.456543 0.653509 0.022461 0.038012 0.0 0.0 0.0 0.0 0.0 0.0 0.0 0.0 0.0 0.0 0.0 0.0 0.0 0.0 0.0
0 0.653809 0.439327 0.022461 0.033626 0.0 0.0 0.0 0.0 0.0 0.0 0.0 0.0 0.0 0.0 0.0 0.0 0.0 0.0 0.0
0 0.756348 0.475877 0.018555 0.03655 0.0 0.0 0.0 0.0 0.0 0.0 0.0 0.0 0.0 0.0 0.0 0.0 0.0 0.0 0.0
0 0.731445 0.415936 0.019531 0.033626 0.0 0.0 0.0 0.0 0.0 0.0 0.0 0.0 0.0 0.0 0.0 0.0 0.0 0.0 0.0
0 0.867188 0.478801 0.023438 0.042398 0.0 0.0 0.0 0.0 0.0 0.0 0.0 0.0 0.0 0.0 0.0 0.0 0.0 0.0 0.0
0 0.991699 0.445175 0.016602 0.039474 0.0 0.0 0.0 0.0 0.0 0.0 0.0 0.0 0.0 0.0 0.0 0.0 0.0 0.0 0.0
0 0.963379 0.371345 0.010742 0.023392 0.0 0.0 0.0 0.0 0.0 0.0 0.0 0.0 0.0 0.0 0.0 0.0 0.0 0.0 0.0
0 0.928711 0.45614 0.015625 0.026316 0.0 0.0 0.0 0.0 0.0 0.0 0.0 0.0 0.0 0.0 0.0 0.0 0.0 0.0 0.0
0 0.881836 0.373538 0.017578 0.027778 0.0 0.0 0.0 0.0 0.0 0.0 0.0 0.0 0.0 0.0 0.0 0.0 0.0 0.0 0.0
0 0.901855 0.347953 0.014648 0.023392 0.0 0.0 0.0 0.0 0.0 0.0 0.0 0.0 0.0 0.0 0.0 0.0 0.0 0.0 0.0
0 0.802734 0.407164 0.017578 0.024854 0.0 0.0 0.0 0.0 0.0 0.0 0.0 0.0 0.0 0.0 0.0 0.0 0.0 0.0 0.0
0 0.702637 0.334795 0.016602 0.035088 0.697213 0.330227 1.0 0.704773 0.330227 1.0 0.700623 0.337994 1.0 0.698251 0.342209 1.0 0.704032 0.342209 1.0
0 0.619629 0.290936 0.014648 0.026316 0.0 0.0 0.0 0.0 0.0 0.0 0.0 0.0 0.0 0.0 0.0 0.0 0.0 0.0 0.0
0 0.644043 0.26462 0.012695 0.023392 0.642364 0.258936 1.0 0.647277 0.259085 1.0 0.644972 0.264039 1.0 0.643167 0.268542 1.0 0.646476 0.268542 1.0
0 0.67627 0.278509 0.012695 0.02193 0.0 0.0 0.0 0.0 0.0 0.0 0.0 0.0 0.0 0.0 0.0 0.0 0.0 0.0 0.0
0 0.591309 0.374269 0.016602 0.026316 0.0 0.0 0.0 0.0 0.0 0.0 0.0 0.0 0.0 0.0 0.0 0.0 0.0 0.0 0.0
0 0.62793 0.326754 0.011719 0.02193 0.0 0.0 0.0 0.0 0.0 0.0 0.0 0.0 0.0 0.0 0.0 0.0 0.0 0.0 0.0
0 0.743652 0.285819 0.014648 0.024854 0.0 0.0 0.0 0.0 0.0 0.0 0.0 0.0 0.0 0.0 0.0 0.0 0.0 0.0 0.0
0 0.70459 0.250731 0.014648 0.027778 0.0 0.0 0.0 0.0 0.0 0.0 0.0 0.0 0.0 0.0 0.0 0.0 0.0 0.0 0.0
0 0.786621 0.365497 0.016602 0.032164 0.0 0.0 0.0 0.0 0.0 0.0 0.0 0.0 0.0 0.0 0.0 0.0 0.0 0.0 0.0
0 0.856934 0.301901 0.016602 0.024854 0.0 0.0 0.0 0.0 0.0 0.0 0.0 0.0 0.0 0.0 0.0 0.0 0.0 0.0 0.0
0 0.895996 0.277778 0.016602 0.026316 0.0 0.0 0.0 0.0 0.0 0.0 0.0 0.0 0.0 0.0 0.0 0.0 0.0 0.0 0.0
0 0.834473 0.245614 0.014648 0.023392 0.0 0.0 0.0 0.0 0.0 0.0 0.0 0.0 0.0 0.0 0.0 0.0 0.0 0.0 0.0
0 0.821289 0.202485 0.011719 0.027778 0.0 0.0 0.0 0.0 0.0 0.0 0.0 0.0 0.0 0.0 0.0 0.0 0.0 0.0 0.0
0 0.792969 0.20614 0.011719 0.023392 0.0 0.0 0.0 0.0 0.0 0.0 0.0 0.0 0.0 0.0 0.0 0.0 0.0 0.0 0.0
0 0.729004 0.220029 0.012695 0.024854 0.0 0.0 0.0 0.0 0.0 0.0 0.0 0.0 0.0 0.0 0.0 0.0 0.0 0.0 0.0
0 0.628906 0.230263 0.011719 0.02193 0.0 0.0 0.0 0.0 0.0 0.0 0.0 0.0 0.0 0.0 0.0 0.0 0.0 0.0 0.0
0 0.932617 0.211988 0.015625 0.02924 0.0 0.0 0.0 0.0 0.0 0.0 0.0 0.0 0.0 0.0 0.0 0.0 0.0 0.0 0.0
0 0.462891 0.377193 0.019531 0.032164 0.458836 0.370751 1.0 0.467351 0.370751 1.0 0.463972 0.375202 1.0 0.459241 0.381677 1.0 0.46681 0.381272 1.0
0 0.441895 0.271199 0.012695 0.024854 0.0 0.0 0.0 0.0 0.0 0.0 0.0 0.0 0.0 0.0 0.0 0.0 0.0 0.0 0.0
0 0.369629 0.263889 0.014648 0.024854 0.0 0.0 0.0 0.0 0.0 0.0 0.0 0.0 0.0 0.0 0.0 0.0 0.0 0.0 0.0
0 0.420898 0.302632 0.013672 0.023392 0.0 0.0 0.0 0.0 0.0 0.0 0.0 0.0 0.0 0.0 0.0 0.0 0.0 0.0 0.0
0 0.575684 0.225146 0.012695 0.023392 0.0 0.0 0.0 0.0 0.0 0.0 0.0 0.0 0.0 0.0 0.0 0.0 0.0 0.0 0.0
0 0.634766 0.364035 0.019531 0.032164 0.62765 0.357352 1.0 0.631278 0.357978 1.0 0.627511 0.36675 1.0 0.628209 0.373225 1.0 0.629464 0.372598 1.0
0 0.684082 0.348684 0.010742 0.019006 0.0 0.0 0.0 0.0 0.0 0.0 0.0 0.0 0.0 0.0 0.0 0.0 0.0 0.0 0.0
0 0.662598 0.189327 0.010742 0.019006 0.0 0.0 0.0 0.0 0.0 0.0 0.0 0.0 0.0 0.0 0.0 0.0 0.0 0.0 0.0
0 0.704102 0.172515 0.011719 0.023392 0.0 0.0 0.0 0.0 0.0 0.0 0.0 0.0 0.0 0.0 0.0 0.0 0.0 0.0 0.0
0 0.687988 0.152778 0.010742 0.019006 0.0 0.0 0.0 0.0 0.0 0.0 0.0 0.0 0.0 0.0 0.0 0.0 0.0 0.0 0.0
0 0.646484 0.144737 0.011719 0.020468 0.0 0.0 0.0 0.0 0.0 0.0 0.0 0.0 0.0 0.0 0.0 0.0 0.0 0.0 0.0
0 0.574219 0.151316 0.013672 0.024854 0.0 0.0 0.0 0.0 0.0 0.0 0.0 0.0 0.0 0.0 0.0 0.0 0.0 0.0 0.0
0 0.537598 0.169591 0.014648 0.02924 0.0 0.0 0.0 0.0 0.0 0.0 0.0 0.0 0.0 0.0 0.0 0.0 0.0 0.0 0.0
0 0.489258 0.178363 0.011719 0.020468 0.0 0.0 0.0 0.0 0.0 0.0 0.0 0.0 0.0 0.0 0.0 0.0 0.0 0.0 0.0
0 0.404297 0.172515 0.013672 0.017544 0.0 0.0 0.0 0.0 0.0 0.0 0.0 0.0 0.0 0.0 0.0 0.0 0.0 0.0 0.0
0 0.379395 0.174708 0.014648 0.030702 0.0 0.0 0.0 0.0 0.0 0.0 0.0 0.0 0.0 0.0 0.0 0.0 0.0 0.0 0.0
0 0.321777 0.188596 0.014648 0.02924 0.0 0.0 0.0 0.0 0.0 0.0 0.0 0.0 0.0 0.0 0.0 0.0 0.0 0.0 0.0
0 0.346191 0.149123 0.014648 0.02924 0.0 0.0 0.0 0.0 0.0 0.0 0.0 0.0 0.0 0.0 0.0 0.0 0.0 0.0 0.0
0 0.289062 0.238304 0.011719 0.023392 0.0 0.0 0.0 0.0 0.0 0.0 0.0 0.0 0.0 0.0 0.0 0.0 0.0 0.0 0.0
0 0.286621 0.190789 0.010742 0.024854 0.0 0.0 0.0 0.0 0.0 0.0 0.0 0.0 0.0 0.0 0.0 0.0 0.0 0.0 0.0
0 0.057617 0.081871 0.013672 0.023392 0.0 0.0 0.0 0.0 0.0 0.0 0.0 0.0 0.0 0.0 0.0 0.0 0.0 0.0 0.0
0 0.185547 0.07383 0.011719 0.02193 0.0 0.0 0.0 0.0 0.0 0.0 0.0 0.0 0.0 0.0 0.0 0.0 0.0 0.0 0.0
0 0.232422 0.057018 0.011719 0.023392 0.0 0.0 0.0 0.0 0.0 0.0 0.0 0.0 0.0 0.0 0.0 0.0 0.0 0.0 0.0
0 0.018066 0.057018 0.012695 0.020468 0.0 0.0 0.0 0.0 0.0 0.0 0.0 0.0 0.0 0.0 0.0 0.0 0.0 0.0 0.0
0 0.15625 0.092836 0.013672 0.024854 0.0 0.0 0.0 0.0 0.0 0.0 0.0 0.0 0.0 0.0 0.0 0.0 0.0 0.0 0.0
0 0.275391 0.150585 0.015625 0.026316 0.0 0.0 0.0 0.0 0.0 0.0 0.0 0.0 0.0 0.0 0.0 0.0 0.0 0.0 0.0
0 0.257324 0.141082 0.014648 0.024854 0.0 0.0 0.0 0.0 0.0 0.0 0.0 0.0 0.0 0.0 0.0 0.0 0.0 0.0 0.0
0 0.30127 0.113304 0.010742 0.016082 0.0 0.0 0.0 0.0 0.0 0.0 0.0 0.0 0.0 0.0 0.0 0.0 0.0 0.0 0.0
0 0.506348 0.079678 0.012695 0.024854 0.0 0.0 0.0 0.0 0.0 0.0 0.0 0.0 0.0 0.0 0.0 0.0 0.0 0.0 0.0
0 0.03418 0.594298 0.027344 0.045322 0.029868 0.585193 1.0 0.040266 0.585781 1.0 0.035165 0.59606 1.0 0.028887 0.60399 1.0 0.038696 0.605459 1.0
0 0.570312 0.093567 0.009766 0.023392 0.0 0.0 0.0 0.0 0.0 0.0 0.0 0.0 0.0 0.0 0.0 0.0 0.0 0.0 0.0
0 0.615234 0.106725 0.009766 0.017544 0.0 0.0 0.0 0.0 0.0 0.0 0.0 0.0 0.0 0.0 0.0 0.0 0.0 0.0 0.0
0 0.436035 0.070906 0.008789 0.019006 0.0 0.0 0.0 0.0 0.0 0.0 0.0 0.0 0.0 0.0 0.0 0.0 0.0 0.0 0.0
0 0.42334 0.260965 0.014648 0.027778 0.0 0.0 0.0 0.0 0.0 0.0 0.0 0.0 0.0 0.0 0.0 0.0 0.0 0.0 0.0
0 0.758789 0.154971 0.013672 0.023392 0.0 0.0 0.0 0.0 0.0 0.0 0.0 0.0 0.0 0.0 0.0 0.0 0.0 0.0 0.0
0 0.722656 0.182018 0.013672 0.024854 0.0 0.0 0.0 0.0 0.0 0.0 0.0 0.0 0.0 0.0 0.0 0.0 0.0 0.0 0.0
0 0.952148 0.172515 0.011719 0.017544 0.0 0.0 0.0 0.0 0.0 0.0 0.0 0.0 0.0 0.0 0.0 0.0 0.0 0.0 0.0
0 0.981445 0.176901 0.011719 0.023392 0.0 0.0 0.0 0.0 0.0 0.0 0.0 0.0 0.0 0.0 0.0 0.0 0.0 0.0 0.0
0 0.947754 0.130848 0.012695 0.024854 0.0 0.0 0.0 0.0 0.0 0.0 0.0 0.0 0.0 0.0 0.0 0.0 0.0 0.0 0.0
0 0.851074 0.144737 0.012695 0.026316 0.0 0.0 0.0 0.0 0.0 0.0 0.0 0.0 0.0 0.0 0.0 0.0 0.0 0.0 0.0
0 0.955078 0.328216 0.015625 0.024854 0.0 0.0 0.0 0.0 0.0 0.0 0.0 0.0 0.0 0.0 0.0 0.0 0.0 0.0 0.0
0 0.879883 0.149123 0.013672 0.023392 0.0 0.0 0.0 0.0 0.0 0.0 0.0 0.0 0.0 0.0 0.0 0.0 0.0 0.0 0.0
0 0.673828 0.230994 0.015625 0.026316 0.0 0.0 0.0 0.0 0.0 0.0 0.0 0.0 0.0 0.0 0.0 0.0 0.0 0.0 0.0
0 0.911133 0.215643 0.013672 0.030702 0.0 0.0 0.0 0.0 0.0 0.0 0.0 0.0 0.0 0.0 0.0 0.0 0.0 0.0 0.0
0 0.599121 0.143275 0.016602 0.032164 0.0 0.0 0.0 0.0 0.0 0.0 0.0 0.0 0.0 0.0 0.0 0.0 0.0 0.0 0.0
0 0.345215 0.231725 0.016602 0.030702 0.0 0.0 0.0 0.0 0.0 0.0 0.0 0.0 0.0 0.0 0.0 0.0 0.0 0.0 0.0
0 0.442871 0.894006 0.024414 0.042398 0.441834 0.882858 1.0 0.451904 0.887244 1.0 0.445129 0.894096 1.0 0.438172 0.899579 1.0 0.445312 0.906708 1.0
0 0.024902 0.517544 0.020508 0.049708 0.0 0.0 0.0 0.0 0.0 0.0 0.0 0.0 0.0 0.0 0.0 0.0 0.0 0.0 0.0
0 0.033691 0.472953 0.020508 0.03655 0.0 0.0 0.0 0.0 0.0 0.0 0.0 0.0 0.0 0.0 0.0 0.0 0.0 0.0 0.0
0 0.049316 0.423246 0.018555 0.03655 0.0 0.0 0.0 0.0 0.0 0.0 0.0 0.0 0.0 0.0 0.0 0.0 0.0 0.0 0.0
0 0.395996 0.206871 0.018555 0.030702 0.0 0.0 0.0 0.0 0.0 0.0 0.0 0.0 0.0 0.0 0.0 0.0 0.0 0.0 0.0
0 0.467285 0.210526 0.012695 0.026316 0.0 0.0 0.0 0.0 0.0 0.0 0.0 0.0 0.0 0.0 0.0 0.0 0.0 0.0 0.0
0 0.12207 0.047515 0.013672 0.027778 0.0 0.0 0.0 0.0 0.0 0.0 0.0 0.0 0.0 0.0 0.0 0.0 0.0 0.0 0.0
0 0.430176 0.093567 0.012695 0.02924 0.0 0.0 0.0 0.0 0.0 0.0 0.0 0.0 0.0 0.0 0.0 0.0 0.0 0.0 0.0
0 0.42041 0.357456 0.020508 0.039474 0.0 0.0 0.0 0.0 0.0 0.0 0.0 0.0 0.0 0.0 0.0 0.0 0.0 0.0 0.0
0 0.948242 0.347953 0.019531 0.032164 0.0 0.0 0.0 0.0 0.0 0.0 0.0 0.0 0.0 0.0 0.0 0.0 0.0 0.0 0.0
0 0.85791 0.451023 0.014648 0.030702 0.0 0.0 0.0 0.0 0.0 0.0 0.0 0.0 0.0 0.0 0.0 0.0 0.0 0.0 0.0
0 0.796387 0.629386 0.022461 0.042398 0.0 0.0 0.0 0.0 0.0 0.0 0.0 0.0 0.0 0.0 0.0 0.0 0.0 0.0 0.0
0 0.890137 0.574561 0.018555 0.040936 0.0 0.0 0.0 0.0 0.0 0.0 0.0 0.0 0.0 0.0 0.0 0.0 0.0 0.0 0.0
0 0.900391 0.446637 0.023438 0.042398 0.0 0.0 0.0 0.0 0.0 0.0 0.0 0.0 0.0 0.0 0.0 0.0 0.0 0.0 0.0
0 0.984375 0.427632 0.015625 0.030702 0.0 0.0 0.0 0.0 0.0 0.0 0.0 0.0 0.0 0.0 0.0 0.0 0.0 0.0 0.0
0 0.95459 0.287281 0.020508 0.033626 0.0 0.0 0.0 0.0 0.0 0.0 0.0 0.0 0.0 0.0 0.0 0.0 0.0 0.0 0.0
0 0.452148 0.116228 0.013672 0.024854 0.0 0.0 0.0 0.0 0.0 0.0 0.0 0.0 0.0 0.0 0.0 0.0 0.0 0.0 0.0