0 0.008301 0.312224 0.016602 0.035346 0.0 0.0 0.0 0.0 0.0 0.0 0.0 0.0 0.0 0.0 0.0 0.0 0.0 0.0 0.0
0 0.023438 0.296024 0.013672 0.032401 0.018485 0.288239 1.0 0.0256 0.287819 1.0 0.02253 0.296024 1.0 0.02002 0.301704 1.0 0.025042 0.301493 1.0
0 0.082031 0.303387 0.019531 0.032401 0.0 0.0 0.0 0.0 0.0 0.0 0.0 0.0 0.0 0.0 0.0 0.0 0.0 0.0 0.0
0 0.11084 0.306333 0.014648 0.029455 0.106689 0.302467 1.0 0.113159 0.301915 1.0 0.109497 0.306701 1.0 0.108643 0.313328 1.0 0.113403 0.313144 1.0
0 0.138184 0.301915 0.012695 0.023564 0.0 0.0 0.0 0.0 0.0 0.0 0.0 0.0 0.0 0.0 0.0 0.0 0.0 0.0 0.0
0 0.189941 0.305596 0.018555 0.027982 0.0 0.0 0.0 0.0 0.0 0.0 0.0 0.0 0.0 0.0 0.0 0.0 0.0 0.0 0.0
0 0.196777 0.282032 0.012695 0.025037 0.193395 0.27814 1.0 0.198939 0.279719 1.0 0.195592 0.28461 1.0 0.194127 0.290448 1.0 0.199149 0.291237 1.0
0 0.231445 0.301915 0.013672 0.029455 0.23475 0.296221 1.0 0.236268 0.296221 1.0 0.237784 0.302513 1.0 0.233991 0.308424 1.0 0.234876 0.308424 1.0
0 0.303223 0.304124 0.018555 0.04271 0.0 0.0 0.0 0.0 0.0 0.0 0.0 0.0 0.0 0.0 0.0 0.0 0.0 0.0 0.0
0 0.620117 0.310751 0.013672 0.038292 0.0 0.0 0.0 0.0 0.0 0.0 0.0 0.0 0.0 0.0 0.0 0.0 0.0 0.0 0.0
0 0.630371 0.292342 0.014648 0.027982 0.0 0.0 0.0 0.0 0.0 0.0 0.0 0.0 0.0 0.0 0.0 0.0 0.0 0.0 0.0
0 0.663574 0.292342 0.016602 0.033873 0.0 0.0 0.0 0.0 0.0 0.0 0.0 0.0 0.0 0.0 0.0 0.0 0.0 0.0 0.0
0 0.684082 0.301915 0.018555 0.032401 0.0 0.0 0.0 0.0 0.0 0.0 0.0 0.0 0.0 0.0 0.0 0.0 0.0 0.0 0.0
0 0.739746 0.304124 0.022461 0.04271 0.737876 0.296576 1.0 0.747528 0.297384 1.0 0.743238 0.304393 1.0 0.737519 0.314097 1.0 0.746277 0.313019 1.0
0 0.777832 0.284242 0.022461 0.038292 0.77369 0.277022 1.0 0.783299 0.277022 1.0 0.778992 0.282019 1.0 0.77253 0.290514 1.0 0.781974 0.292013 1.0
0 0.765137 0.290869 0.016602 0.033873 0.0 0.0 0.0 0.0 0.0 0.0 0.0 0.0 0.0 0.0 0.0 0.0 0.0 0.0 0.0
0 0.881348 0.312224 0.032227 0.047128 0.881758 0.299626 1.0 0.892003 0.298081 1.0 0.88852 0.308588 1.0 0.881348 0.320022 1.0 0.891798 0.318168 1.0
0 0.905273 0.305596 0.019531 0.036819 0.0 0.0 0.0 0.0 0.0 0.0 0.0 0.0 0.0 0.0 0.0 0.0 0.0 0.0 0.0
0 0.95166 0.303387 0.02832 0.044183 0.944048 0.29219 1.0 0.956608 0.293887 1.0 0.94836 0.302934 1.0 0.943111 0.30887 1.0 0.953609 0.309719 1.0
0 0.987305 0.293814 0.023438 0.04271 0.981489 0.286747 1.0 0.991425 0.287595 1.0 0.985426 0.296359 1.0 0.980177 0.303993 1.0 0.987675 0.305124 1.0
0 0.989258 0.379234 0.021484 0.045655 0.0 0.0 0.0 0.0 0.0 0.0 0.0 0.0 0.0 0.0 0.0 0.0 0.0 0.0 0.0