0 0.940918 0.187408 0.010742 0.023426 0.0 0.0 0.0 0.0 0.0 0.0 0.0 0.0 0.0 0.0 0.0 0.0 0.0 0.0 0.0
0 0.993652 0.339678 0.012695 0.046852 0.0 0.0 0.0 0.0 0.0 0.0 0.0 0.0 0.0 0.0 0.0 0.0 0.0 0.0 0.0
0 0.908203 0.283309 0.013672 0.030747 0.0 0.0 0.0 0.0 0.0 0.0 0.0 0.0 0.0 0.0 0.0 0.0 0.0 0.0 0.0
0 0.913574 0.219619 0.016602 0.029283 0.907959 0.213214 1.0 0.914917 0.214678 1.0 0.90979 0.221999 1.0 0.907593 0.226208 1.0 0.912109 0.227489 1.0
0 0.891602 0.224744 0.009766 0.021962 0.0 0.0 0.0 0.0 0.0 0.0 0.0 0.0 0.0 0.0 0.0 0.0 0.0 0.0 0.0
0 0.869629 0.243045 0.012695 0.026354 0.873771 0.239536 1.0 0.873988 0.239536 1.0 0.875842 0.245419 1.0 0.873226 0.248849 1.0 0.873443 0.248849 1.0
0 0.861816 0.333089 0.018555 0.036603 0.865409 0.327416 1.0 0.868077 0.325299 1.0 0.871687 0.332357 1.0 0.866508 0.341534 1.0 0.869176 0.339652 1.0
0 0.822266 0.218887 0.007812 0.019034 0.0 0.0 0.0 0.0 0.0 0.0 0.0 0.0 0.0 0.0 0.0 0.0 0.0 0.0 0.0
0 0.796387 0.24451 0.014648 0.029283 0.797921 0.238849 1.0 0.798807 0.238849 1.0 0.802473 0.245294 1.0 0.798427 0.250981 1.0 0.79906 0.250981 1.0
0 0.749512 0.249634 0.012695 0.02489 0.0 0.0 0.0 0.0 0.0 0.0 0.0 0.0 0.0 0.0 0.0 0.0 0.0 0.0 0.0
0 0.728027 0.207906 0.008789 0.014641 0.724335 0.20541 1.0 0.730285 0.206978 1.0 0.726819 0.21041 1.0 0.723419 0.213842 1.0 0.727539 0.215018 1.0
0 0.724609 0.270132 0.009766 0.021962 0.0 0.0 0.0 0.0 0.0 0.0 0.0 0.0 0.0 0.0 0.0 0.0 0.0 0.0 0.0
0 0.70166 0.249634 0.008789 0.013177 0.0 0.0 0.0 0.0 0.0 0.0 0.0 0.0 0.0 0.0 0.0 0.0 0.0 0.0 0.0
0 0.851562 0.43265 0.035156 0.062958 0.841544 0.423611 1.0 0.859894 0.428395 1.0 0.848725 0.44235 1.0 0.841278 0.446337 1.0 0.853512 0.448729 1.0
0 0.797852 0.38653 0.019531 0.040996 0.799979 0.381562 1.0 0.804862 0.380517 1.0 0.80678 0.389145 1.0 0.797538 0.399079 1.0 0.802595 0.398034 1.0
0 0.672363 0.27672 0.010742 0.026354 0.0 0.0 0.0 0.0 0.0 0.0 0.0 0.0 0.0 0.0 0.0 0.0 0.0 0.0 0.0
0 0.65332 0.346266 0.021484 0.036603 0.0 0.0 0.0 0.0 0.0 0.0 0.0 0.0 0.0 0.0 0.0 0.0 0.0 0.0 0.0
0 0.628418 0.326501 0.018555 0.043924 0.632264 0.320095 1.0 0.634461 0.319271 1.0 0.636475 0.328331 1.0 0.630249 0.337116 1.0 0.63208 0.336293 1.0
0 0.644043 0.247438 0.010742 0.020498 0.0 0.0 0.0 0.0 0.0 0.0 0.0 0.0 0.0 0.0 0.0 0.0 0.0 0.0 0.0
0 0.605469 0.240117 0.009766 0.01757 0.0 0.0 0.0 0.0 0.0 0.0 0.0 0.0 0.0 0.0 0.0 0.0 0.0 0.0 0.0
0 0.588379 0.260615 0.008789 0.01757 0.0 0.0 0.0 0.0 0.0 0.0 0.0 0.0 0.0 0.0 0.0 0.0 0.0 0.0 0.0
0 0.587891 0.229868 0.005859 0.011713 0.0 0.0 0.0 0.0 0.0 0.0 0.0 0.0 0.0 0.0 0.0 0.0 0.0 0.0 0.0
0 0.53418 0.229136 0.005859 0.010249 0.0 0.0 0.0 0.0 0.0 0.0 0.0 0.0 0.0 0.0 0.0 0.0 0.0 0.0 0.0
0 0.496582 0.238653 0.006836 0.011713 0.0 0.0 0.0 0.0 0.0 0.0 0.0 0.0 0.0 0.0 0.0 0.0 0.0 0.0 0.0
0 0.46875 0.227672 0.005859 0.010249 0.0 0.0 0.0 0.0 0.0 0.0 0.0 0.0 0.0 0.0 0.0 0.0 0.0 0.0 0.0
0 0.642578 0.465593 0.029297 0.055637 0.643974 0.463423 1.0 0.653861 0.458482 1.0 0.651507 0.473659 1.0 0.645621 0.480717 1.0 0.652684 0.478247 1.0
0 0.537109 0.414348 0.021484 0.043924 0.540183 0.408839 1.0 0.547307 0.407433 1.0 0.548057 0.419518 1.0 0.540183 0.425701 1.0 0.543933 0.427107 1.0
0 0.515625 0.36896 0.015625 0.032211 0.0 0.0 0.0 0.0 0.0 0.0 0.0 0.0 0.0 0.0 0.0 0.0 0.0 0.0 0.0
0 0.352051 0.704246 0.051758 0.084919 0.347456 0.693206 1.0 0.3717 0.682356 1.0 0.366996 0.719247 1.0 0.349988 0.732266 1.0 0.368081 0.724672 1.0
0 0.377441 0.288433 0.012695 0.026354 0.375444 0.281362 1.0 0.380205 0.284081 1.0 0.375558 0.285269 1.0 0.372951 0.291218 1.0 0.376012 0.293088 1.0
0 0.366699 0.291362 0.008789 0.023426 0.0 0.0 0.0 0.0 0.0 0.0 0.0 0.0 0.0 0.0 0.0 0.0 0.0 0.0 0.0
0 0.378906 0.325769 0.013672 0.027818 0.0 0.0 0.0 0.0 0.0 0.0 0.0 0.0 0.0 0.0 0.0 0.0 0.0 0.0 0.0
0 0.331055 0.344802 0.013672 0.02489 0.0 0.0 0.0 0.0 0.0 0.0 0.0 0.0 0.0 0.0 0.0 0.0 0.0 0.0 0.0
0 0.304688 0.350659 0.013672 0.027818 0.0 0.0 0.0 0.0 0.0 0.0 0.0 0.0 0.0 0.0 0.0 0.0 0.0 0.0 0.0
0 0.297852 0.393851 0.017578 0.032211 0.298479 0.390294 1.0 0.301688 0.386949 1.0 0.305036 0.393432 1.0 0.302246 0.402007 1.0 0.303642 0.400962 1.0
0 0.259766 0.413616 0.021484 0.039531 0.259936 0.407818 1.0 0.268097 0.40629 1.0 0.267927 0.415211 1.0 0.261976 0.422603 1.0 0.268607 0.421584 1.0
0 0.422852 0.328697 0.005859 0.010249 0.0 0.0 0.0 0.0 0.0 0.0 0.0 0.0 0.0 0.0 0.0 0.0 0.0 0.0 0.0
0 0.44043 0.318448 0.003906 0.007321 0.0 0.0 0.0 0.0 0.0 0.0 0.0 0.0 0.0 0.0 0.0 0.0 0.0 0.0 0.0
0 0.341797 0.259151 0.009766 0.01757 0.0 0.0 0.0 0.0 0.0 0.0 0.0 0.0 0.0 0.0 0.0 0.0 0.0 0.0 0.0
0 0.347168 0.243777 0.006836 0.013177 0.0 0.0 0.0 0.0 0.0 0.0 0.0 0.0 0.0 0.0 0.0 0.0 0.0 0.0 0.0
0 0.307617 0.268668 0.007812 0.016105 0.0 0.0 0.0 0.0 0.0 0.0 0.0 0.0 0.0 0.0 0.0 0.0 0.0 0.0 0.0
0 0.287109 0.268668 0.007812 0.016105 0.0 0.0 0.0 0.0 0.0 0.0 0.0 0.0 0.0 0.0 0.0 0.0 0.0 0.0 0.0
0 0.278809 0.275256 0.010742 0.020498 0.275495 0.269504 1.0 0.279419 0.269243 1.0 0.277588 0.275387 1.0 0.275932 0.279962 1.0 0.278896 0.279832 1.0
0 0.280762 0.241581 0.006836 0.011713 0.0 0.0 0.0 0.0 0.0 0.0 0.0 0.0 0.0 0.0 0.0 0.0 0.0 0.0 0.0
0 0.266113 0.275988 0.006836 0.013177 0.0 0.0 0.0 0.0 0.0 0.0 0.0 0.0 0.0 0.0 0.0 0.0 0.0 0.0 0.0
0 0.254395 0.358712 0.018555 0.032211 0.251203 0.354534 1.0 0.259853 0.354738 1.0 0.255528 0.363855 1.0 0.251608 0.368313 1.0 0.258096 0.369327 1.0
0 0.43457 0.253294 0.005859 0.011713 0.0 0.0 0.0 0.0 0.0 0.0 0.0 0.0 0.0 0.0 0.0 0.0 0.0 0.0 0.0
0 0.443848 0.29429 0.004883 0.008785 0.0 0.0 0.0 0.0 0.0 0.0 0.0 0.0 0.0 0.0 0.0 0.0 0.0 0.0 0.0
0 0.392578 0.279649 0.005859 0.008785 0.0 0.0 0.0 0.0 0.0 0.0 0.0 0.0 0.0 0.0 0.0 0.0 0.0 0.0 0.0
0 0.394043 0.29795 0.006836 0.010249 0.0 0.0 0.0 0.0 0.0 0.0 0.0 0.0 0.0 0.0 0.0 0.0 0.0 0.0 0.0
0 0.399902 0.317716 0.004883 0.008785 0.0 0.0 0.0 0.0 0.0 0.0 0.0 0.0 0.0 0.0 0.0 0.0 0.0 0.0 0.0
0 0.404785 0.338214 0.004883 0.008785 0.0 0.0 0.0 0.0 0.0 0.0 0.0 0.0 0.0 0.0 0.0 0.0 0.0 0.0 0.0
0 0.413086 0.335286 0.003906 0.008785 0.0 0.0 0.0 0.0 0.0 0.0 0.0 0.0 0.0 0.0 0.0 0.0 0.0 0.0 0.0
0 0.429688 0.32284 0.005859 0.007321 0.0 0.0 0.0 0.0 0.0 0.0 0.0 0.0 0.0 0.0 0.0 0.0 0.0 0.0 0.0
0 0.449219 0.312592 0.003906 0.007321 0.0 0.0 0.0 0.0 0.0 0.0 0.0 0.0 0.0 0.0 0.0 0.0 0.0 0.0 0.0
0 0.118652 0.39019 0.016602 0.030747 0.118435 0.384673 1.0 0.126273 0.384268 1.0 0.126273 0.389334 1.0 0.120462 0.395413 1.0 0.1283 0.395818 1.0
0 0.12207 0.35798 0.011719 0.021962 0.0 0.0 0.0 0.0 0.0 0.0 0.0 0.0 0.0 0.0 0.0 0.0 0.0 0.0 0.0
0 0.129395 0.320644 0.008789 0.01757 0.0 0.0 0.0 0.0 0.0 0.0 0.0 0.0 0.0 0.0 0.0 0.0 0.0 0.0 0.0
0 0.104492 0.292094 0.009766 0.016105 0.098912 0.29063 1.0 0.103307 0.290839 1.0 0.101005 0.295022 1.0 0.099889 0.298786 1.0 0.102679 0.298786 1.0
0 0.171875 0.263543 0.005859 0.011713 0.0 0.0 0.0 0.0 0.0 0.0 0.0 0.0 0.0 0.0 0.0 0.0 0.0 0.0 0.0
0 0.081543 0.301611 0.008789 0.014641 0.0 0.0 0.0 0.0 0.0 0.0 0.0 0.0 0.0 0.0 0.0 0.0 0.0 0.0 0.0
0 0.032227 0.295022 0.007812 0.013177 0.0 0.0 0.0 0.0 0.0 0.0 0.0 0.0 0.0 0.0 0.0 0.0 0.0 0.0 0.0
0 0.016602 0.344802 0.011719 0.019034 0.014779 0.341476 1.0 0.019584 0.340482 1.0 0.018258 0.344829 1.0 0.016354 0.349423 1.0 0.019998 0.348802 1.0
0 0.117188 0.282577 0.007812 0.014641 0.0 0.0 0.0 0.0 0.0 0.0 0.0 0.0 0.0 0.0 0.0 0.0 0.0 0.0 0.0
0 0.150879 0.272328 0.008789 0.011713 0.0 0.0 0.0 0.0 0.0 0.0 0.0 0.0 0.0 0.0 0.0 0.0 0.0 0.0 0.0
0 0.241211 0.281113 0.005859 0.011713 0.0 0.0 0.0 0.0 0.0 0.0 0.0 0.0 0.0 0.0 0.0 0.0 0.0 0.0 0.0
0 0.246094 0.27672 0.005859 0.014641 0.0 0.0 0.0 0.0 0.0 0.0 0.0 0.0 0.0 0.0 0.0 0.0 0.0 0.0 0.0
0 0.991699 0.20571 0.016602 0.021962 0.0 0.0 0.0 0.0 0.0 0.0 0.0 0.0 0.0 0.0 0.0 0.0 0.0 0.0 0.0