0 0.074707 0.296188 0.018555 0.035191 0.0 0.0 0.0 0.0 0.0 0.0 0.0 0.0 0.0 0.0 0.0 0.0 0.0 0.0 0.0
0 0.137207 0.265396 0.012695 0.020528 0.0 0.0 0.0 0.0 0.0 0.0 0.0 0.0 0.0 0.0 0.0 0.0 0.0 0.0 0.0
0 0.228516 0.307185 0.017578 0.024927 0.0 0.0 0.0 0.0 0.0 0.0 0.0 0.0 0.0 0.0 0.0 0.0 0.0 0.0 0.0
0 0.223145 0.259531 0.012695 0.020528 0.22079 0.257018 1.0 0.225062 0.257018 1.0 0.223145 0.261337 1.0 0.2214 0.265265 1.0 0.22454 0.265396 1.0
0 0.200684 0.244135 0.006836 0.013196 0.0 0.0 0.0 0.0 0.0 0.0 0.0 0.0 0.0 0.0 0.0 0.0 0.0 0.0 0.0
0 0.232422 0.232405 0.007812 0.010264 0.0 0.0 0.0 0.0 0.0 0.0 0.0 0.0 0.0 0.0 0.0 0.0 0.0 0.0 0.0
0 0.266602 0.256598 0.009766 0.017595 0.0 0.0 0.0 0.0 0.0 0.0 0.0 0.0 0.0 0.0 0.0 0.0 0.0 0.0 0.0
0 0.320312 0.280059 0.011719 0.017595 0.0 0.0 0.0 0.0 0.0 0.0 0.0 0.0 0.0 0.0 0.0 0.0 0.0 0.0 0.0
0 0.310547 0.321848 0.019531 0.030792 0.0 0.0 0.0 0.0 0.0 0.0 0.0 0.0 0.0 0.0 0.0 0.0 0.0 0.0 0.0
0 0.319336 0.363636 0.029297 0.049853 0.307953 0.352639 1.0 0.323975 0.349431 1.0 0.315002 0.36162 1.0 0.313293 0.373488 1.0 0.323975 0.370922 1.0
0 0.297852 0.459677 0.044922 0.08651 0.284102 0.448431 1.0 0.306536 0.444629 1.0 0.293871 0.465274 1.0 0.289529 0.483746 1.0 0.30545 0.481029 1.0
0 0.127441 0.403226 0.041992 0.061584 0.113879 0.389315 1.0 0.132494 0.383726 1.0 0.122123 0.395705 1.0 0.123452 0.416468 1.0 0.135951 0.410878 1.0
0 0.013672 0.371701 0.027344 0.06305 0.001631 0.363663 1.0 0.014064 0.36204 1.0 0.005415 0.373403 1.0 0.004334 0.388419 1.0 0.014335 0.388013 1.0
0 0.029297 0.461877 0.058594 0.11437 0.000802 0.442979 1.0 0.030321 0.438619 1.0 0.009513 0.460416 1.0 0.007093 0.488754 1.0 0.03758 0.486575 1.0
0 0.371582 0.303519 0.014648 0.026393 0.0 0.0 0.0 0.0 0.0 0.0 0.0 0.0 0.0 0.0 0.0 0.0 0.0 0.0 0.0
0 0.384277 0.277126 0.010742 0.017595 0.0 0.0 0.0 0.0 0.0 0.0 0.0 0.0 0.0 0.0 0.0 0.0 0.0 0.0 0.0
0 0.361328 0.269062 0.009766 0.016129 0.0 0.0 0.0 0.0 0.0 0.0 0.0 0.0 0.0 0.0 0.0 0.0 0.0 0.0 0.0
0 0.416504 0.313783 0.018555 0.035191 0.0 0.0 0.0 0.0 0.0 0.0 0.0 0.0 0.0 0.0 0.0 0.0 0.0 0.0 0.0
0 0.436035 0.289589 0.012695 0.024927 0.0 0.0 0.0 0.0 0.0 0.0 0.0 0.0 0.0 0.0 0.0 0.0 0.0 0.0 0.0
0 0.424805 0.280792 0.007812 0.013196 0.0 0.0 0.0 0.0 0.0 0.0 0.0 0.0 0.0 0.0 0.0 0.0 0.0 0.0 0.0
0 0.423828 0.254399 0.005859 0.010264 0.0 0.0 0.0 0.0 0.0 0.0 0.0 0.0 0.0 0.0 0.0 0.0 0.0 0.0 0.0
0 0.458984 0.281525 0.011719 0.02346 0.456647 0.280268 1.0 0.461879 0.279955 1.0 0.459786 0.285295 1.0 0.457694 0.288437 1.0 0.461042 0.28828 1.0
0 0.478027 0.276393 0.006836 0.013196 0.0 0.0 0.0 0.0 0.0 0.0 0.0 0.0 0.0 0.0 0.0 0.0 0.0 0.0 0.0
0 0.490723 0.281525 0.012695 0.02346 0.488242 0.278683 1.0 0.494158 0.278683 1.0 0.49125 0.282598 1.0 0.488944 0.286663 1.0 0.493055 0.286814 1.0
0 0.510742 0.300587 0.013672 0.02346 0.507429 0.294092 1.0 0.513916 0.293935 1.0 0.511823 0.300691 1.0 0.508266 0.305718 1.0 0.512242 0.305875 1.0
0 0.527344 0.295455 0.013672 0.024927 0.527618 0.292025 1.0 0.532959 0.290716 1.0 0.532523 0.294971 1.0 0.528163 0.302826 1.0 0.532959 0.302334 1.0
0 0.554199 0.241202 0.008789 0.013196 0.0 0.0 0.0 0.0 0.0 0.0 0.0 0.0 0.0 0.0 0.0 0.0 0.0 0.0 0.0
0 0.520508 0.325513 0.019531 0.038123 0.517369 0.323274 1.0 0.525818 0.323274 1.0 0.522008 0.332727 1.0 0.519025 0.336956 1.0 0.524658 0.337453 1.0
0 0.515625 0.393695 0.033203 0.06305 0.504722 0.382913 1.0 0.523071 0.380119 1.0 0.514295 0.397688 1.0 0.51004 0.408868 1.0 0.523869 0.404076 1.0
0 0.45752 0.36217 0.030273 0.052786 0.0 0.0 0.0 0.0 0.0 0.0 0.0 0.0 0.0 0.0 0.0 0.0 0.0 0.0 0.0
0 0.345215 0.422287 0.03418 0.067449 0.338684 0.410884 1.0 0.353358 0.407428 1.0 0.348755 0.425141 1.0 0.339835 0.437238 1.0 0.35566 0.43551 1.0
0 0.21875 0.638563 0.083984 0.124633 0.187138 0.595059 1.0 0.230922 0.594267 1.0 0.205602 0.632286 1.0 0.196634 0.65763 1.0 0.235143 0.650503 1.0
0 0.492676 0.615103 0.06543 0.118768 0.481254 0.585267 1.0 0.509582 0.580789 1.0 0.500637 0.621831 1.0 0.486224 0.641233 1.0 0.511073 0.638249 1.0
0 0.55957 0.415689 0.021484 0.042522 0.558903 0.410053 1.0 0.567841 0.409248 1.0 0.564444 0.414348 1.0 0.562121 0.418372 1.0 0.565874 0.418104 1.0
0 0.570312 0.323314 0.015625 0.033724 0.568185 0.316833 1.0 0.575379 0.316402 1.0 0.572933 0.322881 1.0 0.569192 0.330658 1.0 0.574371 0.330443 1.0
0 0.613281 0.280059 0.011719 0.02346 0.0 0.0 0.0 0.0 0.0 0.0 0.0 0.0 0.0 0.0 0.0 0.0 0.0 0.0 0.0
0 0.636719 0.329912 0.017578 0.029326 0.0 0.0 0.0 0.0 0.0 0.0 0.0 0.0 0.0 0.0 0.0 0.0 0.0 0.0 0.0
0 0.66748 0.299853 0.012695 0.021994 0.0 0.0 0.0 0.0 0.0 0.0 0.0 0.0 0.0 0.0 0.0 0.0 0.0 0.0 0.0
0 0.653809 0.282991 0.006836 0.014663 0.0 0.0 0.0 0.0 0.0 0.0 0.0 0.0 0.0 0.0 0.0 0.0 0.0 0.0 0.0
0 0.680176 0.281525 0.010742 0.020528 0.0 0.0 0.0 0.0 0.0 0.0 0.0 0.0 0.0 0.0 0.0 0.0 0.0 0.0 0.0
0 0.683105 0.346774 0.026367 0.05132 0.0 0.0 0.0 0.0 0.0 0.0 0.0 0.0 0.0 0.0 0.0 0.0 0.0 0.0 0.0
0 0.726562 0.299853 0.017578 0.033724 0.0 0.0 0.0 0.0 0.0 0.0 0.0 0.0 0.0 0.0 0.0 0.0 0.0 0.0 0.0
0 0.693359 0.266862 0.005859 0.014663 0.0 0.0 0.0 0.0 0.0 0.0 0.0 0.0 0.0 0.0 0.0 0.0 0.0 0.0 0.0
0 0.699707 0.283724 0.010742 0.016129 0.0 0.0 0.0 0.0 0.0 0.0 0.0 0.0 0.0 0.0 0.0 0.0 0.0 0.0 0.0
0 0.796875 0.293255 0.015625 0.026393 0.7948 0.288726 1.0 0.800127 0.289746 1.0 0.793553 0.294342 1.0 0.793893 0.298597 1.0 0.797066 0.299787 1.0
0 0.777832 0.253666 0.006836 0.01173 0.0 0.0 0.0 0.0 0.0 0.0 0.0 0.0 0.0 0.0 0.0 0.0 0.0 0.0 0.0
0 0.777832 0.272727 0.006836 0.014663 0.0 0.0 0.0 0.0 0.0 0.0 0.0 0.0 0.0 0.0 0.0 0.0 0.0 0.0 0.0
0 0.790039 0.271261 0.007812 0.014663 0.0 0.0 0.0 0.0 0.0 0.0 0.0 0.0 0.0 0.0 0.0 0.0 0.0 0.0 0.0
0 0.845215 0.280059 0.010742 0.017595 0.84569 0.277545 1.0 0.849618 0.279214 1.0 0.847543 0.282776 1.0 0.844949 0.284556 1.0 0.847469 0.285557 1.0
0 0.86084 0.277126 0.008789 0.017595 0.0 0.0 0.0 0.0 0.0 0.0 0.0 0.0 0.0 0.0 0.0 0.0 0.0 0.0 0.0
0 0.798828 0.335777 0.027344 0.052786 0.798793 0.328865 1.0 0.808541 0.328865 1.0 0.807861 0.339076 1.0 0.794486 0.348947 1.0 0.804008 0.35099 1.0
0 0.816895 0.334311 0.020508 0.038123 0.811244 0.330913 1.0 0.818664 0.333578 1.0 0.812535 0.33939 1.0 0.811567 0.344718 1.0 0.817374 0.345204 1.0
0 0.900879 0.356305 0.032227 0.052786 0.896764 0.35256 1.0 0.910139 0.353582 1.0 0.903564 0.36107 1.0 0.894496 0.368559 1.0 0.906059 0.369921 1.0
0 0.912109 0.323314 0.023438 0.036657 0.0 0.0 0.0 0.0 0.0 0.0 0.0 0.0 0.0 0.0 0.0 0.0 0.0 0.0 0.0
0 0.714355 0.451613 0.067383 0.099707 0.711265 0.423674 1.0 0.739598 0.418595 1.0 0.733255 0.450978 1.0 0.71211 0.470026 1.0 0.739175 0.466852 1.0
0 0.878906 0.496334 0.052734 0.109971 0.0 0.0 0.0 0.0 0.0 0.0 0.0 0.0 0.0 0.0 0.0 0.0 0.0 0.0 0.0
0 0.006348 0.315982 0.012695 0.039589 0.0 0.0 0.0 0.0 0.0 0.0 0.0 0.0 0.0 0.0 0.0 0.0 0.0 0.0 0.0
0 0.20752 0.371701 0.022461 0.048387 0.0 0.0 0.0 0.0 0.0 0.0 0.0 0.0 0.0 0.0 0.0 0.0 0.0 0.0 0.0