0 0.424805 0.321094 0.013672 0.026562 0.0 0.0 0.0 0.0 0.0 0.0 0.0 0.0 0.0 0.0 0.0 0.0 0.0 0.0 0.0
0 0.396484 0.317969 0.011719 0.029687 0.394836 0.313016 1.0 0.401075 0.313016 1.0 0.398956 0.318102 1.0 0.395778 0.320738 1.0 0.399898 0.320173 1.0
0 0.368652 0.414844 0.018555 0.026562 0.0 0.0 0.0 0.0 0.0 0.0 0.0 0.0 0.0 0.0 0.0 0.0 0.0 0.0 0.0
0 0.357422 0.379688 0.013672 0.028125 0.0 0.0 0.0 0.0 0.0 0.0 0.0 0.0 0.0 0.0 0.0 0.0 0.0 0.0 0.0
0 0.317383 0.332031 0.019531 0.029687 0.0 0.0 0.0 0.0 0.0 0.0 0.0 0.0 0.0 0.0 0.0 0.0 0.0 0.0 0.0
0 0.289551 0.31875 0.014648 0.03125 0.0 0.0 0.0 0.0 0.0 0.0 0.0 0.0 0.0 0.0 0.0 0.0 0.0 0.0 0.0
0 0.333008 0.4 0.015625 0.0375 0.0 0.0 0.0 0.0 0.0 0.0 0.0 0.0 0.0 0.0 0.0 0.0 0.0 0.0 0.0
0 0.226074 0.319531 0.016602 0.023438 0.0 0.0 0.0 0.0 0.0 0.0 0.0 0.0 0.0 0.0 0.0 0.0 0.0 0.0 0.0
0 0.188965 0.299219 0.014648 0.029687 0.0 0.0 0.0 0.0 0.0 0.0 0.0 0.0 0.0 0.0 0.0 0.0 0.0 0.0 0.0
0 0.196777 0.3875 0.018555 0.03125 0.0 0.0 0.0 0.0 0.0 0.0 0.0 0.0 0.0 0.0 0.0 0.0 0.0 0.0 0.0
0 0.241699 0.403125 0.016602 0.034375 0.0 0.0 0.0 0.0 0.0 0.0 0.0 0.0 0.0 0.0 0.0 0.0 0.0 0.0 0.0
0 0.114258 0.357031 0.021484 0.035937 0.111642 0.350405 1.0 0.119843 0.351095 1.0 0.116246 0.358231 1.0 0.113225 0.365367 1.0 0.118404 0.365597 1.0
0 0.13623 0.285156 0.016602 0.032813 0.0 0.0 0.0 0.0 0.0 0.0 0.0 0.0 0.0 0.0 0.0 0.0 0.0 0.0 0.0
0 0.086914 0.308594 0.015625 0.023438 0.0 0.0 0.0 0.0 0.0 0.0 0.0 0.0 0.0 0.0 0.0 0.0 0.0 0.0 0.0
0 0.012695 0.315625 0.025391 0.053125 0.003418 0.304353 1.0 0.015974 0.304688 1.0 0.009486 0.314397 1.0 0.003627 0.324442 1.0 0.015556 0.325447 1.0
0 0.039062 0.324219 0.015625 0.029687 0.0 0.0 0.0 0.0 0.0 0.0 0.0 0.0 0.0 0.0 0.0 0.0 0.0 0.0 0.0
0 0.862305 0.182031 0.03125 0.042188 0.852679 0.173731 1.0 0.862906 0.170842 1.0 0.856288 0.185603 1.0 0.856088 0.193945 1.0 0.863709 0.19202 1.0
0 0.476074 0.323437 0.012695 0.01875 0.0 0.0 0.0 0.0 0.0 0.0 0.0 0.0 0.0 0.0 0.0 0.0 0.0 0.0 0.0