0 0.987793 0.207906 0.024414 0.070278 0.0 0.0 0.0 0.0 0.0 0.0 0.0 0.0 0.0 0.0 0.0 0.0 0.0 0.0 0.0
0 0.988281 0.139824 0.023438 0.045388 0.0 0.0 0.0 0.0 0.0 0.0 0.0 0.0 0.0 0.0 0.0 0.0 0.0 0.0 0.0
0 0.94043 0.257687 0.048828 0.081991 0.930986 0.238366 1.0 0.955096 0.238366 1.0 0.944764 0.248176 1.0 0.939253 0.277092 1.0 0.951307 0.27606 1.0
0 0.874512 0.249634 0.051758 0.101025 0.864785 0.231051 1.0 0.889312 0.225346 1.0 0.886775 0.239928 1.0 0.877049 0.269726 1.0 0.89185 0.265288 1.0
0 0.839355 0.192533 0.071289 0.101025 0.0 0.0 0.0 0.0 0.0 0.0 0.0 0.0 0.0 0.0 0.0 0.0 0.0 0.0 0.0
0 0.893066 0.161786 0.036133 0.060029 0.0 0.0 0.0 0.0 0.0 0.0 0.0 0.0 0.0 0.0 0.0 0.0 0.0 0.0 0.0
0 0.785645 0.231332 0.061523 0.108346 0.779236 0.211384 1.0 0.793427 0.210012 1.0 0.792969 0.221678 1.0 0.775574 0.24364 1.0 0.793427 0.241581 1.0
0 0.741211 0.248902 0.039062 0.076135 0.0 0.0 0.0 0.0 0.0 0.0 0.0 0.0 0.0 0.0 0.0 0.0 0.0 0.0 0.0
0 0.739258 0.10981 0.015625 0.023426 0.0 0.0 0.0 0.0 0.0 0.0 0.0 0.0 0.0 0.0 0.0 0.0 0.0 0.0 0.0
0 0.697266 0.228404 0.060547 0.131772 0.697331 0.201108 1.0 0.722246 0.203599 1.0 0.715049 0.215221 1.0 0.700653 0.248425 1.0 0.718371 0.250915 1.0
0 0.601562 0.181552 0.050781 0.096633 0.592957 0.179473 1.0 0.615496 0.173944 1.0 0.608529 0.194833 1.0 0.603611 0.210808 1.0 0.618364 0.206508 1.0
0 0.60498 0.270864 0.051758 0.093704 0.607535 0.254693 1.0 0.628331 0.250575 1.0 0.624407 0.264694 1.0 0.61499 0.288813 1.0 0.627153 0.291165 1.0
0 0.648926 0.128111 0.014648 0.02489 0.0 0.0 0.0 0.0 0.0 0.0 0.0 0.0 0.0 0.0 0.0 0.0 0.0 0.0 0.0
0 0.580078 0.073939 0.015625 0.027818 0.0 0.0 0.0 0.0 0.0 0.0 0.0 0.0 0.0 0.0 0.0 0.0 0.0 0.0 0.0
0 0.535645 0.226208 0.055664 0.106881 0.532018 0.217319 1.0 0.557408 0.216638 1.0 0.550606 0.228195 1.0 0.532471 0.251307 1.0 0.557408 0.254026 1.0
0 0.447754 0.054173 0.016602 0.023426 0.0 0.0 0.0 0.0 0.0 0.0 0.0 0.0 0.0 0.0 0.0 0.0 0.0 0.0 0.0
0 0.423828 0.078331 0.015625 0.02489 0.0 0.0 0.0 0.0 0.0 0.0 0.0 0.0 0.0 0.0 0.0 0.0 0.0 0.0 0.0
0 0.361816 0.055637 0.014648 0.023426 0.0 0.0 0.0 0.0 0.0 0.0 0.0 0.0 0.0 0.0 0.0 0.0 0.0 0.0 0.0
0 0.376953 0.289165 0.058594 0.106881 0.370117 0.287754 1.0 0.388253 0.2694 1.0 0.38916 0.289113 1.0 0.379639 0.318344 1.0 0.395508 0.304069 1.0
0 0.400879 0.2306 0.038086 0.077599 0.0 0.0 0.0 0.0 0.0 0.0 0.0 0.0 0.0 0.0 0.0 0.0 0.0 0.0 0.0
0 0.334473 0.346266 0.061523 0.106881 0.332188 0.329991 1.0 0.356437 0.329991 1.0 0.349252 0.344802 1.0 0.330841 0.367019 1.0 0.355987 0.365672 1.0
0 0.299316 0.196925 0.043945 0.077599 0.292864 0.183775 1.0 0.312744 0.183278 1.0 0.303798 0.194206 1.0 0.293526 0.213083 1.0 0.310094 0.214076 1.0
0 0.328613 0.048316 0.014648 0.020498 0.0 0.0 0.0 0.0 0.0 0.0 0.0 0.0 0.0 0.0 0.0 0.0 0.0 0.0 0.0
0 0.318359 0.274524 0.044922 0.071742 0.311065 0.262798 1.0 0.329716 0.261445 1.0 0.320992 0.27723 1.0 0.311667 0.289858 1.0 0.325204 0.288956 1.0
0 0.276367 0.32284 0.050781 0.10981 0.272156 0.304788 1.0 0.291103 0.301324 1.0 0.289254 0.315873 1.0 0.279088 0.338736 1.0 0.289254 0.338044 1.0
0 0.208496 0.320644 0.05957 0.108346 0.0 0.0 0.0 0.0 0.0 0.0 0.0 0.0 0.0 0.0 0.0 0.0 0.0 0.0 0.0
0 0.166016 0.284773 0.050781 0.09224 0.0 0.0 0.0 0.0 0.0 0.0 0.0 0.0 0.0 0.0 0.0 0.0 0.0 0.0 0.0
0 0.123535 0.351391 0.063477 0.114202 0.112885 0.338325 1.0 0.138049 0.325991 1.0 0.13079 0.344855 1.0 0.124499 0.378228 1.0 0.14434 0.365895 1.0
0 0.34375 0.20571 0.027344 0.048316 0.0 0.0 0.0 0.0 0.0 0.0 0.0 0.0 0.0 0.0 0.0 0.0 0.0 0.0 0.0
0 0.146973 0.040996 0.018555 0.032211 0.0 0.0 0.0 0.0 0.0 0.0 0.0 0.0 0.0 0.0 0.0 0.0 0.0 0.0 0.0
0 0.183105 0.038067 0.014648 0.023426 0.0 0.0 0.0 0.0 0.0 0.0 0.0 0.0 0.0 0.0 0.0 0.0 0.0 0.0 0.0
0 0.356934 0.103953 0.016602 0.026354 0.0 0.0 0.0 0.0 0.0 0.0 0.0 0.0 0.0 0.0 0.0 0.0 0.0 0.0 0.0
0 0.021484 0.281845 0.042969 0.112738 0.00334 0.262419 1.0 0.027317 0.268171 1.0 0.009574 0.284707 1.0 0.001421 0.304839 1.0 0.021562 0.305558 1.0
0 0.021973 0.053441 0.018555 0.027818 0.0 0.0 0.0 0.0 0.0 0.0 0.0 0.0 0.0 0.0 0.0 0.0 0.0 0.0 0.0
0 0.701172 0.09224 0.017578 0.026354 0.0 0.0 0.0 0.0 0.0 0.0 0.0 0.0 0.0 0.0 0.0 0.0 0.0 0.0 0.0