0 0.971191 0.707682 0.053711 0.089844 0.967163 0.699056 1.0 0.989807 0.693359 1.0 0.983826 0.722982 1.0 0.968872 0.732096 1.0 0.991943 0.728109 1.0
0 0.844727 0.563151 0.019531 0.035156 0.847561 0.553885 1.0 0.847561 0.553885 1.0 0.852364 0.561616 1.0 0.849217 0.569789 1.0 0.849217 0.569789 1.0
0 0.796387 0.613281 0.024414 0.046875 0.0 0.0 0.0 0.0 0.0 0.0 0.0 0.0 0.0 0.0 0.0 0.0 0.0 0.0 0.0
0 0.762695 0.643229 0.046875 0.072917 0.0 0.0 0.0 0.0 0.0 0.0 0.0 0.0 0.0 0.0 0.0 0.0 0.0 0.0 0.0
0 0.769531 0.566406 0.011719 0.023438 0.771345 0.5645 1.0 0.771798 0.5645 1.0 0.775312 0.569336 1.0 0.771912 0.573417 1.0 0.772592 0.573266 1.0
0 0.710938 0.590495 0.015625 0.042969 0.0 0.0 0.0 0.0 0.0 0.0 0.0 0.0 0.0 0.0 0.0 0.0 0.0 0.0 0.0
0 0.719238 0.71875 0.077148 0.130208 0.70166 0.699544 1.0 0.733398 0.694661 1.0 0.71814 0.723145 1.0 0.710205 0.754069 1.0 0.73584 0.747559 1.0
0 0.661621 0.609375 0.014648 0.033854 0.0 0.0 0.0 0.0 0.0 0.0 0.0 0.0 0.0 0.0 0.0 0.0 0.0 0.0 0.0
0 0.65332 0.573568 0.011719 0.019531 0.0 0.0 0.0 0.0 0.0 0.0 0.0 0.0 0.0 0.0 0.0 0.0 0.0 0.0 0.0
0 0.593262 0.648438 0.040039 0.057292 0.585633 0.635702 1.0 0.601837 0.635702 1.0 0.594422 0.645956 1.0 0.58728 0.659139 1.0 0.603211 0.65804 1.0
0 0.600586 0.589844 0.021484 0.026042 0.595503 0.580474 1.0 0.603747 0.579392 1.0 0.600098 0.58606 1.0 0.597395 0.591105 1.0 0.603882 0.590204 1.0
0 0.634766 0.571615 0.017578 0.023438 0.0 0.0 0.0 0.0 0.0 0.0 0.0 0.0 0.0 0.0 0.0 0.0 0.0 0.0 0.0
0 0.571289 0.559896 0.021484 0.033854 0.571969 0.551525 1.0 0.57843 0.551305 1.0 0.576607 0.55771 1.0 0.57346 0.564337 1.0 0.57959 0.564779 1.0
0 0.535645 0.607422 0.022461 0.03776 0.538064 0.600638 1.0 0.54432 0.599923 1.0 0.544856 0.608264 1.0 0.540924 0.615891 1.0 0.545929 0.615891 1.0
0 0.496582 0.576172 0.018555 0.02474 0.496094 0.570312 1.0 0.50293 0.570475 1.0 0.500732 0.57666 1.0 0.495728 0.580078 1.0 0.502441 0.579915 1.0
0 0.476074 0.572917 0.012695 0.020833 0.0 0.0 0.0 0.0 0.0 0.0 0.0 0.0 0.0 0.0 0.0 0.0 0.0 0.0 0.0
0 0.452637 0.588542 0.018555 0.026042 0.452925 0.580979 1.0 0.460005 0.582159 1.0 0.457729 0.588902 1.0 0.45381 0.595139 1.0 0.459372 0.594971 1.0
0 0.459473 0.636719 0.016602 0.033854 0.0 0.0 0.0 0.0 0.0 0.0 0.0 0.0 0.0 0.0 0.0 0.0 0.0 0.0 0.0
0 0.416016 0.557943 0.013672 0.022135 0.0 0.0 0.0 0.0 0.0 0.0 0.0 0.0 0.0 0.0 0.0 0.0 0.0 0.0 0.0
0 0.387695 0.556641 0.015625 0.02474 0.387207 0.553659 1.0 0.393445 0.552089 1.0 0.391798 0.55774 1.0 0.388267 0.562918 1.0 0.393445 0.56182 1.0
0 0.353027 0.588542 0.022461 0.039062 0.349278 0.583892 1.0 0.357714 0.580142 1.0 0.356964 0.589891 1.0 0.35209 0.600138 1.0 0.359026 0.598388 1.0
0 0.306641 0.610026 0.037109 0.063802 0.293641 0.598796 1.0 0.307068 0.600016 1.0 0.300354 0.610596 1.0 0.295776 0.619141 1.0 0.303406 0.619547 1.0
0 0.253906 0.574219 0.017578 0.041667 0.0 0.0 0.0 0.0 0.0 0.0 0.0 0.0 0.0 0.0 0.0 0.0 0.0 0.0 0.0
0 0.015625 0.610677 0.011719 0.020833 0.0 0.0 0.0 0.0 0.0 0.0 0.0 0.0 0.0 0.0 0.0 0.0 0.0 0.0 0.0
0 0.268066 0.692708 0.067383 0.114583 0.244873 0.669061 1.0 0.275687 0.665457 1.0 0.252982 0.696452 1.0 0.250279 0.718797 1.0 0.273524 0.718076 1.0
0 0.387207 0.60612 0.040039 0.06901 0.377236 0.595656 1.0 0.39849 0.598708 1.0 0.38443 0.600888 1.0 0.375929 0.620507 1.0 0.39195 0.622686 1.0
0 0.134277 0.73112 0.06543 0.074219 0.117807 0.705776 1.0 0.126412 0.71124 1.0 0.103463 0.725447 1.0 0.114937 0.744025 1.0 0.123954 0.749488 1.0
0 0.504883 0.703776 0.039062 0.066406 0.500628 0.693499 1.0 0.518206 0.691406 1.0 0.514125 0.70187 1.0 0.502197 0.719866 1.0 0.519775 0.714426 1.0
0 0.80957 0.882812 0.121094 0.197917 0.797059 0.862583 1.0 0.84773 0.855714 1.0 0.841719 0.888922 1.0 0.812518 0.933582 1.0 0.853742 0.927857 1.0
0 0.371582 0.98112 0.114258 0.035156 0.0 0.0 0.0 0.0 0.0 0.0 0.0 0.0 0.0 0.0 0.0 0.0 0.0 0.0 0.0
0 0.006836 0.572266 0.013672 0.05599 0.009896 0.567063 1.0 0.010162 0.567063 1.0 0.013619 0.577701 1.0 0.009631 0.585857 1.0 0.010162 0.586211 1.0
0 0.932617 0.634766 0.042969 0.05599 0.0 0.0 0.0 0.0 0.0 0.0 0.0 0.0 0.0 0.0 0.0 0.0 0.0 0.0 0.0
0 0.037109 0.557292 0.013672 0.018229 0.0 0.0 0.0 0.0 0.0 0.0 0.0 0.0 0.0 0.0 0.0 0.0 0.0 0.0 0.0