0 0.251953 0.441176 0.0625 0.079412 0.244721 0.449403 1.0 0.268921 0.45 1.0 0.25702 0.464935 1.0 0.245117 0.472703 1.0 0.258209 0.475091 1.0
0 0.54248 0.208088 0.041992 0.077941 0.553258 0.186397 1.0 0.559884 0.1849 1.0 0.564191 0.205856 1.0 0.551601 0.223319 1.0 0.557896 0.220325 1.0
0 0.640137 0.271324 0.053711 0.110294 0.0 0.0 0.0 0.0 0.0 0.0 0.0 0.0 0.0 0.0 0.0 0.0 0.0 0.0 0.0
0 0.984375 0.250735 0.03125 0.130882 0.0 0.0 0.0 0.0 0.0 0.0 0.0 0.0 0.0 0.0 0.0 0.0 0.0 0.0 0.0
0 0.862305 0.066176 0.027344 0.052941 0.862039 0.058744 1.0 0.872934 0.059079 1.0 0.871377 0.070799 1.0 0.86404 0.080174 1.0 0.868709 0.080843 1.0
0 0.988281 0.040441 0.019531 0.051471 0.0 0.0 0.0 0.0 0.0 0.0 0.0 0.0 0.0 0.0 0.0 0.0 0.0 0.0 0.0
0 0.664062 0.123529 0.027344 0.064706 0.667969 0.108732 1.0 0.675934 0.106663 1.0 0.676758 0.117831 1.0 0.66687 0.130653 1.0 0.676483 0.129825 1.0
0 0.48291 0.132353 0.032227 0.052941 0.479492 0.116176 1.0 0.494141 0.116176 1.0 0.490234 0.130882 1.0 0.481445 0.144118 1.0 0.492188 0.144118 1.0
0 0.131348 0.169118 0.040039 0.082353 0.121561 0.156453 1.0 0.138092 0.145562 1.0 0.138781 0.165271 1.0 0.132237 0.187053 1.0 0.144636 0.179274 1.0
0 0.205566 0.089706 0.03418 0.061765 0.20765 0.075026 1.0 0.220512 0.07309 1.0 0.218453 0.092457 1.0 0.206879 0.103303 1.0 0.219226 0.103303 1.0
0 0.308105 0.078676 0.02832 0.051471 0.305873 0.066781 1.0 0.317208 0.069406 1.0 0.311104 0.081551 1.0 0.303693 0.086804 1.0 0.313503 0.088118 1.0
0 0.03125 0.030882 0.023438 0.061765 0.032941 0.023306 1.0 0.034249 0.02265 1.0 0.042533 0.032497 1.0 0.034031 0.047597 1.0 0.035121 0.047269 1.0
0 0.157715 0.027941 0.030273 0.055882 0.15332 0.016176 1.0 0.166016 0.013235 1.0 0.162109 0.025 1.0 0.155273 0.036765 1.0 0.166992 0.033824 1.0
0 0.098633 0.031618 0.033203 0.051471 0.093231 0.022243 1.0 0.108185 0.020634 1.0 0.101776 0.030285 1.0 0.097717 0.042831 1.0 0.106262 0.042188 1.0
0 0.23877 0.006618 0.020508 0.013235 0.0 0.0 0.0 0.0 0.0 0.0 0.0 0.0 0.0 0.0 0.0 0.0 0.0 0.0 0.0
0 0.625 0.030882 0.023438 0.041176 0.0 0.0 0.0 0.0 0.0 0.0 0.0 0.0 0.0 0.0 0.0 0.0 0.0 0.0 0.0