0 0.274902 0.451684 0.043945 0.089312 0.268677 0.438023 1.0 0.288923 0.446455 1.0 0.276176 0.455448 1.0 0.264553 0.470627 1.0 0.279925 0.47681 1.0
0 0.386719 0.468521 0.042969 0.084919 0.377162 0.456874 1.0 0.397539 0.456338 1.0 0.386814 0.473489 1.0 0.377162 0.491176 1.0 0.397539 0.490104 1.0
0 0.527832 0.509517 0.047852 0.081991 0.511989 0.504138 1.0 0.536442 0.496908 1.0 0.524732 0.510851 1.0 0.518188 0.532537 1.0 0.536098 0.526858 1.0
0 0.630859 0.535871 0.041016 0.076135 0.613272 0.5291 1.0 0.629081 0.527165 1.0 0.617789 0.543611 1.0 0.618757 0.559088 1.0 0.630049 0.557154 1.0
0 0.750977 0.440703 0.056641 0.105417 0.726318 0.432048 1.0 0.744812 0.424127 1.0 0.72852 0.436671 1.0 0.727199 0.465057 1.0 0.741729 0.460436 1.0
0 0.933105 0.502928 0.051758 0.080527 0.931789 0.496078 1.0 0.950492 0.49251 1.0 0.944711 0.508315 1.0 0.937229 0.526668 1.0 0.952872 0.523609 1.0
0 0.045898 0.532943 0.017578 0.046852 0.044922 0.528551 1.0 0.051758 0.528551 1.0 0.049805 0.535871 1.0 0.044922 0.544656 1.0 0.048828 0.54612 1.0
0 0.118164 0.598097 0.023438 0.051245 0.119149 0.59377 1.0 0.125907 0.592789 1.0 0.125907 0.602921 1.0 0.116533 0.610438 1.0 0.122855 0.611417 1.0
0 0.059082 0.628843 0.02832 0.080527 0.0 0.0 0.0 0.0 0.0 0.0 0.0 0.0 0.0 0.0 0.0 0.0 0.0 0.0 0.0
0 0.852051 0.547584 0.026367 0.064422 0.0 0.0 0.0 0.0 0.0 0.0 0.0 0.0 0.0 0.0 0.0 0.0 0.0 0.0 0.0
0 0.077148 0.540996 0.013672 0.030747 0.0 0.0 0.0 0.0 0.0 0.0 0.0 0.0 0.0 0.0 0.0 0.0 0.0 0.0 0.0