0 0.040527 0.483212 0.030273 0.064234 0.044434 0.475092 1.0 0.054321 0.473448 1.0 0.054596 0.485356 1.0 0.043885 0.499726 1.0 0.050751 0.497673 1.0
0 0.090332 0.508029 0.02832 0.046715 0.0 0.0 0.0 0.0 0.0 0.0 0.0 0.0 0.0 0.0 0.0 0.0 0.0 0.0 0.0
0 0.141113 0.50365 0.020508 0.043796 0.0 0.0 0.0 0.0 0.0 0.0 0.0 0.0 0.0 0.0 0.0 0.0 0.0 0.0 0.0
0 0.013672 0.368613 0.017578 0.027737 0.0 0.0 0.0 0.0 0.0 0.0 0.0 0.0 0.0 0.0 0.0 0.0 0.0 0.0 0.0
0 0.006348 0.338686 0.010742 0.023358 0.0 0.0 0.0 0.0 0.0 0.0 0.0 0.0 0.0 0.0 0.0 0.0 0.0 0.0 0.0
0 0.125977 0.348175 0.015625 0.030657 0.0 0.0 0.0 0.0 0.0 0.0 0.0 0.0 0.0 0.0 0.0 0.0 0.0 0.0 0.0
0 0.118652 0.375912 0.014648 0.024818 0.0 0.0 0.0 0.0 0.0 0.0 0.0 0.0 0.0 0.0 0.0 0.0 0.0 0.0 0.0
0 0.191895 0.389051 0.014648 0.027737 0.0 0.0 0.0 0.0 0.0 0.0 0.0 0.0 0.0 0.0 0.0 0.0 0.0 0.0 0.0
0 0.216309 0.40219 0.012695 0.030657 0.0 0.0 0.0 0.0 0.0 0.0 0.0 0.0 0.0 0.0 0.0 0.0 0.0 0.0 0.0
0 0.23877 0.508759 0.020508 0.045255 0.0 0.0 0.0 0.0 0.0 0.0 0.0 0.0 0.0 0.0 0.0 0.0 0.0 0.0 0.0
0 0.226074 0.337226 0.014648 0.026277 0.225812 0.333498 1.0 0.23148 0.332651 1.0 0.233521 0.337565 1.0 0.227626 0.345359 1.0 0.231934 0.344682 1.0
0 0.230957 0.364964 0.018555 0.020438 0.0 0.0 0.0 0.0 0.0 0.0 0.0 0.0 0.0 0.0 0.0 0.0 0.0 0.0 0.0
0 0.253906 0.340876 0.015625 0.024818 0.250802 0.336483 1.0 0.257996 0.336158 1.0 0.254508 0.34186 1.0 0.250802 0.348051 1.0 0.257777 0.347889 1.0
0 0.27832 0.389051 0.015625 0.024818 0.277178 0.386288 1.0 0.281102 0.385799 1.0 0.280993 0.391013 1.0 0.278268 0.394923 1.0 0.281646 0.39525 1.0
0 0.268555 0.510219 0.03125 0.056934 0.0 0.0 0.0 0.0 0.0 0.0 0.0 0.0 0.0 0.0 0.0 0.0 0.0 0.0 0.0
0 0.297852 0.521168 0.03125 0.052555 0.294347 0.512695 1.0 0.308629 0.51134 1.0 0.304095 0.518118 1.0 0.2982 0.534045 1.0 0.309989 0.533029 1.0
0 0.299316 0.369343 0.012695 0.020438 0.0 0.0 0.0 0.0 0.0 0.0 0.0 0.0 0.0 0.0 0.0 0.0 0.0 0.0 0.0
0 0.212402 0.306569 0.012695 0.017518 0.0 0.0 0.0 0.0 0.0 0.0 0.0 0.0 0.0 0.0 0.0 0.0 0.0 0.0 0.0
0 0.23584 0.305839 0.012695 0.016058 0.234118 0.302261 1.0 0.239088 0.302261 1.0 0.236852 0.306596 1.0 0.234946 0.309568 1.0 0.238177 0.309444 1.0
0 0.31543 0.367153 0.013672 0.021898 0.313311 0.363126 1.0 0.319258 0.361978 1.0 0.318874 0.365707 1.0 0.315133 0.374453 1.0 0.319929 0.374453 1.0
0 0.313477 0.343796 0.013672 0.013139 0.0 0.0 0.0 0.0 0.0 0.0 0.0 0.0 0.0 0.0 0.0 0.0 0.0 0.0 0.0
0 0.354492 0.383212 0.013672 0.024818 0.354496 0.376695 1.0 0.360055 0.377346 1.0 0.359837 0.38419 1.0 0.354278 0.389239 1.0 0.358747 0.391032 1.0
0 0.378906 0.405839 0.021484 0.026277 0.378959 0.401069 1.0 0.385852 0.400463 1.0 0.384905 0.404504 1.0 0.381932 0.412988 1.0 0.386392 0.411777 1.0
0 0.39209 0.39927 0.012695 0.030657 0.0 0.0 0.0 0.0 0.0 0.0 0.0 0.0 0.0 0.0 0.0 0.0 0.0 0.0 0.0
0 0.350098 0.479562 0.024414 0.042336 0.343201 0.471442 1.0 0.358215 0.473083 1.0 0.350891 0.480747 1.0 0.345764 0.488412 1.0 0.356201 0.488961 1.0
0 0.437012 0.40365 0.020508 0.036496 0.432525 0.400593 1.0 0.440308 0.39968 1.0 0.43634 0.406067 1.0 0.43451 0.412911 1.0 0.439545 0.413139 1.0
0 0.432617 0.355474 0.017578 0.016058 0.0 0.0 0.0 0.0 0.0 0.0 0.0 0.0 0.0 0.0 0.0 0.0 0.0 0.0 0.0
0 0.448242 0.346715 0.011719 0.027737 0.443115 0.340511 1.0 0.44812 0.340876 1.0 0.44458 0.347263 1.0 0.444702 0.353102 1.0 0.447998 0.35292 1.0
0 0.366699 0.329197 0.016602 0.027737 0.0 0.0 0.0 0.0 0.0 0.0 0.0 0.0 0.0 0.0 0.0 0.0 0.0 0.0 0.0
0 0.439941 0.318978 0.010742 0.021898 0.0 0.0 0.0 0.0 0.0 0.0 0.0 0.0 0.0 0.0 0.0 0.0 0.0 0.0 0.0
0 0.469727 0.305839 0.013672 0.016058 0.0 0.0 0.0 0.0 0.0 0.0 0.0 0.0 0.0 0.0 0.0 0.0 0.0 0.0 0.0
0 0.47168 0.337956 0.013672 0.027737 0.467761 0.332625 1.0 0.474823 0.332625 1.0 0.471174 0.336145 1.0 0.469291 0.342831 1.0 0.474234 0.342655 1.0
0 0.486328 0.318248 0.005859 0.008759 0.0 0.0 0.0 0.0 0.0 0.0 0.0 0.0 0.0 0.0 0.0 0.0 0.0 0.0 0.0
0 0.53125 0.319708 0.011719 0.020438 0.0 0.0 0.0 0.0 0.0 0.0 0.0 0.0 0.0 0.0 0.0 0.0 0.0 0.0 0.0
0 0.419922 0.489051 0.019531 0.046715 0.0 0.0 0.0 0.0 0.0 0.0 0.0 0.0 0.0 0.0 0.0 0.0 0.0 0.0 0.0
0 0.5 0.456204 0.013672 0.024818 0.0 0.0 0.0 0.0 0.0 0.0 0.0 0.0 0.0 0.0 0.0 0.0 0.0 0.0 0.0
0 0.554688 0.332117 0.017578 0.033577 0.0 0.0 0.0 0.0 0.0 0.0 0.0 0.0 0.0 0.0 0.0 0.0 0.0 0.0 0.0
0 0.578125 0.341606 0.013672 0.023358 0.0 0.0 0.0 0.0 0.0 0.0 0.0 0.0 0.0 0.0 0.0 0.0 0.0 0.0 0.0
0 0.601074 0.348905 0.014648 0.023358 0.0 0.0 0.0 0.0 0.0 0.0 0.0 0.0 0.0 0.0 0.0 0.0 0.0 0.0 0.0
0 0.61084 0.39562 0.012695 0.026277 0.0 0.0 0.0 0.0 0.0 0.0 0.0 0.0 0.0 0.0 0.0 0.0 0.0 0.0 0.0
0 0.602051 0.422628 0.012695 0.030657 0.0 0.0 0.0 0.0 0.0 0.0 0.0 0.0 0.0 0.0 0.0 0.0 0.0 0.0 0.0
0 0.604492 0.324818 0.007812 0.016058 0.0 0.0 0.0 0.0 0.0 0.0 0.0 0.0 0.0 0.0 0.0 0.0 0.0 0.0 0.0
0 0.608887 0.305109 0.010742 0.020438 0.0 0.0 0.0 0.0 0.0 0.0 0.0 0.0 0.0 0.0 0.0 0.0 0.0 0.0 0.0
0 0.747559 0.428467 0.022461 0.030657 0.0 0.0 0.0 0.0 0.0 0.0 0.0 0.0 0.0 0.0 0.0 0.0 0.0 0.0 0.0
0 0.78418 0.368613 0.005859 0.024818 0.0 0.0 0.0 0.0 0.0 0.0 0.0 0.0 0.0 0.0 0.0 0.0 0.0 0.0 0.0
0 0.818359 0.372263 0.009766 0.026277 0.0 0.0 0.0 0.0 0.0 0.0 0.0 0.0 0.0 0.0 0.0 0.0 0.0 0.0 0.0
0 0.833496 0.370073 0.014648 0.018978 0.0 0.0 0.0 0.0 0.0 0.0 0.0 0.0 0.0 0.0 0.0 0.0 0.0 0.0 0.0
0 0.860352 0.371533 0.013672 0.021898 0.0 0.0 0.0 0.0 0.0 0.0 0.0 0.0 0.0 0.0 0.0 0.0 0.0 0.0 0.0
0 0.847168 0.344526 0.008789 0.014599 0.0 0.0 0.0 0.0 0.0 0.0 0.0 0.0 0.0 0.0 0.0 0.0 0.0 0.0 0.0
0 0.932617 0.378832 0.019531 0.036496 0.929535 0.374178 1.0 0.93747 0.375092 1.0 0.93396 0.379197 1.0 0.929688 0.385812 1.0 0.937012 0.386496 1.0
0 0.991211 0.411679 0.017578 0.032117 0.0 0.0 0.0 0.0 0.0 0.0 0.0 0.0 0.0 0.0 0.0 0.0 0.0 0.0 0.0
0 0.572754 0.214599 0.008789 0.014599 0.0 0.0 0.0 0.0 0.0 0.0 0.0 0.0 0.0 0.0 0.0 0.0 0.0 0.0 0.0
0 0.862793 0.314599 0.008789 0.016058 0.0 0.0 0.0 0.0 0.0 0.0 0.0 0.0 0.0 0.0 0.0 0.0 0.0 0.0 0.0
0 0.758301 0.394891 0.012695 0.018978 0.0 0.0 0.0 0.0 0.0 0.0 0.0 0.0 0.0 0.0 0.0 0.0 0.0 0.0 0.0
0 0.937988 0.524088 0.018555 0.037956 0.0 0.0 0.0 0.0 0.0 0.0 0.0 0.0 0.0 0.0 0.0 0.0 0.0 0.0 0.0
0 0.541504 0.29562 0.008789 0.013139 0.0 0.0 0.0 0.0 0.0 0.0 0.0 0.0 0.0 0.0 0.0 0.0 0.0 0.0 0.0
0 0.460938 0.483212 0.023438 0.037956 0.0 0.0 0.0 0.0 0.0 0.0 0.0 0.0 0.0 0.0 0.0 0.0 0.0 0.0 0.0
0 0.006836 0.324088 0.009766 0.020438 0.0 0.0 0.0 0.0 0.0 0.0 0.0 0.0 0.0 0.0 0.0 0.0 0.0 0.0 0.0
0 0.101562 0.418248 0.015625 0.027737 0.0 0.0 0.0 0.0 0.0 0.0 0.0 0.0 0.0 0.0 0.0 0.0 0.0 0.0 0.0
0 0.133301 0.312409 0.006836 0.017518 0.0 0.0 0.0 0.0 0.0 0.0 0.0 0.0 0.0 0.0 0.0 0.0 0.0 0.0 0.0
0 0.397949 0.338686 0.010742 0.020438 0.0 0.0 0.0 0.0 0.0 0.0 0.0 0.0 0.0 0.0 0.0 0.0 0.0 0.0 0.0
0 0.412109 0.294161 0.009766 0.021898 0.0 0.0 0.0 0.0 0.0 0.0 0.0 0.0 0.0 0.0 0.0 0.0 0.0 0.0 0.0
0 0.791016 0.355474 0.011719 0.030657 0.0 0.0 0.0 0.0 0.0 0.0 0.0 0.0 0.0 0.0 0.0 0.0 0.0 0.0 0.0
0 0.836914 0.348905 0.009766 0.020438 0.0 0.0 0.0 0.0 0.0 0.0 0.0 0.0 0.0 0.0 0.0 0.0 0.0 0.0 0.0
0 0.92041 0.425547 0.012695 0.024818 0.0 0.0 0.0 0.0 0.0 0.0 0.0 0.0 0.0 0.0 0.0 0.0 0.0 0.0 0.0
0 0.922852 0.494161 0.013672 0.030657 0.0 0.0 0.0 0.0 0.0 0.0 0.0 0.0 0.0 0.0 0.0 0.0 0.0 0.0 0.0
0 0.236328 0.357664 0.011719 0.026277 0.0 0.0 0.0 0.0 0.0 0.0 0.0 0.0 0.0 0.0 0.0 0.0 0.0 0.0 0.0