0 0.121582 0.360743 0.022461 0.037135 0.0 0.0 0.0 0.0 0.0 0.0 0.0 0.0 0.0 0.0 0.0 0.0 0.0 0.0 0.0
0 0.26123 0.356764 0.020508 0.039788 0.264979 0.353045 1.0 0.271166 0.351519 1.0 0.271916 0.359156 1.0 0.264042 0.368576 1.0 0.270416 0.366031 1.0
0 0.203613 0.338196 0.014648 0.03183 0.201094 0.336065 1.0 0.208208 0.335462 1.0 0.20554 0.3415 1.0 0.201687 0.346533 1.0 0.207022 0.346332 1.0
0 0.309082 0.365385 0.012695 0.025199 0.305986 0.364378 1.0 0.310342 0.364058 1.0 0.308459 0.367576 1.0 0.307399 0.371891 1.0 0.310812 0.371732 1.0
0 0.282227 0.316313 0.009766 0.019894 0.0 0.0 0.0 0.0 0.0 0.0 0.0 0.0 0.0 0.0 0.0 0.0 0.0 0.0 0.0
0 0.081055 0.365385 0.013672 0.027851 0.0 0.0 0.0 0.0 0.0 0.0 0.0 0.0 0.0 0.0 0.0 0.0 0.0 0.0 0.0
0 0.363281 0.320955 0.011719 0.02122 0.360909 0.320529 1.0 0.365723 0.320386 1.0 0.363212 0.324223 1.0 0.361328 0.327918 1.0 0.365095 0.327918 1.0
0 0.384766 0.340186 0.007812 0.017241 0.383357 0.340073 1.0 0.386422 0.33996 1.0 0.384352 0.34446 1.0 0.383274 0.346598 1.0 0.385097 0.346598 1.0
0 0.403809 0.339523 0.008789 0.018568 0.403094 0.338314 1.0 0.407018 0.338314 1.0 0.40536 0.342223 1.0 0.403878 0.34459 1.0 0.405884 0.344472 1.0
0 0.583008 0.366711 0.025391 0.041114 0.583671 0.35719 1.0 0.592303 0.35719 1.0 0.59211 0.365527 1.0 0.583479 0.3723 1.0 0.594604 0.372561 1.0
0 0.695312 0.316313 0.021484 0.041114 0.691755 0.312784 1.0 0.700195 0.31096 1.0 0.69751 0.317733 1.0 0.69444 0.327113 1.0 0.701154 0.325289 1.0
0 0.739746 0.340186 0.024414 0.049072 0.741786 0.334289 1.0 0.750628 0.331825 1.0 0.748814 0.341062 1.0 0.7436 0.351221 1.0 0.750175 0.348143 1.0
0 0.764648 0.352122 0.013672 0.025199 0.0 0.0 0.0 0.0 0.0 0.0 0.0 0.0 0.0 0.0 0.0 0.0 0.0 0.0 0.0
0 0.656738 0.31565 0.012695 0.02122 0.654576 0.31565 1.0 0.658656 0.315792 1.0 0.656669 0.319203 1.0 0.654994 0.322471 1.0 0.658761 0.322471 1.0
0 0.616211 0.346817 0.013672 0.025199 0.0 0.0 0.0 0.0 0.0 0.0 0.0 0.0 0.0 0.0 0.0 0.0 0.0 0.0 0.0
0 0.768066 0.337533 0.012695 0.025199 0.0 0.0 0.0 0.0 0.0 0.0 0.0 0.0 0.0 0.0 0.0 0.0 0.0 0.0 0.0