0 0.992676 0.9375 0.014648 0.046875 0.0 0.0 0.0 0.0 0.0 0.0 0.0 0.0 0.0 0.0 0.0 0.0 0.0 0.0 0.0
0 0.961914 0.907031 0.019531 0.045312 0.0 0.0 0.0 0.0 0.0 0.0 0.0 0.0 0.0 0.0 0.0 0.0 0.0 0.0 0.0
0 0.883301 0.875 0.022461 0.046875 0.891174 0.86672 1.0 0.892674 0.86702 1.0 0.892861 0.875719 1.0 0.8878 0.893416 1.0 0.889487 0.893416 1.0
0 0.844727 0.963281 0.025391 0.045312 0.0 0.0 0.0 0.0 0.0 0.0 0.0 0.0 0.0 0.0 0.0 0.0 0.0 0.0 0.0
0 0.854004 0.928125 0.022461 0.05 0.0 0.0 0.0 0.0 0.0 0.0 0.0 0.0 0.0 0.0 0.0 0.0 0.0 0.0 0.0
0 0.925781 0.967969 0.025391 0.054688 0.0 0.0 0.0 0.0 0.0 0.0 0.0 0.0 0.0 0.0 0.0 0.0 0.0 0.0 0.0
0 0.711914 0.907031 0.029297 0.057813 0.710502 0.897336 1.0 0.720668 0.888092 1.0 0.722517 0.902511 1.0 0.71674 0.921366 1.0 0.724597 0.91545 1.0
0 0.672363 0.8375 0.024414 0.053125 0.674225 0.825439 1.0 0.677002 0.821337 1.0 0.682343 0.825439 1.0 0.67743 0.843212 1.0 0.679565 0.839453 1.0
0 0.646484 0.763281 0.025391 0.054688 0.65268 0.7542 1.0 0.654389 0.752491 1.0 0.659729 0.759327 1.0 0.659088 0.770947 1.0 0.660584 0.769922 1.0
0 0.746094 0.741406 0.021484 0.048438 0.752424 0.73817 1.0 0.754726 0.736634 1.0 0.756836 0.744002 1.0 0.753767 0.75413 1.0 0.755493 0.752287 1.0
0 0.805176 0.767969 0.020508 0.051562 0.0 0.0 0.0 0.0 0.0 0.0 0.0 0.0 0.0 0.0 0.0 0.0 0.0 0.0 0.0
0 0.868164 0.7375 0.025391 0.05 0.0 0.0 0.0 0.0 0.0 0.0 0.0 0.0 0.0 0.0 0.0 0.0 0.0 0.0 0.0
0 0.835449 0.674219 0.032227 0.054688 0.832916 0.667816 1.0 0.8447 0.666392 1.0 0.842032 0.677064 1.0 0.837808 0.686314 1.0 0.845812 0.685247 1.0
0 0.843262 0.571875 0.024414 0.053125 0.842285 0.561181 1.0 0.851685 0.560841 1.0 0.849335 0.572803 1.0 0.843354 0.585108 1.0 0.850189 0.585108 1.0
0 0.951172 0.580469 0.025391 0.045312 0.0 0.0 0.0 0.0 0.0 0.0 0.0 0.0 0.0 0.0 0.0 0.0 0.0 0.0 0.0
0 0.918945 0.702344 0.023438 0.051562 0.92436 0.695788 1.0 0.930577 0.694183 1.0 0.93178 0.708942 1.0 0.924962 0.717927 1.0 0.930577 0.717927 1.0
0 0.535156 0.844531 0.029297 0.064062 0.0 0.0 0.0 0.0 0.0 0.0 0.0 0.0 0.0 0.0 0.0 0.0 0.0 0.0 0.0
0 0.588379 0.792969 0.022461 0.054688 0.59443 0.783119 1.0 0.59879 0.78277 1.0 0.600098 0.794628 1.0 0.597264 0.804394 1.0 0.600098 0.804045 1.0
0 0.611816 0.883594 0.022461 0.051562 0.0 0.0 0.0 0.0 0.0 0.0 0.0 0.0 0.0 0.0 0.0 0.0 0.0 0.0 0.0
0 0.428711 0.872656 0.027344 0.057813 0.0 0.0 0.0 0.0 0.0 0.0 0.0 0.0 0.0 0.0 0.0 0.0 0.0 0.0 0.0
0 0.495117 0.967187 0.033203 0.065625 0.0 0.0 0.0 0.0 0.0 0.0 0.0 0.0 0.0 0.0 0.0 0.0 0.0 0.0 0.0
0 0.321777 0.926562 0.02832 0.053125 0.0 0.0 0.0 0.0 0.0 0.0 0.0 0.0 0.0 0.0 0.0 0.0 0.0 0.0 0.0
0 0.327637 0.876563 0.02832 0.053125 0.0 0.0 0.0 0.0 0.0 0.0 0.0 0.0 0.0 0.0 0.0 0.0 0.0 0.0 0.0
0 0.257324 0.842969 0.02832 0.048438 0.26001 0.837584 1.0 0.265572 0.832366 1.0 0.26845 0.838811 1.0 0.264613 0.860295 1.0 0.268642 0.855998 1.0
0 0.228027 0.922656 0.022461 0.051562 0.235735 0.914209 1.0 0.236145 0.914209 1.0 0.240038 0.922733 1.0 0.234096 0.930273 1.0 0.234506 0.930273 1.0
0 0.169922 0.901563 0.025391 0.059375 0.174957 0.88812 1.0 0.174238 0.88812 1.0 0.184788 0.898863 1.0 0.176876 0.916894 1.0 0.176156 0.916894 1.0
0 0.198242 0.760156 0.025391 0.045312 0.0 0.0 0.0 0.0 0.0 0.0 0.0 0.0 0.0 0.0 0.0 0.0 0.0 0.0 0.0
0 0.307617 0.671875 0.025391 0.046875 0.0 0.0 0.0 0.0 0.0 0.0 0.0 0.0 0.0 0.0 0.0 0.0 0.0 0.0 0.0
0 0.329102 0.666406 0.021484 0.042188 0.329464 0.661509 1.0 0.337625 0.656341 1.0 0.337965 0.669127 1.0 0.332014 0.681097 1.0 0.340686 0.672663 1.0
0 0.47168 0.738281 0.025391 0.045312 0.470825 0.734278 1.0 0.478516 0.726953 1.0 0.4776 0.741602 1.0 0.47522 0.753028 1.0 0.477417 0.750097 1.0
0 0.391602 0.742969 0.027344 0.048438 0.394841 0.731355 1.0 0.401707 0.729158 1.0 0.40308 0.738261 1.0 0.397783 0.750816 1.0 0.40308 0.749875 1.0
0 0.62207 0.689063 0.025391 0.053125 0.0 0.0 0.0 0.0 0.0 0.0 0.0 0.0 0.0 0.0 0.0 0.0 0.0 0.0 0.0
0 0.481445 0.626563 0.023438 0.040625 0.0 0.0 0.0 0.0 0.0 0.0 0.0 0.0 0.0 0.0 0.0 0.0 0.0 0.0 0.0
0 0.449219 0.639062 0.021484 0.046875 0.0 0.0 0.0 0.0 0.0 0.0 0.0 0.0 0.0 0.0 0.0 0.0 0.0 0.0 0.0
0 0.298828 0.769531 0.025391 0.045312 0.29977 0.763106 1.0 0.305848 0.757387 1.0 0.311567 0.768255 1.0 0.305848 0.78427 1.0 0.309779 0.779408 1.0
0 0.361328 0.827344 0.029297 0.054688 0.359532 0.8161 1.0 0.366508 0.807728 1.0 0.369995 0.815053 1.0 0.368251 0.83598 1.0 0.370649 0.831445 1.0
0 0.244141 0.625781 0.025391 0.054688 0.248884 0.614886 1.0 0.253897 0.613491 1.0 0.256077 0.623256 1.0 0.249756 0.63337 1.0 0.25477 0.632325 1.0
0 0.36084 0.641406 0.024414 0.057813 0.0 0.0 0.0 0.0 0.0 0.0 0.0 0.0 0.0 0.0 0.0 0.0 0.0 0.0 0.0
0 0.335938 0.607812 0.027344 0.05625 0.0 0.0 0.0 0.0 0.0 0.0 0.0 0.0 0.0 0.0 0.0 0.0 0.0 0.0 0.0
0 0.40332 0.596094 0.021484 0.045312 0.0 0.0 0.0 0.0 0.0 0.0 0.0 0.0 0.0 0.0 0.0 0.0 0.0 0.0 0.0
0 0.441406 0.582031 0.019531 0.048438 0.0 0.0 0.0 0.0 0.0 0.0 0.0 0.0 0.0 0.0 0.0 0.0 0.0 0.0 0.0
0 0.486328 0.607812 0.023438 0.046875 0.478516 0.62295 1.0 0.48877 0.62295 1.0 0.486206 0.62705 1.0 0.480896 0.637891 1.0 0.487671 0.637891 1.0
0 0.172852 0.689844 0.025391 0.054688 0.177813 0.683483 1.0 0.178249 0.682784 1.0 0.185442 0.689411 1.0 0.179992 0.702316 1.0 0.180429 0.701269 1.0
0 0.189941 0.592969 0.024414 0.048438 0.0 0.0 0.0 0.0 0.0 0.0 0.0 0.0 0.0 0.0 0.0 0.0 0.0 0.0 0.0
0 0.208984 0.571094 0.023438 0.045312 0.0 0.0 0.0 0.0 0.0 0.0 0.0 0.0 0.0 0.0 0.0 0.0 0.0 0.0 0.0
0 0.841797 0.508594 0.021484 0.042188 0.840323 0.505162 1.0 0.845459 0.503572 1.0 0.846784 0.509669 1.0 0.841814 0.51815 1.0 0.846784 0.517091 1.0
0 0.869629 0.489844 0.018555 0.039062 0.0 0.0 0.0 0.0 0.0 0.0 0.0 0.0 0.0 0.0 0.0 0.0 0.0 0.0 0.0
0 0.950195 0.4875 0.019531 0.04375 0.950893 0.48192 1.0 0.956647 0.479967 1.0 0.958217 0.489733 1.0 0.953857 0.496986 1.0 0.958565 0.495033 1.0
0 0.788574 0.464062 0.020508 0.0375 0.0 0.0 0.0 0.0 0.0 0.0 0.0 0.0 0.0 0.0 0.0 0.0 0.0 0.0 0.0
0 0.817871 0.422656 0.022461 0.042188 0.0 0.0 0.0 0.0 0.0 0.0 0.0 0.0 0.0 0.0 0.0 0.0 0.0 0.0 0.0
0 0.852051 0.442969 0.020508 0.042188 0.0 0.0 0.0 0.0 0.0 0.0 0.0 0.0 0.0 0.0 0.0 0.0 0.0 0.0 0.0
0 0.723633 0.367969 0.019531 0.039062 0.0 0.0 0.0 0.0 0.0 0.0 0.0 0.0 0.0 0.0 0.0 0.0 0.0 0.0 0.0
0 0.687012 0.422656 0.020508 0.042188 0.0 0.0 0.0 0.0 0.0 0.0 0.0 0.0 0.0 0.0 0.0 0.0 0.0 0.0 0.0
0 0.65625 0.373437 0.019531 0.040625 0.657697 0.368784 1.0 0.664634 0.367494 1.0 0.662053 0.375753 1.0 0.659794 0.385045 1.0 0.663505 0.38298 1.0
0 0.637207 0.347656 0.020508 0.039062 0.632011 0.339091 1.0 0.641898 0.338587 1.0 0.636091 0.346875 1.0 0.632795 0.355162 1.0 0.637975 0.354911 1.0
0 0.652832 0.315625 0.018555 0.034375 0.0 0.0 0.0 0.0 0.0 0.0 0.0 0.0 0.0 0.0 0.0 0.0 0.0 0.0 0.0
0 0.666504 0.31875 0.014648 0.03125 0.661211 0.308664 1.0 0.670188 0.31008 1.0 0.665384 0.31453 1.0 0.66197 0.325048 1.0 0.668418 0.325453 1.0
0 0.665527 0.275781 0.018555 0.035937 0.662105 0.269797 1.0 0.670018 0.268875 1.0 0.669299 0.277853 1.0 0.664839 0.284759 1.0 0.670162 0.284298 1.0
0 0.728516 0.329688 0.019531 0.040625 0.0 0.0 0.0 0.0 0.0 0.0 0.0 0.0 0.0 0.0 0.0 0.0 0.0 0.0 0.0
0 0.739746 0.295312 0.014648 0.03125 0.0 0.0 0.0 0.0 0.0 0.0 0.0 0.0 0.0 0.0 0.0 0.0 0.0 0.0 0.0
0 0.759766 0.274219 0.019531 0.042188 0.758427 0.266058 1.0 0.766929 0.266602 1.0 0.764038 0.272586 1.0 0.760638 0.284828 1.0 0.765738 0.284556 1.0
0 0.78125 0.283594 0.019531 0.042188 0.777531 0.276047 1.0 0.785013 0.27523 1.0 0.782632 0.282303 1.0 0.779062 0.292369 1.0 0.785522 0.290736 1.0
0 0.793945 0.382031 0.019531 0.042188 0.0 0.0 0.0 0.0 0.0 0.0 0.0 0.0 0.0 0.0 0.0 0.0 0.0 0.0 0.0
0 0.603516 0.302344 0.013672 0.026562 0.0 0.0 0.0 0.0 0.0 0.0 0.0 0.0 0.0 0.0 0.0 0.0 0.0 0.0 0.0
0 0.929199 0.271094 0.020508 0.045312 0.0 0.0 0.0 0.0 0.0 0.0 0.0 0.0 0.0 0.0 0.0 0.0 0.0 0.0 0.0
0 0.952637 0.304688 0.018555 0.0375 0.0 0.0 0.0 0.0 0.0 0.0 0.0 0.0 0.0 0.0 0.0 0.0 0.0 0.0 0.0
0 0.943359 0.264844 0.017578 0.035937 0.0 0.0 0.0 0.0 0.0 0.0 0.0 0.0 0.0 0.0 0.0 0.0 0.0 0.0 0.0
0 0.73584 0.559375 0.022461 0.04375 0.734654 0.550167 1.0 0.745117 0.545423 1.0 0.743896 0.552958 1.0 0.74128 0.56942 1.0 0.745641 0.568303 1.0
0 0.62207 0.5 0.021484 0.053125 0.625907 0.49308 1.0 0.632812 0.492077 1.0 0.631976 0.501452 1.0 0.625907 0.510827 1.0 0.631139 0.516183 1.0
0 0.547852 0.542969 0.025391 0.042188 0.545698 0.540067 1.0 0.55365 0.538211 1.0 0.550502 0.548548 1.0 0.548183 0.555441 1.0 0.554976 0.55385 1.0
0 0.57959 0.602344 0.020508 0.045312 0.0 0.0 0.0 0.0 0.0 0.0 0.0 0.0 0.0 0.0 0.0 0.0 0.0 0.0 0.0
0 0.551758 0.603906 0.021484 0.048438 0.0 0.0 0.0 0.0 0.0 0.0 0.0 0.0 0.0 0.0 0.0 0.0 0.0 0.0 0.0
0 0.596191 0.458594 0.022461 0.042188 0.594535 0.45023 1.0 0.603376 0.447781 1.0 0.600315 0.460295 1.0 0.596065 0.470089 1.0 0.602526 0.470089 1.0
0 0.501953 0.43125 0.023438 0.046875 0.0 0.0 0.0 0.0 0.0 0.0 0.0 0.0 0.0 0.0 0.0 0.0 0.0 0.0 0.0
0 0.54834 0.485156 0.022461 0.045312 0.549865 0.474414 1.0 0.557373 0.47295 1.0 0.555359 0.480859 1.0 0.550965 0.491113 1.0 0.557557 0.489941 1.0
0 0.466309 0.425 0.018555 0.0375 0.0 0.0 0.0 0.0 0.0 0.0 0.0 0.0 0.0 0.0 0.0 0.0 0.0 0.0 0.0
0 0.54834 0.357812 0.018555 0.0375 0.550224 0.348661 1.0 0.557042 0.348898 1.0 0.556301 0.358147 1.0 0.552446 0.365973 1.0 0.556449 0.366211 1.0
0 0.592773 0.350781 0.019531 0.039062 0.586479 0.344978 1.0 0.59464 0.345983 1.0 0.588048 0.352009 1.0 0.586007 0.359794 1.0 0.592442 0.360798 1.0
0 0.584473 0.280469 0.018555 0.035937 0.580828 0.276605 1.0 0.58898 0.275419 1.0 0.585423 0.279925 1.0 0.580531 0.288937 1.0 0.589425 0.290359 1.0
0 0.466797 0.373437 0.017578 0.0375 0.0 0.0 0.0 0.0 0.0 0.0 0.0 0.0 0.0 0.0 0.0 0.0 0.0 0.0 0.0
0 0.557129 0.249219 0.018555 0.039062 0.554618 0.242159 1.0 0.56325 0.24442 1.0 0.55964 0.250195 1.0 0.554461 0.25798 1.0 0.562622 0.258483 1.0
0 0.615723 0.241406 0.016602 0.032813 0.0 0.0 0.0 0.0 0.0 0.0 0.0 0.0 0.0 0.0 0.0 0.0 0.0 0.0 0.0
0 0.824219 0.621875 0.023438 0.046875 0.0 0.0 0.0 0.0 0.0 0.0 0.0 0.0 0.0 0.0 0.0 0.0 0.0 0.0 0.0
0 0.442383 0.475781 0.019531 0.045312 0.446006 0.466497 1.0 0.452083 0.465067 1.0 0.450653 0.478222 1.0 0.445291 0.487089 1.0 0.451726 0.485372 1.0
0 0.385742 0.402344 0.021484 0.042188 0.386274 0.398808 1.0 0.393415 0.397447 1.0 0.390524 0.406153 1.0 0.386274 0.415402 1.0 0.393415 0.414314 1.0
0 0.39209 0.457813 0.018555 0.040625 0.392596 0.442202 1.0 0.397565 0.440611 1.0 0.399719 0.448298 1.0 0.3974 0.461552 1.0 0.400879 0.460491 1.0
0 0.251953 0.494531 0.019531 0.042188 0.0 0.0 0.0 0.0 0.0 0.0 0.0 0.0 0.0 0.0 0.0 0.0 0.0 0.0 0.0
0 0.276855 0.425781 0.020508 0.042188 0.0 0.0 0.0 0.0 0.0 0.0 0.0 0.0 0.0 0.0 0.0 0.0 0.0 0.0 0.0
0 0.298828 0.414062 0.015625 0.0375 0.0 0.0 0.0 0.0 0.0 0.0 0.0 0.0 0.0 0.0 0.0 0.0 0.0 0.0 0.0
0 0.336914 0.357812 0.019531 0.040625 0.0 0.0 0.0 0.0 0.0 0.0 0.0 0.0 0.0 0.0 0.0 0.0 0.0 0.0 0.0
0 0.20752 0.436719 0.020508 0.035937 0.207868 0.429017 1.0 0.214146 0.427009 1.0 0.214425 0.434822 1.0 0.209821 0.446428 1.0 0.215681 0.44375 1.0
0 0.174316 0.545312 0.022461 0.04375 0.173649 0.537095 1.0 0.184374 0.533378 1.0 0.184195 0.543673 1.0 0.180084 0.554255 1.0 0.186877 0.550538 1.0
0 0.323242 0.460938 0.017578 0.040625 0.320813 0.454736 1.0 0.330009 0.453188 1.0 0.326298 0.461447 1.0 0.323072 0.468416 1.0 0.328718 0.467125 1.0
0 0.256348 0.330469 0.020508 0.035937 0.25334 0.329925 1.0 0.261937 0.327553 1.0 0.259565 0.333483 1.0 0.255118 0.340834 1.0 0.260307 0.339173 1.0
0 0.189941 0.315625 0.022461 0.040625 0.0 0.0 0.0 0.0 0.0 0.0 0.0 0.0 0.0 0.0 0.0 0.0 0.0 0.0 0.0
0 0.223145 0.31875 0.016602 0.0375 0.218658 0.311622 1.0 0.22171 0.312353 1.0 0.214996 0.321387 1.0 0.218201 0.328222 1.0 0.219727 0.328467 1.0
0 0.116211 0.496875 0.021484 0.0375 0.118316 0.482909 1.0 0.126709 0.480469 1.0 0.12503 0.495117 1.0 0.118622 0.502441 1.0 0.125793 0.504883 1.0
0 0.134277 0.464062 0.018555 0.040625 0.13378 0.459584 1.0 0.141401 0.455873 1.0 0.13991 0.467536 1.0 0.136928 0.475223 1.0 0.142395 0.471512 1.0
0 0.091309 0.414844 0.018555 0.035937 0.0 0.0 0.0 0.0 0.0 0.0 0.0 0.0 0.0 0.0 0.0 0.0 0.0 0.0 0.0
0 0.033203 0.435156 0.021484 0.042188 0.028952 0.428083 1.0 0.038304 0.425363 1.0 0.036773 0.435156 1.0 0.032693 0.445222 1.0 0.039664 0.444134 1.0
0 0.060059 0.5 0.018555 0.0375 0.0 0.0 0.0 0.0 0.0 0.0 0.0 0.0 0.0 0.0 0.0 0.0 0.0 0.0 0.0
0 0.077148 0.373437 0.019531 0.040625 0.0 0.0 0.0 0.0 0.0 0.0 0.0 0.0 0.0 0.0 0.0 0.0 0.0 0.0 0.0
0 0.100098 0.296094 0.022461 0.042188 0.09283 0.294189 1.0 0.101161 0.295278 1.0 0.096061 0.298814 1.0 0.09198 0.306431 1.0 0.098611 0.307792 1.0
0 0.17041 0.267188 0.016602 0.034375 0.168806 0.260045 1.0 0.176339 0.259375 1.0 0.173549 0.272322 1.0 0.170201 0.276562 1.0 0.175781 0.275892 1.0
0 0.192871 0.269531 0.014648 0.032813 0.193193 0.261481 1.0 0.199951 0.261698 1.0 0.198059 0.268184 1.0 0.192518 0.27705 1.0 0.196708 0.277483 1.0
0 0.216309 0.224219 0.016602 0.035937 0.0 0.0 0.0 0.0 0.0 0.0 0.0 0.0 0.0 0.0 0.0 0.0 0.0 0.0 0.0
0 0.19043 0.385156 0.019531 0.035937 0.0 0.0 0.0 0.0 0.0 0.0 0.0 0.0 0.0 0.0 0.0 0.0 0.0 0.0 0.0
0 0.040039 0.346875 0.017578 0.040625 0.0 0.0 0.0 0.0 0.0 0.0 0.0 0.0 0.0 0.0 0.0 0.0 0.0 0.0 0.0
0 0.058594 0.302344 0.017578 0.039062 0.051671 0.297042 1.0 0.059361 0.295033 1.0 0.055123 0.304325 1.0 0.052612 0.314369 1.0 0.060773 0.312611 1.0
0 0.042969 0.315625 0.017578 0.034375 0.0 0.0 0.0 0.0 0.0 0.0 0.0 0.0 0.0 0.0 0.0 0.0 0.0 0.0 0.0
0 0.007812 0.3 0.013672 0.0375 0.0032 0.292648 1.0 0.011797 0.292173 1.0 0.007054 0.300237 1.0 0.004683 0.307589 1.0 0.010019 0.307589 1.0
0 0.076172 0.239844 0.015625 0.032813 0.0 0.0 0.0 0.0 0.0 0.0 0.0 0.0 0.0 0.0 0.0 0.0 0.0 0.0 0.0
0 0.06543 0.278906 0.015625 0.035937 0.0 0.0 0.0 0.0 0.0 0.0 0.0 0.0 0.0 0.0 0.0 0.0 0.0 0.0 0.0
0 0.044922 0.250781 0.017578 0.035937 0.04449 0.242313 1.0 0.051252 0.240702 1.0 0.051252 0.24968 1.0 0.047367 0.259577 1.0 0.051684 0.257506 1.0
0 0.055176 0.229687 0.012695 0.03125 0.049647 0.226883 1.0 0.058751 0.226478 1.0 0.056349 0.233761 1.0 0.053062 0.241044 1.0 0.058751 0.241245 1.0
0 0.029785 0.253125 0.016602 0.0375 0.0 0.0 0.0 0.0 0.0 0.0 0.0 0.0 0.0 0.0 0.0 0.0 0.0 0.0 0.0
0 0.03125 0.207031 0.019531 0.039062 0.0 0.0 0.0 0.0 0.0 0.0 0.0 0.0 0.0 0.0 0.0 0.0 0.0 0.0 0.0
0 0.104004 0.210156 0.014648 0.032813 0.0 0.0 0.0 0.0 0.0 0.0 0.0 0.0 0.0 0.0 0.0 0.0 0.0 0.0 0.0
0 0.187012 0.189062 0.016602 0.0375 0.18634 0.186084 1.0 0.191681 0.186084 1.0 0.191834 0.193653 1.0 0.188019 0.19878 1.0 0.191834 0.19878 1.0
0 0.143555 0.182031 0.017578 0.032813 0.144243 0.17832 1.0 0.14869 0.176856 1.0 0.149475 0.180831 1.0 0.145028 0.193178 1.0 0.149083 0.191503 1.0
0 0.209961 0.192188 0.013672 0.028125 0.0 0.0 0.0 0.0 0.0 0.0 0.0 0.0 0.0 0.0 0.0 0.0 0.0 0.0 0.0
0 0.114258 0.845313 0.027344 0.059375 0.110691 0.840359 1.0 0.122698 0.833203 1.0 0.121757 0.849023 1.0 0.116106 0.861453 1.0 0.125994 0.858064 1.0
0 0.065918 0.817187 0.024414 0.05 0.062709 0.808523 1.0 0.075344 0.807241 1.0 0.070731 0.820075 1.0 0.062509 0.825209 1.0 0.073338 0.826172 1.0
0 0.078613 0.735938 0.024414 0.05 0.0 0.0 0.0 0.0 0.0 0.0 0.0 0.0 0.0 0.0 0.0 0.0 0.0 0.0 0.0
0 0.075195 0.653125 0.021484 0.05 0.0 0.0 0.0 0.0 0.0 0.0 0.0 0.0 0.0 0.0 0.0 0.0 0.0 0.0 0.0
0 0.116699 0.6 0.020508 0.05 0.0 0.0 0.0 0.0 0.0 0.0 0.0 0.0 0.0 0.0 0.0 0.0 0.0 0.0 0.0
0 0.123535 0.55 0.022461 0.04375 0.122463 0.543784 1.0 0.12425 0.542927 1.0 0.126396 0.549791 1.0 0.123535 0.556369 1.0 0.128183 0.553795 1.0
0 0.006348 0.444531 0.012695 0.042188 0.001884 0.439844 1.0 0.009208 0.437333 1.0 0.009382 0.448494 1.0 0.005022 0.45798 1.0 0.0113 0.456306 1.0
0 0.125977 0.329688 0.015625 0.046875 0.0 0.0 0.0 0.0 0.0 0.0 0.0 0.0 0.0 0.0 0.0 0.0 0.0 0.0 0.0
0 0.165527 0.316406 0.016602 0.035937 0.165759 0.310009 1.0 0.173384 0.307478 1.0 0.171513 0.312311 1.0 0.168492 0.324972 1.0 0.173527 0.323591 1.0
0 0.305176 0.309375 0.020508 0.0375 0.0 0.0 0.0 0.0 0.0 0.0 0.0 0.0 0.0 0.0 0.0 0.0 0.0 0.0 0.0
0 0.286621 0.34375 0.016602 0.040625 0.0 0.0 0.0 0.0 0.0 0.0 0.0 0.0 0.0 0.0 0.0 0.0 0.0 0.0 0.0
0 0.257812 0.378906 0.017578 0.042188 0.0 0.0 0.0 0.0 0.0 0.0 0.0 0.0 0.0 0.0 0.0 0.0 0.0 0.0 0.0
0 0.250488 0.435156 0.018555 0.042188 0.239058 0.430398 1.0 0.24966 0.430134 1.0 0.244358 0.438352 1.0 0.239058 0.451605 1.0 0.249163 0.452134 1.0
0 0.113281 0.172656 0.013672 0.029687 0.11438 0.166797 1.0 0.118164 0.166602 1.0 0.116943 0.17207 1.0 0.114624 0.179688 1.0 0.11853 0.178906 1.0
0 0.116699 0.1375 0.016602 0.03125 0.111551 0.134898 1.0 0.121538 0.133078 1.0 0.116607 0.140967 1.0 0.113826 0.146833 1.0 0.121033 0.145013 1.0
0 0.092773 0.125781 0.017578 0.035937 0.090328 0.122147 1.0 0.09824 0.121227 1.0 0.095075 0.128592 1.0 0.092342 0.133887 1.0 0.097233 0.132966 1.0
0 0.076172 0.1375 0.017578 0.0375 0.073608 0.129772 1.0 0.081612 0.13072 1.0 0.078056 0.135937 1.0 0.074053 0.143764 1.0 0.080131 0.143527 1.0
0 0.046387 0.127344 0.016602 0.029687 0.0 0.0 0.0 0.0 0.0 0.0 0.0 0.0 0.0 0.0 0.0 0.0 0.0 0.0 0.0
0 0.062012 0.089063 0.010742 0.03125 0.0 0.0 0.0 0.0 0.0 0.0 0.0 0.0 0.0 0.0 0.0 0.0 0.0 0.0 0.0
0 0.075195 0.060937 0.015625 0.03125 0.071568 0.057798 1.0 0.078369 0.058845 1.0 0.074838 0.064495 1.0 0.073007 0.069936 1.0 0.0768 0.069727 1.0
0 0.01416 0.189062 0.014648 0.034375 0.0 0.0 0.0 0.0 0.0 0.0 0.0 0.0 0.0 0.0 0.0 0.0 0.0 0.0 0.0
0 0.007812 0.146094 0.015625 0.035937 0.003379 0.1408 1.0 0.01086 0.1408 1.0 0.007119 0.148627 1.0 0.003379 0.154611 1.0 0.010284 0.154841 1.0
0 0.013184 0.125 0.016602 0.034375 0.0 0.0 0.0 0.0 0.0 0.0 0.0 0.0 0.0 0.0 0.0 0.0 0.0 0.0 0.0
0 0.01709 0.061719 0.032227 0.032813 0.0 0.0 0.0 0.0 0.0 0.0 0.0 0.0 0.0 0.0 0.0 0.0 0.0 0.0 0.0
0 0.062012 0.038281 0.014648 0.029687 0.061279 0.034961 1.0 0.067993 0.03418 1.0 0.066406 0.040234 1.0 0.063232 0.047656 1.0 0.067261 0.04707 1.0
0 0.046875 0.024219 0.011719 0.032813 0.0 0.0 0.0 0.0 0.0 0.0 0.0 0.0 0.0 0.0 0.0 0.0 0.0 0.0 0.0
0 0.008789 0.016406 0.013672 0.026562 0.0 0.0 0.0 0.0 0.0 0.0 0.0 0.0 0.0 0.0 0.0 0.0 0.0 0.0 0.0
0 0.160156 0.160938 0.013672 0.025 0.0 0.0 0.0 0.0 0.0 0.0 0.0 0.0 0.0 0.0 0.0 0.0 0.0 0.0 0.0
0 0.222168 0.159375 0.016602 0.025 0.0 0.0 0.0 0.0 0.0 0.0 0.0 0.0 0.0 0.0 0.0 0.0 0.0 0.0 0.0
0 0.23877 0.103906 0.014648 0.029687 0.235718 0.100586 1.0 0.242554 0.098633 1.0 0.241455 0.10625 1.0 0.23877 0.112695 1.0 0.242798 0.111719 1.0
0 0.160645 0.132812 0.014648 0.028125 0.0 0.0 0.0 0.0 0.0 0.0 0.0 0.0 0.0 0.0 0.0 0.0 0.0 0.0 0.0
0 0.129883 0.123438 0.013672 0.03125 0.125223 0.121241 1.0 0.131797 0.119217 1.0 0.12851 0.124881 1.0 0.127245 0.132569 1.0 0.130912 0.129939 1.0
0 0.169922 0.098437 0.015625 0.034375 0.16762 0.092363 1.0 0.17582 0.091211 1.0 0.173519 0.097656 1.0 0.170497 0.106173 1.0 0.175245 0.105253 1.0
0 0.148926 0.0875 0.014648 0.028125 0.147967 0.08427 1.0 0.154559 0.083705 1.0 0.153617 0.089544 1.0 0.14985 0.094817 1.0 0.154088 0.094252 1.0
0 0.157715 0.072656 0.014648 0.029687 0.0 0.0 0.0 0.0 0.0 0.0 0.0 0.0 0.0 0.0 0.0 0.0 0.0 0.0 0.0
0 0.20166 0.070312 0.012695 0.028125 0.0 0.0 0.0 0.0 0.0 0.0 0.0 0.0 0.0 0.0 0.0 0.0 0.0 0.0 0.0
0 0.222168 0.077344 0.014648 0.032813 0.217721 0.072586 1.0 0.223737 0.072169 1.0 0.219813 0.079283 1.0 0.218244 0.083259 1.0 0.221645 0.083469 1.0
0 0.251465 0.053906 0.016602 0.032813 0.0 0.0 0.0 0.0 0.0 0.0 0.0 0.0 0.0 0.0 0.0 0.0 0.0 0.0 0.0
0 0.228027 0.047656 0.014648 0.029687 0.223302 0.042516 1.0 0.23107 0.044398 1.0 0.227068 0.048353 1.0 0.222713 0.051178 1.0 0.229305 0.054003 1.0
0 0.184082 0.053125 0.014648 0.03125 0.179169 0.048298 1.0 0.184858 0.050725 1.0 0.18056 0.054772 1.0 0.179801 0.059019 1.0 0.183341 0.060841 1.0
0 0.208496 0.017188 0.014648 0.028125 0.204869 0.015736 1.0 0.211042 0.015905 1.0 0.207799 0.021931 1.0 0.205811 0.027623 1.0 0.209473 0.027455 1.0
0 0.112305 0.08125 0.013672 0.025 0.0 0.0 0.0 0.0 0.0 0.0 0.0 0.0 0.0 0.0 0.0 0.0 0.0 0.0 0.0
0 0.085449 0.013281 0.010742 0.023438 0.08439 0.012325 1.0 0.088531 0.012325 1.0 0.087206 0.016036 1.0 0.085633 0.018952 1.0 0.087786 0.01882 1.0
0 0.290039 0.097656 0.013672 0.026562 0.0 0.0 0.0 0.0 0.0 0.0 0.0 0.0 0.0 0.0 0.0 0.0 0.0 0.0 0.0
0 0.306641 0.072656 0.013672 0.032813 0.0 0.0 0.0 0.0 0.0 0.0 0.0 0.0 0.0 0.0 0.0 0.0 0.0 0.0 0.0
0 0.322754 0.075781 0.014648 0.026562 0.0 0.0 0.0 0.0 0.0 0.0 0.0 0.0 0.0 0.0 0.0 0.0 0.0 0.0 0.0
0 0.317871 0.039844 0.014648 0.026562 0.0 0.0 0.0 0.0 0.0 0.0 0.0 0.0 0.0 0.0 0.0 0.0 0.0 0.0 0.0
0 0.286621 0.033594 0.014648 0.026562 0.0 0.0 0.0 0.0 0.0 0.0 0.0 0.0 0.0 0.0 0.0 0.0 0.0 0.0 0.0
0 0.273438 0.022656 0.011719 0.023438 0.0 0.0 0.0 0.0 0.0 0.0 0.0 0.0 0.0 0.0 0.0 0.0 0.0 0.0 0.0
0 0.240723 0.019531 0.016602 0.026562 0.0 0.0 0.0 0.0 0.0 0.0 0.0 0.0 0.0 0.0 0.0 0.0 0.0 0.0 0.0
0 0.370117 0.017188 0.011719 0.025 0.0 0.0 0.0 0.0 0.0 0.0 0.0 0.0 0.0 0.0 0.0 0.0 0.0 0.0 0.0
0 0.318359 0.255469 0.015625 0.035937 0.0 0.0 0.0 0.0 0.0 0.0 0.0 0.0 0.0 0.0 0.0 0.0 0.0 0.0 0.0
0 0.305176 0.217969 0.016602 0.035937 0.304169 0.213595 1.0 0.312226 0.211294 1.0 0.310067 0.218198 1.0 0.308772 0.224414 1.0 0.312513 0.223263 1.0
0 0.352051 0.211719 0.016602 0.035937 0.0 0.0 0.0 0.0 0.0 0.0 0.0 0.0 0.0 0.0 0.0 0.0 0.0 0.0 0.0
0 0.383301 0.208594 0.018555 0.039062 0.380219 0.204102 1.0 0.387848 0.203858 1.0 0.385559 0.210205 1.0 0.380829 0.217773 1.0 0.386779 0.217773 1.0
0 0.254395 0.142187 0.016602 0.0375 0.253209 0.138966 1.0 0.262398 0.138016 1.0 0.260769 0.144183 1.0 0.255729 0.151061 1.0 0.263288 0.1494 1.0
0 0.283691 0.150781 0.014648 0.032813 0.0 0.0 0.0 0.0 0.0 0.0 0.0 0.0 0.0 0.0 0.0 0.0 0.0 0.0 0.0
0 0.299316 0.138281 0.014648 0.035937 0.0 0.0 0.0 0.0 0.0 0.0 0.0 0.0 0.0 0.0 0.0 0.0 0.0 0.0 0.0
0 0.30957 0.132031 0.011719 0.029687 0.0 0.0 0.0 0.0 0.0 0.0 0.0 0.0 0.0 0.0 0.0 0.0 0.0 0.0 0.0
0 0.32959 0.180469 0.012695 0.035937 0.0 0.0 0.0 0.0 0.0 0.0 0.0 0.0 0.0 0.0 0.0 0.0 0.0 0.0 0.0
0 0.345703 0.167187 0.011719 0.028125 0.0 0.0 0.0 0.0 0.0 0.0 0.0 0.0 0.0 0.0 0.0 0.0 0.0 0.0 0.0
0 0.341309 0.052344 0.012695 0.029687 0.0 0.0 0.0 0.0 0.0 0.0 0.0 0.0 0.0 0.0 0.0 0.0 0.0 0.0 0.0
0 0.393066 0.148438 0.012695 0.03125 0.390935 0.144016 1.0 0.397256 0.144016 1.0 0.393969 0.150286 1.0 0.391819 0.154331 1.0 0.397256 0.153927 1.0
0 0.390625 0.120313 0.011719 0.028125 0.0 0.0 0.0 0.0 0.0 0.0 0.0 0.0 0.0 0.0 0.0 0.0 0.0 0.0 0.0
0 0.49707 0.239844 0.019531 0.035937 0.496582 0.2357 1.0 0.5032 0.235241 1.0 0.500322 0.240995 1.0 0.498596 0.24698 1.0 0.503919 0.247209 1.0
0 0.519531 0.1875 0.015625 0.03125 0.0 0.0 0.0 0.0 0.0 0.0 0.0 0.0 0.0 0.0 0.0 0.0 0.0 0.0 0.0
0 0.484863 0.183594 0.016602 0.035937 0.0 0.0 0.0 0.0 0.0 0.0 0.0 0.0 0.0 0.0 0.0 0.0 0.0 0.0 0.0
0 0.477539 0.219531 0.017578 0.035937 0.477194 0.209913 1.0 0.483094 0.209913 1.0 0.481654 0.217969 1.0 0.476907 0.225105 1.0 0.482086 0.224875 1.0
0 0.368164 0.271875 0.015625 0.034375 0.0 0.0 0.0 0.0 0.0 0.0 0.0 0.0 0.0 0.0 0.0 0.0 0.0 0.0 0.0
0 0.586914 0.232813 0.015625 0.034375 0.588519 0.229241 1.0 0.594518 0.227009 1.0 0.592982 0.233705 1.0 0.589774 0.240848 1.0 0.594936 0.238616 1.0
0 0.611328 0.195312 0.015625 0.03125 0.607282 0.190081 1.0 0.614615 0.190688 1.0 0.611075 0.195947 1.0 0.606523 0.203028 1.0 0.613225 0.20505 1.0
0 0.649414 0.232813 0.015625 0.028125 0.645883 0.228264 1.0 0.653534 0.226192 1.0 0.650355 0.234291 1.0 0.648708 0.240506 1.0 0.652828 0.239188 1.0
0 0.570801 0.207031 0.014648 0.029687 0.0 0.0 0.0 0.0 0.0 0.0 0.0 0.0 0.0 0.0 0.0 0.0 0.0 0.0 0.0
0 0.554199 0.198437 0.014648 0.0375 0.0 0.0 0.0 0.0 0.0 0.0 0.0 0.0 0.0 0.0 0.0 0.0 0.0 0.0 0.0
0 0.697266 0.171094 0.015625 0.035937 0.69223 0.165848 1.0 0.698417 0.164006 1.0 0.69482 0.172064 1.0 0.693669 0.18035 1.0 0.699279 0.177819 1.0
0 0.729492 0.198437 0.017578 0.0375 0.0 0.0 0.0 0.0 0.0 0.0 0.0 0.0 0.0 0.0 0.0 0.0 0.0 0.0 0.0
0 0.727051 0.141406 0.016602 0.039062 0.72522 0.13667 1.0 0.733765 0.137403 1.0 0.730255 0.141553 1.0 0.72583 0.147413 1.0 0.731629 0.148144 1.0
0 0.740234 0.110156 0.015625 0.032813 0.0 0.0 0.0 0.0 0.0 0.0 0.0 0.0 0.0 0.0 0.0 0.0 0.0 0.0 0.0
0 0.760254 0.063281 0.014648 0.035937 0.755162 0.058497 1.0 0.760629 0.058956 1.0 0.757896 0.063791 1.0 0.753867 0.070927 1.0 0.760197 0.071617 1.0
0 0.712891 0.028906 0.015625 0.026562 0.0 0.0 0.0 0.0 0.0 0.0 0.0 0.0 0.0 0.0 0.0 0.0 0.0 0.0 0.0
0 0.657715 0.123438 0.016602 0.0375 0.652527 0.11753 1.0 0.662598 0.117284 1.0 0.65741 0.125342 1.0 0.653137 0.132178 1.0 0.661682 0.131689 1.0
0 0.635254 0.098437 0.014648 0.034375 0.0 0.0 0.0 0.0 0.0 0.0 0.0 0.0 0.0 0.0 0.0 0.0 0.0 0.0 0.0
0 0.692871 0.119531 0.014648 0.029687 0.0 0.0 0.0 0.0 0.0 0.0 0.0 0.0 0.0 0.0 0.0 0.0 0.0 0.0 0.0
0 0.703613 0.096094 0.014648 0.035937 0.697937 0.091992 1.0 0.704607 0.091992 1.0 0.700901 0.097209 1.0 0.698678 0.102902 1.0 0.704015 0.103377 1.0
0 0.654297 0.059375 0.017578 0.034375 0.0 0.0 0.0 0.0 0.0 0.0 0.0 0.0 0.0 0.0 0.0 0.0 0.0 0.0 0.0
0 0.636719 0.046094 0.013672 0.029687 0.635376 0.044922 1.0 0.641357 0.045703 1.0 0.637939 0.048438 1.0 0.635986 0.054688 1.0 0.639648 0.054688 1.0
0 0.555176 0.067969 0.014648 0.029687 0.551627 0.061322 1.0 0.557748 0.062828 1.0 0.552687 0.072245 1.0 0.551156 0.081097 1.0 0.554923 0.08072 1.0
0 0.532715 0.075 0.016602 0.03125 0.530029 0.070117 1.0 0.536743 0.066797 1.0 0.533447 0.077539 1.0 0.531738 0.085742 1.0 0.536621 0.083008 1.0
0 0.455566 0.071094 0.014648 0.029687 0.0 0.0 0.0 0.0 0.0 0.0 0.0 0.0 0.0 0.0 0.0 0.0 0.0 0.0 0.0
0 0.427246 0.339844 0.024414 0.042188 0.0 0.0 0.0 0.0 0.0 0.0 0.0 0.0 0.0 0.0 0.0 0.0 0.0 0.0 0.0
0 0.75 0.0375 0.015625 0.0375 0.0 0.0 0.0 0.0 0.0 0.0 0.0 0.0 0.0 0.0 0.0 0.0 0.0 0.0 0.0
0 0.589355 0.421875 0.018555 0.034375 0.0 0.0 0.0 0.0 0.0 0.0 0.0 0.0 0.0 0.0 0.0 0.0 0.0 0.0 0.0
0 0.772949 0.171094 0.018555 0.035937 0.768864 0.167459 1.0 0.776633 0.16723 1.0 0.772461 0.175286 1.0 0.768864 0.181502 1.0 0.775051 0.181041 1.0
0 0.777832 0.142969 0.016602 0.032813 0.0 0.0 0.0 0.0 0.0 0.0 0.0 0.0 0.0 0.0 0.0 0.0 0.0 0.0 0.0
0 0.786133 0.109375 0.015625 0.028125 0.0 0.0 0.0 0.0 0.0 0.0 0.0 0.0 0.0 0.0 0.0 0.0 0.0 0.0 0.0
0 0.836426 0.103906 0.014648 0.029687 0.833701 0.100705 1.0 0.839115 0.100892 1.0 0.836291 0.107673 1.0 0.832171 0.113134 1.0 0.839233 0.113323 1.0
0 0.856445 0.083594 0.013672 0.029687 0.0 0.0 0.0 0.0 0.0 0.0 0.0 0.0 0.0 0.0 0.0 0.0 0.0 0.0 0.0
0 0.896973 0.095312 0.016602 0.034375 0.0 0.0 0.0 0.0 0.0 0.0 0.0 0.0 0.0 0.0 0.0 0.0 0.0 0.0 0.0
0 0.944824 0.026562 0.012695 0.028125 0.941746 0.02145 1.0 0.947396 0.021073 1.0 0.944689 0.027287 1.0 0.942688 0.032184 1.0 0.945866 0.03162 1.0
0 0.901367 0.021875 0.015625 0.028125 0.0 0.0 0.0 0.0 0.0 0.0 0.0 0.0 0.0 0.0 0.0 0.0 0.0 0.0 0.0
0 0.853516 0.034375 0.011719 0.03125 0.852125 0.032178 1.0 0.85832 0.033189 1.0 0.855791 0.039258 1.0 0.852631 0.044316 1.0 0.85655 0.044922 1.0
0 0.874023 0.039062 0.009766 0.025 0.0 0.0 0.0 0.0 0.0 0.0 0.0 0.0 0.0 0.0 0.0 0.0 0.0 0.0 0.0
0 0.809082 0.020313 0.012695 0.025 0.0 0.0 0.0 0.0 0.0 0.0 0.0 0.0 0.0 0.0 0.0 0.0 0.0 0.0 0.0
0 0.778809 0.050781 0.012695 0.026562 0.0 0.0 0.0 0.0 0.0 0.0 0.0 0.0 0.0 0.0 0.0 0.0 0.0 0.0 0.0
0 0.816406 0.057813 0.013672 0.028125 0.81754 0.052191 1.0 0.82298 0.053278 1.0 0.821847 0.060714 1.0 0.817199 0.064705 1.0 0.820714 0.065792 1.0
0 0.825195 0.185938 0.017578 0.034375 0.0 0.0 0.0 0.0 0.0 0.0 0.0 0.0 0.0 0.0 0.0 0.0 0.0 0.0 0.0
0 0.854004 0.225 0.018555 0.0375 0.850377 0.217969 1.0 0.856812 0.217969 1.0 0.854457 0.225502 1.0 0.850533 0.233789 1.0 0.856184 0.233538 1.0
0 0.887207 0.230469 0.020508 0.042188 0.883736 0.223061 1.0 0.892518 0.222795 1.0 0.887879 0.230217 1.0 0.884068 0.241616 1.0 0.891191 0.24135 1.0
0 0.908203 0.217188 0.017578 0.034375 0.906093 0.214892 1.0 0.91231 0.211433 1.0 0.910958 0.220947 1.0 0.909337 0.225056 1.0 0.913526 0.223542 1.0
0 0.930664 0.227344 0.019531 0.042188 0.925245 0.219525 1.0 0.934937 0.218708 1.0 0.929836 0.225509 1.0 0.925925 0.232855 1.0 0.933066 0.232583 1.0
0 0.890137 0.189062 0.016602 0.034375 0.0 0.0 0.0 0.0 0.0 0.0 0.0 0.0 0.0 0.0 0.0 0.0 0.0 0.0 0.0
0 0.880859 0.14375 0.015625 0.03125 0.0 0.0 0.0 0.0 0.0 0.0 0.0 0.0 0.0 0.0 0.0 0.0 0.0 0.0 0.0
0 0.921387 0.158594 0.012695 0.035937 0.0 0.0 0.0 0.0 0.0 0.0 0.0 0.0 0.0 0.0 0.0 0.0 0.0 0.0 0.0
0 0.907227 0.144531 0.011719 0.029687 0.0 0.0 0.0 0.0 0.0 0.0 0.0 0.0 0.0 0.0 0.0 0.0 0.0 0.0 0.0
0 0.993652 0.275781 0.012695 0.035937 0.0 0.0 0.0 0.0 0.0 0.0 0.0 0.0 0.0 0.0 0.0 0.0 0.0 0.0 0.0
0 0.952637 0.236719 0.012695 0.032813 0.0 0.0 0.0 0.0 0.0 0.0 0.0 0.0 0.0 0.0 0.0 0.0 0.0 0.0 0.0
0 0.956543 0.2125 0.012695 0.034375 0.0 0.0 0.0 0.0 0.0 0.0 0.0 0.0 0.0 0.0 0.0 0.0 0.0 0.0 0.0
0 0.840332 0.360156 0.018555 0.042188 0.0 0.0 0.0 0.0 0.0 0.0 0.0 0.0 0.0 0.0 0.0 0.0 0.0 0.0 0.0
0 0.616699 0.45 0.022461 0.040625 0.0 0.0 0.0 0.0 0.0 0.0 0.0 0.0 0.0 0.0 0.0 0.0 0.0 0.0 0.0
0 0.640137 0.575 0.022461 0.046875 0.0 0.0 0.0 0.0 0.0 0.0 0.0 0.0 0.0 0.0 0.0 0.0 0.0 0.0 0.0
0 0.762207 0.358594 0.018555 0.045312 0.0 0.0 0.0 0.0 0.0 0.0 0.0 0.0 0.0 0.0 0.0 0.0 0.0 0.0 0.0
0 0.748535 0.714063 0.018555 0.05 0.0 0.0 0.0 0.0 0.0 0.0 0.0 0.0 0.0 0.0 0.0 0.0 0.0 0.0 0.0
0 0.935059 0.847656 0.022461 0.045312 0.0 0.0 0.0 0.0 0.0 0.0 0.0 0.0 0.0 0.0 0.0 0.0 0.0 0.0 0.0
0 0.261719 0.217188 0.011719 0.028125 0.0 0.0 0.0 0.0 0.0 0.0 0.0 0.0 0.0 0.0 0.0 0.0 0.0 0.0 0.0
0 0.197266 0.139844 0.013672 0.026562 0.0 0.0 0.0 0.0 0.0 0.0 0.0 0.0 0.0 0.0 0.0 0.0 0.0 0.0 0.0
0 0.20459 0.139844 0.012695 0.032813 0.0 0.0 0.0 0.0 0.0 0.0 0.0 0.0 0.0 0.0 0.0 0.0 0.0 0.0 0.0
0 0.223145 0.128906 0.012695 0.029687 0.0 0.0 0.0 0.0 0.0 0.0 0.0 0.0 0.0 0.0 0.0 0.0 0.0 0.0 0.0
0 0.143555 0.160156 0.013672 0.029687 0.0 0.0 0.0 0.0 0.0 0.0 0.0 0.0 0.0 0.0 0.0 0.0 0.0 0.0 0.0
0 0.051758 0.18125 0.015625 0.034375 0.0 0.0 0.0 0.0 0.0 0.0 0.0 0.0 0.0 0.0 0.0 0.0 0.0 0.0 0.0
0 0.161133 0.23125 0.017578 0.03125 0.0 0.0 0.0 0.0 0.0 0.0 0.0 0.0 0.0 0.0 0.0 0.0 0.0 0.0 0.0
0 0.391113 0.261719 0.018555 0.039062 0.0 0.0 0.0 0.0 0.0 0.0 0.0 0.0 0.0 0.0 0.0 0.0 0.0 0.0 0.0
0 0.154297 0.978906 0.023438 0.042188 0.0 0.0 0.0 0.0 0.0 0.0 0.0 0.0 0.0 0.0 0.0 0.0 0.0 0.0 0.0
0 0.047363 0.717187 0.020508 0.053125 0.0 0.0 0.0 0.0 0.0 0.0 0.0 0.0 0.0 0.0 0.0 0.0 0.0 0.0 0.0
0 0.043945 0.645312 0.021484 0.05625 0.0 0.0 0.0 0.0 0.0 0.0 0.0 0.0 0.0 0.0 0.0 0.0 0.0 0.0 0.0
0 0.994141 0.522656 0.011719 0.042188 0.0 0.0 0.0 0.0 0.0 0.0 0.0 0.0 0.0 0.0 0.0 0.0 0.0 0.0 0.0
0 0.39209 0.534375 0.020508 0.040625 0.0 0.0 0.0 0.0 0.0 0.0 0.0 0.0 0.0 0.0 0.0 0.0 0.0 0.0 0.0
0 0.165039 0.379688 0.019531 0.040625 0.0 0.0 0.0 0.0 0.0 0.0 0.0 0.0 0.0 0.0 0.0 0.0 0.0 0.0 0.0
0 0.366211 0.340625 0.017578 0.04375 0.0 0.0 0.0 0.0 0.0 0.0 0.0 0.0 0.0 0.0 0.0 0.0 0.0 0.0 0.0
0 0.401855 0.335938 0.016602 0.034375 0.0 0.0 0.0 0.0 0.0 0.0 0.0 0.0 0.0 0.0 0.0 0.0 0.0 0.0 0.0
0 0.469727 0.332031 0.017578 0.035937 0.0 0.0 0.0 0.0 0.0 0.0 0.0 0.0 0.0 0.0 0.0 0.0 0.0 0.0 0.0
0 0.996094 0.224219 0.007812 0.039062 0.0 0.0 0.0 0.0 0.0 0.0 0.0 0.0 0.0 0.0 0.0 0.0 0.0 0.0 0.0
0 0.277344 0.099219 0.015625 0.032813 0.0 0.0 0.0 0.0 0.0 0.0 0.0 0.0 0.0 0.0 0.0 0.0 0.0 0.0 0.0
0 0.307617 0.019531 0.011719 0.026562 0.0 0.0 0.0 0.0 0.0 0.0 0.0 0.0 0.0 0.0 0.0 0.0 0.0 0.0 0.0
0 0.134277 0.05 0.012695 0.03125 0.0 0.0 0.0 0.0 0.0 0.0 0.0 0.0 0.0 0.0 0.0 0.0 0.0 0.0 0.0
0 0.869629 0.188281 0.016602 0.032813 0.0 0.0 0.0 0.0 0.0 0.0 0.0 0.0 0.0 0.0 0.0 0.0 0.0 0.0 0.0
0 0.812012 0.175781 0.014648 0.029687 0.0 0.0 0.0 0.0 0.0 0.0 0.0 0.0 0.0 0.0 0.0 0.0 0.0 0.0 0.0
0 0.818848 0.113281 0.014648 0.026562 0.0 0.0 0.0 0.0 0.0 0.0 0.0 0.0 0.0 0.0 0.0 0.0 0.0 0.0 0.0
0 0.82666 0.135156 0.014648 0.029687 0.0 0.0 0.0 0.0 0.0 0.0 0.0 0.0 0.0 0.0 0.0 0.0 0.0 0.0 0.0
0 0.970215 0.69375 0.020508 0.034375 0.0 0.0 0.0 0.0 0.0 0.0 0.0 0.0 0.0 0.0 0.0 0.0 0.0 0.0 0.0
0 0.722168 0.635938 0.022461 0.040625 0.0 0.0 0.0 0.0 0.0 0.0 0.0 0.0 0.0 0.0 0.0 0.0 0.0 0.0 0.0
0 0.638672 0.921094 0.03125 0.060937 0.64365 0.906383 1.0 0.648124 0.905189 1.0 0.653094 0.909564 1.0 0.648869 0.927058 1.0 0.651105 0.925866 1.0
0 0.546387 0.689844 0.022461 0.045312 0.0 0.0 0.0 0.0 0.0 0.0 0.0 0.0 0.0 0.0 0.0 0.0 0.0 0.0 0.0
0 0.589844 0.686719 0.023438 0.048438 0.0 0.0 0.0 0.0 0.0 0.0 0.0 0.0 0.0 0.0 0.0 0.0 0.0 0.0 0.0
0 0.258301 0.5625 0.016602 0.040625 0.0 0.0 0.0 0.0 0.0 0.0 0.0 0.0 0.0 0.0 0.0 0.0 0.0 0.0 0.0
0 0.275879 0.584375 0.018555 0.034375 0.0 0.0 0.0 0.0 0.0 0.0 0.0 0.0 0.0 0.0 0.0 0.0 0.0 0.0 0.0
0 0.265137 0.738281 0.024414 0.045312 0.0 0.0 0.0 0.0 0.0 0.0 0.0 0.0 0.0 0.0 0.0 0.0 0.0 0.0 0.0
0 0.123535 0.803906 0.030273 0.064062 0.124821 0.798144 1.0 0.131252 0.791148 1.0 0.136396 0.794852 1.0 0.135624 0.816253 1.0 0.138969 0.811725 1.0
0 0.13916 0.795312 0.024414 0.05 0.0 0.0 0.0 0.0 0.0 0.0 0.0 0.0 0.0 0.0 0.0 0.0 0.0 0.0 0.0
0 0.14502 0.653125 0.022461 0.04375 0.0 0.0 0.0 0.0 0.0 0.0 0.0 0.0 0.0 0.0 0.0 0.0 0.0 0.0 0.0
0 0.089844 0.58125 0.021484 0.053125 0.0 0.0 0.0 0.0 0.0 0.0 0.0 0.0 0.0 0.0 0.0 0.0 0.0 0.0 0.0
0 0.10791 0.25 0.016602 0.03125 0.10437 0.240319 1.0 0.113726 0.240116 1.0 0.110186 0.250028 1.0 0.108542 0.256906 1.0 0.114737 0.257311 1.0
0 0.124023 0.274219 0.023438 0.039062 0.0 0.0 0.0 0.0 0.0 0.0 0.0 0.0 0.0 0.0 0.0 0.0 0.0 0.0 0.0
0 0.253418 0.280469 0.012695 0.029687 0.0 0.0 0.0 0.0 0.0 0.0 0.0 0.0 0.0 0.0 0.0 0.0 0.0 0.0 0.0
0 0.499512 0.359375 0.016602 0.0375 0.0 0.0 0.0 0.0 0.0 0.0 0.0 0.0 0.0 0.0 0.0 0.0 0.0 0.0 0.0
0 0.58252 0.080469 0.014648 0.029687 0.0 0.0 0.0 0.0 0.0 0.0 0.0 0.0 0.0 0.0 0.0 0.0 0.0 0.0 0.0
0 0.364258 0.101562 0.017578 0.034375 0.0 0.0 0.0 0.0 0.0 0.0 0.0 0.0 0.0 0.0 0.0 0.0 0.0 0.0 0.0
0 0.49707 0.314844 0.017578 0.029687 0.0 0.0 0.0 0.0 0.0 0.0 0.0 0.0 0.0 0.0 0.0 0.0 0.0 0.0 0.0
0 0.018555 0.979688 0.025391 0.040625 0.0 0.0 0.0 0.0 0.0 0.0 0.0 0.0 0.0 0.0 0.0 0.0 0.0 0.0 0.0