0 0.85498 0.76052 0.012695 0.02104 0.0 0.0 0.0 0.0 0.0 0.0 0.0 0.0 0.0 0.0 0.0 0.0 0.0 0.0 0.0
0 0.864746 0.727723 0.008789 0.019802 0.0 0.0 0.0 0.0 0.0 0.0 0.0 0.0 0.0 0.0 0.0 0.0 0.0 0.0 0.0
0 0.873047 0.67698 0.007812 0.017327 0.0 0.0 0.0 0.0 0.0 0.0 0.0 0.0 0.0 0.0 0.0 0.0 0.0 0.0 0.0
0 0.686523 0.790842 0.013672 0.024752 0.0 0.0 0.0 0.0 0.0 0.0 0.0 0.0 0.0 0.0 0.0 0.0 0.0 0.0 0.0
0 0.127441 0.826733 0.014648 0.024752 0.0 0.0 0.0 0.0 0.0 0.0 0.0 0.0 0.0 0.0 0.0 0.0 0.0 0.0 0.0
0 0.062012 0.767327 0.014648 0.019802 0.0 0.0 0.0 0.0 0.0 0.0 0.0 0.0 0.0 0.0 0.0 0.0 0.0 0.0 0.0
0 0.418457 0.746906 0.012695 0.02104 0.0 0.0 0.0 0.0 0.0 0.0 0.0 0.0 0.0 0.0 0.0 0.0 0.0 0.0 0.0
0 0.401367 0.737005 0.013672 0.018564 0.0 0.0 0.0 0.0 0.0 0.0 0.0 0.0 0.0 0.0 0.0 0.0 0.0 0.0 0.0
0 0.373047 0.756807 0.011719 0.018564 0.0 0.0 0.0 0.0 0.0 0.0 0.0 0.0 0.0 0.0 0.0 0.0 0.0 0.0 0.0
0 0.44873 0.74505 0.008789 0.012376 0.0 0.0 0.0 0.0 0.0 0.0 0.0 0.0 0.0 0.0 0.0 0.0 0.0 0.0 0.0
0 0.522461 0.736386 0.009766 0.012376 0.0 0.0 0.0 0.0 0.0 0.0 0.0 0.0 0.0 0.0 0.0 0.0 0.0 0.0 0.0
0 0.969727 0.707921 0.009766 0.017327 0.0 0.0 0.0 0.0 0.0 0.0 0.0 0.0 0.0 0.0 0.0 0.0 0.0 0.0 0.0
0 0.929688 0.699257 0.009766 0.017327 0.0 0.0 0.0 0.0 0.0 0.0 0.0 0.0 0.0 0.0 0.0 0.0 0.0 0.0 0.0
0 0.811523 0.638614 0.009766 0.014851 0.0 0.0 0.0 0.0 0.0 0.0 0.0 0.0 0.0 0.0 0.0 0.0 0.0 0.0 0.0
0 0.808105 0.721535 0.010742 0.022277 0.0 0.0 0.0 0.0 0.0 0.0 0.0 0.0 0.0 0.0 0.0 0.0 0.0 0.0 0.0
0 0.897949 0.71349 0.008789 0.016089 0.0 0.0 0.0 0.0 0.0 0.0 0.0 0.0 0.0 0.0 0.0 0.0 0.0 0.0 0.0
0 0.847656 0.715347 0.007812 0.017327 0.0 0.0 0.0 0.0 0.0 0.0 0.0 0.0 0.0 0.0 0.0 0.0 0.0 0.0 0.0
0 0.754883 0.74505 0.011719 0.019802 0.0 0.0 0.0 0.0 0.0 0.0 0.0 0.0 0.0 0.0 0.0 0.0 0.0 0.0 0.0
0 0.546387 0.761757 0.012695 0.02104 0.0 0.0 0.0 0.0 0.0 0.0 0.0 0.0 0.0 0.0 0.0 0.0 0.0 0.0 0.0
0 0.623047 0.762995 0.011719 0.02104 0.0 0.0 0.0 0.0 0.0 0.0 0.0 0.0 0.0 0.0 0.0 0.0 0.0 0.0 0.0
0 0.61377 0.681931 0.012695 0.022277 0.0 0.0 0.0 0.0 0.0 0.0 0.0 0.0 0.0 0.0 0.0 0.0 0.0 0.0 0.0
0 0.592285 0.658416 0.010742 0.019802 0.592098 0.65551 1.0 0.595206 0.655764 1.0 0.595006 0.660465 1.0 0.58909 0.663389 1.0 0.591897 0.66377 1.0
0 0.572266 0.648515 0.011719 0.019802 0.0 0.0 0.0 0.0 0.0 0.0 0.0 0.0 0.0 0.0 0.0 0.0 0.0 0.0 0.0
0 0.629395 0.654703 0.010742 0.014851 0.0 0.0 0.0 0.0 0.0 0.0 0.0 0.0 0.0 0.0 0.0 0.0 0.0 0.0 0.0
0 0.59375 0.637376 0.011719 0.017327 0.0 0.0 0.0 0.0 0.0 0.0 0.0 0.0 0.0 0.0 0.0 0.0 0.0 0.0 0.0
0 0.623047 0.671411 0.009766 0.013614 0.0 0.0 0.0 0.0 0.0 0.0 0.0 0.0 0.0 0.0 0.0 0.0 0.0 0.0 0.0
0 0.686523 0.649134 0.013672 0.02104 0.683311 0.644719 1.0 0.68985 0.645548 1.0 0.686035 0.648311 1.0 0.684836 0.652593 1.0 0.688106 0.652869 1.0
0 0.709473 0.615099 0.010742 0.017327 0.0 0.0 0.0 0.0 0.0 0.0 0.0 0.0 0.0 0.0 0.0 0.0 0.0 0.0 0.0
0 0.711914 0.656559 0.009766 0.013614 0.0 0.0 0.0 0.0 0.0 0.0 0.0 0.0 0.0 0.0 0.0 0.0 0.0 0.0 0.0
0 0.678223 0.607054 0.012695 0.016089 0.67463 0.606546 1.0 0.678729 0.605662 1.0 0.677595 0.610525 1.0 0.676025 0.612292 1.0 0.68056 0.611629 1.0
0 0.65332 0.639233 0.009766 0.013614 0.0 0.0 0.0 0.0 0.0 0.0 0.0 0.0 0.0 0.0 0.0 0.0 0.0 0.0 0.0
0 0.661133 0.639233 0.007812 0.016089 0.0 0.0 0.0 0.0 0.0 0.0 0.0 0.0 0.0 0.0 0.0 0.0 0.0 0.0 0.0
0 0.638672 0.607673 0.011719 0.017327 0.0 0.0 0.0 0.0 0.0 0.0 0.0 0.0 0.0 0.0 0.0 0.0 0.0 0.0 0.0
0 0.650391 0.596535 0.009766 0.017327 0.0 0.0 0.0 0.0 0.0 0.0 0.0 0.0 0.0 0.0 0.0 0.0 0.0 0.0 0.0
0 0.632324 0.55755 0.006836 0.013614 0.0 0.0 0.0 0.0 0.0 0.0 0.0 0.0 0.0 0.0 0.0 0.0 0.0 0.0 0.0
0 0.716309 0.566213 0.010742 0.013614 0.0 0.0 0.0 0.0 0.0 0.0 0.0 0.0 0.0 0.0 0.0 0.0 0.0 0.0 0.0
0 0.597168 0.611386 0.010742 0.017327 0.0 0.0 0.0 0.0 0.0 0.0 0.0 0.0 0.0 0.0 0.0 0.0 0.0 0.0 0.0
0 0.57666 0.60953 0.010742 0.016089 0.0 0.0 0.0 0.0 0.0 0.0 0.0 0.0 0.0 0.0 0.0 0.0 0.0 0.0 0.0
0 0.541992 0.599629 0.011719 0.02104 0.541286 0.598109 1.0 0.545646 0.597833 1.0 0.544883 0.601976 1.0 0.542703 0.605844 1.0 0.545101 0.605844 1.0
0 0.527344 0.59901 0.009766 0.017327 0.0 0.0 0.0 0.0 0.0 0.0 0.0 0.0 0.0 0.0 0.0 0.0 0.0 0.0 0.0
0 0.54248 0.561881 0.008789 0.012376 0.0 0.0 0.0 0.0 0.0 0.0 0.0 0.0 0.0 0.0 0.0 0.0 0.0 0.0 0.0
0 0.479004 0.575495 0.010742 0.019802 0.475809 0.573511 1.0 0.482326 0.573511 1.0 0.478816 0.57745 1.0 0.477714 0.579611 1.0 0.480621 0.579358 1.0
0 0.455566 0.626856 0.008789 0.016089 0.0 0.0 0.0 0.0 0.0 0.0 0.0 0.0 0.0 0.0 0.0 0.0 0.0 0.0 0.0
0 0.421875 0.590965 0.009766 0.016089 0.419032 0.5888 1.0 0.422521 0.589021 1.0 0.420515 0.592557 1.0 0.419469 0.59554 1.0 0.422259 0.595429 1.0
0 0.409668 0.572401 0.008789 0.013614 0.0 0.0 0.0 0.0 0.0 0.0 0.0 0.0 0.0 0.0 0.0 0.0 0.0 0.0 0.0
0 0.43457 0.547649 0.009766 0.016089 0.433751 0.546599 1.0 0.438307 0.546704 1.0 0.436153 0.548908 1.0 0.434993 0.551428 1.0 0.437644 0.551428 1.0
0 0.484863 0.608911 0.010742 0.017327 0.484649 0.604463 1.0 0.489318 0.604231 1.0 0.487671 0.609568 1.0 0.483917 0.611772 1.0 0.489136 0.611889 1.0
0 0.508301 0.632426 0.008789 0.017327 0.509796 0.630298 1.0 0.510895 0.629834 1.0 0.511535 0.633896 1.0 0.510528 0.636564 1.0 0.511353 0.636448 1.0
0 0.414062 0.623144 0.007812 0.016089 0.0 0.0 0.0 0.0 0.0 0.0 0.0 0.0 0.0 0.0 0.0 0.0 0.0 0.0 0.0
0 0.395508 0.558787 0.009766 0.016089 0.3927 0.5565 1.0 0.396842 0.55524 1.0 0.39502 0.558809 1.0 0.394439 0.561538 1.0 0.398084 0.561538 1.0
0 0.404785 0.595916 0.006836 0.016089 0.0 0.0 0.0 0.0 0.0 0.0 0.0 0.0 0.0 0.0 0.0 0.0 0.0 0.0 0.0
0 0.441895 0.64604 0.008789 0.022277 0.0 0.0 0.0 0.0 0.0 0.0 0.0 0.0 0.0 0.0 0.0 0.0 0.0 0.0 0.0
0 0.418945 0.657178 0.009766 0.017327 0.0 0.0 0.0 0.0 0.0 0.0 0.0 0.0 0.0 0.0 0.0 0.0 0.0 0.0 0.0
0 0.504883 0.665223 0.009766 0.018564 0.0 0.0 0.0 0.0 0.0 0.0 0.0 0.0 0.0 0.0 0.0 0.0 0.0 0.0 0.0
0 0.341309 0.667079 0.012695 0.022277 0.337154 0.663328 1.0 0.342804 0.663476 1.0 0.339391 0.667803 1.0 0.337271 0.672725 1.0 0.341509 0.673472 1.0
0 0.324707 0.663985 0.010742 0.018564 0.0 0.0 0.0 0.0 0.0 0.0 0.0 0.0 0.0 0.0 0.0 0.0 0.0 0.0 0.0
0 0.326172 0.594678 0.009766 0.016089 0.324938 0.590291 1.0 0.328997 0.589976 1.0 0.327589 0.593755 1.0 0.325684 0.596066 1.0 0.328831 0.59596 1.0
0 0.351562 0.608292 0.007812 0.013614 0.0 0.0 0.0 0.0 0.0 0.0 0.0 0.0 0.0 0.0 0.0 0.0 0.0 0.0 0.0
0 0.374023 0.711634 0.009766 0.019802 0.0 0.0 0.0 0.0 0.0 0.0 0.0 0.0 0.0 0.0 0.0 0.0 0.0 0.0 0.0
0 0.189941 0.652228 0.010742 0.019802 0.186646 0.647703 1.0 0.191859 0.647448 1.0 0.189554 0.652786 1.0 0.187748 0.656853 1.0 0.191559 0.656344 1.0
0 0.144531 0.630569 0.009766 0.018564 0.0 0.0 0.0 0.0 0.0 0.0 0.0 0.0 0.0 0.0 0.0 0.0 0.0 0.0 0.0
0 0.257324 0.662129 0.010742 0.014851 0.256836 0.658676 1.0 0.260563 0.656891 1.0 0.261889 0.660355 1.0 0.2599 0.66466 1.0 0.26222 0.663505 1.0
0 0.273926 0.625 0.006836 0.014851 0.0 0.0 0.0 0.0 0.0 0.0 0.0 0.0 0.0 0.0 0.0 0.0 0.0 0.0 0.0
0 0.25293 0.62995 0.007812 0.014851 0.0 0.0 0.0 0.0 0.0 0.0 0.0 0.0 0.0 0.0 0.0 0.0 0.0 0.0 0.0
0 0.166504 0.67203 0.008789 0.014851 0.0 0.0 0.0 0.0 0.0 0.0 0.0 0.0 0.0 0.0 0.0 0.0 0.0 0.0 0.0
0 0.291992 0.601485 0.007812 0.017327 0.0 0.0 0.0 0.0 0.0 0.0 0.0 0.0 0.0 0.0 0.0 0.0 0.0 0.0 0.0
0 0.097168 0.667698 0.012695 0.023515 0.095284 0.665908 1.0 0.101641 0.66546 1.0 0.098816 0.669488 1.0 0.096344 0.67277 1.0 0.100464 0.67277 1.0
0 0.034668 0.673267 0.010742 0.017327 0.033661 0.670908 1.0 0.038696 0.670676 1.0 0.036407 0.674505 1.0 0.034668 0.678566 1.0 0.038514 0.678334 1.0
0 0.041504 0.587252 0.008789 0.016089 0.0 0.0 0.0 0.0 0.0 0.0 0.0 0.0 0.0 0.0 0.0 0.0 0.0 0.0 0.0
0 0.02832 0.600866 0.007812 0.016089 0.030068 0.597949 1.0 0.032223 0.598894 1.0 0.032968 0.602988 1.0 0.028909 0.604458 1.0 0.030979 0.605613 1.0
0 0.044922 0.561262 0.009766 0.016089 0.0 0.0 0.0 0.0 0.0 0.0 0.0 0.0 0.0 0.0 0.0 0.0 0.0 0.0 0.0
0 0.114746 0.577351 0.012695 0.018564 0.11234 0.575064 1.0 0.117152 0.574175 1.0 0.114746 0.577605 1.0 0.113644 0.581926 1.0 0.116852 0.581672 1.0
0 0.186035 0.579208 0.012695 0.022277 0.185207 0.575903 1.0 0.190534 0.575473 1.0 0.188268 0.578777 1.0 0.185547 0.5828 1.0 0.190874 0.58323 1.0
0 0.194336 0.516089 0.011719 0.017327 0.19162 0.513266 1.0 0.196105 0.513266 1.0 0.194 0.516051 1.0 0.192353 0.519531 1.0 0.195557 0.519416 1.0
0 0.253418 0.501238 0.010742 0.017327 0.0 0.0 0.0 0.0 0.0 0.0 0.0 0.0 0.0 0.0 0.0 0.0 0.0 0.0 0.0
0 0.279785 0.538985 0.008789 0.016089 0.0 0.0 0.0 0.0 0.0 0.0 0.0 0.0 0.0 0.0 0.0 0.0 0.0 0.0 0.0
0 0.182129 0.530941 0.010742 0.017327 0.181205 0.527051 1.0 0.185041 0.527161 1.0 0.183036 0.530918 1.0 0.181466 0.53346 1.0 0.184779 0.53346 1.0
0 0.166504 0.553218 0.008789 0.014851 0.0 0.0 0.0 0.0 0.0 0.0 0.0 0.0 0.0 0.0 0.0 0.0 0.0 0.0 0.0
0 0.088867 0.584158 0.009766 0.017327 0.0 0.0 0.0 0.0 0.0 0.0 0.0 0.0 0.0 0.0 0.0 0.0 0.0 0.0 0.0
0 0.053223 0.530941 0.008789 0.014851 0.0 0.0 0.0 0.0 0.0 0.0 0.0 0.0 0.0 0.0 0.0 0.0 0.0 0.0 0.0
0 0.099121 0.511757 0.006836 0.013614 0.096156 0.505729 1.0 0.100826 0.505448 1.0 0.099121 0.508078 1.0 0.097194 0.51052 1.0 0.100899 0.510426 1.0
0 0.067383 0.498762 0.007812 0.012376 0.0 0.0 0.0 0.0 0.0 0.0 0.0 0.0 0.0 0.0 0.0 0.0 0.0 0.0 0.0
0 0.072266 0.54146 0.009766 0.013614 0.0 0.0 0.0 0.0 0.0 0.0 0.0 0.0 0.0 0.0 0.0 0.0 0.0 0.0 0.0
0 0.016113 0.572401 0.020508 0.02599 0.0 0.0 0.0 0.0 0.0 0.0 0.0 0.0 0.0 0.0 0.0 0.0 0.0 0.0 0.0
0 0.106445 0.619431 0.007812 0.018564 0.0 0.0 0.0 0.0 0.0 0.0 0.0 0.0 0.0 0.0 0.0 0.0 0.0 0.0 0.0
0 0.059082 0.680693 0.008789 0.012376 0.0 0.0 0.0 0.0 0.0 0.0 0.0 0.0 0.0 0.0 0.0 0.0 0.0 0.0 0.0
0 0.12793 0.41646 0.007812 0.013614 0.0 0.0 0.0 0.0 0.0 0.0 0.0 0.0 0.0 0.0 0.0 0.0 0.0 0.0 0.0
0 0.11377 0.468441 0.008789 0.016089 0.0 0.0 0.0 0.0 0.0 0.0 0.0 0.0 0.0 0.0 0.0 0.0 0.0 0.0 0.0
0 0.126953 0.461634 0.007812 0.014851 0.0 0.0 0.0 0.0 0.0 0.0 0.0 0.0 0.0 0.0 0.0 0.0 0.0 0.0 0.0
0 0.133301 0.45854 0.006836 0.011139 0.0 0.0 0.0 0.0 0.0 0.0 0.0 0.0 0.0 0.0 0.0 0.0 0.0 0.0 0.0
0 0.146973 0.454208 0.006836 0.012376 0.0 0.0 0.0 0.0 0.0 0.0 0.0 0.0 0.0 0.0 0.0 0.0 0.0 0.0 0.0
0 0.159668 0.424505 0.006836 0.009901 0.0 0.0 0.0 0.0 0.0 0.0 0.0 0.0 0.0 0.0 0.0 0.0 0.0 0.0 0.0
0 0.212891 0.512995 0.007812 0.013614 0.0 0.0 0.0 0.0 0.0 0.0 0.0 0.0 0.0 0.0 0.0 0.0 0.0 0.0 0.0
0 0.181641 0.386139 0.007812 0.012376 0.0 0.0 0.0 0.0 0.0 0.0 0.0 0.0 0.0 0.0 0.0 0.0 0.0 0.0 0.0
0 0.186035 0.369431 0.006836 0.011139 0.0 0.0 0.0 0.0 0.0 0.0 0.0 0.0 0.0 0.0 0.0 0.0 0.0 0.0 0.0
0 0.197266 0.368193 0.005859 0.011139 0.0 0.0 0.0 0.0 0.0 0.0 0.0 0.0 0.0 0.0 0.0 0.0 0.0 0.0 0.0
0 0.250977 0.380569 0.007812 0.013614 0.0 0.0 0.0 0.0 0.0 0.0 0.0 0.0 0.0 0.0 0.0 0.0 0.0 0.0 0.0
0 0.215332 0.368193 0.004883 0.008663 0.0 0.0 0.0 0.0 0.0 0.0 0.0 0.0 0.0 0.0 0.0 0.0 0.0 0.0 0.0
0 0.27832 0.413366 0.007812 0.012376 0.0 0.0 0.0 0.0 0.0 0.0 0.0 0.0 0.0 0.0 0.0 0.0 0.0 0.0 0.0
0 0.351562 0.42698 0.007812 0.012376 0.0 0.0 0.0 0.0 0.0 0.0 0.0 0.0 0.0 0.0 0.0 0.0 0.0 0.0 0.0
0 0.400391 0.420792 0.007812 0.012376 0.0 0.0 0.0 0.0 0.0 0.0 0.0 0.0 0.0 0.0 0.0 0.0 0.0 0.0 0.0
0 0.379883 0.491955 0.007812 0.013614 0.0 0.0 0.0 0.0 0.0 0.0 0.0 0.0 0.0 0.0 0.0 0.0 0.0 0.0 0.0
0 0.398926 0.480198 0.006836 0.012376 0.0 0.0 0.0 0.0 0.0 0.0 0.0 0.0 0.0 0.0 0.0 0.0 0.0 0.0 0.0
0 0.277344 0.392327 0.005859 0.009901 0.0 0.0 0.0 0.0 0.0 0.0 0.0 0.0 0.0 0.0 0.0 0.0 0.0 0.0 0.0
0 0.416504 0.39047 0.006836 0.011139 0.0 0.0 0.0 0.0 0.0 0.0 0.0 0.0 0.0 0.0 0.0 0.0 0.0 0.0 0.0
0 0.379395 0.431312 0.006836 0.011139 0.0 0.0 0.0 0.0 0.0 0.0 0.0 0.0 0.0 0.0 0.0 0.0 0.0 0.0 0.0
0 0.314453 0.476485 0.005859 0.012376 0.0 0.0 0.0 0.0 0.0 0.0 0.0 0.0 0.0 0.0 0.0 0.0 0.0 0.0 0.0
0 0.249023 0.454208 0.005859 0.012376 0.0 0.0 0.0 0.0 0.0 0.0 0.0 0.0 0.0 0.0 0.0 0.0 0.0 0.0 0.0
0 0.339844 0.380569 0.005859 0.011139 0.0 0.0 0.0 0.0 0.0 0.0 0.0 0.0 0.0 0.0 0.0 0.0 0.0 0.0 0.0
0 0.521484 0.511757 0.009766 0.016089 0.519505 0.50905 1.0 0.524227 0.50884 1.0 0.52199 0.51178 1.0 0.520499 0.514509 1.0 0.522901 0.514403 1.0
0 0.439941 0.492574 0.008789 0.014851 0.0 0.0 0.0 0.0 0.0 0.0 0.0 0.0 0.0 0.0 0.0 0.0 0.0 0.0 0.0
0 0.662598 0.511139 0.008789 0.014851 0.662009 0.508 1.0 0.666979 0.508421 1.0 0.663831 0.512199 1.0 0.662175 0.514089 1.0 0.665074 0.514719 1.0
0 0.626953 0.516708 0.007812 0.016089 0.0 0.0 0.0 0.0 0.0 0.0 0.0 0.0 0.0 0.0 0.0 0.0 0.0 0.0 0.0
0 0.533691 0.514851 0.008789 0.014851 0.0 0.0 0.0 0.0 0.0 0.0 0.0 0.0 0.0 0.0 0.0 0.0 0.0 0.0 0.0
0 0.661133 0.57302 0.007812 0.017327 0.0 0.0 0.0 0.0 0.0 0.0 0.0 0.0 0.0 0.0 0.0 0.0 0.0 0.0 0.0
0 0.862305 0.586634 0.009766 0.017327 0.0 0.0 0.0 0.0 0.0 0.0 0.0 0.0 0.0 0.0 0.0 0.0 0.0 0.0 0.0
0 0.8125 0.585396 0.009766 0.019802 0.809906 0.581981 1.0 0.815421 0.582744 1.0 0.811812 0.586557 1.0 0.810909 0.589479 1.0 0.814719 0.590114 1.0
0 0.772461 0.555074 0.007812 0.016089 0.0 0.0 0.0 0.0 0.0 0.0 0.0 0.0 0.0 0.0 0.0 0.0 0.0 0.0 0.0
0 0.800293 0.53651 0.008789 0.018564 0.0 0.0 0.0 0.0 0.0 0.0 0.0 0.0 0.0 0.0 0.0 0.0 0.0 0.0 0.0
0 0.833496 0.516708 0.008789 0.013614 0.0 0.0 0.0 0.0 0.0 0.0 0.0 0.0 0.0 0.0 0.0 0.0 0.0 0.0 0.0
0 0.862793 0.540223 0.008789 0.013614 0.860771 0.538366 1.0 0.865723 0.538101 1.0 0.863421 0.541283 1.0 0.862025 0.545969 1.0 0.865723 0.54588 1.0
0 0.862793 0.556312 0.008789 0.016089 0.0 0.0 0.0 0.0 0.0 0.0 0.0 0.0 0.0 0.0 0.0 0.0 0.0 0.0 0.0
0 0.762207 0.62995 0.006836 0.012376 0.0 0.0 0.0 0.0 0.0 0.0 0.0 0.0 0.0 0.0 0.0 0.0 0.0 0.0 0.0
0 0.743164 0.518564 0.007812 0.012376 0.0 0.0 0.0 0.0 0.0 0.0 0.0 0.0 0.0 0.0 0.0 0.0 0.0 0.0 0.0
0 0.829102 0.507426 0.009766 0.017327 0.0 0.0 0.0 0.0 0.0 0.0 0.0 0.0 0.0 0.0 0.0 0.0 0.0 0.0 0.0
0 0.884766 0.517327 0.005859 0.012376 0.0 0.0 0.0 0.0 0.0 0.0 0.0 0.0 0.0 0.0 0.0 0.0 0.0 0.0 0.0
0 0.964844 0.584777 0.009766 0.016089 0.0 0.0 0.0 0.0 0.0 0.0 0.0 0.0 0.0 0.0 0.0 0.0 0.0 0.0 0.0
0 0.949219 0.581064 0.007812 0.018564 0.0 0.0 0.0 0.0 0.0 0.0 0.0 0.0 0.0 0.0 0.0 0.0 0.0 0.0 0.0
0 0.881836 0.702351 0.007812 0.016089 0.0 0.0 0.0 0.0 0.0 0.0 0.0 0.0 0.0 0.0 0.0 0.0 0.0 0.0 0.0
0 0.942383 0.691213 0.007812 0.016089 0.0 0.0 0.0 0.0 0.0 0.0 0.0 0.0 0.0 0.0 0.0 0.0 0.0 0.0 0.0
0 0.760742 0.478342 0.007812 0.013614 0.0 0.0 0.0 0.0 0.0 0.0 0.0 0.0 0.0 0.0 0.0 0.0 0.0 0.0 0.0
0 0.755859 0.462871 0.007812 0.014851 0.754761 0.462075 1.0 0.758527 0.461876 1.0 0.757193 0.465358 1.0 0.755624 0.46854 1.0 0.758763 0.468342 1.0
0 0.659668 0.469059 0.008789 0.014851 0.0 0.0 0.0 0.0 0.0 0.0 0.0 0.0 0.0 0.0 0.0 0.0 0.0 0.0 0.0
0 0.667969 0.441832 0.009766 0.014851 0.665754 0.441334 1.0 0.670227 0.441434 1.0 0.667951 0.444715 1.0 0.666146 0.447302 1.0 0.669756 0.447302 1.0
0 0.710938 0.44802 0.005859 0.009901 0.0 0.0 0.0 0.0 0.0 0.0 0.0 0.0 0.0 0.0 0.0 0.0 0.0 0.0 0.0
0 0.726562 0.459777 0.005859 0.011139 0.0 0.0 0.0 0.0 0.0 0.0 0.0 0.0 0.0 0.0 0.0 0.0 0.0 0.0 0.0
0 0.737305 0.454827 0.007812 0.011139 0.0 0.0 0.0 0.0 0.0 0.0 0.0 0.0 0.0 0.0 0.0 0.0 0.0 0.0 0.0
0 0.808594 0.457302 0.007812 0.011139 0.0 0.0 0.0 0.0 0.0 0.0 0.0 0.0 0.0 0.0 0.0 0.0 0.0 0.0 0.0
0 0.785156 0.415842 0.007812 0.012376 0.0 0.0 0.0 0.0 0.0 0.0 0.0 0.0 0.0 0.0 0.0 0.0 0.0 0.0 0.0
0 0.840332 0.428837 0.008789 0.016089 0.838933 0.42655 1.0 0.842494 0.426444 1.0 0.840755 0.428543 1.0 0.839596 0.430749 1.0 0.842577 0.431063 1.0
0 0.879883 0.449257 0.009766 0.014851 0.0 0.0 0.0 0.0 0.0 0.0 0.0 0.0 0.0 0.0 0.0 0.0 0.0 0.0 0.0
0 0.887695 0.427599 0.007812 0.013614 0.0 0.0 0.0 0.0 0.0 0.0 0.0 0.0 0.0 0.0 0.0 0.0 0.0 0.0 0.0
0 0.757324 0.372525 0.006836 0.009901 0.0 0.0 0.0 0.0 0.0 0.0 0.0 0.0 0.0 0.0 0.0 0.0 0.0 0.0 0.0
0 0.67041 0.410891 0.006836 0.012376 0.0 0.0 0.0 0.0 0.0 0.0 0.0 0.0 0.0 0.0 0.0 0.0 0.0 0.0 0.0
0 0.798828 0.366955 0.005859 0.011139 0.0 0.0 0.0 0.0 0.0 0.0 0.0 0.0 0.0 0.0 0.0 0.0 0.0 0.0 0.0
0 0.736816 0.335396 0.006836 0.009901 0.0 0.0 0.0 0.0 0.0 0.0 0.0 0.0 0.0 0.0 0.0 0.0 0.0 0.0 0.0
0 0.582031 0.417698 0.007812 0.011139 0.581359 0.416074 1.0 0.58313 0.416074 1.0 0.582215 0.417853 1.0 0.581359 0.419554 1.0 0.582824 0.419478 1.0
0 0.502441 0.440594 0.008789 0.012376 0.0 0.0 0.0 0.0 0.0 0.0 0.0 0.0 0.0 0.0 0.0 0.0 0.0 0.0 0.0
0 0.501465 0.41646 0.004883 0.011139 0.0 0.0 0.0 0.0 0.0 0.0 0.0 0.0 0.0 0.0 0.0 0.0 0.0 0.0 0.0
0 0.456055 0.228342 0.003906 0.006188 0.0 0.0 0.0 0.0 0.0 0.0 0.0 0.0 0.0 0.0 0.0 0.0 0.0 0.0 0.0
0 0.429688 0.238861 0.003906 0.007426 0.0 0.0 0.0 0.0 0.0 0.0 0.0 0.0 0.0 0.0 0.0 0.0 0.0 0.0 0.0
0 0.409668 0.259901 0.004883 0.007426 0.0 0.0 0.0 0.0 0.0 0.0 0.0 0.0 0.0 0.0 0.0 0.0 0.0 0.0 0.0
0 0.424316 0.252475 0.004883 0.007426 0.0 0.0 0.0 0.0 0.0 0.0 0.0 0.0 0.0 0.0 0.0 0.0 0.0 0.0 0.0
0 0.43457 0.258663 0.003906 0.007426 0.0 0.0 0.0 0.0 0.0 0.0 0.0 0.0 0.0 0.0 0.0 0.0 0.0 0.0 0.0
0 0.39502 0.246287 0.004883 0.007426 0.0 0.0 0.0 0.0 0.0 0.0 0.0 0.0 0.0 0.0 0.0 0.0 0.0 0.0 0.0
0 0.395996 0.274752 0.004883 0.007426 0.0 0.0 0.0 0.0 0.0 0.0 0.0 0.0 0.0 0.0 0.0 0.0 0.0 0.0 0.0
0 0.258301 0.3125 0.006836 0.011139 0.0 0.0 0.0 0.0 0.0 0.0 0.0 0.0 0.0 0.0 0.0 0.0 0.0 0.0 0.0
0 0.830566 0.548886 0.006836 0.013614 0.0 0.0 0.0 0.0 0.0 0.0 0.0 0.0 0.0 0.0 0.0 0.0 0.0 0.0 0.0
0 0.992676 0.57797 0.010742 0.019802 0.988979 0.575191 1.0 0.994193 0.574047 1.0 0.991987 0.579512 1.0 0.991485 0.583324 1.0 0.994995 0.582688 1.0
0 0.907227 0.880569 0.013672 0.023515 0.903561 0.878033 1.0 0.908857 0.877735 1.0 0.90509 0.883105 1.0 0.906268 0.88758 1.0 0.909445 0.886834 1.0
0 0.779297 0.839109 0.009766 0.019802 0.0 0.0 0.0 0.0 0.0 0.0 0.0 0.0 0.0 0.0 0.0 0.0 0.0 0.0 0.0
0 0.653809 0.828589 0.012695 0.02104 0.0 0.0 0.0 0.0 0.0 0.0 0.0 0.0 0.0 0.0 0.0 0.0 0.0 0.0 0.0
0 0.575195 0.268564 0.003906 0.007426 0.0 0.0 0.0 0.0 0.0 0.0 0.0 0.0 0.0 0.0 0.0 0.0 0.0 0.0 0.0
0 0.637695 0.297649 0.003906 0.008663 0.0 0.0 0.0 0.0 0.0 0.0 0.0 0.0 0.0 0.0 0.0 0.0 0.0 0.0 0.0
0 0.629395 0.30198 0.004883 0.007426 0.0 0.0 0.0 0.0 0.0 0.0 0.0 0.0 0.0 0.0 0.0 0.0 0.0 0.0 0.0
0 0.26123 0.186262 0.010742 0.013614 0.0 0.0 0.0 0.0 0.0 0.0 0.0 0.0 0.0 0.0 0.0 0.0 0.0 0.0 0.0
0 0.116211 0.645421 0.013672 0.018564 0.0 0.0 0.0 0.0 0.0 0.0 0.0 0.0 0.0 0.0 0.0 0.0 0.0 0.0 0.0
0 0.813477 0.477104 0.009766 0.018564 0.813503 0.477485 1.0 0.818717 0.477358 1.0 0.816511 0.482314 1.0 0.814906 0.484601 1.0 0.818817 0.484474 1.0
0 0.760742 0.393564 0.007812 0.019802 0.0 0.0 0.0 0.0 0.0 0.0 0.0 0.0 0.0 0.0 0.0 0.0 0.0 0.0 0.0
0 0.952148 0.766089 0.013672 0.022277 0.0 0.0 0.0 0.0 0.0 0.0 0.0 0.0 0.0 0.0 0.0 0.0 0.0 0.0 0.0
0 0.88623 0.595297 0.012695 0.022277 0.0 0.0 0.0 0.0 0.0 0.0 0.0 0.0 0.0 0.0 0.0 0.0 0.0 0.0 0.0
0 0.023438 0.473391 0.009766 0.013614 0.0 0.0 0.0 0.0 0.0 0.0 0.0 0.0 0.0 0.0 0.0 0.0 0.0 0.0 0.0
0 0.335449 0.564356 0.010742 0.019802 0.0 0.0 0.0 0.0 0.0 0.0 0.0 0.0 0.0 0.0 0.0 0.0 0.0 0.0 0.0
0 0.350586 0.534035 0.011719 0.016089 0.0 0.0 0.0 0.0 0.0 0.0 0.0 0.0 0.0 0.0 0.0 0.0 0.0 0.0 0.0
0 0.371094 0.524134 0.009766 0.016089 0.0 0.0 0.0 0.0 0.0 0.0 0.0 0.0 0.0 0.0 0.0 0.0 0.0 0.0 0.0
0 0.356934 0.575495 0.010742 0.017327 0.0 0.0 0.0 0.0 0.0 0.0 0.0 0.0 0.0 0.0 0.0 0.0 0.0 0.0 0.0
0 0.15332 0.449257 0.009766 0.017327 0.0 0.0 0.0 0.0 0.0 0.0 0.0 0.0 0.0 0.0 0.0 0.0 0.0 0.0 0.0
0 0.357422 0.625 0.013672 0.019802 0.0 0.0 0.0 0.0 0.0 0.0 0.0 0.0 0.0 0.0 0.0 0.0 0.0 0.0 0.0
0 0.430176 0.667698 0.010742 0.02104 0.0 0.0 0.0 0.0 0.0 0.0 0.0 0.0 0.0 0.0 0.0 0.0 0.0 0.0 0.0
0 0.556152 0.698639 0.010742 0.02104 0.0 0.0 0.0 0.0 0.0 0.0 0.0 0.0 0.0 0.0 0.0 0.0 0.0 0.0 0.0
0 0.083496 0.70854 0.010742 0.018564 0.0 0.0 0.0 0.0 0.0 0.0 0.0 0.0 0.0 0.0 0.0 0.0 0.0 0.0 0.0
0 0.262207 0.675124 0.008789 0.016089 0.0 0.0 0.0 0.0 0.0 0.0 0.0 0.0 0.0 0.0 0.0 0.0 0.0 0.0 0.0
0 0.021484 0.336634 0.007812 0.012376 0.0 0.0 0.0 0.0 0.0 0.0 0.0 0.0 0.0 0.0 0.0 0.0 0.0 0.0 0.0
0 0.078613 0.387376 0.010742 0.014851 0.0 0.0 0.0 0.0 0.0 0.0 0.0 0.0 0.0 0.0 0.0 0.0 0.0 0.0 0.0