0 0.938477 0.391276 0.044922 0.066406 0.926061 0.38351 1.0 0.946777 0.379743 1.0 0.935791 0.396902 1.0 0.929513 0.409458 1.0 0.946777 0.408203 1.0
0 0.892578 0.409505 0.011719 0.019531 0.889213 0.40668 1.0 0.891227 0.406552 1.0 0.88787 0.410772 1.0 0.8895 0.415632 1.0 0.890459 0.415632 1.0
0 0.874023 0.430339 0.019531 0.027344 0.866996 0.424456 1.0 0.875759 0.424805 1.0 0.870004 0.432129 1.0 0.867127 0.437012 1.0 0.874451 0.436663 1.0
0 0.862305 0.395182 0.013672 0.027344 0.0 0.0 0.0 0.0 0.0 0.0 0.0 0.0 0.0 0.0 0.0 0.0 0.0 0.0 0.0
0 0.797363 0.438151 0.016602 0.027344 0.791656 0.432745 1.0 0.795711 0.434186 1.0 0.790711 0.439232 1.0 0.790711 0.444098 1.0 0.793819 0.444638 1.0
0 0.82666 0.416016 0.010742 0.016927 0.0 0.0 0.0 0.0 0.0 0.0 0.0 0.0 0.0 0.0 0.0 0.0 0.0 0.0 0.0
0 0.817383 0.428385 0.007812 0.013021 0.0 0.0 0.0 0.0 0.0 0.0 0.0 0.0 0.0 0.0 0.0 0.0 0.0 0.0 0.0
0 0.839844 0.36263 0.009766 0.014323 0.0 0.0 0.0 0.0 0.0 0.0 0.0 0.0 0.0 0.0 0.0 0.0 0.0 0.0 0.0
0 0.890625 0.372396 0.005859 0.010417 0.0 0.0 0.0 0.0 0.0 0.0 0.0 0.0 0.0 0.0 0.0 0.0 0.0 0.0 0.0
0 0.813477 0.413411 0.009766 0.016927 0.0 0.0 0.0 0.0 0.0 0.0 0.0 0.0 0.0 0.0 0.0 0.0 0.0 0.0 0.0
0 0.800293 0.401693 0.008789 0.014323 0.797254 0.400605 1.0 0.801404 0.40031 1.0 0.798662 0.403966 1.0 0.797995 0.406535 1.0 0.800516 0.406337 1.0
0 0.800293 0.382161 0.006836 0.011719 0.0 0.0 0.0 0.0 0.0 0.0 0.0 0.0 0.0 0.0 0.0 0.0 0.0 0.0 0.0
0 0.777344 0.399089 0.007812 0.014323 0.0 0.0 0.0 0.0 0.0 0.0 0.0 0.0 0.0 0.0 0.0 0.0 0.0 0.0 0.0
0 0.760254 0.432943 0.016602 0.02474 0.755311 0.426147 1.0 0.763196 0.425677 1.0 0.758253 0.430385 1.0 0.755663 0.43525 1.0 0.762255 0.435564 1.0
0 0.729492 0.408203 0.017578 0.022135 0.733573 0.403727 1.0 0.736293 0.403424 1.0 0.73686 0.40947 1.0 0.732779 0.412947 1.0 0.734253 0.412796 1.0
0 0.658203 0.41276 0.017578 0.026042 0.656434 0.408401 1.0 0.663134 0.407895 1.0 0.660479 0.416155 1.0 0.657444 0.421212 1.0 0.661743 0.421044 1.0
0 0.681641 0.391276 0.009766 0.014323 0.0 0.0 0.0 0.0 0.0 0.0 0.0 0.0 0.0 0.0 0.0 0.0 0.0 0.0 0.0
0 0.747559 0.424479 0.008789 0.015625 0.0 0.0 0.0 0.0 0.0 0.0 0.0 0.0 0.0 0.0 0.0 0.0 0.0 0.0 0.0
0 0.753906 0.414062 0.007812 0.013021 0.752468 0.41219 1.0 0.755214 0.41219 1.0 0.753775 0.414371 1.0 0.751944 0.416115 1.0 0.753383 0.416289 1.0
0 0.700195 0.416667 0.007812 0.013021 0.699279 0.414794 1.0 0.70255 0.414882 1.0 0.701046 0.41741 1.0 0.699345 0.418893 1.0 0.701765 0.419242 1.0
0 0.685059 0.434245 0.012695 0.019531 0.0 0.0 0.0 0.0 0.0 0.0 0.0 0.0 0.0 0.0 0.0 0.0 0.0 0.0 0.0
0 0.678711 0.426432 0.011719 0.019531 0.0 0.0 0.0 0.0 0.0 0.0 0.0 0.0 0.0 0.0 0.0 0.0 0.0 0.0 0.0
0 0.666992 0.402344 0.005859 0.010417 0.0 0.0 0.0 0.0 0.0 0.0 0.0 0.0 0.0 0.0 0.0 0.0 0.0 0.0 0.0
0 0.592773 0.431641 0.015625 0.019531 0.588375 0.428966 1.0 0.589478 0.4291 1.0 0.585868 0.433111 1.0 0.589177 0.437924 1.0 0.589979 0.437924 1.0
0 0.64502 0.419271 0.008789 0.015625 0.641964 0.416521 1.0 0.646271 0.416411 1.0 0.643537 0.419835 1.0 0.642709 0.423701 1.0 0.645525 0.423368 1.0
0 0.634277 0.430339 0.010742 0.016927 0.0 0.0 0.0 0.0 0.0 0.0 0.0 0.0 0.0 0.0 0.0 0.0 0.0 0.0 0.0
0 0.625488 0.420573 0.010742 0.015625 0.622393 0.417283 1.0 0.627102 0.417283 1.0 0.623727 0.420318 1.0 0.622863 0.422618 1.0 0.62561 0.422828 1.0
0 0.625977 0.410156 0.009766 0.015625 0.0 0.0 0.0 0.0 0.0 0.0 0.0 0.0 0.0 0.0 0.0 0.0 0.0 0.0 0.0
0 0.593262 0.410807 0.012695 0.016927 0.589203 0.408267 1.0 0.592931 0.408046 1.0 0.590445 0.411691 1.0 0.589037 0.415999 1.0 0.592351 0.415999 1.0
0 0.583496 0.41276 0.010742 0.018229 0.0 0.0 0.0 0.0 0.0 0.0 0.0 0.0 0.0 0.0 0.0 0.0 0.0 0.0 0.0
0 0.562012 0.436198 0.016602 0.023438 0.0 0.0 0.0 0.0 0.0 0.0 0.0 0.0 0.0 0.0 0.0 0.0 0.0 0.0 0.0
0 0.568848 0.41862 0.012695 0.019531 0.0 0.0 0.0 0.0 0.0 0.0 0.0 0.0 0.0 0.0 0.0 0.0 0.0 0.0 0.0
0 0.54541 0.420573 0.010742 0.015625 0.0 0.0 0.0 0.0 0.0 0.0 0.0 0.0 0.0 0.0 0.0 0.0 0.0 0.0 0.0
0 0.51123 0.41862 0.014648 0.016927 0.506408 0.414754 1.0 0.50705 0.414754 1.0 0.504303 0.419637 1.0 0.506226 0.423177 1.0 0.506684 0.423299 1.0
0 0.498047 0.427734 0.009766 0.014323 0.0 0.0 0.0 0.0 0.0 0.0 0.0 0.0 0.0 0.0 0.0 0.0 0.0 0.0 0.0
0 0.48877 0.433594 0.014648 0.023438 0.0 0.0 0.0 0.0 0.0 0.0 0.0 0.0 0.0 0.0 0.0 0.0 0.0 0.0 0.0
0 0.441406 0.433594 0.017578 0.026042 0.0 0.0 0.0 0.0 0.0 0.0 0.0 0.0 0.0 0.0 0.0 0.0 0.0 0.0 0.0
0 0.430176 0.428385 0.010742 0.015625 0.0 0.0 0.0 0.0 0.0 0.0 0.0 0.0 0.0 0.0 0.0 0.0 0.0 0.0 0.0
0 0.420898 0.421875 0.009766 0.015625 0.0 0.0 0.0 0.0 0.0 0.0 0.0 0.0 0.0 0.0 0.0 0.0 0.0 0.0 0.0
0 0.391602 0.427083 0.009766 0.015625 0.389073 0.42463 1.0 0.393468 0.423583 1.0 0.391584 0.427874 1.0 0.389857 0.431641 1.0 0.393311 0.431117 1.0
0 0.386719 0.431641 0.009766 0.014323 0.0 0.0 0.0 0.0 0.0 0.0 0.0 0.0 0.0 0.0 0.0 0.0 0.0 0.0 0.0
0 0.370605 0.4375 0.014648 0.023438 0.365095 0.43357 1.0 0.371442 0.433268 1.0 0.367248 0.438557 1.0 0.366002 0.442638 1.0 0.370989 0.442487 1.0
0 0.342773 0.441406 0.009766 0.013021 0.0 0.0 0.0 0.0 0.0 0.0 0.0 0.0 0.0 0.0 0.0 0.0 0.0 0.0 0.0
0 0.336426 0.43099 0.010742 0.015625 0.334664 0.428688 1.0 0.338745 0.428688 1.0 0.337254 0.431931 1.0 0.335292 0.434547 1.0 0.33851 0.434547 1.0
0 0.347656 0.431641 0.005859 0.009115 0.0 0.0 0.0 0.0 0.0 0.0 0.0 0.0 0.0 0.0 0.0 0.0 0.0 0.0 0.0
0 0.276855 0.458333 0.014648 0.026042 0.271562 0.453299 1.0 0.276241 0.452288 1.0 0.269793 0.458525 1.0 0.272448 0.465099 1.0 0.276873 0.464426 1.0
0 0.263672 0.439453 0.013672 0.019531 0.262041 0.437012 1.0 0.268852 0.436628 1.0 0.266549 0.439698 1.0 0.26348 0.445197 1.0 0.267796 0.445068 1.0
0 0.275391 0.433594 0.009766 0.015625 0.273821 0.431815 1.0 0.277745 0.431711 1.0 0.275861 0.434745 1.0 0.274214 0.436837 1.0 0.27751 0.436837 1.0
0 0.213867 0.453776 0.013672 0.019531 0.215297 0.449799 1.0 0.220093 0.44737 1.0 0.219613 0.454276 1.0 0.215585 0.456706 1.0 0.219613 0.456322 1.0
0 0.249512 0.44401 0.010742 0.018229 0.0 0.0 0.0 0.0 0.0 0.0 0.0 0.0 0.0 0.0 0.0 0.0 0.0 0.0 0.0
0 0.224121 0.443359 0.012695 0.02474 0.0 0.0 0.0 0.0 0.0 0.0 0.0 0.0 0.0 0.0 0.0 0.0 0.0 0.0 0.0
0 0.135254 0.556641 0.051758 0.063802 0.119524 0.540527 1.0 0.141061 0.538319 1.0 0.128471 0.558198 1.0 0.1235 0.571893 1.0 0.144043 0.567918 1.0
0 0.181641 0.444661 0.023438 0.03776 0.172363 0.439372 1.0 0.181519 0.436443 1.0 0.174561 0.445475 1.0 0.174012 0.453288 1.0 0.183166 0.452311 1.0
0 0.144043 0.429688 0.006836 0.013021 0.0 0.0 0.0 0.0 0.0 0.0 0.0 0.0 0.0 0.0 0.0 0.0 0.0 0.0 0.0
0 0.157715 0.416016 0.006836 0.009115 0.0 0.0 0.0 0.0 0.0 0.0 0.0 0.0 0.0 0.0 0.0 0.0 0.0 0.0 0.0
0 0.154785 0.477214 0.006836 0.011719 0.0 0.0 0.0 0.0 0.0 0.0 0.0 0.0 0.0 0.0 0.0 0.0 0.0 0.0 0.0
0 0.090332 0.460938 0.010742 0.015625 0.090175 0.457437 1.0 0.094569 0.457437 1.0 0.092607 0.459845 1.0 0.090175 0.46382 1.0 0.093393 0.46403 1.0
0 0.125977 0.45638 0.009766 0.019531 0.0 0.0 0.0 0.0 0.0 0.0 0.0 0.0 0.0 0.0 0.0 0.0 0.0 0.0 0.0
0 0.108398 0.42513 0.007812 0.011719 0.0 0.0 0.0 0.0 0.0 0.0 0.0 0.0 0.0 0.0 0.0 0.0 0.0 0.0 0.0
0 0.131348 0.419922 0.008789 0.011719 0.0 0.0 0.0 0.0 0.0 0.0 0.0 0.0 0.0 0.0 0.0 0.0 0.0 0.0 0.0
0 0.154297 0.402344 0.005859 0.010417 0.0 0.0 0.0 0.0 0.0 0.0 0.0 0.0 0.0 0.0 0.0 0.0 0.0 0.0 0.0
0 0.110352 0.383464 0.005859 0.011719 0.0 0.0 0.0 0.0 0.0 0.0 0.0 0.0 0.0 0.0 0.0 0.0 0.0 0.0 0.0
0 0.091797 0.439453 0.007812 0.016927 0.091392 0.437158 1.0 0.091392 0.437158 1.0 0.088161 0.440029 1.0 0.089983 0.443121 1.0 0.089983 0.443232 1.0
0 0.074707 0.444661 0.010742 0.014323 0.0 0.0 0.0 0.0 0.0 0.0 0.0 0.0 0.0 0.0 0.0 0.0 0.0 0.0 0.0
0 0.047852 0.463542 0.015625 0.026042 0.045214 0.460025 1.0 0.052547 0.459013 1.0 0.049766 0.464745 1.0 0.047363 0.469465 1.0 0.052926 0.468285 1.0
0 0.019531 0.448568 0.009766 0.014323 0.017647 0.447173 1.0 0.022042 0.445871 1.0 0.022182 0.450613 1.0 0.019112 0.453404 1.0 0.022112 0.452846 1.0
0 0.055176 0.440104 0.008789 0.013021 0.0 0.0 0.0 0.0 0.0 0.0 0.0 0.0 0.0 0.0 0.0 0.0 0.0 0.0 0.0
0 0.022949 0.479818 0.010742 0.016927 0.022958 0.475645 1.0 0.024863 0.474539 1.0 0.027514 0.478626 1.0 0.024614 0.483044 1.0 0.025939 0.482271 1.0