0 0.978027 0.382812 0.043945 0.117188 0.0 0.0 0.0 0.0 0.0 0.0 0.0 0.0 0.0 0.0 0.0 0.0 0.0 0.0 0.0
0 0.588867 0.504557 0.050781 0.079427 0.588754 0.488409 1.0 0.609 0.493409 1.0 0.604501 0.506906 1.0 0.591753 0.521902 1.0 0.607125 0.525402 1.0
0 0.625977 0.443359 0.03125 0.050781 0.621826 0.434245 1.0 0.633789 0.43457 1.0 0.630859 0.443359 1.0 0.624756 0.453776 1.0 0.632324 0.453125 1.0
0 0.522949 0.511719 0.03418 0.054688 0.522204 0.505923 1.0 0.533264 0.504208 1.0 0.534036 0.51587 1.0 0.526834 0.527186 1.0 0.535322 0.525815 1.0
0 0.440918 0.484375 0.043945 0.072917 0.429408 0.472703 1.0 0.450762 0.470406 1.0 0.441808 0.486939 1.0 0.434574 0.50393 1.0 0.451795 0.501633 1.0
0 0.150391 0.4375 0.064453 0.109375 0.0 0.0 0.0 0.0 0.0 0.0 0.0 0.0 0.0 0.0 0.0 0.0 0.0 0.0 0.0
0 0.117188 0.453776 0.037109 0.06901 0.0 0.0 0.0 0.0 0.0 0.0 0.0 0.0 0.0 0.0 0.0 0.0 0.0 0.0 0.0
0 0.509277 0.464193 0.026367 0.045573 0.512931 0.454823 1.0 0.521432 0.451915 1.0 0.521432 0.460345 1.0 0.517509 0.470807 1.0 0.517509 0.470807 1.0
0 0.6875 0.552734 0.074219 0.113281 0.68914 0.543573 1.0 0.698713 0.542865 1.0 0.699776 0.562721 1.0 0.684353 0.578323 1.0 0.691799 0.579031 1.0
0 0.058594 0.470052 0.023438 0.052083 0.069288 0.467082 1.0 0.07053 0.467413 1.0 0.069039 0.473378 1.0 0.066803 0.483648 1.0 0.068294 0.483648 1.0
0 0.476074 0.472656 0.010742 0.018229 0.0 0.0 0.0 0.0 0.0 0.0 0.0 0.0 0.0 0.0 0.0 0.0 0.0 0.0 0.0