0 0.078125 0.915945 0.039062 0.091854 0.072732 0.914792 1.0 0.089408 0.914792 1.0 0.083195 0.930459 1.0 0.075348 0.944967 1.0 0.087772 0.944967 1.0
0 0.442383 0.956672 0.066406 0.083189 0.425402 0.960766 1.0 0.456272 0.957012 1.0 0.441472 0.99979 1.0 0.430899 1.017052 1.0 0.453735 1.017052 1.0
0 0.532715 0.930676 0.075195 0.131716 0.505859 0.930243 1.0 0.53976 0.926064 1.0 0.521868 0.942776 1.0 0.512922 0.972023 1.0 0.527047 0.971187 1.0
0 0.875977 0.810225 0.035156 0.081456 0.867894 0.799161 1.0 0.886588 0.803827 1.0 0.876364 0.817305 1.0 0.869938 0.83182 1.0 0.881622 0.837003 1.0
0 0.90625 0.914211 0.046875 0.119584 0.893371 0.901213 1.0 0.910461 0.893631 1.0 0.904053 0.916378 1.0 0.900207 0.939882 1.0 0.910889 0.932302 1.0
0 0.927734 0.944541 0.052734 0.110919 0.0 0.0 0.0 0.0 0.0 0.0 0.0 0.0 0.0 0.0 0.0 0.0 0.0 0.0 0.0
0 0.979004 0.967938 0.040039 0.064125 0.0 0.0 0.0 0.0 0.0 0.0 0.0 0.0 0.0 0.0 0.0 0.0 0.0 0.0 0.0
0 0.550293 0.979203 0.063477 0.041594 0.0 0.0 0.0 0.0 0.0 0.0 0.0 0.0 0.0 0.0 0.0 0.0 0.0 0.0 0.0
0 0.415527 0.408146 0.057617 0.126516 0.40053 0.37992 1.0 0.429548 0.378312 1.0 0.414132 0.382334 1.0 0.406425 0.426591 1.0 0.425014 0.425787 1.0
0 0.790527 0.838821 0.041992 0.10052 0.771223 0.821692 1.0 0.785165 0.821057 1.0 0.774083 0.838821 1.0 0.775513 0.852146 1.0 0.780518 0.85278 1.0
0 0.708008 0.818891 0.037109 0.088388 0.0 0.0 0.0 0.0 0.0 0.0 0.0 0.0 0.0 0.0 0.0 0.0 0.0 0.0 0.0
0 0.746094 0.870884 0.048828 0.102253 0.0 0.0 0.0 0.0 0.0 0.0 0.0 0.0 0.0 0.0 0.0 0.0 0.0 0.0 0.0
0 0.701172 0.967938 0.060547 0.064125 0.684082 0.978522 1.0 0.710554 0.978522 1.0 0.692906 1.006437 1.0 0.682931 1.028906 1.0 0.706718 1.030267 1.0
0 0.632812 0.981802 0.046875 0.036395 0.0 0.0 0.0 0.0 0.0 0.0 0.0 0.0 0.0 0.0 0.0 0.0 0.0 0.0 0.0
0 0.634766 0.92201 0.048828 0.10052 0.626543 0.916471 1.0 0.644775 0.915201 1.0 0.637626 0.923449 1.0 0.633336 0.949461 1.0 0.64692 0.945021 1.0
0 0.74707 0.965338 0.048828 0.069324 0.0 0.0 0.0 0.0 0.0 0.0 0.0 0.0 0.0 0.0 0.0 0.0 0.0 0.0 0.0
0 0.29541 0.882149 0.06543 0.142114 0.28591 0.865267 1.0 0.31549 0.860818 1.0 0.304962 0.89374 1.0 0.292428 0.923991 1.0 0.312984 0.920432 1.0
0 0.094238 0.844021 0.024414 0.065858 0.0 0.0 0.0 0.0 0.0 0.0 0.0 0.0 0.0 0.0 0.0 0.0 0.0 0.0 0.0
0 0.108887 0.837955 0.030273 0.07799 0.0 0.0 0.0 0.0 0.0 0.0 0.0 0.0 0.0 0.0 0.0 0.0 0.0 0.0 0.0
0 0.015625 0.914211 0.029297 0.074523 0.0 0.0 0.0 0.0 0.0 0.0 0.0 0.0 0.0 0.0 0.0 0.0 0.0 0.0 0.0