0 0.054688 0.465495 0.037109 0.063802 0.052551 0.457927 1.0 0.069031 0.458333 1.0 0.065063 0.47054 1.0 0.051025 0.478678 1.0 0.062622 0.479898 1.0
0 0.135742 0.442057 0.041016 0.061198 0.12207 0.432292 1.0 0.136719 0.425781 1.0 0.129883 0.438802 1.0 0.125 0.453125 1.0 0.133789 0.450521 1.0
0 0.222168 0.450521 0.041992 0.067708 0.209586 0.435454 1.0 0.229911 0.433733 1.0 0.21991 0.447068 1.0 0.21378 0.462553 1.0 0.228943 0.461263 1.0
0 0.344238 0.408854 0.036133 0.0625 0.334264 0.403599 1.0 0.352051 0.402809 1.0 0.341378 0.414667 1.0 0.335449 0.426525 1.0 0.3479 0.424549 1.0
0 0.382324 0.393229 0.041992 0.078125 0.368042 0.387858 1.0 0.386719 0.386393 1.0 0.375 0.402507 1.0 0.373535 0.41862 1.0 0.384521 0.418132 1.0
0 0.546875 0.337891 0.044922 0.082031 0.539062 0.328125 1.0 0.560547 0.328125 1.0 0.547852 0.342448 1.0 0.539062 0.356771 1.0 0.554688 0.358073 1.0
0 0.716797 0.36849 0.056641 0.080729 0.709508 0.353376 1.0 0.732143 0.350819 1.0 0.722168 0.370768 1.0 0.714111 0.383046 1.0 0.730608 0.382534 1.0
0 0.862305 0.393229 0.054688 0.085938 0.839028 0.382848 1.0 0.863761 0.379604 1.0 0.847948 0.400688 1.0 0.844299 0.416365 1.0 0.866193 0.413121 1.0
0 0.794434 0.354818 0.030273 0.053385 0.785998 0.348987 1.0 0.802202 0.345901 1.0 0.796544 0.357561 1.0 0.790885 0.366822 1.0 0.802202 0.366135 1.0
0 0.797363 0.419271 0.026367 0.059896 0.0 0.0 0.0 0.0 0.0 0.0 0.0 0.0 0.0 0.0 0.0 0.0 0.0 0.0 0.0
0 0.677246 0.377604 0.038086 0.0625 0.670741 0.374547 1.0 0.689393 0.377755 1.0 0.680969 0.388986 1.0 0.671644 0.396206 1.0 0.682474 0.400216 1.0
0 0.632324 0.311849 0.026367 0.035156 0.0 0.0 0.0 0.0 0.0 0.0 0.0 0.0 0.0 0.0 0.0 0.0 0.0 0.0 0.0
0 0.507812 0.367188 0.009766 0.015625 0.0 0.0 0.0 0.0 0.0 0.0 0.0 0.0 0.0 0.0 0.0 0.0 0.0 0.0 0.0
0 0.476074 0.354818 0.03418 0.042969 0.0 0.0 0.0 0.0 0.0 0.0 0.0 0.0 0.0 0.0 0.0 0.0 0.0 0.0 0.0
0 0.29834 0.412109 0.022461 0.03776 0.0 0.0 0.0 0.0 0.0 0.0 0.0 0.0 0.0 0.0 0.0 0.0 0.0 0.0 0.0