0 0.482422 0.512931 0.0625 0.12069 0.480896 0.493131 1.0 0.502167 0.523662 1.0 0.480896 0.532057 1.0 0.469482 0.521372 1.0 0.486084 0.54427 1.0
0 0.211426 0.280891 0.02832 0.053161 0.20595 0.274503 1.0 0.217512 0.272835 1.0 0.211617 0.284175 1.0 0.206403 0.291513 1.0 0.218872 0.290846 1.0
0 0.132324 0.283046 0.02832 0.051724 0.130022 0.274374 1.0 0.142944 0.274374 1.0 0.138863 0.287382 1.0 0.130702 0.29572 1.0 0.142718 0.29572 1.0
0 0.180664 0.306034 0.015625 0.025862 0.176758 0.304598 1.0 0.183594 0.303161 1.0 0.179688 0.308908 1.0 0.179688 0.317529 1.0 0.18457 0.317529 1.0
0 0.241699 0.285201 0.004883 0.012931 0.0 0.0 0.0 0.0 0.0 0.0 0.0 0.0 0.0 0.0 0.0 0.0 0.0 0.0 0.0
0 0.148438 0.717672 0.019531 0.033046 0.141602 0.70977 1.0 0.145508 0.711207 1.0 0.141602 0.718391 1.0 0.144531 0.725575 1.0 0.146484 0.725575 1.0
0 0.078125 0.647989 0.013672 0.022989 0.079455 0.644467 1.0 0.081561 0.643582 1.0 0.084168 0.648598 1.0 0.079655 0.655237 1.0 0.082062 0.653761 1.0
0 0.032715 0.664511 0.006836 0.010057 0.032227 0.663793 1.0 0.035156 0.663793 1.0 0.033203 0.666667 1.0 0.032227 0.668103 1.0 0.035156 0.668103 1.0
0 0.052734 0.646552 0.003906 0.008621 0.0 0.0 0.0 0.0 0.0 0.0 0.0 0.0 0.0 0.0 0.0 0.0 0.0 0.0 0.0
0 0.048828 0.640805 0.003906 0.008621 0.0 0.0 0.0 0.0 0.0 0.0 0.0 0.0 0.0 0.0 0.0 0.0 0.0 0.0 0.0
0 0.019531 0.646552 0.003906 0.005747 0.0 0.0 0.0 0.0 0.0 0.0 0.0 0.0 0.0 0.0 0.0 0.0 0.0 0.0 0.0
0 0.002441 0.668103 0.00293 0.008621 0.0 0.0 0.0 0.0 0.0 0.0 0.0 0.0 0.0 0.0 0.0 0.0 0.0 0.0 0.0
0 0.138184 0.66092 0.004883 0.008621 0.0 0.0 0.0 0.0 0.0 0.0 0.0 0.0 0.0 0.0 0.0 0.0 0.0 0.0 0.0
0 0.157227 0.64296 0.005859 0.012931 0.0 0.0 0.0 0.0 0.0 0.0 0.0 0.0 0.0 0.0 0.0 0.0 0.0 0.0 0.0
0 0.11377 0.660201 0.004883 0.010057 0.0 0.0 0.0 0.0 0.0 0.0 0.0 0.0 0.0 0.0 0.0 0.0 0.0 0.0 0.0
0 0.104492 0.634339 0.005859 0.012931 0.0 0.0 0.0 0.0 0.0 0.0 0.0 0.0 0.0 0.0 0.0 0.0 0.0 0.0 0.0
0 0.209961 0.814655 0.060547 0.112069 0.193176 0.77018 1.0 0.204686 0.773707 1.0 0.183585 0.782174 1.0 0.187901 0.827329 1.0 0.197492 0.826624 1.0
0 0.370605 0.847701 0.067383 0.137931 0.342255 0.808016 1.0 0.359911 0.808016 1.0 0.336369 0.842654 1.0 0.347552 0.868631 1.0 0.355203 0.869497 1.0
0 0.705078 0.743534 0.072266 0.133621 0.674892 0.714369 1.0 0.702877 0.71605 1.0 0.677747 0.745458 1.0 0.677177 0.767306 1.0 0.701734 0.768145 1.0
0 0.633301 0.744971 0.040039 0.087644 0.625313 0.728807 1.0 0.626063 0.728807 1.0 0.614441 0.75032 1.0 0.629438 0.758595 1.0 0.630188 0.758595 1.0
0 0.604004 0.752874 0.03418 0.071839 0.624878 0.729437 1.0 0.626099 0.729437 1.0 0.614807 0.750539 1.0 0.627625 0.760417 1.0 0.627625 0.759069 1.0
0 0.916992 0.69181 0.029297 0.056034 0.910291 0.680477 1.0 0.926444 0.683401 1.0 0.917746 0.696198 1.0 0.91054 0.702047 1.0 0.923462 0.704973 1.0
0 0.348145 0.716236 0.022461 0.038793 0.340027 0.708545 1.0 0.345808 0.703542 1.0 0.341728 0.71755 1.0 0.347508 0.724555 1.0 0.351249 0.721053 1.0
0 0.290527 0.659483 0.004883 0.008621 0.0 0.0 0.0 0.0 0.0 0.0 0.0 0.0 0.0 0.0 0.0 0.0 0.0 0.0 0.0
0 0.312012 0.643678 0.004883 0.008621 0.0 0.0 0.0 0.0 0.0 0.0 0.0 0.0 0.0 0.0 0.0 0.0 0.0 0.0 0.0
0 0.311035 0.657328 0.004883 0.007184 0.0 0.0 0.0 0.0 0.0 0.0 0.0 0.0 0.0 0.0 0.0 0.0 0.0 0.0 0.0
0 0.371582 0.639368 0.006836 0.017241 0.0 0.0 0.0 0.0 0.0 0.0 0.0 0.0 0.0 0.0 0.0 0.0 0.0 0.0 0.0
0 0.631348 0.644397 0.008789 0.015805 0.633789 0.642241 1.0 0.635742 0.642241 1.0 0.636719 0.646552 1.0 0.634766 0.647989 1.0 0.637695 0.647989 1.0
0 0.76709 0.658764 0.014648 0.021552 0.765312 0.653749 1.0 0.772431 0.653601 1.0 0.768921 0.659649 1.0 0.766815 0.664223 1.0 0.770927 0.664223 1.0
0 0.776367 0.668822 0.007812 0.018678 0.0 0.0 0.0 0.0 0.0 0.0 0.0 0.0 0.0 0.0 0.0 0.0 0.0 0.0 0.0
0 0.78125 0.648707 0.015625 0.021552 0.0 0.0 0.0 0.0 0.0 0.0 0.0 0.0 0.0 0.0 0.0 0.0 0.0 0.0 0.0
0 0.826172 0.668103 0.011719 0.017241 0.0 0.0 0.0 0.0 0.0 0.0 0.0 0.0 0.0 0.0 0.0 0.0 0.0 0.0 0.0
0 0.837891 0.672414 0.011719 0.025862 0.833858 0.667526 1.0 0.837781 0.668168 1.0 0.833313 0.673138 1.0 0.834512 0.681477 1.0 0.836365 0.681316 1.0
0 0.873047 0.655172 0.007812 0.017241 0.0 0.0 0.0 0.0 0.0 0.0 0.0 0.0 0.0 0.0 0.0 0.0 0.0 0.0 0.0
0 0.869141 0.633621 0.007812 0.014368 0.0 0.0 0.0 0.0 0.0 0.0 0.0 0.0 0.0 0.0 0.0 0.0 0.0 0.0 0.0
0 0.775879 0.633621 0.006836 0.011494 0.0 0.0 0.0 0.0 0.0 0.0 0.0 0.0 0.0 0.0 0.0 0.0 0.0 0.0 0.0
0 0.879883 0.655172 0.005859 0.014368 0.0 0.0 0.0 0.0 0.0 0.0 0.0 0.0 0.0 0.0 0.0 0.0 0.0 0.0 0.0
0 0.89209 0.633621 0.006836 0.011494 0.0 0.0 0.0 0.0 0.0 0.0 0.0 0.0 0.0 0.0 0.0 0.0 0.0 0.0 0.0
0 0.885742 0.641523 0.003906 0.010057 0.0 0.0 0.0 0.0 0.0 0.0 0.0 0.0 0.0 0.0 0.0 0.0 0.0 0.0 0.0
0 0.944824 0.648707 0.010742 0.018678 0.943359 0.647989 1.0 0.947266 0.646552 1.0 0.946289 0.650862 1.0 0.945312 0.653736 1.0 0.947266 0.653736 1.0
0 0.955078 0.637931 0.005859 0.011494 0.0 0.0 0.0 0.0 0.0 0.0 0.0 0.0 0.0 0.0 0.0 0.0 0.0 0.0 0.0
0 0.960449 0.643678 0.008789 0.020115 0.0 0.0 0.0 0.0 0.0 0.0 0.0 0.0 0.0 0.0 0.0 0.0 0.0 0.0 0.0
0 0.977539 0.619971 0.009766 0.018678 0.0 0.0 0.0 0.0 0.0 0.0 0.0 0.0 0.0 0.0 0.0 0.0 0.0 0.0 0.0
0 0.986816 0.632184 0.008789 0.017241 0.0 0.0 0.0 0.0 0.0 0.0 0.0 0.0 0.0 0.0 0.0 0.0 0.0 0.0 0.0
0 0.103027 0.658764 0.004883 0.010057 0.0 0.0 0.0 0.0 0.0 0.0 0.0 0.0 0.0 0.0 0.0 0.0 0.0 0.0 0.0
0 0.582031 0.682471 0.009766 0.017241 0.0 0.0 0.0 0.0 0.0 0.0 0.0 0.0 0.0 0.0 0.0 0.0 0.0 0.0 0.0