0 0.650879 0.094093 0.09668 0.188187 0.615845 0.03721 1.0 0.646589 0.016091 1.0 0.604405 0.098558 1.0 0.636579 0.141802 1.0 0.646589 0.13778 1.0
0 0.369141 0.671016 0.021484 0.070055 0.0 0.0 0.0 0.0 0.0 0.0 0.0 0.0 0.0 0.0 0.0 0.0 0.0 0.0 0.0
0 0.045898 0.933379 0.091797 0.133242 0.029454 0.938493 1.0 0.047974 0.896525 1.0 0.071638 0.914614 1.0 0.06495 0.96382 1.0 0.073182 0.945005 1.0
0 0.328613 0.434066 0.02832 0.046703 0.322266 0.436224 1.0 0.324986 0.434753 1.0 0.326241 0.447409 1.0 0.332101 0.449765 1.0 0.333984 0.447115 1.0
0 0.522949 0.538462 0.022461 0.024725 0.0 0.0 0.0 0.0 0.0 0.0 0.0 0.0 0.0 0.0 0.0 0.0 0.0 0.0 0.0
0 0.47998 0.483516 0.014648 0.024725 0.0 0.0 0.0 0.0 0.0 0.0 0.0 0.0 0.0 0.0 0.0 0.0 0.0 0.0 0.0
0 0.583496 0.436813 0.016602 0.03022 0.0 0.0 0.0 0.0 0.0 0.0 0.0 0.0 0.0 0.0 0.0 0.0 0.0 0.0 0.0
0 0.544434 0.246566 0.016602 0.031593 0.542162 0.247216 1.0 0.548924 0.248228 1.0 0.546766 0.257334 1.0 0.542882 0.258548 1.0 0.545902 0.259357 1.0
0 0.496582 0.225962 0.012695 0.026099 0.0 0.0 0.0 0.0 0.0 0.0 0.0 0.0 0.0 0.0 0.0 0.0 0.0 0.0 0.0
0 0.33252 0.364698 0.010742 0.026099 0.0 0.0 0.0 0.0 0.0 0.0 0.0 0.0 0.0 0.0 0.0 0.0 0.0 0.0 0.0
0 0.165039 0.388736 0.023438 0.043956 0.170493 0.387761 1.0 0.173156 0.38949 1.0 0.174386 0.39756 1.0 0.164346 0.402749 1.0 0.16701 0.405342 1.0
0 0.069336 0.208104 0.023438 0.061813 0.074776 0.200746 1.0 0.071149 0.200746 1.0 0.081752 0.216837 1.0 0.071986 0.228611 1.0 0.074219 0.228611 1.0
0 0.472656 0.233516 0.009766 0.027473 0.0 0.0 0.0 0.0 0.0 0.0 0.0 0.0 0.0 0.0 0.0 0.0 0.0 0.0 0.0
0 0.39209 0.236951 0.014648 0.028846 0.390294 0.230192 1.0 0.395395 0.231849 1.0 0.390556 0.237184 1.0 0.389771 0.240863 1.0 0.393956 0.242151 1.0
0 0.42334 0.243819 0.008789 0.020604 0.0 0.0 0.0 0.0 0.0 0.0 0.0 0.0 0.0 0.0 0.0 0.0 0.0 0.0 0.0
0 0.357422 0.248626 0.011719 0.019231 0.0 0.0 0.0 0.0 0.0 0.0 0.0 0.0 0.0 0.0 0.0 0.0 0.0 0.0 0.0
0 0.334961 0.243132 0.015625 0.027473 0.33599 0.239422 1.0 0.340921 0.2396 1.0 0.341553 0.246001 1.0 0.338645 0.250981 1.0 0.338645 0.250981 1.0
0 0.31543 0.235577 0.013672 0.020604 0.0 0.0 0.0 0.0 0.0 0.0 0.0 0.0 0.0 0.0 0.0 0.0 0.0 0.0 0.0
0 0.253418 0.238324 0.012695 0.026099 0.0 0.0 0.0 0.0 0.0 0.0 0.0 0.0 0.0 0.0 0.0 0.0 0.0 0.0 0.0
0 0.181152 0.260302 0.008789 0.01511 0.0 0.0 0.0 0.0 0.0 0.0 0.0 0.0 0.0 0.0 0.0 0.0 0.0 0.0 0.0
0 0.169922 0.230769 0.011719 0.024725 0.0 0.0 0.0 0.0 0.0 0.0 0.0 0.0 0.0 0.0 0.0 0.0 0.0 0.0 0.0
0 0.130859 0.25206 0.007812 0.01511 0.0 0.0 0.0 0.0 0.0 0.0 0.0 0.0 0.0 0.0 0.0 0.0 0.0 0.0 0.0