0 0.217773 0.416036 0.048828 0.099849 0.205933 0.378221 1.0 0.219312 0.38513 1.0 0.197418 0.393297 1.0 0.195391 0.427213 1.0 0.201878 0.424702 1.0
0 0.091797 0.461422 0.044922 0.087746 0.078309 0.43388 1.0 0.095468 0.435542 1.0 0.072588 0.444402 1.0 0.071158 0.473755 1.0 0.084028 0.473755 1.0
0 0.037598 0.350227 0.040039 0.068079 0.022064 0.33212 1.0 0.037994 0.333821 1.0 0.026459 0.34446 1.0 0.023438 0.361905 1.0 0.034424 0.363607 1.0
0 0.143066 0.403177 0.02832 0.055976 0.132899 0.392716 1.0 0.142604 0.395936 1.0 0.131514 0.402738 1.0 0.13082 0.412761 1.0 0.135441 0.414192 1.0
0 0.113281 0.391074 0.021484 0.05295 0.0 0.0 0.0 0.0 0.0 0.0 0.0 0.0 0.0 0.0 0.0 0.0 0.0 0.0 0.0
0 0.270508 0.385779 0.025391 0.060514 0.0 0.0 0.0 0.0 0.0 0.0 0.0 0.0 0.0 0.0 0.0 0.0 0.0 0.0 0.0
0 0.347168 0.424357 0.036133 0.083207 0.34702 0.398841 1.0 0.349061 0.403056 1.0 0.335118 0.416752 1.0 0.336138 0.437298 1.0 0.338179 0.439932 1.0
0 0.158691 0.471256 0.032227 0.068079 0.152648 0.455277 1.0 0.161713 0.46251 1.0 0.154297 0.469743 1.0 0.149628 0.482082 1.0 0.153748 0.485061 1.0
0 0.456055 0.483359 0.054688 0.113464 0.44635 0.458977 1.0 0.453744 0.458977 1.0 0.4311 0.477592 1.0 0.440805 0.506943 1.0 0.445426 0.507658 1.0
0 0.544922 0.555976 0.037109 0.089259 0.53166 0.543083 1.0 0.548305 0.54028 1.0 0.534192 0.552051 1.0 0.532745 0.577277 1.0 0.54541 0.58008 1.0
0 0.580078 0.481089 0.029297 0.066566 0.572174 0.465676 1.0 0.586456 0.469507 1.0 0.576568 0.470784 1.0 0.569977 0.491207 1.0 0.578217 0.492483 1.0
0 0.554199 0.502269 0.018555 0.039334 0.0 0.0 0.0 0.0 0.0 0.0 0.0 0.0 0.0 0.0 0.0 0.0 0.0 0.0 0.0
0 0.621582 0.52118 0.030273 0.059002 0.616943 0.507943 1.0 0.628418 0.511346 1.0 0.622559 0.516641 1.0 0.614502 0.530257 1.0 0.623535 0.533661 1.0
0 0.650391 0.557489 0.029297 0.071104 0.0 0.0 0.0 0.0 0.0 0.0 0.0 0.0 0.0 0.0 0.0 0.0 0.0 0.0 0.0
0 0.695801 0.451589 0.118164 0.234493 0.650644 0.387522 1.0 0.701015 0.375743 1.0 0.661098 0.403717 1.0 0.655396 0.484696 1.0 0.687709 0.481752 1.0
0 0.939453 0.578669 0.09375 0.167927 0.915859 0.540847 1.0 0.956104 0.534009 1.0 0.937627 0.546959 1.0 0.92627 0.60882 1.0 0.956885 0.603056 1.0
0 0.872559 0.512859 0.05957 0.087746 0.858947 0.496596 1.0 0.887817 0.495434 1.0 0.876194 0.505309 1.0 0.860447 0.538997 1.0 0.888567 0.53493 1.0
0 0.821777 0.48941 0.030273 0.049924 0.81727 0.481231 1.0 0.830179 0.477104 1.0 0.826285 0.485675 1.0 0.824031 0.502499 1.0 0.831612 0.500277 1.0
0 0.794922 0.515885 0.019531 0.030257 0.790021 0.509198 1.0 0.797084 0.508389 1.0 0.793553 0.514466 1.0 0.790937 0.519938 1.0 0.796431 0.519735 1.0
0 0.831543 0.559758 0.03418 0.060514 0.821372 0.553613 1.0 0.834294 0.548222 1.0 0.828827 0.556307 1.0 0.825597 0.576325 1.0 0.837772 0.570935 1.0
0 0.788574 0.571104 0.041992 0.083207 0.0 0.0 0.0 0.0 0.0 0.0 0.0 0.0 0.0 0.0 0.0 0.0 0.0 0.0 0.0