0 0.485352 0.896755 0.074219 0.129794 0.470751 0.873795 1.0 0.507809 0.875441 1.0 0.49255 0.901779 1.0 0.4762 0.928117 1.0 0.502903 0.928117 1.0
0 0.356934 0.891593 0.079102 0.187316 0.369315 0.862858 1.0 0.382185 0.850979 1.0 0.397914 0.885535 1.0 0.380755 0.936289 1.0 0.390765 0.92441 1.0
0 0.299805 0.719764 0.054688 0.112094 0.281146 0.707754 1.0 0.291408 0.712686 1.0 0.273215 0.727481 1.0 0.278347 0.750027 1.0 0.285811 0.752845 1.0
0 0.814941 0.812684 0.036133 0.070796 0.828282 0.796882 1.0 0.828282 0.796882 1.0 0.832729 0.816134 1.0 0.819685 0.828671 1.0 0.819685 0.828671 1.0
0 0.937988 0.597345 0.038086 0.070796 0.923887 0.58056 1.0 0.94084 0.585767 1.0 0.925137 0.597552 1.0 0.92292 0.610619 1.0 0.936309 0.61444 1.0
0 0.88916 0.575221 0.040039 0.073746 0.878767 0.564667 1.0 0.898268 0.562796 1.0 0.889291 0.581029 1.0 0.884647 0.596923 1.0 0.89641 0.596456 1.0
0 0.819824 0.520649 0.036133 0.067847 0.806379 0.512445 1.0 0.822531 0.506025 1.0 0.81318 0.524 1.0 0.812613 0.536841 1.0 0.822248 0.534701 1.0
0 0.868164 0.428466 0.029297 0.057522 0.860962 0.416851 1.0 0.875349 0.421559 1.0 0.864799 0.427354 1.0 0.860003 0.437494 1.0 0.869114 0.441476 1.0
0 0.966797 0.412979 0.03125 0.050147 0.962114 0.410016 1.0 0.975193 0.413637 1.0 0.968437 0.423844 1.0 0.960589 0.425819 1.0 0.970834 0.430099 1.0
0 0.897461 0.35767 0.025391 0.048673 0.891929 0.351789 1.0 0.904633 0.351171 1.0 0.898896 0.357979 1.0 0.895207 0.369429 1.0 0.902584 0.369429 1.0
0 0.817383 0.398968 0.027344 0.051622 0.820435 0.391316 1.0 0.824794 0.38967 1.0 0.831552 0.401193 1.0 0.817383 0.411069 1.0 0.819562 0.412386 1.0
0 0.82959 0.424041 0.026367 0.042773 0.820557 0.392608 1.0 0.821289 0.392608 1.0 0.830811 0.401457 1.0 0.817811 0.41556 1.0 0.818359 0.415007 1.0
0 0.737305 0.351032 0.025391 0.047198 0.7357 0.341945 1.0 0.746931 0.34346 1.0 0.741917 0.354062 1.0 0.737104 0.362239 1.0 0.744324 0.361937 1.0
0 0.738281 0.54646 0.048828 0.087021 0.727173 0.53632 1.0 0.746948 0.537979 1.0 0.735962 0.554019 1.0 0.72644 0.571718 1.0 0.744385 0.571718 1.0
0 0.714355 0.500737 0.032227 0.060472 0.0 0.0 0.0 0.0 0.0 0.0 0.0 0.0 0.0 0.0 0.0 0.0 0.0 0.0 0.0
0 0.992188 0.304572 0.013672 0.042773 0.992004 0.296369 1.0 1.000428 0.298581 1.0 0.995301 0.305218 1.0 0.991639 0.312962 1.0 0.998779 0.314068 1.0
0 0.957031 0.298673 0.013672 0.028024 0.0 0.0 0.0 0.0 0.0 0.0 0.0 0.0 0.0 0.0 0.0 0.0 0.0 0.0 0.0
0 0.837402 0.300147 0.014648 0.025074 0.0 0.0 0.0 0.0 0.0 0.0 0.0 0.0 0.0 0.0 0.0 0.0 0.0 0.0 0.0
0 0.86084 0.283923 0.016602 0.030973 0.858595 0.277187 1.0 0.865758 0.277799 1.0 0.863189 0.284127 1.0 0.859 0.288209 1.0 0.864271 0.288414 1.0
0 0.841797 0.266962 0.011719 0.023599 0.0 0.0 0.0 0.0 0.0 0.0 0.0 0.0 0.0 0.0 0.0 0.0 0.0 0.0 0.0
0 0.776367 0.292773 0.015625 0.030973 0.0 0.0 0.0 0.0 0.0 0.0 0.0 0.0 0.0 0.0 0.0 0.0 0.0 0.0 0.0
0 0.739258 0.300885 0.017578 0.026549 0.0 0.0 0.0 0.0 0.0 0.0 0.0 0.0 0.0 0.0 0.0 0.0 0.0 0.0 0.0
0 0.702637 0.318584 0.018555 0.038348 0.696503 0.312243 1.0 0.702794 0.31273 1.0 0.698438 0.318578 1.0 0.696503 0.326617 1.0 0.703116 0.327105 1.0
0 0.755371 0.254425 0.012695 0.028024 0.0 0.0 0.0 0.0 0.0 0.0 0.0 0.0 0.0 0.0 0.0 0.0 0.0 0.0 0.0
0 0.688965 0.294248 0.018555 0.025074 0.0 0.0 0.0 0.0 0.0 0.0 0.0 0.0 0.0 0.0 0.0 0.0 0.0 0.0 0.0
0 0.697266 0.261799 0.009766 0.016224 0.0 0.0 0.0 0.0 0.0 0.0 0.0 0.0 0.0 0.0 0.0 0.0 0.0 0.0 0.0
0 0.736816 0.253687 0.010742 0.017699 0.0 0.0 0.0 0.0 0.0 0.0 0.0 0.0 0.0 0.0 0.0 0.0 0.0 0.0 0.0
0 0.688965 0.379056 0.026367 0.035398 0.0 0.0 0.0 0.0 0.0 0.0 0.0 0.0 0.0 0.0 0.0 0.0 0.0 0.0 0.0
0 0.698242 0.414454 0.03125 0.041298 0.692427 0.40355 1.0 0.706264 0.40355 1.0 0.699044 0.411425 1.0 0.695435 0.416878 1.0 0.70486 0.413848 1.0
0 0.681152 0.331121 0.016602 0.030973 0.0 0.0 0.0 0.0 0.0 0.0 0.0 0.0 0.0 0.0 0.0 0.0 0.0 0.0 0.0
0 0.661133 0.34587 0.027344 0.048673 0.656751 0.337515 1.0 0.66966 0.338133 1.0 0.663923 0.349584 1.0 0.658186 0.359487 1.0 0.667611 0.360106 1.0
0 0.628906 0.355457 0.017578 0.038348 0.623064 0.346872 1.0 0.632324 0.346634 1.0 0.62793 0.35422 1.0 0.625104 0.363938 1.0 0.631383 0.363465 1.0
0 0.614746 0.30826 0.018555 0.035398 0.0 0.0 0.0 0.0 0.0 0.0 0.0 0.0 0.0 0.0 0.0 0.0 0.0 0.0 0.0
0 0.668457 0.554572 0.049805 0.085546 0.650962 0.526509 1.0 0.667606 0.532521 1.0 0.649876 0.551649 1.0 0.650238 0.56859 1.0 0.661455 0.576242 1.0
0 0.591797 0.483776 0.041016 0.079646 0.588658 0.470791 1.0 0.605888 0.472794 1.0 0.600586 0.486805 1.0 0.58667 0.499316 1.0 0.604894 0.503319 1.0
0 0.584473 0.414454 0.02832 0.047198 0.575475 0.407224 1.0 0.591117 0.406013 1.0 0.582493 0.418735 1.0 0.580889 0.427518 1.0 0.585902 0.426912 1.0
0 0.602539 0.423304 0.017578 0.044248 0.0 0.0 0.0 0.0 0.0 0.0 0.0 0.0 0.0 0.0 0.0 0.0 0.0 0.0 0.0
0 0.546875 0.455015 0.03125 0.054572 0.550109 0.443768 1.0 0.561201 0.442721 1.0 0.560276 0.455285 1.0 0.548954 0.467848 1.0 0.56097 0.468546 1.0
0 0.533203 0.585546 0.041016 0.070796 0.518584 0.56559 1.0 0.533916 0.565723 1.0 0.519766 0.580796 1.0 0.518818 0.596976 1.0 0.531738 0.597021 1.0
0 0.445801 0.529499 0.043945 0.070796 0.0 0.0 0.0 0.0 0.0 0.0 0.0 0.0 0.0 0.0 0.0 0.0 0.0 0.0 0.0
0 0.464355 0.422566 0.02832 0.054572 0.457886 0.41105 1.0 0.472674 0.410003 1.0 0.465742 0.423614 1.0 0.460196 0.433733 1.0 0.472212 0.432687 1.0
0 0.428711 0.429204 0.025391 0.050147 0.42906 0.420776 1.0 0.438268 0.420143 1.0 0.438477 0.430574 1.0 0.433454 0.441003 1.0 0.438686 0.439739 1.0
0 0.415527 0.564897 0.045898 0.076696 0.407619 0.546369 1.0 0.427943 0.548317 1.0 0.417942 0.560985 1.0 0.4102 0.580963 1.0 0.422459 0.582425 1.0
0 0.283203 0.539086 0.029297 0.063422 0.271729 0.524521 1.0 0.282191 0.525706 1.0 0.271205 0.539534 1.0 0.273036 0.54941 1.0 0.2835 0.551385 1.0
0 0.192871 0.514012 0.041992 0.081121 0.180821 0.493245 1.0 0.201225 0.500435 1.0 0.186942 0.514816 1.0 0.179461 0.530736 1.0 0.195104 0.535872 1.0
0 0.255371 0.454277 0.036133 0.053097 0.247231 0.435354 1.0 0.26202 0.436749 1.0 0.253008 0.452802 1.0 0.245152 0.462923 1.0 0.25994 0.464668 1.0
0 0.20459 0.413717 0.030273 0.057522 0.201856 0.403583 1.0 0.217264 0.401706 1.0 0.212293 0.414842 1.0 0.208068 0.426853 1.0 0.217761 0.426478 1.0
0 0.300293 0.424779 0.02832 0.047198 0.292254 0.414559 1.0 0.305595 0.416041 1.0 0.296374 0.425522 1.0 0.291861 0.433819 1.0 0.304024 0.434412 1.0
0 0.387695 0.388643 0.023438 0.039823 0.0 0.0 0.0 0.0 0.0 0.0 0.0 0.0 0.0 0.0 0.0 0.0 0.0 0.0 0.0
0 0.34375 0.355457 0.029297 0.050147 0.336983 0.345344 1.0 0.351423 0.345659 1.0 0.343681 0.35609 1.0 0.337611 0.366519 1.0 0.349749 0.367468 1.0
0 0.254883 0.384956 0.027344 0.044248 0.0 0.0 0.0 0.0 0.0 0.0 0.0 0.0 0.0 0.0 0.0 0.0 0.0 0.0 0.0
0 0.262695 0.363569 0.023438 0.048673 0.252119 0.379662 1.0 0.264413 0.378733 1.0 0.26134 0.388327 1.0 0.255603 0.393279 1.0 0.265027 0.393279 1.0
0 0.307129 0.34292 0.020508 0.033923 0.300772 0.33145 1.0 0.312138 0.332319 1.0 0.306239 0.340142 1.0 0.301924 0.34992 1.0 0.308973 0.34992 1.0
0 0.283691 0.347345 0.016602 0.028024 0.0 0.0 0.0 0.0 0.0 0.0 0.0 0.0 0.0 0.0 0.0 0.0 0.0 0.0 0.0
0 0.287109 0.295723 0.013672 0.025074 0.0 0.0 0.0 0.0 0.0 0.0 0.0 0.0 0.0 0.0 0.0 0.0 0.0 0.0 0.0
0 0.29834 0.262537 0.018555 0.032448 0.293178 0.256637 1.0 0.30127 0.256004 1.0 0.293736 0.262748 1.0 0.290667 0.267804 1.0 0.299316 0.26949 1.0
0 0.254883 0.261799 0.015625 0.025074 0.0 0.0 0.0 0.0 0.0 0.0 0.0 0.0 0.0 0.0 0.0 0.0 0.0 0.0 0.0
0 0.32666 0.253687 0.014648 0.026549 0.0 0.0 0.0 0.0 0.0 0.0 0.0 0.0 0.0 0.0 0.0 0.0 0.0 0.0 0.0
0 0.349609 0.310472 0.013672 0.042773 0.0 0.0 0.0 0.0 0.0 0.0 0.0 0.0 0.0 0.0 0.0 0.0 0.0 0.0 0.0
0 0.230957 0.25295 0.014648 0.028024 0.0 0.0 0.0 0.0 0.0 0.0 0.0 0.0 0.0 0.0 0.0 0.0 0.0 0.0 0.0
0 0.204102 0.360619 0.029297 0.039823 0.198418 0.358186 1.0 0.211943 0.356327 1.0 0.206104 0.367581 1.0 0.201436 0.376858 1.0 0.211436 0.375516 1.0
0 0.188477 0.30826 0.021484 0.035398 0.183075 0.298074 1.0 0.191772 0.298074 1.0 0.1875 0.307292 1.0 0.184296 0.317201 1.0 0.190246 0.317432 1.0
0 0.102051 0.385693 0.02832 0.054572 0.096248 0.374875 1.0 0.108264 0.376271 1.0 0.100639 0.388485 1.0 0.095786 0.394767 1.0 0.108264 0.396162 1.0
0 0.123047 0.322271 0.023438 0.039823 0.118456 0.316622 1.0 0.128828 0.317649 1.0 0.122707 0.324583 1.0 0.118286 0.330746 1.0 0.128147 0.332029 1.0
0 0.101074 0.314159 0.024414 0.044248 0.094774 0.304078 1.0 0.107522 0.304078 1.0 0.101711 0.318801 1.0 0.096649 0.324465 1.0 0.10396 0.325596 1.0
0 0.119629 0.291298 0.018555 0.030973 0.0 0.0 0.0 0.0 0.0 0.0 0.0 0.0 0.0 0.0 0.0 0.0 0.0 0.0 0.0
0 0.064941 0.277286 0.016602 0.023599 0.0 0.0 0.0 0.0 0.0 0.0 0.0 0.0 0.0 0.0 0.0 0.0 0.0 0.0 0.0
0 0.046387 0.259587 0.020508 0.032448 0.0 0.0 0.0 0.0 0.0 0.0 0.0 0.0 0.0 0.0 0.0 0.0 0.0 0.0 0.0
0 0.105957 0.2441 0.012695 0.022124 0.0 0.0 0.0 0.0 0.0 0.0 0.0 0.0 0.0 0.0 0.0 0.0 0.0 0.0 0.0
0 0.01416 0.229351 0.010742 0.028024 0.0 0.0 0.0 0.0 0.0 0.0 0.0 0.0 0.0 0.0 0.0 0.0 0.0 0.0 0.0
0 0.055664 0.228614 0.013672 0.023599 0.0 0.0 0.0 0.0 0.0 0.0 0.0 0.0 0.0 0.0 0.0 0.0 0.0 0.0 0.0
0 0.540527 0.257375 0.012695 0.025074 0.0 0.0 0.0 0.0 0.0 0.0 0.0 0.0 0.0 0.0 0.0 0.0 0.0 0.0 0.0
0 0.376465 0.2559 0.014648 0.022124 0.0 0.0 0.0 0.0 0.0 0.0 0.0 0.0 0.0 0.0 0.0 0.0 0.0 0.0 0.0
0 0.513672 0.253687 0.013672 0.020649 0.0 0.0 0.0 0.0 0.0 0.0 0.0 0.0 0.0 0.0 0.0 0.0 0.0 0.0 0.0
0 0.588379 0.297198 0.014648 0.025074 0.0 0.0 0.0 0.0 0.0 0.0 0.0 0.0 0.0 0.0 0.0 0.0 0.0 0.0 0.0
0 0.654297 0.286873 0.015625 0.033923 0.0 0.0 0.0 0.0 0.0 0.0 0.0 0.0 0.0 0.0 0.0 0.0 0.0 0.0 0.0