0 0.117676 0.469244 0.09668 0.203866 0.075261 0.434636 1.0 0.110081 0.449982 1.0 0.076682 0.479397 1.0 0.073129 0.517763 1.0 0.094447 0.525436 1.0
0 0.486816 0.466608 0.098633 0.212654 0.455941 0.439053 1.0 0.506339 0.441721 1.0 0.477435 0.49774 1.0 0.463353 0.535086 1.0 0.49448 0.535086 1.0
0 0.737793 0.254833 0.092773 0.168717 0.705522 0.204172 1.0 0.747898 0.205232 1.0 0.716705 0.247599 1.0 0.704935 0.284671 1.0 0.734362 0.286789 1.0
0 0.253906 0.413884 0.056641 0.100176 0.0 0.0 0.0 0.0 0.0 0.0 0.0 0.0 0.0 0.0 0.0 0.0 0.0 0.0 0.0
0 0.394043 0.160808 0.049805 0.100176 0.373326 0.152397 1.0 0.391462 0.15177 1.0 0.376465 0.178759 1.0 0.376116 0.193824 1.0 0.388323 0.19194 1.0
0 0.219727 0.301406 0.039062 0.061511 0.0 0.0 0.0 0.0 0.0 0.0 0.0 0.0 0.0 0.0 0.0 0.0 0.0 0.0 0.0
0 0.206543 0.214411 0.030273 0.045694 0.0 0.0 0.0 0.0 0.0 0.0 0.0 0.0 0.0 0.0 0.0 0.0 0.0 0.0 0.0
0 0.096191 0.250439 0.040039 0.068541 0.084926 0.230534 1.0 0.095472 0.23146 1.0 0.089042 0.244884 1.0 0.084926 0.259698 1.0 0.094443 0.26016 1.0
0 0.174316 0.20826 0.020508 0.040422 0.0 0.0 0.0 0.0 0.0 0.0 0.0 0.0 0.0 0.0 0.0 0.0 0.0 0.0 0.0
0 0.308105 0.18717 0.020508 0.050967 0.303994 0.181701 1.0 0.312038 0.182023 1.0 0.307212 0.193283 1.0 0.304888 0.199072 1.0 0.310607 0.199394 1.0
0 0.220215 0.071178 0.018555 0.033392 0.0 0.0 0.0 0.0 0.0 0.0 0.0 0.0 0.0 0.0 0.0 0.0 0.0 0.0 0.0
0 0.171387 0.07645 0.012695 0.026362 0.0 0.0 0.0 0.0 0.0 0.0 0.0 0.0 0.0 0.0 0.0 0.0 0.0 0.0 0.0
0 0.357422 0.082601 0.015625 0.045694 0.0 0.0 0.0 0.0 0.0 0.0 0.0 0.0 0.0 0.0 0.0 0.0 0.0 0.0 0.0
0 0.445312 0.087873 0.009766 0.02109 0.0 0.0 0.0 0.0 0.0 0.0 0.0 0.0 0.0 0.0 0.0 0.0 0.0 0.0 0.0
0 0.507812 0.098418 0.013672 0.02812 0.0 0.0 0.0 0.0 0.0 0.0 0.0 0.0 0.0 0.0 0.0 0.0 0.0 0.0 0.0
0 0.495117 0.100176 0.009766 0.02109 0.0 0.0 0.0 0.0 0.0 0.0 0.0 0.0 0.0 0.0 0.0 0.0 0.0 0.0 0.0
0 0.533203 0.121265 0.009766 0.024605 0.0 0.0 0.0 0.0 0.0 0.0 0.0 0.0 0.0 0.0 0.0 0.0 0.0 0.0 0.0
0 0.536133 0.180141 0.009766 0.019332 0.0 0.0 0.0 0.0 0.0 0.0 0.0 0.0 0.0 0.0 0.0 0.0 0.0 0.0 0.0
0 0.661133 0.261863 0.025391 0.059754 0.655971 0.2468 1.0 0.66748 0.247928 1.0 0.6589 0.259603 1.0 0.653669 0.272784 1.0 0.665388 0.273162 1.0
0 0.664551 0.099297 0.018555 0.033392 0.0 0.0 0.0 0.0 0.0 0.0 0.0 0.0 0.0 0.0 0.0 0.0 0.0 0.0 0.0
0 0.81543 0.189807 0.025391 0.045694 0.0 0.0 0.0 0.0 0.0 0.0 0.0 0.0 0.0 0.0 0.0 0.0 0.0 0.0 0.0
0 0.894043 0.369947 0.038086 0.075571 0.882385 0.360854 1.0 0.897277 0.36564 1.0 0.887704 0.379518 1.0 0.882385 0.388134 1.0 0.8893 0.391963 1.0
0 0.90625 0.142355 0.017578 0.02812 0.0 0.0 0.0 0.0 0.0 0.0 0.0 0.0 0.0 0.0 0.0 0.0 0.0 0.0 0.0
0 0.931641 0.241652 0.017578 0.036907 0.0 0.0 0.0 0.0 0.0 0.0 0.0 0.0 0.0 0.0 0.0 0.0 0.0 0.0 0.0
0 0.518066 0.125659 0.014648 0.033392 0.0 0.0 0.0 0.0 0.0 0.0 0.0 0.0 0.0 0.0 0.0 0.0 0.0 0.0 0.0