0 0.810059 0.796875 0.040039 0.057292 0.802154 0.784139 1.0 0.823303 0.782674 1.0 0.81369 0.797323 1.0 0.808197 0.810872 1.0 0.818359 0.809773 1.0
0 0.755371 0.753255 0.040039 0.066406 0.739288 0.737951 1.0 0.751382 0.734555 1.0 0.738334 0.754923 1.0 0.745017 0.768927 1.0 0.755201 0.764684 1.0
0 0.385254 0.533203 0.073242 0.11849 0.375349 0.505767 1.0 0.406599 0.512462 1.0 0.389857 0.537017 1.0 0.370885 0.55785 1.0 0.40046 0.562314 1.0
0 0.369629 0.963542 0.086914 0.072917 0.347168 0.958659 1.0 0.382324 0.94987 1.0 0.365845 0.969646 1.0 0.349914 0.99821 1.0 0.380676 0.99821 1.0
0 0.170898 0.98763 0.085938 0.02474 0.0 0.0 0.0 0.0 0.0 0.0 0.0 0.0 0.0 0.0 0.0 0.0 0.0 0.0 0.0
0 0.072266 0.981771 0.101562 0.036458 0.0 0.0 0.0 0.0 0.0 0.0 0.0 0.0 0.0 0.0 0.0 0.0 0.0 0.0 0.0
0 0.145996 0.945312 0.071289 0.101562 0.136894 0.92234 1.0 0.162284 0.919922 1.0 0.154576 0.941081 1.0 0.140521 0.96224 1.0 0.161377 0.959217 1.0
0 0.057617 0.933594 0.083984 0.125 0.044922 0.901042 1.0 0.077148 0.907552 1.0 0.060547 0.933594 1.0 0.046875 0.947917 1.0 0.068359 0.950521 1.0
0 0.254883 0.974609 0.052734 0.050781 0.243652 0.969279 1.0 0.26715 0.969727 1.0 0.253388 0.981811 1.0 0.247345 0.994792 1.0 0.263123 0.996134 1.0
0 0.321289 0.964844 0.0625 0.070312 0.303833 0.95259 1.0 0.321882 0.951021 1.0 0.314427 0.965146 1.0 0.30344 0.988165 1.0 0.317174 0.988165 1.0
0 0.354492 0.903646 0.050781 0.078125 0.353516 0.884115 1.0 0.375 0.888021 1.0 0.368164 0.89974 1.0 0.358398 0.911458 1.0 0.371094 0.911458 1.0
0 0.233398 0.884766 0.041016 0.063802 0.222046 0.878906 1.0 0.239746 0.880128 1.0 0.226929 0.891521 1.0 0.221131 0.90332 1.0 0.236084 0.904134 1.0
0 0.168457 0.855469 0.038086 0.0625 0.156952 0.841983 1.0 0.173196 0.842785 1.0 0.161765 0.854818 1.0 0.156952 0.866449 1.0 0.170187 0.867251 1.0
0 0.081055 0.763672 0.035156 0.048177 0.07516 0.756371 1.0 0.090803 0.756371 1.0 0.082642 0.766951 1.0 0.076747 0.776622 1.0 0.088082 0.77632 1.0
0 0.553711 0.95638 0.085938 0.08724 0.0 0.0 0.0 0.0 0.0 0.0 0.0 0.0 0.0 0.0 0.0 0.0 0.0 0.0 0.0
0 0.554199 0.951172 0.079102 0.097656 0.529297 0.958333 1.0 0.542969 0.960938 1.0 0.514648 0.985677 1.0 0.536133 0.997396 1.0 0.541016 0.997396 1.0
0 0.791504 0.950521 0.043945 0.067708 0.786333 0.930292 1.0 0.806336 0.931152 1.0 0.798593 0.942336 1.0 0.786333 0.961263 1.0 0.803432 0.963844 1.0
0 0.743652 0.972656 0.084961 0.054688 0.0 0.0 0.0 0.0 0.0 0.0 0.0 0.0 0.0 0.0 0.0 0.0 0.0 0.0 0.0
0 0.917969 0.984375 0.089844 0.03125 0.0 0.0 0.0 0.0 0.0 0.0 0.0 0.0 0.0 0.0 0.0 0.0 0.0 0.0 0.0
0 0.853516 0.980469 0.074219 0.039062 0.0 0.0 0.0 0.0 0.0 0.0 0.0 0.0 0.0 0.0 0.0 0.0 0.0 0.0 0.0