0 0.03125 0.422104 0.005859 0.007989 0.0 0.0 0.0 0.0 0.0 0.0 0.0 0.0 0.0 0.0 0.0 0.0 0.0 0.0 0.0
0 0.15625 0.388149 0.011719 0.022636 0.152937 0.386057 1.0 0.160261 0.386342 1.0 0.157331 0.389908 1.0 0.154297 0.393475 1.0 0.158482 0.393618 1.0
0 0.226074 0.38016 0.014648 0.0253 0.0 0.0 0.0 0.0 0.0 0.0 0.0 0.0 0.0 0.0 0.0 0.0 0.0 0.0 0.0
0 0.307129 0.384154 0.010742 0.014647 0.0 0.0 0.0 0.0 0.0 0.0 0.0 0.0 0.0 0.0 0.0 0.0 0.0 0.0 0.0
0 0.021973 0.564581 0.036133 0.061252 0.017308 0.563403 1.0 0.033134 0.557911 1.0 0.029105 0.573212 1.0 0.019609 0.582236 1.0 0.033421 0.578312 1.0
0 0.052734 0.545939 0.021484 0.034621 0.047773 0.543905 1.0 0.058873 0.539162 1.0 0.05556 0.550005 1.0 0.053074 0.558362 1.0 0.058873 0.556104 1.0
0 0.229004 0.515313 0.024414 0.037284 0.219399 0.513185 1.0 0.228516 0.512454 1.0 0.222796 0.520253 1.0 0.22065 0.527321 1.0 0.226192 0.527321 1.0
0 0.30127 0.51265 0.024414 0.034621 0.293038 0.507145 1.0 0.301749 0.506486 1.0 0.297232 0.517262 1.0 0.294651 0.522321 1.0 0.303846 0.521442 1.0
0 0.204102 0.539947 0.027344 0.049268 0.197963 0.538639 1.0 0.212324 0.533824 1.0 0.20738 0.544738 1.0 0.202907 0.557257 1.0 0.212795 0.552763 1.0
0 0.202637 0.612517 0.047852 0.071904 0.202148 0.612309 1.0 0.220275 0.599493 1.0 0.220947 0.619632 1.0 0.214904 0.635194 1.0 0.226318 0.624667 1.0
0 0.349609 0.551931 0.039062 0.075899 0.347138 0.551081 1.0 0.363028 0.546266 1.0 0.359497 0.560229 1.0 0.347138 0.574193 1.0 0.3655 0.566489 1.0
0 0.380859 0.51265 0.025391 0.045273 0.0 0.0 0.0 0.0 0.0 0.0 0.0 0.0 0.0 0.0 0.0 0.0 0.0 0.0 0.0
0 0.446777 0.496005 0.02832 0.049268 0.0 0.0 0.0 0.0 0.0 0.0 0.0 0.0 0.0 0.0 0.0 0.0 0.0 0.0 0.0
0 0.63916 0.511984 0.020508 0.041278 0.637098 0.507073 1.0 0.645909 0.506819 1.0 0.643097 0.514997 1.0 0.637473 0.522154 1.0 0.646284 0.521643 1.0
0 0.663574 0.5253 0.032227 0.062583 0.656555 0.521103 1.0 0.674107 0.522672 1.0 0.666914 0.534049 1.0 0.655404 0.53915 1.0 0.670079 0.540719 1.0
0 0.746582 0.543941 0.030273 0.054594 0.742283 0.540173 1.0 0.754168 0.541206 1.0 0.74911 0.556032 1.0 0.743295 0.558101 1.0 0.75164 0.559826 1.0
0 0.871582 0.499334 0.040039 0.066578 0.861498 0.497402 1.0 0.879451 0.49698 1.0 0.872022 0.510486 1.0 0.861498 0.515551 1.0 0.881309 0.516816 1.0
0 0.82959 0.448735 0.022461 0.047936 0.0 0.0 0.0 0.0 0.0 0.0 0.0 0.0 0.0 0.0 0.0 0.0 0.0 0.0 0.0
0 0.92627 0.308256 0.022461 0.035952 0.921134 0.311881 1.0 0.927098 0.307816 1.0 0.925938 0.315948 1.0 0.926601 0.322273 1.0 0.930742 0.318658 1.0
0 0.679688 0.3249 0.017578 0.026631 0.0 0.0 0.0 0.0 0.0 0.0 0.0 0.0 0.0 0.0 0.0 0.0 0.0 0.0 0.0
0 0.755371 0.38482 0.004883 0.007989 0.0 0.0 0.0 0.0 0.0 0.0 0.0 0.0 0.0 0.0 0.0 0.0 0.0 0.0 0.0
0 0.48584 0.580559 0.008789 0.013316 0.0 0.0 0.0 0.0 0.0 0.0 0.0 0.0 0.0 0.0 0.0 0.0 0.0 0.0 0.0
0 0.458496 0.589214 0.008789 0.014647 0.0 0.0 0.0 0.0 0.0 0.0 0.0 0.0 0.0 0.0 0.0 0.0 0.0 0.0 0.0
0 0.457031 0.567909 0.007812 0.009321 0.0 0.0 0.0 0.0 0.0 0.0 0.0 0.0 0.0 0.0 0.0 0.0 0.0 0.0 0.0
0 0.470215 0.545939 0.006836 0.010652 0.0 0.0 0.0 0.0 0.0 0.0 0.0 0.0 0.0 0.0 0.0 0.0 0.0 0.0 0.0
0 0.479004 0.536618 0.006836 0.007989 0.0 0.0 0.0 0.0 0.0 0.0 0.0 0.0 0.0 0.0 0.0 0.0 0.0 0.0 0.0
0 0.503418 0.579893 0.006836 0.009321 0.0 0.0 0.0 0.0 0.0 0.0 0.0 0.0 0.0 0.0 0.0 0.0 0.0 0.0 0.0
0 0.488281 0.545273 0.007812 0.014647 0.485909 0.542895 1.0 0.489815 0.543941 1.0 0.487514 0.54651 1.0 0.485771 0.549077 1.0 0.48877 0.549743 1.0
0 0.564941 0.541944 0.006836 0.010652 0.0 0.0 0.0 0.0 0.0 0.0 0.0 0.0 0.0 0.0 0.0 0.0 0.0 0.0 0.0
0 0.594727 0.545273 0.007812 0.011984 0.0 0.0 0.0 0.0 0.0 0.0 0.0 0.0 0.0 0.0 0.0 0.0 0.0 0.0 0.0
0 0.584473 0.586551 0.010742 0.014647 0.0 0.0 0.0 0.0 0.0 0.0 0.0 0.0 0.0 0.0 0.0 0.0 0.0 0.0 0.0
0 0.541992 0.527963 0.005859 0.009321 0.0 0.0 0.0 0.0 0.0 0.0 0.0 0.0 0.0 0.0 0.0 0.0 0.0 0.0 0.0
0 0.527344 0.528628 0.005859 0.007989 0.0 0.0 0.0 0.0 0.0 0.0 0.0 0.0 0.0 0.0 0.0 0.0 0.0 0.0 0.0
0 0.557617 0.522636 0.007812 0.009321 0.0 0.0 0.0 0.0 0.0 0.0 0.0 0.0 0.0 0.0 0.0 0.0 0.0 0.0 0.0
0 0.512695 0.580559 0.007812 0.015979 0.0 0.0 0.0 0.0 0.0 0.0 0.0 0.0 0.0 0.0 0.0 0.0 0.0 0.0 0.0
0 0.541016 0.553928 0.005859 0.007989 0.0 0.0 0.0 0.0 0.0 0.0 0.0 0.0 0.0 0.0 0.0 0.0 0.0 0.0 0.0
0 0.523926 0.571904 0.004883 0.006658 0.0 0.0 0.0 0.0 0.0 0.0 0.0 0.0 0.0 0.0 0.0 0.0 0.0 0.0 0.0
0 0.600586 0.595206 0.005859 0.010652 0.0 0.0 0.0 0.0 0.0 0.0 0.0 0.0 0.0 0.0 0.0 0.0 0.0 0.0 0.0
0 0.513672 0.526631 0.007812 0.011984 0.0 0.0 0.0 0.0 0.0 0.0 0.0 0.0 0.0 0.0 0.0 0.0 0.0 0.0 0.0
0 0.49707 0.525965 0.005859 0.010652 0.0 0.0 0.0 0.0 0.0 0.0 0.0 0.0 0.0 0.0 0.0 0.0 0.0 0.0 0.0
0 0.475098 0.55992 0.008789 0.009321 0.0 0.0 0.0 0.0 0.0 0.0 0.0 0.0 0.0 0.0 0.0 0.0 0.0 0.0 0.0
0 0.476562 0.521305 0.003906 0.006658 0.0 0.0 0.0 0.0 0.0 0.0 0.0 0.0 0.0 0.0 0.0 0.0 0.0 0.0 0.0
0 0.487305 0.517976 0.003906 0.007989 0.0 0.0 0.0 0.0 0.0 0.0 0.0 0.0 0.0 0.0 0.0 0.0 0.0 0.0 0.0
0 0.510742 0.51265 0.005859 0.010652 0.0 0.0 0.0 0.0 0.0 0.0 0.0 0.0 0.0 0.0 0.0 0.0 0.0 0.0 0.0
0 0.506348 0.539947 0.006836 0.009321 0.0 0.0 0.0 0.0 0.0 0.0 0.0 0.0 0.0 0.0 0.0 0.0 0.0 0.0 0.0
0 0.455078 0.5253 0.007812 0.009321 0.0 0.0 0.0 0.0 0.0 0.0 0.0 0.0 0.0 0.0 0.0 0.0 0.0 0.0 0.0
0 0.462891 0.525965 0.005859 0.007989 0.0 0.0 0.0 0.0 0.0 0.0 0.0 0.0 0.0 0.0 0.0 0.0 0.0 0.0 0.0
0 0.456055 0.544607 0.005859 0.007989 0.0 0.0 0.0 0.0 0.0 0.0 0.0 0.0 0.0 0.0 0.0 0.0 0.0 0.0 0.0
0 0.548828 0.57257 0.007812 0.010652 0.0 0.0 0.0 0.0 0.0 0.0 0.0 0.0 0.0 0.0 0.0 0.0 0.0 0.0 0.0