0 0.702637 0.460526 0.053711 0.059557 0.0 0.0 0.0 0.0 0.0 0.0 0.0 0.0 0.0 0.0 0.0 0.0 0.0 0.0 0.0
0 0.42334 0.444598 0.086914 0.116343 0.406372 0.424429 1.0 0.442078 0.420533 1.0 0.4245 0.457929 1.0 0.414062 0.474291 1.0 0.442627 0.470395 1.0
0 0.992188 0.177978 0.015625 0.059557 0.0 0.0 0.0 0.0 0.0 0.0 0.0 0.0 0.0 0.0 0.0 0.0 0.0 0.0 0.0
0 0.963379 0.192521 0.03418 0.058172 0.953962 0.182974 1.0 0.967041 0.180006 1.0 0.96024 0.197072 1.0 0.955793 0.212654 1.0 0.969134 0.208943 1.0
0 0.900879 0.326177 0.036133 0.051247 0.891584 0.314708 1.0 0.906372 0.312413 1.0 0.899209 0.329126 1.0 0.893664 0.338302 1.0 0.906372 0.336663 1.0
0 0.892578 0.165512 0.039062 0.067867 0.885986 0.150104 1.0 0.900939 0.151402 1.0 0.8927 0.167417 1.0 0.882324 0.177371 1.0 0.900939 0.179536 1.0
0 0.831543 0.160665 0.036133 0.060942 0.824567 0.15468 1.0 0.837271 0.15238 1.0 0.831055 0.168481 1.0 0.82646 0.176148 1.0 0.838894 0.173848 1.0
0 0.787109 0.141967 0.037109 0.054017 0.780762 0.126731 1.0 0.797607 0.126039 1.0 0.789795 0.141967 1.0 0.7854 0.154778 1.0 0.795166 0.154086 1.0
0 0.972656 0.09903 0.021484 0.070637 0.966928 0.080042 1.0 0.976794 0.080493 1.0 0.970747 0.099902 1.0 0.965973 0.113443 1.0 0.973293 0.115249 1.0
0 0.925781 0.130886 0.013672 0.026316 0.0 0.0 0.0 0.0 0.0 0.0 0.0 0.0 0.0 0.0 0.0 0.0 0.0 0.0 0.0
0 0.94043 0.132964 0.011719 0.024931 0.0 0.0 0.0 0.0 0.0 0.0 0.0 0.0 0.0 0.0 0.0 0.0 0.0 0.0 0.0
0 0.959961 0.117729 0.011719 0.024931 0.0 0.0 0.0 0.0 0.0 0.0 0.0 0.0 0.0 0.0 0.0 0.0 0.0 0.0 0.0
0 0.82373 0.097645 0.018555 0.048476 0.819267 0.08706 1.0 0.827332 0.08706 1.0 0.8221 0.096025 1.0 0.818176 0.106846 1.0 0.824934 0.107155 1.0
0 0.904297 0.059557 0.025391 0.083102 0.907933 0.054771 1.0 0.910183 0.053176 1.0 0.912807 0.068597 1.0 0.907183 0.087208 1.0 0.908308 0.086676 1.0
0 0.811035 0.036011 0.030273 0.072022 0.0 0.0 0.0 0.0 0.0 0.0 0.0 0.0 0.0 0.0 0.0 0.0 0.0 0.0 0.0
0 0.790527 0.069252 0.016602 0.033241 0.0 0.0 0.0 0.0 0.0 0.0 0.0 0.0 0.0 0.0 0.0 0.0 0.0 0.0 0.0
0 0.762207 0.070637 0.018555 0.049861 0.0 0.0 0.0 0.0 0.0 0.0 0.0 0.0 0.0 0.0 0.0 0.0 0.0 0.0 0.0
0 0.72998 0.066482 0.020508 0.055402 0.727051 0.05367 1.0 0.734375 0.056094 1.0 0.730713 0.068906 1.0 0.727783 0.077216 1.0 0.733154 0.077216 1.0
0 0.689941 0.144044 0.063477 0.094183 0.672294 0.131579 1.0 0.698661 0.132173 1.0 0.684013 0.160665 1.0 0.676479 0.172536 1.0 0.700753 0.171943 1.0
0 0.611328 0.07133 0.013672 0.023546 0.607514 0.06608 1.0 0.613399 0.064843 1.0 0.610674 0.072418 1.0 0.609476 0.076591 1.0 0.614053 0.075663 1.0
0 0.568359 0.018698 0.019531 0.034626 0.569764 0.013609 1.0 0.576926 0.014952 1.0 0.574764 0.021084 1.0 0.567195 0.027026 1.0 0.575034 0.027794 1.0
0 0.553711 0.065789 0.015625 0.026316 0.0 0.0 0.0 0.0 0.0 0.0 0.0 0.0 0.0 0.0 0.0 0.0 0.0 0.0 0.0
0 0.614258 0.195983 0.029297 0.045706 0.61036 0.19074 1.0 0.624398 0.189886 1.0 0.619786 0.202686 1.0 0.615574 0.21065 1.0 0.621591 0.210082 1.0
0 0.584473 0.175208 0.026367 0.040166 0.0 0.0 0.0 0.0 0.0 0.0 0.0 0.0 0.0 0.0 0.0 0.0 0.0 0.0 0.0
0 0.558594 0.217452 0.03125 0.041551 0.548566 0.205382 1.0 0.562805 0.201968 1.0 0.556989 0.216759 1.0 0.553981 0.225576 1.0 0.565613 0.223017 1.0
0 0.509766 0.237535 0.029297 0.051247 0.500266 0.22541 1.0 0.515285 0.223443 1.0 0.510895 0.240812 1.0 0.501884 0.249332 1.0 0.518289 0.248021 1.0
0 0.52002 0.199446 0.018555 0.036011 0.0 0.0 0.0 0.0 0.0 0.0 0.0 0.0 0.0 0.0 0.0 0.0 0.0 0.0 0.0
0 0.481445 0.17313 0.033203 0.058172 0.475237 0.163114 1.0 0.488316 0.160517 1.0 0.485177 0.174614 1.0 0.480469 0.187598 1.0 0.491455 0.187598 1.0
0 0.401855 0.147507 0.032227 0.051247 0.394897 0.140625 1.0 0.41292 0.138659 1.0 0.406913 0.149801 1.0 0.401367 0.163565 1.0 0.413383 0.161598 1.0
0 0.407715 0.270083 0.032227 0.063712 0.403861 0.257432 1.0 0.41796 0.255801 1.0 0.415658 0.272532 1.0 0.404725 0.287223 1.0 0.421988 0.28151 1.0
0 0.420898 0.224377 0.03125 0.055402 0.416932 0.215578 1.0 0.42712 0.209234 1.0 0.426871 0.222979 1.0 0.422646 0.238488 1.0 0.434326 0.232848 1.0
0 0.370117 0.154432 0.033203 0.062327 0.36489 0.143179 1.0 0.378775 0.142777 1.0 0.374524 0.156843 1.0 0.366874 0.168097 1.0 0.377075 0.168499 1.0
0 0.356445 0.070637 0.021484 0.033241 0.0 0.0 0.0 0.0 0.0 0.0 0.0 0.0 0.0 0.0 0.0 0.0 0.0 0.0 0.0
0 0.246582 0.073407 0.03418 0.049861 0.243648 0.061238 1.0 0.256988 0.057139 1.0 0.25432 0.072591 1.0 0.247205 0.081421 1.0 0.259656 0.076375 1.0
0 0.335449 0.186288 0.051758 0.095568 0.339678 0.165711 1.0 0.358708 0.160913 1.0 0.358708 0.184303 1.0 0.343484 0.205295 1.0 0.359131 0.199298 1.0
0 0.249023 0.155817 0.035156 0.054017 0.245906 0.146975 1.0 0.259094 0.144935 1.0 0.256937 0.154457 1.0 0.250223 0.166699 1.0 0.260772 0.166019 1.0
0 0.262207 0.212604 0.026367 0.045706 0.0 0.0 0.0 0.0 0.0 0.0 0.0 0.0 0.0 0.0 0.0 0.0 0.0 0.0 0.0
0 0.188477 0.176593 0.041016 0.067867 0.181972 0.164542 1.0 0.19581 0.158143 1.0 0.19611 0.176914 1.0 0.187988 0.18886 1.0 0.201525 0.186301 1.0
0 0.147461 0.194598 0.039062 0.062327 0.145856 0.182825 1.0 0.161761 0.179265 1.0 0.160365 0.196676 1.0 0.151995 0.209735 1.0 0.16204 0.208547 1.0
0 0.17041 0.033934 0.024414 0.045706 0.162528 0.026118 1.0 0.172991 0.02315 1.0 0.171944 0.036802 1.0 0.168388 0.047488 1.0 0.177177 0.044223 1.0
0 0.144043 0.027008 0.03418 0.048476 0.0 0.0 0.0 0.0 0.0 0.0 0.0 0.0 0.0 0.0 0.0 0.0 0.0 0.0 0.0