0 0.930664 0.311642 0.039062 0.030739 0.927734 0.306082 1.0 0.946289 0.30739 1.0 0.935547 0.313931 1.0 0.926758 0.319817 1.0 0.942383 0.321125 1.0
0 0.789062 0.28777 0.048828 0.035317 0.779663 0.279574 1.0 0.801483 0.281597 1.0 0.788391 0.288567 1.0 0.779663 0.295087 1.0 0.796447 0.296436 1.0
0 0.768555 0.213211 0.039062 0.031393 0.761248 0.209241 1.0 0.77785 0.208645 1.0 0.770142 0.214005 1.0 0.765694 0.220756 1.0 0.775182 0.219961 1.0
0 0.727051 0.30085 0.022461 0.019621 0.0 0.0 0.0 0.0 0.0 0.0 0.0 0.0 0.0 0.0 0.0 0.0 0.0 0.0 0.0
0 0.628418 0.285808 0.041992 0.034009 0.622768 0.279542 1.0 0.639221 0.278678 1.0 0.634705 0.288833 1.0 0.625672 0.29229 1.0 0.643415 0.290561 1.0
0 0.65625 0.290713 0.033203 0.026815 0.647461 0.2845 1.0 0.663086 0.285808 1.0 0.654297 0.290386 1.0 0.649414 0.298888 1.0 0.661133 0.299542 1.0
0 0.473145 0.300196 0.032227 0.024853 0.0 0.0 0.0 0.0 0.0 0.0 0.0 0.0 0.0 0.0 0.0 0.0 0.0 0.0 0.0
0 0.504883 0.306082 0.025391 0.020929 0.0 0.0 0.0 0.0 0.0 0.0 0.0 0.0 0.0 0.0 0.0 0.0 0.0 0.0 0.0
0 0.422852 0.282211 0.041016 0.029431 0.411651 0.274935 1.0 0.426209 0.275118 1.0 0.416046 0.281924 1.0 0.409454 0.288179 1.0 0.424835 0.288914 1.0
0 0.288574 0.285154 0.051758 0.037933 0.277344 0.277959 1.0 0.302734 0.277959 1.0 0.291992 0.28777 1.0 0.280273 0.293656 1.0 0.300781 0.295618 1.0
0 0.162598 0.26259 0.053711 0.043819 0.149815 0.251559 1.0 0.173584 0.252383 1.0 0.16047 0.260616 1.0 0.146946 0.269124 1.0 0.171944 0.270496 1.0
0 0.055664 0.317201 0.033203 0.032701 0.043413 0.306716 1.0 0.060128 0.30568 1.0 0.051771 0.314593 1.0 0.046509 0.32102 1.0 0.060437 0.321227 1.0
0 0.485352 0.403205 0.074219 0.060824 0.474609 0.390451 1.0 0.509766 0.392413 1.0 0.495117 0.40811 1.0 0.474609 0.418574 1.0 0.505859 0.418574 1.0
0 0.774902 0.467626 0.092773 0.048398 0.762146 0.4583 1.0 0.800703 0.459865 1.0 0.782593 0.471994 1.0 0.76273 0.478645 1.0 0.789604 0.480601 1.0