0 0.275879 0.469618 0.016602 0.043403 0.268951 0.462293 1.0 0.274444 0.463378 1.0 0.267578 0.46799 1.0 0.268646 0.481554 1.0 0.271851 0.481283 1.0
0 0.356934 0.37066 0.020508 0.039931 0.0 0.0 0.0 0.0 0.0 0.0 0.0 0.0 0.0 0.0 0.0 0.0 0.0 0.0 0.0
0 0.388672 0.279514 0.025391 0.045139 0.383562 0.268616 1.0 0.387538 0.268028 1.0 0.377102 0.274507 1.0 0.377433 0.287465 1.0 0.382568 0.287172 1.0
0 0.396973 0.179688 0.008789 0.019097 0.0 0.0 0.0 0.0 0.0 0.0 0.0 0.0 0.0 0.0 0.0 0.0 0.0 0.0 0.0
0 0.067871 0.151042 0.012695 0.024306 0.0 0.0 0.0 0.0 0.0 0.0 0.0 0.0 0.0 0.0 0.0 0.0 0.0 0.0 0.0
0 0.092773 0.180556 0.011719 0.017361 0.0 0.0 0.0 0.0 0.0 0.0 0.0 0.0 0.0 0.0 0.0 0.0 0.0 0.0 0.0
0 0.481934 0.493924 0.03418 0.074653 0.0 0.0 0.0 0.0 0.0 0.0 0.0 0.0 0.0 0.0 0.0 0.0 0.0 0.0 0.0
0 0.45459 0.473958 0.012695 0.027778 0.0 0.0 0.0 0.0 0.0 0.0 0.0 0.0 0.0 0.0 0.0 0.0 0.0 0.0 0.0
0 0.585938 0.366319 0.025391 0.041667 0.576163 0.362507 1.0 0.581133 0.357205 1.0 0.577323 0.369575 1.0 0.581796 0.380177 1.0 0.584943 0.374286 1.0
0 0.624023 0.286458 0.056641 0.086806 0.613037 0.262075 1.0 0.623404 0.256991 1.0 0.598737 0.272243 1.0 0.600525 0.298937 1.0 0.61125 0.29703 1.0
0 0.467285 0.144097 0.008789 0.017361 0.0 0.0 0.0 0.0 0.0 0.0 0.0 0.0 0.0 0.0 0.0 0.0 0.0 0.0 0.0
0 0.556152 0.028646 0.008789 0.019097 0.0 0.0 0.0 0.0 0.0 0.0 0.0 0.0 0.0 0.0 0.0 0.0 0.0 0.0 0.0
0 0.78418 0.307292 0.029297 0.052083 0.0 0.0 0.0 0.0 0.0 0.0 0.0 0.0 0.0 0.0 0.0 0.0 0.0 0.0 0.0
0 0.917969 0.322917 0.033203 0.048611 0.908552 0.316964 1.0 0.923619 0.309151 1.0 0.915039 0.31808 1.0 0.913365 0.333333 1.0 0.921944 0.32887 1.0
0 0.865234 0.384549 0.023438 0.046875 0.0 0.0 0.0 0.0 0.0 0.0 0.0 0.0 0.0 0.0 0.0 0.0 0.0 0.0 0.0