0 0.065918 0.270182 0.004883 0.009115 0.0 0.0 0.0 0.0 0.0 0.0 0.0 0.0 0.0 0.0 0.0 0.0 0.0 0.0 0.0
0 0.083984 0.277344 0.005859 0.010417 0.0 0.0 0.0 0.0 0.0 0.0 0.0 0.0 0.0 0.0 0.0 0.0 0.0 0.0 0.0
0 0.096191 0.271484 0.006836 0.011719 0.0 0.0 0.0 0.0 0.0 0.0 0.0 0.0 0.0 0.0 0.0 0.0 0.0 0.0 0.0
0 0.11377 0.270833 0.006836 0.010417 0.0 0.0 0.0 0.0 0.0 0.0 0.0 0.0 0.0 0.0 0.0 0.0 0.0 0.0 0.0
0 0.17627 0.258464 0.004883 0.011719 0.0 0.0 0.0 0.0 0.0 0.0 0.0 0.0 0.0 0.0 0.0 0.0 0.0 0.0 0.0
0 0.208984 0.371094 0.011719 0.015625 0.0 0.0 0.0 0.0 0.0 0.0 0.0 0.0 0.0 0.0 0.0 0.0 0.0 0.0 0.0
0 0.208496 0.397786 0.014648 0.02474 0.0 0.0 0.0 0.0 0.0 0.0 0.0 0.0 0.0 0.0 0.0 0.0 0.0 0.0 0.0
0 0.23584 0.434245 0.012695 0.029948 0.0 0.0 0.0 0.0 0.0 0.0 0.0 0.0 0.0 0.0 0.0 0.0 0.0 0.0 0.0
0 0.076172 0.599609 0.03125 0.048177 0.076407 0.5999 1.0 0.085354 0.589542 1.0 0.088414 0.600527 1.0 0.08347 0.613711 1.0 0.088885 0.609316 1.0
0 0.08252 0.497396 0.008789 0.026042 0.0 0.0 0.0 0.0 0.0 0.0 0.0 0.0 0.0 0.0 0.0 0.0 0.0 0.0 0.0
0 0.194336 0.582031 0.029297 0.041667 0.188747 0.570393 1.0 0.201303 0.568039 1.0 0.196202 0.581904 1.0 0.191297 0.591582 1.0 0.203265 0.587919 1.0
0 0.320312 0.303385 0.011719 0.020833 0.314409 0.304107 1.0 0.321529 0.297689 1.0 0.320125 0.304374 1.0 0.323233 0.312128 1.0 0.326844 0.308384 1.0
0 0.296387 0.303385 0.018555 0.023438 0.0 0.0 0.0 0.0 0.0 0.0 0.0 0.0 0.0 0.0 0.0 0.0 0.0 0.0 0.0
0 0.337402 0.321615 0.010742 0.018229 0.0 0.0 0.0 0.0 0.0 0.0 0.0 0.0 0.0 0.0 0.0 0.0 0.0 0.0 0.0
0 0.307129 0.280599 0.014648 0.02474 0.0 0.0 0.0 0.0 0.0 0.0 0.0 0.0 0.0 0.0 0.0 0.0 0.0 0.0 0.0
0 0.359375 0.298177 0.007812 0.013021 0.0 0.0 0.0 0.0 0.0 0.0 0.0 0.0 0.0 0.0 0.0 0.0 0.0 0.0 0.0
0 0.299805 0.577474 0.025391 0.035156 0.297595 0.567557 1.0 0.308306 0.56053 1.0 0.309666 0.574358 1.0 0.302186 0.58388 1.0 0.310177 0.580706 1.0
0 0.282715 0.404948 0.016602 0.010417 0.0 0.0 0.0 0.0 0.0 0.0 0.0 0.0 0.0 0.0 0.0 0.0 0.0 0.0 0.0
0 0.406738 0.544271 0.024414 0.044271 0.407318 0.539917 1.0 0.416504 0.534505 1.0 0.417785 0.547607 1.0 0.410309 0.558431 1.0 0.41629 0.556152 1.0
0 0.397461 0.431641 0.019531 0.03776 0.0 0.0 0.0 0.0 0.0 0.0 0.0 0.0 0.0 0.0 0.0 0.0 0.0 0.0 0.0
0 0.434082 0.411458 0.020508 0.033854 0.428593 0.407366 1.0 0.436658 0.404139 1.0 0.433755 0.412098 1.0 0.432142 0.420486 1.0 0.436497 0.41812 1.0
0 0.435547 0.479167 0.027344 0.049479 0.436959 0.469389 1.0 0.445435 0.470645 1.0 0.440255 0.480063 1.0 0.436724 0.488223 1.0 0.443551 0.489479 1.0
0 0.482422 0.485677 0.019531 0.044271 0.482841 0.477121 1.0 0.491002 0.474051 1.0 0.49163 0.485212 1.0 0.485561 0.495535 1.0 0.490374 0.494419 1.0
0 0.507812 0.54362 0.027344 0.050781 0.504216 0.534029 1.0 0.516205 0.534668 1.0 0.510689 0.547137 1.0 0.504695 0.554171 1.0 0.512368 0.55449 1.0
0 0.533691 0.44401 0.020508 0.036458 0.528952 0.438826 1.0 0.537624 0.440185 1.0 0.532183 0.44812 1.0 0.529973 0.451974 1.0 0.534394 0.454467 1.0
0 0.578613 0.472005 0.024414 0.048177 0.573138 0.463495 1.0 0.58402 0.4641 1.0 0.577445 0.475888 1.0 0.573364 0.483143 1.0 0.583565 0.483143 1.0
0 0.573242 0.569661 0.025391 0.032552 0.0 0.0 0.0 0.0 0.0 0.0 0.0 0.0 0.0 0.0 0.0 0.0 0.0 0.0 0.0
0 0.546875 0.424479 0.021484 0.036458 0.0 0.0 0.0 0.0 0.0 0.0 0.0 0.0 0.0 0.0 0.0 0.0 0.0 0.0 0.0
0 0.567871 0.285156 0.008789 0.018229 0.0 0.0 0.0 0.0 0.0 0.0 0.0 0.0 0.0 0.0 0.0 0.0 0.0 0.0 0.0
0 0.547852 0.279948 0.005859 0.015625 0.0 0.0 0.0 0.0 0.0 0.0 0.0 0.0 0.0 0.0 0.0 0.0 0.0 0.0 0.0
0 0.60498 0.389974 0.014648 0.029948 0.601672 0.385219 1.0 0.607857 0.383876 1.0 0.605124 0.391357 1.0 0.603542 0.397496 1.0 0.608289 0.397112 1.0
0 0.628418 0.427083 0.020508 0.036458 0.624442 0.419504 1.0 0.632812 0.422759 1.0 0.628278 0.430897 1.0 0.62514 0.436012 1.0 0.62915 0.437639 1.0
0 0.746582 0.289062 0.012695 0.023438 0.744245 0.287551 1.0 0.749232 0.288005 1.0 0.746853 0.291178 1.0 0.745152 0.294655 1.0 0.747872 0.294957 1.0
0 0.933594 0.316406 0.009766 0.018229 0.0 0.0 0.0 0.0 0.0 0.0 0.0 0.0 0.0 0.0 0.0 0.0 0.0 0.0 0.0
0 0.639648 0.53125 0.027344 0.054688 0.634787 0.521339 1.0 0.646362 0.522025 1.0 0.640446 0.537115 1.0 0.633501 0.542945 1.0 0.645591 0.543974 1.0
0 0.736328 0.526042 0.027344 0.052083 0.73087 0.516113 1.0 0.741059 0.516113 1.0 0.736337 0.526716 1.0 0.731367 0.534999 1.0 0.742301 0.535661 1.0
0 0.871094 0.54362 0.029297 0.050781 0.864842 0.535923 1.0 0.87779 0.537841 1.0 0.869877 0.550949 1.0 0.863644 0.557025 1.0 0.874673 0.559262 1.0
0 0.985352 0.525391 0.027344 0.050781 0.987305 0.515625 1.0 0.995361 0.520833 1.0 0.991943 0.531901 1.0 0.982422 0.536458 1.0 0.986816 0.540039 1.0
0 0.962402 0.698568 0.018555 0.03776 0.0 0.0 0.0 0.0 0.0 0.0 0.0 0.0 0.0 0.0 0.0 0.0 0.0 0.0 0.0