0 0.060547 0.506618 0.029297 0.054412 0.0 0.0 0.0 0.0 0.0 0.0 0.0 0.0 0.0 0.0 0.0 0.0 0.0 0.0 0.0
0 0.123535 0.475735 0.018555 0.039706 0.0 0.0 0.0 0.0 0.0 0.0 0.0 0.0 0.0 0.0 0.0 0.0 0.0 0.0 0.0
0 0.185059 0.516912 0.024414 0.051471 0.177094 0.511581 1.0 0.187561 0.511259 1.0 0.180938 0.52284 1.0 0.179443 0.529918 1.0 0.184998 0.529274 1.0
0 0.194824 0.464706 0.014648 0.038235 0.189497 0.461299 1.0 0.195143 0.461784 1.0 0.189819 0.467857 1.0 0.189013 0.475874 1.0 0.1924 0.476116 1.0
0 0.259766 0.419853 0.013672 0.033824 0.0 0.0 0.0 0.0 0.0 0.0 0.0 0.0 0.0 0.0 0.0 0.0 0.0 0.0 0.0
0 0.264648 0.459559 0.021484 0.039706 0.0 0.0 0.0 0.0 0.0 0.0 0.0 0.0 0.0 0.0 0.0 0.0 0.0 0.0 0.0
0 0.27002 0.492647 0.022461 0.05 0.262835 0.48981 1.0 0.274763 0.488235 1.0 0.266811 0.493593 1.0 0.263881 0.506513 1.0 0.27288 0.506197 1.0
0 0.329102 0.475 0.015625 0.041176 0.324776 0.471587 1.0 0.331752 0.469749 1.0 0.327218 0.480251 1.0 0.327393 0.487868 1.0 0.331055 0.486818 1.0
0 0.350098 0.505882 0.02832 0.052941 0.341204 0.501465 1.0 0.354989 0.49979 1.0 0.345206 0.505816 1.0 0.343872 0.519879 1.0 0.351876 0.518875 1.0
0 0.336426 0.376471 0.016602 0.038235 0.333287 0.370982 1.0 0.341073 0.372728 1.0 0.336932 0.377219 1.0 0.33279 0.38595 1.0 0.338257 0.3862 1.0
0 0.353027 0.411029 0.012695 0.025 0.0 0.0 0.0 0.0 0.0 0.0 0.0 0.0 0.0 0.0 0.0 0.0 0.0 0.0 0.0
0 0.469238 0.369853 0.018555 0.033824 0.46501 0.365953 1.0 0.474217 0.366821 1.0 0.469757 0.370287 1.0 0.466736 0.377003 1.0 0.472059 0.377219 1.0
0 0.423828 0.480882 0.025391 0.05 0.417206 0.475322 1.0 0.430236 0.477251 1.0 0.421905 0.482721 1.0 0.417847 0.493015 1.0 0.424469 0.493659 1.0
0 0.476562 0.492647 0.027344 0.055882 0.469592 0.489024 1.0 0.480861 0.488662 1.0 0.474866 0.496968 1.0 0.47127 0.50816 1.0 0.478703 0.50816 1.0
0 0.536621 0.513235 0.022461 0.044118 0.0 0.0 0.0 0.0 0.0 0.0 0.0 0.0 0.0 0.0 0.0 0.0 0.0 0.0 0.0
0 0.433105 0.383824 0.008789 0.014706 0.0 0.0 0.0 0.0 0.0 0.0 0.0 0.0 0.0 0.0 0.0 0.0 0.0 0.0 0.0
0 0.601562 0.459559 0.027344 0.051471 0.590123 0.454228 1.0 0.600804 0.451601 1.0 0.593828 0.459809 1.0 0.592521 0.472938 1.0 0.60124 0.471297 1.0
0 0.595703 0.490441 0.019531 0.027941 0.0 0.0 0.0 0.0 0.0 0.0 0.0 0.0 0.0 0.0 0.0 0.0 0.0 0.0 0.0
0 0.694336 0.548529 0.023438 0.047059 0.693046 0.544906 1.0 0.701869 0.541885 1.0 0.700466 0.551247 1.0 0.696455 0.561515 1.0 0.702872 0.560307 1.0
0 0.751953 0.520588 0.023438 0.044118 0.750715 0.515054 1.0 0.758776 0.515054 1.0 0.755776 0.522676 1.0 0.75184 0.531146 1.0 0.758214 0.530863 1.0
0 0.800293 0.529412 0.024414 0.044118 0.798754 0.521337 1.0 0.808689 0.523596 1.0 0.803815 0.530653 1.0 0.797629 0.539404 1.0 0.80569 0.540532 1.0
0 0.943359 0.458088 0.021484 0.045588 0.0 0.0 0.0 0.0 0.0 0.0 0.0 0.0 0.0 0.0 0.0 0.0 0.0 0.0 0.0
0 0.969727 0.491912 0.015625 0.033824 0.970045 0.489141 1.0 0.974217 0.488925 1.0 0.977238 0.494774 1.0 0.972635 0.501274 1.0 0.975655 0.501057 1.0
0 0.692383 0.465441 0.015625 0.039706 0.0 0.0 0.0 0.0 0.0 0.0 0.0 0.0 0.0 0.0 0.0 0.0 0.0 0.0 0.0
0 0.002441 0.485294 0.004883 0.041176 0.0 0.0 0.0 0.0 0.0 0.0 0.0 0.0 0.0 0.0 0.0 0.0 0.0 0.0 0.0