0 0.683105 0.189437 0.026367 0.05493 0.672066 0.181458 1.0 0.681418 0.181111 1.0 0.669669 0.190449 1.0 0.671827 0.201169 1.0 0.67878 0.201169 1.0
0 0.523926 0.270423 0.038086 0.078873 0.512695 0.259155 1.0 0.530273 0.260563 1.0 0.517578 0.271831 1.0 0.512695 0.288732 1.0 0.527344 0.288732 1.0
0 0.525879 0.460563 0.063477 0.115493 0.509861 0.441782 1.0 0.540444 0.443228 1.0 0.523398 0.468537 1.0 0.51287 0.48589 1.0 0.532423 0.486614 1.0
0 0.427246 0.29507 0.051758 0.091549 0.404698 0.282218 1.0 0.419137 0.287424 1.0 0.401891 0.29668 1.0 0.404297 0.314613 1.0 0.41673 0.318662 1.0
0 0.050781 0.169718 0.037109 0.06338 0.045479 0.160966 1.0 0.063896 0.157746 1.0 0.060547 0.171027 1.0 0.054967 0.183501 1.0 0.0625 0.182294 1.0
0 0.251953 0.238028 0.050781 0.087324 0.23141 0.215593 1.0 0.242152 0.214487 1.0 0.232562 0.237727 1.0 0.229876 0.255432 1.0 0.245989 0.255986 1.0
0 0.21875 0.228169 0.037109 0.067606 0.230904 0.215644 1.0 0.242467 0.214789 1.0 0.232387 0.237877 1.0 0.234759 0.25669 1.0 0.245135 0.256262 1.0
0 0.192383 0.211268 0.023438 0.047887 0.184082 0.209859 1.0 0.190987 0.208652 1.0 0.185338 0.217706 1.0 0.185338 0.224648 1.0 0.191406 0.224044 1.0
0 0.277832 0.144366 0.022461 0.032394 0.0 0.0 0.0 0.0 0.0 0.0 0.0 0.0 0.0 0.0 0.0 0.0 0.0 0.0 0.0
0 0.223145 0.566901 0.108398 0.260563 0.248627 0.537808 1.0 0.255401 0.537808 1.0 0.273468 0.573635 1.0 0.249756 0.627377 1.0 0.254272 0.625748 1.0
0 0.325684 0.376761 0.041992 0.088732 0.31423 0.368366 1.0 0.319663 0.370604 1.0 0.306858 0.378439 1.0 0.309187 0.399145 1.0 0.313843 0.400265 1.0
0 0.712402 0.199296 0.043945 0.074648 0.697266 0.197183 1.0 0.712891 0.195775 1.0 0.700195 0.215493 1.0 0.699219 0.222535 1.0 0.709961 0.223944 1.0
0 0.769531 0.330282 0.046875 0.091549 0.0 0.0 0.0 0.0 0.0 0.0 0.0 0.0 0.0 0.0 0.0 0.0 0.0 0.0 0.0
0 0.910156 0.205634 0.066406 0.129577 0.900111 0.186834 1.0 0.927883 0.184382 1.0 0.917114 0.211355 1.0 0.896711 0.236696 1.0 0.926183 0.236696 1.0
0 0.84082 0.121831 0.015625 0.032394 0.844727 0.116901 1.0 0.845703 0.115493 1.0 0.849609 0.123944 1.0 0.845703 0.129577 1.0 0.845703 0.129577 1.0
0 0.20459 0.192254 0.030273 0.05493 0.0 0.0 0.0 0.0 0.0 0.0 0.0 0.0 0.0 0.0 0.0 0.0 0.0 0.0 0.0
0 0.175293 0.132394 0.008789 0.016901 0.0 0.0 0.0 0.0 0.0 0.0 0.0 0.0 0.0 0.0 0.0 0.0 0.0 0.0 0.0