0 0.405762 0.207465 0.024414 0.053819 0.401437 0.206937 1.0 0.413714 0.206597 1.0 0.407768 0.216486 1.0 0.403739 0.226717 1.0 0.411987 0.226377 1.0
0 0.206055 0.157986 0.027344 0.065972 0.206037 0.150035 1.0 0.216866 0.149616 1.0 0.215219 0.161753 1.0 0.207921 0.173472 1.0 0.217573 0.173472 1.0
0 0.311035 0.164931 0.022461 0.055556 0.305154 0.160226 1.0 0.315748 0.157436 1.0 0.311039 0.170689 1.0 0.308686 0.181851 1.0 0.316532 0.181153 1.0
0 0.140625 0.21441 0.019531 0.050347 0.137268 0.211264 1.0 0.148438 0.21224 1.0 0.144959 0.224285 1.0 0.138732 0.232097 1.0 0.146789 0.233073 1.0
0 0.362305 0.179688 0.011719 0.026042 0.0 0.0 0.0 0.0 0.0 0.0 0.0 0.0 0.0 0.0 0.0 0.0 0.0 0.0 0.0
0 0.627441 0.163194 0.030273 0.048611 0.621198 0.148686 1.0 0.633667 0.147321 1.0 0.627912 0.160622 1.0 0.621582 0.174262 1.0 0.634051 0.172557 1.0
0 0.684082 0.144097 0.024414 0.059028 0.676605 0.140408 1.0 0.689209 0.139269 1.0 0.681305 0.150661 1.0 0.678741 0.159776 1.0 0.687714 0.159017 1.0
0 0.498535 0.197049 0.022461 0.053819 0.496181 0.194259 1.0 0.507363 0.194608 1.0 0.503243 0.206116 1.0 0.496966 0.215882 1.0 0.505009 0.21658 1.0
0 0.503418 0.25434 0.006836 0.008681 0.0 0.0 0.0 0.0 0.0 0.0 0.0 0.0 0.0 0.0 0.0 0.0 0.0 0.0 0.0
0 0.526367 0.253472 0.007812 0.017361 0.0 0.0 0.0 0.0 0.0 0.0 0.0 0.0 0.0 0.0 0.0 0.0 0.0 0.0 0.0
0 0.493164 0.091146 0.003906 0.008681 0.0 0.0 0.0 0.0 0.0 0.0 0.0 0.0 0.0 0.0 0.0 0.0 0.0 0.0 0.0
0 0.134766 0.302083 0.005859 0.017361 0.0 0.0 0.0 0.0 0.0 0.0 0.0 0.0 0.0 0.0 0.0 0.0 0.0 0.0 0.0
0 0.146973 0.298611 0.004883 0.013889 0.0 0.0 0.0 0.0 0.0 0.0 0.0 0.0 0.0 0.0 0.0 0.0 0.0 0.0 0.0
0 0.125977 0.301215 0.005859 0.015625 0.0 0.0 0.0 0.0 0.0 0.0 0.0 0.0 0.0 0.0 0.0 0.0 0.0 0.0 0.0
0 0.333496 0.241319 0.004883 0.010417 0.0 0.0 0.0 0.0 0.0 0.0 0.0 0.0 0.0 0.0 0.0 0.0 0.0 0.0 0.0
0 0.329102 0.242188 0.003906 0.012153 0.0 0.0 0.0 0.0 0.0 0.0 0.0 0.0 0.0 0.0 0.0 0.0 0.0 0.0 0.0
0 0.308594 0.251736 0.009766 0.020833 0.0 0.0 0.0 0.0 0.0 0.0 0.0 0.0 0.0 0.0 0.0 0.0 0.0 0.0 0.0
0 0.32373 0.249132 0.006836 0.019097 0.0 0.0 0.0 0.0 0.0 0.0 0.0 0.0 0.0 0.0 0.0 0.0 0.0 0.0 0.0
0 0.336914 0.307292 0.007812 0.017361 0.0 0.0 0.0 0.0 0.0 0.0 0.0 0.0 0.0 0.0 0.0 0.0 0.0 0.0 0.0