0 0.061035 0.218887 0.030273 0.048316 0.059222 0.209684 1.0 0.07094 0.214076 1.0 0.065081 0.224744 1.0 0.055455 0.229449 1.0 0.064872 0.23196 1.0
0 0.145508 0.238653 0.025391 0.04978 0.137626 0.233947 1.0 0.145159 0.234889 1.0 0.139091 0.245242 1.0 0.143694 0.254026 1.0 0.14767 0.253085 1.0
0 0.225098 0.247438 0.022461 0.046852 0.21875 0.250366 1.0 0.229492 0.25183 1.0 0.222656 0.259151 1.0 0.219727 0.265007 1.0 0.227539 0.266471 1.0
0 0.306152 0.196925 0.024414 0.048316 0.304309 0.194161 1.0 0.314144 0.198769 1.0 0.310046 0.206755 1.0 0.304104 0.212593 1.0 0.309226 0.21505 1.0
0 0.856445 0.341142 0.017578 0.040996 0.849854 0.341142 1.0 0.856306 0.341927 1.0 0.848981 0.34794 1.0 0.848633 0.356045 1.0 0.853167 0.357091 1.0
0 0.904297 0.333821 0.019531 0.043924 0.901367 0.338214 1.0 0.904297 0.33675 1.0 0.90332 0.346999 1.0 0.90918 0.346999 1.0 0.912109 0.345534 1.0
0 0.516113 0.675695 0.049805 0.048316 0.503906 0.658858 1.0 0.515625 0.658858 1.0 0.50293 0.66325 1.0 0.496094 0.673499 1.0 0.501953 0.676428 1.0
0 0.679688 0.786237 0.060547 0.064422 0.6875 0.770132 1.0 0.688477 0.799414 1.0 0.680664 0.781845 1.0 0.667969 0.771596 1.0 0.670898 0.789165 1.0
0 0.210449 0.622987 0.02832 0.027818 0.205078 0.617862 1.0 0.21875 0.617862 1.0 0.211914 0.620791 1.0 0.206055 0.629575 1.0 0.214844 0.63104 1.0
0 0.828125 0.262079 0.025391 0.04978 0.0 0.0 0.0 0.0 0.0 0.0 0.0 0.0 0.0 0.0 0.0 0.0 0.0 0.0 0.0
0 0.338379 0.330893 0.016602 0.032211 0.0 0.0 0.0 0.0 0.0 0.0 0.0 0.0 0.0 0.0 0.0 0.0 0.0 0.0 0.0