0 0.254395 0.433687 0.02832 0.058355 0.263585 0.430525 1.0 0.264666 0.42979 1.0 0.26899 0.4375 1.0 0.263585 0.451082 1.0 0.264396 0.450347 1.0
0 0.008789 0.350133 0.011719 0.018568 0.008964 0.34928 1.0 0.013759 0.349635 1.0 0.011579 0.352122 1.0 0.008964 0.355911 1.0 0.012713 0.356267 1.0
0 0.005859 0.43634 0.011719 0.03183 0.006435 0.43441 1.0 0.008807 0.43441 1.0 0.011178 0.439845 1.0 0.006731 0.444878 1.0 0.008214 0.444676 1.0
0 0.050293 0.350133 0.010742 0.018568 0.048558 0.349481 1.0 0.053545 0.349351 1.0 0.051339 0.352737 1.0 0.048462 0.355082 1.0 0.053545 0.355082 1.0
0 0.097168 0.340849 0.006836 0.015915 0.0 0.0 0.0 0.0 0.0 0.0 0.0 0.0 0.0 0.0 0.0 0.0 0.0 0.0 0.0
0 0.144531 0.416446 0.011719 0.023873 0.147521 0.412503 1.0 0.148202 0.412503 1.0 0.151263 0.418198 1.0 0.148089 0.423894 1.0 0.148655 0.42374 1.0
0 0.149902 0.336207 0.008789 0.017241 0.0 0.0 0.0 0.0 0.0 0.0 0.0 0.0 0.0 0.0 0.0 0.0 0.0 0.0 0.0
0 0.20459 0.355438 0.006836 0.013263 0.0 0.0 0.0 0.0 0.0 0.0 0.0 0.0 0.0 0.0 0.0 0.0 0.0 0.0 0.0
0 0.22998 0.353448 0.006836 0.014589 0.228655 0.351175 1.0 0.231864 0.351269 1.0 0.231445 0.353732 1.0 0.231515 0.357048 1.0 0.232003 0.356954 1.0
0 0.245117 0.337533 0.003906 0.006631 0.0 0.0 0.0 0.0 0.0 0.0 0.0 0.0 0.0 0.0 0.0 0.0 0.0 0.0 0.0
0 0.271484 0.396552 0.005859 0.013263 0.0 0.0 0.0 0.0 0.0 0.0 0.0 0.0 0.0 0.0 0.0 0.0 0.0 0.0 0.0
0 0.306641 0.407825 0.009766 0.019894 0.0 0.0 0.0 0.0 0.0 0.0 0.0 0.0 0.0 0.0 0.0 0.0 0.0 0.0 0.0
0 0.304199 0.348143 0.006836 0.014589 0.0 0.0 0.0 0.0 0.0 0.0 0.0 0.0 0.0 0.0 0.0 0.0 0.0 0.0 0.0
0 0.326172 0.339523 0.007812 0.015915 0.0 0.0 0.0 0.0 0.0 0.0 0.0 0.0 0.0 0.0 0.0 0.0 0.0 0.0 0.0
0 0.352539 0.344828 0.005859 0.013263 0.0 0.0 0.0 0.0 0.0 0.0 0.0 0.0 0.0 0.0 0.0 0.0 0.0 0.0 0.0
0 0.403809 0.335544 0.006836 0.013263 0.0 0.0 0.0 0.0 0.0 0.0 0.0 0.0 0.0 0.0 0.0 0.0 0.0 0.0 0.0
0 0.429199 0.350796 0.006836 0.011936 0.0 0.0 0.0 0.0 0.0 0.0 0.0 0.0 0.0 0.0 0.0 0.0 0.0 0.0 0.0
0 0.443848 0.350796 0.004883 0.011936 0.0 0.0 0.0 0.0 0.0 0.0 0.0 0.0 0.0 0.0 0.0 0.0 0.0 0.0 0.0
0 0.456543 0.354111 0.004883 0.01061 0.0 0.0 0.0 0.0 0.0 0.0 0.0 0.0 0.0 0.0 0.0 0.0 0.0 0.0 0.0
0 0.481934 0.350133 0.006836 0.013263 0.0 0.0 0.0 0.0 0.0 0.0 0.0 0.0 0.0 0.0 0.0 0.0 0.0 0.0 0.0
0 0.507324 0.353448 0.004883 0.009284 0.0 0.0 0.0 0.0 0.0 0.0 0.0 0.0 0.0 0.0 0.0 0.0 0.0 0.0 0.0
0 0.520996 0.352122 0.006836 0.011936 0.0 0.0 0.0 0.0 0.0 0.0 0.0 0.0 0.0 0.0 0.0 0.0 0.0 0.0 0.0
0 0.531738 0.352122 0.004883 0.011936 0.0 0.0 0.0 0.0 0.0 0.0 0.0 0.0 0.0 0.0 0.0 0.0 0.0 0.0 0.0
0 0.539551 0.361406 0.006836 0.011936 0.0 0.0 0.0 0.0 0.0 0.0 0.0 0.0 0.0 0.0 0.0 0.0 0.0 0.0 0.0
0 0.551758 0.354775 0.005859 0.011936 0.0 0.0 0.0 0.0 0.0 0.0 0.0 0.0 0.0 0.0 0.0 0.0 0.0 0.0 0.0
0 0.526367 0.403846 0.007812 0.019894 0.527404 0.403834 1.0 0.528172 0.403443 1.0 0.529707 0.407481 1.0 0.527885 0.412041 1.0 0.528651 0.41178 1.0
0 0.576172 0.353448 0.005859 0.009284 0.0 0.0 0.0 0.0 0.0 0.0 0.0 0.0 0.0 0.0 0.0 0.0 0.0 0.0 0.0
0 0.678711 0.339523 0.005859 0.013263 0.0 0.0 0.0 0.0 0.0 0.0 0.0 0.0 0.0 0.0 0.0 0.0 0.0 0.0 0.0
0 0.717285 0.348806 0.006836 0.01061 0.0 0.0 0.0 0.0 0.0 0.0 0.0 0.0 0.0 0.0 0.0 0.0 0.0 0.0 0.0
0 0.819336 0.338859 0.005859 0.009284 0.0 0.0 0.0 0.0 0.0 0.0 0.0 0.0 0.0 0.0 0.0 0.0 0.0 0.0 0.0
0 0.834961 0.341512 0.007812 0.014589 0.83245 0.341228 1.0 0.834682 0.341512 1.0 0.833287 0.343881 1.0 0.832729 0.346533 1.0 0.835449 0.346817 1.0
0 0.888184 0.359416 0.004883 0.01061 0.0 0.0 0.0 0.0 0.0 0.0 0.0 0.0 0.0 0.0 0.0 0.0 0.0 0.0 0.0
0 0.870605 0.358753 0.006836 0.011936 0.0 0.0 0.0 0.0 0.0 0.0 0.0 0.0 0.0 0.0 0.0 0.0 0.0 0.0 0.0