0 0.202148 0.559297 0.082031 0.083455 0.207764 0.543672 1.0 0.240051 0.544198 1.0 0.238647 0.557353 1.0 0.223205 0.579978 1.0 0.240051 0.579452 1.0
0 0.32666 0.604685 0.03418 0.040996 0.322039 0.592443 1.0 0.324105 0.596316 1.0 0.310673 0.60148 1.0 0.312396 0.612064 1.0 0.31515 0.61413 1.0
0 0.567871 0.562958 0.032227 0.036603 0.55971 0.557075 1.0 0.566615 0.557545 1.0 0.551862 0.562252 1.0 0.552804 0.571664 1.0 0.557826 0.57284 1.0
0 0.859375 0.561493 0.023438 0.029283 0.0 0.0 0.0 0.0 0.0 0.0 0.0 0.0 0.0 0.0 0.0 0.0 0.0 0.0 0.0
0 0.536133 0.491581 0.011719 0.010981 0.532279 0.489633 1.0 0.536979 0.489561 1.0 0.534484 0.491719 1.0 0.533813 0.4933 1.0 0.537074 0.493157 1.0
0 0.571289 0.482064 0.011719 0.009517 0.0 0.0 0.0 0.0 0.0 0.0 0.0 0.0 0.0 0.0 0.0 0.0 0.0 0.0 0.0
0 0.592773 0.460835 0.011719 0.010981 0.0 0.0 0.0 0.0 0.0 0.0 0.0 0.0 0.0 0.0 0.0 0.0 0.0 0.0 0.0
0 0.600586 0.47694 0.009766 0.012445 0.0 0.0 0.0 0.0 0.0 0.0 0.0 0.0 0.0 0.0 0.0 0.0 0.0 0.0 0.0
0 0.634766 0.472914 0.009766 0.011713 0.0 0.0 0.0 0.0 0.0 0.0 0.0 0.0 0.0 0.0 0.0 0.0 0.0 0.0 0.0
0 0.652344 0.483529 0.009766 0.010981 0.0 0.0 0.0 0.0 0.0 0.0 0.0 0.0 0.0 0.0 0.0 0.0 0.0 0.0 0.0
0 0.691406 0.486091 0.009766 0.010249 0.0 0.0 0.0 0.0 0.0 0.0 0.0 0.0 0.0 0.0 0.0 0.0 0.0 0.0 0.0
0 0.818359 0.570644 0.039062 0.031479 0.0 0.0 0.0 0.0 0.0 0.0 0.0 0.0 0.0 0.0 0.0 0.0 0.0 0.0 0.0
0 0.788086 0.573939 0.021484 0.027818 0.784049 0.570736 1.0 0.789699 0.571265 1.0 0.782637 0.573736 1.0 0.779576 0.580971 1.0 0.785461 0.581501 1.0
0 0.946289 0.686676 0.107422 0.095168 0.931867 0.681526 1.0 0.986917 0.684516 1.0 0.961387 0.709635 1.0 0.927878 0.714419 1.0 0.971758 0.71741 1.0
0 0.279297 0.545754 0.035156 0.041728 0.273646 0.5349 1.0 0.268703 0.53543 1.0 0.261287 0.543636 1.0 0.270469 0.555548 1.0 0.26729 0.556078 1.0
0 0.420898 0.536969 0.005859 0.005124 0.0 0.0 0.0 0.0 0.0 0.0 0.0 0.0 0.0 0.0 0.0 0.0 0.0 0.0 0.0
0 0.456543 0.502928 0.006836 0.007321 0.0 0.0 0.0 0.0 0.0 0.0 0.0 0.0 0.0 0.0 0.0 0.0 0.0 0.0 0.0
0 0.438477 0.507321 0.005859 0.005857 0.0 0.0 0.0 0.0 0.0 0.0 0.0 0.0 0.0 0.0 0.0 0.0 0.0 0.0 0.0
0 0.545898 0.484261 0.009766 0.009517 0.0 0.0 0.0 0.0 0.0 0.0 0.0 0.0 0.0 0.0 0.0 0.0 0.0 0.0 0.0
0 0.139648 0.709004 0.158203 0.211567 0.0 0.0 0.0 0.0 0.0 0.0 0.0 0.0 0.0 0.0 0.0 0.0 0.0 0.0 0.0
0 0.630371 0.556735 0.014648 0.012445 0.624556 0.555604 1.0 0.624896 0.555689 1.0 0.623762 0.559938 1.0 0.627389 0.561127 1.0 0.627843 0.561297 1.0