0 0.395508 0.718155 0.021484 0.045388 0.387067 0.70822 1.0 0.394165 0.707933 1.0 0.388026 0.714835 1.0 0.387451 0.729789 1.0 0.395892 0.722312 1.0
0 0.553223 0.707174 0.024414 0.046852 0.543108 0.699095 1.0 0.554339 0.700299 1.0 0.544312 0.707816 1.0 0.542507 0.717136 1.0 0.550328 0.716534 1.0
0 0.581543 0.70205 0.018555 0.033675 0.0 0.0 0.0 0.0 0.0 0.0 0.0 0.0 0.0 0.0 0.0 0.0 0.0 0.0 0.0
0 0.359863 0.710835 0.022461 0.036603 0.353236 0.702808 1.0 0.362811 0.702337 1.0 0.357631 0.708455 1.0 0.354021 0.718808 1.0 0.363752 0.717868 1.0
0 0.330078 0.720351 0.019531 0.032211 0.0 0.0 0.0 0.0 0.0 0.0 0.0 0.0 0.0 0.0 0.0 0.0 0.0 0.0 0.0
0 0.258301 0.704246 0.024414 0.040996 0.252986 0.697618 1.0 0.265141 0.69869 1.0 0.258885 0.706729 1.0 0.251735 0.716378 1.0 0.262996 0.716378 1.0
0 0.188965 0.66325 0.049805 0.064422 0.183454 0.644845 1.0 0.192243 0.641079 1.0 0.200719 0.650962 1.0 0.196952 0.674963 1.0 0.207311 0.673081 1.0
0 0.074707 0.678624 0.024414 0.036603 0.069545 0.676441 1.0 0.078417 0.671362 1.0 0.075514 0.679343 1.0 0.074062 0.689984 1.0 0.079869 0.687082 1.0
0 0.098633 0.663982 0.019531 0.033675 0.092809 0.663028 1.0 0.103036 0.658805 1.0 0.098589 0.666584 1.0 0.094438 0.674807 1.0 0.103036 0.672139 1.0
0 0.023438 0.626647 0.037109 0.064422 0.023865 0.608621 1.0 0.038971 0.612327 1.0 0.037323 0.625092 1.0 0.023041 0.639504 1.0 0.034576 0.642387 1.0
0 0.400391 0.682284 0.021484 0.032211 0.0 0.0 0.0 0.0 0.0 0.0 0.0 0.0 0.0 0.0 0.0 0.0 0.0 0.0 0.0
0 0.361816 0.686676 0.016602 0.038067 0.0 0.0 0.0 0.0 0.0 0.0 0.0 0.0 0.0 0.0 0.0 0.0 0.0 0.0 0.0
0 0.311523 0.688873 0.009766 0.019034 0.0 0.0 0.0 0.0 0.0 0.0 0.0 0.0 0.0 0.0 0.0 0.0 0.0 0.0 0.0
0 0.282715 0.699122 0.016602 0.033675 0.274519 0.694612 1.0 0.282968 0.693278 1.0 0.276149 0.702389 1.0 0.274074 0.712168 1.0 0.279262 0.712389 1.0
0 0.213379 0.534407 0.010742 0.023426 0.0 0.0 0.0 0.0 0.0 0.0 0.0 0.0 0.0 0.0 0.0 0.0 0.0 0.0 0.0
0 0.162598 0.532943 0.012695 0.023426 0.0 0.0 0.0 0.0 0.0 0.0 0.0 0.0 0.0 0.0 0.0 0.0 0.0 0.0 0.0
0 0.777344 0.729136 0.027344 0.038067 0.770734 0.720502 1.0 0.783146 0.723051 1.0 0.776176 0.728404 1.0 0.771755 0.737072 1.0 0.780937 0.738091 1.0
0 0.825195 0.740117 0.027344 0.039531 0.819092 0.732849 1.0 0.827812 0.732587 1.0 0.822754 0.739647 1.0 0.820487 0.749321 1.0 0.827288 0.750104 1.0
0 0.916016 0.72328 0.035156 0.055637 0.904009 0.713919 1.0 0.920074 0.715357 1.0 0.910723 0.726861 1.0 0.906407 0.736208 1.0 0.915039 0.736927 1.0
0 0.726074 0.720351 0.022461 0.038067 0.72039 0.713946 1.0 0.729021 0.713946 1.0 0.725883 0.722652 1.0 0.721017 0.72877 1.0 0.730591 0.728534 1.0
0 0.783691 0.691801 0.020508 0.033675 0.0 0.0 0.0 0.0 0.0 0.0 0.0 0.0 0.0 0.0 0.0 0.0 0.0 0.0 0.0
0 0.801758 0.713763 0.021484 0.033675 0.0 0.0 0.0 0.0 0.0 0.0 0.0 0.0 0.0 0.0 0.0 0.0 0.0 0.0 0.0
0 0.744629 0.726208 0.014648 0.023426 0.0 0.0 0.0 0.0 0.0 0.0 0.0 0.0 0.0 0.0 0.0 0.0 0.0 0.0 0.0
0 0.750488 0.697657 0.016602 0.030747 0.0 0.0 0.0 0.0 0.0 0.0 0.0 0.0 0.0 0.0 0.0 0.0 0.0 0.0 0.0
0 0.862793 0.712299 0.026367 0.039531 0.0 0.0 0.0 0.0 0.0 0.0 0.0 0.0 0.0 0.0 0.0 0.0 0.0 0.0 0.0
0 0.021973 0.583455 0.030273 0.051245 0.0 0.0 0.0 0.0 0.0 0.0 0.0 0.0 0.0 0.0 0.0 0.0 0.0 0.0 0.0
0 0.436035 0.691069 0.014648 0.029283 0.0 0.0 0.0 0.0 0.0 0.0 0.0 0.0 0.0 0.0 0.0 0.0 0.0 0.0 0.0