0 0.129883 0.213264 0.125 0.215865 0.109078 0.15445 1.0 0.171042 0.166624 1.0 0.135489 0.22614 1.0 0.098921 0.238313 1.0 0.150727 0.259956 1.0
0 0.437012 0.306242 0.036133 0.053316 0.429553 0.293912 1.0 0.444985 0.290144 1.0 0.437012 0.304871 1.0 0.432639 0.319257 1.0 0.445757 0.31823 1.0
0 0.568359 0.370611 0.035156 0.046814 0.566406 0.364109 1.0 0.583008 0.362809 1.0 0.578125 0.374512 1.0 0.569336 0.387516 1.0 0.582031 0.384915 1.0
0 0.487793 0.56762 0.02832 0.045514 0.483163 0.562326 1.0 0.497114 0.562326 1.0 0.489484 0.574226 1.0 0.484907 0.583805 1.0 0.491664 0.584096 1.0
0 0.388184 0.411573 0.036133 0.055917 0.380472 0.400358 1.0 0.399354 0.402129 1.0 0.390577 0.41346 1.0 0.383663 0.421605 1.0 0.394566 0.424085 1.0
0 0.599121 0.637191 0.026367 0.03381 0.593994 0.63257 1.0 0.606254 0.626835 1.0 0.602443 0.638746 1.0 0.602277 0.648454 1.0 0.606254 0.645806 1.0
0 0.641602 0.559168 0.027344 0.036411 0.636719 0.551365 1.0 0.650391 0.550065 1.0 0.642578 0.556567 1.0 0.637695 0.56697 1.0 0.647461 0.56697 1.0
0 0.751465 0.540312 0.016602 0.029909 0.747293 0.536289 1.0 0.757938 0.536863 1.0 0.754486 0.541653 1.0 0.751465 0.549316 1.0 0.756213 0.549316 1.0
0 0.782715 0.336801 0.026367 0.041612 0.782313 0.330961 1.0 0.792341 0.327757 1.0 0.789333 0.336836 1.0 0.785322 0.347251 1.0 0.792341 0.344046 1.0
0 0.852539 0.276983 0.027344 0.046814 0.845668 0.270551 1.0 0.861764 0.270248 1.0 0.854736 0.281419 1.0 0.848842 0.289871 1.0 0.85723 0.28957 1.0
0 0.914551 0.546164 0.022461 0.036411 0.907994 0.539429 1.0 0.91898 0.539198 1.0 0.912877 0.547325 1.0 0.90904 0.555453 1.0 0.916539 0.55615 1.0
0 0.798828 0.8329 0.097656 0.162549 0.780273 0.79974 1.0 0.826172 0.79844 1.0 0.808594 0.83485 1.0 0.791016 0.869961 1.0 0.824219 0.871261 1.0
0 0.23291 0.694408 0.057617 0.091027 0.215589 0.68801 1.0 0.244938 0.682264 1.0 0.229832 0.711 1.0 0.226379 0.721919 1.0 0.245802 0.717896 1.0
0 0.118652 0.587776 0.067383 0.096229 0.109467 0.569449 1.0 0.139679 0.579811 1.0 0.122284 0.607852 1.0 0.103058 0.601756 1.0 0.123199 0.615165 1.0
0 0.740723 0.117685 0.038086 0.061118 0.734977 0.10835 1.0 0.751918 0.106795 1.0 0.747245 0.121964 1.0 0.737897 0.129743 1.0 0.75075 0.131688 1.0
0 0.807129 0.171001 0.030273 0.045514 0.804845 0.161644 1.0 0.818142 0.162514 1.0 0.81509 0.172092 1.0 0.804408 0.18022 1.0 0.816615 0.180801 1.0
0 0.924805 0.171001 0.027344 0.045514 0.920898 0.162549 1.0 0.935547 0.162549 1.0 0.928711 0.170351 1.0 0.922852 0.180754 1.0 0.933594 0.180754 1.0
0 0.874512 0.084525 0.030273 0.054616 0.871931 0.07338 1.0 0.885271 0.072334 1.0 0.880824 0.086964 1.0 0.874023 0.098109 1.0 0.883702 0.097762 1.0
0 0.907715 0.291287 0.030273 0.041612 0.901145 0.285674 1.0 0.915074 0.282277 1.0 0.9086 0.29325 1.0 0.904676 0.301087 1.0 0.915662 0.299257 1.0