0 0.025879 0.111222 0.014648 0.038076 0.025146 0.10496 1.0 0.030762 0.104709 1.0 0.028442 0.113978 1.0 0.026489 0.118236 1.0 0.030518 0.118236 1.0
0 0.046875 0.134269 0.015625 0.036072 0.04368 0.131335 1.0 0.052037 0.129884 1.0 0.048035 0.138581 1.0 0.045562 0.144379 1.0 0.051095 0.142928 1.0
0 0.057617 0.082164 0.015625 0.036072 0.05637 0.07821 1.0 0.063512 0.07914 1.0 0.060904 0.085421 1.0 0.056824 0.089607 1.0 0.061812 0.090772 1.0
0 0.091309 0.116232 0.014648 0.032064 0.0 0.0 0.0 0.0 0.0 0.0 0.0 0.0 0.0 0.0 0.0 0.0 0.0 0.0 0.0
0 0.108398 0.09519 0.015625 0.038076 0.106851 0.090118 1.0 0.112618 0.090842 1.0 0.109794 0.098331 1.0 0.107321 0.103403 1.0 0.11203 0.102679 1.0
0 0.12793 0.151303 0.013672 0.034068 0.125916 0.143707 1.0 0.132128 0.143483 1.0 0.129186 0.150864 1.0 0.125916 0.156904 1.0 0.132455 0.156679 1.0
0 0.141113 0.118236 0.014648 0.036072 0.139265 0.113208 1.0 0.144819 0.112511 1.0 0.142438 0.121118 1.0 0.139151 0.125537 1.0 0.144139 0.125072 1.0
0 0.15918 0.071142 0.013672 0.034068 0.156896 0.064888 1.0 0.162018 0.064441 1.0 0.160274 0.072493 1.0 0.157331 0.076295 1.0 0.162672 0.075625 1.0
0 0.174805 0.104208 0.011719 0.032064 0.171596 0.099699 1.0 0.177246 0.099914 1.0 0.174525 0.107429 1.0 0.172224 0.112367 1.0 0.176827 0.112152 1.0
0 0.199219 0.112224 0.015625 0.036072 0.0 0.0 0.0 0.0 0.0 0.0 0.0 0.0 0.0 0.0 0.0 0.0 0.0 0.0 0.0
0 0.229004 0.113226 0.014648 0.034068 0.227479 0.110096 1.0 0.233363 0.110766 1.0 0.230639 0.117477 1.0 0.227479 0.121279 1.0 0.233036 0.121279 1.0
0 0.268555 0.107214 0.013672 0.034068 0.267086 0.10386 1.0 0.272862 0.10386 1.0 0.269811 0.11303 1.0 0.266432 0.117503 1.0 0.272317 0.117727 1.0
0 0.287109 0.074148 0.015625 0.032064 0.284314 0.070884 1.0 0.290933 0.069443 1.0 0.288025 0.078908 1.0 0.285819 0.084669 1.0 0.29003 0.084669 1.0
0 0.302246 0.131263 0.014648 0.03006 0.0 0.0 0.0 0.0 0.0 0.0 0.0 0.0 0.0 0.0 0.0 0.0 0.0 0.0 0.0
0 0.34082 0.148297 0.011719 0.032064 0.338627 0.146884 1.0 0.344343 0.144413 1.0 0.342338 0.153673 1.0 0.338728 0.15779 1.0 0.345446 0.155525 1.0
0 0.336426 0.087174 0.014648 0.038076 0.334351 0.083417 1.0 0.340332 0.083417 1.0 0.337891 0.090932 1.0 0.334351 0.097946 1.0 0.340698 0.097695 1.0
0 0.378906 0.146293 0.013672 0.032064 0.375021 0.14097 1.0 0.381238 0.140764 1.0 0.378531 0.148583 1.0 0.375724 0.154962 1.0 0.380637 0.155168 1.0
0 0.379883 0.103206 0.013672 0.03006 0.379874 0.097677 1.0 0.386396 0.098858 1.0 0.383423 0.107715 1.0 0.378243 0.112834 1.0 0.384094 0.113818 1.0
0 0.08252 0.282565 0.012695 0.036072 0.0 0.0 0.0 0.0 0.0 0.0 0.0 0.0 0.0 0.0 0.0 0.0 0.0 0.0 0.0
0 0.154297 0.224449 0.015625 0.036072 0.0 0.0 0.0 0.0 0.0 0.0 0.0 0.0 0.0 0.0 0.0 0.0 0.0 0.0 0.0
0 0.20166 0.304609 0.012695 0.032064 0.199638 0.300046 1.0 0.205584 0.300242 1.0 0.202706 0.307723 1.0 0.200117 0.312643 1.0 0.204816 0.313036 1.0
0 0.240723 0.280561 0.012695 0.032064 0.239083 0.273439 1.0 0.244838 0.273439 1.0 0.241673 0.282493 1.0 0.239755 0.289579 1.0 0.243783 0.289186 1.0
0 0.279785 0.252505 0.016602 0.04008 0.276367 0.250501 1.0 0.283081 0.248747 1.0 0.280029 0.258267 1.0 0.278198 0.261022 1.0 0.282715 0.260521 1.0
0 0.24707 0.331663 0.013672 0.03006 0.243992 0.32515 1.0 0.249843 0.327513 1.0 0.246773 0.333024 1.0 0.242842 0.336764 1.0 0.249843 0.339715 1.0
0 0.287109 0.347695 0.013672 0.034068 0.284769 0.344565 1.0 0.29 0.343445 1.0 0.287493 0.349485 1.0 0.284877 0.356194 1.0 0.290872 0.355747 1.0
0 0.337402 0.346693 0.014648 0.028056 0.334517 0.344707 1.0 0.340175 0.34392 1.0 0.337586 0.351399 1.0 0.335763 0.35691 1.0 0.339888 0.355926 1.0
0 0.402344 0.326653 0.013672 0.032064 0.0 0.0 0.0 0.0 0.0 0.0 0.0 0.0 0.0 0.0 0.0 0.0 0.0 0.0 0.0
0 0.394531 0.365731 0.011719 0.026052 0.0 0.0 0.0 0.0 0.0 0.0 0.0 0.0 0.0 0.0 0.0 0.0 0.0 0.0 0.0
0 0.333984 0.203407 0.015625 0.038076 0.331966 0.199058 1.0 0.338558 0.198092 1.0 0.335968 0.20703 1.0 0.333143 0.213551 1.0 0.338087 0.212828 1.0
0 0.399902 0.223447 0.012695 0.034068 0.397636 0.218491 1.0 0.404097 0.218259 1.0 0.401036 0.228028 1.0 0.398202 0.231749 1.0 0.403529 0.231749 1.0
0 0.399414 0.08016 0.011719 0.032064 0.397636 0.079086 1.0 0.402763 0.079086 1.0 0.399938 0.086172 1.0 0.396903 0.088964 1.0 0.403495 0.089178 1.0
0 0.147461 0.160321 0.009766 0.016032 0.0 0.0 0.0 0.0 0.0 0.0 0.0 0.0 0.0 0.0 0.0 0.0 0.0 0.0 0.0
0 0.42041 0.099198 0.014648 0.034068 0.417145 0.097633 1.0 0.42314 0.094948 1.0 0.421396 0.103 1.0 0.418562 0.109934 1.0 0.424557 0.107251 1.0
0 0.456055 0.121242 0.013672 0.034068 0.453007 0.118335 1.0 0.458239 0.11923 1.0 0.455078 0.126834 1.0 0.452571 0.132202 1.0 0.457585 0.132874 1.0
0 0.433594 0.141283 0.015625 0.038076 0.0 0.0 0.0 0.0 0.0 0.0 0.0 0.0 0.0 0.0 0.0 0.0 0.0 0.0 0.0
0 0.455078 0.204409 0.013672 0.036072 0.452519 0.197144 1.0 0.459168 0.197591 1.0 0.45557 0.204972 1.0 0.452301 0.212802 1.0 0.458404 0.213248 1.0
0 0.463379 0.096192 0.012695 0.032064 0.0 0.0 0.0 0.0 0.0 0.0 0.0 0.0 0.0 0.0 0.0 0.0 0.0 0.0 0.0
0 0.494629 0.099198 0.014648 0.034068 0.492453 0.094948 1.0 0.496922 0.094948 1.0 0.494524 0.106132 1.0 0.492453 0.109711 1.0 0.496486 0.109711 1.0
0 0.52832 0.082164 0.013672 0.032064 0.526528 0.077459 1.0 0.532244 0.076842 1.0 0.529236 0.084661 1.0 0.525325 0.09001 1.0 0.531943 0.089804 1.0
0 0.533203 0.119238 0.011719 0.03006 0.530709 0.11677 1.0 0.536324 0.11718 1.0 0.533116 0.124589 1.0 0.53111 0.128086 1.0 0.535924 0.128293 1.0
0 0.550293 0.133267 0.016602 0.034068 0.547351 0.129473 1.0 0.55389 0.130591 1.0 0.550184 0.138196 1.0 0.548768 0.141998 1.0 0.552582 0.142669 1.0
0 0.57959 0.12024 0.010742 0.032064 0.0 0.0 0.0 0.0 0.0 0.0 0.0 0.0 0.0 0.0 0.0 0.0 0.0 0.0 0.0
0 0.618652 0.127255 0.012695 0.034068 0.615827 0.122172 1.0 0.62221 0.122818 1.0 0.618652 0.129259 1.0 0.616664 0.133768 1.0 0.621896 0.134627 1.0
0 0.651367 0.107214 0.015625 0.038076 0.647565 0.102796 1.0 0.652745 0.102553 1.0 0.649566 0.111248 1.0 0.647801 0.11922 1.0 0.652274 0.118255 1.0
0 0.671387 0.089178 0.014648 0.034068 0.668064 0.085377 1.0 0.674822 0.087613 1.0 0.670789 0.092758 1.0 0.666975 0.097006 1.0 0.674604 0.09902 1.0
0 0.691406 0.118236 0.011719 0.032064 0.688616 0.115373 1.0 0.693743 0.114944 1.0 0.690709 0.122673 1.0 0.688302 0.127613 1.0 0.693429 0.127613 1.0
0 0.645508 0.213427 0.015625 0.034068 0.640987 0.210966 1.0 0.647744 0.207164 1.0 0.645455 0.217006 1.0 0.644692 0.224162 1.0 0.648616 0.221032 1.0
0 0.700195 0.207415 0.015625 0.038076 0.698312 0.198647 1.0 0.705139 0.200579 1.0 0.701844 0.207102 1.0 0.698076 0.2129 1.0 0.703256 0.214832 1.0
0 0.594727 0.213427 0.013672 0.034068 0.0 0.0 0.0 0.0 0.0 0.0 0.0 0.0 0.0 0.0 0.0 0.0 0.0 0.0 0.0
0 0.557617 0.206413 0.013672 0.04008 0.554121 0.200778 1.0 0.561184 0.201313 1.0 0.557521 0.209365 1.0 0.554252 0.216074 1.0 0.561707 0.21688 1.0
0 0.507324 0.198397 0.016602 0.036072 0.503993 0.19184 1.0 0.511056 0.191597 1.0 0.507289 0.199086 1.0 0.504936 0.207539 1.0 0.509762 0.207299 1.0
0 0.456543 0.325651 0.012695 0.034068 0.453709 0.322968 1.0 0.459485 0.322521 1.0 0.456543 0.330571 1.0 0.454254 0.335493 1.0 0.45905 0.335269 1.0
0 0.45459 0.365731 0.010742 0.026052 0.0 0.0 0.0 0.0 0.0 0.0 0.0 0.0 0.0 0.0 0.0 0.0 0.0 0.0 0.0
0 0.515137 0.355711 0.012695 0.03006 0.0 0.0 0.0 0.0 0.0 0.0 0.0 0.0 0.0 0.0 0.0 0.0 0.0 0.0 0.0
0 0.562012 0.368737 0.012695 0.028056 0.560355 0.365517 1.0 0.565499 0.364802 1.0 0.563232 0.370884 1.0 0.561401 0.377864 1.0 0.564715 0.378042 1.0
0 0.624023 0.309619 0.015625 0.038076 0.621299 0.303339 1.0 0.629067 0.304064 1.0 0.624947 0.31276 1.0 0.621063 0.315657 1.0 0.627537 0.316866 1.0
0 0.685059 0.380762 0.014648 0.032064 0.68171 0.377756 1.0 0.687779 0.376038 1.0 0.685059 0.383124 1.0 0.681815 0.390208 1.0 0.689767 0.389136 1.0
0 0.737793 0.098196 0.016602 0.036072 0.735412 0.093078 1.0 0.741193 0.093078 1.0 0.738813 0.101453 1.0 0.735979 0.106104 1.0 0.741193 0.106337 1.0
0 0.771973 0.125251 0.014648 0.034068 0.76974 0.121449 1.0 0.774646 0.121896 1.0 0.772574 0.130395 1.0 0.76974 0.136433 1.0 0.774536 0.136882 1.0
0 0.786133 0.084168 0.017578 0.036072 0.784852 0.079838 1.0 0.790858 0.08007 1.0 0.788139 0.086118 1.0 0.784624 0.093096 1.0 0.791312 0.093563 1.0
0 0.831543 0.11022 0.016602 0.04008 0.828399 0.105068 1.0 0.834848 0.106623 1.0 0.831308 0.11778 1.0 0.828526 0.120894 1.0 0.833963 0.121152 1.0
0 0.863281 0.082164 0.015625 0.04008 0.0 0.0 0.0 0.0 0.0 0.0 0.0 0.0 0.0 0.0 0.0 0.0 0.0 0.0 0.0
0 0.910645 0.119238 0.016602 0.038076 0.908447 0.116232 1.0 0.914795 0.117485 1.0 0.911377 0.122996 1.0 0.908569 0.129008 1.0 0.914307 0.130762 1.0
0 0.933594 0.156313 0.013672 0.032064 0.929339 0.148511 1.0 0.936559 0.148511 1.0 0.932478 0.155168 1.0 0.930489 0.162898 1.0 0.935407 0.162898 1.0
0 0.960449 0.262525 0.016602 0.036072 0.956059 0.255968 1.0 0.963593 0.254034 1.0 0.960297 0.265629 1.0 0.956647 0.269495 1.0 0.966183 0.267321 1.0
0 0.919434 0.259519 0.016602 0.034068 0.916766 0.255269 1.0 0.923196 0.256611 1.0 0.91949 0.26198 1.0 0.916874 0.268242 1.0 0.922215 0.268914 1.0
0 0.883789 0.212425 0.015625 0.04008 0.880946 0.208667 1.0 0.887094 0.209473 1.0 0.883955 0.216988 1.0 0.880946 0.223966 1.0 0.885655 0.223966 1.0
0 0.867188 0.240481 0.015625 0.036072 0.862278 0.236383 1.0 0.868286 0.233126 1.0 0.865906 0.243595 1.0 0.863865 0.249641 1.0 0.871007 0.245222 1.0
0 0.824219 0.229459 0.015625 0.034068 0.820487 0.224377 1.0 0.826974 0.225022 1.0 0.822998 0.233395 1.0 0.820068 0.238335 1.0 0.827497 0.238549 1.0
0 0.78418 0.241483 0.015625 0.042084 0.778722 0.235649 1.0 0.786568 0.236723 1.0 0.781468 0.24585 1.0 0.779375 0.251216 1.0 0.784737 0.251216 1.0
0 0.797363 0.290581 0.014648 0.036072 0.795288 0.283691 1.0 0.800729 0.283459 1.0 0.798235 0.289972 1.0 0.794722 0.29509 1.0 0.802202 0.294625 1.0
0 0.863281 0.335671 0.013672 0.034068 0.859271 0.329874 1.0 0.865967 0.32923 1.0 0.861886 0.34018 1.0 0.859062 0.342327 1.0 0.867327 0.341898 1.0
0 0.925781 0.334669 0.015625 0.032064 0.922084 0.328729 1.0 0.928571 0.328944 1.0 0.924805 0.336888 1.0 0.922921 0.340323 1.0 0.926897 0.340968 1.0
0 0.800293 0.359719 0.012695 0.026052 0.798885 0.355335 1.0 0.803109 0.353806 1.0 0.801453 0.359585 1.0 0.799879 0.364685 1.0 0.803192 0.363665 1.0
0 0.738281 0.390782 0.015625 0.028056 0.736188 0.384868 1.0 0.742606 0.385074 1.0 0.738996 0.393305 1.0 0.736891 0.398449 1.0 0.740701 0.398655 1.0
0 0.728516 0.309619 0.009766 0.022044 0.0 0.0 0.0 0.0 0.0 0.0 0.0 0.0 0.0 0.0 0.0 0.0 0.0 0.0 0.0
0 0.752441 0.274549 0.014648 0.036072 0.0 0.0 0.0 0.0 0.0 0.0 0.0 0.0 0.0 0.0 0.0 0.0 0.0 0.0 0.0