0 0.83252 0.345513 0.038086 0.057692 0.819964 0.334982 1.0 0.837821 0.334249 1.0 0.825823 0.348168 1.0 0.821358 0.358424 1.0 0.8381 0.35586 1.0
0 0.782227 0.304487 0.039062 0.05 0.773682 0.292949 1.0 0.787109 0.292949 1.0 0.780518 0.306731 1.0 0.776123 0.314103 1.0 0.789795 0.313141 1.0
0 0.774414 0.382051 0.035156 0.053846 0.768267 0.370942 1.0 0.784729 0.372631 1.0 0.778299 0.387151 1.0 0.770324 0.393229 1.0 0.781385 0.394242 1.0
0 0.631348 0.458333 0.038086 0.055128 0.622925 0.447162 1.0 0.641807 0.448558 1.0 0.631169 0.457286 1.0 0.623723 0.469505 1.0 0.63835 0.469855 1.0
0 0.702148 0.322436 0.037109 0.060256 0.695431 0.30965 1.0 0.71208 0.315785 1.0 0.700688 0.329206 1.0 0.691633 0.329973 1.0 0.705069 0.336109 1.0
0 0.600586 0.352564 0.035156 0.051282 0.589669 0.342788 1.0 0.603834 0.337569 1.0 0.600354 0.350945 1.0 0.597373 0.366277 1.0 0.610543 0.360405 1.0
0 0.538086 0.398718 0.035156 0.051282 0.530151 0.388617 1.0 0.544564 0.387637 1.0 0.537854 0.404276 1.0 0.530151 0.406559 1.0 0.545062 0.407212 1.0
0 0.485352 0.357692 0.03125 0.04359 0.473145 0.350915 1.0 0.484654 0.347069 1.0 0.478376 0.361081 1.0 0.479213 0.370422 1.0 0.488002 0.365751 1.0
0 0.433105 0.367308 0.038086 0.055128 0.423043 0.357881 1.0 0.441659 0.356833 1.0 0.432883 0.368704 1.0 0.424373 0.376735 1.0 0.441394 0.376036 1.0
0 0.416992 0.317308 0.033203 0.042308 0.4133 0.305809 1.0 0.427826 0.307772 1.0 0.423126 0.318149 1.0 0.415649 0.328806 1.0 0.422912 0.329367 1.0
0 0.355469 0.308974 0.035156 0.053846 0.346161 0.29751 1.0 0.35866 0.295067 1.0 0.352277 0.310079 1.0 0.348022 0.318808 1.0 0.363181 0.316363 1.0
0 0.343262 0.484615 0.036133 0.051282 0.334333 0.482344 1.0 0.348995 0.477123 1.0 0.342285 0.493435 1.0 0.338061 0.499308 1.0 0.354213 0.494087 1.0
0 0.282715 0.434615 0.038086 0.053846 0.274292 0.424547 1.0 0.291312 0.424547 1.0 0.281473 0.438164 1.0 0.275622 0.444099 1.0 0.288387 0.444797 1.0
0 0.251953 0.326923 0.037109 0.053846 0.246529 0.316026 1.0 0.262486 0.318086 1.0 0.254377 0.329762 1.0 0.247053 0.33354 1.0 0.261178 0.334569 1.0
0 0.20166 0.380128 0.036133 0.055128 0.195312 0.370513 1.0 0.213867 0.373077 1.0 0.205078 0.382051 1.0 0.193359 0.385897 1.0 0.211914 0.388462 1.0
0 0.106934 0.365385 0.038086 0.053846 0.099383 0.356113 1.0 0.116908 0.353022 1.0 0.109062 0.369849 1.0 0.098598 0.375 1.0 0.116908 0.373969 1.0