0 0.150391 0.127193 0.058594 0.105263 0.143677 0.111882 1.0 0.167689 0.112547 1.0 0.15924 0.137178 1.0 0.141453 0.150494 1.0 0.165467 0.154488 1.0
0 0.26123 0.173246 0.040039 0.068713 0.266876 0.173971 1.0 0.277976 0.174845 1.0 0.274763 0.187089 1.0 0.266876 0.201082 1.0 0.275347 0.201082 1.0
0 0.388184 0.143275 0.055664 0.102339 0.367676 0.131579 1.0 0.39032 0.137336 1.0 0.376648 0.155885 1.0 0.367676 0.167398 1.0 0.390747 0.171874 1.0
0 0.537109 0.158626 0.054688 0.097953 0.525146 0.145012 1.0 0.548096 0.140716 1.0 0.537031 0.159121 1.0 0.529654 0.178754 1.0 0.548915 0.176914 1.0
0 0.671875 0.224415 0.058594 0.095029 0.65625 0.211988 1.0 0.681641 0.209064 1.0 0.669922 0.229532 1.0 0.661133 0.247076 1.0 0.681641 0.24269 1.0
0 0.796387 0.240497 0.051758 0.089181 0.7839 0.222365 1.0 0.807521 0.222365 1.0 0.793648 0.244817 1.0 0.78315 0.258289 1.0 0.808646 0.256605 1.0
0 0.705078 0.369152 0.050781 0.083333 0.694336 0.355263 1.0 0.71875 0.352339 1.0 0.708984 0.368421 1.0 0.704102 0.393275 1.0 0.71875 0.387427 1.0
0 0.279297 0.571637 0.070312 0.119883 0.267099 0.55487 1.0 0.296684 0.567088 1.0 0.28036 0.577779 1.0 0.260978 0.595342 1.0 0.285461 0.608325 1.0
0 0.36377 0.519006 0.047852 0.081871 0.351371 0.510541 1.0 0.373413 0.507447 1.0 0.359292 0.522399 1.0 0.354126 0.545086 1.0 0.369625 0.543539 1.0
0 0.435059 0.527047 0.057617 0.092105 0.434958 0.515129 1.0 0.456299 0.516871 1.0 0.44815 0.540687 1.0 0.431466 0.549401 1.0 0.450479 0.551724 1.0
0 0.643066 0.740497 0.055664 0.095029 0.639684 0.738566 1.0 0.659737 0.734363 1.0 0.651314 0.754177 1.0 0.640084 0.771591 1.0 0.656128 0.771591 1.0
0 0.772949 0.565058 0.071289 0.121345 0.752397 0.550465 1.0 0.785836 0.546614 1.0 0.770918 0.5805 1.0 0.757542 0.595133 1.0 0.785836 0.593594 1.0
0 0.761719 0.905702 0.054688 0.106725 0.743757 0.894156 1.0 0.763964 0.8955 1.0 0.74735 0.907601 1.0 0.745553 0.923735 1.0 0.761719 0.924408 1.0