0 0.097656 0.575305 0.015625 0.018826 0.0 0.0 0.0 0.0 0.0 0.0 0.0 0.0 0.0 0.0 0.0 0.0 0.0 0.0 0.0
0 0.145996 0.642857 0.020508 0.03433 0.0 0.0 0.0 0.0 0.0 0.0 0.0 0.0 0.0 0.0 0.0 0.0 0.0 0.0 0.0
0 0.322266 0.704873 0.013672 0.0299 0.0 0.0 0.0 0.0 0.0 0.0 0.0 0.0 0.0 0.0 0.0 0.0 0.0 0.0 0.0
0 0.367188 0.708195 0.015625 0.021041 0.0 0.0 0.0 0.0 0.0 0.0 0.0 0.0 0.0 0.0 0.0 0.0 0.0 0.0 0.0
0 0.46582 0.545958 0.025391 0.033223 0.463832 0.54094 1.0 0.474893 0.543065 1.0 0.471519 0.54753 1.0 0.464582 0.554332 1.0 0.470769 0.555821 1.0
0 0.480469 0.481728 0.015625 0.019934 0.477565 0.478257 1.0 0.4838 0.477743 1.0 0.480966 0.48237 1.0 0.478019 0.488797 1.0 0.484933 0.488669 1.0
0 0.411133 0.487265 0.013672 0.019934 0.0 0.0 0.0 0.0 0.0 0.0 0.0 0.0 0.0 0.0 0.0 0.0 0.0 0.0 0.0
0 0.293945 0.490033 0.013672 0.018826 0.292585 0.486909 1.0 0.298253 0.487038 1.0 0.294853 0.492436 1.0 0.293152 0.496806 1.0 0.297232 0.497063 1.0
0 0.552246 0.471761 0.014648 0.019934 0.0 0.0 0.0 0.0 0.0 0.0 0.0 0.0 0.0 0.0 0.0 0.0 0.0 0.0 0.0
0 0.74707 0.487818 0.029297 0.036545 0.743509 0.480616 1.0 0.755188 0.482707 1.0 0.747196 0.491536 1.0 0.74105 0.495254 1.0 0.751705 0.497113 1.0
0 0.990723 0.569214 0.018555 0.031008 0.985456 0.56514 1.0 0.993652 0.565536 1.0 0.987549 0.570875 1.0 0.985805 0.577796 1.0 0.990339 0.577796 1.0
0 0.98877 0.466777 0.014648 0.018826 0.9855 0.465542 1.0 0.991494 0.464677 1.0 0.987897 0.468878 1.0 0.986808 0.472834 1.0 0.991167 0.472339 1.0
0 0.253418 0.573643 0.010742 0.022148 0.0 0.0 0.0 0.0 0.0 0.0 0.0 0.0 0.0 0.0 0.0 0.0 0.0 0.0 0.0
0 0.163086 0.581395 0.009766 0.022148 0.0 0.0 0.0 0.0 0.0 0.0 0.0 0.0 0.0 0.0 0.0 0.0 0.0 0.0 0.0
0 0.075684 0.56866 0.014648 0.023256 0.0 0.0 0.0 0.0 0.0 0.0 0.0 0.0 0.0 0.0 0.0 0.0 0.0 0.0 0.0