0 0.896973 0.335052 0.018555 0.030928 0.891602 0.328424 1.0 0.900391 0.328424 1.0 0.896484 0.334315 1.0 0.892578 0.343152 1.0 0.899414 0.341679 1.0
0 0.879883 0.293814 0.019531 0.033873 0.875 0.28866 1.0 0.882812 0.287187 1.0 0.878906 0.293078 1.0 0.875977 0.301915 1.0 0.882812 0.301915 1.0
0 0.80957 0.275405 0.019531 0.029455 0.804688 0.269514 1.0 0.81543 0.269514 1.0 0.80957 0.273932 1.0 0.807617 0.282769 1.0 0.8125 0.281296 1.0
0 0.81543 0.332106 0.017578 0.027982 0.80957 0.332842 1.0 0.820312 0.33137 1.0 0.814453 0.338733 1.0 0.8125 0.34757 1.0 0.819336 0.344624 1.0
0 0.802734 0.366716 0.017578 0.02651 0.799805 0.36377 1.0 0.807617 0.36377 1.0 0.803711 0.368189 1.0 0.800781 0.37408 1.0 0.806641 0.37408 1.0
0 0.814941 0.426362 0.020508 0.030928 0.810547 0.416789 1.0 0.820312 0.416789 1.0 0.81543 0.425626 1.0 0.8125 0.43299 1.0 0.820312 0.431517 1.0
0 0.755859 0.298233 0.019531 0.033873 0.751953 0.294551 1.0 0.761719 0.297496 1.0 0.755859 0.301915 1.0 0.750977 0.310751 1.0 0.759766 0.309278 1.0
0 0.744629 0.418262 0.020508 0.035346 0.738189 0.413614 1.0 0.750549 0.412694 1.0 0.744903 0.422128 1.0 0.741089 0.429262 1.0 0.748261 0.429031 1.0
0 0.687012 0.340206 0.018555 0.032401 0.68457 0.335788 1.0 0.691406 0.338733 1.0 0.686523 0.343152 1.0 0.681641 0.346097 1.0 0.688477 0.349043 1.0
0 0.675781 0.281296 0.019531 0.035346 0.668945 0.279823 1.0 0.677734 0.278351 1.0 0.672852 0.285714 1.0 0.669922 0.291605 1.0 0.677734 0.290133 1.0
0 0.678223 0.405744 0.018555 0.030928 0.673828 0.400589 1.0 0.683594 0.402062 1.0 0.678711 0.40648 1.0 0.675781 0.412371 1.0 0.681641 0.413844 1.0
0 0.642578 0.319588 0.019531 0.032401 0.637695 0.316642 1.0 0.647461 0.312224 1.0 0.642578 0.32106 1.0 0.641602 0.328424 1.0 0.647461 0.325479 1.0
0 0.617676 0.307069 0.016602 0.030928 0.613281 0.303387 1.0 0.621094 0.301915 1.0 0.617188 0.310751 1.0 0.614258 0.316642 1.0 0.621094 0.315169 1.0
0 0.586914 0.309278 0.017578 0.038292 0.585266 0.29981 1.0 0.594212 0.299561 1.0 0.590236 0.308555 1.0 0.585929 0.316551 1.0 0.591893 0.3163 1.0
0 0.557617 0.296024 0.017578 0.032401 0.553711 0.291605 1.0 0.5625 0.291605 1.0 0.556641 0.298969 1.0 0.553711 0.306333 1.0 0.561523 0.306333 1.0
0 0.537598 0.306333 0.014648 0.029455 0.535112 0.300415 1.0 0.542437 0.300415 1.0 0.537859 0.30732 1.0 0.534981 0.311856 1.0 0.540998 0.31225 1.0
0 0.51416 0.307069 0.020508 0.033873 0.511283 0.306031 1.0 0.52049 0.306031 1.0 0.516318 0.311672 1.0 0.511858 0.317312 1.0 0.52121 0.317312 1.0
0 0.544922 0.416053 0.019531 0.027982 0.541992 0.410898 1.0 0.549805 0.410898 1.0 0.544922 0.415317 1.0 0.542969 0.424153 1.0 0.549805 0.421208 1.0
0 0.605957 0.400589 0.020508 0.032401 0.601562 0.397644 1.0 0.611328 0.399116 1.0 0.606445 0.403535 1.0 0.601562 0.410898 1.0 0.610352 0.410898 1.0
0 0.487305 0.405007 0.019531 0.035346 0.48468 0.40013 1.0 0.493683 0.40289 1.0 0.488495 0.408183 1.0 0.485138 0.414396 1.0 0.490937 0.415776 1.0
0 0.946289 0.554492 0.023438 0.045655 0.939453 0.546392 1.0 0.951172 0.547865 1.0 0.945312 0.556701 1.0 0.942383 0.564065 1.0 0.950195 0.564065 1.0
0 0.878418 0.555965 0.022461 0.036819 0.873047 0.553756 1.0 0.883789 0.553756 1.0 0.878906 0.558174 1.0 0.875 0.565538 1.0 0.883789 0.565538 1.0
0 0.793945 0.541973 0.023438 0.041237 0.788365 0.535242 1.0 0.80127 0.531296 1.0 0.795515 0.542342 1.0 0.792376 0.55181 1.0 0.80127 0.548916 1.0
0 0.717773 0.539764 0.023438 0.036819 0.714791 0.532401 1.0 0.724365 0.533585 1.0 0.719029 0.541158 1.0 0.715263 0.547785 1.0 0.721227 0.547549 1.0
0 0.647949 0.55081 0.022461 0.038292 0.643145 0.540567 1.0 0.654741 0.543315 1.0 0.648115 0.550311 1.0 0.644305 0.557056 1.0 0.649771 0.558305 1.0
0 0.568848 0.517673 0.022461 0.039764 0.5625 0.515464 1.0 0.573242 0.515464 1.0 0.568359 0.521355 1.0 0.563477 0.530191 1.0 0.572266 0.528719 1.0
0 0.503906 0.5081 0.023438 0.044183 0.501953 0.500736 1.0 0.512695 0.502209 1.0 0.506836 0.512518 1.0 0.501953 0.521355 1.0 0.508789 0.522828 1.0
0 0.875977 0.756259 0.019531 0.039764 0.872506 0.750776 1.0 0.881783 0.753274 1.0 0.876482 0.758521 1.0 0.872341 0.763018 1.0 0.878636 0.764767 1.0
0 0.80957 0.750368 0.019531 0.030928 0.806641 0.746686 1.0 0.816406 0.748159 1.0 0.811523 0.75405 1.0 0.808594 0.761414 1.0 0.81543 0.759941 1.0
0 0.722168 0.753314 0.022461 0.025037 0.714844 0.75405 1.0 0.724609 0.751105 1.0 0.719727 0.755523 1.0 0.71875 0.765832 1.0 0.726562 0.762887 1.0
0 0.738281 0.340206 0.017578 0.032401 0.734654 0.334736 1.0 0.742188 0.334947 1.0 0.738002 0.343573 1.0 0.735212 0.349675 1.0 0.739955 0.349675 1.0
0 0.308594 0.28056 0.023438 0.036819 0.303711 0.276878 1.0 0.314453 0.278351 1.0 0.308594 0.279823 1.0 0.303711 0.28866 1.0 0.3125 0.28866 1.0
0 0.282715 0.297496 0.012695 0.02651 0.28125 0.28866 1.0 0.288086 0.291605 1.0 0.283203 0.296024 1.0 0.279297 0.300442 1.0 0.285156 0.303387 1.0
0 0.294922 0.383652 0.019531 0.036819 0.291992 0.377025 1.0 0.302734 0.377025 1.0 0.296875 0.384389 1.0 0.291992 0.391753 1.0 0.299805 0.393225 1.0
0 0.419434 0.507364 0.024414 0.04271 0.415039 0.502209 1.0 0.426758 0.503682 1.0 0.420898 0.509573 1.0 0.416992 0.519882 1.0 0.425781 0.518409 1.0
0 0.337402 0.515464 0.024414 0.038292 0.328125 0.509573 1.0 0.336914 0.509573 1.0 0.331055 0.516937 1.0 0.328125 0.525773 1.0 0.336914 0.525773 1.0
0 0.271484 0.512518 0.023438 0.038292 0.267578 0.506627 1.0 0.277344 0.506627 1.0 0.271484 0.513991 1.0 0.266602 0.521355 1.0 0.277344 0.521355 1.0
0 0.192383 0.302651 0.017578 0.033873 0.189823 0.299225 1.0 0.19601 0.298574 1.0 0.192845 0.304215 1.0 0.190111 0.309857 1.0 0.195146 0.309641 1.0
0 0.232422 0.292342 0.015625 0.027982 0.230469 0.287187 1.0 0.238281 0.28866 1.0 0.233398 0.293078 1.0 0.230469 0.298969 1.0 0.236328 0.298969 1.0
0 0.15625 0.373343 0.021484 0.036819 0.150391 0.368189 1.0 0.163086 0.369661 1.0 0.15625 0.378498 1.0 0.152344 0.385862 1.0 0.160156 0.385862 1.0
0 0.224609 0.381443 0.019531 0.035346 0.219727 0.371134 1.0 0.231445 0.37408 1.0 0.224609 0.379971 1.0 0.219727 0.385862 1.0 0.227539 0.388807 1.0
0 0.137207 0.274669 0.020508 0.036819 0.132812 0.268041 1.0 0.141602 0.268041 1.0 0.137695 0.275405 1.0 0.133789 0.282769 1.0 0.141602 0.282769 1.0
0 0.074707 0.277614 0.018555 0.030928 0.069336 0.268041 1.0 0.079102 0.268041 1.0 0.073242 0.275405 1.0 0.070312 0.282769 1.0 0.078125 0.282769 1.0
0 0.412109 0.730486 0.023438 0.038292 0.405273 0.723122 1.0 0.416992 0.724595 1.0 0.412109 0.730486 1.0 0.405273 0.73785 1.0 0.416992 0.73785 1.0
0 0.335449 0.722386 0.022461 0.04271 0.329908 0.716455 1.0 0.340633 0.718072 1.0 0.335092 0.72643 1.0 0.329729 0.732629 1.0 0.337951 0.734247 1.0
0 0.206055 0.496318 0.023438 0.041237 0.200195 0.4919 1.0 0.213867 0.490427 1.0 0.206055 0.499264 1.0 0.203125 0.509573 1.0 0.211914 0.5081 1.0
0 0.134766 0.532401 0.023438 0.04271 0.130859 0.527246 1.0 0.142578 0.533137 1.0 0.136719 0.539028 1.0 0.130859 0.543446 1.0 0.138672 0.546392 1.0
0 0.063477 0.513255 0.021484 0.039764 0.058594 0.509573 1.0 0.069336 0.511046 1.0 0.06543 0.516937 1.0 0.058594 0.5243 1.0 0.067383 0.525773 1.0
0 0.683105 0.725331 0.022461 0.033873 0.675781 0.721649 1.0 0.686523 0.720177 1.0 0.681641 0.729013 1.0 0.678711 0.73785 1.0 0.688477 0.736377 1.0
0 0.620117 0.718704 0.023438 0.035346 0.615234 0.712813 1.0 0.625977 0.714286 1.0 0.621094 0.718704 1.0 0.616211 0.729013 1.0 0.626953 0.730486 1.0
0 0.57959 0.765096 0.020508 0.027982 0.574219 0.767305 1.0 0.583008 0.767305 1.0 0.577148 0.77025 1.0 0.576172 0.78056 1.0 0.581055 0.779087 1.0
0 0.541016 0.665685 0.019531 0.035346 0.539062 0.661267 1.0 0.546875 0.661267 1.0 0.542969 0.66863 1.0 0.538086 0.674521 1.0 0.545898 0.674521 1.0
0 0.491699 0.736377 0.020508 0.038292 0.487305 0.731959 1.0 0.49707 0.733432 1.0 0.493164 0.739323 1.0 0.487305 0.746686 1.0 0.496094 0.748159 1.0
0 0.453125 0.312224 0.017578 0.035346 0.449611 0.30561 1.0 0.457467 0.305386 1.0 0.453762 0.313211 1.0 0.449907 0.318574 1.0 0.456281 0.318574 1.0
0 0.404297 0.275405 0.019531 0.032401 0.400391 0.268041 1.0 0.40918 0.268041 1.0 0.404297 0.273932 1.0 0.402344 0.282769 1.0 0.40918 0.281296 1.0
0 0.422363 0.418262 0.016602 0.029455 0.416992 0.410898 1.0 0.425781 0.410898 1.0 0.420898 0.418262 1.0 0.416992 0.424153 1.0 0.423828 0.424153 1.0
0 0.354004 0.393962 0.022461 0.045655 0.349609 0.385862 1.0 0.360352 0.387334 1.0 0.354492 0.391753 1.0 0.351562 0.400589 1.0 0.358398 0.400589 1.0