0 0.265625 0.184018 0.054688 0.083578 0.251186 0.175953 1.0 0.276646 0.170192 1.0 0.265834 0.190616 1.0 0.257464 0.204755 1.0 0.276298 0.202136 1.0
0 0.122559 0.146628 0.057617 0.087977 0.109842 0.131984 1.0 0.135781 0.130315 1.0 0.125035 0.151459 1.0 0.110953 0.163142 1.0 0.136522 0.161474 1.0
0 0.32959 0.3761 0.053711 0.08651 0.321777 0.36162 1.0 0.344849 0.359971 1.0 0.333862 0.377566 1.0 0.324341 0.396261 1.0 0.34082 0.396261 1.0
0 0.893555 0.10044 0.048828 0.08651 0.88501 0.084861 1.0 0.90625 0.08926 1.0 0.894897 0.102456 1.0 0.883179 0.116752 1.0 0.903687 0.118952 1.0
0 0.820801 0.134897 0.051758 0.087977 0.811789 0.120254 1.0 0.834765 0.117472 1.0 0.829947 0.130826 1.0 0.81846 0.153638 1.0 0.835136 0.153082 1.0
0 0.693848 0.168622 0.045898 0.076246 0.686357 0.153075 1.0 0.708954 0.159287 1.0 0.697497 0.174101 1.0 0.686676 0.181746 1.0 0.701315 0.186047 1.0
0 0.655273 0.156891 0.035156 0.058651 0.644845 0.152054 1.0 0.66224 0.146084 1.0 0.651307 0.15877 1.0 0.648572 0.174441 1.0 0.659507 0.17183 1.0
0 0.591797 0.145894 0.042969 0.07478 0.58095 0.134321 1.0 0.601667 0.132908 1.0 0.591937 0.151289 1.0 0.583461 0.1626 1.0 0.601667 0.161186 1.0
0 0.504883 0.167155 0.037109 0.061584 0.494877 0.157925 1.0 0.513397 0.155223 1.0 0.505166 0.169126 1.0 0.496678 0.181098 1.0 0.513654 0.17994 1.0
0 0.59375 0.531525 0.056641 0.104106 0.581927 0.513117 1.0 0.609828 0.5105 1.0 0.600237 0.532101 1.0 0.59021 0.556321 1.0 0.608521 0.552393 1.0
0 0.505371 0.456012 0.053711 0.11437 0.490365 0.439293 1.0 0.5194 0.440021 1.0 0.503431 0.461818 1.0 0.494721 0.478529 1.0 0.514562 0.477076 1.0
0 0.450195 0.512463 0.048828 0.07478 0.44029 0.501833 1.0 0.463832 0.496648 1.0 0.454729 0.517386 1.0 0.44594 0.535767 1.0 0.461321 0.531996 1.0
0 0.4375 0.279326 0.039062 0.065982 0.431152 0.269795 1.0 0.450126 0.271051 1.0 0.440918 0.28362 1.0 0.432269 0.29535 1.0 0.44622 0.296607 1.0
0 0.426758 0.173021 0.039062 0.070381 0.420898 0.165689 1.0 0.438477 0.167155 1.0 0.431641 0.183284 1.0 0.422852 0.190616 1.0 0.436523 0.190616 1.0
0 0.314941 0.080645 0.047852 0.082111 0.30481 0.067501 1.0 0.329263 0.07112 1.0 0.317553 0.0856 1.0 0.30481 0.101114 1.0 0.326508 0.103699 1.0
0 0.345215 0.134164 0.03418 0.068915 0.342425 0.123927 1.0 0.35825 0.129543 1.0 0.35192 0.144664 1.0 0.342425 0.152009 1.0 0.351632 0.156328 1.0