0 0.221191 0.397944 0.038086 0.061674 0.212677 0.387928 1.0 0.232482 0.379805 1.0 0.227081 0.400304 1.0 0.218593 0.411907 1.0 0.234283 0.405332 1.0
0 0.263672 0.375184 0.035156 0.060206 0.261902 0.361574 1.0 0.277326 0.358153 1.0 0.274292 0.377163 1.0 0.261902 0.384007 1.0 0.27581 0.382486 1.0
0 0.30957 0.256241 0.041016 0.077827 0.303606 0.244047 1.0 0.322161 0.249029 1.0 0.312221 0.261485 1.0 0.300624 0.26846 1.0 0.318185 0.274439 1.0
0 0.370605 0.320852 0.032227 0.066079 0.361616 0.308069 1.0 0.377485 0.307642 1.0 0.374935 0.321278 1.0 0.362183 0.331078 1.0 0.378618 0.331504 1.0
0 0.425781 0.331131 0.037109 0.069016 0.422521 0.317468 1.0 0.439715 0.324602 1.0 0.430229 0.331288 1.0 0.419259 0.34154 1.0 0.433192 0.347781 1.0
0 0.467285 0.291483 0.040039 0.069016 0.45615 0.284258 1.0 0.47284 0.282095 1.0 0.464207 0.303297 1.0 0.45874 0.308921 1.0 0.474854 0.306325 1.0
0 0.503418 0.353157 0.03418 0.066079 0.497162 0.331681 1.0 0.511993 0.345724 1.0 0.496063 0.349853 1.0 0.490295 0.355222 1.0 0.504028 0.366786 1.0
0 0.557617 0.331865 0.037109 0.064611 0.546535 0.317391 1.0 0.561672 0.321862 1.0 0.549238 0.333648 1.0 0.545184 0.343809 1.0 0.559779 0.348686 1.0
0 0.375488 0.557269 0.03418 0.057269 0.365723 0.551395 1.0 0.379883 0.54699 1.0 0.373047 0.56094 1.0 0.369873 0.571953 1.0 0.382568 0.567915 1.0
0 0.419434 0.490455 0.03418 0.061674 0.413714 0.475508 1.0 0.429932 0.478261 1.0 0.422607 0.488489 1.0 0.413452 0.499896 1.0 0.428101 0.503828 1.0
0 0.492188 0.481645 0.033203 0.064611 0.481698 0.464981 1.0 0.495483 0.473515 1.0 0.481428 0.482051 1.0 0.479266 0.490179 1.0 0.490618 0.49709 1.0
0 0.547852 0.421439 0.035156 0.064611 0.533308 0.410623 1.0 0.548985 0.406965 1.0 0.537362 0.420784 1.0 0.53574 0.439073 1.0 0.545201 0.436228 1.0