0 0.066406 0.399089 0.029297 0.042969 0.059692 0.394444 1.0 0.075061 0.396083 1.0 0.066044 0.404007 1.0 0.059692 0.410836 1.0 0.072396 0.411109 1.0
0 0.117188 0.355469 0.03125 0.046875 0.112296 0.347406 1.0 0.126525 0.349777 1.0 0.117632 0.358375 1.0 0.110962 0.36549 1.0 0.122302 0.366379 1.0
0 0.179199 0.354167 0.026367 0.046875 0.171107 0.34818 1.0 0.186005 0.34818 1.0 0.17889 0.357962 1.0 0.174221 0.366263 1.0 0.184448 0.366263 1.0
0 0.229492 0.306641 0.029297 0.045573 0.225351 0.299595 1.0 0.238212 0.301048 1.0 0.231236 0.307733 1.0 0.225133 0.316453 1.0 0.235596 0.317906 1.0
0 0.30957 0.349609 0.025391 0.042969 0.305521 0.343052 1.0 0.317609 0.344418 1.0 0.312896 0.352341 1.0 0.305725 0.358898 1.0 0.316585 0.359445 1.0
0 0.403809 0.388021 0.026367 0.039062 0.397949 0.381115 1.0 0.409843 0.381115 1.0 0.403896 0.386997 1.0 0.398141 0.395949 1.0 0.409267 0.395949 1.0
0 0.461914 0.371094 0.027344 0.041667 0.457799 0.363647 1.0 0.469569 0.368879 1.0 0.461526 0.37228 1.0 0.455444 0.376988 1.0 0.46388 0.38222 1.0
0 0.533203 0.332682 0.029297 0.045573 0.527601 0.325863 1.0 0.539607 0.324974 1.0 0.533382 0.333868 1.0 0.528713 0.340391 1.0 0.537606 0.340391 1.0
0 0.610352 0.367839 0.023438 0.040365 0.603781 0.362083 1.0 0.616142 0.362345 1.0 0.610256 0.369146 1.0 0.604566 0.375686 1.0 0.61418 0.375948 1.0
0 0.105957 0.527344 0.02832 0.039062 0.09797 0.522444 1.0 0.11128 0.522944 1.0 0.104156 0.532441 1.0 0.100595 0.53819 1.0 0.108843 0.53844 1.0
0 0.146484 0.517578 0.03125 0.042969 0.142229 0.512184 1.0 0.157924 0.510509 1.0 0.1506 0.518043 1.0 0.14474 0.526693 1.0 0.155413 0.526414 1.0
0 0.236328 0.471354 0.029297 0.046875 0.229126 0.465367 1.0 0.242688 0.466849 1.0 0.234907 0.473668 1.0 0.229126 0.481375 1.0 0.240021 0.484044 1.0
0 0.274902 0.605469 0.032227 0.041667 0.26773 0.601643 1.0 0.28105 0.600277 1.0 0.274288 0.607108 1.0 0.268346 0.61585 1.0 0.280229 0.614484 1.0
0 0.319824 0.577474 0.032227 0.050781 0.308066 0.568842 1.0 0.32533 0.564047 1.0 0.317657 0.580671 1.0 0.314061 0.590262 1.0 0.32605 0.585466 1.0
0 0.408203 0.622396 0.029297 0.046875 0.402047 0.617164 1.0 0.415423 0.616862 1.0 0.409302 0.625326 1.0 0.40182 0.633789 1.0 0.414742 0.633487 1.0
0 0.443848 0.555339 0.038086 0.061198 0.434108 0.548717 1.0 0.451634 0.548328 1.0 0.442871 0.560792 1.0 0.4344 0.568191 1.0 0.452511 0.568191 1.0
0 0.531738 0.630208 0.02832 0.044271 0.525207 0.625854 1.0 0.538452 0.625 1.0 0.532898 0.632975 1.0 0.527771 0.641236 1.0 0.537812 0.641521 1.0
0 0.557129 0.571615 0.032227 0.057292 0.547577 0.562174 1.0 0.564331 0.559977 1.0 0.557189 0.571695 1.0 0.550873 0.581951 1.0 0.563781 0.580484 1.0
0 0.495605 0.43099 0.026367 0.046875 0.489223 0.42041 1.0 0.503731 0.419806 1.0 0.496251 0.431896 1.0 0.490356 0.439755 1.0 0.501918 0.439755 1.0
0 0.568848 0.438802 0.02832 0.041667 0.559422 0.435326 1.0 0.573661 0.432384 1.0 0.567645 0.442812 1.0 0.563232 0.450033 1.0 0.573861 0.446824 1.0
0 0.658203 0.428385 0.025391 0.041667 0.652588 0.422236 1.0 0.66422 0.420363 1.0 0.659005 0.432129 1.0 0.655797 0.437745 1.0 0.663217 0.43721 1.0
0 0.737793 0.474609 0.020508 0.032552 0.7323 0.468936 1.0 0.742501 0.467681 1.0 0.737008 0.476051 1.0 0.733869 0.482957 1.0 0.742501 0.48191 1.0
0 0.784668 0.42513 0.02832 0.045573 0.774174 0.418492 1.0 0.787737 0.415824 1.0 0.780622 0.425607 1.0 0.778398 0.434797 1.0 0.787293 0.433018 1.0
0 0.703125 0.388021 0.027344 0.041667 0.696733 0.379232 1.0 0.70977 0.384044 1.0 0.701747 0.388858 1.0 0.694929 0.394206 1.0 0.705959 0.399018 1.0
0 0.820312 0.345703 0.027344 0.045573 0.814645 0.337786 1.0 0.826634 0.337495 1.0 0.819658 0.348249 1.0 0.815517 0.35348 1.0 0.823582 0.35319 1.0
0 0.87207 0.397135 0.027344 0.044271 0.863561 0.391927 1.0 0.877162 0.389695 1.0 0.870048 0.398902 1.0 0.864397 0.406436 1.0 0.87779 0.405878 1.0
0 0.810547 0.544271 0.023438 0.044271 0.801636 0.539225 1.0 0.815094 0.53894 1.0 0.805694 0.549764 1.0 0.803559 0.555176 1.0 0.813385 0.555461 1.0
0 0.696289 0.647135 0.027344 0.041667 0.689183 0.641021 1.0 0.701817 0.641555 1.0 0.693996 0.651181 1.0 0.689183 0.657331 1.0 0.700413 0.657599 1.0
0 0.636719 0.610677 0.029297 0.041667 0.627406 0.606167 1.0 0.641044 0.59868 1.0 0.636431 0.612316 1.0 0.63242 0.621408 1.0 0.644854 0.614187 1.0
0 0.591309 0.653646 0.022461 0.036458 0.588204 0.649693 1.0 0.597796 0.651089 1.0 0.593785 0.656901 1.0 0.588902 0.665737 1.0 0.594482 0.666202 1.0
0 0.908203 0.504557 0.035156 0.05599 0.897875 0.494745 1.0 0.916225 0.495809 1.0 0.905321 0.510702 1.0 0.900269 0.516729 1.0 0.913831 0.517085 1.0