0 0.838379 0.458211 0.038086 0.06305 0.823024 0.445302 1.0 0.841134 0.444897 1.0 0.82816 0.459101 1.0 0.826268 0.469248 1.0 0.841675 0.469248 1.0
0 0.73877 0.414223 0.030273 0.042522 0.728498 0.410191 1.0 0.737322 0.405582 1.0 0.732526 0.421135 1.0 0.737897 0.426607 1.0 0.743269 0.422864 1.0
0 0.756348 0.304985 0.02832 0.043988 0.745545 0.297745 1.0 0.756164 0.294721 1.0 0.74939 0.308742 1.0 0.74939 0.312317 1.0 0.759461 0.309842 1.0
0 0.713379 0.432551 0.020508 0.035191 0.707245 0.42861 1.0 0.716705 0.42632 1.0 0.710754 0.435484 1.0 0.709533 0.443044 1.0 0.717011 0.44167 1.0
0 0.651367 0.168622 0.021484 0.035191 0.645734 0.163594 1.0 0.655221 0.162481 1.0 0.650626 0.172274 1.0 0.648848 0.18496 1.0 0.654628 0.184515 1.0
0 0.515137 0.142229 0.016602 0.029326 0.512695 0.13783 1.0 0.520508 0.136364 1.0 0.516602 0.143695 1.0 0.512695 0.146628 1.0 0.520508 0.146628 1.0
0 0.512695 0.187683 0.011719 0.017595 0.510742 0.18915 1.0 0.516602 0.18915 1.0 0.513672 0.190616 1.0 0.511719 0.195015 1.0 0.516602 0.195015 1.0
0 0.67627 0.570381 0.020508 0.020528 0.0 0.0 0.0 0.0 0.0 0.0 0.0 0.0 0.0 0.0 0.0 0.0 0.0 0.0 0.0
0 0.53125 0.464076 0.015625 0.021994 0.532227 0.463343 1.0 0.538086 0.456012 1.0 0.537109 0.463343 1.0 0.536133 0.470674 1.0 0.538086 0.469208 1.0
0 0.439453 0.478739 0.025391 0.036657 0.433507 0.469312 1.0 0.443943 0.468815 1.0 0.438974 0.474287 1.0 0.434501 0.483242 1.0 0.443281 0.481999 1.0
0 0.404297 0.38563 0.023438 0.032258 0.401777 0.379713 1.0 0.411264 0.37682 1.0 0.407854 0.387503 1.0 0.404 0.394625 1.0 0.411264 0.392622 1.0
0 0.316895 0.214809 0.022461 0.036657 0.31325 0.206299 1.0 0.323922 0.206771 1.0 0.321725 0.216196 1.0 0.316546 0.223267 1.0 0.322667 0.223267 1.0
0 0.246582 0.502933 0.043945 0.061584 0.239397 0.495391 1.0 0.256976 0.482824 1.0 0.257812 0.502513 1.0 0.250279 0.521365 1.0 0.265067 0.509635 1.0
0 0.223145 0.274927 0.030273 0.045455 0.218819 0.265553 1.0 0.232439 0.262673 1.0 0.228219 0.275922 1.0 0.221122 0.283122 1.0 0.234357 0.278802 1.0