0 0.836914 0.278934 0.054688 0.071521 0.827497 0.263421 1.0 0.850167 0.268066 1.0 0.837263 0.282463 1.0 0.826103 0.29361 1.0 0.844238 0.297789 1.0
0 0.663086 0.238622 0.046875 0.068921 0.651974 0.221646 1.0 0.674207 0.223389 1.0 0.663744 0.240369 1.0 0.653935 0.252996 1.0 0.674207 0.252996 1.0
0 0.506348 0.236671 0.049805 0.072822 0.497628 0.22088 1.0 0.520996 0.221345 1.0 0.511928 0.238064 1.0 0.500069 0.25339 1.0 0.518903 0.255248 1.0
0 0.342285 0.269181 0.047852 0.083225 0.334747 0.252153 1.0 0.358947 0.254267 1.0 0.349029 0.269586 1.0 0.335938 0.288077 1.0 0.356567 0.287549 1.0
0 0.189453 0.295189 0.052734 0.083225 0.182198 0.281082 1.0 0.205741 0.278469 1.0 0.199855 0.299891 1.0 0.186122 0.316087 1.0 0.207311 0.316087 1.0
0 0.721191 0.289337 0.004883 0.009103 0.0 0.0 0.0 0.0 0.0 0.0 0.0 0.0 0.0 0.0 0.0 0.0 0.0 0.0 0.0
0 0.744141 0.262029 0.005859 0.009103 0.0 0.0 0.0 0.0 0.0 0.0 0.0 0.0 0.0 0.0 0.0 0.0 0.0 0.0 0.0
0 0.790527 0.276333 0.004883 0.009103 0.0 0.0 0.0 0.0 0.0 0.0 0.0 0.0 0.0 0.0 0.0 0.0 0.0 0.0 0.0
0 0.800293 0.273732 0.004883 0.009103 0.0 0.0 0.0 0.0 0.0 0.0 0.0 0.0 0.0 0.0 0.0 0.0 0.0 0.0 0.0
0 0.912109 0.274382 0.003906 0.010403 0.0 0.0 0.0 0.0 0.0 0.0 0.0 0.0 0.0 0.0 0.0 0.0 0.0 0.0 0.0
0 0.88623 0.280234 0.004883 0.006502 0.0 0.0 0.0 0.0 0.0 0.0 0.0 0.0 0.0 0.0 0.0 0.0 0.0 0.0 0.0
0 0.874023 0.277633 0.003906 0.009103 0.0 0.0 0.0 0.0 0.0 0.0 0.0 0.0 0.0 0.0 0.0 0.0 0.0 0.0 0.0
0 0.770508 0.308843 0.007812 0.014304 0.0 0.0 0.0 0.0 0.0 0.0 0.0 0.0 0.0 0.0 0.0 0.0 0.0 0.0 0.0