0 0.131348 0.183508 0.047852 0.060395 0.129269 0.174599 1.0 0.149637 0.173465 1.0 0.141361 0.191254 1.0 0.12704 0.196553 1.0 0.145499 0.197689 1.0
0 0.256348 0.176539 0.045898 0.062718 0.250152 0.165179 1.0 0.270294 0.166376 1.0 0.262909 0.183943 1.0 0.251495 0.188734 1.0 0.267273 0.189533 1.0
0 0.366699 0.173635 0.040039 0.054588 0.355564 0.164842 1.0 0.376281 0.162789 1.0 0.365923 0.176135 1.0 0.359018 0.182979 1.0 0.377721 0.178872 1.0
0 0.457031 0.196864 0.046875 0.066202 0.44608 0.188816 1.0 0.468053 0.188402 1.0 0.458636 0.20292 1.0 0.451312 0.212461 1.0 0.466309 0.212045 1.0
0 0.70166 0.202091 0.041992 0.065041 0.689117 0.190451 1.0 0.711849 0.189222 1.0 0.698761 0.204377 1.0 0.692562 0.212979 1.0 0.708404 0.213389 1.0
0 0.851074 0.204413 0.043945 0.065041 0.839564 0.196869 1.0 0.863674 0.19646 1.0 0.849897 0.209977 1.0 0.841631 0.219807 1.0 0.862984 0.218988 1.0
0 0.427734 0.344948 0.044922 0.062718 0.419861 0.333588 1.0 0.442688 0.336382 1.0 0.433289 0.350755 1.0 0.419525 0.357143 1.0 0.436981 0.357542 1.0
0 0.288086 0.477352 0.044922 0.067364 0.277466 0.468164 1.0 0.302434 0.465152 1.0 0.294473 0.481935 1.0 0.282531 0.490113 1.0 0.30171 0.4871 1.0
0 0.602051 0.397213 0.043945 0.065041 0.591919 0.383934 1.0 0.612584 0.381886 1.0 0.60294 0.397861 1.0 0.59433 0.407282 1.0 0.611895 0.405643 1.0
0 0.706055 0.396051 0.042969 0.062718 0.692475 0.386288 1.0 0.715637 0.381497 1.0 0.705902 0.400661 1.0 0.699859 0.412239 1.0 0.717651 0.407447 1.0
0 0.855469 0.406504 0.056641 0.069686 0.843493 0.397991 1.0 0.869433 0.400194 1.0 0.855722 0.415619 1.0 0.843863 0.425315 1.0 0.864615 0.427959 1.0
0 0.530273 0.663763 0.060547 0.077816 0.516671 0.649535 1.0 0.544948 0.647099 1.0 0.532654 0.669031 1.0 0.51995 0.678292 1.0 0.544948 0.677804 1.0
0 0.671387 0.656794 0.055664 0.080139 0.655518 0.64351 1.0 0.682007 0.64351 1.0 0.666626 0.66536 1.0 0.658936 0.672474 1.0 0.683716 0.672983 1.0