0 0.337402 0.343992 0.020508 0.044574 0.333705 0.338041 1.0 0.342773 0.338041 1.0 0.337751 0.346345 1.0 0.334682 0.355205 1.0 0.341937 0.355205 1.0
0 0.32373 0.297481 0.018555 0.036822 0.320068 0.289729 1.0 0.327881 0.288517 1.0 0.323853 0.302083 1.0 0.320679 0.307171 1.0 0.328247 0.306686 1.0
0 0.305664 0.351744 0.019531 0.044574 0.30273 0.350316 1.0 0.311937 0.34889 1.0 0.307621 0.357453 1.0 0.303737 0.366876 1.0 0.312226 0.364591 1.0
0 0.290039 0.242248 0.011719 0.031008 0.286931 0.238891 1.0 0.29385 0.239688 1.0 0.29054 0.245457 1.0 0.287332 0.250831 1.0 0.293248 0.251029 1.0
0 0.273438 0.266473 0.021484 0.04845 0.270211 0.260374 1.0 0.279406 0.259413 1.0 0.275212 0.271897 1.0 0.270695 0.279901 1.0 0.2786 0.279901 1.0
0 0.237305 0.299419 0.019531 0.04845 0.234803 0.287186 1.0 0.242584 0.293847 1.0 0.237091 0.301114 1.0 0.232208 0.307171 1.0 0.23938 0.311107 1.0
0 0.257812 0.208333 0.011719 0.032946 0.257106 0.207252 1.0 0.26321 0.210496 1.0 0.260376 0.217419 1.0 0.25667 0.224339 1.0 0.260485 0.225421 1.0
0 0.244629 0.227713 0.014648 0.040698 0.242964 0.22389 1.0 0.250941 0.225446 1.0 0.247934 0.231157 1.0 0.243748 0.236866 1.0 0.250026 0.237905 1.0
0 0.223633 0.210271 0.017578 0.040698 0.223019 0.202312 1.0 0.230478 0.205322 1.0 0.227063 0.213101 1.0 0.221754 0.219624 1.0 0.227569 0.222886 1.0
0 0.189941 0.199612 0.018555 0.046512 0.187164 0.194525 1.0 0.19754 0.194525 1.0 0.192353 0.203913 1.0 0.188232 0.212694 1.0 0.195404 0.212391 1.0
0 0.199219 0.319767 0.021484 0.050388 0.196149 0.313676 1.0 0.205989 0.313037 1.0 0.202602 0.32424 1.0 0.197763 0.334484 1.0 0.205828 0.332884 1.0
0 0.262207 0.516473 0.022461 0.052326 0.260986 0.507545 1.0 0.271275 0.508583 1.0 0.266741 0.518618 1.0 0.260114 0.526578 1.0 0.26988 0.525541 1.0
0 0.15332 0.318798 0.021484 0.04845 0.147461 0.30814 1.0 0.15918 0.30814 1.0 0.15332 0.319767 1.0 0.147461 0.327519 1.0 0.15918 0.329457 1.0
0 0.116211 0.284884 0.023438 0.054264 0.11148 0.273273 1.0 0.12149 0.274337 1.0 0.115771 0.288171 1.0 0.111123 0.295266 1.0 0.120954 0.297039 1.0
0 0.078125 0.277132 0.025391 0.05814 0.07448 0.263808 1.0 0.086757 0.264188 1.0 0.081194 0.277893 1.0 0.07448 0.286267 1.0 0.086565 0.286649 1.0
0 0.02832 0.278101 0.027344 0.067829 0.02451 0.265884 1.0 0.034755 0.26675 1.0 0.030613 0.277564 1.0 0.023856 0.291407 1.0 0.035191 0.290975 1.0
0 0.276367 0.699612 0.021484 0.03876 0.275111 0.689922 1.0 0.282784 0.6902 1.0 0.279157 0.700719 1.0 0.27567 0.707919 1.0 0.280134 0.708196 1.0
0 0.523438 0.339147 0.021484 0.050388 0.51811 0.334657 1.0 0.528756 0.334977 1.0 0.522304 0.345541 1.0 0.519078 0.352903 1.0 0.527466 0.352903 1.0
0 0.543457 0.275194 0.020508 0.050388 0.53942 0.265262 1.0 0.548453 0.265581 1.0 0.543614 0.275826 1.0 0.53942 0.28607 1.0 0.547163 0.28639 1.0
0 0.523438 0.274225 0.017578 0.036822 0.519775 0.26938 1.0 0.526123 0.267926 1.0 0.522583 0.277859 1.0 0.520264 0.284157 1.0 0.526611 0.283915 1.0
0 0.498047 0.315891 0.015625 0.042636 0.49442 0.308694 1.0 0.503349 0.308971 1.0 0.499442 0.314785 1.0 0.495396 0.326413 1.0 0.502372 0.326413 1.0
0 0.499023 0.499031 0.015625 0.032946 0.495117 0.5 1.0 0.50293 0.498062 1.0 0.499023 0.505814 1.0 0.496094 0.511628 1.0 0.501953 0.511628 1.0
0 0.470215 0.341085 0.018555 0.046512 0.465385 0.333264 1.0 0.474871 0.332382 1.0 0.470275 0.343855 1.0 0.466125 0.351797 1.0 0.475464 0.350326 1.0
0 0.437012 0.546512 0.020508 0.054264 0.432861 0.53613 1.0 0.441406 0.537169 1.0 0.435826 0.54755 1.0 0.430943 0.558971 1.0 0.440186 0.559316 1.0
0 0.477051 0.653101 0.018555 0.046512 0.472168 0.648196 1.0 0.480408 0.648196 1.0 0.474914 0.65849 1.0 0.47232 0.665455 1.0 0.479797 0.666364 1.0
0 0.38623 0.581395 0.020508 0.042636 0.381417 0.576136 1.0 0.391824 0.575866 1.0 0.386418 0.586328 1.0 0.382634 0.595713 1.0 0.390607 0.595446 1.0
0 0.37793 0.378876 0.015625 0.036822 0.375122 0.379845 1.0 0.382202 0.379603 1.0 0.37915 0.38687 1.0 0.375977 0.39438 1.0 0.380981 0.394864 1.0
0 0.410645 0.329457 0.018555 0.046512 0.408971 0.316341 1.0 0.417567 0.319283 1.0 0.412973 0.331932 1.0 0.407488 0.337814 1.0 0.415938 0.340463 1.0
0 0.439941 0.34593 0.014648 0.040698 0.43491 0.339252 1.0 0.442365 0.337953 1.0 0.438834 0.344702 1.0 0.437003 0.355862 1.0 0.441711 0.355862 1.0
0 0.44043 0.286822 0.019531 0.046512 0.435791 0.282531 1.0 0.444536 0.282531 1.0 0.44009 0.290178 1.0 0.435198 0.298415 1.0 0.443647 0.299298 1.0
0 0.418945 0.272287 0.017578 0.036822 0.415039 0.265504 1.0 0.422607 0.264777 1.0 0.417725 0.274952 1.0 0.416382 0.281734 1.0 0.421997 0.281734 1.0
0 0.396973 0.293605 0.014648 0.040698 0.395699 0.285628 1.0 0.400539 0.287186 1.0 0.398577 0.296529 1.0 0.393477 0.302758 1.0 0.397923 0.305095 1.0
0 0.377441 0.306202 0.020508 0.042636 0.372035 0.299601 1.0 0.382577 0.299868 1.0 0.3769 0.309256 1.0 0.373792 0.316496 1.0 0.381226 0.316496 1.0
0 0.347656 0.238372 0.019531 0.042636 0.343654 0.231502 1.0 0.352033 0.231771 1.0 0.347303 0.241159 1.0 0.34406 0.248399 1.0 0.351763 0.248936 1.0
0 0.941895 0.349806 0.026367 0.063953 0.937104 0.338922 1.0 0.948168 0.335669 1.0 0.94407 0.349901 1.0 0.937513 0.360473 1.0 0.950012 0.357221 1.0
0 0.908203 0.522287 0.019531 0.040698 0.907227 0.515314 1.0 0.914795 0.516655 1.0 0.911821 0.522554 1.0 0.908037 0.534087 1.0 0.913173 0.53382 1.0
0 0.874023 0.463178 0.029297 0.062016 0.8702 0.45676 1.0 0.880794 0.452866 1.0 0.87687 0.469217 1.0 0.872162 0.47895 1.0 0.881775 0.475446 1.0
0 0.868652 0.547481 0.022461 0.040698 0.866782 0.538058 1.0 0.875414 0.541484 1.0 0.870235 0.549479 1.0 0.865199 0.558901 1.0 0.870954 0.560899 1.0
0 0.816406 0.350775 0.021484 0.05814 0.81318 0.341622 1.0 0.822929 0.341994 1.0 0.819179 0.352039 1.0 0.811493 0.362828 1.0 0.822554 0.364688 1.0
0 0.855469 0.318798 0.011719 0.032946 0.85427 0.314915 1.0 0.859393 0.314048 1.0 0.857648 0.322267 1.0 0.85427 0.326378 1.0 0.859501 0.326378 1.0
0 0.757812 0.369186 0.023438 0.056202 0.754639 0.359132 1.0 0.762879 0.361676 1.0 0.757568 0.370035 1.0 0.752075 0.380572 1.0 0.761779 0.382388 1.0
0 0.766113 0.312984 0.020508 0.044574 0.763035 0.307845 1.0 0.772818 0.307845 1.0 0.768502 0.318694 1.0 0.763755 0.328973 1.0 0.77253 0.328973 1.0
0 0.733887 0.281977 0.022461 0.052326 0.728489 0.281727 1.0 0.737501 0.278351 1.0 0.7324 0.291174 1.0 0.72934 0.298597 1.0 0.738691 0.297246 1.0
0 0.707031 0.370155 0.021484 0.05814 0.702868 0.366953 1.0 0.711304 0.366953 1.0 0.70643 0.379603 1.0 0.701931 0.387787 1.0 0.709991 0.387043 1.0
0 0.681641 0.296512 0.021484 0.054264 0.677268 0.287903 1.0 0.68692 0.288258 1.0 0.683166 0.302091 1.0 0.678341 0.31025 1.0 0.686741 0.310605 1.0
0 0.678223 0.416667 0.020508 0.046512 0.674103 0.408733 1.0 0.683563 0.407219 1.0 0.679139 0.419938 1.0 0.674256 0.428415 1.0 0.684021 0.427508 1.0
0 0.668457 0.54845 0.024414 0.05814 0.665283 0.536649 1.0 0.674683 0.535888 1.0 0.669887 0.547688 1.0 0.664899 0.558729 1.0 0.675258 0.558347 1.0
0 0.623535 0.459302 0.020508 0.050388 0.617745 0.450754 1.0 0.62752 0.4547 1.0 0.62023 0.466205 1.0 0.616255 0.470151 1.0 0.626029 0.471795 1.0
0 0.631836 0.33624 0.019531 0.04845 0.625697 0.332079 1.0 0.635698 0.330479 1.0 0.630537 0.342002 1.0 0.626504 0.351285 1.0 0.635376 0.349686 1.0
0 0.602539 0.343992 0.021484 0.04845 0.597186 0.336795 1.0 0.607387 0.334924 1.0 0.601894 0.34645 1.0 0.598598 0.356417 1.0 0.607857 0.354547 1.0
0 0.578125 0.289729 0.017578 0.040698 0.576556 0.283828 1.0 0.583618 0.284087 1.0 0.579956 0.291355 1.0 0.576032 0.297585 1.0 0.582833 0.297845 1.0