0 0.055664 0.414835 0.066406 0.151099 0.0 0.0 0.0 0.0 0.0 0.0 0.0 0.0 0.0 0.0 0.0 0.0 0.0 0.0 0.0
0 0.360352 0.277473 0.039062 0.101648 0.368164 0.25 1.0 0.369141 0.25 1.0 0.379883 0.267857 1.0 0.367188 0.284341 1.0 0.369141 0.282967 1.0
0 0.422852 0.223214 0.056641 0.122253 0.417969 0.213255 1.0 0.44049 0.220209 1.0 0.431152 0.244162 1.0 0.415771 0.261161 1.0 0.431701 0.265025 1.0
0 0.534668 0.179258 0.040039 0.097527 0.532 0.174891 1.0 0.549874 0.171213 1.0 0.544207 0.193288 1.0 0.532872 0.209232 1.0 0.547259 0.20678 1.0
0 0.781738 0.146291 0.047852 0.111264 0.765346 0.134419 1.0 0.783735 0.139313 1.0 0.769322 0.157489 1.0 0.765346 0.170071 1.0 0.779262 0.176364 1.0
0 0.836426 0.529533 0.086914 0.221154 0.8125 0.509615 1.0 0.81543 0.512363 1.0 0.795898 0.539835 1.0 0.803711 0.57967 1.0 0.813477 0.585165 1.0
0 0.994141 0.418269 0.011719 0.133242 1.002302 0.385056 1.0 1.003487 0.385891 1.0 0.987479 0.414246 1.0 0.994001 0.446772 1.0 1.001709 0.453444 1.0
0 0.206543 0.166209 0.016602 0.03022 0.0 0.0 0.0 0.0 0.0 0.0 0.0 0.0 0.0 0.0 0.0 0.0 0.0 0.0 0.0
0 0.380859 0.849588 0.029297 0.023352 0.384766 0.848901 1.0 0.381836 0.857143 1.0 0.37793 0.853022 1.0 0.37207 0.848901 1.0 0.371094 0.855769 1.0
0 0.775391 0.632555 0.017578 0.01511 0.779297 0.630495 1.0 0.779297 0.637363 1.0 0.776367 0.633242 1.0 0.773438 0.630495 1.0 0.773438 0.637363 1.0
0 0.769043 0.652473 0.016602 0.019231 0.0 0.0 0.0 0.0 0.0 0.0 0.0 0.0 0.0 0.0 0.0 0.0 0.0 0.0 0.0