0 0.447754 0.141967 0.032227 0.054017 0.439277 0.13097 1.0 0.453799 0.128144 1.0 0.446982 0.141745 1.0 0.4421 0.151274 1.0 0.454893 0.148947 1.0
0 0.376465 0.158587 0.030273 0.048476 0.368072 0.149801 1.0 0.384521 0.150709 1.0 0.376831 0.160708 1.0 0.368286 0.169191 1.0 0.382385 0.169494 1.0
0 0.224121 0.225069 0.038086 0.048476 0.21477 0.217916 1.0 0.231075 0.216215 1.0 0.223162 0.225057 1.0 0.217407 0.237979 1.0 0.231075 0.2356 1.0
0 0.160645 0.136427 0.045898 0.067867 0.144471 0.126212 1.0 0.164002 0.118853 1.0 0.153016 0.141794 1.0 0.151184 0.152615 1.0 0.17041 0.146122 1.0
0 0.109375 0.125346 0.046875 0.070637 0.102598 0.107548 1.0 0.122822 0.109654 1.0 0.113506 0.127742 1.0 0.102354 0.13892 1.0 0.118838 0.140845 1.0
0 0.126953 0.439058 0.041016 0.060942 0.114302 0.430006 1.0 0.131871 0.427323 1.0 0.120789 0.44304 1.0 0.118896 0.452241 1.0 0.13133 0.450708 1.0
0 0.853516 0.234072 0.099609 0.160665 0.820339 0.199112 1.0 0.870082 0.197097 1.0 0.842368 0.239427 1.0 0.826734 0.262608 1.0 0.870793 0.262608 1.0
0 0.61377 0.144044 0.030273 0.052632 0.608791 0.137033 1.0 0.622916 0.135029 1.0 0.616795 0.148385 1.0 0.610203 0.157066 1.0 0.621739 0.156065 1.0
0 0.916992 0.727839 0.013672 0.020776 0.0 0.0 0.0 0.0 0.0 0.0 0.0 0.0 0.0 0.0 0.0 0.0 0.0 0.0 0.0
0 0.891113 0.713296 0.012695 0.022161 0.0 0.0 0.0 0.0 0.0 0.0 0.0 0.0 0.0 0.0 0.0 0.0 0.0 0.0 0.0
0 0.850586 0.721607 0.011719 0.022161 0.0 0.0 0.0 0.0 0.0 0.0 0.0 0.0 0.0 0.0 0.0 0.0 0.0 0.0 0.0
0 0.888672 0.779778 0.013672 0.019391 0.0 0.0 0.0 0.0 0.0 0.0 0.0 0.0 0.0 0.0 0.0 0.0 0.0 0.0 0.0
0 0.858887 0.754848 0.012695 0.01662 0.0 0.0 0.0 0.0 0.0 0.0 0.0 0.0 0.0 0.0 0.0 0.0 0.0 0.0 0.0
0 0.80127 0.769391 0.012695 0.020776 0.0 0.0 0.0 0.0 0.0 0.0 0.0 0.0 0.0 0.0 0.0 0.0 0.0 0.0 0.0
0 0.79248 0.725762 0.008789 0.01108 0.0 0.0 0.0 0.0 0.0 0.0 0.0 0.0 0.0 0.0 0.0 0.0 0.0 0.0 0.0
0 0.810547 0.700139 0.009766 0.018006 0.809387 0.697201 1.0 0.814357 0.697672 1.0 0.811541 0.700843 1.0 0.81005 0.704251 1.0 0.81328 0.704251 1.0
0 0.777832 0.718837 0.012695 0.019391 0.0 0.0 0.0 0.0 0.0 0.0 0.0 0.0 0.0 0.0 0.0 0.0 0.0 0.0 0.0
0 0.742676 0.738227 0.010742 0.01662 0.0 0.0 0.0 0.0 0.0 0.0 0.0 0.0 0.0 0.0 0.0 0.0 0.0 0.0 0.0
0 0.773926 0.776316 0.010742 0.018006 0.0 0.0 0.0 0.0 0.0 0.0 0.0 0.0 0.0 0.0 0.0 0.0 0.0 0.0 0.0
0 0.749512 0.806787 0.010742 0.015235 0.0 0.0 0.0 0.0 0.0 0.0 0.0 0.0 0.0 0.0 0.0 0.0 0.0 0.0 0.0
0 0.702637 0.73615 0.012695 0.018006 0.0 0.0 0.0 0.0 0.0 0.0 0.0 0.0 0.0 0.0 0.0 0.0 0.0 0.0 0.0
0 0.547363 0.772853 0.014648 0.022161 0.544168 0.770597 1.0 0.550785 0.770312 1.0 0.547276 0.775859 1.0 0.543967 0.779555 1.0 0.550284 0.779414 1.0
0 0.569824 0.759003 0.012695 0.024931 0.566424 0.755528 1.0 0.573451 0.755046 1.0 0.569937 0.762119 1.0 0.567104 0.765496 1.0 0.572658 0.765496 1.0
0 0.569824 0.699446 0.014648 0.024931 0.0 0.0 0.0 0.0 0.0 0.0 0.0 0.0 0.0 0.0 0.0 0.0 0.0 0.0 0.0
0 0.543457 0.702216 0.014648 0.024931 0.0 0.0 0.0 0.0 0.0 0.0 0.0 0.0 0.0 0.0 0.0 0.0 0.0 0.0 0.0
0 0.375488 0.695983 0.069336 0.095568 0.35451 0.690418 1.0 0.380231 0.677434 1.0 0.364537 0.70464 1.0 0.365409 0.725044 1.0 0.385463 0.715151 1.0
0 0.313477 0.635734 0.074219 0.121884 0.30923 0.614946 1.0 0.338113 0.628086 1.0 0.322854 0.645861 1.0 0.298331 0.656683 1.0 0.327214 0.668277 1.0
0 0.075684 0.677285 0.022461 0.038781 0.068987 0.671522 1.0 0.078461 0.668481 1.0 0.072384 0.678874 1.0 0.070238 0.685465 1.0 0.079533 0.685212 1.0
0 0.125 0.771468 0.021484 0.033241 0.117989 0.769155 1.0 0.127772 0.767263 1.0 0.123622 0.774411 1.0 0.121103 0.78177 1.0 0.128069 0.780508 1.0
0 0.175781 0.717452 0.023438 0.033241 0.0 0.0 0.0 0.0 0.0 0.0 0.0 0.0 0.0 0.0 0.0 0.0 0.0 0.0 0.0
0 0.146973 0.623961 0.02832 0.051247 0.139143 0.618717 1.0 0.152313 0.617079 1.0 0.144688 0.630515 1.0 0.14076 0.635431 1.0 0.153931 0.633137 1.0
0 0.094727 0.608033 0.03125 0.047091 0.090393 0.599766 1.0 0.103211 0.601886 1.0 0.096802 0.610976 1.0 0.089966 0.617339 1.0 0.102783 0.618248 1.0