0 0.095703 0.569648 0.019531 0.030792 0.092865 0.564981 1.0 0.101649 0.564981 1.0 0.097325 0.573909 1.0 0.093811 0.576142 1.0 0.099082 0.576345 1.0
0 0.115234 0.591642 0.017578 0.030792 0.112618 0.586393 1.0 0.119942 0.586589 1.0 0.116804 0.596604 1.0 0.113272 0.597587 1.0 0.120466 0.597587 1.0
0 0.121582 0.493402 0.016602 0.030792 0.0 0.0 0.0 0.0 0.0 0.0 0.0 0.0 0.0 0.0 0.0 0.0 0.0 0.0 0.0
0 0.15625 0.510264 0.015625 0.032258 0.0 0.0 0.0 0.0 0.0 0.0 0.0 0.0 0.0 0.0 0.0 0.0 0.0 0.0 0.0
0 0.188477 0.512463 0.017578 0.027859 0.1875 0.509897 1.0 0.193115 0.510081 1.0 0.19043 0.515029 1.0 0.187988 0.518512 1.0 0.192505 0.518695 1.0
0 0.22998 0.494135 0.016602 0.029326 0.225717 0.486947 1.0 0.233176 0.488846 1.0 0.228625 0.496059 1.0 0.225843 0.498906 1.0 0.231153 0.500616 1.0
0 0.20752 0.560117 0.016602 0.032258 0.20568 0.55289 1.0 0.212167 0.560399 1.0 0.205814 0.560399 1.0 0.202437 0.563443 1.0 0.208112 0.568718 1.0
0 0.238281 0.576979 0.013672 0.027859 0.234863 0.573314 1.0 0.240967 0.573497 1.0 0.238159 0.579362 1.0 0.235596 0.583578 1.0 0.241577 0.583211 1.0
0 0.302734 0.568182 0.017578 0.030792 0.299012 0.564503 1.0 0.306597 0.565092 1.0 0.302412 0.571377 1.0 0.299665 0.574911 1.0 0.304635 0.5755 1.0
0 0.257812 0.417889 0.011719 0.020528 0.254242 0.412894 1.0 0.259552 0.412481 1.0 0.256531 0.417843 1.0 0.255615 0.423754 1.0 0.259461 0.423616 1.0
0 0.301758 0.718475 0.013672 0.026393 0.298968 0.712413 1.0 0.306108 0.714966 1.0 0.301348 0.718371 1.0 0.298628 0.723987 1.0 0.303502 0.725007 1.0
0 0.367188 0.708211 0.017578 0.026393 0.362462 0.703413 1.0 0.368465 0.702883 1.0 0.364934 0.708716 1.0 0.362933 0.713664 1.0 0.367523 0.713311 1.0
0 0.412109 0.713343 0.017578 0.024927 0.411316 0.705802 1.0 0.41585 0.71363 1.0 0.410183 0.71278 1.0 0.405309 0.716865 1.0 0.408482 0.721971 1.0
0 0.479004 0.706745 0.014648 0.026393 0.475028 0.702412 1.0 0.481895 0.700938 1.0 0.479388 0.70994 1.0 0.477316 0.712557 1.0 0.482439 0.711903 1.0
0 0.272949 0.362903 0.008789 0.021994 0.0 0.0 0.0 0.0 0.0 0.0 0.0 0.0 0.0 0.0 0.0 0.0 0.0 0.0 0.0
0 0.294922 0.415689 0.007812 0.019062 0.0 0.0 0.0 0.0 0.0 0.0 0.0 0.0 0.0 0.0 0.0 0.0 0.0 0.0 0.0
0 0.296387 0.361437 0.010742 0.021994 0.0 0.0 0.0 0.0 0.0 0.0 0.0 0.0 0.0 0.0 0.0 0.0 0.0 0.0 0.0
0 0.327148 0.41349 0.009766 0.017595 0.0 0.0 0.0 0.0 0.0 0.0 0.0 0.0 0.0 0.0 0.0 0.0 0.0 0.0 0.0
0 0.370117 0.475806 0.015625 0.027859 0.36731 0.472691 1.0 0.37439 0.473424 1.0 0.370239 0.477823 1.0 0.366333 0.482038 1.0 0.373291 0.483688 1.0
0 0.315918 0.494135 0.016602 0.029326 0.315033 0.486758 1.0 0.321102 0.492073 1.0 0.316044 0.49435 1.0 0.311999 0.497957 1.0 0.316297 0.502513 1.0
0 0.436523 0.357038 0.011719 0.021994 0.433716 0.353726 1.0 0.437125 0.354328 1.0 0.434618 0.358393 1.0 0.432914 0.362308 1.0 0.436223 0.362457 1.0
0 0.380371 0.415689 0.008789 0.019062 0.0 0.0 0.0 0.0 0.0 0.0 0.0 0.0 0.0 0.0 0.0 0.0 0.0 0.0 0.0
0 0.395996 0.420088 0.010742 0.019062 0.0 0.0 0.0 0.0 0.0 0.0 0.0 0.0 0.0 0.0 0.0 0.0 0.0 0.0 0.0
0 0.479004 0.39956 0.012695 0.016129 0.0 0.0 0.0 0.0 0.0 0.0 0.0 0.0 0.0 0.0 0.0 0.0 0.0 0.0 0.0
0 0.499023 0.379765 0.011719 0.020528 0.0 0.0 0.0 0.0 0.0 0.0 0.0 0.0 0.0 0.0 0.0 0.0 0.0 0.0 0.0
0 0.477051 0.352639 0.010742 0.019062 0.0 0.0 0.0 0.0 0.0 0.0 0.0 0.0 0.0 0.0 0.0 0.0 0.0 0.0 0.0
0 0.51416 0.341642 0.010742 0.020528 0.0 0.0 0.0 0.0 0.0 0.0 0.0 0.0 0.0 0.0 0.0 0.0 0.0 0.0 0.0
0 0.565918 0.34824 0.010742 0.019062 0.0 0.0 0.0 0.0 0.0 0.0 0.0 0.0 0.0 0.0 0.0 0.0 0.0 0.0 0.0
0 0.606934 0.346774 0.010742 0.019062 0.0 0.0 0.0 0.0 0.0 0.0 0.0 0.0 0.0 0.0 0.0 0.0 0.0 0.0 0.0
0 0.550293 0.392962 0.012695 0.020528 0.0 0.0 0.0 0.0 0.0 0.0 0.0 0.0 0.0 0.0 0.0 0.0 0.0 0.0 0.0
0 0.586914 0.387097 0.013672 0.02346 0.582109 0.381022 1.0 0.584987 0.380735 1.0 0.579808 0.385054 1.0 0.581438 0.392255 1.0 0.58422 0.392255 1.0
0 0.562988 0.461877 0.018555 0.029326 0.0 0.0 0.0 0.0 0.0 0.0 0.0 0.0 0.0 0.0 0.0 0.0 0.0 0.0 0.0
0 0.547363 0.479472 0.014648 0.029326 0.544922 0.473607 1.0 0.551514 0.473424 1.0 0.548828 0.478372 1.0 0.544922 0.484238 1.0 0.550415 0.484421 1.0
0 0.453125 0.458944 0.021484 0.032258 0.44901 0.46062 1.0 0.454311 0.466276 1.0 0.449428 0.470884 1.0 0.444127 0.471512 1.0 0.448451 0.476959 1.0
0 0.472168 0.481672 0.010742 0.021994 0.0 0.0 0.0 0.0 0.0 0.0 0.0 0.0 0.0 0.0 0.0 0.0 0.0 0.0 0.0
0 0.354004 0.54912 0.016602 0.033724 0.34981 0.540152 1.0 0.359 0.542601 1.0 0.352923 0.551057 1.0 0.349068 0.554173 1.0 0.355146 0.556622 1.0
0 0.411621 0.573314 0.016602 0.029326 0.411621 0.56233 1.0 0.419839 0.567265 1.0 0.411874 0.57334 1.0 0.408081 0.577136 1.0 0.412886 0.581692 1.0
0 0.459961 0.57478 0.015625 0.026393 0.456513 0.571043 1.0 0.464164 0.570336 1.0 0.460396 0.577758 1.0 0.457454 0.581116 1.0 0.463928 0.580409 1.0
0 0.812012 0.475073 0.014648 0.029326 0.0 0.0 0.0 0.0 0.0 0.0 0.0 0.0 0.0 0.0 0.0 0.0 0.0 0.0 0.0
0 0.759277 0.464076 0.012695 0.024927 0.0 0.0 0.0 0.0 0.0 0.0 0.0 0.0 0.0 0.0 0.0 0.0 0.0 0.0 0.0
0 0.856445 0.468475 0.015625 0.030792 0.852521 0.465975 1.0 0.8605 0.466172 1.0 0.8571 0.474223 1.0 0.85396 0.476972 1.0 0.859715 0.476579 1.0
0 0.88916 0.453079 0.018555 0.035191 0.0 0.0 0.0 0.0 0.0 0.0 0.0 0.0 0.0 0.0 0.0 0.0 0.0 0.0 0.0
0 0.912109 0.528592 0.017578 0.036657 0.907244 0.523617 1.0 0.915562 0.523381 1.0 0.911481 0.530688 1.0 0.9085 0.536343 1.0 0.914935 0.5354 1.0
0 0.848145 0.566716 0.016602 0.030792 0.844194 0.559305 1.0 0.85178 0.559109 1.0 0.847465 0.566965 1.0 0.844063 0.572267 1.0 0.851388 0.57266 1.0
0 0.323242 0.360704 0.007812 0.017595 0.0 0.0 0.0 0.0 0.0 0.0 0.0 0.0 0.0 0.0 0.0 0.0 0.0 0.0 0.0
0 0.389648 0.35044 0.011719 0.020528 0.0 0.0 0.0 0.0 0.0 0.0 0.0 0.0 0.0 0.0 0.0 0.0 0.0 0.0 0.0
0 0.524414 0.704545 0.015625 0.027859 0.0 0.0 0.0 0.0 0.0 0.0 0.0 0.0 0.0 0.0 0.0 0.0 0.0 0.0 0.0
0 0.568848 0.538123 0.012695 0.035191 0.0 0.0 0.0 0.0 0.0 0.0 0.0 0.0 0.0 0.0 0.0 0.0 0.0 0.0 0.0
0 0.572754 0.549853 0.010742 0.02346 0.0 0.0 0.0 0.0 0.0 0.0 0.0 0.0 0.0 0.0 0.0 0.0 0.0 0.0 0.0
0 0.644043 0.546921 0.016602 0.026393 0.641628 0.540349 1.0 0.647862 0.540349 1.0 0.644915 0.546135 1.0 0.641968 0.55124 1.0 0.647295 0.551411 1.0
0 0.663086 0.547654 0.017578 0.030792 0.657179 0.543531 1.0 0.6635 0.539924 1.0 0.660972 0.550174 1.0 0.660719 0.556059 1.0 0.666787 0.551883 1.0
0 0.759277 0.546921 0.016602 0.026393 0.757621 0.541815 1.0 0.764082 0.545389 1.0 0.759888 0.548793 1.0 0.754674 0.550666 1.0 0.761021 0.556792 1.0
0 0.794434 0.53739 0.016602 0.033724 0.786787 0.526642 1.0 0.793901 0.526642 1.0 0.789604 0.534654 1.0 0.788565 0.543334 1.0 0.795681 0.543334 1.0
0 0.603027 0.717742 0.016602 0.024927 0.598781 0.714804 1.0 0.605975 0.714804 1.0 0.602596 0.72315 1.0 0.600089 0.726422 1.0 0.60532 0.726094 1.0
0 0.643066 0.716276 0.016602 0.027859 0.638341 0.709861 1.0 0.645756 0.710391 1.0 0.641401 0.717991 1.0 0.639518 0.725944 1.0 0.643638 0.726651 1.0
0 0.680664 0.721408 0.013672 0.020528 0.0 0.0 0.0 0.0 0.0 0.0 0.0 0.0 0.0 0.0 0.0 0.0 0.0 0.0 0.0
0 0.722168 0.719208 0.014648 0.019062 0.0 0.0 0.0 0.0 0.0 0.0 0.0 0.0 0.0 0.0 0.0 0.0 0.0 0.0 0.0
0 0.770508 0.683284 0.015625 0.029326 0.766715 0.678565 1.0 0.773542 0.678565 1.0 0.76937 0.689195 1.0 0.768105 0.692422 1.0 0.773669 0.692233 1.0
0 0.842773 0.71261 0.017578 0.026393 0.843345 0.706018 1.0 0.847465 0.712557 1.0 0.842639 0.713264 1.0 0.838048 0.713264 1.0 0.842167 0.719628 1.0
0 0.669922 0.357038 0.009766 0.021994 0.667036 0.355009 1.0 0.672694 0.356018 1.0 0.668282 0.36077 1.0 0.66646 0.363361 1.0 0.670968 0.36437 1.0
0 0.691895 0.355572 0.010742 0.019062 0.0 0.0 0.0 0.0 0.0 0.0 0.0 0.0 0.0 0.0 0.0 0.0 0.0 0.0 0.0
0 0.689453 0.407625 0.011719 0.020528 0.68539 0.405111 1.0 0.690099 0.404588 1.0 0.687134 0.410217 1.0 0.685651 0.41362 1.0 0.690447 0.41362 1.0
0 0.630371 0.466276 0.010742 0.017595 0.626509 0.465686 1.0 0.631531 0.46439 1.0 0.629255 0.468985 1.0 0.628941 0.474287 1.0 0.631531 0.473463 1.0
0 0.671387 0.475806 0.016602 0.027859 0.0 0.0 0.0 0.0 0.0 0.0 0.0 0.0 0.0 0.0 0.0 0.0 0.0 0.0 0.0
0 0.696289 0.478006 0.015625 0.026393 0.691606 0.472625 1.0 0.697841 0.472455 1.0 0.694894 0.479603 1.0 0.692287 0.483518 1.0 0.697614 0.483858 1.0
0 0.748535 0.464076 0.012695 0.024927 0.0 0.0 0.0 0.0 0.0 0.0 0.0 0.0 0.0 0.0 0.0 0.0 0.0 0.0 0.0