0 0.198242 0.544118 0.042969 0.079412 0.187348 0.532262 1.0 0.206146 0.53125 1.0 0.196747 0.543382 1.0 0.187012 0.560065 1.0 0.207824 0.560065 1.0
0 0.224609 0.3375 0.048828 0.083824 0.215053 0.32521 1.0 0.235282 0.326785 1.0 0.224121 0.339916 1.0 0.21296 0.354097 1.0 0.235631 0.356197 1.0
0 0.307129 0.180147 0.038086 0.069118 0.298828 0.170588 1.0 0.317383 0.169118 1.0 0.305664 0.185294 1.0 0.296875 0.194118 1.0 0.317383 0.195588 1.0
0 0.458008 0.146324 0.039062 0.069118 0.449751 0.134322 1.0 0.469029 0.13389 1.0 0.459533 0.152954 1.0 0.450901 0.162487 1.0 0.468741 0.161187 1.0
0 0.582031 0.158088 0.039062 0.075 0.573695 0.146481 1.0 0.593471 0.148372 1.0 0.581856 0.163025 1.0 0.572754 0.173425 1.0 0.590646 0.174843 1.0
0 0.723633 0.207353 0.039062 0.067647 0.715376 0.195221 1.0 0.732353 0.196087 1.0 0.723433 0.212119 1.0 0.7148 0.221219 1.0 0.731776 0.220785 1.0
0 0.777344 0.335294 0.042969 0.082353 0.7679 0.322629 1.0 0.788221 0.320556 1.0 0.77961 0.337151 1.0 0.769967 0.352193 1.0 0.790632 0.3496 1.0
0 0.616211 0.347794 0.046875 0.083824 0.605957 0.333928 1.0 0.626186 0.335504 1.0 0.618164 0.35021 1.0 0.605608 0.364391 1.0 0.626534 0.364916 1.0
0 0.533691 0.457353 0.036133 0.061765 0.526001 0.44461 1.0 0.542978 0.447322 1.0 0.534489 0.455068 1.0 0.524972 0.46785 1.0 0.540662 0.47095 1.0
0 0.45166 0.369853 0.047852 0.072059 0.441406 0.350276 1.0 0.462158 0.348438 1.0 0.451782 0.366821 1.0 0.441406 0.384743 1.0 0.461548 0.382444 1.0
0 0.34375 0.525735 0.042969 0.069118 0.333038 0.5099 1.0 0.353485 0.50946 1.0 0.34297 0.525296 1.0 0.335083 0.538491 1.0 0.350856 0.538931 1.0
0 0.617676 0.561765 0.038086 0.061765 0.614101 0.550571 1.0 0.631592 0.552896 1.0 0.622589 0.562191 1.0 0.614872 0.573037 1.0 0.626705 0.574199 1.0
0 0.708008 0.495588 0.035156 0.05 0.696402 0.495522 1.0 0.703962 0.487487 1.0 0.699516 0.503559 1.0 0.702628 0.513938 1.0 0.706853 0.510925 1.0
0 0.852051 0.477941 0.03418 0.052941 0.84375 0.472059 1.0 0.859375 0.470588 1.0 0.851562 0.482353 1.0 0.847656 0.494118 1.0 0.857422 0.492647 1.0