0 0.710938 0.09825 0.039062 0.033647 0.704878 0.092581 1.0 0.722521 0.094288 1.0 0.712926 0.101753 1.0 0.702401 0.1041 1.0 0.718497 0.10538 1.0
0 0.77002 0.094213 0.045898 0.033647 0.754983 0.085771 1.0 0.776031 0.084705 1.0 0.762412 0.09345 1.0 0.756531 0.098569 1.0 0.77696 0.097929 1.0
0 0.828125 0.217699 0.039062 0.028937 0.819658 0.216599 1.0 0.837211 0.213667 1.0 0.830828 0.223563 1.0 0.824978 0.226129 1.0 0.838274 0.224479 1.0
0 0.67334 0.217026 0.036133 0.027591 0.667306 0.212856 1.0 0.683995 0.213552 1.0 0.676409 0.221742 1.0 0.666801 0.223659 1.0 0.677674 0.22453 1.0
0 0.245605 0.211978 0.116211 0.10498 0.213122 0.192562 1.0 0.273271 0.193878 1.0 0.233172 0.214931 1.0 0.215986 0.230722 1.0 0.265634 0.233353 1.0
0 0.09668 0.190781 0.134766 0.115074 0.069925 0.172007 1.0 0.128763 0.174179 1.0 0.097242 0.197348 1.0 0.06362 0.21038 1.0 0.12456 0.213277 1.0
0 0.666504 0.635935 0.053711 0.039031 0.652501 0.63328 1.0 0.676021 0.627544 1.0 0.669146 0.640511 1.0 0.6601 0.646994 1.0 0.681811 0.641508 1.0
0 0.755371 0.652423 0.051758 0.042396 0.745858 0.649214 1.0 0.770691 0.648145 1.0 0.759438 0.660444 1.0 0.747799 0.662851 1.0 0.768751 0.662316 1.0
0 0.162109 0.655787 0.097656 0.078735 0.140041 0.639925 1.0 0.181763 0.636455 1.0 0.165937 0.655787 1.0 0.146515 0.670658 1.0 0.188236 0.665701 1.0
0 0.235352 0.746972 0.076172 0.057873 0.22488 0.739729 1.0 0.258113 0.741546 1.0 0.240705 0.755359 1.0 0.220659 0.759358 1.0 0.253894 0.760449 1.0
0 0.336426 0.713661 0.09082 0.078735 0.305193 0.702978 1.0 0.345232 0.702485 1.0 0.316633 0.717758 1.0 0.307338 0.730569 1.0 0.346662 0.729583 1.0