0 0.096191 0.064788 0.055664 0.051977 0.086112 0.054617 1.0 0.111834 0.053637 1.0 0.101807 0.067363 1.0 0.088292 0.07586 1.0 0.110526 0.075206 1.0
0 0.1875 0.082723 0.048828 0.045388 0.175254 0.07468 1.0 0.197632 0.072406 1.0 0.185115 0.082073 1.0 0.17715 0.09174 1.0 0.199907 0.090318 1.0
0 0.377441 0.10798 0.06543 0.056369 0.362357 0.095613 1.0 0.391078 0.093495 1.0 0.378365 0.107613 1.0 0.365653 0.119614 1.0 0.395316 0.117496 1.0
0 0.514648 0.079063 0.087891 0.064422 0.492566 0.06749 1.0 0.528002 0.062094 1.0 0.513053 0.083263 1.0 0.505302 0.096129 1.0 0.532985 0.090734 1.0
0 0.739258 0.074305 0.076172 0.065154 0.728882 0.059114 1.0 0.764038 0.066114 1.0 0.74701 0.078056 1.0 0.719543 0.081763 1.0 0.752502 0.089174 1.0
0 0.884277 0.053807 0.081055 0.069546 0.865679 0.042493 1.0 0.899563 0.042493 1.0 0.882621 0.054755 1.0 0.869769 0.070958 1.0 0.898394 0.07052 1.0
0 0.911621 0.252928 0.094727 0.07101 0.911133 0.233895 1.0 0.94315 0.244117 1.0 0.925956 0.256562 1.0 0.892753 0.258785 1.0 0.922398 0.269007 1.0
0 0.738281 0.195095 0.068359 0.056369 0.724139 0.182023 1.0 0.755685 0.183434 1.0 0.739677 0.193317 1.0 0.722726 0.204965 1.0 0.755685 0.205318 1.0
0 0.568359 0.207174 0.083984 0.071742 0.552722 0.194089 1.0 0.590898 0.190908 1.0 0.573931 0.208171 1.0 0.555751 0.222708 1.0 0.593322 0.219982 1.0
0 0.401855 0.240117 0.071289 0.058565 0.380676 0.230518 1.0 0.417132 0.230518 1.0 0.399396 0.244183 1.0 0.385603 0.254154 1.0 0.416146 0.254523 1.0
0 0.27002 0.176428 0.055664 0.051245 0.250973 0.169267 1.0 0.278595 0.164737 1.0 0.269531 0.180592 1.0 0.256583 0.187062 1.0 0.284638 0.18415 1.0
0 0.092773 0.230966 0.056641 0.051977 0.084874 0.220796 1.0 0.109724 0.219816 1.0 0.097081 0.233868 1.0 0.082258 0.239751 1.0 0.109288 0.239097 1.0
0 0.311523 0.366764 0.066406 0.051245 0.29895 0.356692 1.0 0.323983 0.357339 1.0 0.309309 0.365104 1.0 0.296792 0.375781 1.0 0.319667 0.376752 1.0
0 0.466309 0.354319 0.036133 0.027818 0.458627 0.348021 1.0 0.471814 0.348021 1.0 0.464142 0.352695 1.0 0.455989 0.358267 1.0 0.474692 0.357728 1.0
0 0.583008 0.33858 0.033203 0.030015 0.575187 0.333665 1.0 0.586818 0.333286 1.0 0.581761 0.338593 1.0 0.575439 0.34428 1.0 0.588841 0.34428 1.0
0 0.875977 0.476208 0.095703 0.087116 0.853516 0.468704 1.0 0.890137 0.464312 1.0 0.875488 0.485176 1.0 0.861572 0.495608 1.0 0.895996 0.491764 1.0
0 0.752441 0.452782 0.09668 0.08858 0.741577 0.439638 1.0 0.784563 0.430748 1.0 0.774188 0.452971 1.0 0.755659 0.47075 1.0 0.791233 0.464083 1.0
0 0.633789 0.432284 0.041016 0.037335 0.62514 0.424624 1.0 0.644287 0.424859 1.0 0.638009 0.433565 1.0 0.626081 0.439919 1.0 0.643346 0.440154 1.0
0 0.511719 0.417277 0.037109 0.033675 0.502729 0.411813 1.0 0.519165 0.411813 1.0 0.51123 0.418823 1.0 0.502445 0.42562 1.0 0.518599 0.425408 1.0
0 0.392578 0.424963 0.037109 0.032943 0.38651 0.420414 1.0 0.402972 0.421669 1.0 0.393206 0.427316 1.0 0.38344 0.431918 1.0 0.401298 0.433173 1.0
0 0.247559 0.492679 0.071289 0.06735 0.226262 0.482616 1.0 0.261692 0.484725 1.0 0.240884 0.49948 1.0 0.227949 0.507069 1.0 0.258318 0.509177 1.0
0 0.135254 0.508785 0.063477 0.057101 0.124604 0.495359 1.0 0.156542 0.49935 1.0 0.140572 0.509507 1.0 0.118313 0.515674 1.0 0.149768 0.520753 1.0
0 0.268066 0.633236 0.088867 0.065886 0.247489 0.62032 1.0 0.281529 0.614463 1.0 0.266462 0.631196 1.0 0.253069 0.647093 1.0 0.286552 0.641654 1.0
0 0.460938 0.618228 0.078125 0.065154 0.447266 0.604274 1.0 0.481323 0.599332 1.0 0.471984 0.618274 1.0 0.453309 0.63104 1.0 0.489563 0.624862 1.0
0 0.641113 0.605783 0.073242 0.065154 0.621094 0.592972 1.0 0.655273 0.589312 1.0 0.643555 0.605417 1.0 0.628906 0.622255 1.0 0.655273 0.618594 1.0
0 0.810547 0.652635 0.054688 0.049048 0.799403 0.642746 1.0 0.825631 0.644282 1.0 0.812928 0.65104 1.0 0.798994 0.661179 1.0 0.822763 0.663022 1.0
0 0.928711 0.641654 0.056641 0.050512 0.917541 0.63136 1.0 0.944031 0.632321 1.0 0.929077 0.64321 1.0 0.915405 0.649296 1.0 0.942322 0.652498 1.0
0 0.09375 0.638726 0.087891 0.078331 0.078875 0.626105 1.0 0.117458 0.621693 1.0 0.102417 0.643753 1.0 0.076913 0.653067 1.0 0.123997 0.648654 1.0
0 0.824707 0.769034 0.047852 0.043192 0.810303 0.76757 1.0 0.827515 0.764001 1.0 0.820923 0.776354 1.0 0.82019 0.784865 1.0 0.835571 0.783217 1.0
0 0.952148 0.86713 0.052734 0.047584 0.944842 0.861954 1.0 0.969308 0.859548 1.0 0.964495 0.872477 1.0 0.948451 0.879993 1.0 0.97011 0.877288 1.0
0 0.78125 0.878843 0.052734 0.050512 0.770936 0.867268 1.0 0.79187 0.865987 1.0 0.782898 0.876556 1.0 0.772645 0.886805 1.0 0.794006 0.884883 1.0
0 0.601074 0.901537 0.071289 0.049048 0.58381 0.895053 1.0 0.6092 0.890635 1.0 0.597865 0.901171 1.0 0.592878 0.914427 1.0 0.617362 0.909668 1.0
0 0.446289 0.890556 0.064453 0.051977 0.433594 0.882673 1.0 0.461495 0.883001 1.0 0.45016 0.894766 1.0 0.434901 0.901629 1.0 0.458443 0.901629 1.0
0 0.283203 0.882138 0.076172 0.061493 0.265076 0.876327 1.0 0.294129 0.871271 1.0 0.284271 0.885272 1.0 0.27182 0.899272 1.0 0.300873 0.893828 1.0
0 0.077637 0.926061 0.069336 0.064422 0.05317 0.922428 1.0 0.083687 0.914665 1.0 0.072789 0.932641 1.0 0.067884 0.943262 1.0 0.089683 0.939176 1.0
0 0.100098 0.800146 0.057617 0.048316 0.089474 0.789447 1.0 0.112179 0.788231 1.0 0.101637 0.796437 1.0 0.089879 0.805251 1.0 0.112989 0.804947 1.0
0 0.254395 0.766471 0.055664 0.046852 0.239624 0.760157 1.0 0.261841 0.755102 1.0 0.254699 0.767295 1.0 0.247162 0.776515 1.0 0.268982 0.771161 1.0
0 0.108887 0.365666 0.06543 0.053441 0.100315 0.354163 1.0 0.127258 0.358202 1.0 0.111542 0.367963 1.0 0.095825 0.374696 1.0 0.121421 0.378399 1.0
0 0.458008 0.729868 0.083984 0.065886 0.442017 0.722447 1.0 0.475791 0.719956 1.0 0.460842 0.732408 1.0 0.448107 0.75067 1.0 0.478006 0.747764 1.0
0 0.702637 0.806369 0.041992 0.040264 0.690927 0.802944 1.0 0.707249 0.79963 1.0 0.702148 0.808297 1.0 0.696708 0.816964 1.0 0.71201 0.81365 1.0