0 0.162598 0.242589 0.045898 0.056324 0.157087 0.232919 1.0 0.174874 0.234331 1.0 0.166504 0.241742 1.0 0.155343 0.250918 1.0 0.173479 0.252329 1.0
0 0.22998 0.212945 0.040039 0.048419 0.222874 0.201303 1.0 0.240321 0.201608 1.0 0.231898 0.214696 1.0 0.222874 0.220175 1.0 0.238817 0.219566 1.0
0 0.255371 0.286067 0.038086 0.046443 0.248165 0.276018 1.0 0.263646 0.276313 1.0 0.256344 0.283998 1.0 0.246996 0.293752 1.0 0.265106 0.291978 1.0
0 0.28125 0.25247 0.039062 0.046443 0.277597 0.241671 1.0 0.2963 0.242836 1.0 0.288243 0.251862 1.0 0.27961 0.261178 1.0 0.289394 0.264963 1.0
0 0.347168 0.262352 0.040039 0.046443 0.336456 0.253974 1.0 0.351646 0.253383 1.0 0.344927 0.264024 1.0 0.336748 0.269639 1.0 0.353982 0.269344 1.0
0 0.744141 0.283597 0.041016 0.043478 0.736049 0.277385 1.0 0.752511 0.277385 1.0 0.74442 0.288114 1.0 0.735771 0.293478 1.0 0.752511 0.291785 1.0
0 0.699707 0.270257 0.043945 0.046443 0.689287 0.269961 1.0 0.702724 0.262277 1.0 0.699219 0.277646 1.0 0.702724 0.287399 1.0 0.710902 0.280602 1.0
0 0.781738 0.258399 0.038086 0.04249 0.779297 0.251976 1.0 0.793945 0.253953 1.0 0.786133 0.26087 1.0 0.776367 0.269763 1.0 0.791992 0.272727 1.0
0 0.83252 0.268281 0.038086 0.04249 0.826172 0.261858 1.0 0.84082 0.26087 1.0 0.833008 0.266798 1.0 0.827148 0.275692 1.0 0.84082 0.27668 1.0
0 0.397949 0.339921 0.038086 0.041502 0.389744 0.334482 1.0 0.404406 0.332139 1.0 0.398232 0.34229 1.0 0.389487 0.349057 1.0 0.408778 0.344892 1.0
0 0.350586 0.201581 0.033203 0.043478 0.342896 0.192194 1.0 0.362121 0.193583 1.0 0.352509 0.197752 1.0 0.34317 0.207202 1.0 0.358551 0.20998 1.0
0 0.414551 0.248518 0.041992 0.046443 0.404327 0.238173 1.0 0.422438 0.235217 1.0 0.416304 0.247631 1.0 0.409877 0.255315 1.0 0.421562 0.253838 1.0
0 0.443848 0.208004 0.036133 0.046443 0.433463 0.195167 1.0 0.453029 0.194875 1.0 0.446123 0.206813 1.0 0.43893 0.213509 1.0 0.453029 0.213218 1.0
0 0.504883 0.267787 0.042969 0.05336 0.494995 0.25843 1.0 0.51715 0.258091 1.0 0.505401 0.268621 1.0 0.496338 0.275074 1.0 0.513794 0.274734 1.0
0 0.511719 0.204051 0.039062 0.046443 0.5 0.199605 1.0 0.518555 0.199605 1.0 0.509766 0.20751 1.0 0.500977 0.216403 1.0 0.519531 0.215415 1.0
0 0.587402 0.219368 0.038086 0.047431 0.580078 0.210474 1.0 0.599609 0.211462 1.0 0.59082 0.222332 1.0 0.583984 0.232213 1.0 0.59668 0.231225 1.0
0 0.598145 0.3167 0.040039 0.044466 0.588728 0.3083 1.0 0.607701 0.306042 1.0 0.599052 0.320722 1.0 0.595146 0.328627 1.0 0.608538 0.325804 1.0
0 0.641602 0.278162 0.039062 0.044466 0.63916 0.268633 1.0 0.653669 0.272869 1.0 0.645577 0.280491 1.0 0.634138 0.283879 1.0 0.646973 0.289526 1.0
0 0.731934 0.375494 0.041992 0.041502 0.719256 0.373611 1.0 0.731223 0.366614 1.0 0.729096 0.380875 1.0 0.730425 0.387873 1.0 0.741329 0.379261 1.0