0 0.799805 0.346549 0.048828 0.079295 0.786225 0.328148 1.0 0.807037 0.3231 1.0 0.796295 0.345815 1.0 0.788574 0.360454 1.0 0.811065 0.353891 1.0
0 0.721191 0.298091 0.055664 0.099853 0.707171 0.282731 1.0 0.733812 0.280188 1.0 0.719857 0.298628 1.0 0.708017 0.313254 1.0 0.734235 0.310711 1.0
0 0.643066 0.381057 0.049805 0.0837 0.628627 0.365639 1.0 0.651646 0.368261 1.0 0.639091 0.386093 1.0 0.630022 0.395532 1.0 0.651298 0.397106 1.0
0 0.577637 0.279001 0.045898 0.085169 0.565569 0.26412 1.0 0.587643 0.265209 1.0 0.575339 0.281532 1.0 0.564122 0.293502 1.0 0.586557 0.29459 1.0
0 0.530273 0.431718 0.044922 0.079295 0.522064 0.410793 1.0 0.544892 0.412812 1.0 0.533478 0.432498 1.0 0.519715 0.442088 1.0 0.540527 0.445623 1.0
0 0.520996 0.608664 0.049805 0.077827 0.506592 0.604442 1.0 0.52846 0.603445 1.0 0.5162 0.62437 1.0 0.510899 0.632342 1.0 0.527466 0.631345 1.0
0 0.746094 0.586637 0.046875 0.077827 0.734009 0.565975 1.0 0.757202 0.566971 1.0 0.744942 0.585903 1.0 0.73434 0.600351 1.0 0.752563 0.603341 1.0
0 0.445312 0.543319 0.050781 0.091043 0.435342 0.522053 1.0 0.458858 0.527756 1.0 0.445962 0.542584 1.0 0.431929 0.553991 1.0 0.454307 0.559695 1.0
0 0.424805 0.362702 0.044922 0.082232 0.412951 0.341771 1.0 0.43396 0.341771 1.0 0.423972 0.360932 1.0 0.41364 0.374396 1.0 0.434305 0.374396 1.0
0 0.366699 0.323789 0.043945 0.089574 0.353838 0.309524 1.0 0.37221 0.309524 1.0 0.359087 0.328692 1.0 0.353838 0.33884 1.0 0.373335 0.339404 1.0
0 0.298828 0.305433 0.054688 0.085169 0.285675 0.290009 1.0 0.308472 0.2862 1.0 0.297978 0.30742 1.0 0.288932 0.322655 1.0 0.309558 0.319389 1.0
0 0.224609 0.226872 0.052734 0.0837 0.218192 0.213026 1.0 0.241211 0.217223 1.0 0.22726 0.234529 1.0 0.217494 0.245018 1.0 0.237374 0.248164 1.0
0 0.189941 0.342878 0.043945 0.0837 0.183524 0.324313 1.0 0.204799 0.330082 1.0 0.194336 0.344767 1.0 0.180733 0.357352 1.0 0.200963 0.362072 1.0
0 0.334961 0.652717 0.044922 0.069016 0.326991 0.642031 1.0 0.346558 0.640733 1.0 0.338789 0.65328 1.0 0.329293 0.668856 1.0 0.345694 0.667558 1.0
0 0.323242 0.531571 0.054688 0.088106 0.313489 0.513006 1.0 0.337577 0.511335 1.0 0.32683 0.533623 1.0 0.313489 0.550897 1.0 0.338318 0.547554 1.0