0 0.166504 0.331933 0.049805 0.066026 0.155814 0.316701 1.0 0.179277 0.315448 1.0 0.168736 0.330497 1.0 0.159895 0.343873 1.0 0.179277 0.342619 1.0
0 0.210449 0.252701 0.051758 0.066026 0.20758 0.239142 1.0 0.226623 0.241232 1.0 0.220503 0.256699 1.0 0.20724 0.26715 1.0 0.224243 0.270493 1.0
0 0.28418 0.292917 0.039062 0.043217 0.270272 0.290179 1.0 0.286425 0.283459 1.0 0.276733 0.29751 1.0 0.278473 0.310951 1.0 0.288164 0.307286 1.0
0 0.39502 0.289916 0.047852 0.061224 0.381661 0.278511 1.0 0.40332 0.27581 1.0 0.392334 0.288544 1.0 0.383545 0.300505 1.0 0.402692 0.30012 1.0
0 0.525879 0.267707 0.040039 0.064826 0.508941 0.254727 1.0 0.529419 0.2506 1.0 0.520355 0.26917 1.0 0.514648 0.282376 1.0 0.53009 0.279074 1.0
0 0.671875 0.261104 0.044922 0.066026 0.659484 0.245873 1.0 0.679548 0.245873 1.0 0.665946 0.260922 1.0 0.659145 0.273881 1.0 0.679208 0.271373 1.0
0 0.785156 0.32593 0.044922 0.056423 0.771432 0.311535 1.0 0.793013 0.312597 1.0 0.779488 0.326037 1.0 0.773158 0.337357 1.0 0.790711 0.336649 1.0
0 0.70459 0.177671 0.049805 0.069628 0.692884 0.164616 1.0 0.714233 0.164616 1.0 0.701931 0.175292 1.0 0.693607 0.190861 1.0 0.712424 0.19264 1.0
0 0.624023 0.171068 0.039062 0.058824 0.613159 0.164091 1.0 0.630859 0.160714 1.0 0.621398 0.174595 1.0 0.61499 0.1851 1.0 0.63269 0.182473 1.0
0 0.432617 0.134454 0.044922 0.064826 0.423065 0.123537 1.0 0.440186 0.125187 1.0 0.430115 0.139218 1.0 0.423736 0.15036 1.0 0.438507 0.151186 1.0
0 0.521484 0.419568 0.048828 0.070828 0.50708 0.410864 1.0 0.530518 0.409064 1.0 0.518433 0.428872 1.0 0.513306 0.441477 1.0 0.527588 0.440576 1.0
0 0.407715 0.482593 0.047852 0.060024 0.400107 0.471719 1.0 0.422394 0.4721 1.0 0.411869 0.491125 1.0 0.403202 0.499876 1.0 0.418061 0.499115 1.0
0 0.478027 0.210084 0.043945 0.052821 0.464983 0.198251 1.0 0.486188 0.194134 1.0 0.476981 0.208884 1.0 0.470563 0.225005 1.0 0.487025 0.221917 1.0
0 0.337402 0.217887 0.040039 0.054022 0.330262 0.203519 1.0 0.347564 0.204532 1.0 0.340424 0.216012 1.0 0.330262 0.22479 1.0 0.346191 0.22614 1.0