0 0.880371 0.381728 0.03418 0.049575 0.867654 0.371731 1.0 0.881661 0.371408 1.0 0.871212 0.382373 1.0 0.869655 0.392048 1.0 0.879438 0.39237 1.0
0 0.80127 0.356941 0.03418 0.048159 0.789611 0.348575 1.0 0.804779 0.346715 1.0 0.796875 0.35787 1.0 0.791962 0.366856 1.0 0.806915 0.365616 1.0
0 0.735352 0.367564 0.027344 0.043909 0.729388 0.359622 1.0 0.741473 0.361013 1.0 0.734566 0.369081 1.0 0.728236 0.379098 1.0 0.738979 0.379932 1.0
0 0.702637 0.347734 0.026367 0.041076 0.696289 0.340918 1.0 0.708924 0.340385 1.0 0.702515 0.349416 1.0 0.69812 0.357382 1.0 0.708191 0.356055 1.0
0 0.633301 0.384561 0.02832 0.041076 0.627938 0.378598 1.0 0.641523 0.378339 1.0 0.63473 0.385339 1.0 0.63044 0.394153 1.0 0.639735 0.393894 1.0
0 0.614746 0.394476 0.020508 0.043909 0.609184 0.388759 1.0 0.618774 0.387647 1.0 0.613212 0.397663 1.0 0.60995 0.403506 1.0 0.620309 0.403228 1.0
0 0.5625 0.389518 0.027344 0.03966 0.554146 0.380843 1.0 0.566123 0.378769 1.0 0.558615 0.388361 1.0 0.557364 0.398992 1.0 0.566659 0.396139 1.0
0 0.533203 0.332861 0.029297 0.045326 0.525495 0.3233 1.0 0.53833 0.322718 1.0 0.531311 0.332899 1.0 0.526498 0.342207 1.0 0.537729 0.342789 1.0
0 0.583496 0.53966 0.02832 0.045326 0.575988 0.530681 1.0 0.588623 0.529517 1.0 0.581203 0.540861 1.0 0.576791 0.548133 1.0 0.589024 0.547261 1.0
0 0.520996 0.454674 0.026367 0.03966 0.514893 0.44997 1.0 0.525879 0.44997 1.0 0.520996 0.455788 1.0 0.51559 0.463627 1.0 0.52553 0.463375 1.0
0 0.45166 0.534703 0.02832 0.049575 0.449044 0.527671 1.0 0.461251 0.528303 1.0 0.454276 0.540317 1.0 0.447736 0.545059 1.0 0.459508 0.546008 1.0
0 0.372559 0.535411 0.02832 0.048159 0.368713 0.524167 1.0 0.381744 0.526337 1.0 0.374054 0.53811 1.0 0.369141 0.546167 1.0 0.376831 0.547717 1.0
0 0.379395 0.395184 0.024414 0.042493 0.376134 0.389341 1.0 0.386108 0.388507 1.0 0.382271 0.399636 1.0 0.376134 0.406035 1.0 0.385341 0.406313 1.0
0 0.361328 0.362606 0.021484 0.03966 0.36594 0.355979 1.0 0.369001 0.355486 1.0 0.369171 0.365103 1.0 0.36611 0.371269 1.0 0.369171 0.371269 1.0
0 0.302246 0.347734 0.024414 0.046742 0.294381 0.339184 1.0 0.307085 0.34067 1.0 0.299914 0.350479 1.0 0.294177 0.356125 1.0 0.306471 0.35761 1.0
0 0.247559 0.41289 0.02832 0.038244 0.241041 0.406547 1.0 0.253374 0.405769 1.0 0.247476 0.41614 1.0 0.242828 0.421324 1.0 0.252659 0.421324 1.0
0 0.263672 0.363314 0.019531 0.029745 0.260829 0.364503 1.0 0.268677 0.364693 1.0 0.265276 0.369814 1.0 0.263184 0.374746 1.0 0.265669 0.374746 1.0
0 0.478027 0.362606 0.024414 0.036827 0.480931 0.35605 1.0 0.484157 0.355347 1.0 0.488028 0.364705 1.0 0.481092 0.372894 1.0 0.481898 0.372894 1.0
0 0.43457 0.336402 0.027344 0.043909 0.427822 0.325822 1.0 0.439688 0.325779 1.0 0.433564 0.334093 1.0 0.428711 0.343399 1.0 0.439014 0.343414 1.0
0 0.152344 0.40085 0.027344 0.042493 0.147919 0.393072 1.0 0.160104 0.393344 1.0 0.15373 0.402861 1.0 0.148294 0.411833 1.0 0.157479 0.411833 1.0
0 0.182617 0.34136 0.027344 0.03966 0.177211 0.332558 1.0 0.189244 0.333823 1.0 0.182269 0.33964 1.0 0.177211 0.348239 1.0 0.186104 0.348493 1.0
0 0.128906 0.369688 0.029297 0.045326 0.125083 0.36272 1.0 0.137639 0.363004 1.0 0.130969 0.374956 1.0 0.125672 0.380078 1.0 0.135284 0.381215 1.0