0 0.174316 0.277452 0.03418 0.062958 0.167934 0.266837 1.0 0.183611 0.268458 1.0 0.177124 0.283047 1.0 0.167394 0.287505 1.0 0.181989 0.289937 1.0
0 0.24707 0.270132 0.033203 0.057101 0.238189 0.260066 1.0 0.254975 0.25719 1.0 0.2485 0.272288 1.0 0.242026 0.280198 1.0 0.254495 0.27876 1.0
0 0.334473 0.271596 0.03418 0.060029 0.328095 0.262034 1.0 0.346357 0.258562 1.0 0.339927 0.273988 1.0 0.330152 0.284401 1.0 0.346357 0.279387 1.0
0 0.394531 0.172767 0.037109 0.061493 0.38773 0.163747 1.0 0.404472 0.161001 1.0 0.397147 0.174728 1.0 0.388515 0.181788 1.0 0.404732 0.180611 1.0
0 0.442383 0.234993 0.035156 0.060029 0.434562 0.224783 1.0 0.451503 0.220993 1.0 0.444676 0.236157 1.0 0.436584 0.246013 1.0 0.451503 0.24298 1.0
0 0.520508 0.232064 0.035156 0.062958 0.51348 0.224038 1.0 0.530779 0.223227 1.0 0.52294 0.232953 1.0 0.514832 0.245111 1.0 0.529428 0.24349 1.0
0 0.590332 0.199854 0.038086 0.065886 0.577079 0.189501 1.0 0.594378 0.187408 1.0 0.582938 0.200795 1.0 0.57959 0.212927 1.0 0.594378 0.210835 1.0
0 0.660156 0.142753 0.044922 0.068814 0.648821 0.131668 1.0 0.666661 0.125196 1.0 0.658604 0.139432 1.0 0.652562 0.154962 1.0 0.669538 0.150217 1.0
0 0.774902 0.218887 0.041992 0.068814 0.76205 0.206599 1.0 0.780431 0.210599 1.0 0.767979 0.224378 1.0 0.76205 0.229712 1.0 0.778355 0.232823 1.0
0 0.701172 0.259151 0.039062 0.06735 0.686798 0.246947 1.0 0.706352 0.244823 1.0 0.695016 0.258843 1.0 0.689065 0.274139 1.0 0.707201 0.272015 1.0
0 0.649414 0.31918 0.039062 0.058565 0.638672 0.311859 1.0 0.65918 0.307467 1.0 0.650391 0.322108 1.0 0.640625 0.335286 1.0 0.661133 0.329429 1.0
0 0.523926 0.426061 0.041992 0.061493 0.513759 0.420231 1.0 0.532593 0.41278 1.0 0.524745 0.431605 1.0 0.521083 0.443369 1.0 0.534686 0.435526 1.0
0 0.425293 0.45388 0.038086 0.061493 0.415057 0.448135 1.0 0.433319 0.443507 1.0 0.425346 0.461246 1.0 0.420458 0.470116 1.0 0.432805 0.467802 1.0
0 0.432617 0.552709 0.029297 0.045388 0.424647 0.543061 1.0 0.438459 0.542773 1.0 0.431361 0.553703 1.0 0.427333 0.565782 1.0 0.43539 0.565782 1.0
0 0.304199 0.516105 0.040039 0.068814 0.295628 0.505007 1.0 0.312862 0.503255 1.0 0.306436 0.518583 1.0 0.294752 0.529969 1.0 0.316659 0.52559 1.0