0 0.052246 0.389458 0.041992 0.06735 0.047586 0.383204 1.0 0.067139 0.378955 1.0 0.064305 0.388726 1.0 0.05467 0.406996 1.0 0.069122 0.404871 1.0
0 0.111816 0.404832 0.026367 0.04246 0.101135 0.398609 1.0 0.109375 0.401081 1.0 0.102783 0.409865 1.0 0.101867 0.417001 1.0 0.108826 0.419198 1.0
0 0.172363 0.420937 0.016602 0.04246 0.167537 0.416258 1.0 0.168609 0.417061 1.0 0.165571 0.425369 1.0 0.169324 0.432873 1.0 0.170576 0.433676 1.0
0 0.188477 0.368228 0.011719 0.019034 0.185494 0.364228 1.0 0.190377 0.363966 1.0 0.188023 0.368542 1.0 0.186279 0.372202 1.0 0.189156 0.372594 1.0
0 0.253906 0.447291 0.035156 0.083455 0.0 0.0 0.0 0.0 0.0 0.0 0.0 0.0 0.0 0.0 0.0 0.0 0.0 0.0 0.0
0 0.349609 0.441435 0.025391 0.051245 0.33953 0.437108 1.0 0.347159 0.441029 1.0 0.338439 0.448546 1.0 0.341273 0.457697 1.0 0.344543 0.459331 1.0
0 0.353516 0.393851 0.015625 0.020498 0.0 0.0 0.0 0.0 0.0 0.0 0.0 0.0 0.0 0.0 0.0 0.0 0.0 0.0 0.0
0 0.38623 0.396047 0.008789 0.02489 0.382961 0.396864 1.0 0.386885 0.396047 1.0 0.384269 0.400458 1.0 0.384813 0.404545 1.0 0.386666 0.404217 1.0
0 0.21875 0.359444 0.007812 0.016105 0.0 0.0 0.0 0.0 0.0 0.0 0.0 0.0 0.0 0.0 0.0 0.0 0.0 0.0 0.0
0 0.499512 0.400439 0.012695 0.027818 0.0 0.0 0.0 0.0 0.0 0.0 0.0 0.0 0.0 0.0 0.0 0.0 0.0 0.0 0.0
0 0.500977 0.372621 0.009766 0.019034 0.0 0.0 0.0 0.0 0.0 0.0 0.0 0.0 0.0 0.0 0.0 0.0 0.0 0.0 0.0
0 0.544434 0.343338 0.006836 0.013177 0.0 0.0 0.0 0.0 0.0 0.0 0.0 0.0 0.0 0.0 0.0 0.0 0.0 0.0 0.0
0 0.580078 0.353587 0.007812 0.013177 0.0 0.0 0.0 0.0 0.0 0.0 0.0 0.0 0.0 0.0 0.0 0.0 0.0 0.0 0.0
0 0.608398 0.399707 0.013672 0.035139 0.0 0.0 0.0 0.0 0.0 0.0 0.0 0.0 0.0 0.0 0.0 0.0 0.0 0.0 0.0
0 0.632812 0.38653 0.015625 0.029283 0.0 0.0 0.0 0.0 0.0 0.0 0.0 0.0 0.0 0.0 0.0 0.0 0.0 0.0 0.0
0 0.658203 0.357247 0.009766 0.01757 0.656721 0.356515 1.0 0.660723 0.35696 1.0 0.658129 0.358849 1.0 0.657018 0.364293 1.0 0.659981 0.364738 1.0
0 0.651367 0.380673 0.009766 0.023426 0.0 0.0 0.0 0.0 0.0 0.0 0.0 0.0 0.0 0.0 0.0 0.0 0.0 0.0 0.0
0 0.779785 0.472914 0.041992 0.076135 0.777519 0.464208 1.0 0.793648 0.466142 1.0 0.788487 0.483072 1.0 0.775905 0.491294 1.0 0.789132 0.492261 1.0
0 0.702637 0.397511 0.026367 0.039531 0.0 0.0 0.0 0.0 0.0 0.0 0.0 0.0 0.0 0.0 0.0 0.0 0.0 0.0 0.0
0 0.690918 0.379209 0.014648 0.029283 0.0 0.0 0.0 0.0 0.0 0.0 0.0 0.0 0.0 0.0 0.0 0.0 0.0 0.0 0.0
0 0.79834 0.36896 0.006836 0.011713 0.796627 0.366359 1.0 0.79742 0.366359 1.0 0.795776 0.369589 1.0 0.79691 0.372817 1.0 0.797193 0.372647 1.0
0 0.845215 0.379209 0.008789 0.014641 0.842704 0.379313 1.0 0.845703 0.379732 1.0 0.842634 0.383392 1.0 0.844238 0.385902 1.0 0.846749 0.386217 1.0
0 0.88916 0.440703 0.026367 0.052709 0.892561 0.431526 1.0 0.900495 0.428807 1.0 0.901855 0.441382 1.0 0.890521 0.454299 1.0 0.898002 0.453618 1.0
0 0.914551 0.402635 0.018555 0.035139 0.911896 0.401447 1.0 0.920746 0.40076 1.0 0.917847 0.406479 1.0 0.912964 0.413113 1.0 0.919982 0.412656 1.0
0 0.904785 0.36896 0.008789 0.014641 0.0 0.0 0.0 0.0 0.0 0.0 0.0 0.0 0.0 0.0 0.0 0.0 0.0 0.0 0.0
0 0.955078 0.434114 0.023438 0.036603 0.960266 0.425329 1.0 0.96576 0.42899 1.0 0.964233 0.435395 1.0 0.955536 0.440657 1.0 0.960877 0.443631 1.0
0 0.969727 0.379209 0.007812 0.023426 0.0 0.0 0.0 0.0 0.0 0.0 0.0 0.0 0.0 0.0 0.0 0.0 0.0 0.0 0.0
0 0.527832 0.393851 0.006836 0.020498 0.0 0.0 0.0 0.0 0.0 0.0 0.0 0.0 0.0 0.0 0.0 0.0 0.0 0.0 0.0
0 0.462891 0.379209 0.007812 0.01757 0.0 0.0 0.0 0.0 0.0 0.0 0.0 0.0 0.0 0.0 0.0 0.0 0.0 0.0 0.0
0 0.612793 0.36164 0.008789 0.01757 0.0 0.0 0.0 0.0 0.0 0.0 0.0 0.0 0.0 0.0 0.0 0.0 0.0 0.0 0.0