0 0.095703 0.461538 0.009766 0.014793 0.0 0.0 0.0 0.0 0.0 0.0 0.0 0.0 0.0 0.0 0.0 0.0 0.0 0.0 0.0
0 0.14209 0.463018 0.008789 0.017751 0.0 0.0 0.0 0.0 0.0 0.0 0.0 0.0 0.0 0.0 0.0 0.0 0.0 0.0 0.0
0 0.210449 0.461538 0.010742 0.017751 0.207219 0.459228 1.0 0.211813 0.459339 1.0 0.20885 0.465178 1.0 0.207219 0.468657 1.0 0.210554 0.468769 1.0
0 0.274414 0.467456 0.007812 0.011834 0.0 0.0 0.0 0.0 0.0 0.0 0.0 0.0 0.0 0.0 0.0 0.0 0.0 0.0 0.0
0 0.331055 0.456361 0.007812 0.016272 0.32965 0.453494 1.0 0.332659 0.453494 1.0 0.331286 0.456664 1.0 0.329847 0.458646 1.0 0.332463 0.458448 1.0
0 0.231445 0.497041 0.027344 0.053254 0.0 0.0 0.0 0.0 0.0 0.0 0.0 0.0 0.0 0.0 0.0 0.0 0.0 0.0 0.0
0 0.350098 0.460059 0.016602 0.029586 0.348075 0.454148 1.0 0.354649 0.45568 1.0 0.350856 0.460086 1.0 0.348075 0.466788 1.0 0.354396 0.466981 1.0
0 0.369629 0.461538 0.006836 0.011834 0.0 0.0 0.0 0.0 0.0 0.0 0.0 0.0 0.0 0.0 0.0 0.0 0.0 0.0 0.0
0 0.416504 0.453402 0.006836 0.013314 0.0 0.0 0.0 0.0 0.0 0.0 0.0 0.0 0.0 0.0 0.0 0.0 0.0 0.0 0.0
0 0.44043 0.468195 0.021484 0.039941 0.438241 0.462013 1.0 0.447082 0.463302 1.0 0.442832 0.468195 1.0 0.437901 0.476179 1.0 0.446402 0.477982 1.0
0 0.482422 0.457101 0.009766 0.017751 0.0 0.0 0.0 0.0 0.0 0.0 0.0 0.0 0.0 0.0 0.0 0.0 0.0 0.0 0.0
0 0.519531 0.553994 0.046875 0.090237 0.51743 0.539056 1.0 0.538051 0.541328 1.0 0.532427 0.557231 1.0 0.51968 0.575404 1.0 0.533927 0.574268 1.0
0 0.59375 0.462278 0.009766 0.019231 0.589948 0.459544 1.0 0.594587 0.459544 1.0 0.590776 0.464061 1.0 0.590528 0.468578 1.0 0.593096 0.468578 1.0
0 0.644531 0.447485 0.009766 0.016272 0.642927 0.445901 1.0 0.646973 0.445794 1.0 0.645508 0.449493 1.0 0.643136 0.455198 1.0 0.647042 0.454987 1.0
0 0.676758 0.473373 0.021484 0.04142 0.674177 0.464762 1.0 0.683245 0.464762 1.0 0.679583 0.472422 1.0 0.673479 0.479555 1.0 0.684117 0.479555 1.0
0 0.745117 0.471154 0.015625 0.028107 0.742676 0.466901 1.0 0.749268 0.467456 1.0 0.745972 0.472078 1.0 0.743042 0.47855 1.0 0.747559 0.478735 1.0
0 0.768555 0.441568 0.007812 0.013314 0.0 0.0 0.0 0.0 0.0 0.0 0.0 0.0 0.0 0.0 0.0 0.0 0.0 0.0 0.0
0 0.828125 0.451183 0.009766 0.02071 0.824585 0.448225 1.0 0.828888 0.447947 1.0 0.826508 0.452524 1.0 0.824768 0.456685 1.0 0.82843 0.456962 1.0
0 0.895996 0.549556 0.049805 0.087278 0.894784 0.531084 1.0 0.916495 0.530537 1.0 0.909981 0.550818 1.0 0.899488 0.563973 1.0 0.912515 0.564521 1.0
0 0.914551 0.474852 0.02832 0.044379 0.910501 0.467013 1.0 0.922123 0.467297 1.0 0.917812 0.47468 1.0 0.912188 0.483484 1.0 0.921374 0.483768 1.0
0 0.870117 0.448964 0.009766 0.016272 0.0 0.0 0.0 0.0 0.0 0.0 0.0 0.0 0.0 0.0 0.0 0.0 0.0 0.0 0.0
0 0.885742 0.447485 0.007812 0.010355 0.0 0.0 0.0 0.0 0.0 0.0 0.0 0.0 0.0 0.0 0.0 0.0 0.0 0.0 0.0