0 0.493652 0.824523 0.09668 0.189427 0.467773 0.802313 1.0 0.511414 0.785609 1.0 0.491577 0.834526 1.0 0.483643 0.871512 1.0 0.518555 0.857195 1.0
0 0.016113 0.563142 0.020508 0.063142 0.008179 0.551145 1.0 0.018284 0.548746 1.0 0.012168 0.564342 1.0 0.010307 0.574739 1.0 0.017221 0.57394 1.0
0 0.04248 0.587372 0.03418 0.105727 0.030273 0.571219 1.0 0.046875 0.56975 1.0 0.035156 0.590308 1.0 0.033203 0.612335 1.0 0.045898 0.612335 1.0
0 0.122559 0.57489 0.036133 0.069016 0.10883 0.561123 1.0 0.128984 0.555853 1.0 0.116133 0.574739 1.0 0.118469 0.596261 1.0 0.130153 0.592308 1.0
0 0.175293 0.589574 0.047852 0.101322 0.160645 0.567639 1.0 0.182434 0.569567 1.0 0.16748 0.586913 1.0 0.163208 0.610683 1.0 0.178589 0.609398 1.0
0 0.111816 0.765051 0.043945 0.082232 0.096897 0.740062 1.0 0.117641 0.739551 1.0 0.103019 0.76614 1.0 0.103358 0.778411 1.0 0.118321 0.7779 1.0
0 0.262207 0.828194 0.067383 0.117474 0.252855 0.803755 1.0 0.281429 0.800791 1.0 0.275517 0.843756 1.0 0.256797 0.853386 1.0 0.282414 0.854868 1.0
0 0.395508 0.759178 0.066406 0.140969 0.372166 0.739859 1.0 0.401005 0.727468 1.0 0.391589 0.749593 1.0 0.391 0.784109 1.0 0.406891 0.776144 1.0
0 0.353027 0.517621 0.047852 0.063142 0.347352 0.514408 1.0 0.372375 0.526341 1.0 0.359863 0.524505 1.0 0.351318 0.532764 1.0 0.36383 0.535059 1.0
0 0.486816 0.595448 0.038086 0.101322 0.480766 0.572996 1.0 0.499372 0.573631 1.0 0.4888 0.590164 1.0 0.479496 0.607969 1.0 0.498104 0.609241 1.0
0 0.540039 0.645374 0.072266 0.136564 0.513279 0.62072 1.0 0.545262 0.604402 1.0 0.526986 0.636178 1.0 0.525272 0.667952 1.0 0.552687 0.653352 1.0
0 0.576172 0.544053 0.037109 0.060206 0.56543 0.528634 1.0 0.584961 0.527166 1.0 0.575195 0.528634 1.0 0.571289 0.555066 1.0 0.583008 0.555066 1.0
0 0.622559 0.563142 0.043945 0.060206 0.612584 0.552653 1.0 0.634626 0.551815 1.0 0.62514 0.569016 1.0 0.617048 0.58412 1.0 0.632952 0.5837 1.0
0 0.674805 0.525698 0.033203 0.082232 0.662807 0.508909 1.0 0.682094 0.50632 1.0 0.674173 0.512016 1.0 0.669695 0.535838 1.0 0.679684 0.534803 1.0
0 0.688477 0.461087 0.007812 0.014684 0.0 0.0 0.0 0.0 0.0 0.0 0.0 0.0 0.0 0.0 0.0 0.0 0.0 0.0 0.0
0 0.649902 0.696035 0.116211 0.170338 0.621094 0.69163 1.0 0.654297 0.647577 1.0 0.648438 0.690162 1.0 0.655273 0.744493 1.0 0.682617 0.704846 1.0
0 0.729004 0.62188 0.073242 0.127753 0.708836 0.60515 1.0 0.730644 0.580357 1.0 0.717878 0.608349 1.0 0.726388 0.653935 1.0 0.744472 0.628344 1.0
0 0.549316 0.466226 0.006836 0.016153 0.547852 0.464023 1.0 0.551758 0.464023 1.0 0.550781 0.46696 1.0 0.547852 0.471366 1.0 0.550781 0.471366 1.0
0 0.563477 0.499266 0.017578 0.023495 0.0 0.0 0.0 0.0 0.0 0.0 0.0 0.0 0.0 0.0 0.0 0.0 0.0 0.0 0.0
0 0.570801 0.455213 0.006836 0.014684 0.0 0.0 0.0 0.0 0.0 0.0 0.0 0.0 0.0 0.0 0.0 0.0 0.0 0.0 0.0
0 0.619141 0.497797 0.011719 0.017621 0.0 0.0 0.0 0.0 0.0 0.0 0.0 0.0 0.0 0.0 0.0 0.0 0.0 0.0 0.0
0 0.550293 0.447871 0.008789 0.014684 0.546962 0.446054 1.0 0.549709 0.444678 1.0 0.546962 0.449103 1.0 0.548271 0.454021 1.0 0.552651 0.452446 1.0
0 0.67334 0.447137 0.006836 0.010279 0.0 0.0 0.0 0.0 0.0 0.0 0.0 0.0 0.0 0.0 0.0 0.0 0.0 0.0 0.0
0 0.54248 0.4721 0.006836 0.013216 0.0 0.0 0.0 0.0 0.0 0.0 0.0 0.0 0.0 0.0 0.0 0.0 0.0 0.0 0.0
0 0.131836 0.508076 0.023438 0.049927 0.125977 0.50514 1.0 0.139648 0.502203 1.0 0.133789 0.511013 1.0 0.129883 0.519824 1.0 0.137695 0.518355 1.0
0 0.59082 0.452276 0.007812 0.014684 0.0 0.0 0.0 0.0 0.0 0.0 0.0 0.0 0.0 0.0 0.0 0.0 0.0 0.0 0.0
0 0.70752 0.475771 0.012695 0.023495 0.704838 0.472624 1.0 0.705641 0.472775 1.0 0.70183 0.476545 1.0 0.703836 0.480916 1.0 0.70534 0.480916 1.0
0 0.714844 0.452276 0.007812 0.017621 0.0 0.0 0.0 0.0 0.0 0.0 0.0 0.0 0.0 0.0 0.0 0.0 0.0 0.0 0.0
0 0.563965 0.471366 0.006836 0.014684 0.0 0.0 0.0 0.0 0.0 0.0 0.0 0.0 0.0 0.0 0.0 0.0 0.0 0.0 0.0
0 0.963867 0.734214 0.044922 0.135095 0.971814 0.714875 1.0 0.985875 0.713185 1.0 0.981938 0.742783 1.0 0.961129 0.758004 1.0 0.976876 0.755467 1.0
0 0.978027 0.599119 0.02832 0.070485 0.972124 0.58572 1.0 0.986263 0.593862 1.0 0.982353 0.602003 1.0 0.971823 0.619192 1.0 0.980848 0.624167 1.0
0 0.958984 0.530837 0.027344 0.057269 0.0 0.0 0.0 0.0 0.0 0.0 0.0 0.0 0.0 0.0 0.0 0.0 0.0 0.0 0.0
0 0.990234 0.549192 0.019531 0.0558 0.987305 0.537642 1.0 0.998095 0.53728 1.0 0.99234 0.5499 1.0 0.987305 0.563601 1.0 0.997375 0.56288 1.0