0 0.078125 0.86645 0.013672 0.035831 0.0 0.0 0.0 0.0 0.0 0.0 0.0 0.0 0.0 0.0 0.0 0.0 0.0 0.0 0.0
0 0.118652 0.890065 0.014648 0.037459 0.116437 0.881479 1.0 0.117876 0.884598 1.0 0.112121 0.889156 1.0 0.112409 0.895394 1.0 0.113848 0.897554 1.0
0 0.15918 0.736971 0.013672 0.030945 0.155029 0.728217 1.0 0.158203 0.730049 1.0 0.15271 0.735138 1.0 0.153076 0.741857 1.0 0.156128 0.743689 1.0
0 0.184082 0.763844 0.014648 0.039088 0.0 0.0 0.0 0.0 0.0 0.0 0.0 0.0 0.0 0.0 0.0 0.0 0.0 0.0 0.0
0 0.126953 0.741042 0.009766 0.026059 0.0 0.0 0.0 0.0 0.0 0.0 0.0 0.0 0.0 0.0 0.0 0.0 0.0 0.0 0.0
0 0.229004 0.741042 0.012695 0.032573 0.224832 0.7358 1.0 0.227234 0.737487 1.0 0.223946 0.743601 1.0 0.225843 0.747819 1.0 0.227613 0.748241 1.0
0 0.419434 0.861564 0.016602 0.04886 0.415571 0.852933 1.0 0.418195 0.853246 1.0 0.411634 0.861375 1.0 0.414821 0.871692 1.0 0.41632 0.872318 1.0
0 0.053711 0.70114 0.009766 0.017915 0.0 0.0 0.0 0.0 0.0 0.0 0.0 0.0 0.0 0.0 0.0 0.0 0.0 0.0 0.0
0 0.062988 0.668567 0.008789 0.017915 0.0 0.0 0.0 0.0 0.0 0.0 0.0 0.0 0.0 0.0 0.0 0.0 0.0 0.0 0.0
0 0.095215 0.653909 0.008789 0.014658 0.0 0.0 0.0 0.0 0.0 0.0 0.0 0.0 0.0 0.0 0.0 0.0 0.0 0.0 0.0
0 0.068359 0.634365 0.007812 0.014658 0.0 0.0 0.0 0.0 0.0 0.0 0.0 0.0 0.0 0.0 0.0 0.0 0.0 0.0 0.0
0 0.086914 0.630293 0.005859 0.013029 0.0 0.0 0.0 0.0 0.0 0.0 0.0 0.0 0.0 0.0 0.0 0.0 0.0 0.0 0.0
0 0.023926 0.649837 0.004883 0.009772 0.0 0.0 0.0 0.0 0.0 0.0 0.0 0.0 0.0 0.0 0.0 0.0 0.0 0.0 0.0
0 0.144043 0.67101 0.010742 0.019544 0.0 0.0 0.0 0.0 0.0 0.0 0.0 0.0 0.0 0.0 0.0 0.0 0.0 0.0 0.0
0 0.189453 0.67101 0.009766 0.022801 0.0 0.0 0.0 0.0 0.0 0.0 0.0 0.0 0.0 0.0 0.0 0.0 0.0 0.0 0.0
0 0.202148 0.640879 0.005859 0.017915 0.0 0.0 0.0 0.0 0.0 0.0 0.0 0.0 0.0 0.0 0.0 0.0 0.0 0.0 0.0
0 0.239746 0.68241 0.010742 0.029316 0.0 0.0 0.0 0.0 0.0 0.0 0.0 0.0 0.0 0.0 0.0 0.0 0.0 0.0 0.0
0 0.269531 0.655537 0.007812 0.017915 0.0 0.0 0.0 0.0 0.0 0.0 0.0 0.0 0.0 0.0 0.0 0.0 0.0 0.0 0.0
0 0.289551 0.692997 0.008789 0.021173 0.0 0.0 0.0 0.0 0.0 0.0 0.0 0.0 0.0 0.0 0.0 0.0 0.0 0.0 0.0
0 0.322754 0.702769 0.012695 0.021173 0.0 0.0 0.0 0.0 0.0 0.0 0.0 0.0 0.0 0.0 0.0 0.0 0.0 0.0 0.0
0 0.358887 0.71987 0.012695 0.035831 0.356725 0.716845 1.0 0.356725 0.716845 1.0 0.352679 0.725221 1.0 0.357282 0.73034 1.0 0.357422 0.73034 1.0
0 0.379395 0.686482 0.010742 0.030945 0.376199 0.682555 1.0 0.378553 0.683145 1.0 0.374551 0.689624 1.0 0.376081 0.693156 1.0 0.377494 0.693746 1.0
0 0.388672 0.738599 0.013672 0.037459 0.0 0.0 0.0 0.0 0.0 0.0 0.0 0.0 0.0 0.0 0.0 0.0 0.0 0.0 0.0
0 0.407715 0.67671 0.008789 0.02443 0.406075 0.674775 1.0 0.40809 0.674616 1.0 0.405213 0.678935 1.0 0.406938 0.683094 1.0 0.407322 0.683414 1.0
0 0.432617 0.685668 0.011719 0.029316 0.0 0.0 0.0 0.0 0.0 0.0 0.0 0.0 0.0 0.0 0.0 0.0 0.0 0.0 0.0
0 0.444336 0.745928 0.011719 0.026059 0.0 0.0 0.0 0.0 0.0 0.0 0.0 0.0 0.0 0.0 0.0 0.0 0.0 0.0 0.0
0 0.313965 0.649837 0.006836 0.019544 0.0 0.0 0.0 0.0 0.0 0.0 0.0 0.0 0.0 0.0 0.0 0.0 0.0 0.0 0.0
0 0.246582 0.624593 0.004883 0.014658 0.0 0.0 0.0 0.0 0.0 0.0 0.0 0.0 0.0 0.0 0.0 0.0 0.0 0.0 0.0
0 0.406738 0.630293 0.004883 0.016287 0.0 0.0 0.0 0.0 0.0 0.0 0.0 0.0 0.0 0.0 0.0 0.0 0.0 0.0 0.0
0 0.399902 0.614821 0.004883 0.011401 0.0 0.0 0.0 0.0 0.0 0.0 0.0 0.0 0.0 0.0 0.0 0.0 0.0 0.0 0.0
0 0.161133 0.618893 0.005859 0.016287 0.0 0.0 0.0 0.0 0.0 0.0 0.0 0.0 0.0 0.0 0.0 0.0 0.0 0.0 0.0
0 0.286621 0.750814 0.010742 0.026059 0.0 0.0 0.0 0.0 0.0 0.0 0.0 0.0 0.0 0.0 0.0 0.0 0.0 0.0 0.0
0 0.47998 0.759772 0.014648 0.027687 0.474696 0.754508 1.0 0.478947 0.755963 1.0 0.473606 0.760687 1.0 0.476876 0.768868 1.0 0.476985 0.768505 1.0
0 0.490723 0.722313 0.014648 0.02443 0.0 0.0 0.0 0.0 0.0 0.0 0.0 0.0 0.0 0.0 0.0 0.0 0.0 0.0 0.0
0 0.471191 0.697883 0.012695 0.027687 0.468575 0.690801 1.0 0.471736 0.6928 1.0 0.467268 0.693528 1.0 0.467268 0.701526 1.0 0.469666 0.702252 1.0
0 0.462402 0.665309 0.008789 0.017915 0.0 0.0 0.0 0.0 0.0 0.0 0.0 0.0 0.0 0.0 0.0 0.0 0.0 0.0 0.0
0 0.500977 0.67671 0.011719 0.02443 0.499848 0.673096 1.0 0.500305 0.672945 1.0 0.49765 0.677831 1.0 0.49884 0.681495 1.0 0.499848 0.681495 1.0
0 0.499512 0.653909 0.008789 0.014658 0.496948 0.65228 1.0 0.499572 0.652179 1.0 0.497925 0.655741 1.0 0.497254 0.658795 1.0 0.499451 0.658591 1.0
0 0.53418 0.654723 0.009766 0.022801 0.0 0.0 0.0 0.0 0.0 0.0 0.0 0.0 0.0 0.0 0.0 0.0 0.0 0.0 0.0
0 0.535645 0.719055 0.014648 0.02443 0.533238 0.721062 1.0 0.538252 0.720728 1.0 0.535243 0.726078 1.0 0.534742 0.728754 1.0 0.53775 0.728922 1.0
0 0.566895 0.735342 0.014648 0.034202 0.561271 0.72973 1.0 0.564671 0.730819 1.0 0.561532 0.735401 1.0 0.560747 0.742816 1.0 0.564933 0.743252 1.0
0 0.574219 0.677524 0.011719 0.019544 0.0 0.0 0.0 0.0 0.0 0.0 0.0 0.0 0.0 0.0 0.0 0.0 0.0 0.0 0.0
0 0.597656 0.621336 0.007812 0.014658 0.595673 0.617627 1.0 0.598166 0.616588 1.0 0.59692 0.620557 1.0 0.596183 0.624339 1.0 0.59862 0.622731 1.0
0 0.61377 0.662866 0.008789 0.022801 0.611468 0.660686 1.0 0.615565 0.661122 1.0 0.612602 0.664029 1.0 0.611729 0.670428 1.0 0.613822 0.670137 1.0
0 0.623047 0.624593 0.007812 0.017915 0.0 0.0 0.0 0.0 0.0 0.0 0.0 0.0 0.0 0.0 0.0 0.0 0.0 0.0 0.0
0 0.627441 0.688111 0.008789 0.021173 0.0 0.0 0.0 0.0 0.0 0.0 0.0 0.0 0.0 0.0 0.0 0.0 0.0 0.0 0.0
0 0.618652 0.71987 0.010742 0.026059 0.0 0.0 0.0 0.0 0.0 0.0 0.0 0.0 0.0 0.0 0.0 0.0 0.0 0.0 0.0
0 0.616699 0.763029 0.016602 0.040717 0.0 0.0 0.0 0.0 0.0 0.0 0.0 0.0 0.0 0.0 0.0 0.0 0.0 0.0 0.0
0 0.658203 0.758143 0.015625 0.040717 0.653473 0.748625 1.0 0.658661 0.749899 1.0 0.652862 0.752951 1.0 0.652404 0.761858 1.0 0.654999 0.76313 1.0
0 0.711426 0.802117 0.016602 0.037459 0.705614 0.796839 1.0 0.710794 0.798759 1.0 0.704607 0.806676 1.0 0.707053 0.812914 1.0 0.709786 0.813394 1.0
0 0.734375 0.73127 0.015625 0.042345 0.728402 0.725075 1.0 0.732758 0.726691 1.0 0.728563 0.73207 1.0 0.727757 0.739871 1.0 0.732758 0.740948 1.0
0 0.712891 0.714984 0.011719 0.026059 0.710109 0.712832 1.0 0.715523 0.713334 1.0 0.712616 0.719687 1.0 0.710911 0.724036 1.0 0.714922 0.723702 1.0
0 0.771484 0.719055 0.011719 0.017915 0.768847 0.717819 1.0 0.774331 0.718808 1.0 0.771219 0.724248 1.0 0.770032 0.726718 1.0 0.772923 0.726842 1.0
0 0.774414 0.675896 0.009766 0.022801 0.772277 0.671417 1.0 0.776672 0.673096 1.0 0.77182 0.67615 1.0 0.771271 0.680425 1.0 0.773742 0.681036 1.0
0 0.758789 0.642508 0.007812 0.014658 0.0 0.0 0.0 0.0 0.0 0.0 0.0 0.0 0.0 0.0 0.0 0.0 0.0 0.0 0.0
0 0.726562 0.632736 0.007812 0.014658 0.0 0.0 0.0 0.0 0.0 0.0 0.0 0.0 0.0 0.0 0.0 0.0 0.0 0.0 0.0
0 0.766113 0.615635 0.006836 0.013029 0.763306 0.615024 1.0 0.766131 0.614151 1.0 0.764562 0.618166 1.0 0.764091 0.61991 1.0 0.766235 0.619474 1.0
0 0.740723 0.621336 0.006836 0.014658 0.738251 0.619423 1.0 0.740914 0.619518 1.0 0.739441 0.622448 1.0 0.738874 0.625 1.0 0.741425 0.624528 1.0
0 0.727051 0.609935 0.006836 0.014658 0.726131 0.608233 1.0 0.729078 0.609746 1.0 0.727435 0.611257 1.0 0.726074 0.613054 1.0 0.727944 0.614094 1.0
0 0.713867 0.621336 0.007812 0.014658 0.711365 0.617772 1.0 0.714233 0.619707 1.0 0.71106 0.622049 1.0 0.71167 0.623982 1.0 0.713439 0.624796 1.0
0 0.701172 0.632736 0.007812 0.014658 0.0 0.0 0.0 0.0 0.0 0.0 0.0 0.0 0.0 0.0 0.0 0.0 0.0 0.0 0.0
0 0.67627 0.623779 0.008789 0.016287 0.0 0.0 0.0 0.0 0.0 0.0 0.0 0.0 0.0 0.0 0.0 0.0 0.0 0.0 0.0
0 0.700195 0.608306 0.005859 0.014658 0.0 0.0 0.0 0.0 0.0 0.0 0.0 0.0 0.0 0.0 0.0 0.0 0.0 0.0 0.0
0 0.690918 0.614007 0.006836 0.016287 0.0 0.0 0.0 0.0 0.0 0.0 0.0 0.0 0.0 0.0 0.0 0.0 0.0 0.0 0.0
0 0.684082 0.600163 0.006836 0.011401 0.0 0.0 0.0 0.0 0.0 0.0 0.0 0.0 0.0 0.0 0.0 0.0 0.0 0.0 0.0
0 0.663086 0.600977 0.005859 0.013029 0.0 0.0 0.0 0.0 0.0 0.0 0.0 0.0 0.0 0.0 0.0 0.0 0.0 0.0 0.0
0 0.65332 0.606678 0.005859 0.014658 0.0 0.0 0.0 0.0 0.0 0.0 0.0 0.0 0.0 0.0 0.0 0.0 0.0 0.0 0.0
0 0.622559 0.602606 0.006836 0.013029 0.0 0.0 0.0 0.0 0.0 0.0 0.0 0.0 0.0 0.0 0.0 0.0 0.0 0.0 0.0
0 0.614746 0.614821 0.006836 0.011401 0.0 0.0 0.0 0.0 0.0 0.0 0.0 0.0 0.0 0.0 0.0 0.0 0.0 0.0 0.0
0 0.666504 0.566775 0.004883 0.013029 0.0 0.0 0.0 0.0 0.0 0.0 0.0 0.0 0.0 0.0 0.0 0.0 0.0 0.0 0.0
0 0.69873 0.583062 0.004883 0.009772 0.0 0.0 0.0 0.0 0.0 0.0 0.0 0.0 0.0 0.0 0.0 0.0 0.0 0.0 0.0
0 0.65918 0.670195 0.009766 0.02443 0.0 0.0 0.0 0.0 0.0 0.0 0.0 0.0 0.0 0.0 0.0 0.0 0.0 0.0 0.0
0 0.727539 0.688111 0.009766 0.014658 0.724696 0.680534 1.0 0.727771 0.680207 1.0 0.726462 0.682389 1.0 0.725285 0.684679 1.0 0.727574 0.684461 1.0
0 0.738281 0.594463 0.005859 0.016287 0.0 0.0 0.0 0.0 0.0 0.0 0.0 0.0 0.0 0.0 0.0 0.0 0.0 0.0 0.0
0 0.76123 0.599349 0.006836 0.013029 0.0 0.0 0.0 0.0 0.0 0.0 0.0 0.0 0.0 0.0 0.0 0.0 0.0 0.0 0.0
0 0.76709 0.586319 0.004883 0.013029 0.0 0.0 0.0 0.0 0.0 0.0 0.0 0.0 0.0 0.0 0.0 0.0 0.0 0.0 0.0
0 0.791992 0.635993 0.007812 0.017915 0.0 0.0 0.0 0.0 0.0 0.0 0.0 0.0 0.0 0.0 0.0 0.0 0.0 0.0 0.0
0 0.797363 0.618893 0.006836 0.016287 0.0 0.0 0.0 0.0 0.0 0.0 0.0 0.0 0.0 0.0 0.0 0.0 0.0 0.0 0.0
0 0.806152 0.7557 0.016602 0.029316 0.800267 0.749586 1.0 0.806858 0.749586 1.0 0.800973 0.757438 1.0 0.801797 0.76156 1.0 0.806977 0.760775 1.0
0 0.817383 0.815961 0.017578 0.039088 0.811371 0.809547 1.0 0.819764 0.813875 1.0 0.812439 0.819982 1.0 0.811065 0.823036 1.0 0.816102 0.825326 1.0
0 0.898926 0.82329 0.020508 0.043974 0.892474 0.816121 1.0 0.900757 0.820541 1.0 0.893136 0.826896 1.0 0.892805 0.835186 1.0 0.897443 0.837671 1.0
0 0.866699 0.689739 0.010742 0.02443 0.862854 0.687042 1.0 0.868805 0.687958 1.0 0.863861 0.690707 1.0 0.863129 0.695134 1.0 0.86615 0.695897 1.0
0 0.807129 0.583876 0.004883 0.011401 0.0 0.0 0.0 0.0 0.0 0.0 0.0 0.0 0.0 0.0 0.0 0.0 0.0 0.0 0.0
0 0.822266 0.613192 0.007812 0.014658 0.82019 0.611971 1.0 0.823486 0.612174 1.0 0.821105 0.615839 1.0 0.820312 0.618792 1.0 0.822754 0.618993 1.0
0 0.82373 0.64658 0.008789 0.016287 0.0 0.0 0.0 0.0 0.0 0.0 0.0 0.0 0.0 0.0 0.0 0.0 0.0 0.0 0.0
0 0.850586 0.630293 0.007812 0.019544 0.848781 0.627749 1.0 0.852391 0.627749 1.0 0.850193 0.631674 1.0 0.849174 0.634292 1.0 0.852234 0.634292 1.0
0 0.875977 0.618078 0.007812 0.014658 0.0 0.0 0.0 0.0 0.0 0.0 0.0 0.0 0.0 0.0 0.0 0.0 0.0 0.0 0.0
0 0.880859 0.600977 0.005859 0.013029 0.0 0.0 0.0 0.0 0.0 0.0 0.0 0.0 0.0 0.0 0.0 0.0 0.0 0.0 0.0
0 0.874512 0.596906 0.004883 0.011401 0.0 0.0 0.0 0.0 0.0 0.0 0.0 0.0 0.0 0.0 0.0 0.0 0.0 0.0 0.0
0 0.883789 0.642508 0.007812 0.017915 0.881003 0.640384 1.0 0.885524 0.639891 1.0 0.883375 0.644093 1.0 0.882115 0.646072 1.0 0.885079 0.6457 1.0
0 0.901367 0.60342 0.005859 0.014658 0.898887 0.60342 1.0 0.901698 0.60342 1.0 0.900194 0.605819 1.0 0.899345 0.608436 1.0 0.901567 0.608218 1.0
0 0.915039 0.609935 0.009766 0.017915 0.911412 0.606562 1.0 0.915039 0.606678 1.0 0.913226 0.609935 1.0 0.9119 0.613192 1.0 0.914899 0.612726 1.0
0 0.922363 0.64658 0.010742 0.022801 0.920044 0.643352 1.0 0.925102 0.643497 1.0 0.922311 0.647132 1.0 0.920567 0.650477 1.0 0.923619 0.650622 1.0
0 0.944824 0.691368 0.012695 0.027687 0.939915 0.690932 1.0 0.944676 0.691121 1.0 0.941955 0.69528 1.0 0.940822 0.70114 1.0 0.944449 0.70114 1.0
0 0.957031 0.71987 0.015625 0.029316 0.0 0.0 0.0 0.0 0.0 0.0 0.0 0.0 0.0 0.0 0.0 0.0 0.0 0.0 0.0
0 0.890625 0.745928 0.013672 0.029316 0.0 0.0 0.0 0.0 0.0 0.0 0.0 0.0 0.0 0.0 0.0 0.0 0.0 0.0 0.0
0 0.875488 0.749186 0.014648 0.032573 0.0 0.0 0.0 0.0 0.0 0.0 0.0 0.0 0.0 0.0 0.0 0.0 0.0 0.0 0.0
0 0.838867 0.577362 0.003906 0.008143 0.0 0.0 0.0 0.0 0.0 0.0 0.0 0.0 0.0 0.0 0.0 0.0 0.0 0.0 0.0
0 0.894043 0.592834 0.004883 0.009772 0.0 0.0 0.0 0.0 0.0 0.0 0.0 0.0 0.0 0.0 0.0 0.0 0.0 0.0 0.0
0 0.876465 0.583876 0.004883 0.008143 0.0 0.0 0.0 0.0 0.0 0.0 0.0 0.0 0.0 0.0 0.0 0.0 0.0 0.0 0.0
0 0.831055 0.593648 0.005859 0.011401 0.0 0.0 0.0 0.0 0.0 0.0 0.0 0.0 0.0 0.0 0.0 0.0 0.0 0.0 0.0
0 0.003906 0.776873 0.007812 0.029316 0.0 0.0 0.0 0.0 0.0 0.0 0.0 0.0 0.0 0.0 0.0 0.0 0.0 0.0 0.0
0 0.813965 0.585505 0.004883 0.011401 0.0 0.0 0.0 0.0 0.0 0.0 0.0 0.0 0.0 0.0 0.0 0.0 0.0 0.0 0.0
0 0.794434 0.593648 0.004883 0.011401 0.0 0.0 0.0 0.0 0.0 0.0 0.0 0.0 0.0 0.0 0.0 0.0 0.0 0.0 0.0
0 0.83252 0.411238 0.041992 0.092834 0.82087 0.394718 1.0 0.836914 0.393555 1.0 0.828194 0.412168 1.0 0.819824 0.427873 1.0 0.840401 0.427873 1.0