0 0.194824 0.266927 0.081055 0.164062 0.219801 0.249814 1.0 0.228289 0.244669 1.0 0.234462 0.287883 1.0 0.213627 0.307431 1.0 0.219801 0.307431 1.0
0 0.730469 0.272135 0.09375 0.179688 0.688324 0.256749 1.0 0.707877 0.243147 1.0 0.685773 0.289621 1.0 0.703626 0.320225 1.0 0.714678 0.313424 1.0
0 0.746582 0.380208 0.057617 0.125 0.725494 0.365432 1.0 0.739031 0.365432 1.0 0.721963 0.391328 1.0 0.723729 0.409378 1.0 0.7355 0.411732 1.0
0 0.625 0.36263 0.035156 0.066406 0.610387 0.360724 1.0 0.620117 0.357375 1.0 0.614781 0.37035 1.0 0.61792 0.379557 1.0 0.624825 0.37579 1.0
0 0.531738 0.403646 0.026367 0.049479 0.0 0.0 0.0 0.0 0.0 0.0 0.0 0.0 0.0 0.0 0.0 0.0 0.0 0.0 0.0
0 0.314941 0.390625 0.024414 0.052083 0.0 0.0 0.0 0.0 0.0 0.0 0.0 0.0 0.0 0.0 0.0 0.0 0.0 0.0 0.0
0 0.034668 0.348307 0.036133 0.058594 0.0 0.0 0.0 0.0 0.0 0.0 0.0 0.0 0.0 0.0 0.0 0.0 0.0 0.0 0.0
0 0.252441 0.533854 0.055664 0.119792 0.257577 0.521206 1.0 0.279511 0.523454 1.0 0.278386 0.539952 1.0 0.261514 0.566947 1.0 0.274449 0.572195 1.0
0 0.285645 0.548828 0.036133 0.082031 0.258083 0.520973 1.0 0.280448 0.522542 1.0 0.278486 0.540329 1.0 0.261614 0.568057 1.0 0.276132 0.572766 1.0
0 0.187012 0.38737 0.014648 0.02474 0.0 0.0 0.0 0.0 0.0 0.0 0.0 0.0 0.0 0.0 0.0 0.0 0.0 0.0 0.0
0 0.228516 0.386068 0.021484 0.035156 0.0 0.0 0.0 0.0 0.0 0.0 0.0 0.0 0.0 0.0 0.0 0.0 0.0 0.0 0.0
0 0.26709 0.417318 0.026367 0.045573 0.0 0.0 0.0 0.0 0.0 0.0 0.0 0.0 0.0 0.0 0.0 0.0 0.0 0.0 0.0
0 0.331543 0.326172 0.024414 0.03776 0.0 0.0 0.0 0.0 0.0 0.0 0.0 0.0 0.0 0.0 0.0 0.0 0.0 0.0 0.0
0 0.0625 0.697917 0.054688 0.091146 0.0 0.0 0.0 0.0 0.0 0.0 0.0 0.0 0.0 0.0 0.0 0.0 0.0 0.0 0.0
0 0.484375 0.380859 0.015625 0.022135 0.0 0.0 0.0 0.0 0.0 0.0 0.0 0.0 0.0 0.0 0.0 0.0 0.0 0.0 0.0
0 0.473145 0.388021 0.008789 0.013021 0.0 0.0 0.0 0.0 0.0 0.0 0.0 0.0 0.0 0.0 0.0 0.0 0.0 0.0 0.0
0 0.009277 0.378255 0.018555 0.058594 0.0 0.0 0.0 0.0 0.0 0.0 0.0 0.0 0.0 0.0 0.0 0.0 0.0 0.0 0.0