0 0.134277 0.543382 0.032227 0.054412 0.129708 0.533771 1.0 0.146031 0.536501 1.0 0.139457 0.544696 1.0 0.133563 0.553229 1.0 0.141271 0.553913 1.0
0 0.186035 0.558088 0.030273 0.048529 0.180664 0.551471 1.0 0.195312 0.547059 1.0 0.189453 0.560294 1.0 0.1875 0.570588 1.0 0.195312 0.570588 1.0
0 0.265137 0.522059 0.020508 0.038235 0.0 0.0 0.0 0.0 0.0 0.0 0.0 0.0 0.0 0.0 0.0 0.0 0.0 0.0 0.0
0 0.357422 0.522794 0.03125 0.054412 0.353236 0.5134 1.0 0.368718 0.516531 1.0 0.362479 0.523143 1.0 0.35393 0.534625 1.0 0.365482 0.536712 1.0
0 0.131348 0.769118 0.040039 0.097059 0.12793 0.754412 1.0 0.128906 0.755882 1.0 0.120117 0.755882 1.0 0.116211 0.783824 1.0 0.116211 0.783824 1.0
0 0.074219 0.802941 0.0625 0.114706 0.059696 0.789088 1.0 0.090184 0.780344 1.0 0.079054 0.804393 1.0 0.067924 0.831354 1.0 0.090668 0.82261 1.0
0 0.422363 0.629412 0.024414 0.044118 0.417001 0.622466 1.0 0.428999 0.618513 1.0 0.423 0.630653 1.0 0.418876 0.639687 1.0 0.427687 0.639969 1.0
0 0.461426 0.630147 0.024414 0.042647 0.461914 0.626471 1.0 0.47168 0.627941 1.0 0.46875 0.635294 1.0 0.464844 0.642647 1.0 0.47168 0.642647 1.0
0 0.477051 0.775735 0.036133 0.098529 0.470084 0.754018 1.0 0.477461 0.7534 1.0 0.459839 0.773149 1.0 0.463527 0.795982 1.0 0.469265 0.7966 1.0
0 0.574219 0.592647 0.039062 0.061765 0.578129 0.581453 1.0 0.588161 0.581453 1.0 0.589962 0.593462 1.0 0.58276 0.604307 1.0 0.58739 0.605081 1.0
0 0.563477 0.719853 0.082031 0.145588 0.541992 0.704412 1.0 0.577148 0.691176 1.0 0.5625 0.720588 1.0 0.554688 0.757353 1.0 0.583984 0.745588 1.0
0 0.524414 0.633088 0.013672 0.027941 0.519287 0.624816 1.0 0.52063 0.625 1.0 0.516235 0.633272 1.0 0.517456 0.639522 1.0 0.517944 0.639706 1.0
0 0.621094 0.647059 0.019531 0.041176 0.620117 0.641176 1.0 0.628906 0.647059 1.0 0.624023 0.652941 1.0 0.619141 0.657353 1.0 0.625 0.660294 1.0
0 0.646973 0.670588 0.026367 0.044118 0.639893 0.659743 1.0 0.650695 0.661674 1.0 0.642456 0.667188 1.0 0.638794 0.675735 1.0 0.648315 0.678218 1.0
0 0.65625 0.628676 0.021484 0.036765 0.649414 0.626471 1.0 0.660156 0.622059 1.0 0.654297 0.630882 1.0 0.65332 0.641176 1.0 0.661133 0.635294 1.0
0 0.681641 0.589706 0.023438 0.052941 0.671548 0.583949 1.0 0.680441 0.582609 1.0 0.672438 0.591315 1.0 0.673549 0.600019 1.0 0.680664 0.598681 1.0
0 0.725098 0.588971 0.012695 0.022059 0.0 0.0 0.0 0.0 0.0 0.0 0.0 0.0 0.0 0.0 0.0 0.0 0.0 0.0 0.0
0 0.700195 0.688971 0.060547 0.107353 0.686196 0.6875 1.0 0.715385 0.6733 1.0 0.707302 0.696968 1.0 0.701464 0.72334 1.0 0.718527 0.713196 1.0
0 0.861816 0.614706 0.047852 0.079412 0.844604 0.600735 1.0 0.864484 0.58876 1.0 0.849574 0.611213 1.0 0.849906 0.635662 1.0 0.870117 0.627179 1.0
0 0.186523 0.696324 0.025391 0.045588 0.0 0.0 0.0 0.0 0.0 0.0 0.0 0.0 0.0 0.0 0.0 0.0 0.0 0.0 0.0
0 0.266602 0.772059 0.097656 0.176471 0.248047 0.757353 1.0 0.294922 0.745588 1.0 0.277344 0.773529 1.0 0.257812 0.817647 1.0 0.294922 0.802941 1.0
0 0.725586 0.892647 0.111328 0.214706 0.686732 0.841701 1.0 0.693639 0.842857 1.0 0.685198 0.905251 1.0 0.681361 0.935294 1.0 0.725865 0.953781 1.0
0 0.713867 0.369118 0.044922 0.058824 0.705235 0.36275 1.0 0.709839 0.356684 1.0 0.708688 0.380081 1.0 0.713867 0.386581 1.0 0.721349 0.373149 1.0
0 0.842285 0.283824 0.040039 0.064706 0.834229 0.276247 1.0 0.836932 0.274619 1.0 0.833147 0.294565 1.0 0.842338 0.301891 1.0 0.844771 0.300263 1.0
0 0.946289 0.479412 0.029297 0.088235 0.937744 0.460846 1.0 0.938843 0.461397 1.0 0.932617 0.476287 1.0 0.938843 0.49614 1.0 0.939941 0.49614 1.0