0 0.041504 0.516129 0.014648 0.033956 0.041016 0.511672 1.0 0.046509 0.512946 1.0 0.044556 0.518463 1.0 0.041382 0.523769 1.0 0.045532 0.52483 1.0
0 0.094727 0.601868 0.015625 0.035654 0.091535 0.596698 1.0 0.097481 0.598813 1.0 0.092752 0.602572 1.0 0.090319 0.607037 1.0 0.096266 0.609387 1.0
0 0.132812 0.563667 0.015625 0.033956 0.12793 0.560272 1.0 0.132812 0.561969 1.0 0.128906 0.565365 1.0 0.128906 0.573854 1.0 0.131836 0.573854 1.0
0 0.129883 0.533107 0.015625 0.027165 0.127965 0.528559 1.0 0.133824 0.528924 1.0 0.130999 0.53347 1.0 0.127337 0.539474 1.0 0.13351 0.539474 1.0
0 0.181641 0.617148 0.015625 0.032258 0.180211 0.611971 1.0 0.186685 0.612789 1.0 0.183624 0.619747 1.0 0.180328 0.624044 1.0 0.184802 0.624044 1.0
0 0.191895 0.536503 0.018555 0.040747 0.187805 0.530424 1.0 0.194327 0.530681 1.0 0.191215 0.537124 1.0 0.186916 0.543567 1.0 0.19492 0.543567 1.0
0 0.137695 0.5 0.007812 0.011885 0.0 0.0 0.0 0.0 0.0 0.0 0.0 0.0 0.0 0.0 0.0 0.0 0.0 0.0 0.0
0 0.212891 0.573005 0.015625 0.028862 0.213602 0.565615 1.0 0.21916 0.566374 1.0 0.216108 0.573384 1.0 0.213602 0.578879 1.0 0.217416 0.579258 1.0
0 0.268555 0.533956 0.017578 0.039049 0.266196 0.527202 1.0 0.272383 0.526952 1.0 0.269361 0.533956 1.0 0.266196 0.54171 1.0 0.271663 0.54171 1.0
0 0.268555 0.412564 0.015625 0.027165 0.263672 0.410866 1.0 0.267578 0.410866 1.0 0.265625 0.419355 1.0 0.267578 0.42275 1.0 0.270508 0.421053 1.0
0 0.300293 0.656197 0.020508 0.035654 0.297424 0.645154 1.0 0.306479 0.649618 1.0 0.300263 0.657138 1.0 0.296749 0.661131 1.0 0.30256 0.663716 1.0
0 0.252441 0.353141 0.014648 0.027165 0.251081 0.347078 1.0 0.256312 0.349806 1.0 0.253069 0.354718 1.0 0.249825 0.358355 1.0 0.25443 0.360357 1.0
0 0.272949 0.365025 0.012695 0.027165 0.269775 0.360295 1.0 0.274902 0.360114 1.0 0.272914 0.365207 1.0 0.270194 0.369756 1.0 0.273961 0.369574 1.0
0 0.290527 0.385399 0.014648 0.03056 0.286412 0.38311 1.0 0.293213 0.380942 1.0 0.290152 0.386066 1.0 0.289132 0.391978 1.0 0.292533 0.390598 1.0
0 0.288086 0.355688 0.011719 0.018676 0.287109 0.354839 1.0 0.291016 0.354839 1.0 0.290039 0.359932 1.0 0.287109 0.363328 1.0 0.291016 0.363328 1.0
0 0.319824 0.360781 0.014648 0.032258 0.318848 0.3559 1.0 0.324097 0.35781 1.0 0.320801 0.362267 1.0 0.31604 0.366087 1.0 0.322144 0.367784 1.0
0 0.328613 0.342105 0.012695 0.028862 0.324258 0.337565 1.0 0.329162 0.335671 1.0 0.326111 0.341355 1.0 0.326111 0.347798 1.0 0.329271 0.345713 1.0
0 0.349609 0.367572 0.015625 0.028862 0.34375 0.366723 1.0 0.349609 0.366723 1.0 0.345703 0.373514 1.0 0.345703 0.378608 1.0 0.348633 0.37691 1.0
0 0.325195 0.525467 0.015625 0.028862 0.322266 0.519525 1.0 0.329102 0.517827 1.0 0.326172 0.526316 1.0 0.323242 0.531409 1.0 0.331055 0.529711 1.0
0 0.334473 0.472835 0.014648 0.032258 0.332031 0.470289 1.0 0.338867 0.473684 1.0 0.333984 0.478778 1.0 0.330078 0.478778 1.0 0.335938 0.483871 1.0
0 0.374512 0.643463 0.016602 0.037351 0.370326 0.637401 1.0 0.378558 0.634975 1.0 0.375209 0.64589 1.0 0.372559 0.651224 1.0 0.379813 0.648314 1.0
0 0.411133 0.678268 0.015625 0.035654 0.407113 0.671963 1.0 0.413914 0.67128 1.0 0.410121 0.677647 1.0 0.407244 0.683786 1.0 0.414699 0.683104 1.0
0 0.48584 0.622241 0.016602 0.035654 0.482296 0.614253 1.0 0.490134 0.613078 1.0 0.48635 0.620832 1.0 0.483917 0.630229 1.0 0.489053 0.629525 1.0
0 0.545898 0.635823 0.017578 0.035654 0.539381 0.631124 1.0 0.546814 0.630419 1.0 0.542489 0.638173 1.0 0.540732 0.645927 1.0 0.546273 0.645457 1.0
0 0.59375 0.645161 0.021484 0.040747 0.587494 0.637149 1.0 0.595733 0.635027 1.0 0.591767 0.644577 1.0 0.589172 0.653066 1.0 0.594666 0.653066 1.0
0 0.629883 0.658744 0.021484 0.040747 0.622428 0.649725 1.0 0.627319 0.645085 1.0 0.623762 0.656683 1.0 0.626875 0.66699 1.0 0.631914 0.664156 1.0
0 0.629395 0.498302 0.014648 0.032258 0.625375 0.492102 1.0 0.631613 0.491489 1.0 0.627729 0.499674 1.0 0.626316 0.505199 1.0 0.632556 0.505404 1.0
0 0.564941 0.55348 0.016602 0.037351 0.560347 0.545818 1.0 0.567509 0.546287 1.0 0.562914 0.553336 1.0 0.561157 0.56109 1.0 0.566563 0.561326 1.0
0 0.51123 0.547538 0.016602 0.042445 0.507777 0.541233 1.0 0.514997 0.541233 1.0 0.51123 0.550509 1.0 0.508248 0.556239 1.0 0.515625 0.555966 1.0
0 0.486328 0.546689 0.015625 0.023769 0.483607 0.537472 1.0 0.490514 0.537472 1.0 0.487061 0.54584 1.0 0.485387 0.552207 1.0 0.489571 0.551844 1.0
0 0.451172 0.561121 0.013672 0.028862 0.447793 0.555625 1.0 0.454551 0.555436 1.0 0.450845 0.562825 1.0 0.448665 0.569837 1.0 0.453896 0.569458 1.0
0 0.418945 0.528014 0.013672 0.03056 0.414673 0.522314 1.0 0.421971 0.52129 1.0 0.419028 0.529681 1.0 0.41632 0.537457 1.0 0.421854 0.536638 1.0
0 0.392578 0.466044 0.015625 0.039049 0.389125 0.461292 1.0 0.3956 0.461292 1.0 0.392435 0.468796 1.0 0.389988 0.473798 1.0 0.395023 0.473798 1.0
0 0.361328 0.481324 0.013672 0.035654 0.358485 0.476154 1.0 0.364633 0.476837 1.0 0.360709 0.482976 1.0 0.35914 0.489343 1.0 0.364633 0.488435 1.0
0 0.483887 0.483022 0.014648 0.025467 0.484375 0.47708 1.0 0.489258 0.47708 1.0 0.488281 0.483871 1.0 0.485352 0.488964 1.0 0.489258 0.490662 1.0
0 0.519531 0.472835 0.013672 0.032258 0.516113 0.466044 1.0 0.522095 0.466256 1.0 0.51709 0.474321 1.0 0.515503 0.479839 1.0 0.522461 0.480263 1.0
0 0.553711 0.441426 0.015625 0.03056 0.550716 0.43584 1.0 0.556057 0.433567 1.0 0.553985 0.441146 1.0 0.55355 0.44702 1.0 0.557037 0.445126 1.0
0 0.600586 0.447368 0.015625 0.032258 0.595742 0.440411 1.0 0.602805 0.439387 1.0 0.598921 0.448596 1.0 0.596448 0.45535 1.0 0.601981 0.45535 1.0
0 0.67627 0.491511 0.018555 0.04584 0.671971 0.488645 1.0 0.681083 0.486341 1.0 0.676609 0.49527 1.0 0.673462 0.502183 1.0 0.68158 0.501319 1.0
0 0.699219 0.527165 0.017578 0.042445 0.69308 0.523041 1.0 0.700457 0.522769 1.0 0.69669 0.529591 1.0 0.694649 0.537503 1.0 0.702026 0.536958 1.0
0 0.792969 0.518676 0.019531 0.042445 0.788086 0.512733 1.0 0.796875 0.511036 1.0 0.791992 0.521222 1.0 0.789062 0.528014 1.0 0.795898 0.528014 1.0
0 0.351074 0.335314 0.012695 0.028862 0.348733 0.331722 1.0 0.354183 0.331912 1.0 0.351349 0.33608 1.0 0.349605 0.341576 1.0 0.353202 0.341576 1.0
0 0.379883 0.351443 0.013672 0.03056 0.376256 0.347774 1.0 0.382036 0.34738 1.0 0.378636 0.353489 1.0 0.378069 0.357431 1.0 0.381923 0.357431 1.0
0 0.386719 0.333616 0.013672 0.035654 0.385019 0.325946 1.0 0.389465 0.325946 1.0 0.38685 0.329584 1.0 0.38528 0.333677 1.0 0.38855 0.334132 1.0
0 0.425293 0.332767 0.008789 0.020374 0.0 0.0 0.0 0.0 0.0 0.0 0.0 0.0 0.0 0.0 0.0 0.0 0.0 0.0 0.0
0 0.43457 0.320883 0.013672 0.03056 0.432304 0.316744 1.0 0.438197 0.317533 1.0 0.435478 0.323248 1.0 0.432644 0.327978 1.0 0.437064 0.328372 1.0
0 0.464844 0.419355 0.013672 0.033956 0.461447 0.415209 1.0 0.46777 0.415209 1.0 0.464103 0.421363 1.0 0.461574 0.427078 1.0 0.466252 0.427078 1.0
0 0.476562 0.274194 0.011719 0.032258 0.473855 0.270715 1.0 0.478799 0.271739 1.0 0.475738 0.276036 1.0 0.472913 0.281357 1.0 0.478563 0.281357 1.0
0 0.482422 0.264856 0.011719 0.033956 0.473999 0.271435 1.0 0.478882 0.272284 1.0 0.476074 0.277165 1.0 0.473511 0.281197 1.0 0.479126 0.281409 1.0
0 0.501953 0.288625 0.011719 0.027165 0.498047 0.285229 1.0 0.50293 0.286927 1.0 0.500977 0.290323 1.0 0.499023 0.295416 1.0 0.50293 0.295416 1.0
0 0.514648 0.273345 0.011719 0.023769 0.509766 0.273345 1.0 0.515625 0.269949 1.0 0.512695 0.275042 1.0 0.511719 0.280136 1.0 0.514648 0.27674 1.0
0 0.557617 0.279287 0.011719 0.032258 0.554203 0.27452 1.0 0.559266 0.276771 1.0 0.555027 0.281477 1.0 0.552791 0.285365 1.0 0.55644 0.286594 1.0
0 0.567383 0.282683 0.013672 0.025467 0.563477 0.288625 1.0 0.569336 0.288625 1.0 0.566406 0.293718 1.0 0.564453 0.300509 1.0 0.569336 0.300509 1.0
0 0.58252 0.289474 0.012695 0.032258 0.578247 0.286715 1.0 0.584229 0.286078 1.0 0.581177 0.291596 1.0 0.577637 0.296053 1.0 0.585571 0.295416 1.0
0 0.601074 0.268251 0.014648 0.03056 0.598484 0.263105 1.0 0.603311 0.263718 1.0 0.600133 0.269857 1.0 0.598484 0.274975 1.0 0.603193 0.275178 1.0
0 0.623535 0.267402 0.010742 0.028862 0.619315 0.263643 1.0 0.622768 0.263278 1.0 0.617955 0.269645 1.0 0.618896 0.272557 1.0 0.62235 0.272192 1.0
0 0.622559 0.378608 0.012695 0.03056 0.618975 0.374742 1.0 0.624869 0.374545 1.0 0.621922 0.379275 1.0 0.619769 0.383806 1.0 0.624303 0.38361 1.0
0 0.588379 0.393039 0.012695 0.028862 0.58538 0.38928 1.0 0.591029 0.389098 1.0 0.58831 0.393827 1.0 0.585693 0.398557 1.0 0.590297 0.398739 1.0
0 0.543945 0.386248 0.013672 0.035654 0.538456 0.383141 1.0 0.543052 0.382905 1.0 0.540078 0.38972 1.0 0.539538 0.395124 1.0 0.541835 0.394888 1.0
0 0.513184 0.366723 0.014648 0.033956 0.510926 0.363676 1.0 0.5175 0.364115 1.0 0.51396 0.37181 1.0 0.511684 0.374667 1.0 0.515729 0.375326 1.0
0 0.49707 0.414261 0.013672 0.033956 0.491887 0.409896 1.0 0.496312 0.409236 1.0 0.492646 0.416489 1.0 0.492519 0.421985 1.0 0.497829 0.420007 1.0
0 0.630371 0.40747 0.016602 0.037351 0.625488 0.403589 1.0 0.631905 0.40262 1.0 0.628418 0.41038 1.0 0.626186 0.415231 1.0 0.632324 0.414019 1.0
0 0.651855 0.289474 0.014648 0.032258 0.64856 0.284168 1.0 0.653198 0.284168 1.0 0.650757 0.290535 1.0 0.648926 0.295628 1.0 0.653564 0.294992 1.0
0 0.670898 0.288625 0.011719 0.033956 0.6666 0.285358 1.0 0.672416 0.28382 1.0 0.668623 0.291073 1.0 0.668623 0.295469 1.0 0.673301 0.294149 1.0
0 0.647949 0.386248 0.014648 0.032258 0.645996 0.38073 1.0 0.651367 0.37882 1.0 0.648315 0.38455 1.0 0.646362 0.391341 1.0 0.653076 0.389431 1.0
0 0.694824 0.365874 0.014648 0.035654 0.691066 0.360932 1.0 0.697605 0.359341 1.0 0.694598 0.367299 1.0 0.690412 0.373893 1.0 0.698914 0.37253 1.0
0 0.688477 0.265705 0.015625 0.032258 0.684692 0.26337 1.0 0.689941 0.262309 1.0 0.687012 0.267402 1.0 0.686035 0.273981 1.0 0.689453 0.273345 1.0
0 0.706543 0.291171 0.012695 0.032258 0.704406 0.287693 1.0 0.709469 0.287487 1.0 0.707231 0.293626 1.0 0.70523 0.298334 1.0 0.710175 0.297925 1.0
0 0.731934 0.303056 0.010742 0.028862 0.732422 0.300509 1.0 0.736328 0.298812 1.0 0.735352 0.305603 1.0 0.733398 0.310696 1.0 0.738281 0.308998 1.0
0 0.738281 0.302207 0.011719 0.03056 0.731907 0.300949 1.0 0.737911 0.297879 1.0 0.735674 0.305655 1.0 0.733556 0.310158 1.0 0.739323 0.307088 1.0
0 0.794922 0.281834 0.013672 0.023769 0.791992 0.273345 1.0 0.799805 0.273345 1.0 0.795898 0.278438 1.0 0.792969 0.283531 1.0 0.798828 0.283531 1.0
0 0.832031 0.2309 0.015625 0.033956 0.829102 0.227504 1.0 0.834961 0.227504 1.0 0.832031 0.232598 1.0 0.829102 0.239389 1.0 0.834961 0.237691 1.0
0 0.833496 0.380306 0.016602 0.033956 0.828596 0.377577 1.0 0.834612 0.377577 1.0 0.830819 0.384854 1.0 0.828857 0.389856 1.0 0.835789 0.388718 1.0
0 0.785156 0.368421 0.015625 0.033956 0.780884 0.362267 1.0 0.788696 0.362691 1.0 0.784302 0.368633 1.0 0.779785 0.373727 1.0 0.787231 0.375 1.0
0 0.73877 0.360781 0.014648 0.035654 0.735273 0.356749 1.0 0.741551 0.35493 1.0 0.738543 0.361525 1.0 0.736843 0.3688 1.0 0.740243 0.367209 1.0
0 0.86377 0.242784 0.012695 0.03056 0.860352 0.241087 1.0 0.866211 0.239389 1.0 0.863281 0.247878 1.0 0.861328 0.252971 1.0 0.865234 0.252971 1.0
0 0.875488 0.222411 0.014648 0.037351 0.872297 0.215924 1.0 0.878919 0.215217 1.0 0.875271 0.221092 1.0 0.873243 0.228846 1.0 0.877974 0.228375 1.0
0 0.897949 0.222411 0.016602 0.033956 0.895691 0.215847 1.0 0.903023 0.217825 1.0 0.898979 0.22266 1.0 0.895817 0.228375 1.0 0.899736 0.229036 1.0
0 0.945312 0.334465 0.011719 0.03056 0.944405 0.330008 1.0 0.94962 0.330599 1.0 0.947353 0.335526 1.0 0.943612 0.338876 1.0 0.948939 0.33927 1.0
0 0.963379 0.335314 0.012695 0.028862 0.963924 0.330577 1.0 0.968502 0.331334 1.0 0.966104 0.337019 1.0 0.963706 0.341946 1.0 0.966976 0.342136 1.0
0 0.996582 0.490662 0.006836 0.016978 0.0 0.0 0.0 0.0 0.0 0.0 0.0 0.0 0.0 0.0 0.0 0.0 0.0 0.0 0.0