0 0.166016 0.256955 0.046875 0.098097 0.157148 0.235183 1.0 0.178115 0.2394 1.0 0.167139 0.252211 1.0 0.155527 0.272182 1.0 0.173105 0.276003 1.0
0 0.192871 0.130307 0.012695 0.023426 0.0 0.0 0.0 0.0 0.0 0.0 0.0 0.0 0.0 0.0 0.0 0.0 0.0 0.0 0.0
0 0.212402 0.122987 0.010742 0.01757 0.0 0.0 0.0 0.0 0.0 0.0 0.0 0.0 0.0 0.0 0.0 0.0 0.0 0.0 0.0
0 0.293945 0.189605 0.054688 0.101025 0.286202 0.174192 1.0 0.309884 0.176728 1.0 0.298889 0.197652 1.0 0.283665 0.207161 1.0 0.30481 0.209697 1.0
0 0.256836 0.120791 0.023438 0.02489 0.0 0.0 0.0 0.0 0.0 0.0 0.0 0.0 0.0 0.0 0.0 0.0 0.0 0.0 0.0
0 0.345215 0.102489 0.018555 0.038067 0.342303 0.098372 1.0 0.345528 0.097646 1.0 0.346496 0.107561 1.0 0.340528 0.113366 1.0 0.346496 0.113123 1.0
0 0.367188 0.122987 0.037109 0.064422 0.356323 0.120608 1.0 0.368957 0.114843 1.0 0.362365 0.131726 1.0 0.364014 0.140373 1.0 0.373077 0.13502 1.0
0 0.411133 0.081991 0.023438 0.038067 0.0 0.0 0.0 0.0 0.0 0.0 0.0 0.0 0.0 0.0 0.0 0.0 0.0 0.0 0.0
0 0.437988 0.150805 0.053711 0.105417 0.429182 0.124987 1.0 0.452959 0.123666 1.0 0.442832 0.144132 1.0 0.430503 0.163937 1.0 0.45428 0.163277 1.0
0 0.494141 0.153001 0.039062 0.077599 0.4809 0.138302 1.0 0.496595 0.136341 1.0 0.487113 0.151047 1.0 0.486459 0.165754 1.0 0.49823 0.164283 1.0
0 0.609863 0.210835 0.055664 0.108346 0.601135 0.190886 1.0 0.623565 0.190199 1.0 0.613037 0.207357 1.0 0.601135 0.229319 1.0 0.62265 0.229319 1.0
0 0.624023 0.099561 0.029297 0.043924 0.62091 0.089553 1.0 0.631971 0.088429 1.0 0.626347 0.100796 1.0 0.621098 0.107542 1.0 0.629909 0.107542 1.0
0 0.680664 0.125915 0.027344 0.046852 0.686554 0.120189 1.0 0.687535 0.121366 1.0 0.689301 0.133425 1.0 0.679884 0.136073 1.0 0.680864 0.13666 1.0
0 0.711914 0.221083 0.050781 0.111274 0.700597 0.203435 1.0 0.727905 0.201318 1.0 0.714251 0.215436 1.0 0.704834 0.240849 1.0 0.723668 0.239438 1.0
0 0.766602 0.094436 0.023438 0.045388 0.757678 0.083259 1.0 0.766506 0.085318 1.0 0.758658 0.093553 1.0 0.757873 0.102083 1.0 0.763955 0.104142 1.0
0 0.840332 0.225476 0.049805 0.099561 0.825195 0.203933 1.0 0.84654 0.198912 1.0 0.834821 0.218365 1.0 0.831892 0.243464 1.0 0.851144 0.237817 1.0
0 0.841309 0.106149 0.030273 0.051245 0.834193 0.097816 1.0 0.851092 0.099816 1.0 0.843087 0.111149 1.0 0.836417 0.119149 1.0 0.847534 0.118817 1.0
0 0.882324 0.096633 0.024414 0.043924 0.885585 0.091965 1.0 0.890646 0.090842 1.0 0.891209 0.102646 1.0 0.884086 0.109391 1.0 0.888772 0.109391 1.0
0 0.908203 0.135432 0.027344 0.048316 0.903333 0.129288 1.0 0.915013 0.128981 1.0 0.908251 0.138504 1.0 0.903333 0.148334 1.0 0.914398 0.148334 1.0
0 0.939453 0.11347 0.011719 0.019034 0.0 0.0 0.0 0.0 0.0 0.0 0.0 0.0 0.0 0.0 0.0 0.0 0.0 0.0 0.0
0 0.967285 0.131772 0.010742 0.020498 0.0 0.0 0.0 0.0 0.0 0.0 0.0 0.0 0.0 0.0 0.0 0.0 0.0 0.0 0.0
0 0.112305 0.146413 0.009766 0.01757 0.0 0.0 0.0 0.0 0.0 0.0 0.0 0.0 0.0 0.0 0.0 0.0 0.0 0.0 0.0