0 0.895508 0.606536 0.019531 0.028758 0.893555 0.603922 1.0 0.901367 0.601307 1.0 0.900391 0.60915 1.0 0.894531 0.616993 1.0 0.901367 0.615686 1.0
0 0.981445 0.702614 0.037109 0.071895 0.980469 0.679739 1.0 0.99707 0.678431 1.0 0.99707 0.699346 1.0 0.994141 0.718954 1.0 0.998047 0.718954 1.0
0 0.28125 0.588889 0.019531 0.035294 0.283992 0.582516 1.0 0.289093 0.580923 1.0 0.290963 0.589116 1.0 0.286032 0.599586 1.0 0.290453 0.597537 1.0
0 0.366211 0.630065 0.019531 0.031373 0.362519 0.626552 1.0 0.371826 0.625327 1.0 0.366791 0.633293 1.0 0.364654 0.638603 1.0 0.371368 0.63799 1.0
0 0.476562 0.598039 0.009766 0.014379 0.474609 0.596078 1.0 0.480469 0.596078 1.0 0.477539 0.6 1.0 0.475586 0.602614 1.0 0.480469 0.602614 1.0
0 0.664062 0.558824 0.007812 0.016993 0.661133 0.555556 1.0 0.666016 0.555556 1.0 0.662109 0.560784 1.0 0.662109 0.563399 1.0 0.666016 0.563399 1.0
0 0.69873 0.568627 0.016602 0.023529 0.693359 0.564706 1.0 0.695312 0.564706 1.0 0.691406 0.573856 1.0 0.698242 0.577778 1.0 0.698242 0.577778 1.0
0 0.76123 0.577124 0.012695 0.022222 0.762695 0.571242 1.0 0.762695 0.571242 1.0 0.767578 0.575163 1.0 0.762695 0.581699 1.0 0.766602 0.583007 1.0
0 0.790039 0.571895 0.011719 0.024837 0.787109 0.563399 1.0 0.789062 0.563399 1.0 0.794922 0.566013 1.0 0.790039 0.576471 1.0 0.791016 0.575163 1.0
0 0.82959 0.569935 0.012695 0.023529 0.82646 0.567718 1.0 0.832014 0.566503 1.0 0.829293 0.572421 1.0 0.827593 0.578186 1.0 0.830313 0.578034 1.0
0 0.810547 0.705882 0.042969 0.067974 0.810547 0.698039 1.0 0.827148 0.694118 1.0 0.823242 0.70719 1.0 0.813477 0.726797 1.0 0.828125 0.724183 1.0