0 0.20166 0.140676 0.05957 0.076023 0.21579 0.129496 1.0 0.21579 0.129496 1.0 0.235212 0.140026 1.0 0.219387 0.155342 1.0 0.219387 0.155342 1.0
0 0.296875 0.095517 0.044922 0.042885 0.283735 0.090336 1.0 0.307656 0.091145 1.0 0.295088 0.09735 1.0 0.285356 0.105982 1.0 0.303196 0.107062 1.0
0 0.310059 0.168616 0.053711 0.052632 0.293945 0.163093 1.0 0.313477 0.165692 1.0 0.292969 0.17154 1.0 0.289062 0.181287 1.0 0.307617 0.183886 1.0
0 0.464844 0.098765 0.052734 0.046784 0.446302 0.091995 1.0 0.47008 0.090823 1.0 0.452026 0.099027 1.0 0.448944 0.110453 1.0 0.464796 0.109867 1.0
0 0.487793 0.168616 0.053711 0.047433 0.467508 0.16025 1.0 0.483673 0.159652 1.0 0.464813 0.169811 1.0 0.467508 0.181164 1.0 0.481877 0.181164 1.0
0 0.563965 0.137427 0.106445 0.096816 0.541016 0.124309 1.0 0.590454 0.123092 1.0 0.563904 0.146849 1.0 0.543762 0.157814 1.0 0.584961 0.156595 1.0
0 0.679199 0.064652 0.055664 0.050032 0.665039 0.05653 1.0 0.692383 0.05718 1.0 0.673828 0.068226 1.0 0.666992 0.074724 1.0 0.691406 0.074724 1.0
0 0.929199 0.18681 0.051758 0.051332 0.915646 0.181974 1.0 0.940809 0.184872 1.0 0.920968 0.196142 1.0 0.910806 0.200971 1.0 0.930646 0.203225 1.0
0 0.020996 0.102014 0.041992 0.049383 0.006086 0.095749 1.0 0.028687 0.096062 1.0 0.020211 0.104207 1.0 0.007499 0.112979 1.0 0.028216 0.112979 1.0
0 0.365723 0.165692 0.055664 0.053281 0.0 0.0 0.0 0.0 0.0 0.0 0.0 0.0 0.0 0.0 0.0 0.0 0.0 0.0 0.0
0 0.211914 0.109812 0.060547 0.048083 0.0 0.0 0.0 0.0 0.0 0.0 0.0 0.0 0.0 0.0 0.0 0.0 0.0 0.0 0.0
0 0.85791 0.0718 0.049805 0.048733 0.853263 0.06594 1.0 0.868513 0.06594 1.0 0.862968 0.076702 1.0 0.853725 0.086234 1.0 0.871748 0.086542 1.0
0 0.723145 0.173164 0.063477 0.052632 0.711723 0.165234 1.0 0.735081 0.165234 1.0 0.720668 0.175154 1.0 0.71371 0.18739 1.0 0.729614 0.18739 1.0