0 0.155273 0.06382 0.050781 0.060461 0.144531 0.056622 1.0 0.167969 0.050864 1.0 0.160156 0.065259 1.0 0.150391 0.076775 1.0 0.171875 0.071017 1.0
0 0.063477 0.083493 0.015625 0.028791 0.057617 0.075816 1.0 0.0625 0.076775 1.0 0.057617 0.084453 1.0 0.058594 0.092131 1.0 0.061523 0.092131 1.0
0 0.409668 0.0619 0.043945 0.047025 0.402588 0.050923 1.0 0.423645 0.051524 1.0 0.412658 0.062919 1.0 0.399842 0.068917 1.0 0.422424 0.070417 1.0
0 0.449707 0.084933 0.010742 0.039347 0.453125 0.081574 1.0 0.457031 0.081574 1.0 0.457031 0.089251 1.0 0.457031 0.102687 1.0 0.458984 0.102687 1.0
0 0.495117 0.06094 0.035156 0.047025 0.491455 0.051464 1.0 0.509461 0.055662 1.0 0.499695 0.06286 1.0 0.492065 0.070958 1.0 0.503052 0.072157 1.0
0 0.542969 0.082054 0.035156 0.048944 0.531342 0.073922 1.0 0.548846 0.073922 1.0 0.535797 0.085181 1.0 0.533569 0.092687 1.0 0.547572 0.09175 1.0
0 0.671387 0.057582 0.041992 0.047985 0.659576 0.051322 1.0 0.681554 0.050714 1.0 0.669481 0.060752 1.0 0.662672 0.069877 1.0 0.676601 0.070181 1.0
0 0.752441 0.052783 0.030273 0.038388 0.749189 0.046571 1.0 0.76335 0.045328 1.0 0.758039 0.052535 1.0 0.750959 0.061232 1.0 0.761579 0.060984 1.0
0 0.791992 0.071017 0.039062 0.049904 0.789891 0.065628 1.0 0.806989 0.068798 1.0 0.798924 0.078627 1.0 0.78602 0.083382 1.0 0.798924 0.086235 1.0
0 0.870605 0.066219 0.010742 0.017274 0.865976 0.062312 1.0 0.871534 0.06274 1.0 0.868482 0.065953 1.0 0.865431 0.069381 1.0 0.870662 0.069381 1.0
0 0.927246 0.066219 0.040039 0.047985 0.916543 0.059351 1.0 0.937282 0.058743 1.0 0.930782 0.069998 1.0 0.922115 0.078819 1.0 0.936354 0.077907 1.0
0 0.100098 0.576775 0.036133 0.044146 0.09188 0.570169 1.0 0.108883 0.570447 1.0 0.100664 0.579916 1.0 0.094997 0.587713 1.0 0.106332 0.587992 1.0
0 0.244629 0.575336 0.036133 0.045106 0.236254 0.568734 1.0 0.254072 0.570169 1.0 0.245894 0.581077 1.0 0.239467 0.586818 1.0 0.252903 0.585957 1.0
0 0.380371 0.582534 0.038086 0.036468 0.366687 0.577577 1.0 0.381792 0.578283 1.0 0.372201 0.587709 1.0 0.372681 0.592422 1.0 0.382271 0.592422 1.0
0 0.640625 0.589731 0.046875 0.037428 0.629621 0.578536 1.0 0.652112 0.577101 1.0 0.641013 0.589731 1.0 0.633419 0.597195 1.0 0.649191 0.596908 1.0
0 0.879883 0.569578 0.035156 0.043186 0.870187 0.562792 1.0 0.888044 0.562243 1.0 0.879395 0.572114 1.0 0.87214 0.580889 1.0 0.88637 0.580889 1.0