0 0.873047 0.791016 0.015625 0.061198 0.0 0.0 0.0 0.0 0.0 0.0 0.0 0.0 0.0 0.0 0.0 0.0 0.0 0.0 0.0
0 0.796387 0.489583 0.02832 0.072917 0.0 0.0 0.0 0.0 0.0 0.0 0.0 0.0 0.0 0.0 0.0 0.0 0.0 0.0 0.0
0 0.638672 0.479818 0.037109 0.082031 0.623727 0.458339 1.0 0.630711 0.458339 1.0 0.61519 0.475411 1.0 0.626055 0.494036 1.0 0.632651 0.495589 1.0
0 0.577148 0.486979 0.048828 0.067708 0.0 0.0 0.0 0.0 0.0 0.0 0.0 0.0 0.0 0.0 0.0 0.0 0.0 0.0 0.0
0 0.360352 0.501302 0.039062 0.075521 0.348284 0.481353 1.0 0.360949 0.485212 1.0 0.341771 0.491001 1.0 0.345751 0.513195 1.0 0.349369 0.515125 1.0
0 0.156738 0.532552 0.036133 0.070312 0.148961 0.521531 1.0 0.154925 0.521973 1.0 0.139352 0.537876 1.0 0.144653 0.553339 1.0 0.150286 0.55599 1.0
0 0.616211 0.156901 0.046875 0.063802 0.605652 0.143229 1.0 0.626709 0.142008 1.0 0.619385 0.153809 1.0 0.608398 0.168865 1.0 0.626404 0.168865 1.0
0 0.083496 0.485677 0.036133 0.078125 0.070155 0.468721 1.0 0.081644 0.468721 1.0 0.065338 0.482061 1.0 0.07312 0.500837 1.0 0.077938 0.501331 1.0
0 0.907227 0.378255 0.039062 0.076823 0.900391 0.359538 1.0 0.901855 0.360026 1.0 0.887573 0.377604 1.0 0.894531 0.394206 1.0 0.896362 0.395671 1.0
0 0.816406 0.041016 0.044922 0.063802 0.810163 0.02724 1.0 0.828578 0.023786 1.0 0.823975 0.037982 1.0 0.815918 0.05256 1.0 0.828866 0.048724 1.0
0 0.493652 0.098958 0.041992 0.0625 0.481868 0.081171 1.0 0.499394 0.08234 1.0 0.483036 0.108823 1.0 0.490631 0.101034 1.0 0.49881 0.108434 1.0
0 0.421875 0.058594 0.033203 0.0625 0.423653 0.047922 1.0 0.435809 0.048316 1.0 0.438477 0.061757 1.0 0.422172 0.075986 1.0 0.433437 0.075986 1.0
0 0.311035 0.041667 0.040039 0.065104 0.302076 0.026483 1.0 0.323107 0.029988 1.0 0.313468 0.041672 1.0 0.302368 0.052577 1.0 0.31785 0.054914 1.0
0 0.802246 0.172526 0.040039 0.061198 0.785933 0.158448 1.0 0.793701 0.154227 1.0 0.787083 0.172259 1.0 0.792263 0.186453 1.0 0.800895 0.183768 1.0