0 0.040039 0.892578 0.021484 0.040365 0.03275 0.887835 1.0 0.043876 0.885533 1.0 0.035436 0.894996 1.0 0.034284 0.902924 1.0 0.040807 0.901902 1.0
0 0.085449 0.826823 0.018555 0.03125 0.0 0.0 0.0 0.0 0.0 0.0 0.0 0.0 0.0 0.0 0.0 0.0 0.0 0.0 0.0
0 0.055664 0.800781 0.017578 0.028646 0.053824 0.794184 1.0 0.061393 0.794004 1.0 0.058014 0.801753 1.0 0.054771 0.807158 1.0 0.061527 0.807158 1.0
0 0.037598 0.773438 0.014648 0.026042 0.0 0.0 0.0 0.0 0.0 0.0 0.0 0.0 0.0 0.0 0.0 0.0 0.0 0.0 0.0
0 0.057617 0.764974 0.021484 0.029948 0.0 0.0 0.0 0.0 0.0 0.0 0.0 0.0 0.0 0.0 0.0 0.0 0.0 0.0 0.0
0 0.066406 0.738281 0.015625 0.023438 0.0 0.0 0.0 0.0 0.0 0.0 0.0 0.0 0.0 0.0 0.0 0.0 0.0 0.0 0.0
0 0.05127 0.711589 0.016602 0.027344 0.0 0.0 0.0 0.0 0.0 0.0 0.0 0.0 0.0 0.0 0.0 0.0 0.0 0.0 0.0
0 0.048828 0.678385 0.013672 0.020833 0.0 0.0 0.0 0.0 0.0 0.0 0.0 0.0 0.0 0.0 0.0 0.0 0.0 0.0 0.0
0 0.04834 0.652344 0.012695 0.018229 0.0 0.0 0.0 0.0 0.0 0.0 0.0 0.0 0.0 0.0 0.0 0.0 0.0 0.0 0.0
0 0.072754 0.639974 0.012695 0.019531 0.0 0.0 0.0 0.0 0.0 0.0 0.0 0.0 0.0 0.0 0.0 0.0 0.0 0.0 0.0
0 0.086426 0.660807 0.012695 0.019531 0.083836 0.655809 1.0 0.089975 0.655424 1.0 0.087193 0.659133 1.0 0.084699 0.661435 1.0 0.088823 0.660923 1.0
0 0.090332 0.678385 0.014648 0.018229 0.087733 0.675421 1.0 0.091475 0.675421 1.0 0.088117 0.679129 1.0 0.087158 0.682839 1.0 0.089652 0.682582 1.0
0 0.097168 0.703125 0.014648 0.023438 0.0 0.0 0.0 0.0 0.0 0.0 0.0 0.0 0.0 0.0 0.0 0.0 0.0 0.0 0.0
0 0.091309 0.729167 0.014648 0.023438 0.088349 0.725848 1.0 0.093763 0.726789 1.0 0.090938 0.730398 1.0 0.088349 0.735422 1.0 0.092469 0.736677 1.0
0 0.109863 0.802083 0.012695 0.026042 0.107588 0.797892 1.0 0.114794 0.798229 1.0 0.110622 0.804129 1.0 0.107714 0.809861 1.0 0.111128 0.811547 1.0
0 0.130371 0.854818 0.022461 0.040365 0.126548 0.848546 1.0 0.138123 0.848022 1.0 0.133807 0.85587 1.0 0.128313 0.864763 1.0 0.138123 0.864763 1.0
0 0.153809 0.852214 0.020508 0.042969 0.150451 0.847633 1.0 0.161106 0.848999 1.0 0.15455 0.857742 1.0 0.148402 0.860747 1.0 0.157623 0.862659 1.0
0 0.132324 0.794922 0.018555 0.035156 0.129264 0.788178 1.0 0.138275 0.789312 1.0 0.133175 0.79634 1.0 0.127733 0.801781 1.0 0.135385 0.803368 1.0
0 0.12793 0.670573 0.011719 0.018229 0.0 0.0 0.0 0.0 0.0 0.0 0.0 0.0 0.0 0.0 0.0 0.0 0.0 0.0 0.0
0 0.124023 0.610026 0.013672 0.022135 0.119668 0.606538 1.0 0.125881 0.606538 1.0 0.123047 0.610898 1.0 0.121303 0.614385 1.0 0.125009 0.614241 1.0
0 0.144531 0.613281 0.013672 0.018229 0.0 0.0 0.0 0.0 0.0 0.0 0.0 0.0 0.0 0.0 0.0 0.0 0.0 0.0 0.0
0 0.155273 0.673177 0.009766 0.015625 0.0 0.0 0.0 0.0 0.0 0.0 0.0 0.0 0.0 0.0 0.0 0.0 0.0 0.0 0.0
0 0.145996 0.70638 0.012695 0.027344 0.143698 0.704177 1.0 0.150861 0.703456 1.0 0.147348 0.708862 1.0 0.145186 0.714809 1.0 0.150186 0.714448 1.0
0 0.158691 0.726562 0.012695 0.018229 0.154401 0.72154 1.0 0.160156 0.72154 1.0 0.155971 0.726888 1.0 0.153704 0.731538 1.0 0.158761 0.73212 1.0
0 0.185547 0.784505 0.017578 0.029948 0.183045 0.780477 1.0 0.19067 0.780094 1.0 0.187217 0.784889 1.0 0.184771 0.790452 1.0 0.190094 0.789301 1.0
0 0.199707 0.819661 0.020508 0.032552 0.197318 0.817546 1.0 0.204381 0.815663 1.0 0.202026 0.823823 1.0 0.199358 0.83052 1.0 0.205636 0.828009 1.0
0 0.202148 0.85026 0.023438 0.028646 0.0 0.0 0.0 0.0 0.0 0.0 0.0 0.0 0.0 0.0 0.0 0.0 0.0 0.0 0.0
0 0.258301 0.884115 0.022461 0.03125 0.0 0.0 0.0 0.0 0.0 0.0 0.0 0.0 0.0 0.0 0.0 0.0 0.0 0.0 0.0
0 0.240234 0.814453 0.021484 0.040365 0.237165 0.808686 1.0 0.247332 0.809198 1.0 0.242152 0.819173 1.0 0.238124 0.825823 1.0 0.245605 0.826335 1.0
0 0.222168 0.787109 0.016602 0.027344 0.216814 0.785307 1.0 0.225329 0.784767 1.0 0.221409 0.792516 1.0 0.218977 0.797201 1.0 0.224383 0.797021 1.0
0 0.205078 0.736979 0.015625 0.028646 0.204659 0.732887 1.0 0.21024 0.734561 1.0 0.207311 0.738654 1.0 0.203962 0.742746 1.0 0.209264 0.743303 1.0
0 0.191895 0.697266 0.012695 0.02474 0.18811 0.693522 1.0 0.194458 0.693522 1.0 0.190552 0.698242 1.0 0.188721 0.700521 1.0 0.194458 0.700521 1.0
0 0.17627 0.684896 0.010742 0.020833 0.0 0.0 0.0 0.0 0.0 0.0 0.0 0.0 0.0 0.0 0.0 0.0 0.0 0.0 0.0
0 0.174316 0.649089 0.010742 0.019531 0.0 0.0 0.0 0.0 0.0 0.0 0.0 0.0 0.0 0.0 0.0 0.0 0.0 0.0 0.0
0 0.166504 0.622396 0.008789 0.018229 0.0 0.0 0.0 0.0 0.0 0.0 0.0 0.0 0.0 0.0 0.0 0.0 0.0 0.0 0.0
0 0.160156 0.598307 0.007812 0.016927 0.0 0.0 0.0 0.0 0.0 0.0 0.0 0.0 0.0 0.0 0.0 0.0 0.0 0.0 0.0
0 0.182129 0.586589 0.008789 0.016927 0.18103 0.588053 1.0 0.185913 0.586542 1.0 0.183995 0.590844 1.0 0.182861 0.593517 1.0 0.186262 0.59282 1.0
0 0.171875 0.597005 0.009766 0.014323 0.0 0.0 0.0 0.0 0.0 0.0 0.0 0.0 0.0 0.0 0.0 0.0 0.0 0.0 0.0
0 0.198242 0.60026 0.009766 0.015625 0.0 0.0 0.0 0.0 0.0 0.0 0.0 0.0 0.0 0.0 0.0 0.0 0.0 0.0 0.0
0 0.189453 0.621745 0.009766 0.014323 0.0 0.0 0.0 0.0 0.0 0.0 0.0 0.0 0.0 0.0 0.0 0.0 0.0 0.0 0.0
0 0.196289 0.653646 0.011719 0.018229 0.194929 0.649204 1.0 0.200684 0.649786 1.0 0.197894 0.652809 1.0 0.195277 0.655948 1.0 0.199288 0.656413 1.0
0 0.212402 0.630859 0.012695 0.019531 0.0 0.0 0.0 0.0 0.0 0.0 0.0 0.0 0.0 0.0 0.0 0.0 0.0 0.0 0.0
0 0.216309 0.688802 0.012695 0.020833 0.0 0.0 0.0 0.0 0.0 0.0 0.0 0.0 0.0 0.0 0.0 0.0 0.0 0.0 0.0
0 0.230957 0.714193 0.014648 0.027344 0.0 0.0 0.0 0.0 0.0 0.0 0.0 0.0 0.0 0.0 0.0 0.0 0.0 0.0 0.0
0 0.24707 0.733073 0.017578 0.023438 0.0 0.0 0.0 0.0 0.0 0.0 0.0 0.0 0.0 0.0 0.0 0.0 0.0 0.0 0.0
0 0.26416 0.794922 0.018555 0.027344 0.260367 0.787993 1.0 0.270438 0.789388 1.0 0.265599 0.793049 1.0 0.261937 0.799154 1.0 0.268607 0.799677 1.0
0 0.106934 0.682943 0.010742 0.016927 0.0 0.0 0.0 0.0 0.0 0.0 0.0 0.0 0.0 0.0 0.0 0.0 0.0 0.0 0.0
0 0.026855 0.688151 0.008789 0.022135 0.0 0.0 0.0 0.0 0.0 0.0 0.0 0.0 0.0 0.0 0.0 0.0 0.0 0.0 0.0
0 0.071289 0.682943 0.011719 0.016927 0.0 0.0 0.0 0.0 0.0 0.0 0.0 0.0 0.0 0.0 0.0 0.0 0.0 0.0 0.0
0 0.03418 0.626953 0.009766 0.014323 0.0 0.0 0.0 0.0 0.0 0.0 0.0 0.0 0.0 0.0 0.0 0.0 0.0 0.0 0.0
0 0.053711 0.619792 0.009766 0.015625 0.0 0.0 0.0 0.0 0.0 0.0 0.0 0.0 0.0 0.0 0.0 0.0 0.0 0.0 0.0
0 0.072754 0.613281 0.008789 0.015625 0.0 0.0 0.0 0.0 0.0 0.0 0.0 0.0 0.0 0.0 0.0 0.0 0.0 0.0 0.0
0 0.091309 0.624349 0.012695 0.016927 0.089198 0.620443 1.0 0.09443 0.619629 1.0 0.091988 0.623582 1.0 0.090245 0.628348 1.0 0.094169 0.628116 1.0
0 0.090332 0.601562 0.008789 0.013021 0.0 0.0 0.0 0.0 0.0 0.0 0.0 0.0 0.0 0.0 0.0 0.0 0.0 0.0 0.0
0 0.026367 0.580729 0.009766 0.015625 0.0 0.0 0.0 0.0 0.0 0.0 0.0 0.0 0.0 0.0 0.0 0.0 0.0 0.0 0.0
0 0.019531 0.617188 0.009766 0.018229 0.018707 0.614217 1.0 0.022645 0.613118 1.0 0.020172 0.618001 1.0 0.018615 0.620565 1.0 0.022277 0.619466 1.0
0 0.055176 0.585938 0.010742 0.015625 0.0 0.0 0.0 0.0 0.0 0.0 0.0 0.0 0.0 0.0 0.0 0.0 0.0 0.0 0.0
0 0.066406 0.57487 0.007812 0.014323 0.0 0.0 0.0 0.0 0.0 0.0 0.0 0.0 0.0 0.0 0.0 0.0 0.0 0.0 0.0
0 0.05127 0.567057 0.008789 0.011719 0.0 0.0 0.0 0.0 0.0 0.0 0.0 0.0 0.0 0.0 0.0 0.0 0.0 0.0 0.0
0 0.066895 0.554036 0.006836 0.011719 0.0 0.0 0.0 0.0 0.0 0.0 0.0 0.0 0.0 0.0 0.0 0.0 0.0 0.0 0.0
0 0.050293 0.553385 0.008789 0.007812 0.0 0.0 0.0 0.0 0.0 0.0 0.0 0.0 0.0 0.0 0.0 0.0 0.0 0.0 0.0
0 0.091797 0.571615 0.007812 0.013021 0.0 0.0 0.0 0.0 0.0 0.0 0.0 0.0 0.0 0.0 0.0 0.0 0.0 0.0 0.0
0 0.128906 0.559245 0.007812 0.014323 0.0 0.0 0.0 0.0 0.0 0.0 0.0 0.0 0.0 0.0 0.0 0.0 0.0 0.0 0.0
0 0.117188 0.59375 0.009766 0.013021 0.0 0.0 0.0 0.0 0.0 0.0 0.0 0.0 0.0 0.0 0.0 0.0 0.0 0.0 0.0
0 0.134766 0.598958 0.011719 0.015625 0.0 0.0 0.0 0.0 0.0 0.0 0.0 0.0 0.0 0.0 0.0 0.0 0.0 0.0 0.0
0 0.111328 0.583333 0.005859 0.010417 0.0 0.0 0.0 0.0 0.0 0.0 0.0 0.0 0.0 0.0 0.0 0.0 0.0 0.0 0.0
0 0.122559 0.541667 0.006836 0.010417 0.0 0.0 0.0 0.0 0.0 0.0 0.0 0.0 0.0 0.0 0.0 0.0 0.0 0.0 0.0
0 0.155273 0.540365 0.007812 0.010417 0.0 0.0 0.0 0.0 0.0 0.0 0.0 0.0 0.0 0.0 0.0 0.0 0.0 0.0 0.0
0 0.137207 0.533854 0.006836 0.013021 0.0 0.0 0.0 0.0 0.0 0.0 0.0 0.0 0.0 0.0 0.0 0.0 0.0 0.0 0.0
0 0.155273 0.574219 0.009766 0.013021 0.0 0.0 0.0 0.0 0.0 0.0 0.0 0.0 0.0 0.0 0.0 0.0 0.0 0.0 0.0
0 0.158691 0.58724 0.008789 0.013021 0.0 0.0 0.0 0.0 0.0 0.0 0.0 0.0 0.0 0.0 0.0 0.0 0.0 0.0 0.0
0 0.220703 0.606771 0.009766 0.015625 0.218018 0.604841 1.0 0.223118 0.604945 1.0 0.220764 0.60798 1.0 0.219273 0.61091 1.0 0.222805 0.61091 1.0
0 0.190918 0.575521 0.008789 0.015625 0.0 0.0 0.0 0.0 0.0 0.0 0.0 0.0 0.0 0.0 0.0 0.0 0.0 0.0 0.0
0 0.193359 0.553385 0.005859 0.013021 0.0 0.0 0.0 0.0 0.0 0.0 0.0 0.0 0.0 0.0 0.0 0.0 0.0 0.0 0.0
0 0.176758 0.546875 0.005859 0.010417 0.0 0.0 0.0 0.0 0.0 0.0 0.0 0.0 0.0 0.0 0.0 0.0 0.0 0.0 0.0
0 0.171875 0.563802 0.007812 0.010417 0.0 0.0 0.0 0.0 0.0 0.0 0.0 0.0 0.0 0.0 0.0 0.0 0.0 0.0 0.0
0 0.19873 0.522786 0.008789 0.011719 0.0 0.0 0.0 0.0 0.0 0.0 0.0 0.0 0.0 0.0 0.0 0.0 0.0 0.0 0.0
0 0.178711 0.527344 0.005859 0.010417 0.0 0.0 0.0 0.0 0.0 0.0 0.0 0.0 0.0 0.0 0.0 0.0 0.0 0.0 0.0
0 0.212402 0.536458 0.008789 0.010417 0.0 0.0 0.0 0.0 0.0 0.0 0.0 0.0 0.0 0.0 0.0 0.0 0.0 0.0 0.0
0 0.212891 0.580078 0.009766 0.016927 0.0 0.0 0.0 0.0 0.0 0.0 0.0 0.0 0.0 0.0 0.0 0.0 0.0 0.0 0.0
0 0.223145 0.583333 0.008789 0.013021 0.0 0.0 0.0 0.0 0.0 0.0 0.0 0.0 0.0 0.0 0.0 0.0 0.0 0.0 0.0
0 0.239258 0.602865 0.009766 0.015625 0.237183 0.600458 1.0 0.242048 0.600145 1.0 0.239772 0.603911 1.0 0.238203 0.607573 1.0 0.241342 0.607363 1.0
0 0.23291 0.653646 0.012695 0.023438 0.0 0.0 0.0 0.0 0.0 0.0 0.0 0.0 0.0 0.0 0.0 0.0 0.0 0.0 0.0
0 0.238281 0.684245 0.013672 0.022135 0.0 0.0 0.0 0.0 0.0 0.0 0.0 0.0 0.0 0.0 0.0 0.0 0.0 0.0 0.0
0 0.256836 0.704427 0.013672 0.015625 0.0 0.0 0.0 0.0 0.0 0.0 0.0 0.0 0.0 0.0 0.0 0.0 0.0 0.0 0.0
0 0.258301 0.664062 0.008789 0.020833 0.0 0.0 0.0 0.0 0.0 0.0 0.0 0.0 0.0 0.0 0.0 0.0 0.0 0.0 0.0
0 0.26123 0.621745 0.008789 0.016927 0.0 0.0 0.0 0.0 0.0 0.0 0.0 0.0 0.0 0.0 0.0 0.0 0.0 0.0 0.0
0 0.262207 0.58138 0.006836 0.014323 0.0 0.0 0.0 0.0 0.0 0.0 0.0 0.0 0.0 0.0 0.0 0.0 0.0 0.0 0.0
0 0.235352 0.552083 0.007812 0.013021 0.0 0.0 0.0 0.0 0.0 0.0 0.0 0.0 0.0 0.0 0.0 0.0 0.0 0.0 0.0
0 0.236816 0.533854 0.006836 0.007812 0.0 0.0 0.0 0.0 0.0 0.0 0.0 0.0 0.0 0.0 0.0 0.0 0.0 0.0 0.0
0 0.254395 0.540365 0.006836 0.013021 0.0 0.0 0.0 0.0 0.0 0.0 0.0 0.0 0.0 0.0 0.0 0.0 0.0 0.0 0.0
0 0.250977 0.579427 0.007812 0.010417 0.0 0.0 0.0 0.0 0.0 0.0 0.0 0.0 0.0 0.0 0.0 0.0 0.0 0.0 0.0
0 0.253418 0.596354 0.008789 0.015625 0.0 0.0 0.0 0.0 0.0 0.0 0.0 0.0 0.0 0.0 0.0 0.0 0.0 0.0 0.0
0 0.111816 0.521484 0.008789 0.014323 0.0 0.0 0.0 0.0 0.0 0.0 0.0 0.0 0.0 0.0 0.0 0.0 0.0 0.0 0.0
0 0.271484 0.744792 0.015625 0.03125 0.268555 0.741496 1.0 0.27832 0.743124 1.0 0.274048 0.74943 1.0 0.268859 0.752889 1.0 0.275421 0.753703 1.0
0 0.274902 0.700521 0.012695 0.018229 0.0 0.0 0.0 0.0 0.0 0.0 0.0 0.0 0.0 0.0 0.0 0.0 0.0 0.0 0.0
0 0.289062 0.690104 0.011719 0.020833 0.0 0.0 0.0 0.0 0.0 0.0 0.0 0.0 0.0 0.0 0.0 0.0 0.0 0.0 0.0
0 0.29248 0.666016 0.012695 0.02474 0.0 0.0 0.0 0.0 0.0 0.0 0.0 0.0 0.0 0.0 0.0 0.0 0.0 0.0 0.0
0 0.3125 0.811849 0.019531 0.042969 0.308873 0.807292 1.0 0.318499 0.804223 1.0 0.31515 0.81371 1.0 0.311593 0.824033 1.0 0.319336 0.820405 1.0
0 0.316406 0.779948 0.019531 0.03125 0.311471 0.775681 1.0 0.319179 0.775286 1.0 0.315028 0.780029 1.0 0.312064 0.787539 1.0 0.318734 0.787539 1.0
0 0.318359 0.750651 0.017578 0.029948 0.313956 0.741501 1.0 0.323739 0.74249 1.0 0.319589 0.747629 1.0 0.315438 0.75751 1.0 0.322701 0.758499 1.0
0 0.32373 0.72526 0.016602 0.03125 0.0 0.0 0.0 0.0 0.0 0.0 0.0 0.0 0.0 0.0 0.0 0.0 0.0 0.0 0.0
0 0.306641 0.704427 0.013672 0.020833 0.301409 0.700799 1.0 0.307687 0.700799 1.0 0.302455 0.708055 1.0 0.300049 0.710147 1.0 0.305804 0.709868 1.0
0 0.324707 0.698568 0.010742 0.022135 0.0 0.0 0.0 0.0 0.0 0.0 0.0 0.0 0.0 0.0 0.0 0.0 0.0 0.0 0.0
0 0.313477 0.666016 0.011719 0.022135 0.0 0.0 0.0 0.0 0.0 0.0 0.0 0.0 0.0 0.0 0.0 0.0 0.0 0.0 0.0
0 0.335449 0.664062 0.012695 0.020833 0.0 0.0 0.0 0.0 0.0 0.0 0.0 0.0 0.0 0.0 0.0 0.0 0.0 0.0 0.0
0 0.336426 0.639323 0.012695 0.015625 0.0 0.0 0.0 0.0 0.0 0.0 0.0 0.0 0.0 0.0 0.0 0.0 0.0 0.0 0.0
0 0.336914 0.619792 0.009766 0.020833 0.0 0.0 0.0 0.0 0.0 0.0 0.0 0.0 0.0 0.0 0.0 0.0 0.0 0.0 0.0
0 0.294922 0.615885 0.011719 0.015625 0.0 0.0 0.0 0.0 0.0 0.0 0.0 0.0 0.0 0.0 0.0 0.0 0.0 0.0 0.0
0 0.308105 0.584635 0.008789 0.013021 0.0 0.0 0.0 0.0 0.0 0.0 0.0 0.0 0.0 0.0 0.0 0.0 0.0 0.0 0.0
0 0.331055 0.566406 0.009766 0.015625 0.0 0.0 0.0 0.0 0.0 0.0 0.0 0.0 0.0 0.0 0.0 0.0 0.0 0.0 0.0
0 0.356445 0.582031 0.009766 0.013021 0.0 0.0 0.0 0.0 0.0 0.0 0.0 0.0 0.0 0.0 0.0 0.0 0.0 0.0 0.0
0 0.358398 0.621094 0.009766 0.013021 0.0 0.0 0.0 0.0 0.0 0.0 0.0 0.0 0.0 0.0 0.0 0.0 0.0 0.0 0.0
0 0.361816 0.634115 0.008789 0.013021 0.0 0.0 0.0 0.0 0.0 0.0 0.0 0.0 0.0 0.0 0.0 0.0 0.0 0.0 0.0
0 0.37207 0.632812 0.011719 0.020833 0.0 0.0 0.0 0.0 0.0 0.0 0.0 0.0 0.0 0.0 0.0 0.0 0.0 0.0 0.0
0 0.383789 0.647135 0.011719 0.020833 0.379778 0.645717 1.0 0.385594 0.644113 1.0 0.382285 0.64906 1.0 0.380981 0.654007 1.0 0.387098 0.652803 1.0
0 0.362305 0.656901 0.011719 0.022135 0.0 0.0 0.0 0.0 0.0 0.0 0.0 0.0 0.0 0.0 0.0 0.0 0.0 0.0 0.0
0 0.35498 0.707682 0.014648 0.02474 0.0 0.0 0.0 0.0 0.0 0.0 0.0 0.0 0.0 0.0 0.0 0.0 0.0 0.0 0.0
0 0.369141 0.724609 0.017578 0.02474 0.0 0.0 0.0 0.0 0.0 0.0 0.0 0.0 0.0 0.0 0.0 0.0 0.0 0.0 0.0
0 0.371094 0.757161 0.015625 0.032552 0.368408 0.75379 1.0 0.378296 0.753581 1.0 0.37296 0.760905 1.0 0.36935 0.764882 1.0 0.376099 0.764462 1.0
0 0.383789 0.744141 0.015625 0.029948 0.0 0.0 0.0 0.0 0.0 0.0 0.0 0.0 0.0 0.0 0.0 0.0 0.0 0.0 0.0
0 0.351562 0.815104 0.017578 0.03125 0.348053 0.811604 1.0 0.356598 0.811604 1.0 0.353394 0.819336 1.0 0.347748 0.823812 1.0 0.355225 0.825033 1.0
0 0.311523 0.875651 0.017578 0.03776 0.307735 0.873151 1.0 0.313921 0.872401 1.0 0.310922 0.878651 1.0 0.307548 0.8854 1.0 0.313546 0.88515 1.0
0 0.358398 0.867188 0.027344 0.044271 0.0 0.0 0.0 0.0 0.0 0.0 0.0 0.0 0.0 0.0 0.0 0.0 0.0 0.0 0.0
0 0.397949 0.86849 0.018555 0.033854 0.390172 0.865618 1.0 0.401437 0.861421 1.0 0.398786 0.870919 1.0 0.395639 0.879313 1.0 0.403756 0.876441 1.0
0 0.404785 0.835938 0.014648 0.028646 0.0 0.0 0.0 0.0 0.0 0.0 0.0 0.0 0.0 0.0 0.0 0.0 0.0 0.0 0.0
0 0.430176 0.809245 0.018555 0.027344 0.424874 0.807042 1.0 0.431497 0.803978 1.0 0.429064 0.812448 1.0 0.427982 0.818935 1.0 0.434335 0.81497 1.0
0 0.424805 0.788411 0.017578 0.027344 0.0 0.0 0.0 0.0 0.0 0.0 0.0 0.0 0.0 0.0 0.0 0.0 0.0 0.0 0.0
0 0.425293 0.758464 0.020508 0.02474 0.419573 0.755022 1.0 0.42899 0.755022 1.0 0.424281 0.761301 1.0 0.421273 0.766531 1.0 0.425851 0.76688 1.0
0 0.404297 0.697266 0.013672 0.02474 0.0 0.0 0.0 0.0 0.0 0.0 0.0 0.0 0.0 0.0 0.0 0.0 0.0 0.0 0.0
0 0.42334 0.660807 0.012695 0.027344 0.421343 0.661029 1.0 0.428275 0.657889 1.0 0.426183 0.66347 1.0 0.425267 0.66748 1.0 0.429452 0.665039 1.0
0 0.425293 0.639323 0.008789 0.018229 0.0 0.0 0.0 0.0 0.0 0.0 0.0 0.0 0.0 0.0 0.0 0.0 0.0 0.0 0.0
0 0.405762 0.588542 0.008789 0.015625 0.404253 0.586553 1.0 0.408647 0.586344 1.0 0.407 0.589589 1.0 0.405352 0.591681 1.0 0.408334 0.591471 1.0
0 0.290039 0.724609 0.015625 0.027344 0.0 0.0 0.0 0.0 0.0 0.0 0.0 0.0 0.0 0.0 0.0 0.0 0.0 0.0 0.0
0 0.38623 0.649089 0.012695 0.02474 0.0 0.0 0.0 0.0 0.0 0.0 0.0 0.0 0.0 0.0 0.0 0.0 0.0 0.0 0.0
0 0.493652 0.80013 0.022461 0.029948 0.488359 0.793608 1.0 0.498862 0.792841 1.0 0.493827 0.800706 1.0 0.489942 0.808954 1.0 0.497999 0.808762 1.0
0 0.352539 0.669922 0.011719 0.014323 0.0 0.0 0.0 0.0 0.0 0.0 0.0 0.0 0.0 0.0 0.0 0.0 0.0 0.0 0.0
0 0.424316 0.566406 0.006836 0.013021 0.0 0.0 0.0 0.0 0.0 0.0 0.0 0.0 0.0 0.0 0.0 0.0 0.0 0.0 0.0
0 0.448242 0.585938 0.009766 0.020833 0.0 0.0 0.0 0.0 0.0 0.0 0.0 0.0 0.0 0.0 0.0 0.0 0.0 0.0 0.0
0 0.455566 0.636719 0.010742 0.020833 0.0 0.0 0.0 0.0 0.0 0.0 0.0 0.0 0.0 0.0 0.0 0.0 0.0 0.0 0.0
0 0.471191 0.613932 0.012695 0.022135 0.0 0.0 0.0 0.0 0.0 0.0 0.0 0.0 0.0 0.0 0.0 0.0 0.0 0.0 0.0
0 0.466797 0.667969 0.013672 0.020833 0.464007 0.664202 1.0 0.471017 0.664062 1.0 0.467146 0.668108 1.0 0.46453 0.671875 1.0 0.47018 0.671875 1.0
0 0.470215 0.640625 0.010742 0.018229 0.0 0.0 0.0 0.0 0.0 0.0 0.0 0.0 0.0 0.0 0.0 0.0 0.0 0.0 0.0
0 0.455566 0.714193 0.012695 0.022135 0.451481 0.711723 1.0 0.45922 0.711141 1.0 0.455623 0.720732 1.0 0.452789 0.725383 1.0 0.458457 0.725383 1.0
0 0.4375 0.705078 0.015625 0.027344 0.0 0.0 0.0 0.0 0.0 0.0 0.0 0.0 0.0 0.0 0.0 0.0 0.0 0.0 0.0
0 0.474121 0.779948 0.016602 0.033854 0.469438 0.777146 1.0 0.474439 0.775855 1.0 0.470245 0.783814 1.0 0.470568 0.788546 1.0 0.475891 0.78747 1.0
0 0.486328 0.748047 0.013672 0.019531 0.0 0.0 0.0 0.0 0.0 0.0 0.0 0.0 0.0 0.0 0.0 0.0 0.0 0.0 0.0
0 0.484863 0.710938 0.012695 0.020833 0.481097 0.711914 1.0 0.486015 0.711216 1.0 0.483398 0.717773 1.0 0.482771 0.721958 1.0 0.485491 0.72168 1.0
0 0.452148 0.852214 0.019531 0.032552 0.450047 0.848772 1.0 0.457629 0.850708 1.0 0.452306 0.85587 1.0 0.448111 0.860602 1.0 0.454241 0.862322 1.0
0 0.421875 0.899089 0.025391 0.045573 0.4169 0.893107 1.0 0.427795 0.893677 1.0 0.421173 0.903931 1.0 0.417114 0.911052 1.0 0.425445 0.911052 1.0
0 0.477539 0.849609 0.019531 0.035156 0.47195 0.848249 1.0 0.481981 0.847796 1.0 0.477391 0.855277 1.0 0.47467 0.860944 1.0 0.482491 0.860264 1.0
0 0.512695 0.860677 0.023438 0.044271 0.506905 0.857143 1.0 0.519043 0.856585 1.0 0.514021 0.865793 1.0 0.509208 0.873605 1.0 0.517159 0.872768 1.0
0 0.521484 0.897135 0.021484 0.049479 0.512992 0.894624 1.0 0.524763 0.895566 1.0 0.518406 0.905297 1.0 0.514875 0.910633 1.0 0.522645 0.91126 1.0
0 0.527832 0.942708 0.026367 0.044271 0.520229 0.940197 1.0 0.532575 0.937128 1.0 0.524414 0.948289 1.0 0.523368 0.954706 1.0 0.531947 0.953033 1.0
0 0.556152 0.944661 0.026367 0.050781 0.549072 0.938802 1.0 0.562256 0.938802 1.0 0.553955 0.953451 1.0 0.551514 0.95931 1.0 0.561768 0.958659 1.0
0 0.553711 0.852214 0.023438 0.045573 0.548427 0.848366 1.0 0.561288 0.846621 1.0 0.556274 0.856504 1.0 0.551261 0.862316 1.0 0.560198 0.861444 1.0
0 0.555664 0.795573 0.019531 0.033854 0.549874 0.789829 1.0 0.560146 0.789388 1.0 0.554679 0.795132 1.0 0.552856 0.801758 1.0 0.558323 0.801316 1.0
0 0.517578 0.703776 0.015625 0.02474 0.513895 0.70216 1.0 0.522252 0.702788 1.0 0.518603 0.706241 1.0 0.515189 0.711734 1.0 0.520839 0.712204 1.0
0 0.521973 0.744141 0.014648 0.02474 0.0 0.0 0.0 0.0 0.0 0.0 0.0 0.0 0.0 0.0 0.0 0.0 0.0 0.0 0.0
0 0.394043 0.957031 0.026367 0.044271 0.390974 0.950613 1.0 0.403529 0.955637 1.0 0.396624 0.961216 1.0 0.389091 0.967076 1.0 0.397252 0.970145 1.0
0 0.421875 0.983724 0.027344 0.032552 0.414899 0.987258 1.0 0.428851 0.987956 1.0 0.420654 0.997488 1.0 0.415771 1.003069 1.0 0.424665 1.003767 1.0
0 0.46582 0.94401 0.019531 0.036458 0.0 0.0 0.0 0.0 0.0 0.0 0.0 0.0 0.0 0.0 0.0 0.0 0.0 0.0 0.0
0 0.484863 0.917969 0.020508 0.028646 0.0 0.0 0.0 0.0 0.0 0.0 0.0 0.0 0.0 0.0 0.0 0.0 0.0 0.0 0.0
0 0.485352 0.974609 0.025391 0.045573 0.479858 0.97018 1.0 0.493983 0.969396 1.0 0.486921 0.978812 1.0 0.482801 0.986921 1.0 0.492414 0.985875 1.0
0 0.571777 0.838542 0.018555 0.039062 0.569764 0.833333 1.0 0.578918 0.835775 1.0 0.573426 0.841878 1.0 0.568664 0.848958 1.0 0.574341 0.849935 1.0
0 0.613281 0.85026 0.019531 0.028646 0.0 0.0 0.0 0.0 0.0 0.0 0.0 0.0 0.0 0.0 0.0 0.0 0.0 0.0 0.0
0 0.476562 0.586589 0.009766 0.019531 0.0 0.0 0.0 0.0 0.0 0.0 0.0 0.0 0.0 0.0 0.0 0.0 0.0 0.0 0.0
0 0.494141 0.58138 0.009766 0.016927 0.0 0.0 0.0 0.0 0.0 0.0 0.0 0.0 0.0 0.0 0.0 0.0 0.0 0.0 0.0
0 0.5 0.598958 0.011719 0.020833 0.497489 0.59654 1.0 0.503139 0.594866 1.0 0.500104 0.599051 1.0 0.498849 0.605469 1.0 0.502616 0.603794 1.0
0 0.514648 0.587891 0.009766 0.014323 0.0 0.0 0.0 0.0 0.0 0.0 0.0 0.0 0.0 0.0 0.0 0.0 0.0 0.0 0.0
0 0.503906 0.633464 0.011719 0.019531 0.0 0.0 0.0 0.0 0.0 0.0 0.0 0.0 0.0 0.0 0.0 0.0 0.0 0.0 0.0
0 0.516602 0.636068 0.013672 0.019531 0.0 0.0 0.0 0.0 0.0 0.0 0.0 0.0 0.0 0.0 0.0 0.0 0.0 0.0 0.0
0 0.54248 0.656901 0.014648 0.019531 0.0 0.0 0.0 0.0 0.0 0.0 0.0 0.0 0.0 0.0 0.0 0.0 0.0 0.0 0.0
0 0.552246 0.630859 0.012695 0.022135 0.0 0.0 0.0 0.0 0.0 0.0 0.0 0.0 0.0 0.0 0.0 0.0 0.0 0.0 0.0
0 0.558594 0.611328 0.011719 0.022135 0.0 0.0 0.0 0.0 0.0 0.0 0.0 0.0 0.0 0.0 0.0 0.0 0.0 0.0 0.0
0 0.544922 0.608724 0.011719 0.019531 0.0 0.0 0.0 0.0 0.0 0.0 0.0 0.0 0.0 0.0 0.0 0.0 0.0 0.0 0.0
0 0.562012 0.67513 0.014648 0.019531 0.0 0.0 0.0 0.0 0.0 0.0 0.0 0.0 0.0 0.0 0.0 0.0 0.0 0.0 0.0
0 0.576172 0.703776 0.017578 0.019531 0.0 0.0 0.0 0.0 0.0 0.0 0.0 0.0 0.0 0.0 0.0 0.0 0.0 0.0 0.0
0 0.584473 0.621745 0.010742 0.019531 0.0 0.0 0.0 0.0 0.0 0.0 0.0 0.0 0.0 0.0 0.0 0.0 0.0 0.0 0.0
0 0.596191 0.619141 0.012695 0.019531 0.0 0.0 0.0 0.0 0.0 0.0 0.0 0.0 0.0 0.0 0.0 0.0 0.0 0.0 0.0
0 0.594727 0.57487 0.009766 0.014323 0.0 0.0 0.0 0.0 0.0 0.0 0.0 0.0 0.0 0.0 0.0 0.0 0.0 0.0 0.0
0 0.60791 0.592448 0.008789 0.018229 0.0 0.0 0.0 0.0 0.0 0.0 0.0 0.0 0.0 0.0 0.0 0.0 0.0 0.0 0.0
0 0.625977 0.594401 0.009766 0.014323 0.0 0.0 0.0 0.0 0.0 0.0 0.0 0.0 0.0 0.0 0.0 0.0 0.0 0.0 0.0
0 0.632812 0.614583 0.011719 0.020833 0.0 0.0 0.0 0.0 0.0 0.0 0.0 0.0 0.0 0.0 0.0 0.0 0.0 0.0 0.0
0 0.624023 0.647135 0.011719 0.020833 0.0 0.0 0.0 0.0 0.0 0.0 0.0 0.0 0.0 0.0 0.0 0.0 0.0 0.0 0.0
0 0.638184 0.640625 0.008789 0.015625 0.0 0.0 0.0 0.0 0.0 0.0 0.0 0.0 0.0 0.0 0.0 0.0 0.0 0.0 0.0
0 0.609375 0.676432 0.011719 0.019531 0.0 0.0 0.0 0.0 0.0 0.0 0.0 0.0 0.0 0.0 0.0 0.0 0.0 0.0 0.0
0 0.599609 0.703776 0.013672 0.022135 0.0 0.0 0.0 0.0 0.0 0.0 0.0 0.0 0.0 0.0 0.0 0.0 0.0 0.0 0.0
0 0.636719 0.692708 0.019531 0.028646 0.632394 0.689895 1.0 0.640098 0.689354 1.0 0.637665 0.695661 1.0 0.63334 0.698184 1.0 0.641179 0.697643 1.0
0 0.548828 0.567057 0.011719 0.014323 0.0 0.0 0.0 0.0 0.0 0.0 0.0 0.0 0.0 0.0 0.0 0.0 0.0 0.0 0.0
0 0.583496 0.73763 0.014648 0.029948 0.0 0.0 0.0 0.0 0.0 0.0 0.0 0.0 0.0 0.0 0.0 0.0 0.0 0.0 0.0
0 0.614258 0.73763 0.017578 0.035156 0.0 0.0 0.0 0.0 0.0 0.0 0.0 0.0 0.0 0.0 0.0 0.0 0.0 0.0 0.0
0 0.644043 0.740234 0.016602 0.027344 0.0 0.0 0.0 0.0 0.0 0.0 0.0 0.0 0.0 0.0 0.0 0.0 0.0 0.0 0.0
0 0.615723 0.789062 0.018555 0.026042 0.614615 0.784529 1.0 0.620501 0.784703 1.0 0.618146 0.78976 1.0 0.614354 0.79534 1.0 0.620632 0.79534 1.0
0 0.654785 0.796875 0.018555 0.028646 0.649837 0.796991 1.0 0.657318 0.793539 1.0 0.65142 0.800828 1.0 0.651275 0.809268 1.0 0.657462 0.80524 1.0
0 0.658203 0.824219 0.017578 0.03125 0.0 0.0 0.0 0.0 0.0 0.0 0.0 0.0 0.0 0.0 0.0 0.0 0.0 0.0 0.0
0 0.674316 0.880859 0.024414 0.042969 0.0 0.0 0.0 0.0 0.0 0.0 0.0 0.0 0.0 0.0 0.0 0.0 0.0 0.0 0.0
0 0.68457 0.82487 0.021484 0.042969 0.680063 0.821865 1.0 0.692151 0.822411 1.0 0.6858 0.831154 1.0 0.681701 0.839077 1.0 0.689283 0.839077 1.0
0 0.617188 0.9375 0.019531 0.039062 0.608524 0.9316 1.0 0.62146 0.93135 1.0 0.614523 0.942098 1.0 0.610587 0.951596 1.0 0.618836 0.951596 1.0
0 0.694336 0.921224 0.021484 0.032552 0.689767 0.912831 1.0 0.698556 0.913458 1.0 0.69526 0.922875 1.0 0.690552 0.931874 1.0 0.697929 0.93271 1.0
0 0.683105 0.972656 0.026367 0.039062 0.678755 0.965507 1.0 0.691314 0.966007 1.0 0.685878 0.974005 1.0 0.680629 0.980254 1.0 0.68944 0.980254 1.0
0 0.654297 0.572266 0.009766 0.016927 0.0 0.0 0.0 0.0 0.0 0.0 0.0 0.0 0.0 0.0 0.0 0.0 0.0 0.0 0.0
0 0.672363 0.604818 0.012695 0.016927 0.0 0.0 0.0 0.0 0.0 0.0 0.0 0.0 0.0 0.0 0.0 0.0 0.0 0.0 0.0
0 0.6875 0.626302 0.011719 0.018229 0.0 0.0 0.0 0.0 0.0 0.0 0.0 0.0 0.0 0.0 0.0 0.0 0.0 0.0 0.0
0 0.694824 0.602865 0.010742 0.018229 0.0 0.0 0.0 0.0 0.0 0.0 0.0 0.0 0.0 0.0 0.0 0.0 0.0 0.0 0.0
0 0.688477 0.5625 0.009766 0.015625 0.0 0.0 0.0 0.0 0.0 0.0 0.0 0.0 0.0 0.0 0.0 0.0 0.0 0.0 0.0
0 0.714844 0.580729 0.011719 0.015625 0.0 0.0 0.0 0.0 0.0 0.0 0.0 0.0 0.0 0.0 0.0 0.0 0.0 0.0 0.0
0 0.717773 0.626302 0.011719 0.023438 0.715358 0.621674 1.0 0.722046 0.623035 1.0 0.718985 0.625906 1.0 0.714225 0.629383 1.0 0.720346 0.630592 1.0
0 0.72998 0.614583 0.010742 0.020833 0.0 0.0 0.0 0.0 0.0 0.0 0.0 0.0 0.0 0.0 0.0 0.0 0.0 0.0 0.0
0 0.683105 0.662109 0.014648 0.022135 0.0 0.0 0.0 0.0 0.0 0.0 0.0 0.0 0.0 0.0 0.0 0.0 0.0 0.0 0.0
0 0.647461 0.677734 0.011719 0.022135 0.0 0.0 0.0 0.0 0.0 0.0 0.0 0.0 0.0 0.0 0.0 0.0 0.0 0.0 0.0
0 0.69043 0.681641 0.017578 0.027344 0.687967 0.680018 1.0 0.695129 0.678577 1.0 0.692291 0.684704 1.0 0.690129 0.688849 1.0 0.695535 0.687948 1.0
0 0.70752 0.64974 0.014648 0.023438 0.0 0.0 0.0 0.0 0.0 0.0 0.0 0.0 0.0 0.0 0.0 0.0 0.0 0.0 0.0
0 0.725586 0.658854 0.011719 0.026042 0.724121 0.657227 1.0 0.732178 0.657389 1.0 0.728516 0.662272 1.0 0.724243 0.666016 1.0 0.730713 0.666016 1.0
0 0.741699 0.639974 0.010742 0.019531 0.0 0.0 0.0 0.0 0.0 0.0 0.0 0.0 0.0 0.0 0.0 0.0 0.0 0.0 0.0
0 0.748047 0.656901 0.013672 0.022135 0.743024 0.654285 1.0 0.749372 0.653983 1.0 0.745632 0.660029 1.0 0.743932 0.663656 1.0 0.748352 0.663656 1.0
0 0.745117 0.684245 0.013672 0.029948 0.742184 0.685204 1.0 0.749952 0.684245 1.0 0.745349 0.69 1.0 0.744197 0.694796 1.0 0.748226 0.69422 1.0
0 0.665039 0.726562 0.017578 0.03125 0.0 0.0 0.0 0.0 0.0 0.0 0.0 0.0 0.0 0.0 0.0 0.0 0.0 0.0 0.0
0 0.70166 0.723307 0.014648 0.029948 0.0 0.0 0.0 0.0 0.0 0.0 0.0 0.0 0.0 0.0 0.0 0.0 0.0 0.0 0.0
0 0.734863 0.718099 0.016602 0.022135 0.730722 0.714176 1.0 0.73846 0.712141 1.0 0.734863 0.718389 1.0 0.732684 0.722895 1.0 0.737915 0.722314 1.0
0 0.762695 0.727865 0.017578 0.026042 0.75565 0.722661 1.0 0.761466 0.720977 1.0 0.759443 0.726708 1.0 0.7578 0.732271 1.0 0.762856 0.730922 1.0
0 0.712402 0.79362 0.016602 0.029948 0.0 0.0 0.0 0.0 0.0 0.0 0.0 0.0 0.0 0.0 0.0 0.0 0.0 0.0 0.0
0 0.775879 0.767578 0.020508 0.03776 0.772661 0.761858 1.0 0.781956 0.762573 1.0 0.777487 0.769723 1.0 0.773734 0.776396 1.0 0.779812 0.776872 1.0
0 0.754395 0.815104 0.020508 0.044271 0.748116 0.809337 1.0 0.757952 0.808221 1.0 0.753558 0.819383 1.0 0.750837 0.824962 1.0 0.759626 0.823846 1.0
0 0.726074 0.856771 0.024414 0.039062 0.718649 0.85462 1.0 0.727273 0.851621 1.0 0.723148 0.864368 1.0 0.725023 0.870117 1.0 0.730272 0.867367 1.0
0 0.66748 0.555339 0.006836 0.011719 0.0 0.0 0.0 0.0 0.0 0.0 0.0 0.0 0.0 0.0 0.0 0.0 0.0 0.0 0.0
0 0.645508 0.544922 0.007812 0.011719 0.0 0.0 0.0 0.0 0.0 0.0 0.0 0.0 0.0 0.0 0.0 0.0 0.0 0.0 0.0
0 0.825195 0.503255 0.007812 0.011719 0.0 0.0 0.0 0.0 0.0 0.0 0.0 0.0 0.0 0.0 0.0 0.0 0.0 0.0 0.0
0 0.839844 0.507161 0.005859 0.011719 0.0 0.0 0.0 0.0 0.0 0.0 0.0 0.0 0.0 0.0 0.0 0.0 0.0 0.0 0.0
0 0.858887 0.511719 0.006836 0.013021 0.0 0.0 0.0 0.0 0.0 0.0 0.0 0.0 0.0 0.0 0.0 0.0 0.0 0.0 0.0
0 0.767578 0.554036 0.007812 0.014323 0.0 0.0 0.0 0.0 0.0 0.0 0.0 0.0 0.0 0.0 0.0 0.0 0.0 0.0 0.0
0 0.759766 0.592448 0.011719 0.018229 0.759277 0.58899 1.0 0.762481 0.591309 1.0 0.759918 0.593505 1.0 0.758087 0.595826 1.0 0.760284 0.597046 1.0
0 0.773926 0.544271 0.008789 0.013021 0.0 0.0 0.0 0.0 0.0 0.0 0.0 0.0 0.0 0.0 0.0 0.0 0.0 0.0 0.0
0 0.796875 0.533203 0.007812 0.011719 0.0 0.0 0.0 0.0 0.0 0.0 0.0 0.0 0.0 0.0 0.0 0.0 0.0 0.0 0.0
0 0.78125 0.597656 0.009766 0.015625 0.0 0.0 0.0 0.0 0.0 0.0 0.0 0.0 0.0 0.0 0.0 0.0 0.0 0.0 0.0
0 0.803711 0.591146 0.011719 0.018229 0.0 0.0 0.0 0.0 0.0 0.0 0.0 0.0 0.0 0.0 0.0 0.0 0.0 0.0 0.0
0 0.757324 0.644531 0.012695 0.020833 0.0 0.0 0.0 0.0 0.0 0.0 0.0 0.0 0.0 0.0 0.0 0.0 0.0 0.0 0.0
0 0.774902 0.644531 0.012695 0.023438 0.0 0.0 0.0 0.0 0.0 0.0 0.0 0.0 0.0 0.0 0.0 0.0 0.0 0.0 0.0
0 0.82666 0.578125 0.010742 0.020833 0.0 0.0 0.0 0.0 0.0 0.0 0.0 0.0 0.0 0.0 0.0 0.0 0.0 0.0 0.0
0 0.853516 0.585286 0.013672 0.022135 0.0 0.0 0.0 0.0 0.0 0.0 0.0 0.0 0.0 0.0 0.0 0.0 0.0 0.0 0.0
0 0.808594 0.653646 0.011719 0.023438 0.807085 0.649926 1.0 0.812072 0.650832 1.0 0.809466 0.655366 1.0 0.806745 0.657785 1.0 0.810259 0.659901 1.0
0 0.857422 0.65625 0.015625 0.026042 0.0 0.0 0.0 0.0 0.0 0.0 0.0 0.0 0.0 0.0 0.0 0.0 0.0 0.0 0.0
0 0.88623 0.634115 0.012695 0.020833 0.0 0.0 0.0 0.0 0.0 0.0 0.0 0.0 0.0 0.0 0.0 0.0 0.0 0.0 0.0
0 0.823242 0.690755 0.015625 0.02474 0.0 0.0 0.0 0.0 0.0 0.0 0.0 0.0 0.0 0.0 0.0 0.0 0.0 0.0 0.0
0 0.866211 0.69987 0.013672 0.02474 0.861947 0.696161 1.0 0.866752 0.695992 1.0 0.864223 0.701219 1.0 0.863212 0.707961 1.0 0.86789 0.707793 1.0
0 0.816895 0.730469 0.022461 0.033854 0.810765 0.727022 1.0 0.821089 0.725516 1.0 0.816572 0.733474 1.0 0.81383 0.740357 1.0 0.820604 0.739066 1.0
0 0.803223 0.817708 0.018555 0.03125 0.796601 0.814005 1.0 0.803619 0.814208 1.0 0.800263 0.822346 1.0 0.797363 0.828654 1.0 0.804535 0.82662 1.0
0 0.811035 0.85612 0.024414 0.03776 0.0 0.0 0.0 0.0 0.0 0.0 0.0 0.0 0.0 0.0 0.0 0.0 0.0 0.0 0.0
0 0.852051 0.829427 0.020508 0.039062 0.0 0.0 0.0 0.0 0.0 0.0 0.0 0.0 0.0 0.0 0.0 0.0 0.0 0.0 0.0
0 0.902344 0.852865 0.023438 0.044271 0.896345 0.845982 1.0 0.907227 0.845703 1.0 0.902623 0.854353 1.0 0.898019 0.861049 1.0 0.906599 0.86077 1.0
0 0.868164 0.889323 0.029297 0.033854 0.861489 0.886922 1.0 0.873487 0.886422 1.0 0.867113 0.894921 1.0 0.863552 0.903169 1.0 0.873862 0.902169 1.0
0 0.80127 0.88151 0.024414 0.039062 0.797294 0.874611 1.0 0.808729 0.879609 1.0 0.80273 0.883109 1.0 0.795419 0.887608 1.0 0.804979 0.893107 1.0
0 0.825684 0.981771 0.036133 0.036458 0.0 0.0 0.0 0.0 0.0 0.0 0.0 0.0 0.0 0.0 0.0 0.0 0.0 0.0 0.0
0 0.748535 0.978516 0.02832 0.040365 0.73656 0.972941 1.0 0.75068 0.969842 1.0 0.744424 0.981759 1.0 0.741922 0.989385 1.0 0.752468 0.987003 1.0
0 0.759766 0.938802 0.023438 0.052083 0.754556 0.93053 1.0 0.765987 0.929536 1.0 0.762011 0.937488 1.0 0.759029 0.948422 1.0 0.765738 0.948091 1.0
0 0.825195 0.931641 0.027344 0.040365 0.814013 0.926147 1.0 0.828727 0.923009 1.0 0.819898 0.932164 1.0 0.818329 0.943673 1.0 0.828923 0.940796 1.0
0 0.861816 0.952474 0.026367 0.042969 0.857562 0.942616 1.0 0.870536 0.944569 1.0 0.863421 0.954055 1.0 0.857143 0.961589 1.0 0.865514 0.963542 1.0
0 0.845703 0.559896 0.007812 0.018229 0.0 0.0 0.0 0.0 0.0 0.0 0.0 0.0 0.0 0.0 0.0 0.0 0.0 0.0 0.0
0 0.869141 0.551432 0.007812 0.016927 0.0 0.0 0.0 0.0 0.0 0.0 0.0 0.0 0.0 0.0 0.0 0.0 0.0 0.0 0.0
0 0.890625 0.520833 0.005859 0.013021 0.0 0.0 0.0 0.0 0.0 0.0 0.0 0.0 0.0 0.0 0.0 0.0 0.0 0.0 0.0
0 0.901367 0.539714 0.007812 0.014323 0.0 0.0 0.0 0.0 0.0 0.0 0.0 0.0 0.0 0.0 0.0 0.0 0.0 0.0 0.0
0 0.919922 0.535807 0.007812 0.011719 0.0 0.0 0.0 0.0 0.0 0.0 0.0 0.0 0.0 0.0 0.0 0.0 0.0 0.0 0.0
0 0.923828 0.623047 0.013672 0.027344 0.921426 0.620396 1.0 0.927494 0.620565 1.0 0.924207 0.626128 1.0 0.920288 0.632702 1.0 0.926862 0.632871 1.0
0 0.944336 0.634766 0.015625 0.022135 0.0 0.0 0.0 0.0 0.0 0.0 0.0 0.0 0.0 0.0 0.0 0.0 0.0 0.0 0.0
0 0.95752 0.625 0.010742 0.023438 0.0 0.0 0.0 0.0 0.0 0.0 0.0 0.0 0.0 0.0 0.0 0.0 0.0 0.0 0.0
0 0.938477 0.563151 0.007812 0.014323 0.0 0.0 0.0 0.0 0.0 0.0 0.0 0.0 0.0 0.0 0.0 0.0 0.0 0.0 0.0
0 0.95166 0.53776 0.008789 0.013021 0.0 0.0 0.0 0.0 0.0 0.0 0.0 0.0 0.0 0.0 0.0 0.0 0.0 0.0 0.0
0 0.958496 0.529948 0.008789 0.018229 0.0 0.0 0.0 0.0 0.0 0.0 0.0 0.0 0.0 0.0 0.0 0.0 0.0 0.0 0.0
0 0.95459 0.676432 0.012695 0.022135 0.950814 0.675026 1.0 0.955802 0.67427 1.0 0.953081 0.678956 1.0 0.952628 0.682733 1.0 0.956028 0.682431 1.0
0 0.941895 0.701172 0.016602 0.029948 0.0 0.0 0.0 0.0 0.0 0.0 0.0 0.0 0.0 0.0 0.0 0.0 0.0 0.0 0.0
0 0.919434 0.695312 0.014648 0.026042 0.0 0.0 0.0 0.0 0.0 0.0 0.0 0.0 0.0 0.0 0.0 0.0 0.0 0.0 0.0
0 0.92041 0.744792 0.018555 0.028646 0.0 0.0 0.0 0.0 0.0 0.0 0.0 0.0 0.0 0.0 0.0 0.0 0.0 0.0 0.0
0 0.922852 0.797526 0.019531 0.03776 0.916199 0.795492 1.0 0.925721 0.795003 1.0 0.919861 0.802328 1.0 0.917297 0.809408 1.0 0.923706 0.809896 1.0
0 0.93457 0.907552 0.03125 0.052083 0.927878 0.901268 1.0 0.941794 0.902924 1.0 0.934339 0.911208 1.0 0.928127 0.920155 1.0 0.938813 0.922474 1.0
0 0.959961 0.882161 0.027344 0.048177 0.0 0.0 0.0 0.0 0.0 0.0 0.0 0.0 0.0 0.0 0.0 0.0 0.0 0.0 0.0
0 0.912109 0.582682 0.013672 0.022135 0.0 0.0 0.0 0.0 0.0 0.0 0.0 0.0 0.0 0.0 0.0 0.0 0.0 0.0 0.0
0 0.913574 0.603516 0.012695 0.022135 0.0 0.0 0.0 0.0 0.0 0.0 0.0 0.0 0.0 0.0 0.0 0.0 0.0 0.0 0.0
0 0.978027 0.97526 0.032227 0.049479 0.0 0.0 0.0 0.0 0.0 0.0 0.0 0.0 0.0 0.0 0.0 0.0 0.0 0.0 0.0
0 0.924805 0.972005 0.033203 0.045573 0.0 0.0 0.0 0.0 0.0 0.0 0.0 0.0 0.0 0.0 0.0 0.0 0.0 0.0 0.0
0 0.873047 0.771484 0.019531 0.032552 0.0 0.0 0.0 0.0 0.0 0.0 0.0 0.0 0.0 0.0 0.0 0.0 0.0 0.0 0.0
0 0.886719 0.658854 0.015625 0.028646 0.0 0.0 0.0 0.0 0.0 0.0 0.0 0.0 0.0 0.0 0.0 0.0 0.0 0.0 0.0
0 0.569336 0.773438 0.009766 0.026042 0.0 0.0 0.0 0.0 0.0 0.0 0.0 0.0 0.0 0.0 0.0 0.0 0.0 0.0 0.0
0 0.68457 0.772135 0.019531 0.026042 0.0 0.0 0.0 0.0 0.0 0.0 0.0 0.0 0.0 0.0 0.0 0.0 0.0 0.0 0.0
0 0.291504 0.572917 0.006836 0.010417 0.0 0.0 0.0 0.0 0.0 0.0 0.0 0.0 0.0 0.0 0.0 0.0 0.0 0.0 0.0
0 0.160156 0.798828 0.017578 0.029948 0.0 0.0 0.0 0.0 0.0 0.0 0.0 0.0 0.0 0.0 0.0 0.0 0.0 0.0 0.0
0 0.169434 0.861328 0.014648 0.022135 0.0 0.0 0.0 0.0 0.0 0.0 0.0 0.0 0.0 0.0 0.0 0.0 0.0 0.0 0.0
0 0.275391 0.60026 0.013672 0.018229 0.0 0.0 0.0 0.0 0.0 0.0 0.0 0.0 0.0 0.0 0.0 0.0 0.0 0.0 0.0
0 0.986328 0.582031 0.013672 0.023438 0.0 0.0 0.0 0.0 0.0 0.0 0.0 0.0 0.0 0.0 0.0 0.0 0.0 0.0 0.0
0 0.01123 0.654948 0.010742 0.020833 0.009051 0.653495 1.0 0.011056 0.653495 1.0 0.00885 0.659109 1.0 0.011056 0.66165 1.0 0.011858 0.66165 1.0
0 0.009277 0.593099 0.008789 0.014323 0.0 0.0 0.0 0.0 0.0 0.0 0.0 0.0 0.0 0.0 0.0 0.0 0.0 0.0 0.0