0 0.683105 0.934846 0.063477 0.124451 0.676666 0.931369 1.0 0.701386 0.919701 1.0 0.697724 0.949899 1.0 0.680328 0.977351 1.0 0.696808 0.972548 1.0
0 0.514648 0.91142 0.046875 0.095168 0.508057 0.903471 1.0 0.526908 0.892047 1.0 0.528913 0.91129 1.0 0.519287 0.938952 1.0 0.53493 0.926324 1.0
0 0.036133 0.768668 0.042969 0.073206 0.024048 0.76217 1.0 0.046021 0.76217 1.0 0.032898 0.772237 1.0 0.026184 0.78459 1.0 0.041138 0.78459 1.0
0 0.044434 0.672035 0.02832 0.058565 0.035854 0.66716 1.0 0.049003 0.669433 1.0 0.040152 0.677395 1.0 0.035348 0.685356 1.0 0.045463 0.686493 1.0
0 0.067383 0.679356 0.019531 0.026354 0.0 0.0 0.0 0.0 0.0 0.0 0.0 0.0 0.0 0.0 0.0 0.0 0.0 0.0 0.0
0 0.070801 0.622987 0.016602 0.030747 0.069885 0.62049 1.0 0.077079 0.618138 1.0 0.077602 0.625392 1.0 0.075248 0.635392 1.0 0.078256 0.634804 1.0
0 0.04248 0.622987 0.012695 0.021962 0.0 0.0 0.0 0.0 0.0 0.0 0.0 0.0 0.0 0.0 0.0 0.0 0.0 0.0 0.0
0 0.081055 0.617862 0.009766 0.01757 0.0 0.0 0.0 0.0 0.0 0.0 0.0 0.0 0.0 0.0 0.0 0.0 0.0 0.0 0.0
0 0.105957 0.615666 0.008789 0.013177 0.0 0.0 0.0 0.0 0.0 0.0 0.0 0.0 0.0 0.0 0.0 0.0 0.0 0.0 0.0
0 0.125 0.654466 0.013672 0.023426 0.0 0.0 0.0 0.0 0.0 0.0 0.0 0.0 0.0 0.0 0.0 0.0 0.0 0.0 0.0
0 0.106934 0.661054 0.010742 0.02489 0.0 0.0 0.0 0.0 0.0 0.0 0.0 0.0 0.0 0.0 0.0 0.0 0.0 0.0 0.0
0 0.128418 0.710102 0.030273 0.055637 0.121936 0.707572 1.0 0.133685 0.706495 1.0 0.128649 0.712965 1.0 0.121456 0.72375 1.0 0.134644 0.722672 1.0
0 0.162598 0.686676 0.040039 0.06735 0.149074 0.675324 1.0 0.16466 0.671924 1.0 0.154741 0.685095 1.0 0.151908 0.702939 1.0 0.161543 0.700389 1.0
0 0.146973 0.642753 0.020508 0.029283 0.0 0.0 0.0 0.0 0.0 0.0 0.0 0.0 0.0 0.0 0.0 0.0 0.0 0.0 0.0
0 0.127441 0.614202 0.008789 0.013177 0.0 0.0 0.0 0.0 0.0 0.0 0.0 0.0 0.0 0.0 0.0 0.0 0.0 0.0 0.0
0 0.148438 0.620791 0.007812 0.011713 0.0 0.0 0.0 0.0 0.0 0.0 0.0 0.0 0.0 0.0 0.0 0.0 0.0 0.0 0.0
0 0.168945 0.6347 0.007812 0.013177 0.168823 0.63653 1.0 0.173889 0.637628 1.0 0.171203 0.641745 1.0 0.169312 0.643485 1.0 0.171875 0.64376 1.0
0 0.203125 0.692533 0.021484 0.035139 0.0 0.0 0.0 0.0 0.0 0.0 0.0 0.0 0.0 0.0 0.0 0.0 0.0 0.0 0.0
0 0.201172 0.653001 0.015625 0.026354 0.0 0.0 0.0 0.0 0.0 0.0 0.0 0.0 0.0 0.0 0.0 0.0 0.0 0.0 0.0
0 0.214844 0.858712 0.054688 0.095168 0.200165 0.847163 1.0 0.222465 0.838044 1.0 0.209896 0.862966 1.0 0.205436 0.879987 1.0 0.227735 0.871477 1.0
0 0.321777 0.789898 0.03418 0.057101 0.319602 0.778728 1.0 0.333749 0.777288 1.0 0.328714 0.79059 1.0 0.32128 0.802454 1.0 0.331111 0.802094 1.0
0 0.286133 0.713763 0.03125 0.054173 0.282179 0.70537 1.0 0.29558 0.70537 1.0 0.289804 0.714031 1.0 0.281717 0.725463 1.0 0.29327 0.725463 1.0
0 0.340332 0.710835 0.024414 0.048316 0.338728 0.704089 1.0 0.348955 0.704389 1.0 0.344343 0.714914 1.0 0.338728 0.723332 1.0 0.346549 0.723633 1.0
0 0.307129 0.678624 0.016602 0.027818 0.302521 0.66816 1.0 0.309112 0.670101 1.0 0.304521 0.674865 1.0 0.302874 0.684042 1.0 0.306641 0.684748 1.0
0 0.270508 0.653001 0.017578 0.035139 0.0 0.0 0.0 0.0 0.0 0.0 0.0 0.0 0.0 0.0 0.0 0.0 0.0 0.0 0.0
0 0.294922 0.658126 0.017578 0.027818 0.293609 0.65472 1.0 0.299142 0.653837 1.0 0.297141 0.660192 1.0 0.295493 0.665133 1.0 0.298789 0.664603 1.0
0 0.371582 0.663982 0.016602 0.036603 0.372925 0.656113 1.0 0.37323 0.656113 1.0 0.376281 0.662975 1.0 0.373993 0.671212 1.0 0.374146 0.671212 1.0
0 0.385254 0.660322 0.012695 0.023426 0.0 0.0 0.0 0.0 0.0 0.0 0.0 0.0 0.0 0.0 0.0 0.0 0.0 0.0 0.0
0 0.272461 0.61713 0.007812 0.013177 0.0 0.0 0.0 0.0 0.0 0.0 0.0 0.0 0.0 0.0 0.0 0.0 0.0 0.0 0.0
0 0.29834 0.614202 0.004883 0.010249 0.0 0.0 0.0 0.0 0.0 0.0 0.0 0.0 0.0 0.0 0.0 0.0 0.0 0.0 0.0
0 0.449219 0.741581 0.035156 0.074671 0.455636 0.732378 1.0 0.459403 0.730025 1.0 0.464739 0.744143 1.0 0.455009 0.759673 1.0 0.459089 0.757321 1.0
0 0.415527 0.672035 0.018555 0.038067 0.0 0.0 0.0 0.0 0.0 0.0 0.0 0.0 0.0 0.0 0.0 0.0 0.0 0.0 0.0
0 0.385742 0.622987 0.005859 0.010249 0.0 0.0 0.0 0.0 0.0 0.0 0.0 0.0 0.0 0.0 0.0 0.0 0.0 0.0 0.0
0 0.337402 0.622987 0.008789 0.013177 0.0 0.0 0.0 0.0 0.0 0.0 0.0 0.0 0.0 0.0 0.0 0.0 0.0 0.0 0.0
0 0.345703 0.618594 0.005859 0.010249 0.0 0.0 0.0 0.0 0.0 0.0 0.0 0.0 0.0 0.0 0.0 0.0 0.0 0.0 0.0
0 0.429199 0.800878 0.016602 0.046852 0.0 0.0 0.0 0.0 0.0 0.0 0.0 0.0 0.0 0.0 0.0 0.0 0.0 0.0 0.0
0 0.540527 0.785505 0.03418 0.048316 0.531319 0.77472 1.0 0.54854 0.771126 1.0 0.541564 0.782564 1.0 0.536333 0.797271 1.0 0.548322 0.795309 1.0
0 0.509766 0.740849 0.03125 0.04978 0.505022 0.728091 1.0 0.520508 0.727149 1.0 0.513812 0.735621 1.0 0.509835 0.746602 1.0 0.518624 0.745346 1.0
0 0.527344 0.704246 0.017578 0.032211 0.0 0.0 0.0 0.0 0.0 0.0 0.0 0.0 0.0 0.0 0.0 0.0 0.0 0.0 0.0
0 0.558594 0.731332 0.021484 0.036603 0.0 0.0 0.0 0.0 0.0 0.0 0.0 0.0 0.0 0.0 0.0 0.0 0.0 0.0 0.0
0 0.545898 0.653001 0.009766 0.020498 0.545235 0.650779 1.0 0.550118 0.650779 1.0 0.548811 0.655224 1.0 0.546021 0.656924 1.0 0.549857 0.657184 1.0
0 0.560547 0.631772 0.007812 0.013177 0.0 0.0 0.0 0.0 0.0 0.0 0.0 0.0 0.0 0.0 0.0 0.0 0.0 0.0 0.0
0 0.474121 0.647877 0.010742 0.021962 0.0 0.0 0.0 0.0 0.0 0.0 0.0 0.0 0.0 0.0 0.0 0.0 0.0 0.0 0.0
0 0.611816 0.690337 0.016602 0.036603 0.0 0.0 0.0 0.0 0.0 0.0 0.0 0.0 0.0 0.0 0.0 0.0 0.0 0.0 0.0
0 0.635742 0.74817 0.027344 0.058565 0.627197 0.737189 1.0 0.640381 0.738653 1.0 0.63208 0.74634 1.0 0.625732 0.761713 1.0 0.638184 0.762445 1.0
0 0.596191 0.75183 0.022461 0.045388 0.0 0.0 0.0 0.0 0.0 0.0 0.0 0.0 0.0 0.0 0.0 0.0 0.0 0.0 0.0
0 0.670898 0.751098 0.017578 0.046852 0.0 0.0 0.0 0.0 0.0 0.0 0.0 0.0 0.0 0.0 0.0 0.0 0.0 0.0 0.0
0 0.680664 0.677892 0.011719 0.029283 0.679562 0.673937 1.0 0.682849 0.673937 1.0 0.682722 0.678865 1.0 0.679562 0.683605 1.0 0.683354 0.682467 1.0
0 0.75 0.789165 0.023438 0.043924 0.0 0.0 0.0 0.0 0.0 0.0 0.0 0.0 0.0 0.0 0.0 0.0 0.0 0.0 0.0
0 0.695312 0.860176 0.025391 0.045388 0.0 0.0 0.0 0.0 0.0 0.0 0.0 0.0 0.0 0.0 0.0 0.0 0.0 0.0 0.0
0 0.726074 0.719619 0.022461 0.033675 0.728263 0.713795 1.0 0.730133 0.711638 1.0 0.733729 0.719404 1.0 0.731428 0.72911 1.0 0.733154 0.728032 1.0
0 0.794434 0.668375 0.016602 0.039531 0.0 0.0 0.0 0.0 0.0 0.0 0.0 0.0 0.0 0.0 0.0 0.0 0.0 0.0 0.0
0 0.750488 0.693265 0.016602 0.021962 0.0 0.0 0.0 0.0 0.0 0.0 0.0 0.0 0.0 0.0 0.0 0.0 0.0 0.0 0.0
0 0.756836 0.644217 0.009766 0.01757 0.756112 0.6421 1.0 0.759722 0.6421 1.0 0.758231 0.646805 1.0 0.75674 0.649747 1.0 0.759408 0.649747 1.0
0 0.719238 0.639092 0.008789 0.016105 0.0 0.0 0.0 0.0 0.0 0.0 0.0 0.0 0.0 0.0 0.0 0.0 0.0 0.0 0.0
0 0.932129 0.896779 0.06543 0.080527 0.913199 0.888177 1.0 0.933689 0.894936 1.0 0.921806 0.909681 1.0 0.928771 0.912139 1.0 0.945984 0.912139 1.0
0 0.944824 0.640556 0.006836 0.010249 0.0 0.0 0.0 0.0 0.0 0.0 0.0 0.0 0.0 0.0 0.0 0.0 0.0 0.0 0.0
0 0.803223 0.732064 0.022461 0.040996 0.0 0.0 0.0 0.0 0.0 0.0 0.0 0.0 0.0 0.0 0.0 0.0 0.0 0.0 0.0
0 0.871094 0.762079 0.021484 0.039531 0.0 0.0 0.0 0.0 0.0 0.0 0.0 0.0 0.0 0.0 0.0 0.0 0.0 0.0 0.0
0 0.89502 0.742313 0.022461 0.038067 0.0 0.0 0.0 0.0 0.0 0.0 0.0 0.0 0.0 0.0 0.0 0.0 0.0 0.0 0.0
0 0.979004 0.771596 0.024414 0.052709 0.98274 0.759196 1.0 0.984297 0.75853 1.0 0.989855 0.768864 1.0 0.983185 0.779531 1.0 0.985186 0.779531 1.0
0 0.949219 0.721816 0.021484 0.035139 0.0 0.0 0.0 0.0 0.0 0.0 0.0 0.0 0.0 0.0 0.0 0.0 0.0 0.0 0.0
0 0.842285 0.702782 0.018555 0.035139 0.0 0.0 0.0 0.0 0.0 0.0 0.0 0.0 0.0 0.0 0.0 0.0 0.0 0.0 0.0
0 0.966309 0.633236 0.006836 0.010249 0.0 0.0 0.0 0.0 0.0 0.0 0.0 0.0 0.0 0.0 0.0 0.0 0.0 0.0 0.0
0 0.976562 0.628843 0.005859 0.010249 0.0 0.0 0.0 0.0 0.0 0.0 0.0 0.0 0.0 0.0 0.0 0.0 0.0 0.0 0.0