0 0.161133 0.149219 0.046875 0.092188 0.149414 0.136719 1.0 0.175415 0.138477 1.0 0.162231 0.156641 1.0 0.15271 0.168359 1.0 0.172485 0.169531 1.0
0 0.293457 0.152344 0.053711 0.092188 0.287902 0.13787 1.0 0.308166 0.16045 1.0 0.294416 0.167397 1.0 0.278856 0.161608 1.0 0.29514 0.180134 1.0
0 0.375 0.090625 0.042969 0.090625 0.370448 0.074762 1.0 0.388323 0.079911 1.0 0.380815 0.09707 1.0 0.366516 0.106222 1.0 0.384391 0.110798 1.0
0 0.468262 0.092969 0.041992 0.089063 0.454489 0.079973 1.0 0.474265 0.076583 1.0 0.464024 0.099748 1.0 0.459434 0.11218 1.0 0.476737 0.107094 1.0
0 0.569336 0.134375 0.044922 0.09375 0.557107 0.122328 1.0 0.578601 0.122328 1.0 0.567483 0.145452 1.0 0.558219 0.153753 1.0 0.577859 0.152567 1.0
0 0.675293 0.136719 0.045898 0.092188 0.6604 0.127734 1.0 0.682739 0.123633 1.0 0.671753 0.146484 1.0 0.664795 0.158203 1.0 0.683105 0.155273 1.0
0 0.784668 0.105469 0.045898 0.095312 0.770421 0.092689 1.0 0.791042 0.089091 1.0 0.778294 0.116086 1.0 0.773795 0.128683 1.0 0.790667 0.123284 1.0
0 0.883301 0.1 0.045898 0.1 0.86853 0.085253 1.0 0.88916 0.08335 1.0 0.874878 0.104931 1.0 0.870514 0.1208 1.0 0.887177 0.120166 1.0
0 0.633301 0.121094 0.014648 0.029687 0.62915 0.114844 1.0 0.634521 0.115039 1.0 0.630737 0.124219 1.0 0.630859 0.129688 1.0 0.635986 0.129688 1.0
0 0.333496 0.130469 0.018555 0.042188 0.328905 0.121833 1.0 0.336047 0.122377 1.0 0.329586 0.134891 1.0 0.328226 0.147677 1.0 0.335196 0.149037 1.0
0 0.088867 0.21875 0.011719 0.03125 0.086182 0.208984 1.0 0.090576 0.213672 1.0 0.08374 0.218359 1.0 0.084717 0.225781 1.0 0.088013 0.226562 1.0
0 0.105469 0.119531 0.017578 0.035937 0.098563 0.114733 1.0 0.101771 0.114733 1.0 0.097447 0.122767 1.0 0.100795 0.129911 1.0 0.103864 0.130134 1.0
0 0.116699 0.100781 0.014648 0.029687 0.0 0.0 0.0 0.0 0.0 0.0 0.0 0.0 0.0 0.0 0.0 0.0 0.0 0.0 0.0
0 0.080566 0.146875 0.010742 0.021875 0.0 0.0 0.0 0.0 0.0 0.0 0.0 0.0 0.0 0.0 0.0 0.0 0.0 0.0 0.0
0 0.046875 0.117969 0.017578 0.039062 0.048523 0.114209 1.0 0.054932 0.113233 1.0 0.054169 0.121778 1.0 0.049438 0.128125 1.0 0.054321 0.128858 1.0
0 0.041992 0.132812 0.011719 0.0375 0.0 0.0 0.0 0.0 0.0 0.0 0.0 0.0 0.0 0.0 0.0 0.0 0.0 0.0 0.0
0 0.019043 0.147656 0.024414 0.042188 0.011924 0.141197 1.0 0.020595 0.138205 1.0 0.014304 0.152078 1.0 0.017364 0.157519 1.0 0.023315 0.155888 1.0
0 0.536133 0.116406 0.017578 0.032813 0.0 0.0 0.0 0.0 0.0 0.0 0.0 0.0 0.0 0.0 0.0 0.0 0.0 0.0 0.0