0 0.008301 0.282227 0.014648 0.014974 0.0 0.0 0.0 0.0 0.0 0.0 0.0 0.0 0.0 0.0 0.0 0.0 0.0 0.0 0.0
0 0.040039 0.28776 0.013672 0.011719 0.03418 0.287109 1.0 0.042969 0.287109 1.0 0.038086 0.289714 1.0 0.036133 0.292318 1.0 0.041992 0.292318 1.0
0 0.069336 0.279297 0.023438 0.015625 0.05957 0.278646 1.0 0.06543 0.276693 1.0 0.064453 0.280599 1.0 0.063477 0.285807 1.0 0.069336 0.283854 1.0
0 0.102539 0.250326 0.023438 0.017578 0.095703 0.247396 1.0 0.108398 0.247396 1.0 0.102539 0.251302 1.0 0.098633 0.255208 1.0 0.107422 0.255208 1.0
0 0.103027 0.250326 0.024414 0.017578 0.0 0.0 0.0 0.0 0.0 0.0 0.0 0.0 0.0 0.0 0.0 0.0 0.0 0.0 0.0
0 0.162598 0.273763 0.020508 0.016276 0.161133 0.274089 1.0 0.167969 0.274089 1.0 0.164062 0.278646 1.0 0.163086 0.283203 1.0 0.167969 0.281901 1.0
0 0.220215 0.256185 0.024414 0.017578 0.214944 0.251793 1.0 0.223445 0.25168 1.0 0.219024 0.254514 1.0 0.215624 0.258481 1.0 0.222936 0.258481 1.0
0 0.249512 0.263021 0.022461 0.015625 0.246094 0.260417 1.0 0.254883 0.259766 1.0 0.250977 0.264974 1.0 0.24707 0.268229 1.0 0.254883 0.268229 1.0
0 0.294922 0.212565 0.029297 0.021484 0.294023 0.210958 1.0 0.305089 0.212324 1.0 0.299352 0.214919 1.0 0.293409 0.217105 1.0 0.301195 0.218061 1.0
0 0.353516 0.231771 0.021484 0.018229 0.347831 0.228632 1.0 0.358468 0.228516 1.0 0.353585 0.231887 1.0 0.349749 0.236421 1.0 0.358294 0.236421 1.0
0 0.395996 0.246094 0.020508 0.018229 0.394531 0.242188 1.0 0.40332 0.242839 1.0 0.398438 0.247396 1.0 0.393555 0.251302 1.0 0.402344 0.251953 1.0
0 0.429688 0.26888 0.021484 0.019531 0.425781 0.26888 1.0 0.435547 0.266927 1.0 0.433594 0.272135 1.0 0.429688 0.276693 1.0 0.435547 0.275391 1.0
0 0.472656 0.252604 0.019531 0.016927 0.468458 0.249913 1.0 0.47862 0.25002 1.0 0.472813 0.253892 1.0 0.469426 0.256688 1.0 0.476846 0.256903 1.0
0 0.513184 0.276367 0.020508 0.017578 0.508545 0.273501 1.0 0.517988 0.273943 1.0 0.511692 0.276925 1.0 0.508711 0.279908 1.0 0.515669 0.279797 1.0
0 0.546875 0.271484 0.019531 0.014323 0.546875 0.270833 1.0 0.555664 0.271484 1.0 0.550781 0.27474 1.0 0.546875 0.277344 1.0 0.553711 0.277995 1.0
0 0.594727 0.270833 0.021484 0.015625 0.590132 0.268956 1.0 0.59858 0.269055 1.0 0.593985 0.271921 1.0 0.59191 0.274984 1.0 0.595616 0.274984 1.0
0 0.627441 0.282878 0.020508 0.016276 0.62207 0.280599 1.0 0.630859 0.280599 1.0 0.626953 0.284505 1.0 0.623047 0.28776 1.0 0.630859 0.287109 1.0
0 0.691895 0.259766 0.020508 0.015625 0.694336 0.25651 1.0 0.703125 0.257161 1.0 0.699219 0.260417 1.0 0.694336 0.264974 1.0 0.702148 0.265625 1.0
0 0.21582 0.312174 0.025391 0.017578 0.207031 0.309896 1.0 0.21582 0.308594 1.0 0.210938 0.313151 1.0 0.208008 0.31901 1.0 0.214844 0.317708 1.0
0 0.111816 0.367839 0.032227 0.023438 0.118622 0.359657 1.0 0.125736 0.358768 1.0 0.125515 0.364697 1.0 0.117065 0.370181 1.0 0.117288 0.370181 1.0
0 0.159668 0.370768 0.03418 0.029297 0.150391 0.364583 1.0 0.167969 0.366536 1.0 0.157227 0.369792 1.0 0.152344 0.375651 1.0 0.164062 0.376302 1.0
0 0.13916 0.410807 0.049805 0.036458 0.130302 0.403832 1.0 0.150879 0.401507 1.0 0.142159 0.408482 1.0 0.13623 0.41848 1.0 0.15053 0.416155 1.0
0 0.268066 0.373047 0.040039 0.032552 0.261566 0.368388 1.0 0.279829 0.370038 1.0 0.269614 0.373134 1.0 0.260328 0.379944 1.0 0.275805 0.380563 1.0
0 0.274902 0.409831 0.030273 0.021484 0.267927 0.405738 1.0 0.282157 0.40546 1.0 0.275879 0.408249 1.0 0.271065 0.414807 1.0 0.28111 0.414946 1.0
0 0.449219 0.479492 0.169922 0.151693 0.411552 0.462007 1.0 0.49163 0.456287 1.0 0.46589 0.497279 1.0 0.417271 0.511579 1.0 0.50164 0.503952 1.0
0 0.640625 0.442057 0.210938 0.16276 0.0 0.0 0.0 0.0 0.0 0.0 0.0 0.0 0.0 0.0 0.0 0.0 0.0 0.0 0.0
0 0.816895 0.360352 0.016602 0.014974 0.814453 0.358073 1.0 0.823242 0.357422 1.0 0.821289 0.361328 1.0 0.81543 0.364583 1.0 0.822266 0.365234 1.0
0 0.839844 0.424479 0.025391 0.019531 0.837891 0.420573 1.0 0.850586 0.420573 1.0 0.84668 0.424479 1.0 0.84375 0.430339 1.0 0.851562 0.429036 1.0
0 0.876953 0.42806 0.029297 0.021484 0.870113 0.428092 1.0 0.883227 0.42495 1.0 0.87667 0.429322 1.0 0.87667 0.434649 1.0 0.884046 0.432736 1.0
0 0.928223 0.443359 0.040039 0.026042 0.0 0.0 0.0 0.0 0.0 0.0 0.0 0.0 0.0 0.0 0.0 0.0 0.0 0.0 0.0
0 0.975098 0.399414 0.030273 0.025391 0.973389 0.396322 1.0 0.984863 0.396484 1.0 0.97998 0.399577 1.0 0.973877 0.40332 1.0 0.983643 0.403483 1.0
0 0.858887 0.40332 0.026367 0.021484 0.862906 0.398844 1.0 0.869463 0.398981 1.0 0.870897 0.404035 1.0 0.86475 0.406904 1.0 0.867619 0.406904 1.0
0 0.874023 0.360026 0.023438 0.019531 0.871473 0.357826 1.0 0.880097 0.357451 1.0 0.876722 0.361326 1.0 0.87316 0.363575 1.0 0.880097 0.3632 1.0
0 0.947266 0.36849 0.023438 0.019531 0.942165 0.36554 1.0 0.951726 0.36554 1.0 0.945914 0.370663 1.0 0.941415 0.372663 1.0 0.951163 0.372913 1.0
0 0.77002 0.260417 0.020508 0.015625 0.766479 0.256124 1.0 0.776093 0.256022 1.0 0.772125 0.259277 1.0 0.76709 0.261922 1.0 0.776245 0.262227 1.0
0 0.729492 0.289388 0.015625 0.013672 0.0 0.0 0.0 0.0 0.0 0.0 0.0 0.0 0.0 0.0 0.0 0.0 0.0 0.0 0.0
0 0.807129 0.283854 0.018555 0.015625 0.801758 0.281901 1.0 0.813477 0.281901 1.0 0.80957 0.286458 1.0 0.805664 0.289714 1.0 0.813477 0.289714 1.0
0 0.88623 0.288737 0.018555 0.014974 0.883789 0.286458 1.0 0.894531 0.286458 1.0 0.890625 0.291667 1.0 0.885742 0.29362 1.0 0.893555 0.294922 1.0
0 0.941406 0.268555 0.023438 0.014974 0.94043 0.266276 1.0 0.951172 0.266276 1.0 0.944336 0.270833 1.0 0.94043 0.274089 1.0 0.947266 0.274089 1.0