0 0.21875 0.794203 0.027344 0.049275 0.220245 0.782699 1.0 0.225586 0.78048 1.0 0.232636 0.79221 1.0 0.223236 0.802355 1.0 0.226867 0.801404 1.0
0 0.15918 0.80942 0.007812 0.015942 0.0 0.0 0.0 0.0 0.0 0.0 0.0 0.0 0.0 0.0 0.0 0.0 0.0 0.0 0.0
0 0.249023 0.857971 0.005859 0.011594 0.0 0.0 0.0 0.0 0.0 0.0 0.0 0.0 0.0 0.0 0.0 0.0 0.0 0.0 0.0
0 0.270996 0.856522 0.004883 0.008696 0.0 0.0 0.0 0.0 0.0 0.0 0.0 0.0 0.0 0.0 0.0 0.0 0.0 0.0 0.0
0 0.287109 0.847826 0.005859 0.008696 0.0 0.0 0.0 0.0 0.0 0.0 0.0 0.0 0.0 0.0 0.0 0.0 0.0 0.0 0.0
0 0.41748 0.821014 0.006836 0.015942 0.0 0.0 0.0 0.0 0.0 0.0 0.0 0.0 0.0 0.0 0.0 0.0 0.0 0.0 0.0
0 0.339355 0.819565 0.004883 0.010145 0.0 0.0 0.0 0.0 0.0 0.0 0.0 0.0 0.0 0.0 0.0 0.0 0.0 0.0 0.0
0 0.595215 0.780435 0.016602 0.033333 0.595446 0.775951 1.0 0.60192 0.775738 1.0 0.599762 0.782784 1.0 0.595446 0.788548 1.0 0.600481 0.788335 1.0
0 0.884766 0.784783 0.039062 0.073913 0.892125 0.775207 1.0 0.901228 0.778001 1.0 0.902169 0.793375 1.0 0.884905 0.798965 1.0 0.888672 0.79943 1.0
0 0.958008 0.832609 0.013672 0.033333 0.0 0.0 0.0 0.0 0.0 0.0 0.0 0.0 0.0 0.0 0.0 0.0 0.0 0.0 0.0
0 0.98584 0.801449 0.018555 0.049275 0.0 0.0 0.0 0.0 0.0 0.0 0.0 0.0 0.0 0.0 0.0 0.0 0.0 0.0 0.0
0 0.484375 0.812319 0.003906 0.010145 0.0 0.0 0.0 0.0 0.0 0.0 0.0 0.0 0.0 0.0 0.0 0.0 0.0 0.0 0.0
0 0.450684 0.805797 0.004883 0.008696 0.0 0.0 0.0 0.0 0.0 0.0 0.0 0.0 0.0 0.0 0.0 0.0 0.0 0.0 0.0
0 0.467285 0.815217 0.004883 0.010145 0.0 0.0 0.0 0.0 0.0 0.0 0.0 0.0 0.0 0.0 0.0 0.0 0.0 0.0 0.0
0 0.426758 0.818116 0.003906 0.007246 0.0 0.0 0.0 0.0 0.0 0.0 0.0 0.0 0.0 0.0 0.0 0.0 0.0 0.0 0.0