0 0.983398 0.137476 0.03125 0.050869 0.977081 0.131726 1.0 0.999825 0.128217 1.0 0.982889 0.140023 1.0 0.982404 0.153105 1.0 0.99789 0.147362 1.0
0 0.915039 0.111719 0.044922 0.04443 0.0 0.0 0.0 0.0 0.0 0.0 0.0 0.0 0.0 0.0 0.0 0.0 0.0 0.0 0.0
0 0.822754 0.149066 0.061523 0.048294 0.0 0.0 0.0 0.0 0.0 0.0 0.0 0.0 0.0 0.0 0.0 0.0 0.0 0.0 0.0
0 0.825195 0.070509 0.046875 0.031552 0.812684 0.069221 1.0 0.820923 0.066202 1.0 0.814819 0.07727 1.0 0.83252 0.076666 1.0 0.83252 0.076666 1.0
0 0.759766 0.079845 0.0625 0.038635 0.754517 0.070891 1.0 0.775543 0.06749 1.0 0.767212 0.077169 1.0 0.761261 0.084755 1.0 0.778717 0.08057 1.0
0 0.793457 0.041211 0.036133 0.024469 0.780491 0.036789 1.0 0.79368 0.035525 1.0 0.786007 0.041533 1.0 0.782649 0.046276 1.0 0.790083 0.045485 1.0
0 0.829102 0.010625 0.035156 0.021249 0.821289 0.006439 1.0 0.838867 0.006439 1.0 0.829102 0.009015 1.0 0.822266 0.015454 1.0 0.833984 0.01481 1.0
0 0.619629 0.010625 0.036133 0.021249 0.611328 0.00322 1.0 0.625 0.00322 1.0 0.617188 0.003863 1.0 0.612305 0.010303 1.0 0.624023 0.009659 1.0
0 0.690918 0.13651 0.049805 0.038635 0.0 0.0 0.0 0.0 0.0 0.0 0.0 0.0 0.0 0.0 0.0 0.0 0.0 0.0 0.0
0 0.562988 0.092724 0.038086 0.027044 0.0 0.0 0.0 0.0 0.0 0.0 0.0 0.0 0.0 0.0 0.0 0.0 0.0 0.0 0.0
0 0.568359 0.152608 0.054688 0.046362 0.0 0.0 0.0 0.0 0.0 0.0 0.0 0.0 0.0 0.0 0.0 0.0 0.0 0.0 0.0
0 0.436523 0.119446 0.119141 0.095943 0.407366 0.103225 1.0 0.460214 0.09962 1.0 0.434701 0.121249 1.0 0.417389 0.139873 1.0 0.46477 0.134466 1.0
0 0.314941 0.117193 0.043945 0.033484 0.305664 0.111397 1.0 0.327148 0.113329 1.0 0.316406 0.119124 1.0 0.303711 0.127495 1.0 0.323242 0.128783 1.0
0 0.276367 0.175789 0.048828 0.046362 0.255424 0.167228 1.0 0.274545 0.167228 1.0 0.255424 0.175438 1.0 0.259426 0.185408 1.0 0.268764 0.184234 1.0
0 0.171875 0.160013 0.046875 0.041854 0.158783 0.156753 1.0 0.175842 0.153352 1.0 0.169494 0.164077 1.0 0.167511 0.173495 1.0 0.185363 0.167217 1.0
0 0.086914 0.258532 0.052734 0.030264 0.0 0.0 0.0 0.0 0.0 0.0 0.0 0.0 0.0 0.0 0.0 0.0 0.0 0.0 0.0