0 0.196289 0.658854 0.021484 0.078125 0.201612 0.648322 1.0 0.202354 0.648322 1.0 0.200871 0.661661 1.0 0.194571 0.681919 1.0 0.195683 0.682414 1.0
0 0.220703 0.644531 0.027344 0.078125 0.217133 0.645857 1.0 0.232696 0.638445 1.0 0.231585 0.653268 1.0 0.221579 0.668585 1.0 0.231585 0.662161 1.0
0 0.260742 0.636719 0.021484 0.039062 0.266602 0.637125 1.0 0.269165 0.636882 1.0 0.27008 0.643961 1.0 0.264588 0.650553 1.0 0.266785 0.650797 1.0
0 0.492676 0.594401 0.032227 0.045573 0.480251 0.585322 1.0 0.492676 0.584449 1.0 0.483521 0.596366 1.0 0.482866 0.603922 1.0 0.492021 0.603051 1.0
0 0.407715 0.549479 0.010742 0.018229 0.0 0.0 0.0 0.0 0.0 0.0 0.0 0.0 0.0 0.0 0.0 0.0 0.0 0.0 0.0
0 0.34082 0.544922 0.009766 0.016927 0.341335 0.543928 1.0 0.345062 0.544148 1.0 0.343654 0.548566 1.0 0.341583 0.551328 1.0 0.343488 0.551217 1.0
0 0.765625 0.78125 0.035156 0.059896 0.754007 0.764184 1.0 0.759107 0.767206 1.0 0.749189 0.781564 1.0 0.758257 0.791766 1.0 0.761941 0.793277 1.0
0 0.687012 0.465495 0.018555 0.035156 0.682783 0.46646 1.0 0.684483 0.46646 1.0 0.683633 0.474848 1.0 0.687714 0.477568 1.0 0.689074 0.477341 1.0
0 0.783203 0.558594 0.013672 0.018229 0.0 0.0 0.0 0.0 0.0 0.0 0.0 0.0 0.0 0.0 0.0 0.0 0.0 0.0 0.0
0 0.864746 0.382812 0.006836 0.010417 0.0 0.0 0.0 0.0 0.0 0.0 0.0 0.0 0.0 0.0 0.0 0.0 0.0 0.0 0.0
0 0.489746 0.495443 0.016602 0.022135 0.484532 0.492374 1.0 0.49292 0.491921 1.0 0.488953 0.499023 1.0 0.487252 0.503255 1.0 0.49292 0.502651 1.0
0 0.620117 0.524089 0.009766 0.016927 0.617053 0.521461 1.0 0.61697 0.521572 1.0 0.616887 0.525105 1.0 0.618378 0.527535 1.0 0.618295 0.527646 1.0
0 0.476074 0.390625 0.004883 0.007812 0.0 0.0 0.0 0.0 0.0 0.0 0.0 0.0 0.0 0.0 0.0 0.0 0.0 0.0 0.0
0 0.49707 0.411458 0.007812 0.013021 0.0 0.0 0.0 0.0 0.0 0.0 0.0 0.0 0.0 0.0 0.0 0.0 0.0 0.0 0.0
0 0.556641 0.38737 0.003906 0.00651 0.0 0.0 0.0 0.0 0.0 0.0 0.0 0.0 0.0 0.0 0.0 0.0 0.0 0.0 0.0
0 0.531738 0.442057 0.004883 0.009115 0.0 0.0 0.0 0.0 0.0 0.0 0.0 0.0 0.0 0.0 0.0 0.0 0.0 0.0 0.0
0 0.531738 0.386068 0.00293 0.00651 0.0 0.0 0.0 0.0 0.0 0.0 0.0 0.0 0.0 0.0 0.0 0.0 0.0 0.0 0.0
0 0.562988 0.513672 0.006836 0.014323 0.0 0.0 0.0 0.0 0.0 0.0 0.0 0.0 0.0 0.0 0.0 0.0 0.0 0.0 0.0
0 0.534668 0.458333 0.004883 0.007812 0.0 0.0 0.0 0.0 0.0 0.0 0.0 0.0 0.0 0.0 0.0 0.0 0.0 0.0 0.0
0 0.48584 0.449219 0.008789 0.013021 0.0 0.0 0.0 0.0 0.0 0.0 0.0 0.0 0.0 0.0 0.0 0.0 0.0 0.0 0.0
0 0.899902 0.371745 0.006836 0.009115 0.0 0.0 0.0 0.0 0.0 0.0 0.0 0.0 0.0 0.0 0.0 0.0 0.0 0.0 0.0
0 0.939453 0.382812 0.007812 0.013021 0.0 0.0 0.0 0.0 0.0 0.0 0.0 0.0 0.0 0.0 0.0 0.0 0.0 0.0 0.0
0 0.412109 0.440104 0.005859 0.013021 0.0 0.0 0.0 0.0 0.0 0.0 0.0 0.0 0.0 0.0 0.0 0.0 0.0 0.0 0.0
0 0.336426 0.496094 0.004883 0.007812 0.0 0.0 0.0 0.0 0.0 0.0 0.0 0.0 0.0 0.0 0.0 0.0 0.0 0.0 0.0
0 0.910645 0.375 0.006836 0.007812 0.0 0.0 0.0 0.0 0.0 0.0 0.0 0.0 0.0 0.0 0.0 0.0 0.0 0.0 0.0
0 0.491699 0.391927 0.004883 0.007812 0.0 0.0 0.0 0.0 0.0 0.0 0.0 0.0 0.0 0.0 0.0 0.0 0.0 0.0 0.0
0 0.513184 0.388021 0.004883 0.007812 0.0 0.0 0.0 0.0 0.0 0.0 0.0 0.0 0.0 0.0 0.0 0.0 0.0 0.0 0.0