0 0.193359 0.20638 0.023438 0.063802 0.194262 0.201568 1.0 0.196969 0.201568 1.0 0.202685 0.210792 1.0 0.199376 0.222423 1.0 0.202083 0.222022 1.0
0 0.304688 0.216797 0.013672 0.045573 0.307085 0.217599 1.0 0.309266 0.217599 1.0 0.307304 0.225737 1.0 0.30447 0.228934 1.0 0.305777 0.229806 1.0
0 0.547363 0.279297 0.024414 0.05599 0.537833 0.275751 1.0 0.538631 0.275751 1.0 0.534376 0.282842 1.0 0.540227 0.293126 1.0 0.54129 0.293126 1.0
0 0.601074 0.264974 0.006836 0.014323 0.0 0.0 0.0 0.0 0.0 0.0 0.0 0.0 0.0 0.0 0.0 0.0 0.0 0.0 0.0
0 0.612793 0.263672 0.006836 0.014323 0.0 0.0 0.0 0.0 0.0 0.0 0.0 0.0 0.0 0.0 0.0 0.0 0.0 0.0 0.0
0 0.623047 0.308594 0.021484 0.0625 0.614362 0.304246 1.0 0.616437 0.30227 1.0 0.614659 0.321638 1.0 0.619995 0.328358 1.0 0.621478 0.325986 1.0
0 0.794434 0.296875 0.020508 0.03125 0.788146 0.291341 1.0 0.798065 0.292358 1.0 0.791504 0.297445 1.0 0.790283 0.303751 1.0 0.795624 0.303956 1.0
0 0.719238 0.365885 0.045898 0.106771 0.700038 0.353794 1.0 0.715716 0.350423 1.0 0.699532 0.373349 1.0 0.703578 0.393578 1.0 0.714198 0.392904 1.0
0 0.822266 0.313151 0.017578 0.032552 0.815325 0.308193 1.0 0.817583 0.307547 1.0 0.815325 0.314645 1.0 0.818229 0.319376 1.0 0.819035 0.319161 1.0
0 0.793457 0.414062 0.053711 0.117188 0.780234 0.397171 1.0 0.788539 0.400124 1.0 0.768607 0.413411 1.0 0.77802 0.43925 1.0 0.783557 0.441465 1.0
0 0.866699 0.588542 0.083008 0.161458 0.839508 0.564493 1.0 0.872314 0.574667 1.0 0.837982 0.60315 1.0 0.834168 0.626547 1.0 0.862396 0.634685 1.0
0 0.811035 0.263672 0.008789 0.014323 0.0 0.0 0.0 0.0 0.0 0.0 0.0 0.0 0.0 0.0 0.0 0.0 0.0 0.0 0.0
0 0.653809 0.268229 0.012695 0.023438 0.0 0.0 0.0 0.0 0.0 0.0 0.0 0.0 0.0 0.0 0.0 0.0 0.0 0.0 0.0
0 0.828613 0.279297 0.018555 0.03776 0.0 0.0 0.0 0.0 0.0 0.0 0.0 0.0 0.0 0.0 0.0 0.0 0.0 0.0 0.0
0 0.620605 0.265625 0.008789 0.020833 0.0 0.0 0.0 0.0 0.0 0.0 0.0 0.0 0.0 0.0 0.0 0.0 0.0 0.0 0.0