0 0.036133 0.790532 0.035156 0.07393 0.020242 0.785482 1.0 0.04708 0.785482 1.0 0.032955 0.805182 1.0 0.021301 0.812685 1.0 0.037898 0.813624 1.0
0 0.05957 0.910506 0.064453 0.119326 0.048313 0.887171 1.0 0.048313 0.887171 1.0 0.030744 0.909754 1.0 0.041513 0.93911 1.0 0.042079 0.940615 1.0
0 0.205566 0.775616 0.012695 0.038911 0.206727 0.773427 1.0 0.207275 0.773427 1.0 0.212951 0.779751 1.0 0.207459 0.78656 1.0 0.208008 0.78656 1.0
0 0.222168 0.778859 0.014648 0.032425 0.0 0.0 0.0 0.0 0.0 0.0 0.0 0.0 0.0 0.0 0.0 0.0 0.0 0.0 0.0
0 0.268555 0.777562 0.013672 0.040208 0.0 0.0 0.0 0.0 0.0 0.0 0.0 0.0 0.0 0.0 0.0 0.0 0.0 0.0 0.0
0 0.091797 0.771077 0.009766 0.014267 0.0 0.0 0.0 0.0 0.0 0.0 0.0 0.0 0.0 0.0 0.0 0.0 0.0 0.0 0.0
0 0.067871 0.772374 0.006836 0.011673 0.0 0.0 0.0 0.0 0.0 0.0 0.0 0.0 0.0 0.0 0.0 0.0 0.0 0.0 0.0
0 0.375977 0.780804 0.011719 0.028534 0.376674 0.778581 1.0 0.380859 0.775616 1.0 0.381417 0.782287 1.0 0.378209 0.787475 1.0 0.380999 0.787289 1.0
0 0.45459 0.798314 0.010742 0.019455 0.0 0.0 0.0 0.0 0.0 0.0 0.0 0.0 0.0 0.0 0.0 0.0 0.0 0.0 0.0
0 0.519043 0.771077 0.010742 0.024643 0.0 0.0 0.0 0.0 0.0 0.0 0.0 0.0 0.0 0.0 0.0 0.0 0.0 0.0 0.0
0 0.54248 0.768482 0.012695 0.024643 0.0 0.0 0.0 0.0 0.0 0.0 0.0 0.0 0.0 0.0 0.0 0.0 0.0 0.0 0.0
0 0.599609 0.802205 0.011719 0.035019 0.0 0.0 0.0 0.0 0.0 0.0 0.0 0.0 0.0 0.0 0.0 0.0 0.0 0.0 0.0
0 0.647461 0.797017 0.015625 0.032425 0.0 0.0 0.0 0.0 0.0 0.0 0.0 0.0 0.0 0.0 0.0 0.0 0.0 0.0 0.0
0 0.62207 0.79572 0.013672 0.022049 0.619999 0.793838 1.0 0.625449 0.793694 1.0 0.62316 0.799484 1.0 0.621416 0.803681 1.0 0.624687 0.803392 1.0
0 0.782715 0.867056 0.049805 0.081712 0.0 0.0 0.0 0.0 0.0 0.0 0.0 0.0 0.0 0.0 0.0 0.0 0.0 0.0 0.0
0 0.6875 0.804799 0.017578 0.029831 0.0 0.0 0.0 0.0 0.0 0.0 0.0 0.0 0.0 0.0 0.0 0.0 0.0 0.0 0.0
0 0.720703 0.819715 0.013672 0.031128 0.0 0.0 0.0 0.0 0.0 0.0 0.0 0.0 0.0 0.0 0.0 0.0 0.0 0.0 0.0
0 0.824219 0.789235 0.013672 0.037613 0.0 0.0 0.0 0.0 0.0 0.0 0.0 0.0 0.0 0.0 0.0 0.0 0.0 0.0 0.0
0 0.807617 0.798314 0.019531 0.032425 0.803815 0.797457 1.0 0.810094 0.793079 1.0 0.804601 0.80642 1.0 0.811663 0.808922 1.0 0.81386 0.806629 1.0
0 0.935547 0.773022 0.017578 0.033722 0.0 0.0 0.0 0.0 0.0 0.0 0.0 0.0 0.0 0.0 0.0 0.0 0.0 0.0 0.0
0 0.974121 0.752918 0.014648 0.035019 0.0 0.0 0.0 0.0 0.0 0.0 0.0 0.0 0.0 0.0 0.0 0.0 0.0 0.0 0.0
0 0.336914 0.757458 0.007812 0.01297 0.0 0.0 0.0 0.0 0.0 0.0 0.0 0.0 0.0 0.0 0.0 0.0 0.0 0.0 0.0
0 0.350098 0.754864 0.008789 0.018158 0.0 0.0 0.0 0.0 0.0 0.0 0.0 0.0 0.0 0.0 0.0 0.0 0.0 0.0 0.0
0 0.403809 0.796368 0.012695 0.049287 0.0 0.0 0.0 0.0 0.0 0.0 0.0 0.0 0.0 0.0 0.0 0.0 0.0 0.0 0.0
0 0.503418 0.763294 0.010742 0.019455 0.0 0.0 0.0 0.0 0.0 0.0 0.0 0.0 0.0 0.0 0.0 0.0 0.0 0.0 0.0