0 0.120605 0.178385 0.012695 0.020833 0.117851 0.175316 1.0 0.124232 0.176014 1.0 0.121617 0.17978 1.0 0.118688 0.183686 1.0 0.12371 0.183827 1.0
0 0.207031 0.198568 0.017578 0.029948 0.201738 0.19669 1.0 0.208788 0.196306 1.0 0.205048 0.202637 1.0 0.20289 0.207432 1.0 0.208213 0.207432 1.0
0 0.201172 0.23112 0.023438 0.040365 0.199606 0.230596 1.0 0.208827 0.229027 1.0 0.206277 0.236613 1.0 0.200784 0.244461 1.0 0.209023 0.243414 1.0
0 0.156738 0.199219 0.040039 0.067708 0.146729 0.191477 1.0 0.164473 0.191477 1.0 0.155439 0.201799 1.0 0.14931 0.216424 1.0 0.160924 0.216855 1.0
0 0.273438 0.252604 0.015625 0.054688 0.0 0.0 0.0 0.0 0.0 0.0 0.0 0.0 0.0 0.0 0.0 0.0 0.0 0.0 0.0
0 0.342773 0.212891 0.023438 0.045573 0.335414 0.215146 1.0 0.341082 0.21282 1.0 0.33803 0.222411 1.0 0.341518 0.227353 1.0 0.346096 0.225609 1.0
0 0.457031 0.235677 0.023438 0.041667 0.450461 0.231625 1.0 0.460663 0.233195 1.0 0.453404 0.239211 1.0 0.450069 0.246535 1.0 0.457523 0.246535 1.0
0 0.571777 0.179688 0.020508 0.033854 0.565482 0.176456 1.0 0.573063 0.176671 1.0 0.566288 0.183768 1.0 0.565482 0.189361 1.0 0.571128 0.189576 1.0
0 0.671387 0.277995 0.022461 0.045573 0.0 0.0 0.0 0.0 0.0 0.0 0.0 0.0 0.0 0.0 0.0 0.0 0.0 0.0 0.0
0 0.733887 0.261068 0.022461 0.053385 0.729174 0.257115 1.0 0.731659 0.259766 1.0 0.722216 0.26341 1.0 0.724701 0.274013 1.0 0.727683 0.275669 1.0
0 0.759277 0.326823 0.020508 0.046875 0.763323 0.310802 1.0 0.766497 0.311408 1.0 0.758789 0.318964 1.0 0.760603 0.328939 1.0 0.765137 0.329543 1.0
0 0.770508 0.313802 0.023438 0.052083 0.767334 0.310872 1.0 0.767334 0.311849 1.0 0.759033 0.317383 1.0 0.764893 0.329427 1.0 0.764893 0.330078 1.0
0 0.822266 0.295573 0.029297 0.096354 0.812675 0.280971 1.0 0.815849 0.281576 1.0 0.809954 0.297293 1.0 0.811314 0.316034 1.0 0.814034 0.317243 1.0
0 0.924805 0.307943 0.029297 0.063802 0.918901 0.294608 1.0 0.921609 0.297415 1.0 0.910779 0.305036 1.0 0.911682 0.313861 1.0 0.916194 0.317069 1.0
0 0.762695 0.664714 0.119141 0.201823 0.731794 0.632383 1.0 0.783116 0.657727 1.0 0.735596 0.685605 1.0 0.715637 0.700811 1.0 0.755555 0.724888 1.0
0 0.833496 0.514974 0.040039 0.113281 0.828221 0.498012 1.0 0.831412 0.502267 1.0 0.81386 0.502977 1.0 0.823966 0.531342 1.0 0.826625 0.53347 1.0
0 0.966309 0.522786 0.067383 0.160156 0.978219 0.501906 1.0 0.979736 0.506964 1.0 0.954703 0.500896 1.0 0.948635 0.552479 1.0 0.947876 0.552479 1.0