0 0.952637 0.10719 0.006836 0.011984 0.9516 0.105941 1.0 0.955018 0.106109 1.0 0.953125 0.108356 1.0 0.951782 0.110519 1.0 0.954102 0.111019 1.0
0 0.965332 0.110519 0.006836 0.013316 0.0 0.0 0.0 0.0 0.0 0.0 0.0 0.0 0.0 0.0 0.0 0.0 0.0 0.0 0.0
0 0.986816 0.09787 0.006836 0.014647 0.98587 0.09636 1.0 0.988879 0.09627 1.0 0.987113 0.099391 1.0 0.986328 0.101353 1.0 0.988355 0.101353 1.0
0 0.869629 0.113848 0.006836 0.011984 0.0 0.0 0.0 0.0 0.0 0.0 0.0 0.0 0.0 0.0 0.0 0.0 0.0 0.0 0.0
0 0.929199 0.104527 0.004883 0.009321 0.0 0.0 0.0 0.0 0.0 0.0 0.0 0.0 0.0 0.0 0.0 0.0 0.0 0.0 0.0
0 0.936035 0.113182 0.006836 0.010652 0.0 0.0 0.0 0.0 0.0 0.0 0.0 0.0 0.0 0.0 0.0 0.0 0.0 0.0 0.0
0 0.733398 0.090546 0.005859 0.013316 0.0 0.0 0.0 0.0 0.0 0.0 0.0 0.0 0.0 0.0 0.0 0.0 0.0 0.0 0.0
0 0.756836 0.096538 0.007812 0.014647 0.754255 0.094065 1.0 0.757045 0.093969 1.0 0.754534 0.096919 1.0 0.755022 0.100438 1.0 0.757185 0.100627 1.0
0 0.661621 0.121172 0.00293 0.007989 0.0 0.0 0.0 0.0 0.0 0.0 0.0 0.0 0.0 0.0 0.0 0.0 0.0 0.0 0.0
0 0.693359 0.13249 0.003906 0.006658 0.0 0.0 0.0 0.0 0.0 0.0 0.0 0.0 0.0 0.0 0.0 0.0 0.0 0.0 0.0
0 0.679688 0.121838 0.005859 0.006658 0.0 0.0 0.0 0.0 0.0 0.0 0.0 0.0 0.0 0.0 0.0 0.0 0.0 0.0 0.0
0 0.445801 0.120506 0.004883 0.009321 0.0 0.0 0.0 0.0 0.0 0.0 0.0 0.0 0.0 0.0 0.0 0.0 0.0 0.0 0.0
0 0.42041 0.119174 0.004883 0.009321 0.0 0.0 0.0 0.0 0.0 0.0 0.0 0.0 0.0 0.0 0.0 0.0 0.0 0.0 0.0
0 0.407715 0.125832 0.004883 0.006658 0.0 0.0 0.0 0.0 0.0 0.0 0.0 0.0 0.0 0.0 0.0 0.0 0.0 0.0 0.0
0 0.393066 0.11984 0.004883 0.007989 0.0 0.0 0.0 0.0 0.0 0.0 0.0 0.0 0.0 0.0 0.0 0.0 0.0 0.0 0.0
0 0.386719 0.118509 0.003906 0.007989 0.0 0.0 0.0 0.0 0.0 0.0 0.0 0.0 0.0 0.0 0.0 0.0 0.0 0.0 0.0
0 0.358398 0.117843 0.003906 0.006658 0.0 0.0 0.0 0.0 0.0 0.0 0.0 0.0 0.0 0.0 0.0 0.0 0.0 0.0 0.0
0 0.347168 0.129827 0.00293 0.006658 0.0 0.0 0.0 0.0 0.0 0.0 0.0 0.0 0.0 0.0 0.0 0.0 0.0 0.0 0.0
0 0.328613 0.117177 0.004883 0.007989 0.0 0.0 0.0 0.0 0.0 0.0 0.0 0.0 0.0 0.0 0.0 0.0 0.0 0.0 0.0
0 0.333984 0.188415 0.005859 0.011984 0.0 0.0 0.0 0.0 0.0 0.0 0.0 0.0 0.0 0.0 0.0 0.0 0.0 0.0 0.0
0 0.376465 0.208389 0.004883 0.014647 0.0 0.0 0.0 0.0 0.0 0.0 0.0 0.0 0.0 0.0 0.0 0.0 0.0 0.0 0.0
0 0.333008 0.245672 0.007812 0.011984 0.0 0.0 0.0 0.0 0.0 0.0 0.0 0.0 0.0 0.0 0.0 0.0 0.0 0.0 0.0
0 0.241699 0.113182 0.004883 0.005326 0.0 0.0 0.0 0.0 0.0 0.0 0.0 0.0 0.0 0.0 0.0 0.0 0.0 0.0 0.0
0 0.320312 0.126498 0.003906 0.007989 0.0 0.0 0.0 0.0 0.0 0.0 0.0 0.0 0.0 0.0 0.0 0.0 0.0 0.0 0.0
0 0.239746 0.158455 0.004883 0.007989 0.0 0.0 0.0 0.0 0.0 0.0 0.0 0.0 0.0 0.0 0.0 0.0 0.0 0.0 0.0
0 0.275391 0.190413 0.005859 0.010652 0.0 0.0 0.0 0.0 0.0 0.0 0.0 0.0 0.0 0.0 0.0 0.0 0.0 0.0 0.0
0 0.285156 0.183089 0.005859 0.011984 0.0 0.0 0.0 0.0 0.0 0.0 0.0 0.0 0.0 0.0 0.0 0.0 0.0 0.0 0.0
0 0.300781 0.161119 0.005859 0.010652 0.300049 0.159929 1.0 0.30256 0.159573 1.0 0.3012 0.162356 1.0 0.300362 0.164281 1.0 0.302612 0.164209 1.0
0 0.306641 0.219041 0.005859 0.011984 0.305054 0.2133 1.0 0.30957 0.213715 1.0 0.306396 0.216378 1.0 0.30548 0.22004 1.0 0.308045 0.22029 1.0
0 0.307129 0.264314 0.004883 0.009321 0.0 0.0 0.0 0.0 0.0 0.0 0.0 0.0 0.0 0.0 0.0 0.0 0.0 0.0 0.0
0 0.295898 0.252996 0.005859 0.010652 0.0 0.0 0.0 0.0 0.0 0.0 0.0 0.0 0.0 0.0 0.0 0.0 0.0 0.0 0.0
0 0.171387 0.113848 0.004883 0.009321 0.0 0.0 0.0 0.0 0.0 0.0 0.0 0.0 0.0 0.0 0.0 0.0 0.0 0.0 0.0
0 0.185059 0.123169 0.004883 0.009321 0.184666 0.121772 1.0 0.185625 0.121838 1.0 0.184618 0.123668 1.0 0.185338 0.124911 1.0 0.186009 0.12478 1.0
0 0.165039 0.117843 0.005859 0.009321 0.0 0.0 0.0 0.0 0.0 0.0 0.0 0.0 0.0 0.0 0.0 0.0 0.0 0.0 0.0
0 0.373535 0.287617 0.006836 0.010652 0.0 0.0 0.0 0.0 0.0 0.0 0.0 0.0 0.0 0.0 0.0 0.0 0.0 0.0 0.0
0 0.483887 0.358189 0.006836 0.013316 0.0 0.0 0.0 0.0 0.0 0.0 0.0 0.0 0.0 0.0 0.0 0.0 0.0 0.0 0.0
0 0.503418 0.348868 0.006836 0.013316 0.0 0.0 0.0 0.0 0.0 0.0 0.0 0.0 0.0 0.0 0.0 0.0 0.0 0.0 0.0
0 0.518555 0.38482 0.005859 0.013316 0.0 0.0 0.0 0.0 0.0 0.0 0.0 0.0 0.0 0.0 0.0 0.0 0.0 0.0 0.0
0 0.608887 0.492011 0.006836 0.011984 0.608398 0.492011 1.0 0.610291 0.491928 1.0 0.609436 0.493342 1.0 0.608215 0.495755 1.0 0.610229 0.49534 1.0
0 0.616699 0.507324 0.006836 0.013316 0.0 0.0 0.0 0.0 0.0 0.0 0.0 0.0 0.0 0.0 0.0 0.0 0.0 0.0 0.0
0 0.62207 0.554594 0.007812 0.014647 0.620326 0.553072 1.0 0.623187 0.553738 1.0 0.621233 0.556306 1.0 0.620187 0.559254 1.0 0.62221 0.559826 1.0
0 0.508301 0.498668 0.004883 0.009321 0.0 0.0 0.0 0.0 0.0 0.0 0.0 0.0 0.0 0.0 0.0 0.0 0.0 0.0 0.0
0 0.671387 0.617843 0.006836 0.010652 0.0 0.0 0.0 0.0 0.0 0.0 0.0 0.0 0.0 0.0 0.0 0.0 0.0 0.0 0.0
0 0.692383 0.628495 0.005859 0.013316 0.0 0.0 0.0 0.0 0.0 0.0 0.0 0.0 0.0 0.0 0.0 0.0 0.0 0.0 0.0
0 0.583984 0.456059 0.003906 0.011984 0.0 0.0 0.0 0.0 0.0 0.0 0.0 0.0 0.0 0.0 0.0 0.0 0.0 0.0 0.0
0 0.54834 0.420107 0.004883 0.011984 0.0 0.0 0.0 0.0 0.0 0.0 0.0 0.0 0.0 0.0 0.0 0.0 0.0 0.0 0.0
0 0.740234 0.551265 0.003906 0.007989 0.0 0.0 0.0 0.0 0.0 0.0 0.0 0.0 0.0 0.0 0.0 0.0 0.0 0.0 0.0
0 0.838379 0.633822 0.004883 0.010652 0.0 0.0 0.0 0.0 0.0 0.0 0.0 0.0 0.0 0.0 0.0 0.0 0.0 0.0 0.0
0 0.696777 0.669108 0.008789 0.014647 0.693987 0.669013 1.0 0.696498 0.669298 1.0 0.694476 0.671296 1.0 0.693429 0.673959 1.0 0.696289 0.674434 1.0
0 0.839355 0.711052 0.008789 0.015979 0.0 0.0 0.0 0.0 0.0 0.0 0.0 0.0 0.0 0.0 0.0 0.0 0.0 0.0 0.0
0 0.943359 0.698402 0.007812 0.01731 0.941297 0.696166 1.0 0.944776 0.696844 1.0 0.941546 0.698991 1.0 0.941546 0.702266 1.0 0.944445 0.702379 1.0
0 0.238281 0.442743 0.003906 0.009321 0.0 0.0 0.0 0.0 0.0 0.0 0.0 0.0 0.0 0.0 0.0 0.0 0.0 0.0 0.0
0 0.258789 0.454061 0.003906 0.007989 0.0 0.0 0.0 0.0 0.0 0.0 0.0 0.0 0.0 0.0 0.0 0.0 0.0 0.0 0.0
0 0.050293 0.585885 0.004883 0.010652 0.0 0.0 0.0 0.0 0.0 0.0 0.0 0.0 0.0 0.0 0.0 0.0 0.0 0.0 0.0
0 0.100586 0.552597 0.005859 0.007989 0.0 0.0 0.0 0.0 0.0 0.0 0.0 0.0 0.0 0.0 0.0 0.0 0.0 0.0 0.0
0 0.125977 0.536618 0.005859 0.010652 0.0 0.0 0.0 0.0 0.0 0.0 0.0 0.0 0.0 0.0 0.0 0.0 0.0 0.0 0.0
0 0.337402 0.755659 0.006836 0.014647 0.337847 0.755356 1.0 0.340737 0.755457 1.0 0.338811 0.758489 1.0 0.337772 0.760409 1.0 0.339996 0.76051 1.0
0 0.408203 0.802264 0.005859 0.014647 0.0 0.0 0.0 0.0 0.0 0.0 0.0 0.0 0.0 0.0 0.0 0.0 0.0 0.0 0.0
0 0.506836 0.841545 0.007812 0.015979 0.0 0.0 0.0 0.0 0.0 0.0 0.0 0.0 0.0 0.0 0.0 0.0 0.0 0.0 0.0
0 0.632324 0.896138 0.004883 0.010652 0.0 0.0 0.0 0.0 0.0 0.0 0.0 0.0 0.0 0.0 0.0 0.0 0.0 0.0 0.0
0 0.397461 0.717044 0.003906 0.006658 0.0 0.0 0.0 0.0 0.0 0.0 0.0 0.0 0.0 0.0 0.0 0.0 0.0 0.0 0.0
0 0.064453 0.119174 0.005859 0.009321 0.063437 0.117908 1.0 0.06454 0.117712 1.0 0.06291 0.119216 1.0 0.063821 0.121374 1.0 0.064732 0.121112 1.0
0 0.044434 0.117177 0.004883 0.010652 0.0 0.0 0.0 0.0 0.0 0.0 0.0 0.0 0.0 0.0 0.0 0.0 0.0 0.0 0.0
0 0.924805 0.838216 0.007812 0.01731 0.0 0.0 0.0 0.0 0.0 0.0 0.0 0.0 0.0 0.0 0.0 0.0 0.0 0.0 0.0
0 0.955566 0.866844 0.012695 0.021305 0.0 0.0 0.0 0.0 0.0 0.0 0.0 0.0 0.0 0.0 0.0 0.0 0.0 0.0 0.0
0 0.402344 0.117843 0.003906 0.006658 0.0 0.0 0.0 0.0 0.0 0.0 0.0 0.0 0.0 0.0 0.0 0.0 0.0 0.0 0.0
0 0.269531 0.424101 0.003906 0.003995 0.0 0.0 0.0 0.0 0.0 0.0 0.0 0.0 0.0 0.0 0.0 0.0 0.0 0.0 0.0
0 0.21875 0.421438 0.003906 0.006658 0.0 0.0 0.0 0.0 0.0 0.0 0.0 0.0 0.0 0.0 0.0 0.0 0.0 0.0 0.0
0 0.200195 0.422104 0.003906 0.007989 0.0 0.0 0.0 0.0 0.0 0.0 0.0 0.0 0.0 0.0 0.0 0.0 0.0 0.0 0.0
0 0.183105 0.423435 0.004883 0.007989 0.0 0.0 0.0 0.0 0.0 0.0 0.0 0.0 0.0 0.0 0.0 0.0 0.0 0.0 0.0
0 0.274902 0.120506 0.004883 0.006658 0.0 0.0 0.0 0.0 0.0 0.0 0.0 0.0 0.0 0.0 0.0 0.0 0.0 0.0 0.0
0 0.249023 0.124501 0.003906 0.009321 0.0 0.0 0.0 0.0 0.0 0.0 0.0 0.0 0.0 0.0 0.0 0.0 0.0 0.0 0.0
0 0.212402 0.121172 0.006836 0.013316 0.0 0.0 0.0 0.0 0.0 0.0 0.0 0.0 0.0 0.0 0.0 0.0 0.0 0.0 0.0
0 0.781738 0.709055 0.008789 0.009321 0.0 0.0 0.0 0.0 0.0 0.0 0.0 0.0 0.0 0.0 0.0 0.0 0.0 0.0 0.0
0 0.727051 0.680426 0.006836 0.013316 0.0 0.0 0.0 0.0 0.0 0.0 0.0 0.0 0.0 0.0 0.0 0.0 0.0 0.0 0.0
0 0.171875 0.64514 0.007812 0.009321 0.0 0.0 0.0 0.0 0.0 0.0 0.0 0.0 0.0 0.0 0.0 0.0 0.0 0.0 0.0
0 0.14502 0.628495 0.004883 0.010652 0.0 0.0 0.0 0.0 0.0 0.0 0.0 0.0 0.0 0.0 0.0 0.0 0.0 0.0 0.0
0 0.258789 0.682423 0.005859 0.011984 0.0 0.0 0.0 0.0 0.0 0.0 0.0 0.0 0.0 0.0 0.0 0.0 0.0 0.0 0.0
0 0.255859 0.719707 0.007812 0.014647 0.255929 0.717425 1.0 0.256836 0.717234 1.0 0.255302 0.720658 1.0 0.255859 0.722655 1.0 0.256487 0.722561 1.0
0 0.641602 0.005992 0.007812 0.011984 0.0 0.0 0.0 0.0 0.0 0.0 0.0 0.0 0.0 0.0 0.0 0.0 0.0 0.0 0.0