0 0.416504 0.502193 0.006836 0.013158 0.0 0.0 0.0 0.0 0.0 0.0 0.0 0.0 0.0 0.0 0.0 0.0 0.0 0.0 0.0
0 0.386719 0.505117 0.007812 0.016082 0.0 0.0 0.0 0.0 0.0 0.0 0.0 0.0 0.0 0.0 0.0 0.0 0.0 0.0 0.0
0 0.382812 0.526316 0.009766 0.01462 0.0 0.0 0.0 0.0 0.0 0.0 0.0 0.0 0.0 0.0 0.0 0.0 0.0 0.0 0.0
0 0.338867 0.516082 0.007812 0.01462 0.0 0.0 0.0 0.0 0.0 0.0 0.0 0.0 0.0 0.0 0.0 0.0 0.0 0.0 0.0
0 0.314453 0.494152 0.007812 0.020468 0.0 0.0 0.0 0.0 0.0 0.0 0.0 0.0 0.0 0.0 0.0 0.0 0.0 0.0 0.0
0 0.446289 0.452485 0.007812 0.019006 0.0 0.0 0.0 0.0 0.0 0.0 0.0 0.0 0.0 0.0 0.0 0.0 0.0 0.0 0.0
0 0.493164 0.633772 0.017578 0.03655 0.489851 0.625757 1.0 0.497698 0.625053 1.0 0.494873 0.633276 1.0 0.491264 0.640795 1.0 0.4966 0.64056 1.0
0 0.125977 0.55848 0.013672 0.02924 0.122707 0.554342 1.0 0.128649 0.555099 1.0 0.124856 0.559642 1.0 0.12296 0.56532 1.0 0.12612 0.565699 1.0
0 0.236328 0.510234 0.007812 0.017544 0.0 0.0 0.0 0.0 0.0 0.0 0.0 0.0 0.0 0.0 0.0 0.0 0.0 0.0 0.0
0 0.043945 0.57383 0.013672 0.027778 0.0 0.0 0.0 0.0 0.0 0.0 0.0 0.0 0.0 0.0 0.0 0.0 0.0 0.0 0.0
0 0.032715 0.701023 0.03418 0.074561 0.02444 0.688159 1.0 0.029532 0.689113 1.0 0.017438 0.705788 1.0 0.026031 0.719605 1.0 0.030169 0.718175 1.0
0 0.55127 0.480263 0.006836 0.010234 0.0 0.0 0.0 0.0 0.0 0.0 0.0 0.0 0.0 0.0 0.0 0.0 0.0 0.0 0.0
0 0.543457 0.534357 0.018555 0.039474 0.538187 0.526975 1.0 0.545497 0.527738 1.0 0.539547 0.534611 1.0 0.539206 0.541738 1.0 0.544137 0.542501 1.0
0 0.577637 0.52924 0.010742 0.020468 0.0 0.0 0.0 0.0 0.0 0.0 0.0 0.0 0.0 0.0 0.0 0.0 0.0 0.0 0.0
0 0.586426 0.593567 0.020508 0.040936 0.580357 0.58939 1.0 0.589948 0.588085 1.0 0.586112 0.595917 1.0 0.581578 0.60427 1.0 0.590472 0.60401 1.0
0 0.72168 0.526316 0.011719 0.020468 0.722138 0.523803 1.0 0.723328 0.523392 1.0 0.72525 0.527915 1.0 0.72232 0.531615 1.0 0.723877 0.531615 1.0
0 0.783691 0.584795 0.010742 0.026316 0.0 0.0 0.0 0.0 0.0 0.0 0.0 0.0 0.0 0.0 0.0 0.0 0.0 0.0 0.0
0 0.825684 0.511696 0.008789 0.017544 0.0 0.0 0.0 0.0 0.0 0.0 0.0 0.0 0.0 0.0 0.0 0.0 0.0 0.0 0.0
0 0.916016 0.554825 0.011719 0.024854 0.914163 0.551072 1.0 0.920048 0.552051 1.0 0.916233 0.557108 1.0 0.914163 0.560045 1.0 0.918087 0.561025 1.0
0 0.973633 0.538743 0.013672 0.027778 0.0 0.0 0.0 0.0 0.0 0.0 0.0 0.0 0.0 0.0 0.0 0.0 0.0 0.0 0.0
0 0.986328 0.55117 0.013672 0.026316 0.98315 0.544975 1.0 0.989389 0.5448 1.0 0.985975 0.552025 1.0 0.984209 0.557839 1.0 0.988212 0.557487 1.0