0 0.899902 0.352214 0.045898 0.063802 0.885498 0.338948 1.0 0.907471 0.335286 1.0 0.895874 0.354818 1.0 0.891297 0.367839 1.0 0.90625 0.364583 1.0
0 0.770996 0.326172 0.040039 0.058594 0.762695 0.312128 1.0 0.77832 0.314732 1.0 0.766881 0.327753 1.0 0.759626 0.337053 1.0 0.774693 0.338914 1.0
0 0.696289 0.307292 0.041016 0.052083 0.68485 0.296224 1.0 0.703422 0.293783 1.0 0.692958 0.309129 1.0 0.686419 0.318197 1.0 0.700806 0.318546 1.0
0 0.597656 0.352214 0.039062 0.05599 0.587655 0.343634 1.0 0.605766 0.343273 1.0 0.596575 0.35841 1.0 0.590898 0.366339 1.0 0.602792 0.366339 1.0
0 0.610352 0.639323 0.044922 0.0625 0.602539 0.622396 1.0 0.624023 0.627604 1.0 0.612305 0.641927 1.0 0.600586 0.653646 1.0 0.618164 0.654948 1.0
0 0.530762 0.322917 0.038086 0.054688 0.524331 0.313691 1.0 0.542079 0.31575 1.0 0.533077 0.326038 1.0 0.524846 0.335641 1.0 0.536678 0.336669 1.0
0 0.364746 0.341797 0.045898 0.066406 0.359018 0.325247 1.0 0.380341 0.327794 1.0 0.371111 0.343918 1.0 0.359336 0.356224 1.0 0.375885 0.359195 1.0
0 0.460449 0.320964 0.038086 0.063802 0.454468 0.308105 1.0 0.472168 0.311361 1.0 0.462098 0.324382 1.0 0.453553 0.334555 1.0 0.464539 0.336995 1.0
0 0.249023 0.294922 0.039062 0.061198 0.242109 0.284406 1.0 0.259051 0.286743 1.0 0.25058 0.29609 1.0 0.24094 0.308943 1.0 0.255838 0.311279 1.0
0 0.178711 0.321615 0.046875 0.078125 0.169076 0.31207 1.0 0.191681 0.314047 1.0 0.181676 0.33134 1.0 0.172782 0.345174 1.0 0.186493 0.345174 1.0
0 0.060547 0.345052 0.021484 0.033854 0.061314 0.337263 1.0 0.069005 0.336844 1.0 0.067278 0.345424 1.0 0.062413 0.352539 1.0 0.068848 0.352329 1.0
0 0.415527 0.337891 0.016602 0.02474 0.408447 0.332822 1.0 0.411979 0.33188 1.0 0.408565 0.338943 1.0 0.409507 0.344279 1.0 0.411979 0.34318 1.0
0 0.321777 0.320312 0.014648 0.023438 0.319336 0.313802 1.0 0.320312 0.315104 1.0 0.31543 0.320312 1.0 0.321289 0.325521 1.0 0.321289 0.325521 1.0
0 0.491699 0.328125 0.014648 0.018229 0.489258 0.325521 1.0 0.495117 0.324219 1.0 0.491211 0.329427 1.0 0.489258 0.335938 1.0 0.494141 0.335938 1.0