0 0.887207 0.227103 0.022461 0.057944 0.881836 0.209346 1.0 0.883789 0.213084 1.0 0.878906 0.226168 1.0 0.881836 0.24486 1.0 0.883789 0.246729 1.0
0 0.81543 0.21215 0.027344 0.054206 0.804217 0.196753 1.0 0.813333 0.201886 1.0 0.803859 0.214886 1.0 0.805468 0.223781 1.0 0.810294 0.22652 1.0
0 0.787598 0.188785 0.02832 0.059813 0.789002 0.180725 1.0 0.79582 0.179957 1.0 0.796822 0.192624 1.0 0.790205 0.20529 1.0 0.797625 0.204138 1.0
0 0.774414 0.149533 0.021484 0.048598 0.767578 0.142056 1.0 0.77832 0.143925 1.0 0.769531 0.15514 1.0 0.767578 0.162617 1.0 0.773438 0.162617 1.0
0 0.70752 0.214019 0.030273 0.072897 0.712891 0.192523 1.0 0.722656 0.2 1.0 0.719727 0.213084 1.0 0.712891 0.226168 1.0 0.722656 0.229907 1.0
0 0.566895 0.262617 0.041992 0.084112 0.57373 0.247264 1.0 0.582659 0.240854 1.0 0.584054 0.26275 1.0 0.575963 0.284112 1.0 0.580706 0.279307 1.0
0 0.272461 0.213084 0.035156 0.063551 0.275565 0.204273 1.0 0.287127 0.198632 1.0 0.285767 0.216422 1.0 0.278512 0.23074 1.0 0.286446 0.226402 1.0
0 0.368652 0.259813 0.038086 0.071028 0.371513 0.252452 1.0 0.382782 0.240521 1.0 0.38398 0.26255 1.0 0.376308 0.279073 1.0 0.385659 0.271269 1.0
0 0.148926 0.183178 0.030273 0.056075 0.150695 0.172856 1.0 0.160112 0.169852 1.0 0.159132 0.186374 1.0 0.150892 0.195009 1.0 0.159524 0.194634 1.0
0 0.068848 0.181308 0.03418 0.071028 0.070465 0.167991 1.0 0.084098 0.165336 1.0 0.081787 0.180817 1.0 0.074624 0.19895 1.0 0.084098 0.195852 1.0
0 0.015625 0.050467 0.009766 0.02243 0.0 0.0 0.0 0.0 0.0 0.0 0.0 0.0 0.0 0.0 0.0 0.0 0.0 0.0 0.0
0 0.016602 0.027103 0.009766 0.020561 0.0 0.0 0.0 0.0 0.0 0.0 0.0 0.0 0.0 0.0 0.0 0.0 0.0 0.0 0.0
0 0.029297 0.016822 0.009766 0.02243 0.0 0.0 0.0 0.0 0.0 0.0 0.0 0.0 0.0 0.0 0.0 0.0 0.0 0.0 0.0
0 0.057617 0.01215 0.009766 0.020561 0.0 0.0 0.0 0.0 0.0 0.0 0.0 0.0 0.0 0.0 0.0 0.0 0.0 0.0 0.0
0 0.07666 0.006542 0.008789 0.013084 0.0 0.0 0.0 0.0 0.0 0.0 0.0 0.0 0.0 0.0 0.0 0.0 0.0 0.0 0.0
0 0.089844 0.020561 0.009766 0.02243 0.0 0.0 0.0 0.0 0.0 0.0 0.0 0.0 0.0 0.0 0.0 0.0 0.0 0.0 0.0
0 0.115723 0.020561 0.008789 0.02243 0.0 0.0 0.0 0.0 0.0 0.0 0.0 0.0 0.0 0.0 0.0 0.0 0.0 0.0 0.0
0 0.131836 0.01028 0.009766 0.020561 0.0 0.0 0.0 0.0 0.0 0.0 0.0 0.0 0.0 0.0 0.0 0.0 0.0 0.0 0.0
0 0.171875 0.039252 0.007812 0.018692 0.0 0.0 0.0 0.0 0.0 0.0 0.0 0.0 0.0 0.0 0.0 0.0 0.0 0.0 0.0
0 0.196777 0.034579 0.006836 0.016822 0.0 0.0 0.0 0.0 0.0 0.0 0.0 0.0 0.0 0.0 0.0 0.0 0.0 0.0 0.0
0 0.205566 0.036449 0.004883 0.016822 0.0 0.0 0.0 0.0 0.0 0.0 0.0 0.0 0.0 0.0 0.0 0.0 0.0 0.0 0.0
0 0.242676 0.030841 0.006836 0.013084 0.0 0.0 0.0 0.0 0.0 0.0 0.0 0.0 0.0 0.0 0.0 0.0 0.0 0.0 0.0
0 0.244141 0.011215 0.005859 0.014953 0.0 0.0 0.0 0.0 0.0 0.0 0.0 0.0 0.0 0.0 0.0 0.0 0.0 0.0 0.0
0 0.282715 0.02243 0.008789 0.014953 0.0 0.0 0.0 0.0 0.0 0.0 0.0 0.0 0.0 0.0 0.0 0.0 0.0 0.0 0.0
0 0.303711 0.014019 0.007812 0.020561 0.0 0.0 0.0 0.0 0.0 0.0 0.0 0.0 0.0 0.0 0.0 0.0 0.0 0.0 0.0
0 0.159668 0.019626 0.008789 0.016822 0.0 0.0 0.0 0.0 0.0 0.0 0.0 0.0 0.0 0.0 0.0 0.0 0.0 0.0 0.0
0 0.625977 0.058879 0.009766 0.028037 0.0 0.0 0.0 0.0 0.0 0.0 0.0 0.0 0.0 0.0 0.0 0.0 0.0 0.0 0.0
0 0.663086 0.023364 0.007812 0.020561 0.0 0.0 0.0 0.0 0.0 0.0 0.0 0.0 0.0 0.0 0.0 0.0 0.0 0.0 0.0