0 0.354004 0.491634 0.036133 0.059202 0.360884 0.476799 1.0 0.369102 0.476426 1.0 0.371368 0.493232 1.0 0.362301 0.505929 1.0 0.365984 0.505556 1.0
0 0.194824 0.431145 0.041992 0.066924 0.206748 0.423372 1.0 0.209931 0.424631 1.0 0.214386 0.440568 1.0 0.20102 0.451054 1.0 0.203565 0.451893 1.0
0 0.126953 0.323037 0.033203 0.05148 0.135742 0.316602 1.0 0.140625 0.316602 1.0 0.144531 0.333333 1.0 0.134766 0.339768 1.0 0.137695 0.339768 1.0
0 0.015625 0.388674 0.027344 0.041184 0.022679 0.383377 1.0 0.027584 0.383894 1.0 0.031115 0.390875 1.0 0.025622 0.400959 1.0 0.028957 0.401475 1.0
0 0.205566 0.348777 0.02832 0.043758 0.212891 0.339768 1.0 0.216797 0.341055 1.0 0.219727 0.351351 1.0 0.210938 0.356499 1.0 0.216797 0.357786 1.0
0 0.311523 0.309524 0.025391 0.047619 0.321289 0.299871 1.0 0.324219 0.299871 1.0 0.324219 0.311454 1.0 0.319336 0.32175 1.0 0.321289 0.32175 1.0
0 0.452148 0.356499 0.027344 0.043758 0.454102 0.350064 1.0 0.462891 0.350064 1.0 0.462891 0.361647 1.0 0.454102 0.368082 1.0 0.462891 0.368082 1.0
0 0.34375 0.355212 0.029297 0.048906 0.351654 0.349197 1.0 0.358607 0.348565 1.0 0.359087 0.35836 1.0 0.352613 0.369737 1.0 0.357409 0.369737 1.0
0 0.512695 0.554698 0.025391 0.046332 0.523102 0.546143 1.0 0.527104 0.545849 1.0 0.526659 0.559915 1.0 0.515542 0.56636 1.0 0.517766 0.565775 1.0
0 0.548828 0.513514 0.025391 0.043758 0.553467 0.507802 1.0 0.560943 0.506395 1.0 0.562012 0.519627 1.0 0.552826 0.526384 1.0 0.560089 0.52582 1.0
0 0.637207 0.511583 0.030273 0.039897 0.633649 0.505631 1.0 0.64631 0.506894 1.0 0.639596 0.515743 1.0 0.631923 0.521305 1.0 0.641131 0.523833 1.0
0 0.513672 0.371943 0.023438 0.033462 0.517696 0.363647 1.0 0.523342 0.362797 1.0 0.523181 0.3713 1.0 0.517373 0.379166 1.0 0.521567 0.37874 1.0
0 0.552246 0.383526 0.022461 0.033462 0.557076 0.377994 1.0 0.562884 0.376931 1.0 0.560625 0.384158 1.0 0.557399 0.390323 1.0 0.562238 0.38926 1.0
0 0.605469 0.373874 0.023438 0.032175 0.608398 0.368082 1.0 0.613281 0.366795 1.0 0.617188 0.37323 1.0 0.612305 0.383526 1.0 0.616211 0.383526 1.0
0 0.636719 0.391248 0.023438 0.033462 0.635742 0.384813 1.0 0.644531 0.387387 1.0 0.639648 0.393822 1.0 0.634766 0.400257 1.0 0.640625 0.404118 1.0
0 0.703125 0.371943 0.021484 0.030888 0.705078 0.365508 1.0 0.708008 0.365508 1.0 0.713867 0.37323 1.0 0.709961 0.379665 1.0 0.713867 0.379665 1.0
0 0.650391 0.400901 0.017578 0.032175 0.644531 0.396396 1.0 0.651367 0.396396 1.0 0.648438 0.402831 1.0 0.646484 0.406692 1.0 0.651367 0.405405 1.0
0 0.795898 0.510296 0.019531 0.029601 0.792969 0.503218 1.0 0.801758 0.504505 1.0 0.795898 0.512227 1.0 0.792969 0.519949 1.0 0.799805 0.519949 1.0
0 0.859863 0.503861 0.020508 0.032175 0.853516 0.498069 1.0 0.862305 0.496782 1.0 0.857422 0.503218 1.0 0.855469 0.512227 1.0 0.860352 0.512227 1.0
0 0.850586 0.433719 0.019531 0.030888 0.852539 0.429858 1.0 0.858398 0.429858 1.0 0.858398 0.43758 1.0 0.855469 0.442728 1.0 0.860352 0.442728 1.0
0 0.896973 0.442085 0.022461 0.032175 0.891602 0.438867 1.0 0.902344 0.438867 1.0 0.896484 0.444015 1.0 0.891602 0.45045 1.0 0.899414 0.453024 1.0
0 0.936035 0.440798 0.022461 0.034749 0.930664 0.436293 1.0 0.939453 0.436293 1.0 0.93457 0.444015 1.0 0.932617 0.449163 1.0 0.9375 0.45045 1.0
0 0.77832 0.485199 0.023438 0.033462 0.777832 0.482218 1.0 0.784607 0.484556 1.0 0.780574 0.491784 1.0 0.775251 0.49391 1.0 0.781059 0.495398 1.0
0 0.791504 0.451094 0.024414 0.029601 0.789062 0.442728 1.0 0.798828 0.446589 1.0 0.793945 0.449163 1.0 0.790039 0.453024 1.0 0.795898 0.455598 1.0
0 0.773438 0.45045 0.021484 0.030888 0.0 0.0 0.0 0.0 0.0 0.0 0.0 0.0 0.0 0.0 0.0 0.0 0.0 0.0 0.0
0 0.733398 0.415058 0.019531 0.032175 0.731445 0.413127 1.0 0.737305 0.41184 1.0 0.739258 0.419562 1.0 0.735352 0.423423 1.0 0.739258 0.423423 1.0
0 0.584473 0.388674 0.016602 0.028314 0.0 0.0 0.0 0.0 0.0 0.0 0.0 0.0 0.0 0.0 0.0 0.0 0.0 0.0 0.0