0 0.912598 0.105372 0.047852 0.075758 0.900548 0.089814 1.0 0.921971 0.091253 1.0 0.909389 0.107561 1.0 0.899527 0.123869 1.0 0.91721 0.123869 1.0
0 0.811523 0.141873 0.066406 0.099174 0.785287 0.127952 1.0 0.811079 0.131715 1.0 0.792847 0.161194 1.0 0.799072 0.168094 1.0 0.816415 0.16872 1.0
0 0.742676 0.082645 0.057617 0.077135 0.0 0.0 0.0 0.0 0.0 0.0 0.0 0.0 0.0 0.0 0.0 0.0 0.0 0.0 0.0
0 0.712402 0.077824 0.036133 0.064738 0.701067 0.066583 1.0 0.716317 0.06496 1.0 0.707973 0.084034 1.0 0.705671 0.097022 1.0 0.716317 0.094992 1.0
0 0.990234 0.129477 0.019531 0.088154 0.985352 0.119835 1.0 0.99707 0.119835 1.0 0.989258 0.139118 1.0 0.988281 0.15427 1.0 0.99707 0.152893 1.0
0 0.438477 0.19697 0.076172 0.104683 0.423113 0.198974 1.0 0.425511 0.201004 1.0 0.429827 0.228736 1.0 0.446611 0.224678 1.0 0.449489 0.225354 1.0
0 0.57666 0.080579 0.049805 0.078512 0.562971 0.064259 1.0 0.5831 0.06376 1.0 0.573564 0.082687 1.0 0.566149 0.094642 1.0 0.580627 0.095139 1.0
0 0.521484 0.081267 0.042969 0.077135 0.515852 0.060704 1.0 0.536595 0.069818 1.0 0.523673 0.080848 1.0 0.511091 0.096197 1.0 0.522652 0.102433 1.0
0 0.367676 0.030992 0.045898 0.056474 0.348981 0.009992 1.0 0.373226 0.002989 1.0 0.36271 0.028532 1.0 0.362418 0.042952 1.0 0.377315 0.035948 1.0
0 0.327637 0.026171 0.038086 0.046832 0.316406 0.008264 1.0 0.338867 0.004132 1.0 0.328125 0.017906 1.0 0.324219 0.033058 1.0 0.34082 0.027548 1.0
0 0.277344 0.086088 0.050781 0.084022 0.264068 0.068661 1.0 0.283792 0.060636 1.0 0.276585 0.079361 1.0 0.27393 0.10611 1.0 0.288343 0.100225 1.0
0 0.29834 0.325069 0.055664 0.107438 0.312727 0.309488 1.0 0.318481 0.30881 1.0 0.326154 0.333837 1.0 0.301697 0.352777 1.0 0.306013 0.350748 1.0
0 0.133301 0.046143 0.045898 0.081267 0.121033 0.039134 1.0 0.141035 0.036404 1.0 0.131679 0.050964 1.0 0.124904 0.071441 1.0 0.142003 0.066435 1.0
0 0.195801 0.152893 0.045898 0.077135 0.184291 0.137741 1.0 0.205566 0.135773 1.0 0.194405 0.154959 1.0 0.187779 0.168241 1.0 0.204869 0.165781 1.0
0 0.220215 0.035813 0.045898 0.068871 0.207263 0.022236 1.0 0.227417 0.015231 1.0 0.218654 0.033771 1.0 0.215441 0.050663 1.0 0.226249 0.046131 1.0
0 0.041016 0.155647 0.044922 0.077135 0.02832 0.139118 1.0 0.050781 0.136364 1.0 0.041016 0.155647 1.0 0.032227 0.170799 1.0 0.050781 0.169421 1.0
0 0.062012 0.065427 0.045898 0.078512 0.056641 0.048209 1.0 0.076172 0.049587 1.0 0.067383 0.064738 1.0 0.060547 0.086777 1.0 0.074219 0.085399 1.0
0 0.680176 0.02135 0.041992 0.0427 0.6875 0.004132 1.0 0.706055 0.002755 1.0 0.692383 0.013774 1.0 0.689453 0.028926 1.0 0.701172 0.027548 1.0