0 0.746094 0.211914 0.013672 0.01237 0.0 0.0 0.0 0.0 0.0 0.0 0.0 0.0 0.0 0.0 0.0 0.0 0.0 0.0 0.0
0 0.868164 0.147461 0.009766 0.008464 0.0 0.0 0.0 0.0 0.0 0.0 0.0 0.0 0.0 0.0 0.0 0.0 0.0 0.0 0.0
0 0.743652 0.177734 0.010742 0.007812 0.0 0.0 0.0 0.0 0.0 0.0 0.0 0.0 0.0 0.0 0.0 0.0 0.0 0.0 0.0
0 0.817383 0.18457 0.009766 0.008464 0.0 0.0 0.0 0.0 0.0 0.0 0.0 0.0 0.0 0.0 0.0 0.0 0.0 0.0 0.0
0 0.872559 0.176758 0.008789 0.008464 0.0 0.0 0.0 0.0 0.0 0.0 0.0 0.0 0.0 0.0 0.0 0.0 0.0 0.0 0.0
0 0.576172 0.201823 0.013672 0.011719 0.57285 0.200189 1.0 0.578291 0.20034 1.0 0.575457 0.201777 1.0 0.574097 0.203665 1.0 0.576931 0.20359 1.0
0 0.620605 0.202148 0.010742 0.009766 0.0 0.0 0.0 0.0 0.0 0.0 0.0 0.0 0.0 0.0 0.0 0.0 0.0 0.0 0.0
0 0.702148 0.217773 0.011719 0.01237 0.0 0.0 0.0 0.0 0.0 0.0 0.0 0.0 0.0 0.0 0.0 0.0 0.0 0.0 0.0
0 0.765137 0.221029 0.010742 0.01237 0.0 0.0 0.0 0.0 0.0 0.0 0.0 0.0 0.0 0.0 0.0 0.0 0.0 0.0 0.0
0 0.829102 0.257812 0.019531 0.019531 0.824489 0.255113 1.0 0.83405 0.255238 1.0 0.828801 0.258737 1.0 0.825614 0.262486 1.0 0.831425 0.262986 1.0
0 0.841309 0.290365 0.020508 0.020833 0.83701 0.287441 1.0 0.846235 0.287173 1.0 0.840419 0.290382 1.0 0.83701 0.294259 1.0 0.845634 0.294126 1.0
0 0.568359 0.235677 0.019531 0.016927 0.0 0.0 0.0 0.0 0.0 0.0 0.0 0.0 0.0 0.0 0.0 0.0 0.0 0.0 0.0
0 0.746094 0.300456 0.021484 0.01888 0.0 0.0 0.0 0.0 0.0 0.0 0.0 0.0 0.0 0.0 0.0 0.0 0.0 0.0 0.0
0 0.368164 0.270182 0.019531 0.018229 0.0 0.0 0.0 0.0 0.0 0.0 0.0 0.0 0.0 0.0 0.0 0.0 0.0 0.0 0.0
0 0.561523 0.344076 0.041016 0.029297 0.552665 0.339658 1.0 0.568848 0.339472 1.0 0.561035 0.344866 1.0 0.555455 0.351749 1.0 0.56829 0.351562 1.0
0 0.229004 0.307617 0.079102 0.060547 0.213466 0.299235 1.0 0.243391 0.298852 1.0 0.229004 0.308443 1.0 0.219221 0.318801 1.0 0.243966 0.318034 1.0
0 0.886719 0.222982 0.011719 0.013672 0.0 0.0 0.0 0.0 0.0 0.0 0.0 0.0 0.0 0.0 0.0 0.0 0.0 0.0 0.0