0 0.081543 0.693265 0.02832 0.057101 0.085851 0.684997 1.0 0.091365 0.68212 1.0 0.094242 0.696859 1.0 0.085131 0.707286 1.0 0.088248 0.706206 1.0
0 0.137207 0.699122 0.02832 0.054173 0.13487 0.69454 1.0 0.146654 0.69731 1.0 0.140646 0.707704 1.0 0.133946 0.713593 1.0 0.14134 0.713246 1.0
0 0.178711 0.674963 0.017578 0.038067 0.181605 0.668186 1.0 0.182251 0.668669 1.0 0.186445 0.679794 1.0 0.179992 0.687048 1.0 0.183703 0.687048 1.0
0 0.223145 0.68082 0.016602 0.035139 0.0 0.0 0.0 0.0 0.0 0.0 0.0 0.0 0.0 0.0 0.0 0.0 0.0 0.0 0.0
0 0.248047 0.67716 0.015625 0.027818 0.0 0.0 0.0 0.0 0.0 0.0 0.0 0.0 0.0 0.0 0.0 0.0 0.0 0.0 0.0
0 0.275879 0.688141 0.014648 0.023426 0.0 0.0 0.0 0.0 0.0 0.0 0.0 0.0 0.0 0.0 0.0 0.0 0.0 0.0 0.0
0 0.295898 0.669839 0.011719 0.027818 0.0 0.0 0.0 0.0 0.0 0.0 0.0 0.0 0.0 0.0 0.0 0.0 0.0 0.0 0.0
0 0.302734 0.680088 0.011719 0.02489 0.0 0.0 0.0 0.0 0.0 0.0 0.0 0.0 0.0 0.0 0.0 0.0 0.0 0.0 0.0
0 0.346191 0.667643 0.016602 0.029283 0.347329 0.664067 1.0 0.35264 0.66293 1.0 0.350616 0.668237 1.0 0.348973 0.674114 1.0 0.353019 0.672597 1.0
0 0.389648 0.68448 0.017578 0.027818 0.386436 0.678252 1.0 0.392792 0.681252 1.0 0.387848 0.684605 1.0 0.384905 0.686722 1.0 0.389967 0.689899 1.0
0 0.435547 0.683748 0.017578 0.026354 0.432757 0.678035 1.0 0.438084 0.681095 1.0 0.43491 0.684324 1.0 0.431057 0.686533 1.0 0.435817 0.688912 1.0
0 0.585449 0.676428 0.012695 0.023426 0.0 0.0 0.0 0.0 0.0 0.0 0.0 0.0 0.0 0.0 0.0 0.0 0.0 0.0 0.0
0 0.626465 0.685212 0.012695 0.026354 0.0 0.0 0.0 0.0 0.0 0.0 0.0 0.0 0.0 0.0 0.0 0.0 0.0 0.0 0.0
0 0.661133 0.685212 0.013672 0.029283 0.0 0.0 0.0 0.0 0.0 0.0 0.0 0.0 0.0 0.0 0.0 0.0 0.0 0.0 0.0
0 0.681152 0.688141 0.012695 0.029283 0.0 0.0 0.0 0.0 0.0 0.0 0.0 0.0 0.0 0.0 0.0 0.0 0.0 0.0 0.0
0 0.730469 0.699122 0.013672 0.027818 0.0 0.0 0.0 0.0 0.0 0.0 0.0 0.0 0.0 0.0 0.0 0.0 0.0 0.0 0.0
0 0.77832 0.699854 0.017578 0.035139 0.773726 0.692833 1.0 0.780396 0.693056 1.0 0.775652 0.701278 1.0 0.774467 0.707723 1.0 0.780396 0.707723 1.0
0 0.805176 0.719619 0.016602 0.036603 0.0 0.0 0.0 0.0 0.0 0.0 0.0 0.0 0.0 0.0 0.0 0.0 0.0 0.0 0.0