0 0.043945 0.164306 0.027344 0.045326 0.041766 0.157907 1.0 0.05079 0.157907 1.0 0.046779 0.166343 1.0 0.042969 0.174778 1.0 0.052795 0.174778 1.0
0 0.086426 0.260623 0.014648 0.028329 0.0 0.0 0.0 0.0 0.0 0.0 0.0 0.0 0.0 0.0 0.0 0.0 0.0 0.0 0.0
0 0.083984 0.314448 0.023438 0.033994 0.0 0.0 0.0 0.0 0.0 0.0 0.0 0.0 0.0 0.0 0.0 0.0 0.0 0.0 0.0
0 0.139648 0.332861 0.015625 0.028329 0.0 0.0 0.0 0.0 0.0 0.0 0.0 0.0 0.0 0.0 0.0 0.0 0.0 0.0 0.0
0 0.238281 0.330028 0.017578 0.033994 0.240082 0.323567 1.0 0.242676 0.323567 1.0 0.246033 0.330649 1.0 0.240387 0.334411 1.0 0.241455 0.334853 1.0
0 0.260742 0.313739 0.023438 0.038244 0.252625 0.311584 1.0 0.260616 0.310596 1.0 0.255855 0.318735 1.0 0.254665 0.324653 1.0 0.259936 0.323914 1.0
0 0.318359 0.284703 0.021484 0.042493 0.317627 0.277975 1.0 0.325684 0.277975 1.0 0.322205 0.286739 1.0 0.318543 0.293378 1.0 0.324585 0.293378 1.0
0 0.346191 0.211756 0.012695 0.026912 0.0 0.0 0.0 0.0 0.0 0.0 0.0 0.0 0.0 0.0 0.0 0.0 0.0 0.0 0.0
0 0.369629 0.282578 0.020508 0.038244 0.366442 0.275673 1.0 0.375623 0.276166 1.0 0.372223 0.282578 1.0 0.366782 0.287756 1.0 0.374773 0.28899 1.0
0 0.38916 0.288952 0.012695 0.028329 0.0 0.0 0.0 0.0 0.0 0.0 0.0 0.0 0.0 0.0 0.0 0.0 0.0 0.0 0.0
0 0.457031 0.194759 0.017578 0.035411 0.0 0.0 0.0 0.0 0.0 0.0 0.0 0.0 0.0 0.0 0.0 0.0 0.0 0.0 0.0
0 0.514648 0.185552 0.019531 0.03966 0.51709 0.185806 1.0 0.522321 0.184541 1.0 0.523019 0.19137 1.0 0.516915 0.19997 1.0 0.520403 0.200982 1.0
0 0.535156 0.17847 0.019531 0.042493 0.0 0.0 0.0 0.0 0.0 0.0 0.0 0.0 0.0 0.0 0.0 0.0 0.0 0.0 0.0
0 0.60791 0.069405 0.018555 0.045326 0.0 0.0 0.0 0.0 0.0 0.0 0.0 0.0 0.0 0.0 0.0 0.0 0.0 0.0 0.0
0 0.661621 0.053824 0.014648 0.033994 0.0 0.0 0.0 0.0 0.0 0.0 0.0 0.0 0.0 0.0 0.0 0.0 0.0 0.0 0.0
0 0.687012 0.097734 0.014648 0.036827 0.0 0.0 0.0 0.0 0.0 0.0 0.0 0.0 0.0 0.0 0.0 0.0 0.0 0.0 0.0
0 0.723145 0.293201 0.020508 0.048159 0.719447 0.288446 1.0 0.728446 0.289052 1.0 0.72447 0.297248 1.0 0.721331 0.30605 1.0 0.726562 0.30605 1.0
0 0.854492 0.426346 0.056641 0.130312 0.835868 0.403557 1.0 0.833601 0.4052 1.0 0.827366 0.430683 1.0 0.834734 0.459455 1.0 0.833034 0.460276 1.0