0 0.417969 0.289275 0.013672 0.028701 0.0 0.0 0.0 0.0 0.0 0.0 0.0 0.0 0.0 0.0 0.0 0.0 0.0 0.0 0.0
0 0.424805 0.314199 0.011719 0.024169 0.0 0.0 0.0 0.0 0.0 0.0 0.0 0.0 0.0 0.0 0.0 0.0 0.0 0.0 0.0
0 0.444824 0.287764 0.012695 0.031722 0.0 0.0 0.0 0.0 0.0 0.0 0.0 0.0 0.0 0.0 0.0 0.0 0.0 0.0 0.0
0 0.457031 0.296828 0.011719 0.031722 0.0 0.0 0.0 0.0 0.0 0.0 0.0 0.0 0.0 0.0 0.0 0.0 0.0 0.0 0.0
0 0.467773 0.295317 0.013672 0.031722 0.0 0.0 0.0 0.0 0.0 0.0 0.0 0.0 0.0 0.0 0.0 0.0 0.0 0.0 0.0
0 0.488281 0.294562 0.013672 0.033233 0.0 0.0 0.0 0.0 0.0 0.0 0.0 0.0 0.0 0.0 0.0 0.0 0.0 0.0 0.0
0 0.507324 0.298338 0.014648 0.034743 0.0 0.0 0.0 0.0 0.0 0.0 0.0 0.0 0.0 0.0 0.0 0.0 0.0 0.0 0.0
0 0.530273 0.279456 0.017578 0.036254 0.0 0.0 0.0 0.0 0.0 0.0 0.0 0.0 0.0 0.0 0.0 0.0 0.0 0.0 0.0
0 0.547363 0.291541 0.014648 0.036254 0.0 0.0 0.0 0.0 0.0 0.0 0.0 0.0 0.0 0.0 0.0 0.0 0.0 0.0 0.0
0 0.55957 0.29003 0.015625 0.036254 0.0 0.0 0.0 0.0 0.0 0.0 0.0 0.0 0.0 0.0 0.0 0.0 0.0 0.0 0.0
0 0.580566 0.302115 0.018555 0.042296 0.0 0.0 0.0 0.0 0.0 0.0 0.0 0.0 0.0 0.0 0.0 0.0 0.0 0.0 0.0
0 0.596191 0.287009 0.016602 0.042296 0.0 0.0 0.0 0.0 0.0 0.0 0.0 0.0 0.0 0.0 0.0 0.0 0.0 0.0 0.0
0 0.613281 0.323263 0.013672 0.033233 0.0 0.0 0.0 0.0 0.0 0.0 0.0 0.0 0.0 0.0 0.0 0.0 0.0 0.0 0.0
0 0.63916 0.305891 0.018555 0.037764 0.0 0.0 0.0 0.0 0.0 0.0 0.0 0.0 0.0 0.0 0.0 0.0 0.0 0.0 0.0
0 0.67334 0.29003 0.018555 0.042296 0.0 0.0 0.0 0.0 0.0 0.0 0.0 0.0 0.0 0.0 0.0 0.0 0.0 0.0 0.0
0 0.690918 0.321752 0.016602 0.036254 0.0 0.0 0.0 0.0 0.0 0.0 0.0 0.0 0.0 0.0 0.0 0.0 0.0 0.0 0.0
0 0.716309 0.319486 0.022461 0.043807 0.0 0.0 0.0 0.0 0.0 0.0 0.0 0.0 0.0 0.0 0.0 0.0 0.0 0.0 0.0
0 0.750488 0.302115 0.018555 0.042296 0.0 0.0 0.0 0.0 0.0 0.0 0.0 0.0 0.0 0.0 0.0 0.0 0.0 0.0 0.0
0 0.772949 0.29003 0.024414 0.048338 0.764326 0.280455 1.0 0.767134 0.280455 1.0 0.762722 0.28976 1.0 0.765729 0.298757 1.0 0.767936 0.299066 1.0
0 0.792969 0.326284 0.021484 0.045317 0.79201 0.316789 1.0 0.792585 0.317086 1.0 0.783569 0.325394 1.0 0.787981 0.334592 1.0 0.788557 0.334888 1.0
0 0.817383 0.302115 0.023438 0.05136 0.80893 0.291447 1.0 0.814057 0.292107 1.0 0.806793 0.303341 1.0 0.80957 0.312924 1.0 0.813843 0.313255 1.0
0 0.854492 0.295317 0.023438 0.05287 0.847076 0.287529 1.0 0.851776 0.287529 1.0 0.845795 0.299424 1.0 0.847717 0.308015 1.0 0.852203 0.307686 1.0
0 0.896973 0.305136 0.020508 0.054381 0.892927 0.29647 1.0 0.893594 0.29647 1.0 0.886257 0.306789 1.0 0.89226 0.318482 1.0 0.892927 0.318482 1.0
0 0.92041 0.330816 0.016602 0.048338 0.0 0.0 0.0 0.0 0.0 0.0 0.0 0.0 0.0 0.0 0.0 0.0 0.0 0.0 0.0
0 0.939941 0.325529 0.02832 0.05287 0.0 0.0 0.0 0.0 0.0 0.0 0.0 0.0 0.0 0.0 0.0 0.0 0.0 0.0 0.0
0 0.973145 0.311178 0.022461 0.054381 0.967634 0.301009 1.0 0.971488 0.301009 1.0 0.96242 0.312582 1.0 0.965594 0.323452 1.0 0.968994 0.323452 1.0
0 0.993164 0.33006 0.013672 0.055891 0.0 0.0 0.0 0.0 0.0 0.0 0.0 0.0 0.0 0.0 0.0 0.0 0.0 0.0 0.0
0 0.103027 0.27568 0.036133 0.089124 0.096191 0.269826 1.0 0.109375 0.261896 1.0 0.104248 0.27889 1.0 0.102783 0.292485 1.0 0.11084 0.28852 1.0
0 0.124512 0.30136 0.036133 0.08006 0.132795 0.318542 1.0 0.148368 0.314955 1.0 0.144392 0.331867 1.0 0.136108 0.348781 1.0 0.150024 0.344168 1.0
0 0.141602 0.334592 0.041016 0.08006 0.131797 0.319932 1.0 0.151415 0.315379 1.0 0.144222 0.329541 1.0 0.138336 0.347749 1.0 0.153377 0.342692 1.0
0 0.382812 0.299849 0.041016 0.083082 0.376055 0.287521 1.0 0.393397 0.29173 1.0 0.385576 0.301198 1.0 0.377075 0.318556 1.0 0.387957 0.322237 1.0