0 0.076172 0.345703 0.041016 0.063802 0.080139 0.332031 1.0 0.093872 0.333253 1.0 0.092651 0.345458 1.0 0.080444 0.358887 1.0 0.093566 0.359294 1.0
0 0.118652 0.333984 0.030273 0.048177 0.119332 0.326684 1.0 0.130214 0.325776 1.0 0.129308 0.338169 1.0 0.120692 0.347842 1.0 0.129308 0.346633 1.0
0 0.205078 0.345703 0.037109 0.058594 0.199916 0.336867 1.0 0.215263 0.335751 1.0 0.208845 0.345424 1.0 0.204381 0.357329 1.0 0.214146 0.355469 1.0
0 0.281738 0.358724 0.032227 0.048177 0.285614 0.351022 1.0 0.293701 0.347941 1.0 0.29347 0.360573 1.0 0.284921 0.369199 1.0 0.293933 0.366426 1.0
0 0.328613 0.365234 0.026367 0.040365 0.32237 0.35512 1.0 0.33388 0.354353 1.0 0.329468 0.362281 1.0 0.325248 0.37328 1.0 0.333305 0.372512 1.0
0 0.388184 0.351562 0.030273 0.057292 0.3891 0.348319 1.0 0.39856 0.347598 1.0 0.398019 0.356608 1.0 0.389369 0.366339 1.0 0.396937 0.366699 1.0
0 0.409668 0.375651 0.016602 0.035156 0.409158 0.373158 1.0 0.413068 0.372931 1.0 0.415959 0.383133 1.0 0.408988 0.384945 1.0 0.409498 0.3854 1.0
0 0.443359 0.401042 0.025391 0.039062 0.446058 0.397891 1.0 0.454869 0.399141 1.0 0.449245 0.408139 1.0 0.442309 0.411138 1.0 0.448683 0.412388 1.0
0 0.50293 0.391276 0.023438 0.040365 0.507812 0.388579 1.0 0.510498 0.388323 1.0 0.512608 0.395741 1.0 0.507812 0.402646 1.0 0.509539 0.402391 1.0
0 0.555176 0.402344 0.022461 0.036458 0.552106 0.400344 1.0 0.559954 0.402436 1.0 0.555769 0.408947 1.0 0.552804 0.412435 1.0 0.558733 0.4129 1.0
0 0.615234 0.377604 0.025391 0.033854 0.612584 0.369001 1.0 0.622192 0.36856 1.0 0.618879 0.376512 1.0 0.614737 0.383138 1.0 0.621695 0.382697 1.0
0 0.65625 0.371745 0.023438 0.03776 0.654297 0.369792 1.0 0.663086 0.36849 1.0 0.661133 0.373698 1.0 0.657227 0.38151 1.0 0.661133 0.38151 1.0
0 0.949707 0.352214 0.030273 0.050781 0.940186 0.348307 1.0 0.947998 0.347656 1.0 0.939453 0.358724 1.0 0.945068 0.366862 1.0 0.951172 0.366536 1.0
0 0.783691 0.373698 0.012695 0.059896 0.0 0.0 0.0 0.0 0.0 0.0 0.0 0.0 0.0 0.0 0.0 0.0 0.0 0.0 0.0
0 0.476562 0.376953 0.019531 0.029948 0.0 0.0 0.0 0.0 0.0 0.0 0.0 0.0 0.0 0.0 0.0 0.0 0.0 0.0 0.0