0 0.037598 0.479167 0.014648 0.052083 0.0 0.0 0.0 0.0 0.0 0.0 0.0 0.0 0.0 0.0 0.0 0.0 0.0 0.0 0.0
0 0.050781 0.514757 0.021484 0.043403 0.049971 0.512175 1.0 0.058197 0.510743 1.0 0.057713 0.517911 1.0 0.053196 0.525368 1.0 0.058197 0.523648 1.0
0 0.073242 0.512153 0.013672 0.027778 0.0 0.0 0.0 0.0 0.0 0.0 0.0 0.0 0.0 0.0 0.0 0.0 0.0 0.0 0.0
0 0.089355 0.483507 0.010742 0.019097 0.0 0.0 0.0 0.0 0.0 0.0 0.0 0.0 0.0 0.0 0.0 0.0 0.0 0.0 0.0
0 0.76416 0.489583 0.014648 0.027778 0.0 0.0 0.0 0.0 0.0 0.0 0.0 0.0 0.0 0.0 0.0 0.0 0.0 0.0 0.0
0 0.831055 0.494792 0.021484 0.045139 0.823146 0.487328 1.0 0.831373 0.485894 1.0 0.824598 0.494497 1.0 0.823953 0.502526 1.0 0.830082 0.502526 1.0
0 0.850098 0.484375 0.012695 0.034722 0.0 0.0 0.0 0.0 0.0 0.0 0.0 0.0 0.0 0.0 0.0 0.0 0.0 0.0 0.0
0 0.859375 0.488715 0.015625 0.026042 0.0 0.0 0.0 0.0 0.0 0.0 0.0 0.0 0.0 0.0 0.0 0.0 0.0 0.0 0.0
0 0.88916 0.484375 0.018555 0.045139 0.883345 0.473757 1.0 0.890441 0.478059 1.0 0.883183 0.488095 1.0 0.884312 0.498993 1.0 0.88657 0.498993 1.0
0 0.354004 0.507812 0.018555 0.039931 0.0 0.0 0.0 0.0 0.0 0.0 0.0 0.0 0.0 0.0 0.0 0.0 0.0 0.0 0.0
0 0.388672 0.485243 0.015625 0.036458 0.388131 0.481825 1.0 0.395159 0.482066 1.0 0.392861 0.489753 1.0 0.388942 0.49504 1.0 0.393402 0.496 1.0
0 0.408203 0.475694 0.013672 0.03125 0.0 0.0 0.0 0.0 0.0 0.0 0.0 0.0 0.0 0.0 0.0 0.0 0.0 0.0 0.0
0 0.429199 0.47309 0.012695 0.029514 0.0 0.0 0.0 0.0 0.0 0.0 0.0 0.0 0.0 0.0 0.0 0.0 0.0 0.0 0.0
0 0.45459 0.53559 0.016602 0.039931 0.451329 0.531561 1.0 0.458889 0.531561 1.0 0.455479 0.541837 1.0 0.452812 0.550007 1.0 0.457703 0.550797 1.0
0 0.463379 0.488715 0.010742 0.029514 0.0 0.0 0.0 0.0 0.0 0.0 0.0 0.0 0.0 0.0 0.0 0.0 0.0 0.0 0.0
0 0.484863 0.510417 0.012695 0.027778 0.482984 0.507766 1.0 0.489302 0.507766 1.0 0.486293 0.512401 1.0 0.483687 0.517927 1.0 0.487597 0.518106 1.0
0 0.51123 0.488715 0.010742 0.022569 0.0 0.0 0.0 0.0 0.0 0.0 0.0 0.0 0.0 0.0 0.0 0.0 0.0 0.0 0.0
0 0.519043 0.528646 0.016602 0.036458 0.512635 0.526615 1.0 0.522443 0.522896 1.0 0.517604 0.531266 1.0 0.514204 0.538707 1.0 0.521659 0.537776 1.0
0 0.532227 0.578993 0.017578 0.032986 0.529053 0.579427 1.0 0.534302 0.57921 1.0 0.53186 0.585938 1.0 0.529053 0.589844 1.0 0.53418 0.589844 1.0
0 0.564941 0.472222 0.012695 0.038194 0.0 0.0 0.0 0.0 0.0 0.0 0.0 0.0 0.0 0.0 0.0 0.0 0.0 0.0 0.0
0 0.28418 0.752604 0.027344 0.067708 0.282732 0.744047 1.0 0.293282 0.74149 1.0 0.290646 0.753425 1.0 0.28537 0.765361 1.0 0.294961 0.759819 1.0
0 0.462402 0.784722 0.022461 0.0625 0.0 0.0 0.0 0.0 0.0 0.0 0.0 0.0 0.0 0.0 0.0 0.0 0.0 0.0 0.0
0 0.629883 0.399306 0.042969 0.121528 0.619411 0.392299 1.0 0.640991 0.395368 1.0 0.630201 0.411481 1.0 0.618116 0.430663 1.0 0.637538 0.433733 1.0
0 0.70752 0.519965 0.018555 0.039931 0.700614 0.51699 1.0 0.707877 0.51699 1.0 0.702985 0.526212 1.0 0.703578 0.541497 1.0 0.708321 0.540705 1.0
0 0.92334 0.494792 0.022461 0.041667 0.0 0.0 0.0 0.0 0.0 0.0 0.0 0.0 0.0 0.0 0.0 0.0 0.0 0.0 0.0
0 0.948242 0.473958 0.029297 0.0625 0.938912 0.470332 1.0 0.943673 0.472345 1.0 0.935738 0.481616 1.0 0.938912 0.489273 1.0 0.943446 0.491288 1.0
0 0.146973 0.517361 0.010742 0.027778 0.0 0.0 0.0 0.0 0.0 0.0 0.0 0.0 0.0 0.0 0.0 0.0 0.0 0.0 0.0
0 0.254395 0.52691 0.014648 0.039931 0.0 0.0 0.0 0.0 0.0 0.0 0.0 0.0 0.0 0.0 0.0 0.0 0.0 0.0 0.0
0 0.135254 0.5 0.006836 0.027778 0.0 0.0 0.0 0.0 0.0 0.0 0.0 0.0 0.0 0.0 0.0 0.0 0.0 0.0 0.0
0 0.166016 0.524306 0.009766 0.020833 0.0 0.0 0.0 0.0 0.0 0.0 0.0 0.0 0.0 0.0 0.0 0.0 0.0 0.0 0.0
0 0.193848 0.5 0.008789 0.017361 0.0 0.0 0.0 0.0 0.0 0.0 0.0 0.0 0.0 0.0 0.0 0.0 0.0 0.0 0.0
0 0.153809 0.5 0.006836 0.020833 0.0 0.0 0.0 0.0 0.0 0.0 0.0 0.0 0.0 0.0 0.0 0.0 0.0 0.0 0.0
0 0.183105 0.518229 0.006836 0.012153 0.0 0.0 0.0 0.0 0.0 0.0 0.0 0.0 0.0 0.0 0.0 0.0 0.0 0.0 0.0
0 0.209473 0.526042 0.022461 0.045139 0.204634 0.515137 1.0 0.215441 0.514851 1.0 0.210118 0.524601 1.0 0.206569 0.53521 1.0 0.214796 0.53521 1.0
0 0.227539 0.500868 0.009766 0.022569 0.0 0.0 0.0 0.0 0.0 0.0 0.0 0.0 0.0 0.0 0.0 0.0 0.0 0.0 0.0
0 0.274414 0.532118 0.017578 0.043403 0.273298 0.53153 1.0 0.27989 0.53125 1.0 0.277535 0.540458 1.0 0.273298 0.546318 1.0 0.278791 0.545759 1.0
0 0.305664 0.509549 0.011719 0.026042 0.0 0.0 0.0 0.0 0.0 0.0 0.0 0.0 0.0 0.0 0.0 0.0 0.0 0.0 0.0
0 0.325684 0.513021 0.008789 0.022569 0.324947 0.509517 1.0 0.328343 0.50937 1.0 0.326521 0.513052 1.0 0.324698 0.516292 1.0 0.32826 0.516439 1.0
0 0.327637 0.492188 0.008789 0.015625 0.0 0.0 0.0 0.0 0.0 0.0 0.0 0.0 0.0 0.0 0.0 0.0 0.0 0.0 0.0
0 0.790039 0.492188 0.013672 0.032986 0.0 0.0 0.0 0.0 0.0 0.0 0.0 0.0 0.0 0.0 0.0 0.0 0.0 0.0 0.0
0 0.768555 0.648438 0.021484 0.039931 0.761967 0.641842 1.0 0.766858 0.643377 1.0 0.762543 0.650793 1.0 0.763118 0.659745 1.0 0.765852 0.660002 1.0