0 0.030273 0.396694 0.033203 0.055096 0.024558 0.384088 1.0 0.038971 0.386541 1.0 0.032759 0.394603 1.0 0.025055 0.404769 1.0 0.038226 0.406871 1.0
0 0.244141 0.342287 0.029297 0.0427 0.0 0.0 0.0 0.0 0.0 0.0 0.0 0.0 0.0 0.0 0.0 0.0 0.0 0.0 0.0
0 0.214355 0.438705 0.032227 0.039945 0.220093 0.436572 1.0 0.219683 0.435993 1.0 0.219683 0.449577 1.0 0.208823 0.448132 1.0 0.208618 0.447554 1.0
0 0.501953 0.241736 0.025391 0.03719 0.504334 0.232924 1.0 0.514705 0.239639 1.0 0.505693 0.243716 1.0 0.499572 0.245634 1.0 0.506034 0.252109 1.0
0 0.720215 0.414601 0.026367 0.049587 0.720795 0.405635 1.0 0.729021 0.407202 1.0 0.728799 0.417866 1.0 0.723463 0.429156 1.0 0.728799 0.428529 1.0
0 0.644531 0.401515 0.027344 0.050964 0.0 0.0 0.0 0.0 0.0 0.0 0.0 0.0 0.0 0.0 0.0 0.0 0.0 0.0 0.0
0 0.671875 0.365702 0.025391 0.053719 0.0 0.0 0.0 0.0 0.0 0.0 0.0 0.0 0.0 0.0 0.0 0.0 0.0 0.0 0.0
0 0.959961 0.358127 0.029297 0.052342 0.0 0.0 0.0 0.0 0.0 0.0 0.0 0.0 0.0 0.0 0.0 0.0 0.0 0.0 0.0
0 0.368652 0.287879 0.014648 0.022039 0.0 0.0 0.0 0.0 0.0 0.0 0.0 0.0 0.0 0.0 0.0 0.0 0.0 0.0 0.0
0 0.436035 0.256198 0.014648 0.024793 0.0 0.0 0.0 0.0 0.0 0.0 0.0 0.0 0.0 0.0 0.0 0.0 0.0 0.0 0.0
0 0.525879 0.477961 0.026367 0.052342 0.0 0.0 0.0 0.0 0.0 0.0 0.0 0.0 0.0 0.0 0.0 0.0 0.0 0.0 0.0
0 0.246094 0.59022 0.056641 0.056474 0.0 0.0 0.0 0.0 0.0 0.0 0.0 0.0 0.0 0.0 0.0 0.0 0.0 0.0 0.0
0 0.423828 0.661157 0.037109 0.035813 0.0 0.0 0.0 0.0 0.0 0.0 0.0 0.0 0.0 0.0 0.0 0.0 0.0 0.0 0.0
0 0.690918 0.414601 0.030273 0.035813 0.0 0.0 0.0 0.0 0.0 0.0 0.0 0.0 0.0 0.0 0.0 0.0 0.0 0.0 0.0