0 0.087891 0.38563 0.03125 0.052786 0.078286 0.37822 1.0 0.085624 0.37822 1.0 0.07962 0.387567 1.0 0.078509 0.399921 1.0 0.086735 0.399587 1.0
0 0.181641 0.401026 0.050781 0.08651 0.164634 0.384727 1.0 0.184897 0.384183 1.0 0.168976 0.39994 1.0 0.164995 0.420043 1.0 0.18345 0.418956 1.0
0 0.320801 0.396628 0.030273 0.054252 0.310634 0.385526 1.0 0.323573 0.384485 1.0 0.314793 0.39524 1.0 0.312714 0.405648 1.0 0.322418 0.405301 1.0
0 0.447266 0.42522 0.058594 0.099707 0.432966 0.408044 1.0 0.450963 0.406158 1.0 0.440081 0.427523 1.0 0.434222 0.446377 1.0 0.454729 0.441978 1.0
0 0.500977 0.418622 0.019531 0.039589 0.497166 0.412416 1.0 0.505284 0.413163 1.0 0.500148 0.418884 1.0 0.497332 0.4256 1.0 0.502468 0.4256 1.0
0 0.571777 0.41129 0.030273 0.057185 0.565674 0.402493 1.0 0.575928 0.403592 1.0 0.570312 0.41239 1.0 0.56543 0.42412 1.0 0.57373 0.424487 1.0
0 0.595703 0.412023 0.025391 0.049853 0.588439 0.403592 1.0 0.598907 0.40295 1.0 0.592285 0.41546 1.0 0.588227 0.42412 1.0 0.596131 0.42412 1.0
0 0.627441 0.417155 0.014648 0.024927 0.0 0.0 0.0 0.0 0.0 0.0 0.0 0.0 0.0 0.0 0.0 0.0 0.0 0.0 0.0
0 0.730957 0.461144 0.061523 0.101173 0.722368 0.439994 1.0 0.744358 0.439359 1.0 0.73294 0.457138 1.0 0.722791 0.478726 1.0 0.743936 0.478726 1.0
0 0.843262 0.427419 0.030273 0.048387 0.842494 0.421658 1.0 0.852748 0.424173 1.0 0.848772 0.427943 1.0 0.841448 0.438626 1.0 0.850237 0.438626 1.0
0 0.88623 0.417155 0.03418 0.057185 0.881104 0.405425 1.0 0.894043 0.406158 1.0 0.888672 0.416056 1.0 0.880371 0.428519 1.0 0.892334 0.428886 1.0
0 0.943848 0.409091 0.030273 0.049853 0.0 0.0 0.0 0.0 0.0 0.0 0.0 0.0 0.0 0.0 0.0 0.0 0.0 0.0 0.0
0 0.988281 0.406158 0.021484 0.064516 0.993086 0.395358 1.0 0.998762 0.395358 1.0 0.998762 0.411997 1.0 0.996059 0.417679 1.0 0.999032 0.418085 1.0
0 0.032227 0.41349 0.015625 0.026393 0.0 0.0 0.0 0.0 0.0 0.0 0.0 0.0 0.0 0.0 0.0 0.0 0.0 0.0 0.0
0 0.275879 0.406891 0.022461 0.036657 0.0 0.0 0.0 0.0 0.0 0.0 0.0 0.0 0.0 0.0 0.0 0.0 0.0 0.0 0.0
0 0.372559 0.425953 0.040039 0.065982 0.0 0.0 0.0 0.0 0.0 0.0 0.0 0.0 0.0 0.0 0.0 0.0 0.0 0.0 0.0