0 0.161133 0.214844 0.033203 0.070312 0.167877 0.211508 1.0 0.17157 0.211954 1.0 0.174256 0.225383 1.0 0.164855 0.235229 1.0 0.168885 0.236125 1.0
0 0.15625 0.43099 0.066406 0.132812 0.163866 0.418701 1.0 0.18631 0.420363 1.0 0.18631 0.440314 1.0 0.172595 0.462757 1.0 0.185687 0.462757 1.0
0 0.345703 0.289062 0.097656 0.197917 0.338227 0.26241 1.0 0.380942 0.271078 1.0 0.372585 0.287173 1.0 0.341012 0.330508 1.0 0.377228 0.335461 1.0
0 0.451172 0.25651 0.033203 0.057292 0.443268 0.249268 1.0 0.448212 0.25 1.0 0.44107 0.259155 1.0 0.444916 0.26831 1.0 0.449859 0.26831 1.0
0 0.567871 0.276693 0.030273 0.050781 0.558014 0.273792 1.0 0.570482 0.273152 1.0 0.563529 0.281785 1.0 0.560651 0.291695 1.0 0.569523 0.292016 1.0
0 0.605957 0.363281 0.067383 0.125 0.587123 0.358707 1.0 0.614785 0.350859 1.0 0.59654 0.378326 1.0 0.591832 0.399513 1.0 0.611254 0.393234 1.0
0 0.699219 0.289714 0.091797 0.196615 0.714442 0.279204 1.0 0.733852 0.284133 1.0 0.741246 0.318638 1.0 0.707049 0.339589 1.0 0.719988 0.346982 1.0
0 0.72998 0.364583 0.036133 0.098958 0.7323 0.353283 1.0 0.737479 0.353911 1.0 0.745013 0.373372 1.0 0.731358 0.395345 1.0 0.736066 0.39409 1.0
0 0.821777 0.294271 0.036133 0.0625 0.813581 0.290992 1.0 0.828107 0.287039 1.0 0.820696 0.300479 1.0 0.817731 0.311547 1.0 0.827218 0.30957 1.0
0 0.964355 0.370443 0.071289 0.175781 0.934562 0.354329 1.0 0.947814 0.341076 1.0 0.927935 0.38194 1.0 0.952785 0.41176 1.0 0.96521 0.402924 1.0
0 0.738281 0.338542 0.046875 0.101562 0.714076 0.279174 1.0 0.735853 0.284982 1.0 0.740692 0.317888 1.0 0.706334 0.342408 1.0 0.720367 0.347569 1.0
0 0.29541 0.406901 0.049805 0.084635 0.0 0.0 0.0 0.0 0.0 0.0 0.0 0.0 0.0 0.0 0.0 0.0 0.0 0.0 0.0
0 0.050781 0.338542 0.021484 0.039062 0.0 0.0 0.0 0.0 0.0 0.0 0.0 0.0 0.0 0.0 0.0 0.0 0.0 0.0 0.0