0 0.144043 0.414348 0.008789 0.014641 0.0 0.0 0.0 0.0 0.0 0.0 0.0 0.0 0.0 0.0 0.0 0.0 0.0 0.0 0.0
0 0.085938 0.409956 0.007812 0.01757 0.0 0.0 0.0 0.0 0.0 0.0 0.0 0.0 0.0 0.0 0.0 0.0 0.0 0.0 0.0
0 0.10498 0.446559 0.010742 0.020498 0.0 0.0 0.0 0.0 0.0 0.0 0.0 0.0 0.0 0.0 0.0 0.0 0.0 0.0 0.0
0 0.120605 0.456076 0.010742 0.016105 0.0 0.0 0.0 0.0 0.0 0.0 0.0 0.0 0.0 0.0 0.0 0.0 0.0 0.0 0.0
0 0.056641 0.464129 0.009766 0.020498 0.0 0.0 0.0 0.0 0.0 0.0 0.0 0.0 0.0 0.0 0.0 0.0 0.0 0.0 0.0
0 0.163574 0.470717 0.012695 0.021962 0.0 0.0 0.0 0.0 0.0 0.0 0.0 0.0 0.0 0.0 0.0 0.0 0.0 0.0 0.0
0 0.062012 0.501464 0.014648 0.030747 0.0 0.0 0.0 0.0 0.0 0.0 0.0 0.0 0.0 0.0 0.0 0.0 0.0 0.0 0.0
0 0.126465 0.494876 0.010742 0.023426 0.0 0.0 0.0 0.0 0.0 0.0 0.0 0.0 0.0 0.0 0.0 0.0 0.0 0.0 0.0
0 0.104004 0.724012 0.040039 0.068814 0.108494 0.724574 1.0 0.115976 0.710769 1.0 0.119716 0.725436 1.0 0.111947 0.740104 1.0 0.119141 0.731476 1.0
0 0.30127 0.544656 0.018555 0.032211 0.302874 0.540682 1.0 0.309989 0.540892 1.0 0.307896 0.548839 1.0 0.304967 0.554069 1.0 0.308175 0.554905 1.0
0 0.30127 0.497072 0.010742 0.027818 0.0 0.0 0.0 0.0 0.0 0.0 0.0 0.0 0.0 0.0 0.0 0.0 0.0 0.0 0.0
0 0.331055 0.486091 0.011719 0.029283 0.0 0.0 0.0 0.0 0.0 0.0 0.0 0.0 0.0 0.0 0.0 0.0 0.0 0.0 0.0
0 0.384277 0.535871 0.014648 0.029283 0.0 0.0 0.0 0.0 0.0 0.0 0.0 0.0 0.0 0.0 0.0 0.0 0.0 0.0 0.0
0 0.199219 0.481698 0.009766 0.020498 0.0 0.0 0.0 0.0 0.0 0.0 0.0 0.0 0.0 0.0 0.0 0.0 0.0 0.0 0.0
0 0.045898 0.45388 0.013672 0.023426 0.0 0.0 0.0 0.0 0.0 0.0 0.0 0.0 0.0 0.0 0.0 0.0 0.0 0.0 0.0
0 0.369629 0.498536 0.010742 0.027818 0.0 0.0 0.0 0.0 0.0 0.0 0.0 0.0 0.0 0.0 0.0 0.0 0.0 0.0 0.0
0 0.48584 0.493411 0.020508 0.040996 0.484637 0.48664 1.0 0.492859 0.49066 1.0 0.491607 0.497091 1.0 0.483922 0.502451 1.0 0.490893 0.504594 1.0
0 0.526855 0.552709 0.016602 0.036603 0.0 0.0 0.0 0.0 0.0 0.0 0.0 0.0 0.0 0.0 0.0 0.0 0.0 0.0 0.0
0 0.541504 0.499268 0.008789 0.023426 0.0 0.0 0.0 0.0 0.0 0.0 0.0 0.0 0.0 0.0 0.0 0.0 0.0 0.0 0.0
0 0.556152 0.531479 0.014648 0.029283 0.0 0.0 0.0 0.0 0.0 0.0 0.0 0.0 0.0 0.0 0.0 0.0 0.0 0.0 0.0
0 0.52002 0.510249 0.014648 0.021962 0.0 0.0 0.0 0.0 0.0 0.0 0.0 0.0 0.0 0.0 0.0 0.0 0.0 0.0 0.0
0 0.635254 0.483163 0.022461 0.055637 0.628862 0.478927 1.0 0.629805 0.478574 1.0 0.625802 0.491987 1.0 0.63004 0.498693 1.0 0.632158 0.497281 1.0
0 0.731934 0.474378 0.018555 0.04978 0.737724 0.465384 1.0 0.739188 0.464757 1.0 0.739606 0.477619 1.0 0.735212 0.486091 1.0 0.736677 0.485463 1.0
0 0.76123 0.524158 0.014648 0.026354 0.763803 0.51972 1.0 0.764979 0.51972 1.0 0.765922 0.526603 1.0 0.763685 0.530837 1.0 0.764979 0.530662 1.0
0 0.919922 0.584919 0.011719 0.027818 0.0 0.0 0.0 0.0 0.0 0.0 0.0 0.0 0.0 0.0 0.0 0.0 0.0 0.0 0.0
0 0.010742 0.439971 0.013672 0.021962 0.0 0.0 0.0 0.0 0.0 0.0 0.0 0.0 0.0 0.0 0.0 0.0 0.0 0.0 0.0
0 0.072754 0.462665 0.008789 0.01757 0.0 0.0 0.0 0.0 0.0 0.0 0.0 0.0 0.0 0.0 0.0 0.0 0.0 0.0 0.0
0 0.285156 0.469985 0.009766 0.023426 0.0 0.0 0.0 0.0 0.0 0.0 0.0 0.0 0.0 0.0 0.0 0.0 0.0 0.0 0.0
0 0.26416 0.483895 0.010742 0.02489 0.0 0.0 0.0 0.0 0.0 0.0 0.0 0.0 0.0 0.0 0.0 0.0 0.0 0.0 0.0