0 0.060059 0.400312 0.016602 0.021807 0.0 0.0 0.0 0.0 0.0 0.0 0.0 0.0 0.0 0.0 0.0 0.0 0.0 0.0 0.0
0 0.101074 0.39486 0.016602 0.029595 0.0 0.0 0.0 0.0 0.0 0.0 0.0 0.0 0.0 0.0 0.0 0.0 0.0 0.0 0.0
0 0.141602 0.394081 0.017578 0.034268 0.0 0.0 0.0 0.0 0.0 0.0 0.0 0.0 0.0 0.0 0.0 0.0 0.0 0.0 0.0
0 0.214844 0.44081 0.023438 0.043614 0.0 0.0 0.0 0.0 0.0 0.0 0.0 0.0 0.0 0.0 0.0 0.0 0.0 0.0 0.0
0 0.276855 0.39486 0.018555 0.029595 0.276978 0.389798 1.0 0.282837 0.389992 1.0 0.280762 0.394276 1.0 0.277222 0.400701 1.0 0.282959 0.40109 1.0
0 0.321289 0.412773 0.019531 0.031153 0.0 0.0 0.0 0.0 0.0 0.0 0.0 0.0 0.0 0.0 0.0 0.0 0.0 0.0 0.0
0 0.370605 0.405763 0.020508 0.042056 0.368396 0.395255 1.0 0.377066 0.395255 1.0 0.372646 0.403664 1.0 0.367205 0.413427 1.0 0.374856 0.413427 1.0
0 0.455078 0.419003 0.025391 0.046729 0.455152 0.409254 1.0 0.463775 0.410151 1.0 0.459464 0.417626 1.0 0.454027 0.42869 1.0 0.462463 0.430185 1.0
0 0.538574 0.398754 0.018555 0.034268 0.0 0.0 0.0 0.0 0.0 0.0 0.0 0.0 0.0 0.0 0.0 0.0 0.0 0.0 0.0
0 0.565918 0.449377 0.02832 0.048287 0.565534 0.439419 1.0 0.574934 0.439114 1.0 0.572632 0.451045 1.0 0.564384 0.457777 1.0 0.573016 0.458389 1.0
0 0.592285 0.429128 0.018555 0.045171 0.0 0.0 0.0 0.0 0.0 0.0 0.0 0.0 0.0 0.0 0.0 0.0 0.0 0.0 0.0
0 0.726562 0.41433 0.027344 0.05296 0.0 0.0 0.0 0.0 0.0 0.0 0.0 0.0 0.0 0.0 0.0 0.0 0.0 0.0 0.0
0 0.771484 0.429128 0.025391 0.045171 0.77189 0.42029 1.0 0.781006 0.41915 1.0 0.777967 0.430553 1.0 0.772247 0.439106 1.0 0.779397 0.438821 1.0
0 0.47168 0.392523 0.007812 0.015576 0.0 0.0 0.0 0.0 0.0 0.0 0.0 0.0 0.0 0.0 0.0 0.0 0.0 0.0 0.0
0 0.496094 0.392523 0.007812 0.012461 0.0 0.0 0.0 0.0 0.0 0.0 0.0 0.0 0.0 0.0 0.0 0.0 0.0 0.0 0.0