0 0.044434 0.337097 0.030273 0.064516 0.038888 0.333756 1.0 0.051784 0.333339 1.0 0.046474 0.342108 1.0 0.041164 0.35589 1.0 0.051531 0.355473 1.0
0 0.078613 0.339516 0.030273 0.066129 0.076172 0.332258 1.0 0.085938 0.329032 1.0 0.082031 0.343548 1.0 0.074219 0.358065 1.0 0.088867 0.356452 1.0
0 0.10498 0.341129 0.032227 0.062903 0.102822 0.332021 1.0 0.113853 0.332021 1.0 0.110016 0.342318 1.0 0.104261 0.356574 1.0 0.112894 0.356177 1.0
0 0.138672 0.333871 0.029297 0.058065 0.13637 0.323647 1.0 0.146798 0.325144 1.0 0.141811 0.334505 1.0 0.136144 0.34424 1.0 0.147252 0.34349 1.0
0 0.172363 0.316935 0.032227 0.062903 0.166992 0.306452 1.0 0.182617 0.306452 1.0 0.175781 0.316129 1.0 0.168945 0.329032 1.0 0.180664 0.332258 1.0
0 0.211426 0.307258 0.02832 0.059677 0.212555 0.298481 1.0 0.22018 0.298863 1.0 0.220411 0.310692 1.0 0.211169 0.322905 1.0 0.22226 0.322905 1.0
0 0.244629 0.291935 0.03418 0.074194 0.23904 0.27896 1.0 0.252075 0.2813 1.0 0.248107 0.288789 1.0 0.240174 0.305639 1.0 0.250941 0.306106 1.0
0 0.281738 0.276613 0.03418 0.069355 0.280408 0.264019 1.0 0.293972 0.265337 1.0 0.289185 0.274121 1.0 0.279345 0.291252 1.0 0.291578 0.292569 1.0
0 0.33252 0.248387 0.036133 0.070968 0.328674 0.242137 1.0 0.344055 0.239869 1.0 0.337188 0.254839 1.0 0.330871 0.265726 1.0 0.339386 0.265726 1.0
0 0.388184 0.189516 0.038086 0.091935 0.380985 0.181487 1.0 0.398643 0.183237 1.0 0.391227 0.193735 1.0 0.384518 0.212982 1.0 0.398289 0.213566 1.0
0 0.458984 0.310484 0.015625 0.033871 0.0 0.0 0.0 0.0 0.0 0.0 0.0 0.0 0.0 0.0 0.0 0.0 0.0 0.0 0.0
0 0.504395 0.274194 0.036133 0.074194 0.501435 0.268031 1.0 0.516453 0.266626 1.0 0.509369 0.274115 1.0 0.502284 0.289092 1.0 0.516453 0.288623 1.0
0 0.546387 0.231452 0.036133 0.079032 0.542102 0.219902 1.0 0.557142 0.218908 1.0 0.552028 0.227852 1.0 0.54541 0.250706 1.0 0.555337 0.249215 1.0
0 0.592773 0.291129 0.035156 0.069355 0.0 0.0 0.0 0.0 0.0 0.0 0.0 0.0 0.0 0.0 0.0 0.0 0.0 0.0 0.0
0 0.656738 0.271774 0.036133 0.072581 0.654088 0.259447 1.0 0.668038 0.258526 1.0 0.662179 0.271429 1.0 0.655204 0.286176 1.0 0.66748 0.285715 1.0
0 0.714355 0.248387 0.038086 0.080645 0.712319 0.238379 1.0 0.727796 0.240423 1.0 0.723153 0.251671 1.0 0.714177 0.268542 1.0 0.726867 0.269052 1.0
0 0.746582 0.302419 0.026367 0.066129 0.742188 0.301613 1.0 0.755859 0.3 1.0 0.75 0.309677 1.0 0.743164 0.322581 1.0 0.755859 0.324194 1.0
0 0.812012 0.280645 0.036133 0.080645 0.811523 0.274194 1.0 0.825195 0.275806 1.0 0.820312 0.290323 1.0 0.810547 0.3 1.0 0.823242 0.304839 1.0
0 0.893066 0.191129 0.047852 0.085484 0.891253 0.177735 1.0 0.909808 0.178284 1.0 0.903181 0.187039 1.0 0.890922 0.208381 1.0 0.909808 0.208929 1.0
0 0.964355 0.296774 0.032227 0.083871 0.0 0.0 0.0 0.0 0.0 0.0 0.0 0.0 0.0 0.0 0.0 0.0 0.0 0.0 0.0