0 0.496582 0.332111 0.026367 0.045455 0.491974 0.328289 1.0 0.502176 0.329466 1.0 0.496879 0.336537 1.0 0.492759 0.343311 1.0 0.501391 0.343606 1.0
0 0.821289 0.521994 0.007812 0.014663 0.0 0.0 0.0 0.0 0.0 0.0 0.0 0.0 0.0 0.0 0.0 0.0 0.0 0.0 0.0
0 0.919922 0.521994 0.005859 0.01173 0.0 0.0 0.0 0.0 0.0 0.0 0.0 0.0 0.0 0.0 0.0 0.0 0.0 0.0 0.0
0 0.939453 0.520528 0.005859 0.01173 0.0 0.0 0.0 0.0 0.0 0.0 0.0 0.0 0.0 0.0 0.0 0.0 0.0 0.0 0.0
0 0.966309 0.55132 0.004883 0.01173 0.0 0.0 0.0 0.0 0.0 0.0 0.0 0.0 0.0 0.0 0.0 0.0 0.0 0.0 0.0
0 0.991699 0.557918 0.006836 0.013196 0.0 0.0 0.0 0.0 0.0 0.0 0.0 0.0 0.0 0.0 0.0 0.0 0.0 0.0 0.0
0 0.04248 0.56305 0.008789 0.02346 0.042969 0.56305 1.0 0.045898 0.56305 1.0 0.045898 0.567449 1.0 0.042969 0.570381 1.0 0.044922 0.570381 1.0
0 0.064453 0.563783 0.009766 0.019062 0.062962 0.563161 1.0 0.066441 0.56229 1.0 0.065778 0.567265 1.0 0.064205 0.569877 1.0 0.067601 0.568384 1.0
0 0.897461 0.568915 0.005859 0.014663 0.0 0.0 0.0 0.0 0.0 0.0 0.0 0.0 0.0 0.0 0.0 0.0 0.0 0.0 0.0
0 0.915527 0.576979 0.004883 0.010264 0.0 0.0 0.0 0.0 0.0 0.0 0.0 0.0 0.0 0.0 0.0 0.0 0.0 0.0 0.0
0 0.859863 0.516862 0.006836 0.010264 0.0 0.0 0.0 0.0 0.0 0.0 0.0 0.0 0.0 0.0 0.0 0.0 0.0 0.0 0.0
0 0.874023 0.565249 0.005859 0.010264 0.0 0.0 0.0 0.0 0.0 0.0 0.0 0.0 0.0 0.0 0.0 0.0 0.0 0.0 0.0
0 0.87793 0.560117 0.005859 0.01173 0.0 0.0 0.0 0.0 0.0 0.0 0.0 0.0 0.0 0.0 0.0 0.0 0.0 0.0 0.0
0 0.984375 0.51393 0.005859 0.010264 0.0 0.0 0.0 0.0 0.0 0.0 0.0 0.0 0.0 0.0 0.0 0.0 0.0 0.0 0.0
0 0.985352 0.543255 0.003906 0.010264 0.0 0.0 0.0 0.0 0.0 0.0 0.0 0.0 0.0 0.0 0.0 0.0 0.0 0.0 0.0
0 0.905762 0.519062 0.004883 0.008798 0.0 0.0 0.0 0.0 0.0 0.0 0.0 0.0 0.0 0.0 0.0 0.0 0.0 0.0 0.0