0 0.206055 0.299012 0.03125 0.074135 0.201386 0.293657 1.0 0.21402 0.295974 1.0 0.206329 0.311265 1.0 0.200287 0.318214 1.0 0.210175 0.319142 1.0
0 0.26416 0.199341 0.022461 0.052718 0.258257 0.194649 1.0 0.267683 0.194987 1.0 0.262067 0.203445 1.0 0.260263 0.212918 1.0 0.266881 0.21258 1.0
0 0.356445 0.286656 0.03125 0.075783 0.359846 0.286787 1.0 0.370048 0.286787 1.0 0.369764 0.299217 1.0 0.359846 0.310213 1.0 0.366646 0.311168 1.0
0 0.39502 0.2743 0.032227 0.060956 0.391584 0.270035 1.0 0.402919 0.26468 1.0 0.401559 0.27883 1.0 0.394758 0.291069 1.0 0.406773 0.286862 1.0
0 0.510742 0.324547 0.039062 0.049423 0.0 0.0 0.0 0.0 0.0 0.0 0.0 0.0 0.0 0.0 0.0 0.0 0.0 0.0 0.0
0 0.558105 0.237232 0.030273 0.059308 0.552503 0.227407 1.0 0.563176 0.227031 1.0 0.556061 0.241285 1.0 0.55317 0.253288 1.0 0.564065 0.252161 1.0
0 0.605957 0.313015 0.038086 0.062603 0.59668 0.30972 1.0 0.606445 0.306425 1.0 0.599609 0.324547 1.0 0.604492 0.332784 1.0 0.610352 0.327842 1.0
0 0.548828 0.335255 0.029297 0.07084 0.5467 0.334506 1.0 0.555211 0.335852 1.0 0.55202 0.3529 1.0 0.538988 0.35918 1.0 0.547765 0.360526 1.0
0 0.666504 0.240527 0.043945 0.069193 0.654018 0.237939 1.0 0.654297 0.237939 1.0 0.654018 0.25912 1.0 0.665458 0.25912 1.0 0.665458 0.258649 1.0
0 0.819336 0.264415 0.033203 0.07084 0.808742 0.254692 1.0 0.8239 0.253346 1.0 0.815656 0.270394 1.0 0.809273 0.276675 1.0 0.82257 0.279367 1.0
0 0.894043 0.261944 0.026367 0.069193 0.886584 0.252876 1.0 0.898416 0.253743 1.0 0.889413 0.266328 1.0 0.885812 0.273703 1.0 0.89713 0.27544 1.0
0 0.922363 0.258649 0.030273 0.072488 0.910252 0.251074 1.0 0.916739 0.251074 1.0 0.90836 0.270226 1.0 0.915388 0.27889 1.0 0.919442 0.279344 1.0