0 0.097656 0.433594 0.011719 0.058594 0.101562 0.421875 1.0 0.098633 0.421875 1.0 0.102539 0.439453 1.0 0.100586 0.449219 1.0 0.097656 0.447266 1.0
0 0.281738 0.467773 0.014648 0.037109 0.275391 0.460938 1.0 0.282227 0.460938 1.0 0.277344 0.46875 1.0 0.276367 0.474609 1.0 0.28125 0.474609 1.0
0 0.32959 0.449219 0.016602 0.042969 0.323242 0.443359 1.0 0.329102 0.443359 1.0 0.325195 0.451172 1.0 0.323242 0.458984 1.0 0.327148 0.458984 1.0
0 0.383789 0.450195 0.017578 0.041016 0.378623 0.443918 1.0 0.38484 0.444188 1.0 0.379975 0.450945 1.0 0.378894 0.459594 1.0 0.384975 0.460135 1.0
0 0.428711 0.432617 0.019531 0.048828 0.420898 0.427002 1.0 0.427002 0.427918 1.0 0.422119 0.436768 1.0 0.421509 0.445617 1.0 0.426392 0.445617 1.0
0 0.503418 0.438477 0.016602 0.044922 0.496975 0.432783 1.0 0.50388 0.43192 1.0 0.498413 0.438826 1.0 0.498413 0.449471 1.0 0.503736 0.448609 1.0
0 0.546875 0.430664 0.019531 0.052734 0.541016 0.421875 1.0 0.547852 0.423828 1.0 0.541992 0.429688 1.0 0.541992 0.4375 1.0 0.545898 0.439453 1.0
0 0.606934 0.44043 0.020508 0.044922 0.601562 0.435547 1.0 0.607422 0.433594 1.0 0.603516 0.443359 1.0 0.602539 0.451172 1.0 0.605469 0.451172 1.0
0 0.661621 0.443359 0.016602 0.039062 0.657575 0.438338 1.0 0.663391 0.437578 1.0 0.659219 0.444406 1.0 0.65846 0.453508 1.0 0.661621 0.453004 1.0
0 0.685059 0.404297 0.022461 0.050781 0.678925 0.396223 1.0 0.686506 0.396867 1.0 0.681021 0.404289 1.0 0.679408 0.41558 1.0 0.685377 0.41558 1.0
0 0.762207 0.415039 0.016602 0.041016 0.756836 0.408203 1.0 0.761719 0.408203 1.0 0.757812 0.416016 1.0 0.757812 0.423828 1.0 0.761719 0.423828 1.0
0 0.804688 0.396484 0.025391 0.0625 0.796779 0.391672 1.0 0.806205 0.39127 1.0 0.799988 0.401297 1.0 0.797581 0.412527 1.0 0.803798 0.411727 1.0
0 0.848633 0.392578 0.021484 0.050781 0.844601 0.389988 1.0 0.852988 0.389988 1.0 0.847504 0.398699 1.0 0.846052 0.418379 1.0 0.851053 0.418379 1.0
0 0.886719 0.420898 0.021484 0.044922 0.880994 0.415719 1.0 0.889195 0.413418 1.0 0.88344 0.425215 1.0 0.881714 0.431545 1.0 0.8879 0.430105 1.0