0 0.151855 0.243286 0.022461 0.050553 0.154702 0.238054 1.0 0.15843 0.23964 1.0 0.159411 0.251382 1.0 0.151367 0.256777 1.0 0.15588 0.258998 1.0
0 0.118164 0.180095 0.013672 0.031596 0.0 0.0 0.0 0.0 0.0 0.0 0.0 0.0 0.0 0.0 0.0 0.0 0.0 0.0 0.0
0 0.268066 0.219589 0.012695 0.028436 0.0 0.0 0.0 0.0 0.0 0.0 0.0 0.0 0.0 0.0 0.0 0.0 0.0 0.0 0.0
0 0.297363 0.244076 0.014648 0.033175 0.291792 0.243858 1.0 0.295306 0.244076 1.0 0.291792 0.249104 1.0 0.291116 0.253477 1.0 0.293819 0.253695 1.0
0 0.302734 0.306477 0.015625 0.034755 0.295406 0.30525 1.0 0.29946 0.305687 1.0 0.296352 0.311371 1.0 0.297568 0.317055 1.0 0.299865 0.316619 1.0
0 0.349121 0.317536 0.016602 0.037915 0.0 0.0 0.0 0.0 0.0 0.0 0.0 0.0 0.0 0.0 0.0 0.0 0.0 0.0 0.0
0 0.350098 0.247235 0.012695 0.020537 0.0 0.0 0.0 0.0 0.0 0.0 0.0 0.0 0.0 0.0 0.0 0.0 0.0 0.0 0.0
0 0.379883 0.345972 0.021484 0.037915 0.372472 0.338539 1.0 0.37929 0.339258 1.0 0.372916 0.347171 1.0 0.372916 0.354363 1.0 0.37677 0.355562 1.0
0 0.405273 0.390205 0.017578 0.041074 0.400761 0.384196 1.0 0.400923 0.384196 1.0 0.398503 0.392286 1.0 0.403826 0.399332 1.0 0.403665 0.399592 1.0
0 0.467773 0.293049 0.011719 0.030016 0.0 0.0 0.0 0.0 0.0 0.0 0.0 0.0 0.0 0.0 0.0 0.0 0.0 0.0 0.0
0 0.510742 0.315166 0.011719 0.026856 0.505297 0.312169 1.0 0.510528 0.311463 1.0 0.507694 0.317281 1.0 0.50497 0.323629 1.0 0.510528 0.322395 1.0
0 0.483887 0.344392 0.012695 0.031596 0.0 0.0 0.0 0.0 0.0 0.0 0.0 0.0 0.0 0.0 0.0 0.0 0.0 0.0 0.0
0 0.452148 0.397314 0.021484 0.048973 0.444179 0.387807 1.0 0.451276 0.391531 1.0 0.443795 0.399599 1.0 0.441877 0.405806 1.0 0.447632 0.40922 1.0
0 0.512695 0.378357 0.019531 0.033175 0.511814 0.371333 1.0 0.518877 0.376411 1.0 0.514823 0.380641 1.0 0.508676 0.386777 1.0 0.513253 0.390586 1.0
0 0.526855 0.349921 0.014648 0.026856 0.0 0.0 0.0 0.0 0.0 0.0 0.0 0.0 0.0 0.0 0.0 0.0 0.0 0.0 0.0
0 0.576172 0.35861 0.015625 0.031596 0.575178 0.355365 1.0 0.581499 0.354957 1.0 0.579224 0.361297 1.0 0.576189 0.367024 1.0 0.580614 0.367433 1.0
0 0.478027 0.465245 0.020508 0.045814 0.472168 0.466035 1.0 0.472168 0.466035 1.0 0.469787 0.473144 1.0 0.474914 0.48588 1.0 0.475098 0.486177 1.0
0 0.575684 0.42654 0.024414 0.034755 0.0 0.0 0.0 0.0 0.0 0.0 0.0 0.0 0.0 0.0 0.0 0.0 0.0 0.0 0.0
0 0.582031 0.518167 0.03125 0.063191 0.572854 0.508935 1.0 0.579315 0.518182 1.0 0.56863 0.525016 1.0 0.569872 0.538684 1.0 0.575836 0.541095 1.0
0 0.622559 0.476303 0.022461 0.026856 0.0 0.0 0.0 0.0 0.0 0.0 0.0 0.0 0.0 0.0 0.0 0.0 0.0 0.0 0.0
0 0.668457 0.399684 0.016602 0.037915 0.666888 0.398965 1.0 0.673113 0.400403 1.0 0.670445 0.406158 1.0 0.66748 0.410474 1.0 0.671631 0.411673 1.0
0 0.723145 0.454186 0.016602 0.042654 0.717407 0.454736 1.0 0.721828 0.456937 1.0 0.716217 0.462163 1.0 0.717067 0.467389 1.0 0.720638 0.46849 1.0
0 0.854004 0.345182 0.012695 0.036335 0.851737 0.345731 1.0 0.85485 0.347411 1.0 0.850551 0.354125 1.0 0.853812 0.356761 1.0 0.856035 0.357722 1.0
0 0.828613 0.49842 0.022461 0.039494 0.823417 0.489251 1.0 0.830322 0.492044 1.0 0.822945 0.496869 1.0 0.82169 0.503724 1.0 0.826085 0.506262 1.0
0 0.679688 0.64139 0.033203 0.066351 0.0 0.0 0.0 0.0 0.0 0.0 0.0 0.0 0.0 0.0 0.0 0.0 0.0 0.0 0.0
0 0.894043 0.556872 0.022461 0.045814 0.886291 0.55075 1.0 0.895264 0.552825 1.0 0.885376 0.559637 1.0 0.884461 0.56793 1.0 0.890869 0.571188 1.0
0 0.932129 0.591627 0.016602 0.048973 0.0 0.0 0.0 0.0 0.0 0.0 0.0 0.0 0.0 0.0 0.0 0.0 0.0 0.0 0.0
0 0.292969 0.481043 0.025391 0.058452 0.0 0.0 0.0 0.0 0.0 0.0 0.0 0.0 0.0 0.0 0.0 0.0 0.0 0.0 0.0
0 0.318848 0.272512 0.016602 0.020537 0.0 0.0 0.0 0.0 0.0 0.0 0.0 0.0 0.0 0.0 0.0 0.0 0.0 0.0 0.0
0 0.355957 0.259874 0.012695 0.023697 0.0 0.0 0.0 0.0 0.0 0.0 0.0 0.0 0.0 0.0 0.0 0.0 0.0 0.0 0.0