0 0.036621 0.637755 0.008789 0.016035 0.0 0.0 0.0 0.0 0.0 0.0 0.0 0.0 0.0 0.0 0.0 0.0 0.0 0.0 0.0
0 0.083496 0.64723 0.008789 0.017493 0.079694 0.646293 1.0 0.083226 0.646411 1.0 0.081028 0.648636 1.0 0.079852 0.652267 1.0 0.082362 0.65215 1.0
0 0.259766 0.622449 0.007812 0.014577 0.0 0.0 0.0 0.0 0.0 0.0 0.0 0.0 0.0 0.0 0.0 0.0 0.0 0.0 0.0
0 0.29541 0.591108 0.006836 0.016035 0.0 0.0 0.0 0.0 0.0 0.0 0.0 0.0 0.0 0.0 0.0 0.0 0.0 0.0 0.0
0 0.371582 0.619534 0.006836 0.014577 0.37091 0.618258 1.0 0.37207 0.617711 1.0 0.371948 0.619259 1.0 0.371154 0.621538 1.0 0.372619 0.621173 1.0
0 0.660645 0.842566 0.016602 0.034985 0.655884 0.837965 1.0 0.661682 0.839787 1.0 0.655273 0.84457 1.0 0.657715 0.852315 1.0 0.658173 0.852086 1.0
0 0.541992 0.725948 0.011719 0.020408 0.542236 0.723851 1.0 0.546539 0.723716 1.0 0.544892 0.727268 1.0 0.542603 0.730822 1.0 0.545898 0.730685 1.0
0 0.612305 0.677843 0.007812 0.020408 0.0 0.0 0.0 0.0 0.0 0.0 0.0 0.0 0.0 0.0 0.0 0.0 0.0 0.0 0.0
0 0.632324 0.684402 0.012695 0.021866 0.628234 0.683219 1.0 0.632629 0.681714 1.0 0.630799 0.684585 1.0 0.629791 0.687592 1.0 0.632629 0.686087 1.0
0 0.524414 0.681487 0.009766 0.01895 0.520961 0.680238 1.0 0.52227 0.680108 1.0 0.520612 0.683621 1.0 0.520961 0.686875 1.0 0.521833 0.686875 1.0
0 0.429688 0.688047 0.009766 0.017493 0.430769 0.683895 1.0 0.433045 0.683895 1.0 0.433045 0.687292 1.0 0.431396 0.690806 1.0 0.432652 0.690923 1.0
0 0.508301 0.635569 0.008789 0.014577 0.0 0.0 0.0 0.0 0.0 0.0 0.0 0.0 0.0 0.0 0.0 0.0 0.0 0.0 0.0
0 0.66748 0.607872 0.006836 0.011662 0.0 0.0 0.0 0.0 0.0 0.0 0.0 0.0 0.0 0.0 0.0 0.0 0.0 0.0 0.0
0 0.645508 0.599854 0.005859 0.010204 0.0 0.0 0.0 0.0 0.0 0.0 0.0 0.0 0.0 0.0 0.0 0.0 0.0 0.0 0.0
0 0.557617 0.596939 0.005859 0.010204 0.0 0.0 0.0 0.0 0.0 0.0 0.0 0.0 0.0 0.0 0.0 0.0 0.0 0.0 0.0
0 0.649414 0.639942 0.007812 0.011662 0.0 0.0 0.0 0.0 0.0 0.0 0.0 0.0 0.0 0.0 0.0 0.0 0.0 0.0 0.0
0 0.696777 0.642857 0.006836 0.014577 0.0 0.0 0.0 0.0 0.0 0.0 0.0 0.0 0.0 0.0 0.0 0.0 0.0 0.0 0.0
0 0.737305 0.637755 0.007812 0.010204 0.0 0.0 0.0 0.0 0.0 0.0 0.0 0.0 0.0 0.0 0.0 0.0 0.0 0.0 0.0
0 0.522949 0.509475 0.00293 0.007289 0.0 0.0 0.0 0.0 0.0 0.0 0.0 0.0 0.0 0.0 0.0 0.0 0.0 0.0 0.0
0 0.458984 0.680029 0.007812 0.01895 0.457537 0.678389 1.0 0.458321 0.678519 1.0 0.45745 0.683595 1.0 0.45963 0.6875 1.0 0.460152 0.68698 1.0
0 0.295898 0.709913 0.005859 0.017493 0.0 0.0 0.0 0.0 0.0 0.0 0.0 0.0 0.0 0.0 0.0 0.0 0.0 0.0 0.0
0 0.77832 0.652332 0.005859 0.01312 0.0 0.0 0.0 0.0 0.0 0.0 0.0 0.0 0.0 0.0 0.0 0.0 0.0 0.0 0.0
0 0.552246 0.629009 0.006836 0.01312 0.0 0.0 0.0 0.0 0.0 0.0 0.0 0.0 0.0 0.0 0.0 0.0 0.0 0.0 0.0
0 0.717285 0.521866 0.004883 0.008746 0.0 0.0 0.0 0.0 0.0 0.0 0.0 0.0 0.0 0.0 0.0 0.0 0.0 0.0 0.0
0 0.258301 0.663265 0.008789 0.017493 0.0 0.0 0.0 0.0 0.0 0.0 0.0 0.0 0.0 0.0 0.0 0.0 0.0 0.0 0.0
0 0.285645 0.637026 0.006836 0.011662 0.0 0.0 0.0 0.0 0.0 0.0 0.0 0.0 0.0 0.0 0.0 0.0 0.0 0.0 0.0
0 0.298828 0.641399 0.007812 0.014577 0.296609 0.640085 1.0 0.298571 0.639792 1.0 0.296348 0.64272 1.0 0.296936 0.645746 1.0 0.298179 0.645453 1.0
0 0.325195 0.681487 0.007812 0.016035 0.0 0.0 0.0 0.0 0.0 0.0 0.0 0.0 0.0 0.0 0.0 0.0 0.0 0.0 0.0
0 0.396973 0.612974 0.006836 0.01312 0.395669 0.612044 1.0 0.398899 0.61179 1.0 0.397086 0.615512 1.0 0.395782 0.618726 1.0 0.399296 0.618641 1.0
0 0.470703 0.636297 0.005859 0.01312 0.0 0.0 0.0 0.0 0.0 0.0 0.0 0.0 0.0 0.0 0.0 0.0 0.0 0.0 0.0
0 0.486816 0.591837 0.006836 0.014577 0.0 0.0 0.0 0.0 0.0 0.0 0.0 0.0 0.0 0.0 0.0 0.0 0.0 0.0 0.0
0 0.114258 0.611516 0.007812 0.01312 0.0 0.0 0.0 0.0 0.0 0.0 0.0 0.0 0.0 0.0 0.0 0.0 0.0 0.0 0.0
0 0.979004 0.742711 0.014648 0.024781 0.0 0.0 0.0 0.0 0.0 0.0 0.0 0.0 0.0 0.0 0.0 0.0 0.0 0.0 0.0