0 0.217285 0.394238 0.043945 0.056163 0.215385 0.394225 1.0 0.205968 0.393522 1.0 0.211146 0.40794 1.0 0.230922 0.416028 1.0 0.227626 0.415677 1.0
0 0.378418 0.396791 0.022461 0.05981 0.0 0.0 0.0 0.0 0.0 0.0 0.0 0.0 0.0 0.0 0.0 0.0 0.0 0.0 0.0
0 0.031738 0.426696 0.026367 0.03647 0.0 0.0 0.0 0.0 0.0 0.0 0.0 0.0 0.0 0.0 0.0 0.0 0.0 0.0 0.0
0 0.01123 0.354121 0.014648 0.015317 0.006295 0.34897 1.0 0.009565 0.349751 1.0 0.002895 0.353659 1.0 0.004595 0.357566 1.0 0.00708 0.358348 1.0
0 0.05957 0.36725 0.013672 0.010941 0.0 0.0 0.0 0.0 0.0 0.0 0.0 0.0 0.0 0.0 0.0 0.0 0.0 0.0 0.0
0 0.075684 0.318381 0.008789 0.008023 0.0 0.0 0.0 0.0 0.0 0.0 0.0 0.0 0.0 0.0 0.0 0.0 0.0 0.0 0.0
0 0.046387 0.324581 0.006836 0.005835 0.0 0.0 0.0 0.0 0.0 0.0 0.0 0.0 0.0 0.0 0.0 0.0 0.0 0.0 0.0
0 0.127441 0.327863 0.006836 0.005106 0.0 0.0 0.0 0.0 0.0 0.0 0.0 0.0 0.0 0.0 0.0 0.0 0.0 0.0 0.0
0 0.828125 0.294311 0.029297 0.026988 0.824463 0.28785 1.0 0.838065 0.286834 1.0 0.833758 0.291406 1.0 0.828771 0.297333 1.0 0.838745 0.296486 1.0
0 0.915039 0.287017 0.035156 0.028446 0.913086 0.281364 1.0 0.928467 0.281546 1.0 0.92334 0.287746 1.0 0.915039 0.293217 1.0 0.924805 0.293034 1.0
0 0.947266 0.311087 0.027344 0.022611 0.943133 0.306137 1.0 0.954643 0.305708 1.0 0.951189 0.311295 1.0 0.945435 0.316166 1.0 0.953683 0.316166 1.0
0 0.621582 0.337345 0.010742 0.010941 0.0 0.0 0.0 0.0 0.0 0.0 0.0 0.0 0.0 0.0 0.0 0.0 0.0 0.0 0.0
0 0.178223 0.36105 0.010742 0.01167 0.0 0.0 0.0 0.0 0.0 0.0 0.0 0.0 0.0 0.0 0.0 0.0 0.0 0.0 0.0