0 0.486816 0.52489 0.047852 0.136164 0.496094 0.513909 1.0 0.50293 0.512445 1.0 0.509766 0.527086 1.0 0.504883 0.560761 1.0 0.508789 0.559297 1.0
0 0.640137 0.422401 0.020508 0.04246 0.643066 0.414258 1.0 0.649658 0.415356 1.0 0.650939 0.423042 1.0 0.643615 0.431003 1.0 0.648377 0.431003 1.0
0 0.662598 0.349195 0.008789 0.019034 0.660156 0.345534 1.0 0.665039 0.345534 1.0 0.662109 0.349927 1.0 0.660156 0.357247 1.0 0.665039 0.357247 1.0
0 0.624023 0.346999 0.013672 0.023426 0.619795 0.342946 1.0 0.62411 0.342515 1.0 0.621904 0.34841 1.0 0.62037 0.352868 1.0 0.623823 0.353155 1.0
0 0.555664 0.354319 0.013672 0.023426 0.553872 0.35058 1.0 0.559287 0.349078 1.0 0.557683 0.355993 1.0 0.554374 0.361404 1.0 0.559387 0.360653 1.0
0 0.546387 0.35798 0.006836 0.016105 0.0 0.0 0.0 0.0 0.0 0.0 0.0 0.0 0.0 0.0 0.0 0.0 0.0 0.0 0.0
0 0.51416 0.341874 0.012695 0.027818 0.510376 0.33675 1.0 0.516724 0.336567 1.0 0.51416 0.34224 1.0 0.51123 0.348097 1.0 0.516724 0.347731 1.0
0 0.491211 0.347731 0.023438 0.039531 0.493164 0.34407 1.0 0.500977 0.342606 1.0 0.498047 0.352855 1.0 0.493164 0.36164 1.0 0.500977 0.360176 1.0
0 0.431641 0.356515 0.015625 0.030747 0.427193 0.351861 1.0 0.435695 0.3499 1.0 0.43321 0.358921 1.0 0.42981 0.365 1.0 0.43661 0.36343 1.0
0 0.367676 0.353587 0.036133 0.068814 0.37085 0.339521 1.0 0.383598 0.343966 1.0 0.380633 0.3573 1.0 0.368182 0.367078 1.0 0.378261 0.370189 1.0
0 0.381836 0.325769 0.019531 0.036603 0.370675 0.339155 1.0 0.384173 0.344097 1.0 0.379464 0.350214 1.0 0.376168 0.350921 1.0 0.382289 0.350921 1.0
0 0.397949 0.349195 0.012695 0.02489 0.395508 0.342606 1.0 0.401367 0.341142 1.0 0.400391 0.346999 1.0 0.395508 0.352855 1.0 0.401367 0.352855 1.0
0 0.311523 0.33675 0.015625 0.032211 0.308733 0.330265 1.0 0.317383 0.32922 1.0 0.314732 0.336331 1.0 0.311244 0.343861 1.0 0.318499 0.34407 1.0
0 0.285645 0.34041 0.02832 0.045388 0.286529 0.331004 1.0 0.295946 0.33218 1.0 0.293592 0.340416 1.0 0.288295 0.350417 1.0 0.296143 0.3513 1.0
0 0.239258 0.343338 0.021484 0.036603 0.236259 0.3379 1.0 0.247088 0.340489 1.0 0.242536 0.34543 1.0 0.237671 0.351783 1.0 0.244576 0.353666 1.0
0 0.19873 0.346266 0.026367 0.039531 0.196054 0.336933 1.0 0.207955 0.337952 1.0 0.203875 0.346874 1.0 0.197754 0.354266 1.0 0.207445 0.355032 1.0
0 0.127441 0.346266 0.063477 0.112738 0.134569 0.324893 1.0 0.154053 0.32988 1.0 0.155479 0.347691 1.0 0.138847 0.37049 1.0 0.154528 0.374053 1.0
0 0.029297 0.336018 0.056641 0.077599 0.030744 0.321801 1.0 0.051017 0.322291 1.0 0.051344 0.338469 1.0 0.040227 0.352685 1.0 0.056902 0.354155 1.0