0 0.688477 0.417034 0.039062 0.067548 0.67467 0.412464 1.0 0.692239 0.406073 1.0 0.682037 0.425248 1.0 0.68062 0.436753 1.0 0.691955 0.434197 1.0
0 0.633301 0.436123 0.040039 0.076358 0.623134 0.430302 1.0 0.641846 0.430787 1.0 0.631199 0.446796 1.0 0.626037 0.459408 1.0 0.638619 0.458924 1.0
0 0.577148 0.36417 0.033203 0.052863 0.567383 0.359765 1.0 0.583008 0.356828 1.0 0.576172 0.368576 1.0 0.569336 0.381791 1.0 0.583008 0.381791 1.0
0 0.659668 0.265786 0.040039 0.070485 0.648651 0.2551 1.0 0.666099 0.259172 1.0 0.65557 0.265956 1.0 0.646847 0.282239 1.0 0.662488 0.285407 1.0
0 0.636719 0.231278 0.033203 0.060206 0.625977 0.230543 1.0 0.641602 0.217327 1.0 0.635742 0.234949 1.0 0.632812 0.251101 1.0 0.645508 0.243759 1.0
0 0.528809 0.521292 0.036133 0.070485 0.520612 0.51416 1.0 0.534546 0.514605 1.0 0.524763 0.527979 1.0 0.52002 0.540906 1.0 0.532471 0.541352 1.0
0 0.467285 0.380323 0.036133 0.067548 0.461905 0.373401 1.0 0.478307 0.375564 1.0 0.469674 0.388112 1.0 0.460179 0.39763 1.0 0.473702 0.399793 1.0
0 0.470215 0.556535 0.03418 0.070485 0.462315 0.552523 1.0 0.478324 0.554752 1.0 0.469134 0.566787 1.0 0.461723 0.577931 1.0 0.476842 0.579269 1.0
0 0.426758 0.539648 0.03125 0.063142 0.416207 0.531781 1.0 0.431366 0.532581 1.0 0.422324 0.544977 1.0 0.417005 0.558974 1.0 0.428175 0.559772 1.0
0 0.361328 0.397944 0.037109 0.067548 0.351258 0.387389 1.0 0.372262 0.389554 1.0 0.361903 0.4021 1.0 0.35471 0.415081 1.0 0.36881 0.415946 1.0
0 0.374512 0.699706 0.03418 0.051395 0.366176 0.687501 1.0 0.380781 0.68914 1.0 0.371626 0.702906 1.0 0.365304 0.713722 1.0 0.380345 0.715034 1.0