0 0.024902 0.378418 0.016602 0.020508 0.02832 0.375 1.0 0.03125 0.375 1.0 0.033203 0.379883 1.0 0.02832 0.384766 1.0 0.032227 0.383789 1.0
0 0.166016 0.393555 0.017578 0.021484 0.169922 0.388672 1.0 0.173828 0.387695 1.0 0.175781 0.395508 1.0 0.169922 0.399414 1.0 0.174805 0.400391 1.0
0 0.269043 0.333984 0.020508 0.025391 0.272461 0.329102 1.0 0.277344 0.329102 1.0 0.27832 0.334961 1.0 0.272461 0.338867 1.0 0.275391 0.339844 1.0
0 0.309082 0.402344 0.012695 0.015625 0.303711 0.399414 1.0 0.30957 0.399414 1.0 0.305664 0.40332 1.0 0.303711 0.408203 1.0 0.30957 0.40625 1.0
0 0.0625 0.510254 0.037109 0.040039 0.05957 0.507812 1.0 0.075195 0.507812 1.0 0.068359 0.514648 1.0 0.0625 0.524414 1.0 0.073242 0.524414 1.0
0 0.142578 0.562012 0.037109 0.041992 0.137495 0.551522 1.0 0.154794 0.553414 1.0 0.148036 0.562334 1.0 0.137225 0.570714 1.0 0.149658 0.571795 1.0
0 0.12207 0.519043 0.033203 0.040039 0.117467 0.513384 1.0 0.131613 0.515441 1.0 0.12544 0.522645 1.0 0.116952 0.530104 1.0 0.124154 0.53036 1.0
0 0.212891 0.51123 0.03125 0.03418 0.208261 0.504856 1.0 0.222647 0.506164 1.0 0.217416 0.512922 1.0 0.210223 0.520115 1.0 0.220686 0.520333 1.0
0 0.291992 0.533691 0.029297 0.032227 0.28925 0.529184 1.0 0.302568 0.529594 1.0 0.296422 0.536765 1.0 0.290069 0.541888 1.0 0.301544 0.541683 1.0
0 0.325195 0.450195 0.011719 0.017578 0.326032 0.447248 1.0 0.331587 0.448608 1.0 0.328186 0.452122 1.0 0.326032 0.454276 1.0 0.328526 0.455069 1.0
0 0.413574 0.450684 0.016602 0.018555 0.411133 0.446289 1.0 0.419922 0.449219 1.0 0.416016 0.450195 1.0 0.40918 0.452148 1.0 0.413086 0.456055 1.0
0 0.380859 0.433105 0.009766 0.010742 0.380859 0.432617 1.0 0.383789 0.432617 1.0 0.381836 0.436523 1.0 0.380859 0.438477 1.0 0.383789 0.436523 1.0
0 0.469238 0.439453 0.010742 0.011719 0.466797 0.436523 1.0 0.47168 0.436523 1.0 0.46875 0.4375 1.0 0.46875 0.441406 1.0 0.470703 0.44043 1.0
0 0.494629 0.450684 0.008789 0.010742 0.0 0.0 0.0 0.0 0.0 0.0 0.0 0.0 0.0 0.0 0.0 0.0 0.0 0.0 0.0
0 0.537109 0.406738 0.017578 0.020508 0.533242 0.404576 1.0 0.541622 0.403765 1.0 0.537432 0.409576 1.0 0.533918 0.412145 1.0 0.541081 0.412279 1.0
0 0.611816 0.397461 0.014648 0.017578 0.607422 0.395508 1.0 0.613281 0.394531 1.0 0.608398 0.399414 1.0 0.608398 0.404297 1.0 0.613281 0.404297 1.0
0 0.573242 0.519043 0.021484 0.024414 0.569301 0.515416 1.0 0.579346 0.515416 1.0 0.575579 0.520752 1.0 0.571027 0.52703 1.0 0.579188 0.526716 1.0
0 0.531738 0.521484 0.016602 0.025391 0.533203 0.519531 1.0 0.537109 0.516602 1.0 0.539062 0.522461 1.0 0.53418 0.52832 1.0 0.538086 0.527344 1.0
0 0.491211 0.522949 0.021484 0.030273 0.488281 0.518555 1.0 0.499023 0.520508 1.0 0.494141 0.525391 1.0 0.485352 0.52832 1.0 0.499023 0.529297 1.0
0 0.372559 0.540039 0.022461 0.025391 0.37357 0.536909 1.0 0.381356 0.537737 1.0 0.378209 0.545026 1.0 0.372245 0.550162 1.0 0.376552 0.550659 1.0
0 0.766113 0.459961 0.010742 0.011719 0.0 0.0 0.0 0.0 0.0 0.0 0.0 0.0 0.0 0.0 0.0 0.0 0.0 0.0 0.0
0 0.705566 0.398438 0.014648 0.013672 0.702026 0.395844 1.0 0.702209 0.395936 1.0 0.699646 0.399048 1.0 0.701752 0.402527 1.0 0.701935 0.40271 1.0
0 0.861816 0.516602 0.018555 0.017578 0.859375 0.512695 1.0 0.870117 0.513672 1.0 0.864258 0.516602 1.0 0.858398 0.522461 1.0 0.868164 0.522461 1.0
0 0.883789 0.554199 0.017578 0.020508 0.881356 0.551767 1.0 0.889601 0.551901 1.0 0.886897 0.556632 1.0 0.882032 0.562443 1.0 0.888925 0.562849 1.0
0 0.831055 0.521973 0.015625 0.018555 0.828194 0.518441 1.0 0.833963 0.51903 1.0 0.831844 0.523856 1.0 0.82843 0.527505 1.0 0.832903 0.528094 1.0
0 0.84375 0.570312 0.021484 0.017578 0.842773 0.568359 1.0 0.852539 0.568359 1.0 0.848633 0.573242 1.0 0.844727 0.577148 1.0 0.852539 0.577148 1.0
0 0.804199 0.562988 0.024414 0.024414 0.799683 0.556854 1.0 0.811297 0.557016 1.0 0.805006 0.56121 1.0 0.801457 0.568469 1.0 0.810168 0.568791 1.0
0 0.962402 0.552734 0.020508 0.017578 0.958906 0.548584 1.0 0.9678 0.55133 1.0 0.96296 0.55447 1.0 0.956944 0.558001 1.0 0.96296 0.560486 1.0
0 0.910645 0.563965 0.016602 0.020508 0.907227 0.560547 1.0 0.917969 0.560547 1.0 0.912109 0.563477 1.0 0.90625 0.567383 1.0 0.915039 0.569336 1.0
0 0.956055 0.65918 0.027344 0.03125 0.949263 0.652361 1.0 0.963902 0.657575 1.0 0.956683 0.661987 1.0 0.945854 0.668204 1.0 0.956683 0.671814 1.0
0 0.975098 0.640625 0.018555 0.023438 0.969727 0.638672 1.0 0.980469 0.638672 1.0 0.973633 0.642578 1.0 0.969727 0.647461 1.0 0.977539 0.648438 1.0
0 0.911133 0.657227 0.03125 0.033203 0.918806 0.654366 1.0 0.903111 0.652901 1.0 0.912737 0.660854 1.0 0.907924 0.667969 1.0 0.915876 0.667969 1.0
0 0.86377 0.665527 0.02832 0.032227 0.862335 0.659019 1.0 0.874834 0.662502 1.0 0.869507 0.669264 1.0 0.8609 0.67582 1.0 0.869097 0.677665 1.0
0 0.814453 0.666992 0.035156 0.035156 0.805577 0.657471 1.0 0.821673 0.662685 1.0 0.815099 0.6713 1.0 0.80467 0.67538 1.0 0.810111 0.678101 1.0
0 0.929688 0.541992 0.013672 0.015625 0.929827 0.540074 1.0 0.932024 0.53976 1.0 0.932442 0.543736 1.0 0.929408 0.547503 1.0 0.93171 0.547294 1.0
0 0.765625 0.525391 0.017578 0.019531 0.765625 0.523438 1.0 0.774414 0.522461 1.0 0.770508 0.527344 1.0 0.765625 0.533203 1.0 0.773438 0.533203 1.0
0 0.770508 0.570312 0.019531 0.021484 0.773438 0.569336 1.0 0.780273 0.568359 1.0 0.777344 0.574219 1.0 0.772461 0.580078 1.0 0.776367 0.580078 1.0
0 0.736816 0.522949 0.018555 0.018555 0.731445 0.520508 1.0 0.742188 0.519531 1.0 0.736328 0.524414 1.0 0.732422 0.530273 1.0 0.741211 0.52832 1.0
0 0.703125 0.523438 0.019531 0.021484 0.698242 0.521484 1.0 0.708984 0.521484 1.0 0.704102 0.527344 1.0 0.700195 0.532227 1.0 0.709961 0.53125 1.0
0 0.660156 0.527344 0.021484 0.023438 0.65645 0.524736 1.0 0.666085 0.524736 1.0 0.661342 0.531703 1.0 0.657488 0.534965 1.0 0.66401 0.535112 1.0
0 0.635742 0.550781 0.035156 0.037109 0.63596 0.545838 1.0 0.646789 0.548662 1.0 0.644671 0.555254 1.0 0.63596 0.560198 1.0 0.644436 0.56114 1.0
0 0.669922 0.583984 0.023438 0.025391 0.667271 0.577192 1.0 0.676549 0.580009 1.0 0.673069 0.585807 1.0 0.666111 0.58912 1.0 0.674229 0.590611 1.0
0 0.693359 0.56543 0.021484 0.027344 0.69043 0.5625 1.0 0.703125 0.563477 1.0 0.699219 0.570312 1.0 0.69043 0.576172 1.0 0.696289 0.577148 1.0
0 0.709961 0.708008 0.037109 0.037109 0.695312 0.699219 1.0 0.710938 0.703125 1.0 0.698242 0.710938 1.0 0.691406 0.71582 1.0 0.709961 0.71875 1.0
0 0.643066 0.690918 0.038086 0.040039 0.63297 0.681074 1.0 0.654463 0.684867 1.0 0.642831 0.692199 1.0 0.635751 0.70105 1.0 0.646371 0.701809 1.0
0 0.537109 0.745117 0.039062 0.042969 0.533325 0.735221 1.0 0.549003 0.735491 1.0 0.541975 0.747114 1.0 0.529 0.753061 1.0 0.546029 0.753331 1.0
0 0.523926 0.577637 0.032227 0.032227 0.521136 0.571847 1.0 0.535365 0.571638 1.0 0.529925 0.580636 1.0 0.52281 0.585449 1.0 0.533482 0.585449 1.0
0 0.430176 0.544434 0.020508 0.026367 0.432617 0.543945 1.0 0.439453 0.543945 1.0 0.436523 0.548828 1.0 0.431641 0.555664 1.0 0.438477 0.554688 1.0
0 0.583008 0.453125 0.007812 0.011719 0.0 0.0 0.0 0.0 0.0 0.0 0.0 0.0 0.0 0.0 0.0 0.0 0.0 0.0 0.0
0 0.457031 0.75 0.042969 0.058594 0.445797 0.739136 1.0 0.470254 0.741359 1.0 0.458767 0.753218 1.0 0.446167 0.760629 1.0 0.464325 0.76174 1.0
0 0.432617 0.583496 0.035156 0.043945 0.423828 0.577428 1.0 0.44029 0.577148 1.0 0.433314 0.584403 1.0 0.428571 0.592773 1.0 0.439732 0.592773 1.0
0 0.358887 0.592285 0.03418 0.041992 0.352592 0.581382 1.0 0.369346 0.582711 1.0 0.362431 0.590157 1.0 0.355517 0.597604 1.0 0.365889 0.598668 1.0
0 0.366211 0.780273 0.048828 0.054688 0.355957 0.769112 1.0 0.382464 0.773298 1.0 0.370954 0.783761 1.0 0.356654 0.795271 1.0 0.374093 0.796666 1.0
0 0.036621 0.615723 0.049805 0.061523 0.036133 0.612096 1.0 0.05732 0.608172 1.0 0.049865 0.623082 1.0 0.037702 0.632891 1.0 0.052612 0.632106 1.0
0 0.615723 0.527832 0.026367 0.03418 0.0 0.0 0.0 0.0 0.0 0.0 0.0 0.0 0.0 0.0 0.0 0.0 0.0 0.0 0.0
0 0.717773 0.558105 0.027344 0.036133 0.0 0.0 0.0 0.0 0.0 0.0 0.0 0.0 0.0 0.0 0.0 0.0 0.0 0.0 0.0
0 0.744141 0.449219 0.009766 0.011719 0.0 0.0 0.0 0.0 0.0 0.0 0.0 0.0 0.0 0.0 0.0 0.0 0.0 0.0 0.0
0 0.269531 0.581543 0.041016 0.047852 0.271484 0.576172 1.0 0.286133 0.577148 1.0 0.280273 0.585938 1.0 0.272461 0.595703 1.0 0.28418 0.595703 1.0