0 0.830078 0.138021 0.03125 0.057292 0.823272 0.13737 1.0 0.839752 0.138102 1.0 0.830963 0.148357 1.0 0.824371 0.158977 1.0 0.836456 0.159342 1.0
0 0.770996 0.086589 0.016602 0.029948 0.769462 0.082961 1.0 0.776158 0.083147 1.0 0.773368 0.088914 1.0 0.770438 0.092076 1.0 0.775321 0.092262 1.0
0 0.689941 0.039062 0.012695 0.023438 0.68457 0.03776 1.0 0.692383 0.03776 1.0 0.688477 0.041667 1.0 0.686523 0.048177 1.0 0.691406 0.046875 1.0
0 0.608887 0.077474 0.026367 0.042969 0.598563 0.076823 1.0 0.609235 0.073475 1.0 0.601702 0.084077 1.0 0.602539 0.091889 1.0 0.609444 0.090773 1.0
0 0.581055 0.15625 0.033203 0.052083 0.568639 0.156592 1.0 0.583052 0.155599 1.0 0.574354 0.168853 1.0 0.577088 0.179786 1.0 0.584542 0.178792 1.0
0 0.498535 0.208984 0.030273 0.050781 0.492292 0.205444 1.0 0.504281 0.203846 1.0 0.499485 0.214077 1.0 0.49445 0.22143 1.0 0.505001 0.221109 1.0
0 0.458984 0.080729 0.023438 0.039062 0.454747 0.082578 1.0 0.465245 0.081828 1.0 0.459809 0.090077 1.0 0.456809 0.096826 1.0 0.46337 0.096576 1.0
0 0.416992 0.044271 0.023438 0.039062 0.415754 0.04012 1.0 0.424752 0.04037 1.0 0.42119 0.049868 1.0 0.414066 0.055367 1.0 0.423628 0.055367 1.0
0 0.732422 0.337891 0.074219 0.076823 0.712891 0.341146 1.0 0.749023 0.346354 1.0 0.725586 0.36849 1.0 0.709961 0.364583 1.0 0.720703 0.372396 1.0
0 0.345215 0.638021 0.047852 0.088542 0.332729 0.634115 1.0 0.354492 0.617931 1.0 0.34947 0.639137 1.0 0.344029 0.662574 1.0 0.3637 0.648624 1.0
0 0.02832 0.11263 0.056641 0.175781 -0.00133 0.088379 1.0 0.044437 0.089431 1.0 0.027867 0.123099 1.0 0.004194 0.155715 1.0 0.035758 0.157819 1.0