0 0.15918 0.517544 0.019531 0.049708 0.0 0.0 0.0 0.0 0.0 0.0 0.0 0.0 0.0 0.0 0.0 0.0 0.0 0.0 0.0
0 0.229004 0.526316 0.030273 0.05848 0.226746 0.526694 1.0 0.239136 0.526316 1.0 0.232562 0.537673 1.0 0.22801 0.544108 1.0 0.237113 0.544487 1.0
0 0.175293 0.404971 0.024414 0.040936 0.174805 0.402047 1.0 0.183594 0.400585 1.0 0.180664 0.409357 1.0 0.176758 0.418129 1.0 0.183594 0.418129 1.0
0 0.339844 0.489766 0.023438 0.049708 0.343122 0.481621 1.0 0.345215 0.481307 1.0 0.350028 0.491959 1.0 0.345424 0.498225 1.0 0.348145 0.498225 1.0
0 0.437988 0.497076 0.02832 0.055556 0.429827 0.491678 1.0 0.445413 0.492038 1.0 0.437979 0.502447 1.0 0.431026 0.511421 1.0 0.443255 0.511781 1.0
0 0.489746 0.525585 0.030273 0.057018 0.483887 0.520468 1.0 0.499512 0.520468 1.0 0.492676 0.528874 1.0 0.488281 0.536915 1.0 0.497314 0.539108 1.0
0 0.651367 0.336988 0.03125 0.059942 0.647277 0.327747 1.0 0.659624 0.328132 1.0 0.65448 0.336988 1.0 0.644963 0.352392 1.0 0.660139 0.351621 1.0
0 0.744629 0.380117 0.02832 0.055556 0.738146 0.373284 1.0 0.752533 0.372924 1.0 0.745579 0.38513 1.0 0.739824 0.395181 1.0 0.751813 0.394822 1.0
0 0.65918 0.468567 0.03125 0.057018 0.656006 0.463816 1.0 0.671143 0.462354 1.0 0.666992 0.474415 1.0 0.659912 0.483553 1.0 0.670654 0.482456 1.0
0 0.754883 0.464912 0.029297 0.052632 0.74799 0.458522 1.0 0.761331 0.45952 1.0 0.754438 0.466512 1.0 0.748213 0.477496 1.0 0.757328 0.478494 1.0
0 0.789062 0.429825 0.029297 0.055556 0.784737 0.424067 1.0 0.798645 0.423709 1.0 0.794568 0.430171 1.0 0.78234 0.441658 1.0 0.798885 0.445247 1.0
0 0.881836 0.556287 0.027344 0.057018 0.871757 0.548004 1.0 0.884944 0.550876 1.0 0.877031 0.560927 1.0 0.873914 0.569901 1.0 0.880628 0.572414 1.0
0 0.869629 0.419591 0.02832 0.049708 0.863281 0.413743 1.0 0.878906 0.418129 1.0 0.870117 0.422515 1.0 0.860352 0.435673 1.0 0.874023 0.438596 1.0
0 0.851562 0.527047 0.033203 0.045322 0.853097 0.52642 1.0 0.860421 0.531433 1.0 0.857491 0.540205 1.0 0.850377 0.542711 1.0 0.852051 0.544278 1.0
0 0.595215 0.445906 0.026367 0.05848 0.598702 0.435874 1.0 0.598951 0.434387 1.0 0.604418 0.439595 1.0 0.60243 0.456336 1.0 0.602927 0.455963 1.0
0 0.55957 0.376462 0.023438 0.045322 0.554688 0.371345 1.0 0.568359 0.371345 1.0 0.561523 0.378655 1.0 0.556641 0.387427 1.0 0.564453 0.387427 1.0
0 0.421875 0.468567 0.021484 0.042398 0.415039 0.467836 1.0 0.422852 0.466374 1.0 0.417969 0.473684 1.0 0.415039 0.479532 1.0 0.419922 0.479532 1.0
0 0.703125 0.292398 0.007812 0.026316 0.0 0.0 0.0 0.0 0.0 0.0 0.0 0.0 0.0 0.0 0.0 0.0 0.0 0.0 0.0
0 0.989258 0.453947 0.021484 0.05117 0.983398 0.450292 1.0 0.99707 0.450292 1.0 0.990234 0.459064 1.0 0.984375 0.469298 1.0 0.99707 0.47076 1.0
0 0.513184 0.484649 0.020508 0.027778 0.0 0.0 0.0 0.0 0.0 0.0 0.0 0.0 0.0 0.0 0.0 0.0 0.0 0.0 0.0
0 0.046875 0.394006 0.013672 0.033626 0.044172 0.387159 1.0 0.042733 0.386944 1.0 0.041438 0.393836 1.0 0.042733 0.401159 1.0 0.043309 0.401159 1.0