0 0.265625 0.796424 0.148438 0.255846 0.210519 0.766887 1.0 0.282205 0.734832 1.0 0.232139 0.800545 1.0 0.231001 0.867858 1.0 0.283343 0.850228 1.0
0 0.522461 0.492435 0.087891 0.18707 0.488665 0.471807 1.0 0.535296 0.46477 1.0 0.498657 0.499957 1.0 0.493661 0.545699 1.0 0.533631 0.539835 1.0
0 0.818359 0.485557 0.105469 0.189821 0.788116 0.472895 1.0 0.839124 0.462118 1.0 0.81192 0.50762 1.0 0.799168 0.544741 1.0 0.835724 0.538754 1.0
0 0.766602 0.259972 0.072266 0.167813 0.739275 0.242484 1.0 0.771332 0.246684 1.0 0.737039 0.273986 1.0 0.735548 0.304437 1.0 0.760149 0.302337 1.0
0 0.916992 0.184319 0.083984 0.143054 0.886719 0.162311 1.0 0.925781 0.15956 1.0 0.900391 0.191197 1.0 0.890625 0.222834 1.0 0.922852 0.220083 1.0
0 0.631836 0.176066 0.076172 0.121045 0.6041 0.16847 1.0 0.638977 0.154653 1.0 0.616089 0.180751 1.0 0.613364 0.216828 1.0 0.638977 0.206081 1.0
0 0.083008 0.448418 0.107422 0.165062 0.041996 0.431127 1.0 0.081046 0.416597 1.0 0.053785 0.464334 1.0 0.052312 0.493392 1.0 0.090624 0.476788 1.0
0 0.261719 0.403026 0.082031 0.134801 0.233961 0.406607 1.0 0.253353 0.392096 1.0 0.234566 0.43392 1.0 0.250929 0.449283 1.0 0.266685 0.439041 1.0
0 0.391602 0.343879 0.091797 0.15956 0.359135 0.316166 1.0 0.401772 0.313164 1.0 0.375479 0.358205 1.0 0.368373 0.38523 1.0 0.393956 0.386231 1.0
0 0.524414 0.18707 0.064453 0.121045 0.497223 0.1741 1.0 0.519566 0.17103 1.0 0.493953 0.195593 1.0 0.497768 0.218622 1.0 0.509212 0.220924 1.0
0 0.439453 0.181568 0.070312 0.126547 0.415906 0.164245 1.0 0.444026 0.159492 1.0 0.426592 0.183257 1.0 0.424343 0.20623 1.0 0.444589 0.203853 1.0
0 0.25293 0.182944 0.052734 0.096286 0.254168 0.173138 1.0 0.271 0.167058 1.0 0.267116 0.18712 1.0 0.258484 0.206574 1.0 0.268843 0.203534 1.0
0 0.711914 0.122421 0.083984 0.140303 0.692723 0.104171 1.0 0.726388 0.102414 1.0 0.704568 0.128758 1.0 0.694593 0.156858 1.0 0.723895 0.156858 1.0