0 0.580078 0.22406 0.054688 0.105263 0.560111 0.200047 1.0 0.57867 0.204699 1.0 0.557521 0.21932 1.0 0.554932 0.245241 1.0 0.571333 0.250558 1.0
0 0.675781 0.169925 0.03125 0.051128 0.0 0.0 0.0 0.0 0.0 0.0 0.0 0.0 0.0 0.0 0.0 0.0 0.0 0.0 0.0
0 0.64502 0.181203 0.026367 0.046617 0.0 0.0 0.0 0.0 0.0 0.0 0.0 0.0 0.0 0.0 0.0 0.0 0.0 0.0 0.0
0 0.554199 0.176692 0.038086 0.064662 0.544979 0.168636 1.0 0.555882 0.163722 1.0 0.551627 0.182968 1.0 0.542585 0.19894 1.0 0.543648 0.19812 1.0
0 0.937988 0.173684 0.049805 0.091729 0.921753 0.157344 1.0 0.941999 0.152725 1.0 0.931126 0.171777 1.0 0.923253 0.19314 1.0 0.943874 0.190253 1.0
0 0.981445 0.169925 0.035156 0.07218 0.0 0.0 0.0 0.0 0.0 0.0 0.0 0.0 0.0 0.0 0.0 0.0 0.0 0.0 0.0
0 0.150391 0.145865 0.023438 0.042105 0.0 0.0 0.0 0.0 0.0 0.0 0.0 0.0 0.0 0.0 0.0 0.0 0.0 0.0 0.0
0 0.492188 0.11203 0.023438 0.040602 0.0 0.0 0.0 0.0 0.0 0.0 0.0 0.0 0.0 0.0 0.0 0.0 0.0 0.0 0.0
0 0.366699 0.250376 0.051758 0.100752 0.351227 0.234842 1.0 0.35454 0.23548 1.0 0.342943 0.254612 1.0 0.352884 0.273107 1.0 0.356611 0.274382 1.0
0 0.28125 0.246617 0.054688 0.102256 0.266113 0.226423 1.0 0.271973 0.225779 1.0 0.256068 0.252847 1.0 0.264857 0.271535 1.0 0.271554 0.27218 1.0
0 0.231934 0.210526 0.049805 0.084211 0.217285 0.189152 1.0 0.237165 0.195595 1.0 0.220424 0.210096 1.0 0.215192 0.225134 1.0 0.226005 0.229968 1.0
0 0.071777 0.233083 0.047852 0.081203 0.053886 0.218797 1.0 0.070452 0.218287 1.0 0.056205 0.232062 1.0 0.053554 0.255021 1.0 0.068133 0.25298 1.0
0 0.126953 0.196992 0.035156 0.06015 0.118652 0.182707 1.0 0.128418 0.18609 1.0 0.118408 0.196241 1.0 0.118408 0.211278 1.0 0.125488 0.214286 1.0
0 0.048828 0.193233 0.039062 0.076692 0.034655 0.175068 1.0 0.047385 0.174087 1.0 0.030836 0.191729 1.0 0.034655 0.209862 1.0 0.04293 0.210842 1.0
0 0.269531 0.160902 0.041016 0.078195 0.0 0.0 0.0 0.0 0.0 0.0 0.0 0.0 0.0 0.0 0.0 0.0 0.0 0.0 0.0
0 0.385254 0.133835 0.02832 0.045113 0.381466 0.127887 1.0 0.3929 0.126732 1.0 0.387276 0.135104 1.0 0.382965 0.14463 1.0 0.391589 0.144341 1.0
0 0.42627 0.202256 0.03418 0.067669 0.421038 0.187325 1.0 0.435547 0.192051 1.0 0.426618 0.20666 1.0 0.419922 0.221698 1.0 0.429688 0.222126 1.0
0 0.442383 0.145113 0.03125 0.058647 0.0 0.0 0.0 0.0 0.0 0.0 0.0 0.0 0.0 0.0 0.0 0.0 0.0 0.0 0.0
0 0.490723 0.230075 0.045898 0.084211 0.477539 0.219442 1.0 0.480329 0.219979 1.0 0.471959 0.238239 1.0 0.481725 0.253814 1.0 0.484863 0.253814 1.0
0 0.869141 0.177444 0.027344 0.06015 0.0 0.0 0.0 0.0 0.0 0.0 0.0 0.0 0.0 0.0 0.0 0.0 0.0 0.0 0.0
0 0.903809 0.130827 0.022461 0.045113 0.899759 0.119394 1.0 0.908944 0.119394 1.0 0.90482 0.127765 1.0 0.901445 0.136426 1.0 0.908382 0.137003 1.0
0 0.630371 0.139098 0.026367 0.040602 0.0 0.0 0.0 0.0 0.0 0.0 0.0 0.0 0.0 0.0 0.0 0.0 0.0 0.0 0.0
0 0.599121 0.132331 0.022461 0.045113 0.0 0.0 0.0 0.0 0.0 0.0 0.0 0.0 0.0 0.0 0.0 0.0 0.0 0.0 0.0
0 0.658203 0.130827 0.017578 0.039098 0.0 0.0 0.0 0.0 0.0 0.0 0.0 0.0 0.0 0.0 0.0 0.0 0.0 0.0 0.0
0 0.01416 0.195489 0.02832 0.06015 0.00068 0.186701 1.0 0.005898 0.187084 1.0 0.000184 0.202008 1.0 0.000432 0.213869 1.0 0.004904 0.218844 1.0
0 0.19873 0.205263 0.036133 0.082707 0.0 0.0 0.0 0.0 0.0 0.0 0.0 0.0 0.0 0.0 0.0 0.0 0.0 0.0 0.0
0 0.317871 0.176692 0.038086 0.082707 0.0 0.0 0.0 0.0 0.0 0.0 0.0 0.0 0.0 0.0 0.0 0.0 0.0 0.0 0.0
0 0.716309 0.15188 0.040039 0.075188 0.0 0.0 0.0 0.0 0.0 0.0 0.0 0.0 0.0 0.0 0.0 0.0 0.0 0.0 0.0