0 0.111816 0.291121 0.038086 0.07278 0.104519 0.284394 1.0 0.124328 0.281627 1.0 0.118138 0.29593 1.0 0.109161 0.310693 1.0 0.123091 0.307464 1.0
0 0.270508 0.409025 0.068359 0.128093 0.264514 0.387178 1.0 0.297756 0.393675 1.0 0.281952 0.412358 1.0 0.263969 0.433477 1.0 0.285767 0.437539 1.0
0 0.532227 0.572052 0.068359 0.163028 0.554325 0.557042 1.0 0.555694 0.557042 1.0 0.565962 0.585607 1.0 0.549534 0.616214 1.0 0.551588 0.614175 1.0
0 0.080566 0.191412 0.026367 0.048035 0.0 0.0 0.0 0.0 0.0 0.0 0.0 0.0 0.0 0.0 0.0 0.0 0.0 0.0 0.0
0 0.213867 0.143377 0.03125 0.062591 0.0 0.0 0.0 0.0 0.0 0.0 0.0 0.0 0.0 0.0 0.0 0.0 0.0 0.0 0.0
0 0.581543 0.154294 0.012695 0.029112 0.0 0.0 0.0 0.0 0.0 0.0 0.0 0.0 0.0 0.0 0.0 0.0 0.0 0.0 0.0
0 0.66748 0.095342 0.014648 0.027656 0.0 0.0 0.0 0.0 0.0 0.0 0.0 0.0 0.0 0.0 0.0 0.0 0.0 0.0 0.0
0 0.684082 0.128093 0.014648 0.026201 0.0 0.0 0.0 0.0 0.0 0.0 0.0 0.0 0.0 0.0 0.0 0.0 0.0 0.0 0.0
0 0.888184 0.093159 0.012695 0.032023 0.0 0.0 0.0 0.0 0.0 0.0 0.0 0.0 0.0 0.0 0.0 0.0 0.0 0.0 0.0
0 0.707031 0.040029 0.011719 0.024745 0.0 0.0 0.0 0.0 0.0 0.0 0.0 0.0 0.0 0.0 0.0 0.0 0.0 0.0 0.0
0 0.77002 0.142649 0.016602 0.029112 0.0 0.0 0.0 0.0 0.0 0.0 0.0 0.0 0.0 0.0 0.0 0.0 0.0 0.0 0.0