0 0.57959 0.502193 0.057617 0.092105 0.574001 0.492063 1.0 0.596758 0.484427 1.0 0.590873 0.50851 1.0 0.583025 0.527895 1.0 0.600289 0.520846 1.0
0 0.373535 0.830409 0.116211 0.160819 0.337158 0.837354 1.0 0.386963 0.809942 1.0 0.373779 0.871345 1.0 0.375977 0.888889 1.0 0.404541 0.874635 1.0
0 0.758301 0.292398 0.02832 0.040936 0.749207 0.281615 1.0 0.758729 0.281615 1.0 0.752869 0.291757 1.0 0.750854 0.301626 1.0 0.758179 0.301352 1.0
0 0.716309 0.36769 0.030273 0.045322 0.70527 0.369544 1.0 0.713902 0.364088 1.0 0.711408 0.379595 1.0 0.715053 0.3862 1.0 0.720232 0.381605 1.0
0 0.537109 0.455409 0.042969 0.068713 0.0 0.0 0.0 0.0 0.0 0.0 0.0 0.0 0.0 0.0 0.0 0.0 0.0 0.0 0.0
0 0.614746 0.370614 0.030273 0.045322 0.0 0.0 0.0 0.0 0.0 0.0 0.0 0.0 0.0 0.0 0.0 0.0 0.0 0.0 0.0
0 0.504395 0.331871 0.018555 0.026316 0.0 0.0 0.0 0.0 0.0 0.0 0.0 0.0 0.0 0.0 0.0 0.0 0.0 0.0 0.0
0 0.440918 0.410088 0.032227 0.057018 0.0 0.0 0.0 0.0 0.0 0.0 0.0 0.0 0.0 0.0 0.0 0.0 0.0 0.0 0.0
0 0.393555 0.350146 0.017578 0.030702 0.389905 0.347066 1.0 0.396528 0.346863 1.0 0.391933 0.352731 1.0 0.389771 0.358598 1.0 0.395312 0.358801 1.0
0 0.367188 0.475877 0.054688 0.077485 0.350517 0.461885 1.0 0.376674 0.453007 1.0 0.366211 0.481203 1.0 0.360631 0.496867 1.0 0.381557 0.490601 1.0
0 0.397949 0.427632 0.040039 0.083333 0.0 0.0 0.0 0.0 0.0 0.0 0.0 0.0 0.0 0.0 0.0 0.0 0.0 0.0 0.0
0 0.245117 0.467836 0.041016 0.061404 0.234428 0.458437 1.0 0.253784 0.454914 1.0 0.243844 0.474102 1.0 0.237828 0.488591 1.0 0.252477 0.485067 1.0
0 0.266113 0.633772 0.086914 0.130117 0.236254 0.629047 1.0 0.264047 0.623336 1.0 0.252058 0.660864 1.0 0.258053 0.671471 1.0 0.274401 0.667392 1.0
0 0.919434 0.159357 0.018555 0.02924 0.920698 0.156544 1.0 0.927146 0.156354 1.0 0.925629 0.164871 1.0 0.920951 0.171686 1.0 0.923858 0.171307 1.0
0 0.880859 0.258772 0.025391 0.04386 0.869629 0.252167 1.0 0.873082 0.251592 1.0 0.870013 0.263654 1.0 0.874616 0.271408 1.0 0.876534 0.27112 1.0