0 0.910156 0.465591 0.021484 0.053763 0.903094 0.460368 1.0 0.905291 0.459677 1.0 0.901681 0.470391 1.0 0.907174 0.485254 1.0 0.909528 0.483871 1.0
0 0.886719 0.264516 0.023438 0.055914 0.0 0.0 0.0 0.0 0.0 0.0 0.0 0.0 0.0 0.0 0.0 0.0 0.0 0.0 0.0
0 0.775391 0.273118 0.029297 0.068817 0.777309 0.260368 1.0 0.787737 0.259043 1.0 0.786534 0.280241 1.0 0.777309 0.291725 1.0 0.786534 0.290841 1.0
0 0.683105 0.358065 0.020508 0.049462 0.0 0.0 0.0 0.0 0.0 0.0 0.0 0.0 0.0 0.0 0.0 0.0 0.0 0.0 0.0
0 0.666992 0.302151 0.019531 0.053763 0.0 0.0 0.0 0.0 0.0 0.0 0.0 0.0 0.0 0.0 0.0 0.0 0.0 0.0 0.0
0 0.611816 0.3 0.018555 0.053763 0.605683 0.293961 1.0 0.613586 0.29183 1.0 0.608264 0.307105 1.0 0.607296 0.313854 1.0 0.613103 0.312787 1.0
0 0.624512 0.413978 0.022461 0.058065 0.616062 0.409256 1.0 0.623352 0.407796 1.0 0.616062 0.420929 1.0 0.617388 0.432239 1.0 0.622026 0.430415 1.0
0 0.677246 0.480645 0.016602 0.049462 0.0 0.0 0.0 0.0 0.0 0.0 0.0 0.0 0.0 0.0 0.0 0.0 0.0 0.0 0.0
0 0.654785 0.513978 0.020508 0.055914 0.646345 0.507047 1.0 0.65496 0.505224 1.0 0.648167 0.517262 1.0 0.647008 0.526383 1.0 0.653634 0.525288 1.0
0 0.603516 0.560215 0.03125 0.070968 0.592354 0.545314 1.0 0.603446 0.546697 1.0 0.591937 0.562366 1.0 0.590681 0.58126 1.0 0.598214 0.579417 1.0
0 0.738281 0.523656 0.021484 0.049462 0.0 0.0 0.0 0.0 0.0 0.0 0.0 0.0 0.0 0.0 0.0 0.0 0.0 0.0 0.0
0 0.849121 0.391398 0.012695 0.034409 0.0 0.0 0.0 0.0 0.0 0.0 0.0 0.0 0.0 0.0 0.0 0.0 0.0 0.0 0.0
0 0.570801 0.301075 0.014648 0.043011 0.0 0.0 0.0 0.0 0.0 0.0 0.0 0.0 0.0 0.0 0.0 0.0 0.0 0.0 0.0
0 0.40625 0.307527 0.027344 0.068817 0.400661 0.305817 1.0 0.409484 0.304492 1.0 0.404872 0.320391 1.0 0.403067 0.328342 1.0 0.408081 0.328342 1.0
0 0.304688 0.332258 0.013672 0.045161 0.0 0.0 0.0 0.0 0.0 0.0 0.0 0.0 0.0 0.0 0.0 0.0 0.0 0.0 0.0
0 0.33252 0.317204 0.014648 0.036559 0.32669 0.310004 1.0 0.332903 0.308804 1.0 0.328435 0.319363 1.0 0.327672 0.327766 1.0 0.331486 0.326566 1.0
0 0.239746 0.306452 0.014648 0.058065 0.0 0.0 0.0 0.0 0.0 0.0 0.0 0.0 0.0 0.0 0.0 0.0 0.0 0.0 0.0
0 0.134766 0.33871 0.019531 0.053763 0.138798 0.325923 1.0 0.142992 0.326277 1.0 0.144767 0.342617 1.0 0.13896 0.35434 1.0 0.141379 0.35434 1.0
0 0.106445 0.303226 0.019531 0.051613 0.101615 0.296045 1.0 0.112139 0.295718 1.0 0.106803 0.307796 1.0 0.104135 0.321832 1.0 0.111102 0.322159 1.0
0 0.073242 0.306452 0.021484 0.049462 0.075719 0.294095 1.0 0.080466 0.290295 1.0 0.082049 0.302649 1.0 0.079747 0.318174 1.0 0.081617 0.315957 1.0
0 0.033203 0.288172 0.03125 0.073118 0.032593 0.279099 1.0 0.041352 0.277688 1.0 0.039002 0.294153 1.0 0.032807 0.307325 1.0 0.041564 0.304972 1.0
0 0.769531 0.427957 0.03125 0.047312 0.0 0.0 0.0 0.0 0.0 0.0 0.0 0.0 0.0 0.0 0.0 0.0 0.0 0.0 0.0
0 0.45166 0.374194 0.010742 0.034409 0.0 0.0 0.0 0.0 0.0 0.0 0.0 0.0 0.0 0.0 0.0 0.0 0.0 0.0 0.0
0 0.957031 0.42043 0.011719 0.036559 0.0 0.0 0.0 0.0 0.0 0.0 0.0 0.0 0.0 0.0 0.0 0.0 0.0 0.0 0.0
0 0.007812 0.644086 0.015625 0.109677 0.0 0.0 0.0 0.0 0.0 0.0 0.0 0.0 0.0 0.0 0.0 0.0 0.0 0.0 0.0
0 0.446289 0.319355 0.005859 0.015054 0.0 0.0 0.0 0.0 0.0 0.0 0.0 0.0 0.0 0.0 0.0 0.0 0.0 0.0 0.0