0 0.128418 0.289062 0.049805 0.085938 0.119415 0.279221 1.0 0.14212 0.281384 1.0 0.132795 0.292736 1.0 0.116982 0.307332 1.0 0.139282 0.309495 1.0
0 0.171875 0.226562 0.042969 0.072917 0.163465 0.218564 1.0 0.18413 0.220861 1.0 0.17242 0.232799 1.0 0.164843 0.242902 1.0 0.182063 0.24474 1.0
0 0.231934 0.291016 0.047852 0.079427 0.225446 0.279367 1.0 0.245317 0.283866 1.0 0.236694 0.297363 1.0 0.222822 0.306862 1.0 0.242318 0.309861 1.0
0 0.330078 0.279297 0.041016 0.074219 0.320544 0.268578 1.0 0.342791 0.271404 1.0 0.331138 0.287411 1.0 0.319131 0.294945 1.0 0.338554 0.296358 1.0
0 0.437012 0.317057 0.045898 0.079427 0.42865 0.313406 1.0 0.450396 0.310408 1.0 0.440647 0.324905 1.0 0.429774 0.337902 1.0 0.451146 0.333904 1.0
0 0.187012 0.44987 0.043945 0.079427 0.17865 0.44472 1.0 0.200771 0.44422 1.0 0.191772 0.458217 1.0 0.181274 0.469215 1.0 0.199271 0.467715 1.0
0 0.283203 0.520182 0.042969 0.06901 0.276502 0.515387 1.0 0.297429 0.514514 1.0 0.289581 0.531953 1.0 0.278137 0.537621 1.0 0.293832 0.539801 1.0
0 0.349121 0.503906 0.041992 0.059896 0.342193 0.492298 1.0 0.361463 0.49532 1.0 0.352679 0.509301 1.0 0.341061 0.514212 1.0 0.356079 0.51459 1.0
0 0.439941 0.472656 0.041992 0.067708 0.434213 0.460124 1.0 0.452354 0.471156 1.0 0.438986 0.47837 1.0 0.428166 0.480492 1.0 0.444079 0.492374 1.0
0 0.503418 0.472656 0.036133 0.059896 0.489318 0.463065 1.0 0.511475 0.463065 1.0 0.497663 0.468052 1.0 0.492484 0.479178 1.0 0.500828 0.478411 1.0
0 0.546387 0.473307 0.038086 0.06901 0.54034 0.472878 1.0 0.556688 0.470698 1.0 0.549495 0.48552 1.0 0.54034 0.494676 1.0 0.557016 0.490315 1.0
0 0.608887 0.457682 0.040039 0.06901 0.596627 0.451143 1.0 0.613957 0.452451 1.0 0.603167 0.460734 1.0 0.596301 0.472069 1.0 0.613957 0.473378 1.0
0 0.654785 0.445964 0.041992 0.071615 0.646964 0.438059 1.0 0.667367 0.441232 1.0 0.654785 0.455741 1.0 0.645264 0.463449 1.0 0.662606 0.466622 1.0
0 0.54834 0.278646 0.040039 0.078125 0.540188 0.27009 1.0 0.560939 0.278983 1.0 0.547229 0.287383 1.0 0.534629 0.293311 1.0 0.557233 0.301711 1.0
0 0.62207 0.266927 0.041016 0.072917 0.609729 0.256633 1.0 0.631771 0.25801 1.0 0.618339 0.270868 1.0 0.609729 0.283267 1.0 0.630049 0.283727 1.0
0 0.645508 0.325521 0.044922 0.070312 0.629578 0.321289 1.0 0.651733 0.31547 1.0 0.640991 0.331135 1.0 0.634277 0.344564 1.0 0.653748 0.340089 1.0
0 0.714355 0.389323 0.045898 0.078125 0.697144 0.377767 1.0 0.717285 0.375326 1.0 0.705933 0.395345 1.0 0.701538 0.406087 1.0 0.724243 0.403158 1.0
0 0.722656 0.499349 0.041016 0.06901 0.708077 0.501326 1.0 0.726301 0.5 1.0 0.716361 0.512811 1.0 0.710729 0.51988 1.0 0.729283 0.51988 1.0
0 0.773438 0.298828 0.054688 0.097656 0.760472 0.293865 1.0 0.787275 0.287086 1.0 0.777108 0.309268 1.0 0.765556 0.324056 1.0 0.789586 0.319126 1.0
0 0.883301 0.261068 0.06543 0.108073 0.862431 0.248884 1.0 0.892525 0.244124 1.0 0.875693 0.267927 1.0 0.869062 0.28697 1.0 0.891506 0.283569 1.0
0 0.45752 0.714844 0.053711 0.09375 0.447248 0.698835 1.0 0.472596 0.703578 1.0 0.458365 0.721958 1.0 0.445024 0.730259 1.0 0.466814 0.733816 1.0
0 0.600098 0.722005 0.053711 0.092448 0.58517 0.713797 1.0 0.608276 0.707404 1.0 0.597813 0.725423 1.0 0.590838 0.742862 1.0 0.612636 0.737049 1.0