0 0.509277 0.72694 0.081055 0.15959 0.489136 0.699031 1.0 0.508605 0.709095 1.0 0.473022 0.730234 1.0 0.48175 0.759426 1.0 0.501221 0.772511 1.0
0 0.274902 0.044656 0.014648 0.036603 0.0 0.0 0.0 0.0 0.0 0.0 0.0 0.0 0.0 0.0 0.0 0.0 0.0 0.0 0.0
0 0.291504 0.032943 0.012695 0.030747 0.289041 0.030668 1.0 0.295798 0.031073 1.0 0.29242 0.036545 1.0 0.289581 0.040597 1.0 0.294717 0.040394 1.0
0 0.318848 0.025622 0.016602 0.036603 0.315948 0.022877 1.0 0.323883 0.021734 1.0 0.321441 0.031799 1.0 0.319916 0.03729 1.0 0.325104 0.03546 1.0
0 0.321289 0.09224 0.019531 0.038067 0.317248 0.087638 1.0 0.326604 0.087155 1.0 0.322732 0.096102 1.0 0.316925 0.099731 1.0 0.326604 0.100698 1.0
0 0.305664 0.069546 0.015625 0.036603 0.298584 0.063167 1.0 0.305333 0.064578 1.0 0.299996 0.071638 1.0 0.298897 0.078227 1.0 0.305333 0.078933 1.0
0 0.233398 0.0959 0.021484 0.030747 0.0 0.0 0.0 0.0 0.0 0.0 0.0 0.0 0.0 0.0 0.0 0.0 0.0 0.0 0.0
0 0.286133 0.140556 0.019531 0.04978 0.286342 0.143485 1.0 0.294503 0.139406 1.0 0.295759 0.151328 1.0 0.288017 0.162937 1.0 0.294503 0.160113 1.0
0 0.240234 0.024158 0.015625 0.02489 0.0 0.0 0.0 0.0 0.0 0.0 0.0 0.0 0.0 0.0 0.0 0.0 0.0 0.0 0.0
0 0.352539 0.068082 0.017578 0.030747 0.347913 0.061801 1.0 0.3544 0.061193 1.0 0.351428 0.067676 1.0 0.348725 0.073958 1.0 0.35359 0.073148 1.0
0 0.411133 0.035139 0.013672 0.035139 0.0 0.0 0.0 0.0 0.0 0.0 0.0 0.0 0.0 0.0 0.0 0.0 0.0 0.0 0.0
0 0.38916 0.243045 0.022461 0.079063 0.386527 0.239594 1.0 0.393153 0.2386 1.0 0.397461 0.248536 1.0 0.388847 0.266419 1.0 0.392822 0.265922 1.0
0 0.275879 0.311127 0.030273 0.074671 0.272392 0.296748 1.0 0.287458 0.289688 1.0 0.28683 0.310865 1.0 0.276472 0.324514 1.0 0.283691 0.32122 1.0
0 0.36377 0.31918 0.036133 0.081991 0.376884 0.322318 1.0 0.373047 0.318135 1.0 0.378627 0.335914 1.0 0.368164 0.347417 1.0 0.365025 0.34428 1.0
0 0.07373 0.270864 0.036133 0.084919 0.0 0.0 0.0 0.0 0.0 0.0 0.0 0.0 0.0 0.0 0.0 0.0 0.0 0.0 0.0
0 0.464844 0.263543 0.033203 0.061493 0.0 0.0 0.0 0.0 0.0 0.0 0.0 0.0 0.0 0.0 0.0 0.0 0.0 0.0 0.0
0 0.434082 0.413616 0.036133 0.077599 0.0 0.0 0.0 0.0 0.0 0.0 0.0 0.0 0.0 0.0 0.0 0.0 0.0 0.0 0.0
0 0.025391 0.062958 0.017578 0.032211 0.0 0.0 0.0 0.0 0.0 0.0 0.0 0.0 0.0 0.0 0.0 0.0 0.0 0.0 0.0
0 0.495605 0.125183 0.020508 0.051245 0.496643 0.119223 1.0 0.498387 0.119223 1.0 0.504708 0.127719 1.0 0.500349 0.138504 1.0 0.501438 0.138504 1.0
0 0.495605 0.061493 0.020508 0.038067 0.489981 0.058512 1.0 0.497768 0.058265 1.0 0.492798 0.067454 1.0 0.491307 0.073416 1.0 0.496277 0.073663 1.0
0 0.512207 0.02123 0.014648 0.030747 0.0 0.0 0.0 0.0 0.0 0.0 0.0 0.0 0.0 0.0 0.0 0.0 0.0 0.0 0.0
0 0.586914 0.104685 0.019531 0.036603 0.587551 0.104202 1.0 0.591906 0.103234 1.0 0.594325 0.111457 1.0 0.590132 0.119921 1.0 0.59239 0.120163 1.0
0 0.582031 0.20571 0.027344 0.051245 0.580941 0.20988 1.0 0.592713 0.205631 1.0 0.593803 0.217397 1.0 0.585737 0.226874 1.0 0.592276 0.226221 1.0
0 0.625488 0.025622 0.016602 0.027818 0.620627 0.020981 1.0 0.628984 0.021158 1.0 0.624041 0.027511 1.0 0.620862 0.03263 1.0 0.626748 0.032805 1.0
0 0.583496 0.008053 0.014648 0.016105 0.0 0.0 0.0 0.0 0.0 0.0 0.0 0.0 0.0 0.0 0.0 0.0 0.0 0.0 0.0
0 0.578613 0.066618 0.014648 0.030747 0.571773 0.06378 1.0 0.580287 0.064389 1.0 0.573936 0.068644 1.0 0.571232 0.07452 1.0 0.578936 0.075331 1.0
0 0.544922 0.053441 0.013672 0.030747 0.0 0.0 0.0 0.0 0.0 0.0 0.0 0.0 0.0 0.0 0.0 0.0 0.0 0.0 0.0
0 0.475098 0.065886 0.016602 0.035139 0.0 0.0 0.0 0.0 0.0 0.0 0.0 0.0 0.0 0.0 0.0 0.0 0.0 0.0 0.0
0 0.936035 0.216691 0.030273 0.081991 0.925642 0.208952 1.0 0.933663 0.213135 1.0 0.93192 0.227253 1.0 0.936454 0.237712 1.0 0.938197 0.237712 1.0
0 0.856934 0.077599 0.018555 0.035139 0.0 0.0 0.0 0.0 0.0 0.0 0.0 0.0 0.0 0.0 0.0 0.0 0.0 0.0 0.0
0 0.985352 0.210102 0.015625 0.054173 0.0 0.0 0.0 0.0 0.0 0.0 0.0 0.0 0.0 0.0 0.0 0.0 0.0 0.0 0.0
0 0.995605 0.22328 0.008789 0.054173 0.0 0.0 0.0 0.0 0.0 0.0 0.0 0.0 0.0 0.0 0.0 0.0 0.0 0.0 0.0
0 0.254883 0.190337 0.033203 0.090776 0.0 0.0 0.0 0.0 0.0 0.0 0.0 0.0 0.0 0.0 0.0 0.0 0.0 0.0 0.0
0 0.88623 0.024158 0.014648 0.033675 0.0 0.0 0.0 0.0 0.0 0.0 0.0 0.0 0.0 0.0 0.0 0.0 0.0 0.0 0.0
0 0.87793 0.026354 0.009766 0.020498 0.0 0.0 0.0 0.0 0.0 0.0 0.0 0.0 0.0 0.0 0.0 0.0 0.0 0.0 0.0