0 0.723145 0.76929 0.256836 0.243827 0.645717 0.758584 1.0 0.754115 0.749407 1.0 0.692174 0.805996 1.0 0.676688 0.844232 1.0 0.748309 0.844232 1.0
0 0.584961 0.500386 0.167969 0.209105 0.54023 0.480366 1.0 0.623064 0.482983 1.0 0.578334 0.528797 1.0 0.536918 0.552359 1.0 0.618095 0.554977 1.0
0 0.135254 0.602623 0.180664 0.199074 0.070312 0.574846 1.0 0.177734 0.571759 1.0 0.118164 0.626543 1.0 0.086914 0.66358 1.0 0.169922 0.660494 1.0
0 0.240234 0.40162 0.150391 0.159722 0.213593 0.371549 1.0 0.288443 0.373553 1.0 0.271951 0.406633 1.0 0.217398 0.436704 1.0 0.282101 0.435702 1.0
0 0.371582 0.257716 0.116211 0.125 0.348231 0.246735 1.0 0.408866 0.236525 1.0 0.392962 0.265583 1.0 0.368111 0.289931 1.0 0.410854 0.278935 1.0
0 0.739258 0.35571 0.140625 0.177469 0.720463 0.347535 1.0 0.79228 0.330846 1.0 0.789464 0.382027 1.0 0.740178 0.412068 1.0 0.786647 0.403167 1.0
0 0.779297 0.231481 0.130859 0.103395 0.796112 0.210528 1.0 0.818359 0.209877 1.0 0.802704 0.237871 1.0 0.811768 0.2561 1.0 0.816711 0.255449 1.0
0 0.510742 0.12963 0.113281 0.118827 0.500336 0.115042 1.0 0.547638 0.112799 1.0 0.537231 0.137466 1.0 0.507904 0.160639 1.0 0.546691 0.156901 1.0
0 0.614746 0.191358 0.098633 0.097222 0.60417 0.180163 1.0 0.642971 0.174644 1.0 0.634435 0.194878 1.0 0.616586 0.211434 1.0 0.643746 0.205302 1.0
0 0.211426 0.165895 0.106445 0.117284 0.223449 0.151569 1.0 0.242021 0.144965 1.0 0.257809 0.165509 1.0 0.231808 0.194124 1.0 0.249451 0.190455 1.0
0 0.388672 0.091049 0.085938 0.080247 0.360177 0.080722 1.0 0.397731 0.08374 1.0 0.365906 0.097319 1.0 0.359541 0.113412 1.0 0.385001 0.112909 1.0