0 0.425293 0.491833 0.045898 0.098004 0.41037 0.474704 1.0 0.428497 0.508394 1.0 0.410034 0.509018 1.0 0.402313 0.509641 1.0 0.408355 0.532102 1.0
0 0.90918 0.450091 0.035156 0.090744 0.904228 0.43135 1.0 0.925585 0.412367 1.0 0.922489 0.436528 1.0 0.915061 0.463564 1.0 0.926823 0.453786 1.0
0 0.787109 0.719601 0.060547 0.143376 0.765625 0.717786 1.0 0.794434 0.710526 1.0 0.777344 0.738657 1.0 0.771484 0.759528 1.0 0.782715 0.757713 1.0
0 0.913574 0.207804 0.03418 0.07078 0.0 0.0 0.0 0.0 0.0 0.0 0.0 0.0 0.0 0.0 0.0 0.0 0.0 0.0 0.0
0 0.962891 0.46461 0.041016 0.094374 0.957799 0.453056 1.0 0.979122 0.452465 1.0 0.972757 0.469617 1.0 0.963846 0.488544 1.0 0.981031 0.48677 1.0
0 0.828125 0.384755 0.037109 0.090744 0.820648 0.364864 1.0 0.842625 0.380971 1.0 0.828696 0.398804 1.0 0.818791 0.408583 1.0 0.829006 0.416637 1.0
0 0.785645 0.325771 0.03418 0.07804 0.0 0.0 0.0 0.0 0.0 0.0 0.0 0.0 0.0 0.0 0.0 0.0 0.0 0.0 0.0
0 0.046875 0.303993 0.046875 0.099819 0.0 0.0 0.0 0.0 0.0 0.0 0.0 0.0 0.0 0.0 0.0 0.0 0.0 0.0 0.0
0 0.056641 0.147005 0.037109 0.098004 0.0 0.0 0.0 0.0 0.0 0.0 0.0 0.0 0.0 0.0 0.0 0.0 0.0 0.0 0.0
0 0.237305 0.546279 0.058594 0.116152 0.222534 0.52694 1.0 0.252289 0.518829 1.0 0.242371 0.538737 1.0 0.234039 0.571178 1.0 0.253479 0.56233 1.0
0 0.048828 0.888385 0.076172 0.208711 0.017604 0.86676 1.0 0.036931 0.871394 1.0 0.002642 0.920056 1.0 0.031319 0.95829 1.0 0.032566 0.95829 1.0
0 0.206055 0.854809 0.064453 0.15608 0.185521 0.82155 1.0 0.218227 0.82253 1.0 0.196599 0.853902 1.0 0.188158 0.883312 1.0 0.205566 0.884294 1.0
0 0.478516 0.596189 0.074219 0.147005 0.471566 0.563877 1.0 0.501884 0.577731 1.0 0.493932 0.596205 1.0 0.470075 0.618372 1.0 0.500393 0.630379 1.0
0 0.595215 0.600726 0.067383 0.130672 0.574031 0.58427 1.0 0.603093 0.571178 1.0 0.588122 0.600637 1.0 0.582397 0.634189 1.0 0.603533 0.626822 1.0
0 0.658691 0.84029 0.086914 0.15971 0.637021 0.816316 1.0 0.669687 0.796624 1.0 0.660176 0.807822 1.0 0.656328 0.864374 1.0 0.683418 0.84873 1.0
0 0.728027 0.76951 0.071289 0.166969 0.710667 0.746653 1.0 0.748348 0.747699 1.0 0.733726 0.772784 1.0 0.711229 0.803093 1.0 0.74666 0.804138 1.0
0 0.171875 0.215971 0.041016 0.058076 0.0 0.0 0.0 0.0 0.0 0.0 0.0 0.0 0.0 0.0 0.0 0.0 0.0 0.0 0.0
0 0.663574 0.562613 0.055664 0.130672 0.657305 0.550054 1.0 0.683541 0.551708 1.0 0.67865 0.572368 1.0 0.665754 0.603773 1.0 0.683986 0.602946 1.0
0 0.717773 0.462795 0.052734 0.130672 0.712838 0.440481 1.0 0.734628 0.447093 1.0 0.723955 0.464448 1.0 0.711504 0.490893 1.0 0.730181 0.501637 1.0
0 0.787109 0.711434 0.060547 0.137931 0.7658 0.712196 1.0 0.795838 0.712196 1.0 0.78105 0.743113 1.0 0.769959 0.76029 1.0 0.795838 0.758572 1.0
0 0.63916 0.479129 0.055664 0.098004 0.0 0.0 0.0 0.0 0.0 0.0 0.0 0.0 0.0 0.0 0.0 0.0 0.0 0.0 0.0
0 0.552734 0.392922 0.044922 0.107078 0.0 0.0 0.0 0.0 0.0 0.0 0.0 0.0 0.0 0.0 0.0 0.0 0.0 0.0 0.0
0 0.537598 0.462795 0.047852 0.108893 0.523612 0.457917 1.0 0.543108 0.471156 1.0 0.521362 0.486486 1.0 0.513863 0.493454 1.0 0.526986 0.506693 1.0
0 0.706543 0.250454 0.036133 0.076225 0.0 0.0 0.0 0.0 0.0 0.0 0.0 0.0 0.0 0.0 0.0 0.0 0.0 0.0 0.0
0 0.339844 0.391107 0.044922 0.085299 0.0 0.0 0.0 0.0 0.0 0.0 0.0 0.0 0.0 0.0 0.0 0.0 0.0 0.0 0.0
0 0.35791 0.295826 0.041992 0.090744 0.0 0.0 0.0 0.0 0.0 0.0 0.0 0.0 0.0 0.0 0.0 0.0 0.0 0.0 0.0
0 0.921875 0.370236 0.042969 0.105263 0.917406 0.355878 1.0 0.936946 0.355878 1.0 0.929348 0.371347 1.0 0.920301 0.398245 1.0 0.933328 0.397572 1.0