0 0.350098 0.350604 0.061523 0.138169 0.329903 0.322732 1.0 0.355521 0.323603 1.0 0.336801 0.343642 1.0 0.332367 0.381978 1.0 0.349609 0.381978 1.0
0 0.567383 0.381693 0.023438 0.055268 0.566306 0.36591 1.0 0.572584 0.364522 1.0 0.573564 0.371114 1.0 0.571407 0.384646 1.0 0.576115 0.384299 1.0
0 0.819824 0.630397 0.071289 0.134715 0.7932 0.607282 1.0 0.820783 0.620976 1.0 0.798039 0.645794 1.0 0.7932 0.6612 1.0 0.817396 0.67147 1.0
0 0.68457 0.353195 0.019531 0.039724 0.68273 0.351415 1.0 0.689061 0.350905 1.0 0.686759 0.358793 1.0 0.684745 0.366934 1.0 0.689637 0.365663 1.0
0 0.836914 0.395509 0.023438 0.055268 0.0 0.0 0.0 0.0 0.0 0.0 0.0 0.0 0.0 0.0 0.0 0.0 0.0 0.0 0.0
0 0.941406 0.468048 0.039062 0.072539 0.923688 0.45787 1.0 0.935198 0.460183 1.0 0.924735 0.475451 1.0 0.922381 0.487941 1.0 0.928136 0.487478 1.0
0 0.957031 0.336788 0.019531 0.044905 0.0 0.0 0.0 0.0 0.0 0.0 0.0 0.0 0.0 0.0 0.0 0.0 0.0 0.0 0.0
0 0.033203 0.536269 0.066406 0.136442 0.0 0.0 0.0 0.0 0.0 0.0 0.0 0.0 0.0 0.0 0.0 0.0 0.0 0.0 0.0
0 0.637695 0.56304 0.025391 0.082902 0.0 0.0 0.0 0.0 0.0 0.0 0.0 0.0 0.0 0.0 0.0 0.0 0.0 0.0 0.0
0 0.307129 0.399827 0.026367 0.07772 0.0 0.0 0.0 0.0 0.0 0.0 0.0 0.0 0.0 0.0 0.0 0.0 0.0 0.0 0.0
0 0.65625 0.355786 0.019531 0.037997 0.0 0.0 0.0 0.0 0.0 0.0 0.0 0.0 0.0 0.0 0.0 0.0 0.0 0.0 0.0
0 0.53418 0.368739 0.021484 0.039724 0.0 0.0 0.0 0.0 0.0 0.0 0.0 0.0 0.0 0.0 0.0 0.0 0.0 0.0 0.0
0 0.445801 0.386874 0.02832 0.06563 0.0 0.0 0.0 0.0 0.0 0.0 0.0 0.0 0.0 0.0 0.0 0.0 0.0 0.0 0.0
0 0.873535 0.285838 0.010742 0.022453 0.0 0.0 0.0 0.0 0.0 0.0 0.0 0.0 0.0 0.0 0.0 0.0 0.0 0.0 0.0
0 0.850586 0.227979 0.009766 0.017271 0.0 0.0 0.0 0.0 0.0 0.0 0.0 0.0 0.0 0.0 0.0 0.0 0.0 0.0 0.0
0 0.937012 0.261658 0.010742 0.022453 0.0 0.0 0.0 0.0 0.0 0.0 0.0 0.0 0.0 0.0 0.0 0.0 0.0 0.0 0.0