0 0.956055 0.589316 0.033203 0.063439 0.956962 0.578851 1.0 0.968497 0.576035 1.0 0.969674 0.588511 1.0 0.961905 0.606219 1.0 0.970852 0.603805 1.0
0 0.877441 0.526711 0.030273 0.048414 0.876265 0.517492 1.0 0.88372 0.510114 1.0 0.886466 0.520846 1.0 0.885289 0.536274 1.0 0.891959 0.529566 1.0
0 0.912598 0.48581 0.02832 0.056761 0.9119 0.484497 1.0 0.921944 0.48092 1.0 0.920479 0.488432 1.0 0.91755 0.502386 1.0 0.924665 0.499881 1.0
0 0.949707 0.434057 0.016602 0.036728 0.949986 0.427618 1.0 0.955985 0.425948 1.0 0.955566 0.433341 1.0 0.951381 0.442165 1.0 0.956962 0.440973 1.0
0 0.799316 0.823873 0.045898 0.085142 0.81107 0.811359 1.0 0.81839 0.804287 1.0 0.822527 0.822785 1.0 0.809797 0.850533 1.0 0.819345 0.842915 1.0
0 0.838867 0.681135 0.03125 0.063439 0.843902 0.674972 1.0 0.848219 0.669643 1.0 0.853494 0.682351 1.0 0.851336 0.697927 1.0 0.854453 0.696287 1.0
0 0.671875 0.599332 0.025391 0.053422 0.671387 0.592476 1.0 0.681414 0.59179 1.0 0.678807 0.600703 1.0 0.674996 0.614073 1.0 0.681815 0.612703 1.0
0 0.833984 0.388982 0.017578 0.040067 0.0 0.0 0.0 0.0 0.0 0.0 0.0 0.0 0.0 0.0 0.0 0.0 0.0 0.0 0.0
0 0.626953 0.904841 0.048828 0.076795 0.629251 0.888967 1.0 0.641632 0.884733 1.0 0.640703 0.902725 1.0 0.628632 0.920187 1.0 0.645347 0.914895 1.0
0 0.634277 0.722871 0.043945 0.076795 0.632734 0.711379 1.0 0.642086 0.70605 1.0 0.647753 0.71574 1.0 0.637268 0.737055 1.0 0.642652 0.733179 1.0
0 0.630859 0.656928 0.033203 0.051753 0.0 0.0 0.0 0.0 0.0 0.0 0.0 0.0 0.0 0.0 0.0 0.0 0.0 0.0 0.0
0 0.514648 0.632721 0.033203 0.063439 0.516318 0.629836 1.0 0.526629 0.624918 1.0 0.52567 0.640494 1.0 0.519195 0.654022 1.0 0.528547 0.650332 1.0
0 0.51709 0.779633 0.038086 0.076795 0.515185 0.770078 1.0 0.528787 0.758937 1.0 0.533037 0.774437 1.0 0.525953 0.801082 1.0 0.536154 0.793331 1.0
0 0.375 0.861436 0.050781 0.100167 0.37537 0.848564 1.0 0.393158 0.841596 1.0 0.39427 0.860601 1.0 0.382411 0.888474 1.0 0.397976 0.881506 1.0
0 0.324707 0.721202 0.040039 0.086811 0.329546 0.706848 1.0 0.339547 0.70409 1.0 0.338579 0.71512 1.0 0.327934 0.733321 1.0 0.339547 0.732217 1.0
0 0.338379 0.657763 0.032227 0.070117 0.341326 0.645361 1.0 0.352051 0.644467 1.0 0.352051 0.655199 1.0 0.342372 0.672192 1.0 0.351005 0.672192 1.0
0 0.371094 0.627713 0.03125 0.056761 0.370117 0.617018 1.0 0.38208 0.613366 1.0 0.379943 0.627973 1.0 0.374176 0.641486 1.0 0.384003 0.637833 1.0
0 0.074707 0.839733 0.041992 0.086811 0.070827 0.833651 1.0 0.087926 0.819312 1.0 0.088248 0.839167 1.0 0.07986 0.864536 1.0 0.091797 0.855711 1.0
0 0.114258 0.688648 0.03125 0.065109 0.107784 0.685339 1.0 0.121212 0.676321 1.0 0.121212 0.684519 1.0 0.118334 0.703785 1.0 0.124809 0.697225 1.0
0 0.132812 0.580134 0.03125 0.068447 0.120724 0.5709 1.0 0.133327 0.574856 1.0 0.123553 0.58497 1.0 0.120209 0.596404 1.0 0.13024 0.600361 1.0
0 0.986816 0.411519 0.014648 0.035058 0.0 0.0 0.0 0.0 0.0 0.0 0.0 0.0 0.0 0.0 0.0 0.0 0.0 0.0 0.0
0 0.993164 0.383139 0.013672 0.03172 0.0 0.0 0.0 0.0 0.0 0.0 0.0 0.0 0.0 0.0 0.0 0.0 0.0 0.0 0.0
0 0.891602 0.407346 0.015625 0.03005 0.89172 0.40329 1.0 0.896663 0.402688 1.0 0.895957 0.409731 1.0 0.89325 0.416371 1.0 0.896781 0.416975 1.0
0 0.885254 0.462437 0.018555 0.033389 0.0 0.0 0.0 0.0 0.0 0.0 0.0 0.0 0.0 0.0 0.0 0.0 0.0 0.0 0.0
0 0.853027 0.391486 0.014648 0.028381 0.0 0.0 0.0 0.0 0.0 0.0 0.0 0.0 0.0 0.0 0.0 0.0 0.0 0.0 0.0
0 0.86084 0.373957 0.012695 0.026711 0.0 0.0 0.0 0.0 0.0 0.0 0.0 0.0 0.0 0.0 0.0 0.0 0.0 0.0 0.0
0 0.919434 0.373122 0.014648 0.028381 0.917965 0.369396 1.0 0.924068 0.366786 1.0 0.923632 0.375172 1.0 0.921779 0.380574 1.0 0.921779 0.380574 1.0
0 0.93457 0.356427 0.015625 0.028381 0.933891 0.353267 1.0 0.939897 0.351135 1.0 0.938765 0.356174 1.0 0.936044 0.361599 1.0 0.940011 0.360631 1.0
0 0.874512 0.350584 0.014648 0.026711 0.0 0.0 0.0 0.0 0.0 0.0 0.0 0.0 0.0 0.0 0.0 0.0 0.0 0.0 0.0
0 0.90625 0.350584 0.013672 0.026711 0.904833 0.344608 1.0 0.910147 0.344093 1.0 0.90744 0.348379 1.0 0.905435 0.353521 1.0 0.910147 0.353007 1.0
0 0.891602 0.373122 0.013672 0.028381 0.0 0.0 0.0 0.0 0.0 0.0 0.0 0.0 0.0 0.0 0.0 0.0 0.0 0.0 0.0
0 0.977539 0.306344 0.011719 0.021703 0.0 0.0 0.0 0.0 0.0 0.0 0.0 0.0 0.0 0.0 0.0 0.0 0.0 0.0 0.0
0 0.8125 0.405676 0.015625 0.033389 0.0 0.0 0.0 0.0 0.0 0.0 0.0 0.0 0.0 0.0 0.0 0.0 0.0 0.0 0.0
0 0.786621 0.402337 0.014648 0.026711 0.0 0.0 0.0 0.0 0.0 0.0 0.0 0.0 0.0 0.0 0.0 0.0 0.0 0.0 0.0
0 0.755371 0.400668 0.016602 0.026711 0.0 0.0 0.0 0.0 0.0 0.0 0.0 0.0 0.0 0.0 0.0 0.0 0.0 0.0 0.0
0 0.717285 0.419866 0.016602 0.028381 0.0 0.0 0.0 0.0 0.0 0.0 0.0 0.0 0.0 0.0 0.0 0.0 0.0 0.0 0.0
0 0.743164 0.389816 0.015625 0.03172 0.0 0.0 0.0 0.0 0.0 0.0 0.0 0.0 0.0 0.0 0.0 0.0 0.0 0.0 0.0
0 0.837891 0.355593 0.017578 0.033389 0.0 0.0 0.0 0.0 0.0 0.0 0.0 0.0 0.0 0.0 0.0 0.0 0.0 0.0 0.0
0 0.844238 0.377295 0.018555 0.033389 0.0 0.0 0.0 0.0 0.0 0.0 0.0 0.0 0.0 0.0 0.0 0.0 0.0 0.0 0.0
0 0.804199 0.367279 0.016602 0.026711 0.0 0.0 0.0 0.0 0.0 0.0 0.0 0.0 0.0 0.0 0.0 0.0 0.0 0.0 0.0
0 0.711426 0.368948 0.016602 0.026711 0.0 0.0 0.0 0.0 0.0 0.0 0.0 0.0 0.0 0.0 0.0 0.0 0.0 0.0 0.0
0 0.727051 0.358932 0.012695 0.023372 0.0 0.0 0.0 0.0 0.0 0.0 0.0 0.0 0.0 0.0 0.0 0.0 0.0 0.0 0.0
0 0.755371 0.366444 0.018555 0.03172 0.0 0.0 0.0 0.0 0.0 0.0 0.0 0.0 0.0 0.0 0.0 0.0 0.0 0.0 0.0
0 0.806152 0.351419 0.018555 0.028381 0.0 0.0 0.0 0.0 0.0 0.0 0.0 0.0 0.0 0.0 0.0 0.0 0.0 0.0 0.0
0 0.783203 0.351419 0.015625 0.028381 0.0 0.0 0.0 0.0 0.0 0.0 0.0 0.0 0.0 0.0 0.0 0.0 0.0 0.0 0.0
0 0.753418 0.333055 0.014648 0.021703 0.0 0.0 0.0 0.0 0.0 0.0 0.0 0.0 0.0 0.0 0.0 0.0 0.0 0.0 0.0
0 0.797852 0.285476 0.009766 0.016694 0.0 0.0 0.0 0.0 0.0 0.0 0.0 0.0 0.0 0.0 0.0 0.0 0.0 0.0 0.0
0 0.699707 0.283806 0.010742 0.023372 0.0 0.0 0.0 0.0 0.0 0.0 0.0 0.0 0.0 0.0 0.0 0.0 0.0 0.0 0.0
0 0.68457 0.402337 0.015625 0.03005 0.0 0.0 0.0 0.0 0.0 0.0 0.0 0.0 0.0 0.0 0.0 0.0 0.0 0.0 0.0
0 0.626465 0.437396 0.016602 0.03005 0.0 0.0 0.0 0.0 0.0 0.0 0.0 0.0 0.0 0.0 0.0 0.0 0.0 0.0 0.0
0 0.630859 0.405676 0.017578 0.033389 0.630101 0.397925 1.0 0.635917 0.398357 1.0 0.633262 0.403977 1.0 0.630985 0.406571 1.0 0.635031 0.407003 1.0
0 0.688477 0.338063 0.013672 0.025042 0.0 0.0 0.0 0.0 0.0 0.0 0.0 0.0 0.0 0.0 0.0 0.0 0.0 0.0 0.0
0 0.602051 0.350584 0.014648 0.026711 0.0 0.0 0.0 0.0 0.0 0.0 0.0 0.0 0.0 0.0 0.0 0.0 0.0 0.0 0.0
0 0.595215 0.308013 0.012695 0.021703 0.0 0.0 0.0 0.0 0.0 0.0 0.0 0.0 0.0 0.0 0.0 0.0 0.0 0.0 0.0
0 0.649902 0.301336 0.012695 0.021703 0.0 0.0 0.0 0.0 0.0 0.0 0.0 0.0 0.0 0.0 0.0 0.0 0.0 0.0 0.0
0 0.602539 0.380634 0.015625 0.026711 0.0 0.0 0.0 0.0 0.0 0.0 0.0 0.0 0.0 0.0 0.0 0.0 0.0 0.0 0.0
0 0.643555 0.380634 0.013672 0.023372 0.0 0.0 0.0 0.0 0.0 0.0 0.0 0.0 0.0 0.0 0.0 0.0 0.0 0.0 0.0
0 0.642578 0.346411 0.013672 0.025042 0.0 0.0 0.0 0.0 0.0 0.0 0.0 0.0 0.0 0.0 0.0 0.0 0.0 0.0 0.0
0 0.665039 0.274624 0.009766 0.018364 0.0 0.0 0.0 0.0 0.0 0.0 0.0 0.0 0.0 0.0 0.0 0.0 0.0 0.0 0.0
0 0.728027 0.277963 0.006836 0.015025 0.0 0.0 0.0 0.0 0.0 0.0 0.0 0.0 0.0 0.0 0.0 0.0 0.0 0.0 0.0
0 0.566406 0.388982 0.015625 0.03005 0.0 0.0 0.0 0.0 0.0 0.0 0.0 0.0 0.0 0.0 0.0 0.0 0.0 0.0 0.0
0 0.560547 0.308848 0.009766 0.020033 0.0 0.0 0.0 0.0 0.0 0.0 0.0 0.0 0.0 0.0 0.0 0.0 0.0 0.0 0.0
0 0.551758 0.303005 0.013672 0.025042 0.0 0.0 0.0 0.0 0.0 0.0 0.0 0.0 0.0 0.0 0.0 0.0 0.0 0.0 0.0
0 0.621582 0.274624 0.008789 0.015025 0.0 0.0 0.0 0.0 0.0 0.0 0.0 0.0 0.0 0.0 0.0 0.0 0.0 0.0 0.0
0 0.579102 0.358932 0.011719 0.023372 0.0 0.0 0.0 0.0 0.0 0.0 0.0 0.0 0.0 0.0 0.0 0.0 0.0 0.0 0.0
0 0.553223 0.366444 0.012695 0.025042 0.0 0.0 0.0 0.0 0.0 0.0 0.0 0.0 0.0 0.0 0.0 0.0 0.0 0.0 0.0
0 0.556641 0.353088 0.013672 0.028381 0.0 0.0 0.0 0.0 0.0 0.0 0.0 0.0 0.0 0.0 0.0 0.0 0.0 0.0 0.0
0 0.524902 0.422371 0.016602 0.03005 0.523961 0.416631 1.0 0.531896 0.416244 1.0 0.528948 0.423608 1.0 0.524641 0.429227 1.0 0.529969 0.429614 1.0
0 0.484863 0.403172 0.010742 0.018364 0.0 0.0 0.0 0.0 0.0 0.0 0.0 0.0 0.0 0.0 0.0 0.0 0.0 0.0 0.0
0 0.508301 0.383139 0.014648 0.035058 0.503627 0.374255 1.0 0.509905 0.374477 1.0 0.506636 0.380738 1.0 0.504281 0.389012 1.0 0.510298 0.389012 1.0
0 0.48877 0.342237 0.012695 0.023372 0.0 0.0 0.0 0.0 0.0 0.0 0.0 0.0 0.0 0.0 0.0 0.0 0.0 0.0 0.0
0 0.463379 0.335559 0.012695 0.023372 0.0 0.0 0.0 0.0 0.0 0.0 0.0 0.0 0.0 0.0 0.0 0.0 0.0 0.0 0.0
0 0.431641 0.369783 0.013672 0.025042 0.0 0.0 0.0 0.0 0.0 0.0 0.0 0.0 0.0 0.0 0.0 0.0 0.0 0.0 0.0
0 0.416504 0.398998 0.014648 0.026711 0.415013 0.394735 1.0 0.415815 0.394564 1.0 0.412807 0.402277 1.0 0.417219 0.406392 1.0 0.418823 0.40622 1.0
0 0.526855 0.391486 0.016602 0.028381 0.0 0.0 0.0 0.0 0.0 0.0 0.0 0.0 0.0 0.0 0.0 0.0 0.0 0.0 0.0
0 0.511719 0.34808 0.011719 0.021703 0.0 0.0 0.0 0.0 0.0 0.0 0.0 0.0 0.0 0.0 0.0 0.0 0.0 0.0 0.0
0 0.519043 0.338898 0.008789 0.020033 0.0 0.0 0.0 0.0 0.0 0.0 0.0 0.0 0.0 0.0 0.0 0.0 0.0 0.0 0.0
0 0.447266 0.335559 0.011719 0.023372 0.0 0.0 0.0 0.0 0.0 0.0 0.0 0.0 0.0 0.0 0.0 0.0 0.0 0.0 0.0
0 0.511719 0.281302 0.007812 0.015025 0.0 0.0 0.0 0.0 0.0 0.0 0.0 0.0 0.0 0.0 0.0 0.0 0.0 0.0 0.0
0 0.414551 0.364775 0.014648 0.025042 0.0 0.0 0.0 0.0 0.0 0.0 0.0 0.0 0.0 0.0 0.0 0.0 0.0 0.0 0.0
0 0.391602 0.322204 0.011719 0.023372 0.0 0.0 0.0 0.0 0.0 0.0 0.0 0.0 0.0 0.0 0.0 0.0 0.0 0.0 0.0
0 0.438965 0.297997 0.008789 0.018364 0.0 0.0 0.0 0.0 0.0 0.0 0.0 0.0 0.0 0.0 0.0 0.0 0.0 0.0 0.0
0 0.359863 0.36394 0.012695 0.023372 0.0 0.0 0.0 0.0 0.0 0.0 0.0 0.0 0.0 0.0 0.0 0.0 0.0 0.0 0.0
0 0.255371 0.381469 0.012695 0.021703 0.0 0.0 0.0 0.0 0.0 0.0 0.0 0.0 0.0 0.0 0.0 0.0 0.0 0.0 0.0
0 0.255859 0.364775 0.011719 0.021703 0.0 0.0 0.0 0.0 0.0 0.0 0.0 0.0 0.0 0.0 0.0 0.0 0.0 0.0 0.0
0 0.274902 0.284641 0.010742 0.018364 0.0 0.0 0.0 0.0 0.0 0.0 0.0 0.0 0.0 0.0 0.0 0.0 0.0 0.0 0.0
0 0.330566 0.289649 0.008789 0.018364 0.0 0.0 0.0 0.0 0.0 0.0 0.0 0.0 0.0 0.0 0.0 0.0 0.0 0.0 0.0
0 0.315918 0.320534 0.008789 0.016694 0.0 0.0 0.0 0.0 0.0 0.0 0.0 0.0 0.0 0.0 0.0 0.0 0.0 0.0 0.0
0 0.247559 0.33389 0.010742 0.023372 0.0 0.0 0.0 0.0 0.0 0.0 0.0 0.0 0.0 0.0 0.0 0.0 0.0 0.0 0.0
0 0.237793 0.346411 0.010742 0.018364 0.0 0.0 0.0 0.0 0.0 0.0 0.0 0.0 0.0 0.0 0.0 0.0 0.0 0.0 0.0
0 0.243164 0.365609 0.011719 0.020033 0.0 0.0 0.0 0.0 0.0 0.0 0.0 0.0 0.0 0.0 0.0 0.0 0.0 0.0 0.0
0 0.344727 0.283806 0.009766 0.020033 0.0 0.0 0.0 0.0 0.0 0.0 0.0 0.0 0.0 0.0 0.0 0.0 0.0 0.0 0.0
0 0.152832 0.509182 0.020508 0.040067 0.148935 0.503608 1.0 0.159459 0.502341 1.0 0.154419 0.509942 1.0 0.151751 0.518811 1.0 0.157235 0.518304 1.0
0 0.141113 0.461603 0.022461 0.041736 0.138916 0.453524 1.0 0.14692 0.451913 1.0 0.144409 0.459426 1.0 0.141271 0.470159 1.0 0.146293 0.469085 1.0
0 0.023438 0.481636 0.021484 0.045075 0.023438 0.472626 1.0 0.032279 0.470301 1.0 0.031089 0.479891 1.0 0.027008 0.491519 1.0 0.033129 0.488903 1.0
0 0.040039 0.493322 0.021484 0.045075 0.0 0.0 0.0 0.0 0.0 0.0 0.0 0.0 0.0 0.0 0.0 0.0 0.0 0.0 0.0
0 0.149414 0.434891 0.019531 0.03172 0.0 0.0 0.0 0.0 0.0 0.0 0.0 0.0 0.0 0.0 0.0 0.0 0.0 0.0 0.0
0 0.144531 0.420701 0.021484 0.033389 0.0 0.0 0.0 0.0 0.0 0.0 0.0 0.0 0.0 0.0 0.0 0.0 0.0 0.0 0.0
0 0.101562 0.440735 0.019531 0.033389 0.101833 0.431068 1.0 0.108533 0.430851 1.0 0.106385 0.437768 1.0 0.102339 0.444469 1.0 0.10828 0.444037 1.0
0 0.048828 0.471619 0.021484 0.03172 0.0 0.0 0.0 0.0 0.0 0.0 0.0 0.0 0.0 0.0 0.0 0.0 0.0 0.0 0.0
0 0.040039 0.432387 0.019531 0.03005 0.0 0.0 0.0 0.0 0.0 0.0 0.0 0.0 0.0 0.0 0.0 0.0 0.0 0.0 0.0
0 0.055664 0.411519 0.017578 0.03172 0.054487 0.405482 1.0 0.061667 0.404678 1.0 0.05896 0.410513 1.0 0.054723 0.418361 1.0 0.059666 0.418563 1.0
0 0.094238 0.393155 0.014648 0.025042 0.0 0.0 0.0 0.0 0.0 0.0 0.0 0.0 0.0 0.0 0.0 0.0 0.0 0.0 0.0
0 0.09668 0.367279 0.015625 0.023372 0.0 0.0 0.0 0.0 0.0 0.0 0.0 0.0 0.0 0.0 0.0 0.0 0.0 0.0 0.0
0 0.035156 0.3798 0.015625 0.025042 0.032854 0.376997 1.0 0.039027 0.376461 1.0 0.036621 0.381648 1.0 0.034947 0.387013 1.0 0.038295 0.386477 1.0
0 0.012207 0.42571 0.012695 0.026711 0.007568 0.421775 1.0 0.013741 0.422132 1.0 0.011754 0.427678 1.0 0.009347 0.434295 1.0 0.013219 0.434117 1.0
0 0.197754 0.400668 0.014648 0.03005 0.195194 0.394803 1.0 0.19999 0.393871 1.0 0.197701 0.399461 1.0 0.19574 0.403932 1.0 0.19901 0.403932 1.0
0 0.161621 0.338898 0.014648 0.026711 0.0 0.0 0.0 0.0 0.0 0.0 0.0 0.0 0.0 0.0 0.0 0.0 0.0 0.0 0.0
0 0.180664 0.333055 0.013672 0.025042 0.179217 0.330417 1.0 0.182957 0.329598 1.0 0.18123 0.334843 1.0 0.180367 0.34009 1.0 0.183341 0.339763 1.0
0 0.210938 0.335559 0.013672 0.016694 0.0 0.0 0.0 0.0 0.0 0.0 0.0 0.0 0.0 0.0 0.0 0.0 0.0 0.0 0.0
0 0.053711 0.350584 0.011719 0.020033 0.0 0.0 0.0 0.0 0.0 0.0 0.0 0.0 0.0 0.0 0.0 0.0 0.0 0.0 0.0
0 0.045898 0.361436 0.011719 0.021703 0.0 0.0 0.0 0.0 0.0 0.0 0.0 0.0 0.0 0.0 0.0 0.0 0.0 0.0 0.0
0 0.019531 0.331386 0.011719 0.021703 0.0 0.0 0.0 0.0 0.0 0.0 0.0 0.0 0.0 0.0 0.0 0.0 0.0 0.0 0.0
0 0.104492 0.34975 0.011719 0.021703 0.0 0.0 0.0 0.0 0.0 0.0 0.0 0.0 0.0 0.0 0.0 0.0 0.0 0.0 0.0
0 0.093262 0.333055 0.010742 0.021703 0.0 0.0 0.0 0.0 0.0 0.0 0.0 0.0 0.0 0.0 0.0 0.0 0.0 0.0 0.0
0 0.027344 0.325543 0.011719 0.020033 0.0 0.0 0.0 0.0 0.0 0.0 0.0 0.0 0.0 0.0 0.0 0.0 0.0 0.0 0.0
0 0.016113 0.392321 0.016602 0.026711 0.0 0.0 0.0 0.0 0.0 0.0 0.0 0.0 0.0 0.0 0.0 0.0 0.0 0.0 0.0
0 0.235352 0.419866 0.017578 0.038397 0.0 0.0 0.0 0.0 0.0 0.0 0.0 0.0 0.0 0.0 0.0 0.0 0.0 0.0 0.0
0 0.286133 0.395659 0.015625 0.033389 0.0 0.0 0.0 0.0 0.0 0.0 0.0 0.0 0.0 0.0 0.0 0.0 0.0 0.0 0.0
0 0.172852 0.383973 0.013672 0.023372 0.0 0.0 0.0 0.0 0.0 0.0 0.0 0.0 0.0 0.0 0.0 0.0 0.0 0.0 0.0
0 0.171387 0.36394 0.012695 0.020033 0.0 0.0 0.0 0.0 0.0 0.0 0.0 0.0 0.0 0.0 0.0 0.0 0.0 0.0 0.0
0 0.158203 0.317195 0.011719 0.023372 0.0 0.0 0.0 0.0 0.0 0.0 0.0 0.0 0.0 0.0 0.0 0.0 0.0 0.0 0.0
0 0.296387 0.316361 0.010742 0.021703 0.0 0.0 0.0 0.0 0.0 0.0 0.0 0.0 0.0 0.0 0.0 0.0 0.0 0.0 0.0
0 0.325195 0.34808 0.013672 0.025042 0.0 0.0 0.0 0.0 0.0 0.0 0.0 0.0 0.0 0.0 0.0 0.0 0.0 0.0 0.0
0 0.144043 0.30384 0.010742 0.020033 0.0 0.0 0.0 0.0 0.0 0.0 0.0 0.0 0.0 0.0 0.0 0.0 0.0 0.0 0.0
0 0.151367 0.389816 0.013672 0.021703 0.0 0.0 0.0 0.0 0.0 0.0 0.0 0.0 0.0 0.0 0.0 0.0 0.0 0.0 0.0
0 0.200195 0.447412 0.017578 0.03005 0.0 0.0 0.0 0.0 0.0 0.0 0.0 0.0 0.0 0.0 0.0 0.0 0.0 0.0 0.0
0 0.171387 0.282137 0.008789 0.016694 0.0 0.0 0.0 0.0 0.0 0.0 0.0 0.0 0.0 0.0 0.0 0.0 0.0 0.0 0.0
0 0.299316 0.274624 0.008789 0.018364 0.0 0.0 0.0 0.0 0.0 0.0 0.0 0.0 0.0 0.0 0.0 0.0 0.0 0.0 0.0
0 0.240234 0.299666 0.009766 0.018364 0.0 0.0 0.0 0.0 0.0 0.0 0.0 0.0 0.0 0.0 0.0 0.0 0.0 0.0 0.0
0 0.450684 0.308013 0.008789 0.018364 0.0 0.0 0.0 0.0 0.0 0.0 0.0 0.0 0.0 0.0 0.0 0.0 0.0 0.0 0.0
0 0.461426 0.263773 0.008789 0.016694 0.0 0.0 0.0 0.0 0.0 0.0 0.0 0.0 0.0 0.0 0.0 0.0 0.0 0.0 0.0
0 0.399414 0.27379 0.009766 0.020033 0.0 0.0 0.0 0.0 0.0 0.0 0.0 0.0 0.0 0.0 0.0 0.0 0.0 0.0 0.0
0 0.51709 0.326377 0.010742 0.021703 0.0 0.0 0.0 0.0 0.0 0.0 0.0 0.0 0.0 0.0 0.0 0.0 0.0 0.0 0.0
0 0.500977 0.342237 0.009766 0.020033 0.0 0.0 0.0 0.0 0.0 0.0 0.0 0.0 0.0 0.0 0.0 0.0 0.0 0.0 0.0
0 0.502441 0.258765 0.008789 0.016694 0.0 0.0 0.0 0.0 0.0 0.0 0.0 0.0 0.0 0.0 0.0 0.0 0.0 0.0 0.0
0 0.458984 0.298831 0.009766 0.016694 0.0 0.0 0.0 0.0 0.0 0.0 0.0 0.0 0.0 0.0 0.0 0.0 0.0 0.0 0.0
0 0.419434 0.269616 0.008789 0.015025 0.0 0.0 0.0 0.0 0.0 0.0 0.0 0.0 0.0 0.0 0.0 0.0 0.0 0.0 0.0
0 0.427246 0.323873 0.012695 0.026711 0.0 0.0 0.0 0.0 0.0 0.0 0.0 0.0 0.0 0.0 0.0 0.0 0.0 0.0 0.0
0 0.472168 0.304674 0.008789 0.018364 0.0 0.0 0.0 0.0 0.0 0.0 0.0 0.0 0.0 0.0 0.0 0.0 0.0 0.0 0.0
0 0.481445 0.324708 0.009766 0.015025 0.0 0.0 0.0 0.0 0.0 0.0 0.0 0.0 0.0 0.0 0.0 0.0 0.0 0.0 0.0
0 0.48877 0.322204 0.010742 0.020033 0.0 0.0 0.0 0.0 0.0 0.0 0.0 0.0 0.0 0.0 0.0 0.0 0.0 0.0 0.0
0 0.502441 0.284641 0.010742 0.025042 0.0 0.0 0.0 0.0 0.0 0.0 0.0 0.0 0.0 0.0 0.0 0.0 0.0 0.0 0.0
0 0.348145 0.263773 0.010742 0.020033 0.0 0.0 0.0 0.0 0.0 0.0 0.0 0.0 0.0 0.0 0.0 0.0 0.0 0.0 0.0
0 0.951172 0.320534 0.009766 0.023372 0.0 0.0 0.0 0.0 0.0 0.0 0.0 0.0 0.0 0.0 0.0 0.0 0.0 0.0 0.0
0 0.981934 0.3798 0.016602 0.035058 0.0 0.0 0.0 0.0 0.0 0.0 0.0 0.0 0.0 0.0 0.0 0.0 0.0 0.0 0.0
0 0.983398 0.358097 0.013672 0.028381 0.0 0.0 0.0 0.0 0.0 0.0 0.0 0.0 0.0 0.0 0.0 0.0 0.0 0.0 0.0
0 0.995605 0.311352 0.008789 0.021703 0.0 0.0 0.0 0.0 0.0 0.0 0.0 0.0 0.0 0.0 0.0 0.0 0.0 0.0 0.0
0 0.918457 0.331386 0.010742 0.018364 0.0 0.0 0.0 0.0 0.0 0.0 0.0 0.0 0.0 0.0 0.0 0.0 0.0 0.0 0.0
0 0.937012 0.303005 0.010742 0.018364 0.0 0.0 0.0 0.0 0.0 0.0 0.0 0.0 0.0 0.0 0.0 0.0 0.0 0.0 0.0
0 0.978516 0.171119 0.005859 0.011686 0.0 0.0 0.0 0.0 0.0 0.0 0.0 0.0 0.0 0.0 0.0 0.0 0.0 0.0 0.0
0 0.811523 0.272955 0.007812 0.018364 0.0 0.0 0.0 0.0 0.0 0.0 0.0 0.0 0.0 0.0 0.0 0.0 0.0 0.0 0.0
0 0.746582 0.27379 0.008789 0.016694 0.0 0.0 0.0 0.0 0.0 0.0 0.0 0.0 0.0 0.0 0.0 0.0 0.0 0.0 0.0
0 0.797852 0.319699 0.009766 0.025042 0.0 0.0 0.0 0.0 0.0 0.0 0.0 0.0 0.0 0.0 0.0 0.0 0.0 0.0 0.0
0 0.699707 0.308848 0.008789 0.016694 0.0 0.0 0.0 0.0 0.0 0.0 0.0 0.0 0.0 0.0 0.0 0.0 0.0 0.0 0.0
0 0.722656 0.300501 0.009766 0.016694 0.0 0.0 0.0 0.0 0.0 0.0 0.0 0.0 0.0 0.0 0.0 0.0 0.0 0.0 0.0
0 0.768066 0.24374 0.006836 0.013356 0.0 0.0 0.0 0.0 0.0 0.0 0.0 0.0 0.0 0.0 0.0 0.0 0.0 0.0 0.0
0 0.775879 0.309683 0.008789 0.018364 0.0 0.0 0.0 0.0 0.0 0.0 0.0 0.0 0.0 0.0 0.0 0.0 0.0 0.0 0.0
0 0.766113 0.294658 0.010742 0.021703 0.0 0.0 0.0 0.0 0.0 0.0 0.0 0.0 0.0 0.0 0.0 0.0 0.0 0.0 0.0
0 0.441406 0.280467 0.009766 0.023372 0.0 0.0 0.0 0.0 0.0 0.0 0.0 0.0 0.0 0.0 0.0 0.0 0.0 0.0 0.0
0 0.29834 0.347245 0.012695 0.026711 0.0 0.0 0.0 0.0 0.0 0.0 0.0 0.0 0.0 0.0 0.0 0.0 0.0 0.0 0.0
0 0.857422 0.322204 0.011719 0.020033 0.0 0.0 0.0 0.0 0.0 0.0 0.0 0.0 0.0 0.0 0.0 0.0 0.0 0.0 0.0
0 0.890137 0.250417 0.006836 0.016694 0.0 0.0 0.0 0.0 0.0 0.0 0.0 0.0 0.0 0.0 0.0 0.0 0.0 0.0 0.0
0 0.85791 0.299666 0.012695 0.025042 0.0 0.0 0.0 0.0 0.0 0.0 0.0 0.0 0.0 0.0 0.0 0.0 0.0 0.0 0.0
0 0.94873 0.259599 0.008789 0.018364 0.0 0.0 0.0 0.0 0.0 0.0 0.0 0.0 0.0 0.0 0.0 0.0 0.0 0.0 0.0
0 0.959961 0.272955 0.009766 0.018364 0.0 0.0 0.0 0.0 0.0 0.0 0.0 0.0 0.0 0.0 0.0 0.0 0.0 0.0 0.0
0 0.879395 0.277129 0.008789 0.016694 0.0 0.0 0.0 0.0 0.0 0.0 0.0 0.0 0.0 0.0 0.0 0.0 0.0 0.0 0.0
0 0.838867 0.244574 0.007812 0.015025 0.0 0.0 0.0 0.0 0.0 0.0 0.0 0.0 0.0 0.0 0.0 0.0 0.0 0.0 0.0
0 0.94873 0.233723 0.004883 0.010017 0.0 0.0 0.0 0.0 0.0 0.0 0.0 0.0 0.0 0.0 0.0 0.0 0.0 0.0 0.0
0 0.597656 0.166945 0.009766 0.016694 0.0 0.0 0.0 0.0 0.0 0.0 0.0 0.0 0.0 0.0 0.0 0.0 0.0 0.0 0.0
0 0.529297 0.161102 0.009766 0.018364 0.0 0.0 0.0 0.0 0.0 0.0 0.0 0.0 0.0 0.0 0.0 0.0 0.0 0.0 0.0
0 0.440918 0.16611 0.006836 0.015025 0.0 0.0 0.0 0.0 0.0 0.0 0.0 0.0 0.0 0.0 0.0 0.0 0.0 0.0 0.0
0 0.629883 0.158598 0.007812 0.013356 0.0 0.0 0.0 0.0 0.0 0.0 0.0 0.0 0.0 0.0 0.0 0.0 0.0 0.0 0.0
0 0.688965 0.158598 0.008789 0.016694 0.0 0.0 0.0 0.0 0.0 0.0 0.0 0.0 0.0 0.0 0.0 0.0 0.0 0.0 0.0
0 0.957031 0.398164 0.019531 0.038397 0.0 0.0 0.0 0.0 0.0 0.0 0.0 0.0 0.0 0.0 0.0 0.0 0.0 0.0 0.0
0 0.928711 0.269616 0.007812 0.015025 0.0 0.0 0.0 0.0 0.0 0.0 0.0 0.0 0.0 0.0 0.0 0.0 0.0 0.0 0.0
0 0.914062 0.250417 0.005859 0.013356 0.0 0.0 0.0 0.0 0.0 0.0 0.0 0.0 0.0 0.0 0.0 0.0 0.0 0.0 0.0
0 0.936523 0.222037 0.005859 0.013356 0.0 0.0 0.0 0.0 0.0 0.0 0.0 0.0 0.0 0.0 0.0 0.0 0.0 0.0 0.0
0 0.220215 0.301336 0.008789 0.018364 0.0 0.0 0.0 0.0 0.0 0.0 0.0 0.0 0.0 0.0 0.0 0.0 0.0 0.0 0.0
0 0.247559 0.251252 0.008789 0.018364 0.0 0.0 0.0 0.0 0.0 0.0 0.0 0.0 0.0 0.0 0.0 0.0 0.0 0.0 0.0
0 0.933594 0.740401 0.037109 0.095159 0.947405 0.737733 1.0 0.948478 0.738344 1.0 0.94526 0.76279 1.0 0.936323 0.771957 1.0 0.937038 0.772568 1.0
0 0.680664 0.37813 0.015625 0.028381 0.0 0.0 0.0 0.0 0.0 0.0 0.0 0.0 0.0 0.0 0.0 0.0 0.0 0.0 0.0
0 0.663574 0.343072 0.014648 0.018364 0.0 0.0 0.0 0.0 0.0 0.0 0.0 0.0 0.0 0.0 0.0 0.0 0.0 0.0 0.0
0 0.65625 0.374791 0.013672 0.028381 0.0 0.0 0.0 0.0 0.0 0.0 0.0 0.0 0.0 0.0 0.0 0.0 0.0 0.0 0.0
0 0.635742 0.279633 0.011719 0.021703 0.0 0.0 0.0 0.0 0.0 0.0 0.0 0.0 0.0 0.0 0.0 0.0 0.0 0.0 0.0
0 0.718262 0.328881 0.012695 0.023372 0.0 0.0 0.0 0.0 0.0 0.0 0.0 0.0 0.0 0.0 0.0 0.0 0.0 0.0 0.0
0 0.352539 0.323038 0.011719 0.021703 0.0 0.0 0.0 0.0 0.0 0.0 0.0 0.0 0.0 0.0 0.0 0.0 0.0 0.0 0.0
0 0.400879 0.341402 0.012695 0.025042 0.0 0.0 0.0 0.0 0.0 0.0 0.0 0.0 0.0 0.0 0.0 0.0 0.0 0.0 0.0
0 0.350098 0.341402 0.010742 0.018364 0.0 0.0 0.0 0.0 0.0 0.0 0.0 0.0 0.0 0.0 0.0 0.0 0.0 0.0 0.0
0 0.323242 0.304674 0.009766 0.018364 0.0 0.0 0.0 0.0 0.0 0.0 0.0 0.0 0.0 0.0 0.0 0.0 0.0 0.0 0.0
0 0.306152 0.365609 0.012695 0.026711 0.0 0.0 0.0 0.0 0.0 0.0 0.0 0.0 0.0 0.0 0.0 0.0 0.0 0.0 0.0
0 0.05127 0.322204 0.010742 0.020033 0.0 0.0 0.0 0.0 0.0 0.0 0.0 0.0 0.0 0.0 0.0 0.0 0.0 0.0 0.0
0 0.066895 0.326377 0.010742 0.021703 0.0 0.0 0.0 0.0 0.0 0.0 0.0 0.0 0.0 0.0 0.0 0.0 0.0 0.0 0.0
0 0.114258 0.386477 0.013672 0.025042 0.0 0.0 0.0 0.0 0.0 0.0 0.0 0.0 0.0 0.0 0.0 0.0 0.0 0.0 0.0
0 0.070312 0.407346 0.015625 0.023372 0.0 0.0 0.0 0.0 0.0 0.0 0.0 0.0 0.0 0.0 0.0 0.0 0.0 0.0 0.0
0 0.121582 0.323873 0.012695 0.023372 0.0 0.0 0.0 0.0 0.0 0.0 0.0 0.0 0.0 0.0 0.0 0.0 0.0 0.0 0.0
0 0.137207 0.388147 0.014648 0.028381 0.0 0.0 0.0 0.0 0.0 0.0 0.0 0.0 0.0 0.0 0.0 0.0 0.0 0.0 0.0
0 0.230957 0.260434 0.006836 0.013356 0.0 0.0 0.0 0.0 0.0 0.0 0.0 0.0 0.0 0.0 0.0 0.0 0.0 0.0 0.0
0 0.093262 0.46828 0.020508 0.035058 0.0 0.0 0.0 0.0 0.0 0.0 0.0 0.0 0.0 0.0 0.0 0.0 0.0 0.0 0.0
0 0.189453 0.46995 0.017578 0.041736 0.0 0.0 0.0 0.0 0.0 0.0 0.0 0.0 0.0 0.0 0.0 0.0 0.0 0.0 0.0
0 0.078613 0.354758 0.012695 0.028381 0.0 0.0 0.0 0.0 0.0 0.0 0.0 0.0 0.0 0.0 0.0 0.0 0.0 0.0 0.0
0 0.283203 0.315526 0.007812 0.023372 0.0 0.0 0.0 0.0 0.0 0.0 0.0 0.0 0.0 0.0 0.0 0.0 0.0 0.0 0.0
0 0.203613 0.366444 0.012695 0.028381 0.0 0.0 0.0 0.0 0.0 0.0 0.0 0.0 0.0 0.0 0.0 0.0 0.0 0.0 0.0
0 0.275879 0.414023 0.018555 0.033389 0.0 0.0 0.0 0.0 0.0 0.0 0.0 0.0 0.0 0.0 0.0 0.0 0.0 0.0 0.0
0 0.269043 0.333055 0.008789 0.018364 0.0 0.0 0.0 0.0 0.0 0.0 0.0 0.0 0.0 0.0 0.0 0.0 0.0 0.0 0.0
0 0.473633 0.16778 0.009766 0.015025 0.0 0.0 0.0 0.0 0.0 0.0 0.0 0.0 0.0 0.0 0.0 0.0 0.0 0.0 0.0
0 0.55957 0.170284 0.007812 0.013356 0.0 0.0 0.0 0.0 0.0 0.0 0.0 0.0 0.0 0.0 0.0 0.0 0.0 0.0 0.0
0 0.73584 0.15025 0.006836 0.016694 0.0 0.0 0.0 0.0 0.0 0.0 0.0 0.0 0.0 0.0 0.0 0.0 0.0 0.0 0.0
0 0.458984 0.385643 0.019531 0.033389 0.0 0.0 0.0 0.0 0.0 0.0 0.0 0.0 0.0 0.0 0.0 0.0 0.0 0.0 0.0
0 0.735352 0.319699 0.011719 0.021703 0.0 0.0 0.0 0.0 0.0 0.0 0.0 0.0 0.0 0.0 0.0 0.0 0.0 0.0 0.0
0 0.655762 0.411519 0.014648 0.021703 0.0 0.0 0.0 0.0 0.0 0.0 0.0 0.0 0.0 0.0 0.0 0.0 0.0 0.0 0.0
0 0.571777 0.304674 0.008789 0.018364 0.0 0.0 0.0 0.0 0.0 0.0 0.0 0.0 0.0 0.0 0.0 0.0 0.0 0.0 0.0
0 0.545898 0.265442 0.007812 0.016694 0.0 0.0 0.0 0.0 0.0 0.0 0.0 0.0 0.0 0.0 0.0 0.0 0.0 0.0 0.0
0 0.334961 0.393155 0.015625 0.025042 0.0 0.0 0.0 0.0 0.0 0.0 0.0 0.0 0.0 0.0 0.0 0.0 0.0 0.0 0.0
0 0.131836 0.355593 0.011719 0.023372 0.0 0.0 0.0 0.0 0.0 0.0 0.0 0.0 0.0 0.0 0.0 0.0 0.0 0.0 0.0
0 0.38623 0.40818 0.018555 0.035058 0.0 0.0 0.0 0.0 0.0 0.0 0.0 0.0 0.0 0.0 0.0 0.0 0.0 0.0 0.0
0 0.008301 0.54591 0.016602 0.056761 0.0 0.0 0.0 0.0 0.0 0.0 0.0 0.0 0.0 0.0 0.0 0.0 0.0 0.0 0.0