0 0.859375 0.549048 0.03125 0.061493 0.0 0.0 0.0 0.0 0.0 0.0 0.0 0.0 0.0 0.0 0.0 0.0 0.0 0.0 0.0
0 0.887207 0.536603 0.024414 0.057101 0.0 0.0 0.0 0.0 0.0 0.0 0.0 0.0 0.0 0.0 0.0 0.0 0.0 0.0 0.0
0 0.694336 0.462665 0.039062 0.064422 0.0 0.0 0.0 0.0 0.0 0.0 0.0 0.0 0.0 0.0 0.0 0.0 0.0 0.0 0.0
0 0.215332 0.382138 0.03418 0.055637 0.203574 0.370261 1.0 0.217481 0.368464 1.0 0.20885 0.382843 1.0 0.206931 0.397224 1.0 0.217721 0.396145 1.0
0 0.269531 0.279649 0.037109 0.058565 0.260097 0.272583 1.0 0.276001 0.26923 1.0 0.268546 0.285996 1.0 0.264321 0.296799 1.0 0.276498 0.29382 1.0
0 0.34375 0.253294 0.023438 0.055637 0.345381 0.244419 1.0 0.346793 0.243359 1.0 0.354797 0.25183 1.0 0.349854 0.267007 1.0 0.351502 0.266654 1.0
0 0.404785 0.238653 0.032227 0.052709 0.405396 0.226417 1.0 0.408569 0.224378 1.0 0.415144 0.232876 1.0 0.409477 0.250889 1.0 0.416504 0.24749 1.0
0 0.435547 0.240849 0.037109 0.060029 0.428486 0.226589 1.0 0.445244 0.225959 1.0 0.438066 0.24 1.0 0.429785 0.25224 1.0 0.444482 0.251654 1.0
0 0.511719 0.225476 0.035156 0.061493 0.513934 0.215972 1.0 0.524039 0.212384 1.0 0.529357 0.223149 1.0 0.518721 0.241889 1.0 0.518721 0.241889 1.0
0 0.629883 0.228404 0.033203 0.061493 0.635799 0.217259 1.0 0.640943 0.217259 1.0 0.647116 0.228057 1.0 0.636056 0.243868 1.0 0.640943 0.243868 1.0
0 0.580566 0.25549 0.030273 0.057101 0.585449 0.24451 1.0 0.590576 0.239751 1.0 0.595947 0.253294 1.0 0.588379 0.26757 1.0 0.588379 0.26757 1.0
0 0.675781 0.257687 0.033203 0.055637 0.678842 0.243215 1.0 0.690613 0.241451 1.0 0.688023 0.252745 1.0 0.682138 0.266511 1.0 0.692025 0.263334 1.0
0 0.352051 0.2694 0.026367 0.052709 0.346937 0.244 1.0 0.347604 0.243666 1.0 0.354052 0.252334 1.0 0.34916 0.265668 1.0 0.349605 0.266334 1.0