0 0.268555 0.297317 0.087891 0.174367 0.278791 0.258383 1.0 0.303815 0.262748 1.0 0.310966 0.298754 1.0 0.278791 0.328215 1.0 0.30882 0.329306 1.0
0 0.36377 0.336811 0.032227 0.077496 0.372192 0.323438 1.0 0.369328 0.323438 1.0 0.381422 0.336066 1.0 0.373147 0.35355 1.0 0.371237 0.353064 1.0
0 0.530762 0.395678 0.073242 0.123696 0.54262 0.366671 1.0 0.54725 0.365885 1.0 0.56577 0.394933 1.0 0.546221 0.421626 1.0 0.546221 0.423195 1.0
0 0.593262 0.415797 0.02832 0.056632 0.604492 0.403875 1.0 0.604492 0.403875 1.0 0.605469 0.418778 1.0 0.600586 0.4307 1.0 0.600586 0.4307 1.0
0 0.635742 0.42623 0.023438 0.04769 0.643494 0.416203 1.0 0.645651 0.413808 1.0 0.649575 0.424286 1.0 0.643689 0.436262 1.0 0.645848 0.434466 1.0
0 0.701172 0.453055 0.015625 0.026826 0.697266 0.451565 1.0 0.705078 0.450075 1.0 0.701172 0.456036 1.0 0.697266 0.460507 1.0 0.705078 0.460507 1.0
0 0.708984 0.436662 0.011719 0.026826 0.0 0.0 0.0 0.0 0.0 0.0 0.0 0.0 0.0 0.0 0.0 0.0 0.0 0.0 0.0
0 0.741699 0.447094 0.024414 0.038748 0.747001 0.43597 1.0 0.752302 0.436222 1.0 0.753462 0.443808 1.0 0.746338 0.455943 1.0 0.752137 0.456195 1.0
0 0.785156 0.401639 0.015625 0.037258 0.0 0.0 0.0 0.0 0.0 0.0 0.0 0.0 0.0 0.0 0.0 0.0 0.0 0.0 0.0
0 0.792969 0.461997 0.015625 0.029806 0.792053 0.457407 1.0 0.799116 0.458004 1.0 0.795585 0.464192 1.0 0.791923 0.472775 1.0 0.797808 0.471776 1.0
0 0.892578 0.461997 0.013672 0.026826 0.895508 0.459016 1.0 0.895508 0.459016 1.0 0.898438 0.460507 1.0 0.896484 0.469449 1.0 0.895508 0.469449 1.0
0 0.912109 0.449329 0.009766 0.022355 0.0 0.0 0.0 0.0 0.0 0.0 0.0 0.0 0.0 0.0 0.0 0.0 0.0 0.0 0.0
0 0.93457 0.450075 0.011719 0.020864 0.0 0.0 0.0 0.0 0.0 0.0 0.0 0.0 0.0 0.0 0.0 0.0 0.0 0.0 0.0
0 0.966309 0.445604 0.022461 0.038748 0.971789 0.437966 1.0 0.974531 0.436981 1.0 0.978241 0.44535 1.0 0.972111 0.454213 1.0 0.974531 0.453474 1.0
0 0.025879 0.253353 0.049805 0.116244 0.035597 0.2371 1.0 0.042371 0.234884 1.0 0.048662 0.259255 1.0 0.030758 0.276979 1.0 0.03608 0.274763 1.0