0 0.203125 0.368383 0.033203 0.061516 0.204799 0.364896 1.0 0.216151 0.364896 1.0 0.215611 0.379152 1.0 0.200204 0.38707 1.0 0.208854 0.386675 1.0
0 0.202148 0.409871 0.0 0.004292 0.0 0.0 0.0 0.0 0.0 0.0 0.0 0.0 0.0 0.0 0.0 0.0 0.0 0.0 0.0
0 0.314941 0.399857 0.02832 0.058655 0.321027 0.389511 1.0 0.327602 0.38877 1.0 0.32836 0.398401 1.0 0.314959 0.412476 1.0 0.322798 0.410996 1.0
0 0.443848 0.390558 0.020508 0.060086 0.0 0.0 0.0 0.0 0.0 0.0 0.0 0.0 0.0 0.0 0.0 0.0 0.0 0.0 0.0
0 0.554199 0.34907 0.032227 0.04578 0.543388 0.338034 1.0 0.552813 0.336233 1.0 0.546666 0.347039 1.0 0.54769 0.355443 1.0 0.552813 0.353343 1.0
0 0.757324 0.346924 0.026367 0.052933 0.748313 0.341508 1.0 0.757786 0.342186 1.0 0.751316 0.34997 1.0 0.749931 0.360126 1.0 0.755245 0.359787 1.0
0 0.864258 0.393419 0.033203 0.062947 0.850312 0.38184 1.0 0.863495 0.383047 1.0 0.853882 0.393508 1.0 0.853607 0.408798 1.0 0.864318 0.410408 1.0
0 0.916016 0.325465 0.033203 0.061516 0.0 0.0 0.0 0.0 0.0 0.0 0.0 0.0 0.0 0.0 0.0 0.0 0.0 0.0 0.0
0 0.478027 0.311874 0.008789 0.017167 0.0 0.0 0.0 0.0 0.0 0.0 0.0 0.0 0.0 0.0 0.0 0.0 0.0 0.0 0.0
0 0.97168 0.345494 0.009766 0.018598 0.0 0.0 0.0 0.0 0.0 0.0 0.0 0.0 0.0 0.0 0.0 0.0 0.0 0.0 0.0
0 0.836426 0.331187 0.010742 0.015737 0.0 0.0 0.0 0.0 0.0 0.0 0.0 0.0 0.0 0.0 0.0 0.0 0.0 0.0 0.0
0 0.793457 0.346209 0.010742 0.020029 0.0 0.0 0.0 0.0 0.0 0.0 0.0 0.0 0.0 0.0 0.0 0.0 0.0 0.0 0.0
0 0.689941 0.348355 0.006836 0.015737 0.0 0.0 0.0 0.0 0.0 0.0 0.0 0.0 0.0 0.0 0.0 0.0 0.0 0.0 0.0
0 0.655273 0.343348 0.007812 0.014306 0.0 0.0 0.0 0.0 0.0 0.0 0.0 0.0 0.0 0.0 0.0 0.0 0.0 0.0 0.0
0 0.673828 0.340486 0.007812 0.014306 0.0 0.0 0.0 0.0 0.0 0.0 0.0 0.0 0.0 0.0 0.0 0.0 0.0 0.0 0.0
0 0.41748 0.346209 0.012695 0.017167 0.0 0.0 0.0 0.0 0.0 0.0 0.0 0.0 0.0 0.0 0.0 0.0 0.0 0.0 0.0
0 0.231934 0.381974 0.026367 0.048641 0.234375 0.376252 1.0 0.245675 0.376252 1.0 0.241908 0.389127 1.0 0.232073 0.396791 1.0 0.242327 0.396791 1.0
0 0.04541 0.375536 0.020508 0.027182 0.0 0.0 0.0 0.0 0.0 0.0 0.0 0.0 0.0 0.0 0.0 0.0 0.0 0.0 0.0
0 0.338379 0.32618 0.008789 0.017167 0.0 0.0 0.0 0.0 0.0 0.0 0.0 0.0 0.0 0.0 0.0 0.0 0.0 0.0 0.0