0 0.975098 0.46224 0.018555 0.03125 0.0 0.0 0.0 0.0 0.0 0.0 0.0 0.0 0.0 0.0 0.0 0.0 0.0 0.0 0.0
0 0.878906 0.480469 0.013672 0.020833 0.874023 0.477121 1.0 0.881871 0.477539 1.0 0.877058 0.48019 1.0 0.874232 0.485073 1.0 0.88208 0.484934 1.0
0 0.783203 0.478516 0.015625 0.022135 0.0 0.0 0.0 0.0 0.0 0.0 0.0 0.0 0.0 0.0 0.0 0.0 0.0 0.0 0.0
0 0.760742 0.465495 0.013672 0.02474 0.0 0.0 0.0 0.0 0.0 0.0 0.0 0.0 0.0 0.0 0.0 0.0 0.0 0.0 0.0
0 0.695312 0.475911 0.013672 0.022135 0.0 0.0 0.0 0.0 0.0 0.0 0.0 0.0 0.0 0.0 0.0 0.0 0.0 0.0 0.0
0 0.571289 0.399089 0.03125 0.050781 0.56958 0.390299 1.0 0.583008 0.389974 1.0 0.578613 0.397461 1.0 0.570312 0.410482 1.0 0.582031 0.410482 1.0
0 0.637207 0.39974 0.014648 0.023438 0.0 0.0 0.0 0.0 0.0 0.0 0.0 0.0 0.0 0.0 0.0 0.0 0.0 0.0 0.0
0 0.455078 0.403646 0.011719 0.023438 0.0 0.0 0.0 0.0 0.0 0.0 0.0 0.0 0.0 0.0 0.0 0.0 0.0 0.0 0.0
0 0.484375 0.470052 0.015625 0.026042 0.0 0.0 0.0 0.0 0.0 0.0 0.0 0.0 0.0 0.0 0.0 0.0 0.0 0.0 0.0
0 0.391113 0.464193 0.014648 0.02474 0.0 0.0 0.0 0.0 0.0 0.0 0.0 0.0 0.0 0.0 0.0 0.0 0.0 0.0 0.0
0 0.337891 0.466797 0.013672 0.022135 0.0 0.0 0.0 0.0 0.0 0.0 0.0 0.0 0.0 0.0 0.0 0.0 0.0 0.0 0.0
0 0.278809 0.476562 0.012695 0.026042 0.0 0.0 0.0 0.0 0.0 0.0 0.0 0.0 0.0 0.0 0.0 0.0 0.0 0.0 0.0
0 0.228027 0.481771 0.014648 0.020833 0.225342 0.478934 1.0 0.231725 0.478237 1.0 0.229108 0.48284 1.0 0.226911 0.487305 1.0 0.231725 0.486049 1.0
0 0.189453 0.484375 0.015625 0.026042 0.187051 0.479678 1.0 0.19489 0.479509 1.0 0.191603 0.486421 1.0 0.185534 0.491141 1.0 0.186292 0.490973 1.0
0 0.128906 0.46875 0.015625 0.023438 0.0 0.0 0.0 0.0 0.0 0.0 0.0 0.0 0.0 0.0 0.0 0.0 0.0 0.0 0.0
0 0.166992 0.42513 0.013672 0.022135 0.0 0.0 0.0 0.0 0.0 0.0 0.0 0.0 0.0 0.0 0.0 0.0 0.0 0.0 0.0
0 0.102051 0.471354 0.010742 0.020833 0.0 0.0 0.0 0.0 0.0 0.0 0.0 0.0 0.0 0.0 0.0 0.0 0.0 0.0 0.0
0 0.055176 0.464844 0.016602 0.026042 0.0 0.0 0.0 0.0 0.0 0.0 0.0 0.0 0.0 0.0 0.0 0.0 0.0 0.0 0.0
0 0.725098 0.486979 0.012695 0.023438 0.0 0.0 0.0 0.0 0.0 0.0 0.0 0.0 0.0 0.0 0.0 0.0 0.0 0.0 0.0