0 0.083008 0.397878 0.076172 0.106101 0.081543 0.3813 1.0 0.11377 0.382626 1.0 0.101074 0.399204 1.0 0.08252 0.421088 1.0 0.108887 0.424403 1.0
0 0.133301 0.38992 0.022461 0.026525 0.126735 0.384627 1.0 0.129552 0.384627 1.0 0.124809 0.388452 1.0 0.123475 0.395095 1.0 0.129699 0.394894 1.0
0 0.279297 0.422414 0.021484 0.051724 0.0 0.0 0.0 0.0 0.0 0.0 0.0 0.0 0.0 0.0 0.0 0.0 0.0 0.0 0.0
0 0.187012 0.375332 0.006836 0.01061 0.0 0.0 0.0 0.0 0.0 0.0 0.0 0.0 0.0 0.0 0.0 0.0 0.0 0.0 0.0
0 0.192871 0.427056 0.016602 0.034483 0.0 0.0 0.0 0.0 0.0 0.0 0.0 0.0 0.0 0.0 0.0 0.0 0.0 0.0 0.0
0 0.47998 0.397878 0.008789 0.013263 0.0 0.0 0.0 0.0 0.0 0.0 0.0 0.0 0.0 0.0 0.0 0.0 0.0 0.0 0.0
0 0.467773 0.401857 0.007812 0.013263 0.0 0.0 0.0 0.0 0.0 0.0 0.0 0.0 0.0 0.0 0.0 0.0 0.0 0.0 0.0
0 0.435547 0.403846 0.005859 0.009284 0.0 0.0 0.0 0.0 0.0 0.0 0.0 0.0 0.0 0.0 0.0 0.0 0.0 0.0 0.0
0 0.448242 0.399867 0.005859 0.014589 0.0 0.0 0.0 0.0 0.0 0.0 0.0 0.0 0.0 0.0 0.0 0.0 0.0 0.0 0.0
0 0.387695 0.397215 0.007812 0.011936 0.0 0.0 0.0 0.0 0.0 0.0 0.0 0.0 0.0 0.0 0.0 0.0 0.0 0.0 0.0
0 0.496094 0.403183 0.005859 0.01061 0.0 0.0 0.0 0.0 0.0 0.0 0.0 0.0 0.0 0.0 0.0 0.0 0.0 0.0 0.0
0 0.508789 0.40252 0.005859 0.009284 0.0 0.0 0.0 0.0 0.0 0.0 0.0 0.0 0.0 0.0 0.0 0.0 0.0 0.0 0.0
0 0.529785 0.398541 0.004883 0.009284 0.0 0.0 0.0 0.0 0.0 0.0 0.0 0.0 0.0 0.0 0.0 0.0 0.0 0.0 0.0
0 0.62793 0.383289 0.007812 0.013263 0.627114 0.380317 1.0 0.630384 0.380317 1.0 0.629076 0.383515 1.0 0.628487 0.386622 1.0 0.630253 0.386533 1.0
0 0.594727 0.388594 0.005859 0.01061 0.0 0.0 0.0 0.0 0.0 0.0 0.0 0.0 0.0 0.0 0.0 0.0 0.0 0.0 0.0
0 0.77002 0.393899 0.004883 0.007958 0.0 0.0 0.0 0.0 0.0 0.0 0.0 0.0 0.0 0.0 0.0 0.0 0.0 0.0 0.0
0 0.773438 0.382626 0.003906 0.006631 0.0 0.0 0.0 0.0 0.0 0.0 0.0 0.0 0.0 0.0 0.0 0.0 0.0 0.0 0.0
0 0.831543 0.389257 0.004883 0.006631 0.0 0.0 0.0 0.0 0.0 0.0 0.0 0.0 0.0 0.0 0.0 0.0 0.0 0.0 0.0
0 0.842773 0.383289 0.003906 0.007958 0.0 0.0 0.0 0.0 0.0 0.0 0.0 0.0 0.0 0.0 0.0 0.0 0.0 0.0 0.0