0 0.975586 0.750731 0.035156 0.057018 0.966797 0.740497 1.0 0.983887 0.743421 1.0 0.976074 0.755117 1.0 0.967773 0.767178 1.0 0.981934 0.767544 1.0
0 0.905273 0.72807 0.048828 0.087719 0.895521 0.720681 1.0 0.917755 0.730113 1.0 0.903303 0.743982 1.0 0.892927 0.751749 1.0 0.905896 0.758961 1.0
0 0.941895 0.660819 0.030273 0.055556 0.938599 0.653418 1.0 0.951312 0.656942 1.0 0.945426 0.663639 1.0 0.940011 0.674564 1.0 0.948722 0.675621 1.0
0 0.982422 0.598684 0.027344 0.039474 0.979767 0.597156 1.0 0.989458 0.599447 1.0 0.985038 0.605048 1.0 0.979767 0.612175 1.0 0.985548 0.613702 1.0
0 0.962891 0.589912 0.013672 0.030702 0.0 0.0 0.0 0.0 0.0 0.0 0.0 0.0 0.0 0.0 0.0 0.0 0.0 0.0 0.0
0 0.95459 0.565058 0.018555 0.030702 0.0 0.0 0.0 0.0 0.0 0.0 0.0 0.0 0.0 0.0 0.0 0.0 0.0 0.0 0.0
0 0.95166 0.539474 0.016602 0.026316 0.0 0.0 0.0 0.0 0.0 0.0 0.0 0.0 0.0 0.0 0.0 0.0 0.0 0.0 0.0
0 0.869141 0.565789 0.017578 0.035088 0.86302 0.561795 1.0 0.870431 0.563792 1.0 0.865984 0.570006 1.0 0.860648 0.572668 1.0 0.868208 0.574887 1.0
0 0.857422 0.508041 0.013672 0.024854 0.0 0.0 0.0 0.0 0.0 0.0 0.0 0.0 0.0 0.0 0.0 0.0 0.0 0.0 0.0
0 0.856445 0.562865 0.011719 0.026316 0.0 0.0 0.0 0.0 0.0 0.0 0.0 0.0 0.0 0.0 0.0 0.0 0.0 0.0 0.0
0 0.830566 0.717105 0.032227 0.057018 0.821533 0.70943 1.0 0.837158 0.710161 1.0 0.829346 0.722222 1.0 0.82666 0.730629 1.0 0.837402 0.730994 1.0
0 0.660156 0.61038 0.021484 0.039474 0.654079 0.604845 1.0 0.66241 0.608155 1.0 0.655439 0.612991 1.0 0.652209 0.618591 1.0 0.658329 0.622409 1.0
0 0.642578 0.66886 0.021484 0.045322 0.635673 0.664395 1.0 0.645264 0.666405 1.0 0.638166 0.67301 1.0 0.635864 0.681339 1.0 0.643921 0.6822 1.0
0 0.645508 0.726608 0.021484 0.061404 0.64502 0.727418 1.0 0.653508 0.729344 1.0 0.650421 0.74282 1.0 0.644505 0.747826 1.0 0.650679 0.747826 1.0
0 0.617188 0.736842 0.03125 0.064327 0.606537 0.729532 1.0 0.619995 0.734466 1.0 0.611206 0.748035 1.0 0.605438 0.752558 1.0 0.616974 0.758727 1.0
0 0.62793 0.592836 0.017578 0.030702 0.624521 0.589599 1.0 0.630872 0.589801 1.0 0.626683 0.598096 1.0 0.624655 0.603762 1.0 0.629251 0.603965 1.0
0 0.577637 0.547515 0.014648 0.033626 0.573352 0.543854 1.0 0.579105 0.543637 1.0 0.575509 0.551822 1.0 0.57407 0.557423 1.0 0.579682 0.557637 1.0
0 0.570312 0.613304 0.015625 0.03655 0.566231 0.606463 1.0 0.572667 0.608108 1.0 0.568429 0.614218 1.0 0.56529 0.624086 1.0 0.571411 0.624556 1.0
0 0.624512 0.519737 0.012695 0.027778 0.0 0.0 0.0 0.0 0.0 0.0 0.0 0.0 0.0 0.0 0.0 0.0 0.0 0.0 0.0
0 0.643555 0.576754 0.015625 0.033626 0.0 0.0 0.0 0.0 0.0 0.0 0.0 0.0 0.0 0.0 0.0 0.0 0.0 0.0 0.0
0 0.438477 0.505848 0.009766 0.017544 0.0 0.0 0.0 0.0 0.0 0.0 0.0 0.0 0.0 0.0 0.0 0.0 0.0 0.0 0.0
0 0.407715 0.459795 0.010742 0.019006 0.0 0.0 0.0 0.0 0.0 0.0 0.0 0.0 0.0 0.0 0.0 0.0 0.0 0.0 0.0
0 0.423828 0.488304 0.009766 0.023392 0.0 0.0 0.0 0.0 0.0 0.0 0.0 0.0 0.0 0.0 0.0 0.0 0.0 0.0 0.0
0 0.509766 0.369883 0.048828 0.096491 0.495344 0.352705 1.0 0.518703 0.352705 1.0 0.505589 0.371724 1.0 0.497803 0.391969 1.0 0.515425 0.391357 1.0
0 0.756836 0.312135 0.050781 0.106725 0.756348 0.286288 1.0 0.778564 0.286288 1.0 0.769496 0.303937 1.0 0.756348 0.329731 1.0 0.77403 0.330409 1.0
0 0.310059 0.716374 0.03418 0.067251 0.298881 0.700795 1.0 0.306531 0.708007 1.0 0.296047 0.714795 1.0 0.297464 0.730915 1.0 0.300014 0.732613 1.0
0 0.374023 0.687135 0.03125 0.067251 0.373818 0.682161 1.0 0.384587 0.680465 1.0 0.38232 0.693192 1.0 0.374386 0.707615 1.0 0.382036 0.706768 1.0
0 0.206055 0.667398 0.033203 0.059942 0.192705 0.660851 1.0 0.202737 0.660851 1.0 0.192448 0.673174 1.0 0.197335 0.688192 1.0 0.205052 0.685496 1.0
0 0.25 0.703216 0.039062 0.067251 0.2357 0.697186 1.0 0.24462 0.700632 1.0 0.23196 0.709247 1.0 0.241743 0.722601 1.0 0.243469 0.723462 1.0
0 0.217773 0.835526 0.052734 0.100877 0.217285 0.838496 1.0 0.239275 0.827101 1.0 0.234623 0.851791 1.0 0.221514 0.870784 1.0 0.238007 0.860655 1.0
0 0.101074 0.347953 0.02832 0.05848 0.104313 0.340154 1.0 0.106799 0.339038 1.0 0.114502 0.350199 1.0 0.108538 0.362104 1.0 0.109283 0.362104 1.0
0 0.183594 0.31652 0.033203 0.062865 0.172158 0.30192 1.0 0.188912 0.300725 1.0 0.178009 0.3063 1.0 0.17402 0.327798 1.0 0.186785 0.326206 1.0
0 0.149902 0.334795 0.026367 0.049708 0.0 0.0 0.0 0.0 0.0 0.0 0.0 0.0 0.0 0.0 0.0 0.0 0.0 0.0 0.0
0 0.026855 0.381579 0.038086 0.064327 0.013663 0.375104 1.0 0.024475 0.375104 1.0 0.016366 0.390076 1.0 0.019069 0.399385 1.0 0.030422 0.396956 1.0
0 0.29248 0.584795 0.014648 0.023392 0.289986 0.582713 1.0 0.297708 0.581363 1.0 0.293897 0.587667 1.0 0.29129 0.59142 1.0 0.296203 0.59067 1.0
0 0.811523 0.528509 0.015625 0.027778 0.0 0.0 0.0 0.0 0.0 0.0 0.0 0.0 0.0 0.0 0.0 0.0 0.0 0.0 0.0