0 0.198242 0.367435 0.021484 0.089337 0.192949 0.358752 1.0 0.200797 0.365697 1.0 0.195893 0.381908 1.0 0.19138 0.384804 1.0 0.200208 0.392908 1.0
0 0.23291 0.42219 0.018555 0.066282 0.227674 0.409029 1.0 0.235299 0.411576 1.0 0.230695 0.427709 1.0 0.22825 0.436202 1.0 0.235443 0.439173 1.0
0 0.063965 0.289625 0.004883 0.020173 0.0 0.0 0.0 0.0 0.0 0.0 0.0 0.0 0.0 0.0 0.0 0.0 0.0 0.0 0.0
0 0.078613 0.272334 0.010742 0.0317 0.0 0.0 0.0 0.0 0.0 0.0 0.0 0.0 0.0 0.0 0.0 0.0 0.0 0.0 0.0
0 0.078125 0.332853 0.015625 0.066282 0.072335 0.323591 1.0 0.074986 0.324824 1.0 0.070521 0.337176 1.0 0.072335 0.350761 1.0 0.075404 0.351585 1.0
0 0.119629 0.272334 0.006836 0.020173 0.11703 0.269646 1.0 0.119716 0.269363 1.0 0.117989 0.275873 1.0 0.117271 0.280259 1.0 0.119332 0.279695 1.0
0 0.128906 0.350144 0.017578 0.060519 0.0 0.0 0.0 0.0 0.0 0.0 0.0 0.0 0.0 0.0 0.0 0.0 0.0 0.0 0.0
0 0.147461 0.308357 0.009766 0.040346 0.142853 0.298813 1.0 0.147889 0.2953 1.0 0.145691 0.308268 1.0 0.145142 0.316372 1.0 0.148254 0.314752 1.0
0 0.180176 0.306916 0.014648 0.054755 0.177351 0.295452 1.0 0.183001 0.295801 1.0 0.179352 0.307611 1.0 0.177469 0.31838 1.0 0.181941 0.318726 1.0
0 0.224609 0.292507 0.005859 0.025937 0.0 0.0 0.0 0.0 0.0 0.0 0.0 0.0 0.0 0.0 0.0 0.0 0.0 0.0 0.0
0 0.233887 0.325648 0.012695 0.040346 0.230347 0.314841 1.0 0.235927 0.31587 1.0 0.232265 0.326677 1.0 0.230608 0.335683 1.0 0.234357 0.335683 1.0
0 0.055176 0.246398 0.00293 0.008646 0.0 0.0 0.0 0.0 0.0 0.0 0.0 0.0 0.0 0.0 0.0 0.0 0.0 0.0 0.0
0 0.34668 0.439481 0.019531 0.07781 0.340729 0.430078 1.0 0.34838 0.432585 1.0 0.343449 0.448643 1.0 0.342599 0.464697 1.0 0.34804 0.4657 1.0
0 0.316895 0.285303 0.006836 0.017291 0.0 0.0 0.0 0.0 0.0 0.0 0.0 0.0 0.0 0.0 0.0 0.0 0.0 0.0 0.0
0 0.361328 0.299712 0.009766 0.034582 0.361686 0.289651 1.0 0.365609 0.289421 1.0 0.364354 0.298219 1.0 0.361764 0.304239 1.0 0.364903 0.304239 1.0
0 0.377441 0.263689 0.006836 0.020173 0.0 0.0 0.0 0.0 0.0 0.0 0.0 0.0 0.0 0.0 0.0 0.0 0.0 0.0 0.0
0 0.381348 0.373199 0.014648 0.066282 0.383423 0.351199 1.0 0.385054 0.349012 1.0 0.388018 0.364323 1.0 0.380903 0.392755 1.0 0.384313 0.391006 1.0
0 0.420898 0.282421 0.013672 0.057637 0.423706 0.278818 1.0 0.425171 0.277017 1.0 0.427246 0.282061 1.0 0.424072 0.298991 1.0 0.424805 0.297911 1.0
0 0.463867 0.159942 0.021484 0.083573 0.460437 0.139127 1.0 0.469194 0.141236 1.0 0.465084 0.16128 1.0 0.459185 0.173412 1.0 0.468658 0.177104 1.0
0 0.531738 0.24928 0.040039 0.164265 0.542969 0.207697 1.0 0.54541 0.210787 1.0 0.550642 0.263277 1.0 0.537737 0.291066 1.0 0.540179 0.294153 1.0
0 0.566895 0.318444 0.006836 0.020173 0.0 0.0 0.0 0.0 0.0 0.0 0.0 0.0 0.0 0.0 0.0 0.0 0.0 0.0 0.0
0 0.625977 0.311239 0.005859 0.023055 0.623082 0.306504 1.0 0.626849 0.306504 1.0 0.62439 0.311135 1.0 0.622978 0.315922 1.0 0.625122 0.316231 1.0
0 0.642578 0.293948 0.003906 0.017291 0.0 0.0 0.0 0.0 0.0 0.0 0.0 0.0 0.0 0.0 0.0 0.0 0.0 0.0 0.0
0 0.728027 0.354467 0.010742 0.040346 0.727355 0.346824 1.0 0.730809 0.344277 1.0 0.730138 0.355882 1.0 0.728699 0.364939 1.0 0.731385 0.363242 1.0
0 0.750977 0.322767 0.007812 0.034582 0.0 0.0 0.0 0.0 0.0 0.0 0.0 0.0 0.0 0.0 0.0 0.0 0.0 0.0 0.0
0 0.669434 0.34438 0.008789 0.025937 0.0 0.0 0.0 0.0 0.0 0.0 0.0 0.0 0.0 0.0 0.0 0.0 0.0 0.0 0.0
0 0.679688 0.370317 0.011719 0.043228 0.676139 0.362366 1.0 0.680167 0.364349 1.0 0.67633 0.373689 1.0 0.677674 0.382744 1.0 0.680839 0.384726 1.0
0 0.703125 0.361671 0.011719 0.043228 0.698408 0.35655 1.0 0.701573 0.358248 1.0 0.6986 0.367023 1.0 0.699559 0.376363 1.0 0.701573 0.375798 1.0
0 0.716309 0.393372 0.012695 0.043228 0.713562 0.383464 1.0 0.71878 0.382925 1.0 0.715118 0.394271 1.0 0.71466 0.405078 1.0 0.717865 0.404539 1.0
0 0.763672 0.348703 0.011719 0.034582 0.0 0.0 0.0 0.0 0.0 0.0 0.0 0.0 0.0 0.0 0.0 0.0 0.0 0.0 0.0
0 0.76123 0.425072 0.012695 0.043228 0.756896 0.419219 1.0 0.760742 0.418677 1.0 0.758453 0.430836 1.0 0.758361 0.438671 1.0 0.761566 0.438939 1.0
0 0.680664 0.29683 0.005859 0.017291 0.0 0.0 0.0 0.0 0.0 0.0 0.0 0.0 0.0 0.0 0.0 0.0 0.0 0.0 0.0
0 0.695801 0.308357 0.006836 0.023055 0.0 0.0 0.0 0.0 0.0 0.0 0.0 0.0 0.0 0.0 0.0 0.0 0.0 0.0 0.0
0 0.700195 0.269452 0.003906 0.008646 0.0 0.0 0.0 0.0 0.0 0.0 0.0 0.0 0.0 0.0 0.0 0.0 0.0 0.0 0.0
0 0.700684 0.283862 0.004883 0.014409 0.0 0.0 0.0 0.0 0.0 0.0 0.0 0.0 0.0 0.0 0.0 0.0 0.0 0.0 0.0
0 0.688477 0.273775 0.003906 0.011527 0.0 0.0 0.0 0.0 0.0 0.0 0.0 0.0 0.0 0.0 0.0 0.0 0.0 0.0 0.0
0 0.790527 0.353026 0.008789 0.0317 0.0 0.0 0.0 0.0 0.0 0.0 0.0 0.0 0.0 0.0 0.0 0.0 0.0 0.0 0.0
0 0.808594 0.331412 0.007812 0.028818 0.0 0.0 0.0 0.0 0.0 0.0 0.0 0.0 0.0 0.0 0.0 0.0 0.0 0.0 0.0
0 0.783203 0.331412 0.007812 0.028818 0.0 0.0 0.0 0.0 0.0 0.0 0.0 0.0 0.0 0.0 0.0 0.0 0.0 0.0 0.0
0 0.828125 0.292507 0.005859 0.014409 0.0 0.0 0.0 0.0 0.0 0.0 0.0 0.0 0.0 0.0 0.0 0.0 0.0 0.0 0.0
0 0.820801 0.318444 0.006836 0.020173 0.0 0.0 0.0 0.0 0.0 0.0 0.0 0.0 0.0 0.0 0.0 0.0 0.0 0.0 0.0
0 0.843262 0.306916 0.004883 0.014409 0.0 0.0 0.0 0.0 0.0 0.0 0.0 0.0 0.0 0.0 0.0 0.0 0.0 0.0 0.0
0 0.859375 0.319885 0.005859 0.023055 0.0 0.0 0.0 0.0 0.0 0.0 0.0 0.0 0.0 0.0 0.0 0.0 0.0 0.0 0.0
0 0.868164 0.309798 0.007812 0.025937 0.0 0.0 0.0 0.0 0.0 0.0 0.0 0.0 0.0 0.0 0.0 0.0 0.0 0.0 0.0
0 0.853027 0.331412 0.004883 0.017291 0.0 0.0 0.0 0.0 0.0 0.0 0.0 0.0 0.0 0.0 0.0 0.0 0.0 0.0 0.0
0 0.868164 0.220461 0.003906 0.014409 0.0 0.0 0.0 0.0 0.0 0.0 0.0 0.0 0.0 0.0 0.0 0.0 0.0 0.0 0.0
0 0.874023 0.399135 0.013672 0.043228 0.869786 0.388919 1.0 0.872088 0.39062 1.0 0.868827 0.401939 1.0 0.870457 0.408732 1.0 0.870937 0.40845 1.0
0 0.968262 0.317003 0.006836 0.023055 0.0 0.0 0.0 0.0 0.0 0.0 0.0 0.0 0.0 0.0 0.0 0.0 0.0 0.0 0.0
0 0.992676 0.334294 0.006836 0.023055 0.0 0.0 0.0 0.0 0.0 0.0 0.0 0.0 0.0 0.0 0.0 0.0 0.0 0.0 0.0
0 0.967285 0.272334 0.00293 0.014409 0.0 0.0 0.0 0.0 0.0 0.0 0.0 0.0 0.0 0.0 0.0 0.0 0.0 0.0 0.0
0 0.925781 0.253602 0.001953 0.005764 0.0 0.0 0.0 0.0 0.0 0.0 0.0 0.0 0.0 0.0 0.0 0.0 0.0 0.0 0.0
0 0.803711 0.387608 0.009766 0.037464 0.0 0.0 0.0 0.0 0.0 0.0 0.0 0.0 0.0 0.0 0.0 0.0 0.0 0.0 0.0
0 0.828613 0.365994 0.006836 0.023055 0.0 0.0 0.0 0.0 0.0 0.0 0.0 0.0 0.0 0.0 0.0 0.0 0.0 0.0 0.0
0 0.01709 0.298271 0.004883 0.025937 0.0 0.0 0.0 0.0 0.0 0.0 0.0 0.0 0.0 0.0 0.0 0.0 0.0 0.0 0.0
0 0.040527 0.24928 0.004883 0.014409 0.0 0.0 0.0 0.0 0.0 0.0 0.0 0.0 0.0 0.0 0.0 0.0 0.0 0.0 0.0
0 0.033691 0.278098 0.004883 0.020173 0.0 0.0 0.0 0.0 0.0 0.0 0.0 0.0 0.0 0.0 0.0 0.0 0.0 0.0 0.0
0 0.022949 0.275216 0.004883 0.025937 0.0 0.0 0.0 0.0 0.0 0.0 0.0 0.0 0.0 0.0 0.0 0.0 0.0 0.0 0.0
0 0.137695 0.28098 0.005859 0.025937 0.0 0.0 0.0 0.0 0.0 0.0 0.0 0.0 0.0 0.0 0.0 0.0 0.0 0.0 0.0
0 0.097656 0.319885 0.009766 0.04611 0.0 0.0 0.0 0.0 0.0 0.0 0.0 0.0 0.0 0.0 0.0 0.0 0.0 0.0 0.0
0 0.210938 0.282421 0.005859 0.017291 0.0 0.0 0.0 0.0 0.0 0.0 0.0 0.0 0.0 0.0 0.0 0.0 0.0 0.0 0.0
0 0.055664 0.682997 0.048828 0.149856 0.035126 0.659954 1.0 0.050402 0.706914 1.0 0.031307 0.695643 1.0 0.03799 0.718184 1.0 0.042445 0.731331 1.0
0 0.655762 0.325648 0.006836 0.017291 0.0 0.0 0.0 0.0 0.0 0.0 0.0 0.0 0.0 0.0 0.0 0.0 0.0 0.0 0.0
0 0.407715 0.28098 0.008789 0.0317 0.0 0.0 0.0 0.0 0.0 0.0 0.0 0.0 0.0 0.0 0.0 0.0 0.0 0.0 0.0
0 0.570312 0.278098 0.003906 0.014409 0.0 0.0 0.0 0.0 0.0 0.0 0.0 0.0 0.0 0.0 0.0 0.0 0.0 0.0 0.0
0 0.822266 0.263689 0.003906 0.014409 0.0 0.0 0.0 0.0 0.0 0.0 0.0 0.0 0.0 0.0 0.0 0.0 0.0 0.0 0.0
0 0.922363 0.257925 0.00293 0.008646 0.0 0.0 0.0 0.0 0.0 0.0 0.0 0.0 0.0 0.0 0.0 0.0 0.0 0.0 0.0
0 0.95459 0.252161 0.00293 0.014409 0.0 0.0 0.0 0.0 0.0 0.0 0.0 0.0 0.0 0.0 0.0 0.0 0.0 0.0 0.0
0 0.946777 0.246398 0.004883 0.008646 0.0 0.0 0.0 0.0 0.0 0.0 0.0 0.0 0.0 0.0 0.0 0.0 0.0 0.0 0.0
0 0.242676 0.317003 0.006836 0.028818 0.0 0.0 0.0 0.0 0.0 0.0 0.0 0.0 0.0 0.0 0.0 0.0 0.0 0.0 0.0
0 0.343262 0.324207 0.004883 0.014409 0.0 0.0 0.0 0.0 0.0 0.0 0.0 0.0 0.0 0.0 0.0 0.0 0.0 0.0 0.0
0 0.32666 0.380403 0.006836 0.034582 0.0 0.0 0.0 0.0 0.0 0.0 0.0 0.0 0.0 0.0 0.0 0.0 0.0 0.0 0.0
0 0.246094 0.279539 0.005859 0.023055 0.0 0.0 0.0 0.0 0.0 0.0 0.0 0.0 0.0 0.0 0.0 0.0 0.0 0.0 0.0
0 0.115723 0.442363 0.032227 0.118156 0.106907 0.425251 1.0 0.118539 0.418536 1.0 0.113481 0.452115 1.0 0.107919 0.473755 1.0 0.122332 0.467784 1.0
0 0.172852 0.295389 0.007812 0.025937 0.0 0.0 0.0 0.0 0.0 0.0 0.0 0.0 0.0 0.0 0.0 0.0 0.0 0.0 0.0
0 0.216309 0.292507 0.004883 0.020173 0.0 0.0 0.0 0.0 0.0 0.0 0.0 0.0 0.0 0.0 0.0 0.0 0.0 0.0 0.0