0 0.949219 0.907164 0.044922 0.071637 0.935607 0.892269 1.0 0.956665 0.889985 1.0 0.944764 0.909632 1.0 0.936219 0.919681 1.0 0.95758 0.917398 1.0
0 0.985352 0.839912 0.029297 0.080409 0.983338 0.825944 1.0 1.003061 0.818308 1.0 0.997279 0.835617 1.0 0.987418 0.855472 1.0 1.006121 0.850382 1.0
0 0.949219 0.69152 0.033203 0.05848 0.941027 0.683721 1.0 0.960907 0.680373 1.0 0.951961 0.688186 1.0 0.9455 0.705298 1.0 0.959416 0.702694 1.0
0 0.888672 0.975877 0.052734 0.048246 0.0 0.0 0.0 0.0 0.0 0.0 0.0 0.0 0.0 0.0 0.0 0.0 0.0 0.0 0.0
0 0.787598 0.940058 0.036133 0.081871 0.774166 0.922313 1.0 0.781742 0.931077 1.0 0.770377 0.944484 1.0 0.776576 0.960468 1.0 0.781054 0.961499 1.0
0 0.677246 0.976608 0.057617 0.046784 0.0 0.0 0.0 0.0 0.0 0.0 0.0 0.0 0.0 0.0 0.0 0.0 0.0 0.0 0.0
0 0.646484 0.886696 0.03125 0.083333 0.649929 0.872585 1.0 0.649929 0.87205 1.0 0.661368 0.887035 1.0 0.651358 0.91219 1.0 0.651001 0.911654 1.0
0 0.887207 0.652778 0.03418 0.062865 0.878069 0.646382 1.0 0.896449 0.64355 1.0 0.88726 0.656499 1.0 0.881583 0.669852 1.0 0.89672 0.667019 1.0
0 0.83252 0.719298 0.040039 0.081871 0.829821 0.69949 1.0 0.844631 0.700006 1.0 0.837054 0.721661 1.0 0.826721 0.73352 1.0 0.841875 0.732488 1.0
0 0.75293 0.689327 0.041016 0.086257 0.745239 0.671053 1.0 0.766113 0.669408 1.0 0.758789 0.6875 1.0 0.75 0.705044 1.0 0.763916 0.702851 1.0
0 0.802734 0.58114 0.035156 0.065789 0.794971 0.569942 1.0 0.811318 0.569152 1.0 0.804697 0.579269 1.0 0.796846 0.592237 1.0 0.811299 0.59155 1.0
0 0.741699 0.571637 0.036133 0.073099 0.731567 0.557839 1.0 0.750793 0.554184 1.0 0.743774 0.559667 1.0 0.736756 0.582968 1.0 0.750793 0.583424 1.0
0 0.938477 0.556287 0.029297 0.05117 0.932155 0.544135 1.0 0.941746 0.543155 1.0 0.938041 0.554576 1.0 0.933245 0.568282 1.0 0.944798 0.566325 1.0
0 0.980957 0.457602 0.030273 0.061404 0.980538 0.447525 1.0 0.991524 0.442434 1.0 0.992833 0.456532 1.0 0.982893 0.470238 1.0 0.992833 0.468671 1.0
0 0.905273 0.465643 0.033203 0.062865 0.895699 0.453699 1.0 0.910858 0.453301 1.0 0.90288 0.464051 1.0 0.895966 0.474402 1.0 0.909794 0.475596 1.0
0 0.92627 0.409357 0.02832 0.046784 0.919896 0.403927 1.0 0.934021 0.399227 1.0 0.929901 0.411857 1.0 0.924212 0.421254 1.0 0.932451 0.419787 1.0
0 0.974121 0.375731 0.02832 0.055556 0.967041 0.367573 1.0 0.980225 0.365458 1.0 0.974339 0.379203 1.0 0.969631 0.386958 1.0 0.981637 0.385194 1.0
0 0.883789 0.373538 0.023438 0.042398 0.881836 0.36431 1.0 0.891724 0.362939 1.0 0.888428 0.373355 1.0 0.883484 0.381854 1.0 0.890625 0.381854 1.0
0 0.84668 0.466374 0.029297 0.038012 0.83888 0.464971 1.0 0.852565 0.463848 1.0 0.843566 0.476197 1.0 0.843005 0.482371 1.0 0.850503 0.481249 1.0
0 0.975098 0.236111 0.02832 0.045322 0.966448 0.226478 1.0 0.979108 0.223605 1.0 0.972395 0.233083 1.0 0.968175 0.245431 1.0 0.981603 0.242846 1.0
0 0.97998 0.310673 0.030273 0.045322 0.97018 0.300465 1.0 0.982265 0.296444 1.0 0.977661 0.308792 1.0 0.974592 0.319993 1.0 0.98495 0.314823 1.0
0 0.878418 0.296784 0.024414 0.046784 0.872044 0.285485 1.0 0.884403 0.285192 1.0 0.878126 0.293709 1.0 0.874202 0.30399 1.0 0.88303 0.303402 1.0
0 0.908203 0.153509 0.023438 0.049708 0.901672 0.14894 1.0 0.913849 0.147661 1.0 0.907867 0.157254 1.0 0.905518 0.16557 1.0 0.912781 0.164611 1.0
0 0.835449 0.171053 0.026367 0.049708 0.831971 0.165845 1.0 0.840942 0.165205 1.0 0.835389 0.17448 1.0 0.832184 0.181835 1.0 0.83966 0.181835 1.0
0 0.515137 0.908626 0.043945 0.077485 0.502062 0.893452 1.0 0.522661 0.892472 1.0 0.510563 0.910094 1.0 0.504351 0.927716 1.0 0.516122 0.926737 1.0
0 0.435547 0.961257 0.050781 0.077485 0.426466 0.950325 1.0 0.446834 0.946513 1.0 0.438878 0.96176 1.0 0.431876 0.985582 1.0 0.450017 0.981294 1.0
0 0.29834 0.97076 0.053711 0.05848 0.0 0.0 0.0 0.0 0.0 0.0 0.0 0.0 0.0 0.0 0.0 0.0 0.0 0.0 0.0
0 0.334961 0.938596 0.044922 0.081871 0.0 0.0 0.0 0.0 0.0 0.0 0.0 0.0 0.0 0.0 0.0 0.0 0.0 0.0 0.0
0 0.130371 0.965643 0.051758 0.068713 0.0 0.0 0.0 0.0 0.0 0.0 0.0 0.0 0.0 0.0 0.0 0.0 0.0 0.0 0.0
0 0.168945 0.981725 0.041016 0.03655 0.0 0.0 0.0 0.0 0.0 0.0 0.0 0.0 0.0 0.0 0.0 0.0 0.0 0.0 0.0
0 0.61084 0.68348 0.040039 0.086257 0.602295 0.665753 1.0 0.621704 0.663012 1.0 0.616211 0.677814 1.0 0.607788 0.697551 1.0 0.62207 0.694262 1.0
0 0.678711 0.546053 0.033203 0.059942 0.671631 0.538886 1.0 0.686803 0.535101 1.0 0.681492 0.546079 1.0 0.676688 0.561221 1.0 0.689078 0.55857 1.0
0 0.587891 0.573099 0.03125 0.067251 0.583749 0.562591 1.0 0.598136 0.56173 1.0 0.593244 0.578961 1.0 0.585476 0.58973 1.0 0.597561 0.588437 1.0
0 0.779785 0.284357 0.022461 0.045322 0.774688 0.274671 1.0 0.785282 0.273789 1.0 0.780182 0.280545 1.0 0.774296 0.291118 1.0 0.785087 0.291118 1.0
0 0.760742 0.380117 0.027344 0.052632 0.754359 0.37299 1.0 0.765468 0.372311 1.0 0.759347 0.384868 1.0 0.755267 0.39573 1.0 0.766602 0.396408 1.0
0 0.703613 0.301901 0.024414 0.033626 0.698573 0.292241 1.0 0.708932 0.292006 1.0 0.703438 0.296471 1.0 0.698103 0.306808 1.0 0.709717 0.306339 1.0
0 0.654297 0.36769 0.029297 0.054094 0.649274 0.36119 1.0 0.661517 0.357795 1.0 0.656756 0.368656 1.0 0.652222 0.380535 1.0 0.663783 0.378159 1.0
0 0.723633 0.207602 0.023438 0.035088 0.0 0.0 0.0 0.0 0.0 0.0 0.0 0.0 0.0 0.0 0.0 0.0 0.0 0.0 0.0
0 0.736328 0.176901 0.023438 0.040936 0.730782 0.170896 1.0 0.743164 0.169329 1.0 0.738281 0.174551 1.0 0.733573 0.180556 1.0 0.741595 0.180817 1.0
0 0.438965 0.722953 0.040039 0.080409 0.433311 0.707054 1.0 0.451908 0.70757 1.0 0.447432 0.722007 1.0 0.433311 0.737475 1.0 0.450187 0.739022 1.0
0 0.495117 0.670322 0.033203 0.065789 0.489323 0.658443 1.0 0.504626 0.657595 1.0 0.499809 0.67414 1.0 0.488473 0.687715 1.0 0.506609 0.686443 1.0
0 0.379395 0.71345 0.043945 0.081871 0.370296 0.70086 1.0 0.389238 0.695705 1.0 0.382006 0.708595 1.0 0.375118 0.728187 1.0 0.390616 0.72561 1.0
0 0.338867 0.652778 0.035156 0.065789 0.332916 0.648111 1.0 0.347936 0.641747 1.0 0.343401 0.655323 1.0 0.337733 0.670596 1.0 0.350202 0.664656 1.0
0 0.094727 0.799708 0.044922 0.078947 0.087707 0.782895 1.0 0.107178 0.778371 1.0 0.099793 0.790433 1.0 0.092071 0.812044 1.0 0.106842 0.812044 1.0
0 0.205566 0.796784 0.040039 0.073099 0.197388 0.791667 1.0 0.215698 0.78527 1.0 0.208984 0.806287 1.0 0.202271 0.819535 1.0 0.215393 0.813596 1.0
0 0.691406 0.500731 0.027344 0.057018 0.696921 0.489218 1.0 0.702916 0.490295 1.0 0.705313 0.501423 1.0 0.694764 0.50932 1.0 0.701717 0.510398 1.0
0 0.51416 0.521199 0.032227 0.065789 0.507045 0.507519 1.0 0.524623 0.507519 1.0 0.515416 0.519633 1.0 0.508161 0.533417 1.0 0.519601 0.534253 1.0
0 0.50293 0.483918 0.025391 0.049708 0.0 0.0 0.0 0.0 0.0 0.0 0.0 0.0 0.0 0.0 0.0 0.0 0.0 0.0 0.0
0 0.329102 0.447368 0.033203 0.067251 0.318412 0.435183 1.0 0.332297 0.432637 1.0 0.322662 0.440699 1.0 0.321529 0.458516 1.0 0.332014 0.457668 1.0
0 0.368652 0.548977 0.02832 0.057018 0.364097 0.531387 1.0 0.373208 0.536412 1.0 0.361938 0.541797 1.0 0.354505 0.551848 1.0 0.360979 0.555079 1.0
0 0.254883 0.643275 0.033203 0.064327 0.248352 0.627969 1.0 0.264008 0.62838 1.0 0.257416 0.640716 1.0 0.251923 0.655519 1.0 0.262909 0.655519 1.0
0 0.274414 0.526316 0.027344 0.064327 0.0 0.0 0.0 0.0 0.0 0.0 0.0 0.0 0.0 0.0 0.0 0.0 0.0 0.0 0.0
0 0.200195 0.350146 0.025391 0.045322 0.189349 0.3408 1.0 0.198939 0.339939 1.0 0.191842 0.349415 1.0 0.189924 0.360041 1.0 0.199132 0.357456 1.0
0 0.092285 0.304094 0.02832 0.040936 0.0 0.0 0.0 0.0 0.0 0.0 0.0 0.0 0.0 0.0 0.0 0.0 0.0 0.0 0.0
0 0.037598 0.340643 0.026367 0.049708 0.032837 0.32712 1.0 0.045227 0.32712 1.0 0.039459 0.336713 1.0 0.032623 0.348228 1.0 0.042877 0.348547 1.0
0 0.143555 0.179094 0.019531 0.03655 0.13991 0.172724 1.0 0.149955 0.173193 1.0 0.144775 0.182357 1.0 0.14195 0.188936 1.0 0.146502 0.1887 1.0
0 0.125488 0.152778 0.016602 0.030702 0.0 0.0 0.0 0.0 0.0 0.0 0.0 0.0 0.0 0.0 0.0 0.0 0.0 0.0 0.0
0 0.107422 0.101608 0.017578 0.030702 0.0 0.0 0.0 0.0 0.0 0.0 0.0 0.0 0.0 0.0 0.0 0.0 0.0 0.0 0.0
0 0.062988 0.07383 0.014648 0.027778 0.0 0.0 0.0 0.0 0.0 0.0 0.0 0.0 0.0 0.0 0.0 0.0 0.0 0.0 0.0
0 0.390625 0.28655 0.019531 0.04386 0.382002 0.278522 1.0 0.387626 0.27768 1.0 0.382752 0.287784 1.0 0.384063 0.298167 1.0 0.389688 0.297326 1.0
0 0.428223 0.266813 0.022461 0.045322 0.420772 0.257127 1.0 0.429208 0.257127 1.0 0.422146 0.264175 1.0 0.421949 0.27563 1.0 0.428815 0.27563 1.0
0 0.374512 0.201023 0.018555 0.030702 0.372184 0.19718 1.0 0.379211 0.196775 1.0 0.376238 0.203654 1.0 0.372994 0.209925 1.0 0.378536 0.209724 1.0
0 0.325195 0.249269 0.021484 0.042398 0.323051 0.242455 1.0 0.331809 0.242722 1.0 0.327877 0.252089 1.0 0.322335 0.258243 1.0 0.330558 0.257975 1.0
0 0.300293 0.19883 0.018555 0.032164 0.296735 0.193401 1.0 0.305106 0.19152 1.0 0.302037 0.199458 1.0 0.298271 0.203844 1.0 0.305385 0.202173 1.0
0 0.458008 0.23538 0.015625 0.040936 0.453648 0.228854 1.0 0.468471 0.231203 1.0 0.455915 0.236424 1.0 0.454171 0.248434 1.0 0.46167 0.248694 1.0
0 0.251465 0.152778 0.024414 0.048246 0.248518 0.143341 1.0 0.259992 0.144567 1.0 0.257328 0.149168 1.0 0.248312 0.159905 1.0 0.259173 0.162053 1.0
0 0.269043 0.104532 0.018555 0.030702 0.265512 0.099494 1.0 0.272705 0.098319 1.0 0.269566 0.104389 1.0 0.266688 0.112613 1.0 0.273621 0.111241 1.0
0 0.195312 0.134503 0.019531 0.038012 0.0 0.0 0.0 0.0 0.0 0.0 0.0 0.0 0.0 0.0 0.0 0.0 0.0 0.0 0.0
0 0.233398 0.167398 0.017578 0.03655 0.0 0.0 0.0 0.0 0.0 0.0 0.0 0.0 0.0 0.0 0.0 0.0 0.0 0.0 0.0
0 0.207031 0.015351 0.013672 0.027778 0.201835 0.010808 1.0 0.208112 0.010025 1.0 0.204032 0.015507 1.0 0.203404 0.020677 1.0 0.207903 0.01958 1.0
0 0.166504 0.024854 0.006836 0.023392 0.0 0.0 0.0 0.0 0.0 0.0 0.0 0.0 0.0 0.0 0.0 0.0 0.0 0.0 0.0
0 0.118164 0.006579 0.013672 0.013158 0.0 0.0 0.0 0.0 0.0 0.0 0.0 0.0 0.0 0.0 0.0 0.0 0.0 0.0 0.0
0 0.303711 0.074561 0.017578 0.032164 0.0 0.0 0.0 0.0 0.0 0.0 0.0 0.0 0.0 0.0 0.0 0.0 0.0 0.0 0.0
0 0.305176 0.165936 0.018555 0.03655 0.299352 0.163795 1.0 0.307198 0.15933 1.0 0.303118 0.170608 1.0 0.303902 0.177893 1.0 0.309239 0.174604 1.0
0 0.345215 0.122807 0.016602 0.032164 0.0 0.0 0.0 0.0 0.0 0.0 0.0 0.0 0.0 0.0 0.0 0.0 0.0 0.0 0.0
0 0.350586 0.067982 0.017578 0.033626 0.34688 0.060151 1.0 0.357108 0.059485 1.0 0.352068 0.066807 1.0 0.348808 0.074352 1.0 0.355922 0.073909 1.0
0 0.36084 0.03655 0.016602 0.032164 0.0 0.0 0.0 0.0 0.0 0.0 0.0 0.0 0.0 0.0 0.0 0.0 0.0 0.0 0.0
0 0.415039 0.068713 0.013672 0.02924 0.0 0.0 0.0 0.0 0.0 0.0 0.0 0.0 0.0 0.0 0.0 0.0 0.0 0.0 0.0
0 0.45459 0.116959 0.018555 0.035088 0.449493 0.113121 1.0 0.457886 0.112208 1.0 0.454071 0.119974 1.0 0.451782 0.126599 1.0 0.458038 0.125228 1.0
0 0.400879 0.038012 0.010742 0.020468 0.0 0.0 0.0 0.0 0.0 0.0 0.0 0.0 0.0 0.0 0.0 0.0 0.0 0.0 0.0
0 0.350098 0.027047 0.012695 0.02193 0.0 0.0 0.0 0.0 0.0 0.0 0.0 0.0 0.0 0.0 0.0 0.0 0.0 0.0 0.0
0 0.358398 0.102339 0.013672 0.026316 0.0 0.0 0.0 0.0 0.0 0.0 0.0 0.0 0.0 0.0 0.0 0.0 0.0 0.0 0.0
0 0.362305 0.126462 0.009766 0.02193 0.0 0.0 0.0 0.0 0.0 0.0 0.0 0.0 0.0 0.0 0.0 0.0 0.0 0.0 0.0
0 0.528809 0.151316 0.022461 0.045322 0.525277 0.143092 1.0 0.534694 0.140155 1.0 0.532144 0.147497 1.0 0.529201 0.159539 1.0 0.536656 0.158658 1.0
0 0.485352 0.063596 0.017578 0.033626 0.0 0.0 0.0 0.0 0.0 0.0 0.0 0.0 0.0 0.0 0.0 0.0 0.0 0.0 0.0
0 0.46582 0.060673 0.009766 0.02193 0.0 0.0 0.0 0.0 0.0 0.0 0.0 0.0 0.0 0.0 0.0 0.0 0.0 0.0 0.0
0 0.562012 0.05848 0.018555 0.035088 0.0 0.0 0.0 0.0 0.0 0.0 0.0 0.0 0.0 0.0 0.0 0.0 0.0 0.0 0.0
0 0.564941 0.027778 0.010742 0.020468 0.0 0.0 0.0 0.0 0.0 0.0 0.0 0.0 0.0 0.0 0.0 0.0 0.0 0.0 0.0
0 0.467285 0.16155 0.018555 0.033626 0.0 0.0 0.0 0.0 0.0 0.0 0.0 0.0 0.0 0.0 0.0 0.0 0.0 0.0 0.0
0 0.596191 0.182749 0.024414 0.049708 0.0 0.0 0.0 0.0 0.0 0.0 0.0 0.0 0.0 0.0 0.0 0.0 0.0 0.0 0.0
0 0.602539 0.133041 0.019531 0.035088 0.598127 0.126227 1.0 0.608329 0.125757 1.0 0.60362 0.135861 1.0 0.59954 0.141265 1.0 0.607387 0.141969 1.0
0 0.583496 0.103801 0.014648 0.02924 0.0 0.0 0.0 0.0 0.0 0.0 0.0 0.0 0.0 0.0 0.0 0.0 0.0 0.0 0.0
0 0.657227 0.303363 0.023438 0.045322 0.0 0.0 0.0 0.0 0.0 0.0 0.0 0.0 0.0 0.0 0.0 0.0 0.0 0.0 0.0
0 0.603027 0.268275 0.024414 0.048246 0.598978 0.259072 1.0 0.610247 0.257845 1.0 0.606148 0.265208 1.0 0.601026 0.278398 1.0 0.610861 0.277784 1.0
0 0.636719 0.158626 0.011719 0.024854 0.0 0.0 0.0 0.0 0.0 0.0 0.0 0.0 0.0 0.0 0.0 0.0 0.0 0.0 0.0
0 0.615234 0.114035 0.017578 0.032164 0.611747 0.10944 1.0 0.61942 0.10944 1.0 0.615653 0.119465 1.0 0.612584 0.122807 1.0 0.618583 0.122807 1.0
0 0.641113 0.08845 0.016602 0.030702 0.0 0.0 0.0 0.0 0.0 0.0 0.0 0.0 0.0 0.0 0.0 0.0 0.0 0.0 0.0
0 0.659668 0.053363 0.016602 0.033626 0.0 0.0 0.0 0.0 0.0 0.0 0.0 0.0 0.0 0.0 0.0 0.0 0.0 0.0 0.0
0 0.76709 0.027778 0.016602 0.026316 0.0 0.0 0.0 0.0 0.0 0.0 0.0 0.0 0.0 0.0 0.0 0.0 0.0 0.0 0.0
0 0.744629 0.059211 0.016602 0.033626 0.740544 0.053871 1.0 0.748025 0.053871 1.0 0.743565 0.061626 1.0 0.741264 0.067871 1.0 0.746586 0.067871 1.0
0 0.071289 0.189327 0.011719 0.030702 0.0 0.0 0.0 0.0 0.0 0.0 0.0 0.0 0.0 0.0 0.0 0.0 0.0 0.0 0.0
0 0.365234 0.403509 0.011719 0.032164 0.0 0.0 0.0 0.0 0.0 0.0 0.0 0.0 0.0 0.0 0.0 0.0 0.0 0.0 0.0
0 0.029297 0.781433 0.039062 0.092105 0.03234 0.776591 1.0 0.049996 0.767192 1.0 0.049604 0.786576 1.0 0.041757 0.803611 1.0 0.05392 0.797737 1.0
0 0.010742 0.635234 0.021484 0.065789 -0.001116 0.625731 1.0 0.006696 0.62406 1.0 0.003627 0.63868 1.0 0.0 0.652047 1.0 0.012835 0.648705 1.0