0 0.90332 0.537061 0.050781 0.085826 0.888236 0.528853 1.0 0.893912 0.529932 1.0 0.881344 0.534251 1.0 0.882154 0.554228 1.0 0.88702 0.555307 1.0
0 0.776367 0.455137 0.044922 0.072822 0.0 0.0 0.0 0.0 0.0 0.0 0.0 0.0 0.0 0.0 0.0 0.0 0.0 0.0 0.0
0 0.733398 0.392718 0.044922 0.080624 0.0 0.0 0.0 0.0 0.0 0.0 0.0 0.0 0.0 0.0 0.0 0.0 0.0 0.0 0.0
0 0.682129 0.572822 0.051758 0.084525 0.0 0.0 0.0 0.0 0.0 0.0 0.0 0.0 0.0 0.0 0.0 0.0 0.0 0.0 0.0
0 0.483398 0.577373 0.046875 0.075423 0.0 0.0 0.0 0.0 0.0 0.0 0.0 0.0 0.0 0.0 0.0 0.0 0.0 0.0 0.0
0 0.226562 0.661899 0.066406 0.06502 0.0 0.0 0.0 0.0 0.0 0.0 0.0 0.0 0.0 0.0 0.0 0.0 0.0 0.0 0.0
0 0.14209 0.304941 0.05957 0.081925 0.164751 0.297499 1.0 0.165536 0.297499 1.0 0.16122 0.314218 1.0 0.14631 0.329371 1.0 0.151411 0.329893 1.0
0 0.958984 0.035111 0.052734 0.070221 0.0 0.0 0.0 0.0 0.0 0.0 0.0 0.0 0.0 0.0 0.0 0.0 0.0 0.0 0.0
0 0.371582 0.946684 0.053711 0.10143 0.351641 0.933553 1.0 0.359676 0.936931 1.0 0.344452 0.955514 1.0 0.351218 0.982544 1.0 0.355447 0.982544 1.0
0 0.483398 0.873212 0.056641 0.094928 0.0 0.0 0.0 0.0 0.0 0.0 0.0 0.0 0.0 0.0 0.0 0.0 0.0 0.0 0.0
0 0.893066 0.269181 0.051758 0.09883 0.881849 0.25735 1.0 0.886047 0.260455 1.0 0.868321 0.271016 1.0 0.869721 0.289029 1.0 0.873452 0.291514 1.0
0 0.71582 0.089077 0.033203 0.074122 0.0 0.0 0.0 0.0 0.0 0.0 0.0 0.0 0.0 0.0 0.0 0.0 0.0 0.0 0.0
0 0.8125 0.323147 0.042969 0.087126 0.0 0.0 0.0 0.0 0.0 0.0 0.0 0.0 0.0 0.0 0.0 0.0 0.0 0.0 0.0