0 0.030273 0.584201 0.03125 0.064236 0.026114 0.581233 1.0 0.042289 0.577125 1.0 0.036281 0.594378 1.0 0.029812 0.607523 1.0 0.041826 0.605057 1.0
0 0.103027 0.631944 0.020508 0.052083 0.0 0.0 0.0 0.0 0.0 0.0 0.0 0.0 0.0 0.0 0.0 0.0 0.0 0.0 0.0
0 0.160156 0.583333 0.025391 0.041667 0.0 0.0 0.0 0.0 0.0 0.0 0.0 0.0 0.0 0.0 0.0 0.0 0.0 0.0 0.0
0 0.134766 0.597222 0.013672 0.034722 0.0 0.0 0.0 0.0 0.0 0.0 0.0 0.0 0.0 0.0 0.0 0.0 0.0 0.0 0.0
0 0.026367 0.835938 0.046875 0.092014 0.0 0.0 0.0 0.0 0.0 0.0 0.0 0.0 0.0 0.0 0.0 0.0 0.0 0.0 0.0
0 0.094727 0.800347 0.035156 0.079861 0.0 0.0 0.0 0.0 0.0 0.0 0.0 0.0 0.0 0.0 0.0 0.0 0.0 0.0 0.0
0 0.189941 0.822917 0.075195 0.163194 0.160767 0.804811 1.0 0.187813 0.798674 1.0 0.16537 0.832434 1.0 0.16537 0.863127 1.0 0.186663 0.859035 1.0
0 0.220703 0.646701 0.033203 0.067708 0.212054 0.639028 1.0 0.219247 0.639455 1.0 0.209656 0.658637 1.0 0.217089 0.662474 1.0 0.222844 0.663326 1.0
0 0.270508 0.56684 0.011719 0.039931 0.0 0.0 0.0 0.0 0.0 0.0 0.0 0.0 0.0 0.0 0.0 0.0 0.0 0.0 0.0
0 0.250488 0.502604 0.008789 0.019097 0.0 0.0 0.0 0.0 0.0 0.0 0.0 0.0 0.0 0.0 0.0 0.0 0.0 0.0 0.0
0 0.260742 0.505208 0.009766 0.020833 0.0 0.0 0.0 0.0 0.0 0.0 0.0 0.0 0.0 0.0 0.0 0.0 0.0 0.0 0.0
0 0.288574 0.470486 0.010742 0.024306 0.286813 0.46692 1.0 0.291783 0.465681 1.0 0.290214 0.471571 1.0 0.287859 0.476997 1.0 0.292045 0.475757 1.0
0 0.306152 0.47309 0.016602 0.039931 0.0 0.0 0.0 0.0 0.0 0.0 0.0 0.0 0.0 0.0 0.0 0.0 0.0 0.0 0.0
0 0.333496 0.452257 0.010742 0.026042 0.0 0.0 0.0 0.0 0.0 0.0 0.0 0.0 0.0 0.0 0.0 0.0 0.0 0.0 0.0
0 0.340332 0.429688 0.008789 0.019097 0.0 0.0 0.0 0.0 0.0 0.0 0.0 0.0 0.0 0.0 0.0 0.0 0.0 0.0 0.0
0 0.351562 0.432292 0.009766 0.020833 0.0 0.0 0.0 0.0 0.0 0.0 0.0 0.0 0.0 0.0 0.0 0.0 0.0 0.0 0.0
0 0.372559 0.439236 0.008789 0.024306 0.0 0.0 0.0 0.0 0.0 0.0 0.0 0.0 0.0 0.0 0.0 0.0 0.0 0.0 0.0
0 0.389648 0.427951 0.007812 0.019097 0.0 0.0 0.0 0.0 0.0 0.0 0.0 0.0 0.0 0.0 0.0 0.0 0.0 0.0 0.0
0 0.415039 0.440972 0.013672 0.03125 0.0 0.0 0.0 0.0 0.0 0.0 0.0 0.0 0.0 0.0 0.0 0.0 0.0 0.0 0.0
0 0.289062 0.447917 0.013672 0.034722 0.0 0.0 0.0 0.0 0.0 0.0 0.0 0.0 0.0 0.0 0.0 0.0 0.0 0.0 0.0
0 0.371582 0.46875 0.010742 0.027778 0.0 0.0 0.0 0.0 0.0 0.0 0.0 0.0 0.0 0.0 0.0 0.0 0.0 0.0 0.0
0 0.405273 0.46875 0.019531 0.045139 0.0 0.0 0.0 0.0 0.0 0.0 0.0 0.0 0.0 0.0 0.0 0.0 0.0 0.0 0.0
0 0.379395 0.55816 0.036133 0.071181 0.377389 0.555943 1.0 0.392308 0.549649 1.0 0.387756 0.564035 1.0 0.382699 0.580667 1.0 0.391297 0.577071 1.0
0 0.355469 0.682292 0.046875 0.100694 0.340681 0.673564 1.0 0.360343 0.669116 1.0 0.349976 0.700257 1.0 0.347473 0.707884 1.0 0.363561 0.700892 1.0
0 0.408203 0.533854 0.027344 0.071181 0.0 0.0 0.0 0.0 0.0 0.0 0.0 0.0 0.0 0.0 0.0 0.0 0.0 0.0 0.0
0 0.441895 0.440104 0.014648 0.029514 0.0 0.0 0.0 0.0 0.0 0.0 0.0 0.0 0.0 0.0 0.0 0.0 0.0 0.0 0.0
0 0.455566 0.407986 0.004883 0.017361 0.0 0.0 0.0 0.0 0.0 0.0 0.0 0.0 0.0 0.0 0.0 0.0 0.0 0.0 0.0
0 0.463379 0.405382 0.008789 0.026042 0.0 0.0 0.0 0.0 0.0 0.0 0.0 0.0 0.0 0.0 0.0 0.0 0.0 0.0 0.0
0 0.493164 0.395833 0.009766 0.017361 0.0 0.0 0.0 0.0 0.0 0.0 0.0 0.0 0.0 0.0 0.0 0.0 0.0 0.0 0.0
0 0.512207 0.381944 0.008789 0.017361 0.0 0.0 0.0 0.0 0.0 0.0 0.0 0.0 0.0 0.0 0.0 0.0 0.0 0.0 0.0
0 0.46582 0.447917 0.011719 0.03125 0.466841 0.445095 1.0 0.470581 0.440259 1.0 0.471261 0.447917 1.0 0.470581 0.456984 1.0 0.474095 0.452149 1.0
0 0.477051 0.440972 0.014648 0.034722 0.0 0.0 0.0 0.0 0.0 0.0 0.0 0.0 0.0 0.0 0.0 0.0 0.0 0.0 0.0
0 0.501953 0.442708 0.011719 0.024306 0.0 0.0 0.0 0.0 0.0 0.0 0.0 0.0 0.0 0.0 0.0 0.0 0.0 0.0 0.0
0 0.532715 0.428819 0.016602 0.041667 0.0 0.0 0.0 0.0 0.0 0.0 0.0 0.0 0.0 0.0 0.0 0.0 0.0 0.0 0.0
0 0.549805 0.418403 0.015625 0.045139 0.0 0.0 0.0 0.0 0.0 0.0 0.0 0.0 0.0 0.0 0.0 0.0 0.0 0.0 0.0
0 0.577637 0.396701 0.014648 0.032986 0.0 0.0 0.0 0.0 0.0 0.0 0.0 0.0 0.0 0.0 0.0 0.0 0.0 0.0 0.0
0 0.559082 0.375 0.006836 0.017361 0.0 0.0 0.0 0.0 0.0 0.0 0.0 0.0 0.0 0.0 0.0 0.0 0.0 0.0 0.0
0 0.536133 0.368924 0.007812 0.019097 0.0 0.0 0.0 0.0 0.0 0.0 0.0 0.0 0.0 0.0 0.0 0.0 0.0 0.0 0.0
0 0.47168 0.375868 0.007812 0.015625 0.0 0.0 0.0 0.0 0.0 0.0 0.0 0.0 0.0 0.0 0.0 0.0 0.0 0.0 0.0
0 0.48291 0.520833 0.014648 0.038194 0.0 0.0 0.0 0.0 0.0 0.0 0.0 0.0 0.0 0.0 0.0 0.0 0.0 0.0 0.0
0 0.527832 0.525174 0.026367 0.053819 0.0 0.0 0.0 0.0 0.0 0.0 0.0 0.0 0.0 0.0 0.0 0.0 0.0 0.0 0.0
0 0.521484 0.575521 0.027344 0.064236 0.515193 0.571825 1.0 0.527209 0.568948 1.0 0.523512 0.583326 1.0 0.518197 0.596059 1.0 0.528133 0.591951 1.0
0 0.470703 0.690972 0.033203 0.090278 0.46521 0.679486 1.0 0.468113 0.684648 1.0 0.456177 0.694398 1.0 0.460693 0.713898 1.0 0.46392 0.718486 1.0
0 0.516113 0.41059 0.008789 0.026042 0.0 0.0 0.0 0.0 0.0 0.0 0.0 0.0 0.0 0.0 0.0 0.0 0.0 0.0 0.0
0 0.612793 0.499132 0.020508 0.050347 0.0 0.0 0.0 0.0 0.0 0.0 0.0 0.0 0.0 0.0 0.0 0.0 0.0 0.0 0.0
0 0.798828 0.721354 0.0625 0.137153 0.781738 0.701389 1.0 0.808594 0.701389 1.0 0.792969 0.730903 1.0 0.785645 0.746528 1.0 0.807129 0.747396 1.0
0 0.297852 0.429688 0.007812 0.019097 0.0 0.0 0.0 0.0 0.0 0.0 0.0 0.0 0.0 0.0 0.0 0.0 0.0 0.0 0.0