0 0.085938 0.357639 0.011719 0.027778 0.083256 0.353028 1.0 0.086365 0.353384 1.0 0.08466 0.358375 1.0 0.084159 0.362476 1.0 0.087367 0.361762 1.0
0 0.392578 0.537326 0.025391 0.050347 0.0 0.0 0.0 0.0 0.0 0.0 0.0 0.0 0.0 0.0 0.0 0.0 0.0 0.0 0.0
0 0.503418 0.55816 0.038086 0.081597 0.497672 0.540503 1.0 0.514321 0.541543 1.0 0.507604 0.557122 1.0 0.499133 0.576335 1.0 0.512276 0.576854 1.0
0 0.612305 0.591146 0.035156 0.081597 0.605879 0.585434 1.0 0.621944 0.581799 1.0 0.618146 0.596858 1.0 0.610844 0.618149 1.0 0.623112 0.615552 1.0
0 0.208984 0.623264 0.027344 0.069444 0.0 0.0 0.0 0.0 0.0 0.0 0.0 0.0 0.0 0.0 0.0 0.0 0.0 0.0 0.0
0 0.518555 0.405382 0.013672 0.032986 0.0 0.0 0.0 0.0 0.0 0.0 0.0 0.0 0.0 0.0 0.0 0.0 0.0 0.0 0.0
0 0.108398 0.682292 0.035156 0.072917 0.0 0.0 0.0 0.0 0.0 0.0 0.0 0.0 0.0 0.0 0.0 0.0 0.0 0.0 0.0
0 0.295898 0.623264 0.03125 0.055556 0.0 0.0 0.0 0.0 0.0 0.0 0.0 0.0 0.0 0.0 0.0 0.0 0.0 0.0 0.0
0 0.43457 0.522569 0.029297 0.059028 0.0 0.0 0.0 0.0 0.0 0.0 0.0 0.0 0.0 0.0 0.0 0.0 0.0 0.0 0.0
0 0.166992 0.367188 0.011719 0.022569 0.0 0.0 0.0 0.0 0.0 0.0 0.0 0.0 0.0 0.0 0.0 0.0 0.0 0.0 0.0
0 0.40625 0.470486 0.015625 0.034722 0.0 0.0 0.0 0.0 0.0 0.0 0.0 0.0 0.0 0.0 0.0 0.0 0.0 0.0 0.0
0 0.130859 0.355035 0.013672 0.029514 0.0 0.0 0.0 0.0 0.0 0.0 0.0 0.0 0.0 0.0 0.0 0.0 0.0 0.0 0.0