0 0.791016 0.504167 0.197266 0.280556 0.747345 0.438547 1.0 0.859619 0.464868 1.0 0.794229 0.521019 1.0 0.744877 0.566642 1.0 0.827541 0.575415 1.0
0 0.314941 0.234722 0.118164 0.183333 0.275739 0.192733 1.0 0.325744 0.198468 1.0 0.292677 0.236322 1.0 0.278966 0.269588 1.0 0.316873 0.271881 1.0
0 0.175781 0.181944 0.078125 0.147222 0.142813 0.148915 1.0 0.166199 0.15261 1.0 0.142164 0.17386 1.0 0.139565 0.195108 1.0 0.159054 0.202499 1.0
0 0.07666 0.24375 0.071289 0.118056 0.067383 0.229167 1.0 0.084961 0.226389 1.0 0.074219 0.247222 1.0 0.067383 0.259722 1.0 0.082031 0.255556 1.0
0 0.394043 0.164583 0.018555 0.0375 0.0 0.0 0.0 0.0 0.0 0.0 0.0 0.0 0.0 0.0 0.0 0.0 0.0 0.0 0.0
0 0.611816 0.175694 0.071289 0.126389 0.593968 0.1485 1.0 0.627712 0.1493 1.0 0.609152 0.181293 1.0 0.596218 0.205289 1.0 0.625462 0.205289 1.0
0 0.91748 0.225 0.104492 0.183333 0.885686 0.19416 1.0 0.940308 0.196478 1.0 0.910144 0.23706 1.0 0.898729 0.274162 1.0 0.922372 0.274162 1.0
0 0.461426 0.208333 0.008789 0.013889 0.0 0.0 0.0 0.0 0.0 0.0 0.0 0.0 0.0 0.0 0.0 0.0 0.0 0.0 0.0
0 0.489746 0.204861 0.016602 0.026389 0.487793 0.201736 1.0 0.494141 0.202083 1.0 0.490845 0.206424 1.0 0.489014 0.212847 1.0 0.492188 0.212674 1.0
0 0.516113 0.204861 0.006836 0.0125 0.514945 0.203311 1.0 0.518006 0.203311 1.0 0.516646 0.205487 1.0 0.515682 0.207986 1.0 0.517552 0.207825 1.0
0 0.538574 0.225694 0.018555 0.029167 0.535958 0.220164 1.0 0.543152 0.219792 1.0 0.53949 0.226117 1.0 0.536612 0.23244 1.0 0.541582 0.23244 1.0
0 0.557129 0.203472 0.006836 0.0125 0.556641 0.201389 1.0 0.561523 0.201389 1.0 0.558594 0.205556 1.0 0.555664 0.208333 1.0 0.560547 0.208333 1.0
0 0.65332 0.215278 0.023438 0.038889 0.646903 0.205357 1.0 0.65475 0.205853 1.0 0.649867 0.212054 1.0 0.648995 0.220486 1.0 0.653181 0.220486 1.0
0 0.679199 0.201389 0.010742 0.019444 0.677734 0.2 1.0 0.681641 0.2 1.0 0.679688 0.204167 1.0 0.676758 0.206944 1.0 0.680664 0.205556 1.0
0 0.698242 0.193056 0.015625 0.022222 0.693813 0.189782 1.0 0.703648 0.189633 1.0 0.698835 0.195585 1.0 0.694964 0.201389 1.0 0.701137 0.201389 1.0
0 0.958984 0.265278 0.015625 0.033333 0.0 0.0 0.0 0.0 0.0 0.0 0.0 0.0 0.0 0.0 0.0 0.0 0.0 0.0 0.0
0 0.981934 0.263194 0.022461 0.040278 0.978516 0.255556 1.0 0.990234 0.259722 1.0 0.980469 0.263889 1.0 0.975586 0.268056 1.0 0.981445 0.272222 1.0
0 0.845215 0.139583 0.02832 0.051389 0.838867 0.130556 1.0 0.849609 0.127778 1.0 0.84375 0.140278 1.0 0.836914 0.15 1.0 0.847656 0.147222 1.0