0 0.214355 0.35535 0.055664 0.124174 0.220686 0.326783 1.0 0.220686 0.326783 1.0 0.241402 0.343909 1.0 0.235072 0.376604 1.0 0.235072 0.376604 1.0
0 0.281738 0.334875 0.040039 0.062087 0.269984 0.319376 1.0 0.288661 0.320178 1.0 0.278285 0.333011 1.0 0.270874 0.346646 1.0 0.288068 0.351458 1.0
0 0.345215 0.404888 0.049805 0.075297 0.328997 0.391654 1.0 0.350804 0.393588 1.0 0.337219 0.404711 1.0 0.329712 0.418251 1.0 0.346871 0.420668 1.0
0 0.116699 0.375826 0.030273 0.056803 0.0 0.0 0.0 0.0 0.0 0.0 0.0 0.0 0.0 0.0 0.0 0.0 0.0 0.0 0.0
0 0.070312 0.392999 0.025391 0.038309 0.065246 0.386642 1.0 0.075317 0.387136 1.0 0.070557 0.394071 1.0 0.064148 0.401503 1.0 0.074768 0.401997 1.0
0 0.679199 0.40753 0.069336 0.125495 0.647845 0.370518 1.0 0.666539 0.37921 1.0 0.645508 0.397386 1.0 0.661865 0.431367 1.0 0.660112 0.431367 1.0
0 0.78125 0.342801 0.050781 0.101717 0.764116 0.326052 1.0 0.786926 0.324124 1.0 0.774096 0.335695 1.0 0.769344 0.354979 1.0 0.778373 0.354336 1.0
0 0.529297 0.319022 0.060547 0.088507 0.508789 0.295905 1.0 0.540039 0.295905 1.0 0.524414 0.310436 1.0 0.509766 0.334214 1.0 0.530273 0.331572 1.0
0 0.877441 0.437913 0.061523 0.109643 0.859375 0.4214 1.0 0.888672 0.420079 1.0 0.869141 0.445178 1.0 0.855469 0.46103 1.0 0.881836 0.468956 1.0
0 0.953613 0.38177 0.032227 0.058124 0.943395 0.374823 1.0 0.955828 0.373361 1.0 0.945827 0.38433 1.0 0.945827 0.394568 1.0 0.951773 0.394202 1.0
0 0.632812 0.38177 0.035156 0.058124 0.0 0.0 0.0 0.0 0.0 0.0 0.0 0.0 0.0 0.0 0.0 0.0 0.0 0.0 0.0