0 0.959473 0.315104 0.010742 0.013021 0.0 0.0 0.0 0.0 0.0 0.0 0.0 0.0 0.0 0.0 0.0 0.0 0.0 0.0 0.0
0 0.898926 0.216146 0.010742 0.018229 0.0 0.0 0.0 0.0 0.0 0.0 0.0 0.0 0.0 0.0 0.0 0.0 0.0 0.0 0.0
0 0.793457 0.216797 0.010742 0.019531 0.791687 0.215495 1.0 0.795166 0.214884 1.0 0.793976 0.21879 1.0 0.792145 0.221842 1.0 0.796631 0.220012 1.0
0 0.814453 0.289714 0.035156 0.053385 0.806885 0.286029 1.0 0.820792 0.288388 1.0 0.812195 0.300862 1.0 0.806379 0.306594 1.0 0.816999 0.307943 1.0
0 0.87207 0.440755 0.017578 0.035156 0.0 0.0 0.0 0.0 0.0 0.0 0.0 0.0 0.0 0.0 0.0 0.0 0.0 0.0 0.0
0 0.75 0.217448 0.056641 0.091146 0.742606 0.203561 1.0 0.765913 0.203561 1.0 0.757712 0.203561 1.0 0.747354 0.236363 1.0 0.764618 0.236363 1.0
0 0.679199 0.223307 0.010742 0.019531 0.675302 0.225312 1.0 0.67831 0.222639 1.0 0.677608 0.227586 1.0 0.677909 0.229858 1.0 0.679513 0.228655 1.0
0 0.64502 0.20638 0.010742 0.016927 0.0 0.0 0.0 0.0 0.0 0.0 0.0 0.0 0.0 0.0 0.0 0.0 0.0 0.0 0.0
0 0.541504 0.215495 0.008789 0.014323 0.541295 0.2141 1.0 0.544643 0.214007 1.0 0.543388 0.217169 1.0 0.542062 0.219866 1.0 0.543876 0.219866 1.0
0 0.45459 0.233073 0.016602 0.026042 0.450418 0.231917 1.0 0.456865 0.229219 1.0 0.453578 0.233771 1.0 0.452188 0.241694 1.0 0.457498 0.240513 1.0
0 0.592285 0.330078 0.010742 0.022135 0.0 0.0 0.0 0.0 0.0 0.0 0.0 0.0 0.0 0.0 0.0 0.0 0.0 0.0 0.0
0 0.56543 0.325521 0.009766 0.018229 0.0 0.0 0.0 0.0 0.0 0.0 0.0 0.0 0.0 0.0 0.0 0.0 0.0 0.0 0.0
0 0.497559 0.320312 0.012695 0.020833 0.49557 0.318777 1.0 0.500069 0.317801 1.0 0.498604 0.321428 1.0 0.497559 0.327288 1.0 0.500279 0.32687 1.0
0 0.62207 0.429688 0.019531 0.03125 0.617615 0.423543 1.0 0.621582 0.424154 1.0 0.614105 0.429036 1.0 0.614563 0.436768 1.0 0.617462 0.436768 1.0
0 0.588379 0.421224 0.018555 0.029948 0.0 0.0 0.0 0.0 0.0 0.0 0.0 0.0 0.0 0.0 0.0 0.0 0.0 0.0 0.0
0 0.540527 0.439453 0.020508 0.029948 0.535579 0.432971 1.0 0.543779 0.43796 1.0 0.537449 0.440453 1.0 0.533421 0.445249 1.0 0.538312 0.449469 1.0
0 0.416504 0.292969 0.014648 0.026042 0.0 0.0 0.0 0.0 0.0 0.0 0.0 0.0 0.0 0.0 0.0 0.0 0.0 0.0 0.0
0 0.366699 0.273438 0.008789 0.018229 0.0 0.0 0.0 0.0 0.0 0.0 0.0 0.0 0.0 0.0 0.0 0.0 0.0 0.0 0.0
0 0.329102 0.232422 0.037109 0.053385 0.325038 0.221104 1.0 0.342015 0.222819 1.0 0.333526 0.236194 1.0 0.323752 0.24374 1.0 0.337899 0.246141 1.0
0 0.208496 0.246094 0.016602 0.028646 0.203404 0.244048 1.0 0.21038 0.244048 1.0 0.205915 0.249441 1.0 0.203544 0.255395 1.0 0.207729 0.255767 1.0
0 0.240723 0.325521 0.010742 0.018229 0.0 0.0 0.0 0.0 0.0 0.0 0.0 0.0 0.0 0.0 0.0 0.0 0.0 0.0 0.0
0 0.192871 0.408854 0.014648 0.028646 0.0 0.0 0.0 0.0 0.0 0.0 0.0 0.0 0.0 0.0 0.0 0.0 0.0 0.0 0.0
0 0.206055 0.48763 0.021484 0.03776 0.198486 0.483318 1.0 0.210754 0.486003 1.0 0.203979 0.493083 1.0 0.199585 0.496745 1.0 0.207459 0.498943 1.0
0 0.037598 0.322266 0.075195 0.14974 0.003034 0.283947 1.0 0.029166 0.286772 1.0 0.000916 0.32444 1.0 0.001622 0.347982 1.0 0.037642 0.342332 1.0
0 0.087402 0.567708 0.010742 0.018229 0.0 0.0 0.0 0.0 0.0 0.0 0.0 0.0 0.0 0.0 0.0 0.0 0.0 0.0 0.0
0 0.107422 0.582682 0.013672 0.019531 0.0 0.0 0.0 0.0 0.0 0.0 0.0 0.0 0.0 0.0 0.0 0.0 0.0 0.0 0.0
0 0.086914 0.625651 0.005859 0.009115 0.0 0.0 0.0 0.0 0.0 0.0 0.0 0.0 0.0 0.0 0.0 0.0 0.0 0.0 0.0
0 0.091797 0.634115 0.005859 0.010417 0.0 0.0 0.0 0.0 0.0 0.0 0.0 0.0 0.0 0.0 0.0 0.0 0.0 0.0 0.0
0 0.072754 0.624349 0.004883 0.009115 0.0 0.0 0.0 0.0 0.0 0.0 0.0 0.0 0.0 0.0 0.0 0.0 0.0 0.0 0.0
0 0.475586 0.704427 0.050781 0.091146 0.471191 0.699138 1.0 0.492127 0.692871 1.0 0.487427 0.721354 1.0 0.475464 0.731608 1.0 0.494689 0.726482 1.0
0 0.640625 0.806641 0.054688 0.10026 0.627668 0.807268 1.0 0.625271 0.80599 1.0 0.613761 0.811105 1.0 0.621913 0.836681 1.0 0.619516 0.835402 1.0
0 0.052734 0.558594 0.003906 0.005208 0.0 0.0 0.0 0.0 0.0 0.0 0.0 0.0 0.0 0.0 0.0 0.0 0.0 0.0 0.0