0 0.931641 0.421992 0.046875 0.045643 0.947266 0.425726 1.0 0.954102 0.428216 1.0 0.950195 0.434025 1.0 0.93457 0.436515 1.0 0.9375 0.438174 1.0
0 0.981445 0.453112 0.037109 0.049793 0.990234 0.448963 1.0 0.99707 0.454772 1.0 0.994141 0.46639 1.0 0.976562 0.46473 1.0 0.995117 0.477178 1.0
0 0.83252 0.414523 0.053711 0.062241 0.827437 0.410573 1.0 0.852391 0.40861 1.0 0.851005 0.418427 1.0 0.83252 0.433744 1.0 0.853315 0.432173 1.0
0 0.684082 0.344813 0.100586 0.103734 0.681571 0.333314 1.0 0.719936 0.330053 1.0 0.713798 0.349615 1.0 0.691546 0.372437 1.0 0.719936 0.372437 1.0
0 0.482422 0.446058 0.041016 0.042324 0.470772 0.442709 1.0 0.490862 0.441909 1.0 0.479248 0.450178 1.0 0.470772 0.457113 1.0 0.487724 0.457646 1.0
0 0.397949 0.444813 0.02832 0.033195 0.392578 0.444813 1.0 0.40625 0.444813 1.0 0.399414 0.449793 1.0 0.393555 0.455602 1.0 0.407227 0.455602 1.0
0 0.389648 0.463071 0.029297 0.044813 0.395874 0.444969 1.0 0.404938 0.442687 1.0 0.399902 0.447822 1.0 0.400238 0.454954 1.0 0.405945 0.453812 1.0
0 0.304688 0.412863 0.039062 0.040664 0.299927 0.410373 1.0 0.316102 0.409336 1.0 0.314881 0.415301 1.0 0.308472 0.42308 1.0 0.318237 0.422303 1.0
0 0.306152 0.481328 0.041992 0.041494 0.299914 0.476441 1.0 0.315081 0.476705 1.0 0.311366 0.48328 1.0 0.299604 0.492486 1.0 0.313224 0.491172 1.0
0 0.209473 0.433195 0.049805 0.058091 0.204677 0.428008 1.0 0.225604 0.431343 1.0 0.2195 0.439493 1.0 0.201625 0.448385 1.0 0.221244 0.451349 1.0
0 0.15625 0.405809 0.037109 0.071369 0.0 0.0 0.0 0.0 0.0 0.0 0.0 0.0 0.0 0.0 0.0 0.0 0.0 0.0 0.0
0 0.041992 0.445643 0.052734 0.054772 0.022771 0.442472 1.0 0.040205 0.440405 1.0 0.030068 0.450397 1.0 0.024798 0.461077 1.0 0.042638 0.460733 1.0