0 0.964844 0.656901 0.033203 0.026042 0.953125 0.652344 1.0 0.96875 0.652344 1.0 0.961914 0.658203 1.0 0.956055 0.664062 1.0 0.973633 0.664062 1.0
0 0.884277 0.638997 0.040039 0.026693 0.880934 0.63147 1.0 0.897139 0.631641 1.0 0.888907 0.639529 1.0 0.883248 0.64313 1.0 0.891994 0.64313 1.0
0 0.631836 0.442383 0.113281 0.085286 0.600699 0.431091 1.0 0.655544 0.427865 1.0 0.625702 0.451523 1.0 0.607151 0.464966 1.0 0.654737 0.464428 1.0
0 0.303223 0.522786 0.09668 0.072917 0.275182 0.510655 1.0 0.324088 0.510655 1.0 0.29929 0.526728 1.0 0.278625 0.544637 1.0 0.313756 0.5428 1.0
0 0.141113 0.549154 0.022461 0.01888 0.0 0.0 0.0 0.0 0.0 0.0 0.0 0.0 0.0 0.0 0.0 0.0 0.0 0.0 0.0
0 0.032227 0.80599 0.060547 0.045573 0.005859 0.798177 1.0 0.011719 0.798177 1.0 0.004883 0.806641 1.0 0.004883 0.817057 1.0 0.008789 0.817057 1.0
0 0.730469 0.102539 0.042969 0.034505 0.722359 0.095145 1.0 0.743896 0.095587 1.0 0.734619 0.103097 1.0 0.725342 0.109945 1.0 0.739589 0.109945 1.0
0 0.375977 0.146484 0.070312 0.059896 0.357979 0.135286 1.0 0.392286 0.131161 1.0 0.376539 0.150658 1.0 0.363604 0.161906 1.0 0.393411 0.160781 1.0
0 0.013672 0.485677 0.027344 0.027344 0.0 0.0 0.0 0.0 0.0 0.0 0.0 0.0 0.0 0.0 0.0 0.0 0.0 0.0 0.0
0 0.013184 0.694661 0.026367 0.03776 0.005859 0.688151 1.0 0.015625 0.688802 1.0 0.005859 0.697266 1.0 0.005859 0.704427 1.0 0.009766 0.705729 1.0
0 0.383789 0.519206 0.03125 0.025391 0.0 0.0 0.0 0.0 0.0 0.0 0.0 0.0 0.0 0.0 0.0 0.0 0.0 0.0 0.0