0 0.518066 0.509892 0.077148 0.19964 0.505195 0.470144 1.0 0.542559 0.474802 1.0 0.525391 0.509317 1.0 0.505508 0.554371 1.0 0.534922 0.558435 1.0
0 0.647949 0.526978 0.038086 0.089928 0.644104 0.513939 1.0 0.660584 0.513378 1.0 0.654785 0.529115 1.0 0.647766 0.547662 1.0 0.660889 0.547662 1.0
0 0.701172 0.621403 0.054688 0.120504 0.689989 0.60386 1.0 0.715668 0.610723 1.0 0.702828 0.635896 1.0 0.692061 0.657254 1.0 0.707799 0.662594 1.0
0 0.747559 0.483813 0.016602 0.05036 0.747594 0.472894 1.0 0.748291 0.473214 1.0 0.741315 0.485739 1.0 0.743932 0.497944 1.0 0.744629 0.497944 1.0
0 0.803711 0.502698 0.017578 0.034173 0.0 0.0 0.0 0.0 0.0 0.0 0.0 0.0 0.0 0.0 0.0 0.0 0.0 0.0 0.0
0 0.331055 0.486511 0.037109 0.084532 0.31733 0.476603 1.0 0.336033 0.475543 1.0 0.323085 0.493031 1.0 0.317906 0.513167 1.0 0.332293 0.511579 1.0
0 0.422852 0.540468 0.025391 0.066547 0.413788 0.528978 1.0 0.42303 0.529829 1.0 0.414019 0.537914 1.0 0.412633 0.556212 1.0 0.417947 0.555362 1.0
0 0.256836 0.618705 0.052734 0.147482 0.235435 0.601836 1.0 0.257878 0.601836 1.0 0.231864 0.630957 1.0 0.234924 0.658201 1.0 0.249717 0.658201 1.0
0 0.174805 0.615108 0.046875 0.093525 0.158085 0.611863 1.0 0.177181 0.603072 1.0 0.164132 0.628862 1.0 0.162541 0.647619 1.0 0.177499 0.642344 1.0
0 0.902344 0.536871 0.021484 0.044964 0.0 0.0 0.0 0.0 0.0 0.0 0.0 0.0 0.0 0.0 0.0 0.0 0.0 0.0 0.0
0 0.962891 0.519784 0.013672 0.028777 0.0 0.0 0.0 0.0 0.0 0.0 0.0 0.0 0.0 0.0 0.0 0.0 0.0 0.0 0.0
0 0.938965 0.513489 0.010742 0.023381 0.0 0.0 0.0 0.0 0.0 0.0 0.0 0.0 0.0 0.0 0.0 0.0 0.0 0.0 0.0
0 0.984375 0.52518 0.011719 0.021583 0.0 0.0 0.0 0.0 0.0 0.0 0.0 0.0 0.0 0.0 0.0 0.0 0.0 0.0 0.0
0 0.995605 0.499101 0.008789 0.019784 0.0 0.0 0.0 0.0 0.0 0.0 0.0 0.0 0.0 0.0 0.0 0.0 0.0 0.0 0.0
0 0.475098 0.623201 0.040039 0.131295 0.0 0.0 0.0 0.0 0.0 0.0 0.0 0.0 0.0 0.0 0.0 0.0 0.0 0.0 0.0
0 0.564453 0.564748 0.015625 0.043165 0.0 0.0 0.0 0.0 0.0 0.0 0.0 0.0 0.0 0.0 0.0 0.0 0.0 0.0 0.0