0 0.254395 0.492679 0.030273 0.074671 0.0 0.0 0.0 0.0 0.0 0.0 0.0 0.0 0.0 0.0 0.0 0.0 0.0 0.0 0.0
0 0.217285 0.461201 0.02832 0.052709 0.0 0.0 0.0 0.0 0.0 0.0 0.0 0.0 0.0 0.0 0.0 0.0 0.0 0.0 0.0
0 0.154785 0.478038 0.043945 0.083455 0.142644 0.472868 1.0 0.161359 0.474985 1.0 0.148294 0.48981 1.0 0.142997 0.500928 1.0 0.160653 0.498811 1.0
0 0.187988 0.377013 0.026367 0.057101 0.0 0.0 0.0 0.0 0.0 0.0 0.0 0.0 0.0 0.0 0.0 0.0 0.0 0.0 0.0
0 0.062012 0.447291 0.045898 0.089312 0.05876 0.437865 1.0 0.080758 0.43616 1.0 0.072034 0.449808 1.0 0.066346 0.466299 1.0 0.078861 0.463455 1.0
0 0.112305 0.415813 0.019531 0.032211 0.0 0.0 0.0 0.0 0.0 0.0 0.0 0.0 0.0 0.0 0.0 0.0 0.0 0.0 0.0
0 0.018066 0.342606 0.032227 0.061493 0.004325 0.335548 1.0 0.016096 0.337116 1.0 0.005633 0.347312 1.0 0.005895 0.361038 1.0 0.013219 0.361038 1.0
0 0.402832 0.442167 0.022461 0.038067 0.0 0.0 0.0 0.0 0.0 0.0 0.0 0.0 0.0 0.0 0.0 0.0 0.0 0.0 0.0
0 0.418945 0.502196 0.029297 0.058565 0.414224 0.498857 1.0 0.427643 0.498483 1.0 0.420685 0.512641 1.0 0.41497 0.521956 1.0 0.425655 0.521956 1.0
0 0.493652 0.49634 0.047852 0.076135 0.476615 0.480338 1.0 0.496028 0.477476 1.0 0.482979 0.496562 1.0 0.481707 0.515171 1.0 0.495073 0.514217 1.0
0 0.651855 0.484627 0.02832 0.052709 0.0 0.0 0.0 0.0 0.0 0.0 0.0 0.0 0.0 0.0 0.0 0.0 0.0 0.0 0.0
0 0.737305 0.469253 0.025391 0.057101 0.0 0.0 0.0 0.0 0.0 0.0 0.0 0.0 0.0 0.0 0.0 0.0 0.0 0.0 0.0
0 0.754395 0.408492 0.014648 0.026354 0.0 0.0 0.0 0.0 0.0 0.0 0.0 0.0 0.0 0.0 0.0 0.0 0.0 0.0 0.0
0 0.80957 0.409224 0.082031 0.144949 0.80484 0.391406 1.0 0.836352 0.395949 1.0 0.826656 0.418662 1.0 0.803628 0.446827 1.0 0.832716 0.45137 1.0
0 0.944336 0.47877 0.052734 0.105417 0.940734 0.471306 1.0 0.964303 0.475306 1.0 0.954521 0.485306 1.0 0.937622 0.499974 1.0 0.956299 0.509974 1.0
0 0.10791 0.954612 0.024414 0.052709 0.0 0.0 0.0 0.0 0.0 0.0 0.0 0.0 0.0 0.0 0.0 0.0 0.0 0.0 0.0
0 0.353027 0.944363 0.020508 0.032211 0.0 0.0 0.0 0.0 0.0 0.0 0.0 0.0 0.0 0.0 0.0 0.0 0.0 0.0 0.0
0 0.213379 0.929722 0.02832 0.052709 0.0 0.0 0.0 0.0 0.0 0.0 0.0 0.0 0.0 0.0 0.0 0.0 0.0 0.0 0.0
0 0.588867 0.523426 0.023438 0.051245 0.0 0.0 0.0 0.0 0.0 0.0 0.0 0.0 0.0 0.0 0.0 0.0 0.0 0.0 0.0