0 0.954102 0.343923 0.033203 0.044199 0.941223 0.339606 1.0 0.954468 0.335075 1.0 0.942078 0.346555 1.0 0.941864 0.355318 1.0 0.949981 0.353203 1.0
0 0.926758 0.364641 0.025391 0.038674 0.920145 0.362939 1.0 0.930512 0.357377 1.0 0.926043 0.36926 1.0 0.926222 0.378108 1.0 0.934444 0.373809 1.0
0 0.897461 0.573895 0.056641 0.06768 0.877441 0.559552 1.0 0.901394 0.559552 1.0 0.885307 0.571182 1.0 0.878514 0.590395 1.0 0.892099 0.590901 1.0
0 0.950684 0.584945 0.030273 0.04558 0.0 0.0 0.0 0.0 0.0 0.0 0.0 0.0 0.0 0.0 0.0 0.0 0.0 0.0 0.0
0 0.910156 0.411602 0.015625 0.024862 0.912937 0.405362 1.0 0.916099 0.404746 1.0 0.918278 0.409062 1.0 0.914354 0.416307 1.0 0.916861 0.415999 1.0
0 0.787598 0.361878 0.020508 0.033149 0.781952 0.353851 1.0 0.789734 0.353851 1.0 0.783936 0.361188 1.0 0.781342 0.368525 1.0 0.786682 0.368742 1.0
0 0.832031 0.395028 0.019531 0.027624 0.0 0.0 0.0 0.0 0.0 0.0 0.0 0.0 0.0 0.0 0.0 0.0 0.0 0.0 0.0
0 0.741699 0.672652 0.06543 0.104972 0.714644 0.650189 1.0 0.735168 0.658106 1.0 0.715109 0.677899 1.0 0.718375 0.700331 1.0 0.72957 0.70693 1.0
0 0.821777 0.571823 0.02832 0.041436 0.813978 0.572989 1.0 0.826163 0.570072 1.0 0.820727 0.581209 1.0 0.818478 0.586246 1.0 0.824476 0.586776 1.0
0 0.68457 0.589779 0.025391 0.058011 0.680908 0.580258 1.0 0.680385 0.580258 1.0 0.674369 0.586919 1.0 0.677508 0.606896 1.0 0.678031 0.607637 1.0
0 0.751465 0.433011 0.012695 0.023481 0.0 0.0 0.0 0.0 0.0 0.0 0.0 0.0 0.0 0.0 0.0 0.0 0.0 0.0 0.0
0 0.691406 0.404696 0.015625 0.027624 0.0 0.0 0.0 0.0 0.0 0.0 0.0 0.0 0.0 0.0 0.0 0.0 0.0 0.0 0.0
0 0.730469 0.429558 0.011719 0.019337 0.0 0.0 0.0 0.0 0.0 0.0 0.0 0.0 0.0 0.0 0.0 0.0 0.0 0.0 0.0
0 0.672852 0.441989 0.007812 0.013812 0.0 0.0 0.0 0.0 0.0 0.0 0.0 0.0 0.0 0.0 0.0 0.0 0.0 0.0 0.0
0 0.636719 0.416436 0.013672 0.023481 0.632634 0.410733 1.0 0.63841 0.4095 1.0 0.63525 0.415666 1.0 0.633941 0.420445 1.0 0.63841 0.42029 1.0
0 0.621582 0.437845 0.010742 0.019337 0.0 0.0 0.0 0.0 0.0 0.0 0.0 0.0 0.0 0.0 0.0 0.0 0.0 0.0 0.0
0 0.579102 0.425414 0.011719 0.019337 0.575043 0.422134 1.0 0.579529 0.42071 1.0 0.576874 0.424983 1.0 0.575684 0.430421 1.0 0.578888 0.429903 1.0
0 0.541016 0.446823 0.011719 0.017956 0.0 0.0 0.0 0.0 0.0 0.0 0.0 0.0 0.0 0.0 0.0 0.0 0.0 0.0 0.0
0 0.500977 0.444061 0.007812 0.015193 0.0 0.0 0.0 0.0 0.0 0.0 0.0 0.0 0.0 0.0 0.0 0.0 0.0 0.0 0.0
0 0.491699 0.457873 0.006836 0.012431 0.0 0.0 0.0 0.0 0.0 0.0 0.0 0.0 0.0 0.0 0.0 0.0 0.0 0.0 0.0
0 0.618164 0.54489 0.021484 0.031768 0.610569 0.542855 1.0 0.617907 0.542855 1.0 0.613447 0.55018 1.0 0.612296 0.555674 1.0 0.616899 0.555471 1.0
0 0.609863 0.520718 0.012695 0.019337 0.0 0.0 0.0 0.0 0.0 0.0 0.0 0.0 0.0 0.0 0.0 0.0 0.0 0.0 0.0
0 0.566406 0.531768 0.015625 0.024862 0.0 0.0 0.0 0.0 0.0 0.0 0.0 0.0 0.0 0.0 0.0 0.0 0.0 0.0 0.0
0 0.538086 0.531077 0.015625 0.026243 0.0 0.0 0.0 0.0 0.0 0.0 0.0 0.0 0.0 0.0 0.0 0.0 0.0 0.0 0.0
0 0.545898 0.611188 0.029297 0.048343 0.535436 0.606181 1.0 0.541757 0.607106 1.0 0.536525 0.616663 1.0 0.54132 0.625296 1.0 0.544809 0.624988 1.0
0 0.510742 0.551796 0.023438 0.042818 0.503069 0.543508 1.0 0.509591 0.542965 1.0 0.502877 0.552733 1.0 0.503069 0.561144 1.0 0.50844 0.560872 1.0
0 0.492676 0.53384 0.016602 0.026243 0.0 0.0 0.0 0.0 0.0 0.0 0.0 0.0 0.0 0.0 0.0 0.0 0.0 0.0 0.0
0 0.469727 0.549724 0.023438 0.038674 0.464913 0.543656 1.0 0.475202 0.542916 1.0 0.469447 0.552043 1.0 0.464042 0.559195 1.0 0.475377 0.559195 1.0
0 0.429199 0.458564 0.006836 0.01105 0.0 0.0 0.0 0.0 0.0 0.0 0.0 0.0 0.0 0.0 0.0 0.0 0.0 0.0 0.0
0 0.434082 0.457182 0.008789 0.01105 0.0 0.0 0.0 0.0 0.0 0.0 0.0 0.0 0.0 0.0 0.0 0.0 0.0 0.0 0.0
0 0.469238 0.470304 0.006836 0.012431 0.0 0.0 0.0 0.0 0.0 0.0 0.0 0.0 0.0 0.0 0.0 0.0 0.0 0.0 0.0
0 0.462402 0.467541 0.004883 0.009669 0.0 0.0 0.0 0.0 0.0 0.0 0.0 0.0 0.0 0.0 0.0 0.0 0.0 0.0 0.0
0 0.447754 0.458564 0.006836 0.013812 0.0 0.0 0.0 0.0 0.0 0.0 0.0 0.0 0.0 0.0 0.0 0.0 0.0 0.0 0.0
0 0.352051 0.476519 0.004883 0.008287 0.0 0.0 0.0 0.0 0.0 0.0 0.0 0.0 0.0 0.0 0.0 0.0 0.0 0.0 0.0
0 0.286133 0.467541 0.005859 0.009669 0.0 0.0 0.0 0.0 0.0 0.0 0.0 0.0 0.0 0.0 0.0 0.0 0.0 0.0 0.0
0 0.273926 0.479282 0.006836 0.01105 0.0 0.0 0.0 0.0 0.0 0.0 0.0 0.0 0.0 0.0 0.0 0.0 0.0 0.0 0.0
0 0.300293 0.476519 0.006836 0.01105 0.0 0.0 0.0 0.0 0.0 0.0 0.0 0.0 0.0 0.0 0.0 0.0 0.0 0.0 0.0
0 0.119141 0.458564 0.007812 0.013812 0.0 0.0 0.0 0.0 0.0 0.0 0.0 0.0 0.0 0.0 0.0 0.0 0.0 0.0 0.0
0 0.088867 0.459945 0.007812 0.01105 0.0 0.0 0.0 0.0 0.0 0.0 0.0 0.0 0.0 0.0 0.0 0.0 0.0 0.0 0.0
0 0.157227 0.462707 0.005859 0.01105 0.0 0.0 0.0 0.0 0.0 0.0 0.0 0.0 0.0 0.0 0.0 0.0 0.0 0.0 0.0
0 0.183594 0.474448 0.005859 0.009669 0.0 0.0 0.0 0.0 0.0 0.0 0.0 0.0 0.0 0.0 0.0 0.0 0.0 0.0 0.0
0 0.141113 0.474448 0.006836 0.009669 0.0 0.0 0.0 0.0 0.0 0.0 0.0 0.0 0.0 0.0 0.0 0.0 0.0 0.0 0.0
0 0.193848 0.54489 0.012695 0.023481 0.0 0.0 0.0 0.0 0.0 0.0 0.0 0.0 0.0 0.0 0.0 0.0 0.0 0.0 0.0
0 0.108887 0.531077 0.010742 0.015193 0.0 0.0 0.0 0.0 0.0 0.0 0.0 0.0 0.0 0.0 0.0 0.0 0.0 0.0 0.0
0 0.196777 0.481354 0.004883 0.009669 0.0 0.0 0.0 0.0 0.0 0.0 0.0 0.0 0.0 0.0 0.0 0.0 0.0 0.0 0.0
0 0.356934 0.544199 0.014648 0.030387 0.354771 0.538477 1.0 0.355748 0.538872 1.0 0.349889 0.544594 1.0 0.352539 0.552881 1.0 0.353236 0.553079 1.0
0 0.337402 0.535221 0.008789 0.015193 0.0 0.0 0.0 0.0 0.0 0.0 0.0 0.0 0.0 0.0 0.0 0.0 0.0 0.0 0.0
0 0.383301 0.533149 0.008789 0.016575 0.0 0.0 0.0 0.0 0.0 0.0 0.0 0.0 0.0 0.0 0.0 0.0 0.0 0.0 0.0
0 0.39502 0.558702 0.014648 0.029006 0.0 0.0 0.0 0.0 0.0 0.0 0.0 0.0 0.0 0.0 0.0 0.0 0.0 0.0 0.0
0 0.443848 0.550414 0.006836 0.017956 0.0 0.0 0.0 0.0 0.0 0.0 0.0 0.0 0.0 0.0 0.0 0.0 0.0 0.0 0.0
0 0.244141 0.547652 0.013672 0.020718 0.238944 0.546283 1.0 0.243932 0.546011 1.0 0.239903 0.551573 1.0 0.239231 0.555914 1.0 0.242685 0.555914 1.0
0 0.267578 0.526934 0.007812 0.015193 0.0 0.0 0.0 0.0 0.0 0.0 0.0 0.0 0.0 0.0 0.0 0.0 0.0 0.0 0.0
0 0.285645 0.535221 0.008789 0.017956 0.0 0.0 0.0 0.0 0.0 0.0 0.0 0.0 0.0 0.0 0.0 0.0 0.0 0.0 0.0
0 0.277832 0.649171 0.041992 0.074586 0.271711 0.651983 1.0 0.274693 0.651514 1.0 0.272705 0.666041 1.0 0.282977 0.678695 1.0 0.283639 0.67682 1.0
0 0.430176 0.677486 0.053711 0.073204 0.412345 0.669309 1.0 0.423227 0.673157 1.0 0.405884 0.687586 1.0 0.414726 0.698167 1.0 0.421187 0.701052 1.0
0 0.01709 0.606354 0.03418 0.063536 0.0 0.0 0.0 0.0 0.0 0.0 0.0 0.0 0.0 0.0 0.0 0.0 0.0 0.0 0.0
0 0.009766 0.552486 0.011719 0.016575 0.0 0.0 0.0 0.0 0.0 0.0 0.0 0.0 0.0 0.0 0.0 0.0 0.0 0.0 0.0
0 0.619141 0.41989 0.007812 0.016575 0.0 0.0 0.0 0.0 0.0 0.0 0.0 0.0 0.0 0.0 0.0 0.0 0.0 0.0 0.0
0 0.746094 0.558702 0.019531 0.03453 0.0 0.0 0.0 0.0 0.0 0.0 0.0 0.0 0.0 0.0 0.0 0.0 0.0 0.0 0.0
0 0.240723 0.520028 0.008789 0.015193 0.0 0.0 0.0 0.0 0.0 0.0 0.0 0.0 0.0 0.0 0.0 0.0 0.0 0.0 0.0
0 0.208984 0.549724 0.013672 0.024862 0.0 0.0 0.0 0.0 0.0 0.0 0.0 0.0 0.0 0.0 0.0 0.0 0.0 0.0 0.0
0 0.875977 0.375 0.021484 0.029006 0.0 0.0 0.0 0.0 0.0 0.0 0.0 0.0 0.0 0.0 0.0 0.0 0.0 0.0 0.0