0 0.141113 0.555469 0.018555 0.032813 0.136436 0.549148 1.0 0.14495 0.548933 1.0 0.14022 0.556502 1.0 0.137517 0.56342 1.0 0.143328 0.56342 1.0
0 0.332031 0.538281 0.021484 0.039062 0.328321 0.534927 1.0 0.334612 0.533636 1.0 0.331547 0.541894 1.0 0.328482 0.548863 1.0 0.335419 0.548863 1.0
0 0.196777 0.461719 0.014648 0.023438 0.0 0.0 0.0 0.0 0.0 0.0 0.0 0.0 0.0 0.0 0.0 0.0 0.0 0.0 0.0
0 0.083984 0.505469 0.013672 0.023438 0.080078 0.501563 1.0 0.083008 0.503125 1.0 0.079102 0.509375 1.0 0.081055 0.515625 1.0 0.082031 0.515625 1.0
0 0.885742 0.547656 0.021484 0.039062 0.88433 0.543108 1.0 0.892805 0.54135 1.0 0.889823 0.549889 1.0 0.885742 0.557422 1.0 0.893119 0.556669 1.0
0 0.95166 0.516406 0.012695 0.032813 0.0 0.0 0.0 0.0 0.0 0.0 0.0 0.0 0.0 0.0 0.0 0.0 0.0 0.0 0.0
0 0.944824 0.439844 0.008789 0.014063 0.944336 0.4375 1.0 0.948242 0.434375 1.0 0.948242 0.439063 1.0 0.945312 0.44375 1.0 0.948242 0.44375 1.0
0 0.913086 0.473438 0.011719 0.025 0.0 0.0 0.0 0.0 0.0 0.0 0.0 0.0 0.0 0.0 0.0 0.0 0.0 0.0 0.0
0 0.989258 0.436719 0.009766 0.017188 0.987305 0.435937 1.0 0.990234 0.434375 1.0 0.988281 0.439063 1.0 0.987305 0.442188 1.0 0.990234 0.442188 1.0
0 0.42041 0.097656 0.014648 0.026562 0.423828 0.092188 1.0 0.428711 0.095312 1.0 0.425781 0.098437 1.0 0.422852 0.101562 1.0 0.425781 0.104688 1.0
0 0.564453 0.514062 0.021484 0.04375 0.566646 0.511852 1.0 0.573081 0.510708 1.0 0.573617 0.519859 1.0 0.567183 0.528439 1.0 0.572366 0.527867 1.0