0 0.631348 0.851689 0.020508 0.032305 0.629046 0.843298 1.0 0.637556 0.848962 1.0 0.631836 0.853787 1.0 0.626953 0.856514 1.0 0.632115 0.861129 1.0
0 0.550781 0.818649 0.019531 0.036711 0.55263 0.812959 1.0 0.558437 0.813667 1.0 0.557495 0.821455 1.0 0.554513 0.827119 1.0 0.555141 0.827119 1.0
0 0.529785 0.753304 0.012695 0.032305 0.0 0.0 0.0 0.0 0.0 0.0 0.0 0.0 0.0 0.0 0.0 0.0 0.0 0.0 0.0
0 0.548828 0.756975 0.009766 0.022026 0.0 0.0 0.0 0.0 0.0 0.0 0.0 0.0 0.0 0.0 0.0 0.0 0.0 0.0 0.0
0 0.484863 0.751836 0.014648 0.026432 0.0 0.0 0.0 0.0 0.0 0.0 0.0 0.0 0.0 0.0 0.0 0.0 0.0 0.0 0.0
0 0.491699 0.716593 0.010742 0.020558 0.492048 0.712529 1.0 0.496844 0.712135 1.0 0.496844 0.718166 1.0 0.493966 0.722493 1.0 0.497628 0.721706 1.0
0 0.467773 0.698972 0.007812 0.017621 0.0 0.0 0.0 0.0 0.0 0.0 0.0 0.0 0.0 0.0 0.0 0.0 0.0 0.0 0.0
0 0.415527 0.706314 0.016602 0.035242 0.412934 0.700532 1.0 0.421631 0.702367 1.0 0.417358 0.707874 1.0 0.415375 0.716593 1.0 0.418427 0.717051 1.0
0 0.428711 0.676946 0.007812 0.017621 0.0 0.0 0.0 0.0 0.0 0.0 0.0 0.0 0.0 0.0 0.0 0.0 0.0 0.0 0.0
0 0.401855 0.676946 0.012695 0.023495 0.0 0.0 0.0 0.0 0.0 0.0 0.0 0.0 0.0 0.0 0.0 0.0 0.0 0.0 0.0
0 0.390625 0.66373 0.007812 0.011747 0.0 0.0 0.0 0.0 0.0 0.0 0.0 0.0 0.0 0.0 0.0 0.0 0.0 0.0 0.0
0 0.410645 0.666667 0.006836 0.014684 0.41272 0.667401 1.0 0.415283 0.667401 1.0 0.414551 0.670429 1.0 0.412537 0.67254 1.0 0.414307 0.67254 1.0
0 0.60498 0.792952 0.008789 0.020558 0.0 0.0 0.0 0.0 0.0 0.0 0.0 0.0 0.0 0.0 0.0 0.0 0.0 0.0 0.0