0 0.949707 0.230826 0.038086 0.081121 0.937316 0.214681 1.0 0.947179 0.216221 1.0 0.936297 0.23163 1.0 0.935616 0.244469 1.0 0.944118 0.246524 1.0
0 0.793945 0.199115 0.068359 0.144543 0.778308 0.159022 1.0 0.780125 0.159938 1.0 0.761945 0.196547 1.0 0.77952 0.232242 1.0 0.781337 0.233156 1.0
0 0.687988 0.213864 0.036133 0.109145 0.678803 0.191003 1.0 0.681549 0.19446 1.0 0.671021 0.211743 1.0 0.67331 0.240782 1.0 0.676056 0.245621 1.0
0 0.580078 0.279499 0.025391 0.060472 0.571289 0.271386 1.0 0.571289 0.271386 1.0 0.569336 0.283186 1.0 0.577148 0.300885 1.0 0.578125 0.29941 1.0
0 0.542969 0.251475 0.015625 0.042773 0.537476 0.24433 1.0 0.539799 0.246221 1.0 0.534794 0.25405 1.0 0.537654 0.262959 1.0 0.539979 0.264308 1.0
0 0.493652 0.232301 0.02832 0.063422 0.48625 0.218776 1.0 0.488377 0.217973 1.0 0.479069 0.22922 1.0 0.482792 0.244081 1.0 0.487313 0.242473 1.0
0 0.452637 0.249263 0.020508 0.067847 0.44648 0.242962 1.0 0.447331 0.243389 1.0 0.443363 0.255801 1.0 0.446765 0.267357 1.0 0.448465 0.26864 1.0
0 0.425293 0.24705 0.022461 0.048673 0.417428 0.239386 1.0 0.420707 0.240004 1.0 0.416199 0.247742 1.0 0.417224 0.259192 1.0 0.419272 0.260429 1.0
0 0.380859 0.268437 0.013672 0.047198 0.377376 0.256249 1.0 0.37922 0.256558 1.0 0.374917 0.266152 1.0 0.377786 0.277602 1.0 0.379016 0.277602 1.0
0 0.349121 0.241888 0.018555 0.053097 0.345075 0.225111 1.0 0.345982 0.226137 1.0 0.340541 0.234013 1.0 0.343035 0.24942 1.0 0.343941 0.250105 1.0
0 0.305176 0.238938 0.016602 0.032448 0.300145 0.23101 1.0 0.30447 0.230602 1.0 0.30001 0.238358 1.0 0.299874 0.245503 1.0 0.305956 0.245503 1.0
0 0.277832 0.255162 0.020508 0.044248 0.269657 0.245647 1.0 0.276594 0.245931 1.0 0.269096 0.254991 1.0 0.27097 0.265184 1.0 0.277344 0.266599 1.0
0 0.242188 0.256637 0.017578 0.038348 0.236328 0.247788 1.0 0.239258 0.249263 1.0 0.235352 0.253687 1.0 0.235352 0.264012 1.0 0.239258 0.264012 1.0
0 0.213867 0.24115 0.017578 0.030973 0.206403 0.235844 1.0 0.210863 0.234414 1.0 0.207079 0.244824 1.0 0.211269 0.250743 1.0 0.214242 0.249723 1.0
0 0.177734 0.252212 0.017578 0.029499 0.171286 0.251857 1.0 0.177355 0.250711 1.0 0.173815 0.260068 1.0 0.173563 0.266178 1.0 0.177355 0.265223 1.0
0 0.146484 0.25 0.019531 0.030973 0.14059 0.246735 1.0 0.147077 0.244285 1.0 0.144104 0.25245 1.0 0.143158 0.258981 1.0 0.150186 0.255919 1.0
0 0.098145 0.256637 0.018555 0.029499 0.095363 0.254372 1.0 0.103455 0.252653 1.0 0.100041 0.259718 1.0 0.098523 0.26392 1.0 0.103455 0.262965 1.0
0 0.07666 0.318584 0.014648 0.020649 0.074638 0.315252 1.0 0.075692 0.315252 1.0 0.072335 0.319164 1.0 0.074445 0.324813 1.0 0.075117 0.324813 1.0
0 0.025879 0.325221 0.016602 0.025074 0.020377 0.322265 1.0 0.026698 0.322265 1.0 0.024083 0.328684 1.0 0.024846 0.333953 1.0 0.02768 0.332799 1.0
0 0.065918 0.269912 0.016602 0.029499 0.059806 0.264381 1.0 0.064906 0.264578 1.0 0.061898 0.271886 1.0 0.062422 0.27564 1.0 0.066606 0.277615 1.0
0 0.055664 0.250737 0.013672 0.023599 0.050781 0.245364 1.0 0.055699 0.245522 1.0 0.053083 0.251211 1.0 0.051723 0.257059 1.0 0.056327 0.256901 1.0
0 0.032715 0.256637 0.012695 0.020649 0.0 0.0 0.0 0.0 0.0 0.0 0.0 0.0 0.0 0.0 0.0 0.0 0.0 0.0 0.0
0 0.02002 0.245575 0.010742 0.022124 0.010742 0.240413 1.0 0.015625 0.238938 1.0 0.010742 0.246313 1.0 0.009766 0.249263 1.0 0.015625 0.249263 1.0