0 0.027344 0.497179 0.050781 0.131171 0.004979 0.482571 1.0 0.03125 0.489169 1.0 0.014687 0.51309 1.0 0.002694 0.520515 1.0 0.03639 0.520515 1.0
0 0.098145 0.331453 0.047852 0.093089 0.085493 0.312594 1.0 0.105766 0.315522 1.0 0.092791 0.331918 1.0 0.085087 0.34363 1.0 0.096034 0.343045 1.0
0 0.023438 0.674894 0.042969 0.145275 0.0 0.0 0.0 0.0 0.0 0.0 0.0 0.0 0.0 0.0 0.0 0.0 0.0 0.0 0.0
0 0.15332 0.813117 0.166016 0.300423 0.131932 0.790474 1.0 0.19832 0.785148 1.0 0.161438 0.838417 1.0 0.13562 0.897013 1.0 0.19832 0.897013 1.0
0 0.277344 0.601551 0.0625 0.122708 0.0 0.0 0.0 0.0 0.0 0.0 0.0 0.0 0.0 0.0 0.0 0.0 0.0 0.0 0.0
0 0.40332 0.696756 0.154297 0.276446 0.384138 0.63891 1.0 0.454873 0.65103 1.0 0.427299 0.683929 1.0 0.391331 0.746267 1.0 0.445282 0.749729 1.0
0 0.48291 0.569817 0.049805 0.081805 0.0 0.0 0.0 0.0 0.0 0.0 0.0 0.0 0.0 0.0 0.0 0.0 0.0 0.0 0.0
0 0.384766 0.531735 0.066406 0.121298 0.0 0.0 0.0 0.0 0.0 0.0 0.0 0.0 0.0 0.0 0.0 0.0 0.0 0.0 0.0
0 0.689941 0.617772 0.061523 0.126939 0.677207 0.610669 1.0 0.702676 0.60747 1.0 0.691603 0.638657 1.0 0.685512 0.65385 1.0 0.700461 0.651451 1.0
0 0.851562 0.679126 0.076172 0.133992 0.821158 0.641724 1.0 0.843523 0.645975 1.0 0.817627 0.671475 1.0 0.825867 0.696976 1.0 0.84058 0.700377 1.0
0 0.752441 0.8378 0.15332 0.313117 0.743652 0.808181 1.0 0.810059 0.815031 1.0 0.785156 0.869836 1.0 0.743652 0.919505 1.0 0.799386 0.924642 1.0