0 0.472656 0.590278 0.066406 0.152778 0.454729 0.573908 1.0 0.485792 0.567127 1.0 0.470533 0.59716 1.0 0.461269 0.631069 1.0 0.487972 0.623318 1.0
0 0.568359 0.543403 0.050781 0.076389 0.563416 0.536311 1.0 0.588876 0.530087 1.0 0.576146 0.567429 1.0 0.565325 0.569127 1.0 0.582829 0.567995 1.0
0 0.789551 0.456597 0.06543 0.142361 0.768359 0.426667 1.0 0.783779 0.433715 1.0 0.765215 0.462222 1.0 0.771162 0.488993 1.0 0.783076 0.493264 1.0
0 0.763672 0.426215 0.052734 0.126736 0.768171 0.427766 1.0 0.779053 0.431795 1.0 0.76001 0.468873 1.0 0.778146 0.497085 1.0 0.783587 0.497892 1.0
0 0.864258 0.278646 0.050781 0.098958 0.854353 0.269097 1.0 0.878418 0.264137 1.0 0.869001 0.282738 1.0 0.859584 0.30816 1.0 0.879464 0.300099 1.0
0 0.685547 0.391493 0.048828 0.092014 0.66832 0.3725 1.0 0.686719 0.376059 1.0 0.67082 0.394809 1.0 0.668896 0.412882 1.0 0.683174 0.415312 1.0
0 0.661133 0.403646 0.035156 0.071181 0.648254 0.399182 1.0 0.656093 0.395585 1.0 0.648002 0.412667 1.0 0.651289 0.434245 1.0 0.660645 0.430649 1.0
0 0.62793 0.413194 0.03125 0.072917 0.0 0.0 0.0 0.0 0.0 0.0 0.0 0.0 0.0 0.0 0.0 0.0 0.0 0.0 0.0
0 0.316895 0.453993 0.055664 0.119792 0.296326 0.434135 1.0 0.308716 0.434135 1.0 0.291626 0.461479 1.0 0.303589 0.485026 1.0 0.315979 0.485785 1.0
0 0.215332 0.492188 0.043945 0.095486 0.195801 0.474997 1.0 0.207022 0.475601 1.0 0.19648 0.498575 1.0 0.200222 0.514292 1.0 0.208383 0.514896 1.0
0 0.106934 0.512153 0.049805 0.107639 0.085964 0.493078 1.0 0.101894 0.493078 1.0 0.083687 0.517354 1.0 0.08748 0.538257 1.0 0.098859 0.538931 1.0
0 0.028809 0.451389 0.024414 0.048611 0.0 0.0 0.0 0.0 0.0 0.0 0.0 0.0 0.0 0.0 0.0 0.0 0.0 0.0 0.0
0 0.215332 0.421007 0.032227 0.067708 0.0 0.0 0.0 0.0 0.0 0.0 0.0 0.0 0.0 0.0 0.0 0.0 0.0 0.0 0.0
0 0.44043 0.356771 0.029297 0.060764 0.432312 0.353965 1.0 0.444301 0.348153 1.0 0.438416 0.367528 1.0 0.438197 0.379542 1.0 0.448661 0.37528 1.0
0 0.80957 0.259549 0.027344 0.057292 0.804269 0.25496 1.0 0.817662 0.253844 1.0 0.811384 0.265005 1.0 0.807617 0.276165 1.0 0.814732 0.276165 1.0
0 0.980957 0.340278 0.038086 0.125 0.974609 0.326049 1.0 0.998622 0.317352 1.0 0.994176 0.345812 1.0 0.981725 0.378224 1.0 0.998622 0.369528 1.0
0 0.944336 0.222222 0.035156 0.083333 0.94751 0.210627 1.0 0.961739 0.210101 1.0 0.960258 0.22433 1.0 0.949288 0.243304 1.0 0.957886 0.24225 1.0
0 0.913574 0.25 0.022461 0.048611 0.905399 0.243729 1.0 0.913622 0.244047 1.0 0.908438 0.257076 1.0 0.90683 0.266609 1.0 0.915052 0.26788 1.0
0 0.749023 0.219618 0.023438 0.053819 0.0 0.0 0.0 0.0 0.0 0.0 0.0 0.0 0.0 0.0 0.0 0.0 0.0 0.0 0.0
0 0.668457 0.243924 0.020508 0.046875 0.0 0.0 0.0 0.0 0.0 0.0 0.0 0.0 0.0 0.0 0.0 0.0 0.0 0.0 0.0
0 0.777832 0.195312 0.016602 0.046875 0.772583 0.194708 1.0 0.781425 0.1938 1.0 0.775644 0.207403 1.0 0.773943 0.21496 1.0 0.780744 0.214356 1.0
0 0.94873 0.150174 0.024414 0.050347 0.940914 0.145578 1.0 0.950029 0.14399 1.0 0.945561 0.155111 1.0 0.945024 0.165597 1.0 0.950029 0.162102 1.0
0 0.84082 0.240451 0.035156 0.085069 0.0 0.0 0.0 0.0 0.0 0.0 0.0 0.0 0.0 0.0 0.0 0.0 0.0 0.0 0.0
0 0.522949 0.236111 0.018555 0.045139 0.0 0.0 0.0 0.0 0.0 0.0 0.0 0.0 0.0 0.0 0.0 0.0 0.0 0.0 0.0
0 0.321777 0.331597 0.030273 0.0625 0.0 0.0 0.0 0.0 0.0 0.0 0.0 0.0 0.0 0.0 0.0 0.0 0.0 0.0 0.0
0 0.174805 0.491319 0.025391 0.059028 0.0 0.0 0.0 0.0 0.0 0.0 0.0 0.0 0.0 0.0 0.0 0.0 0.0 0.0 0.0
0 0.47998 0.382812 0.040039 0.092014 0.46657 0.361917 1.0 0.471209 0.368986 1.0 0.457293 0.380177 1.0 0.466239 0.40374 1.0 0.472865 0.403149 1.0
0 0.574707 0.706597 0.038086 0.079861 0.0 0.0 0.0 0.0 0.0 0.0 0.0 0.0 0.0 0.0 0.0 0.0 0.0 0.0 0.0
0 0.865234 0.112847 0.019531 0.041667 0.0 0.0 0.0 0.0 0.0 0.0 0.0 0.0 0.0 0.0 0.0 0.0 0.0 0.0 0.0
0 0.738281 0.109375 0.015625 0.034722 0.0 0.0 0.0 0.0 0.0 0.0 0.0 0.0 0.0 0.0 0.0 0.0 0.0 0.0 0.0
0 0.154785 0.336806 0.016602 0.034722 0.0 0.0 0.0 0.0 0.0 0.0 0.0 0.0 0.0 0.0 0.0 0.0 0.0 0.0 0.0