0 0.804199 0.131944 0.045898 0.100694 0.784895 0.114149 1.0 0.801697 0.117962 1.0 0.78275 0.138936 1.0 0.783107 0.159273 1.0 0.791687 0.163722 1.0
0 0.861328 0.119792 0.048828 0.09375 0.842948 0.116257 1.0 0.865147 0.106243 1.0 0.848249 0.130394 1.0 0.845268 0.151599 1.0 0.858521 0.147476 1.0
0 0.669434 0.322917 0.063477 0.107639 0.644078 0.297806 1.0 0.668144 0.32704 1.0 0.640869 0.338448 1.0 0.643275 0.35271 1.0 0.660522 0.369109 1.0
0 0.643066 0.109375 0.038086 0.079861 0.0 0.0 0.0 0.0 0.0 0.0 0.0 0.0 0.0 0.0 0.0 0.0 0.0 0.0 0.0
0 0.682617 0.071181 0.033203 0.097222 0.0 0.0 0.0 0.0 0.0 0.0 0.0 0.0 0.0 0.0 0.0 0.0 0.0 0.0 0.0
0 0.506836 0.116319 0.023438 0.072917 0.0 0.0 0.0 0.0 0.0 0.0 0.0 0.0 0.0 0.0 0.0 0.0 0.0 0.0 0.0
0 0.581543 0.164931 0.02832 0.059028 0.571015 0.154188 1.0 0.581695 0.153809 1.0 0.574646 0.169759 1.0 0.571869 0.181153 1.0 0.580627 0.180773 1.0
0 0.456543 0.189236 0.02832 0.0625 0.444536 0.1773 1.0 0.448761 0.177696 1.0 0.444536 0.188764 1.0 0.444759 0.199832 1.0 0.452096 0.19746 1.0
0 0.390137 0.209201 0.02832 0.060764 0.381095 0.199807 1.0 0.395046 0.19787 1.0 0.387635 0.213759 1.0 0.385454 0.227323 1.0 0.395264 0.224222 1.0
0 0.416504 0.186632 0.018555 0.050347 0.0 0.0 0.0 0.0 0.0 0.0 0.0 0.0 0.0 0.0 0.0 0.0 0.0 0.0 0.0
0 0.320801 0.287326 0.06543 0.130208 0.0 0.0 0.0 0.0 0.0 0.0 0.0 0.0 0.0 0.0 0.0 0.0 0.0 0.0 0.0
0 0.440918 0.510417 0.053711 0.121528 0.42964 0.46351 1.0 0.436545 0.490366 1.0 0.41367 0.488064 1.0 0.408491 0.507247 1.0 0.414533 0.51799 1.0
0 0.166992 0.233507 0.091797 0.189236 0.184631 0.201606 1.0 0.197388 0.187283 1.0 0.211486 0.22667 1.0 0.192688 0.27322 1.0 0.200744 0.258898 1.0
0 0.756348 0.145833 0.02832 0.072917 0.0 0.0 0.0 0.0 0.0 0.0 0.0 0.0 0.0 0.0 0.0 0.0 0.0 0.0 0.0