0 0.036133 0.456738 0.011719 0.022695 0.03384 0.45297 1.0 0.038753 0.45297 1.0 0.035845 0.45865 1.0 0.03404 0.462291 1.0 0.03775 0.462145 1.0
0 0.081543 0.446809 0.010742 0.014184 0.079102 0.44539 1.0 0.083984 0.44539 1.0 0.082031 0.448227 1.0 0.080078 0.453901 1.0 0.083008 0.452482 1.0
0 0.118164 0.439007 0.011719 0.032624 0.119891 0.439634 1.0 0.124207 0.439216 1.0 0.123199 0.445485 1.0 0.119603 0.449037 1.0 0.122336 0.449247 1.0
0 0.175293 0.449645 0.020508 0.036879 0.171151 0.445313 1.0 0.182582 0.445074 1.0 0.176949 0.454458 1.0 0.172808 0.461435 1.0 0.180429 0.461196 1.0
0 0.199219 0.462411 0.019531 0.028369 0.197266 0.455319 1.0 0.207031 0.453901 1.0 0.203125 0.466667 1.0 0.198242 0.475177 1.0 0.206055 0.473759 1.0
0 0.293457 0.456738 0.018555 0.036879 0.291992 0.453901 1.0 0.299805 0.452482 1.0 0.297852 0.459574 1.0 0.292969 0.468085 1.0 0.299805 0.468085 1.0
0 0.375488 0.467376 0.020508 0.043972 0.373954 0.463044 1.0 0.384313 0.463323 1.0 0.380476 0.47196 1.0 0.37568 0.480597 1.0 0.38297 0.480319 1.0
0 0.413086 0.459574 0.017578 0.042553 0.414285 0.455597 1.0 0.421221 0.461861 1.0 0.417659 0.464583 1.0 0.411285 0.470301 1.0 0.415972 0.47493 1.0
0 0.464355 0.451064 0.012695 0.028369 0.0 0.0 0.0 0.0 0.0 0.0 0.0 0.0 0.0 0.0 0.0 0.0 0.0 0.0 0.0
0 0.482422 0.473759 0.017578 0.034043 0.475189 0.466623 1.0 0.480987 0.467065 1.0 0.474579 0.47438 1.0 0.474731 0.484796 1.0 0.478546 0.485018 1.0
0 0.544434 0.437589 0.016602 0.029787 0.541016 0.429787 1.0 0.549805 0.428369 1.0 0.545898 0.438298 1.0 0.541016 0.443972 1.0 0.548828 0.443972 1.0
0 0.592773 0.456028 0.023438 0.049645 0.59021 0.452153 1.0 0.600891 0.452153 1.0 0.596313 0.460702 1.0 0.590428 0.469567 1.0 0.598493 0.4702 1.0
0 0.679199 0.47305 0.014648 0.032624 0.673828 0.466667 1.0 0.681641 0.465248 1.0 0.675781 0.47234 1.0 0.675781 0.479433 1.0 0.681641 0.479433 1.0
0 0.720703 0.456738 0.019531 0.034043 0.716509 0.450709 1.0 0.724958 0.450494 1.0 0.721104 0.460828 1.0 0.718881 0.466211 1.0 0.724662 0.466426 1.0
0 0.751465 0.492908 0.022461 0.038298 0.750104 0.485006 1.0 0.758946 0.486487 1.0 0.754186 0.4976 1.0 0.749935 0.501799 1.0 0.756396 0.503033 1.0
0 0.824219 0.478014 0.015625 0.036879 0.823242 0.473759 1.0 0.832031 0.47234 1.0 0.831055 0.480851 1.0 0.826172 0.489362 1.0 0.833008 0.487943 1.0
0 0.870117 0.42695 0.009766 0.019858 0.864258 0.424113 1.0 0.868164 0.425532 1.0 0.864258 0.431206 1.0 0.866211 0.434043 1.0 0.869141 0.434043 1.0
0 0.962891 0.435461 0.021484 0.039716 0.957031 0.42695 1.0 0.963867 0.429787 1.0 0.958008 0.435461 1.0 0.953125 0.44539 1.0 0.960938 0.448227 1.0
0 0.848145 0.404255 0.006836 0.011348 0.0 0.0 0.0 0.0 0.0 0.0 0.0 0.0 0.0 0.0 0.0 0.0 0.0 0.0 0.0
0 0.625977 0.443262 0.013672 0.035461 0.624023 0.441135 1.0 0.628906 0.439716 1.0 0.629883 0.448227 1.0 0.625 0.456738 1.0 0.629883 0.455319 1.0
0 0.610352 0.437589 0.011719 0.035461 0.0 0.0 0.0 0.0 0.0 0.0 0.0 0.0 0.0 0.0 0.0 0.0 0.0 0.0 0.0
0 0.555176 0.448936 0.012695 0.01844 0.0 0.0 0.0 0.0 0.0 0.0 0.0 0.0 0.0 0.0 0.0 0.0 0.0 0.0 0.0
0 0.573242 0.440426 0.013672 0.024113 0.0 0.0 0.0 0.0 0.0 0.0 0.0 0.0 0.0 0.0 0.0 0.0 0.0 0.0 0.0
0 0.506836 0.446809 0.009766 0.022695 0.0 0.0 0.0 0.0 0.0 0.0 0.0 0.0 0.0 0.0 0.0 0.0 0.0 0.0 0.0
0 0.518066 0.449645 0.006836 0.014184 0.0 0.0 0.0 0.0 0.0 0.0 0.0 0.0 0.0 0.0 0.0 0.0 0.0 0.0 0.0
0 0.486816 0.432624 0.010742 0.017021 0.0 0.0 0.0 0.0 0.0 0.0 0.0 0.0 0.0 0.0 0.0 0.0 0.0 0.0 0.0
0 0.47998 0.42695 0.008789 0.014184 0.0 0.0 0.0 0.0 0.0 0.0 0.0 0.0 0.0 0.0 0.0 0.0 0.0 0.0 0.0
0 0.437988 0.443972 0.008789 0.017021 0.0 0.0 0.0 0.0 0.0 0.0 0.0 0.0 0.0 0.0 0.0 0.0 0.0 0.0 0.0
0 0.399414 0.432624 0.011719 0.019858 0.0 0.0 0.0 0.0 0.0 0.0 0.0 0.0 0.0 0.0 0.0 0.0 0.0 0.0 0.0
0 0.371094 0.431915 0.013672 0.021277 0.0 0.0 0.0 0.0 0.0 0.0 0.0 0.0 0.0 0.0 0.0 0.0 0.0 0.0 0.0
0 0.34082 0.463121 0.007812 0.01844 0.337891 0.462411 1.0 0.342773 0.462411 1.0 0.337891 0.466667 1.0 0.339844 0.47234 1.0 0.34375 0.470922 1.0
0 0.327637 0.467376 0.008789 0.021277 0.328125 0.46383 1.0 0.331055 0.46383 1.0 0.331055 0.469504 1.0 0.325195 0.476596 1.0 0.329102 0.473759 1.0
0 0.340332 0.432624 0.008789 0.011348 0.0 0.0 0.0 0.0 0.0 0.0 0.0 0.0 0.0 0.0 0.0 0.0 0.0 0.0 0.0
0 0.305664 0.424113 0.007812 0.011348 0.0 0.0 0.0 0.0 0.0 0.0 0.0 0.0 0.0 0.0 0.0 0.0 0.0 0.0 0.0
0 0.296875 0.420567 0.005859 0.009929 0.0 0.0 0.0 0.0 0.0 0.0 0.0 0.0 0.0 0.0 0.0 0.0 0.0 0.0 0.0
0 0.267578 0.443262 0.011719 0.021277 0.0 0.0 0.0 0.0 0.0 0.0 0.0 0.0 0.0 0.0 0.0 0.0 0.0 0.0 0.0
0 0.248047 0.451773 0.009766 0.012766 0.0 0.0 0.0 0.0 0.0 0.0 0.0 0.0 0.0 0.0 0.0 0.0 0.0 0.0 0.0
0 0.256348 0.448227 0.006836 0.014184 0.0 0.0 0.0 0.0 0.0 0.0 0.0 0.0 0.0 0.0 0.0 0.0 0.0 0.0 0.0
0 0.227539 0.457447 0.007812 0.012766 0.0 0.0 0.0 0.0 0.0 0.0 0.0 0.0 0.0 0.0 0.0 0.0 0.0 0.0 0.0
0 0.222168 0.42766 0.008789 0.012766 0.0 0.0 0.0 0.0 0.0 0.0 0.0 0.0 0.0 0.0 0.0 0.0 0.0 0.0 0.0
0 0.139648 0.439007 0.009766 0.015603 0.0 0.0 0.0 0.0 0.0 0.0 0.0 0.0 0.0 0.0 0.0 0.0 0.0 0.0 0.0
0 0.063965 0.430496 0.004883 0.009929 0.0 0.0 0.0 0.0 0.0 0.0 0.0 0.0 0.0 0.0 0.0 0.0 0.0 0.0 0.0
0 0.147949 0.429787 0.006836 0.017021 0.0 0.0 0.0 0.0 0.0 0.0 0.0 0.0 0.0 0.0 0.0 0.0 0.0 0.0 0.0
0 0.191406 0.439007 0.007812 0.009929 0.0 0.0 0.0 0.0 0.0 0.0 0.0 0.0 0.0 0.0 0.0 0.0 0.0 0.0 0.0
0 0.229492 0.446099 0.005859 0.012766 0.0 0.0 0.0 0.0 0.0 0.0 0.0 0.0 0.0 0.0 0.0 0.0 0.0 0.0 0.0
0 0.154785 0.430496 0.006836 0.012766 0.0 0.0 0.0 0.0 0.0 0.0 0.0 0.0 0.0 0.0 0.0 0.0 0.0 0.0 0.0
0 0.32666 0.423404 0.006836 0.009929 0.0 0.0 0.0 0.0 0.0 0.0 0.0 0.0 0.0 0.0 0.0 0.0 0.0 0.0 0.0
0 0.282715 0.416312 0.006836 0.009929 0.0 0.0 0.0 0.0 0.0 0.0 0.0 0.0 0.0 0.0 0.0 0.0 0.0 0.0 0.0