0 0.037109 0.263117 0.005859 0.010802 0.0 0.0 0.0 0.0 0.0 0.0 0.0 0.0 0.0 0.0 0.0 0.0 0.0 0.0 0.0
0 0.025879 0.270833 0.006836 0.010802 0.0 0.0 0.0 0.0 0.0 0.0 0.0 0.0 0.0 0.0 0.0 0.0 0.0 0.0 0.0
0 0.049316 0.281636 0.006836 0.010802 0.0 0.0 0.0 0.0 0.0 0.0 0.0 0.0 0.0 0.0 0.0 0.0 0.0 0.0 0.0
0 0.068359 0.28858 0.011719 0.015432 0.0 0.0 0.0 0.0 0.0 0.0 0.0 0.0 0.0 0.0 0.0 0.0 0.0 0.0 0.0
0 0.037109 0.320988 0.011719 0.018519 0.0 0.0 0.0 0.0 0.0 0.0 0.0 0.0 0.0 0.0 0.0 0.0 0.0 0.0 0.0
0 0.055176 0.337963 0.012695 0.021605 0.052062 0.335455 1.0 0.056915 0.338204 1.0 0.053253 0.34023 1.0 0.051147 0.343412 1.0 0.056183 0.344569 1.0
0 0.064941 0.350309 0.012695 0.021605 0.0 0.0 0.0 0.0 0.0 0.0 0.0 0.0 0.0 0.0 0.0 0.0 0.0 0.0 0.0
0 0.066406 0.37963 0.011719 0.024691 0.060717 0.378066 1.0 0.065129 0.378383 1.0 0.061318 0.383611 1.0 0.06182 0.388048 1.0 0.065229 0.388207 1.0
0 0.095703 0.356481 0.013672 0.021605 0.0 0.0 0.0 0.0 0.0 0.0 0.0 0.0 0.0 0.0 0.0 0.0 0.0 0.0 0.0
0 0.089355 0.350309 0.006836 0.021605 0.0 0.0 0.0 0.0 0.0 0.0 0.0 0.0 0.0 0.0 0.0 0.0 0.0 0.0 0.0
0 0.112305 0.319444 0.013672 0.021605 0.110626 0.317806 1.0 0.115387 0.32012 1.0 0.112274 0.323448 1.0 0.109345 0.326196 1.0 0.11145 0.329235 1.0
0 0.224121 0.351852 0.008789 0.018519 0.0 0.0 0.0 0.0 0.0 0.0 0.0 0.0 0.0 0.0 0.0 0.0 0.0 0.0 0.0
0 0.242676 0.347222 0.008789 0.018519 0.0 0.0 0.0 0.0 0.0 0.0 0.0 0.0 0.0 0.0 0.0 0.0 0.0 0.0 0.0
0 0.205078 0.347222 0.007812 0.018519 0.0 0.0 0.0 0.0 0.0 0.0 0.0 0.0 0.0 0.0 0.0 0.0 0.0 0.0 0.0
0 0.223633 0.341821 0.011719 0.016975 0.0 0.0 0.0 0.0 0.0 0.0 0.0 0.0 0.0 0.0 0.0 0.0 0.0 0.0 0.0
0 0.172852 0.344136 0.009766 0.015432 0.0 0.0 0.0 0.0 0.0 0.0 0.0 0.0 0.0 0.0 0.0 0.0 0.0 0.0 0.0
0 0.251465 0.300154 0.008789 0.016975 0.0 0.0 0.0 0.0 0.0 0.0 0.0 0.0 0.0 0.0 0.0 0.0 0.0 0.0 0.0
0 0.264648 0.305556 0.009766 0.018519 0.0 0.0 0.0 0.0 0.0 0.0 0.0 0.0 0.0 0.0 0.0 0.0 0.0 0.0 0.0
0 0.302734 0.28858 0.007812 0.012346 0.0 0.0 0.0 0.0 0.0 0.0 0.0 0.0 0.0 0.0 0.0 0.0 0.0 0.0 0.0
0 0.291992 0.297068 0.005859 0.010802 0.0 0.0 0.0 0.0 0.0 0.0 0.0 0.0 0.0 0.0 0.0 0.0 0.0 0.0 0.0
0 0.294922 0.324074 0.007812 0.018519 0.0 0.0 0.0 0.0 0.0 0.0 0.0 0.0 0.0 0.0 0.0 0.0 0.0 0.0 0.0
0 0.149414 0.477623 0.019531 0.035494 0.144331 0.470293 1.0 0.145961 0.469824 1.0 0.140328 0.478023 1.0 0.143441 0.485988 1.0 0.145368 0.485519 1.0
0 0.189453 0.462191 0.017578 0.032407 0.184287 0.454289 1.0 0.188882 0.456211 1.0 0.181989 0.45856 1.0 0.180638 0.467103 1.0 0.186314 0.468171 1.0
0 0.210449 0.466821 0.012695 0.029321 0.0 0.0 0.0 0.0 0.0 0.0 0.0 0.0 0.0 0.0 0.0 0.0 0.0 0.0 0.0
0 0.196777 0.520062 0.018555 0.030864 0.0 0.0 0.0 0.0 0.0 0.0 0.0 0.0 0.0 0.0 0.0 0.0 0.0 0.0 0.0
0 0.168945 0.574846 0.013672 0.035494 0.0 0.0 0.0 0.0 0.0 0.0 0.0 0.0 0.0 0.0 0.0 0.0 0.0 0.0 0.0
0 0.23584 0.489198 0.018555 0.037037 0.229719 0.482404 1.0 0.234166 0.48381 1.0 0.228829 0.491306 1.0 0.231646 0.49927 1.0 0.233425 0.498566 1.0
0 0.260254 0.472994 0.010742 0.023148 0.0 0.0 0.0 0.0 0.0 0.0 0.0 0.0 0.0 0.0 0.0 0.0 0.0 0.0 0.0
0 0.287109 0.459877 0.013672 0.033951 0.0 0.0 0.0 0.0 0.0 0.0 0.0 0.0 0.0 0.0 0.0 0.0 0.0 0.0 0.0
0 0.319336 0.497685 0.017578 0.03858 0.0 0.0 0.0 0.0 0.0 0.0 0.0 0.0 0.0 0.0 0.0 0.0 0.0 0.0 0.0
0 0.320801 0.463735 0.016602 0.026235 0.315569 0.465373 1.0 0.32309 0.462963 1.0 0.317967 0.470542 1.0 0.316877 0.478636 1.0 0.321891 0.476742 1.0
0 0.333496 0.441358 0.014648 0.030864 0.0 0.0 0.0 0.0 0.0 0.0 0.0 0.0 0.0 0.0 0.0 0.0 0.0 0.0 0.0
0 0.372559 0.476852 0.016602 0.030864 0.0 0.0 0.0 0.0 0.0 0.0 0.0 0.0 0.0 0.0 0.0 0.0 0.0 0.0 0.0
0 0.378418 0.5 0.018555 0.037037 0.375706 0.4926 1.0 0.380302 0.494943 1.0 0.373038 0.499159 1.0 0.372594 0.506889 1.0 0.376299 0.510168 1.0
0 0.331055 0.349537 0.009766 0.016975 0.329938 0.348215 1.0 0.333984 0.347994 1.0 0.332031 0.349537 1.0 0.330357 0.352623 1.0 0.333008 0.352403 1.0
0 0.334961 0.373457 0.009766 0.018519 0.0 0.0 0.0 0.0 0.0 0.0 0.0 0.0 0.0 0.0 0.0 0.0 0.0 0.0 0.0
0 0.349121 0.369599 0.008789 0.016975 0.0 0.0 0.0 0.0 0.0 0.0 0.0 0.0 0.0 0.0 0.0 0.0 0.0 0.0 0.0
0 0.3125 0.401235 0.009766 0.024691 0.0 0.0 0.0 0.0 0.0 0.0 0.0 0.0 0.0 0.0 0.0 0.0 0.0 0.0 0.0
0 0.321777 0.37037 0.006836 0.021605 0.0 0.0 0.0 0.0 0.0 0.0 0.0 0.0 0.0 0.0 0.0 0.0 0.0 0.0 0.0
0 0.396484 0.38966 0.013672 0.020062 0.0 0.0 0.0 0.0 0.0 0.0 0.0 0.0 0.0 0.0 0.0 0.0 0.0 0.0 0.0
0 0.415039 0.470679 0.017578 0.033951 0.408203 0.467813 1.0 0.41462 0.468255 1.0 0.408063 0.473545 1.0 0.408482 0.479938 1.0 0.412807 0.480819 1.0
0 0.439453 0.430556 0.017578 0.030864 0.0 0.0 0.0 0.0 0.0 0.0 0.0 0.0 0.0 0.0 0.0 0.0 0.0 0.0 0.0
0 0.439453 0.399691 0.011719 0.024691 0.0 0.0 0.0 0.0 0.0 0.0 0.0 0.0 0.0 0.0 0.0 0.0 0.0 0.0 0.0
0 0.436523 0.488426 0.019531 0.035494 0.430137 0.485063 1.0 0.437042 0.488702 1.0 0.430712 0.494157 1.0 0.428122 0.503252 1.0 0.43359 0.504389 1.0
0 0.438965 0.520833 0.018555 0.035494 0.434505 0.510878 1.0 0.44141 0.516335 1.0 0.433642 0.522019 1.0 0.433642 0.527702 1.0 0.438677 0.530202 1.0
0 0.468262 0.513889 0.018555 0.037037 0.461696 0.506861 1.0 0.470146 0.50733 1.0 0.464216 0.513889 1.0 0.461104 0.521853 1.0 0.469256 0.522086 1.0
0 0.456543 0.463735 0.018555 0.03858 0.450248 0.458498 1.0 0.457624 0.458995 1.0 0.451347 0.463955 1.0 0.449934 0.47338 1.0 0.456525 0.472387 1.0
0 0.521484 0.546296 0.021484 0.046296 0.518485 0.538415 1.0 0.521484 0.543154 1.0 0.513236 0.546117 1.0 0.512861 0.556486 1.0 0.518673 0.561225 1.0
0 0.495605 0.459105 0.012695 0.035494 0.491521 0.457285 1.0 0.495261 0.457059 1.0 0.490514 0.463424 1.0 0.491089 0.469108 1.0 0.494254 0.468654 1.0
0 0.487793 0.401235 0.012695 0.024691 0.485813 0.39666 1.0 0.489925 0.399196 1.0 0.486315 0.401414 1.0 0.484109 0.403474 1.0 0.487919 0.406642 1.0
0 0.518066 0.472222 0.020508 0.037037 0.510803 0.465194 1.0 0.517177 0.467537 1.0 0.511989 0.476907 1.0 0.512285 0.483231 1.0 0.516881 0.485574 1.0
0 0.503418 0.410494 0.008789 0.021605 0.0 0.0 0.0 0.0 0.0 0.0 0.0 0.0 0.0 0.0 0.0 0.0 0.0 0.0 0.0
0 0.570312 0.621142 0.023438 0.04784 0.564645 0.614005 1.0 0.568481 0.614611 1.0 0.559466 0.622492 1.0 0.564069 0.633102 1.0 0.564645 0.632495 1.0
0 0.559082 0.549383 0.020508 0.037037 0.0 0.0 0.0 0.0 0.0 0.0 0.0 0.0 0.0 0.0 0.0 0.0 0.0 0.0 0.0
0 0.59082 0.550926 0.019531 0.037037 0.583915 0.545469 1.0 0.589251 0.548446 1.0 0.582816 0.553654 1.0 0.583601 0.562086 1.0 0.585955 0.562583 1.0
0 0.616211 0.568673 0.023438 0.04784 0.609985 0.559716 1.0 0.619193 0.56487 1.0 0.610369 0.571236 1.0 0.6073 0.577904 1.0 0.61574 0.583057 1.0
0 0.496582 0.368056 0.008789 0.016975 0.0 0.0 0.0 0.0 0.0 0.0 0.0 0.0 0.0 0.0 0.0 0.0 0.0 0.0 0.0
0 0.515137 0.358025 0.008789 0.012346 0.0 0.0 0.0 0.0 0.0 0.0 0.0 0.0 0.0 0.0 0.0 0.0 0.0 0.0 0.0
0 0.505859 0.35108 0.009766 0.016975 0.0 0.0 0.0 0.0 0.0 0.0 0.0 0.0 0.0 0.0 0.0 0.0 0.0 0.0 0.0
0 0.657715 0.393519 0.012695 0.024691 0.0 0.0 0.0 0.0 0.0 0.0 0.0 0.0 0.0 0.0 0.0 0.0 0.0 0.0 0.0
0 0.640137 0.483025 0.022461 0.033951 0.632533 0.48031 1.0 0.64039 0.483824 1.0 0.632237 0.486869 1.0 0.629717 0.495068 1.0 0.634905 0.497176 1.0
0 0.643555 0.525463 0.023438 0.041667 0.635585 0.513441 1.0 0.644937 0.516934 1.0 0.636096 0.522307 1.0 0.634905 0.531711 1.0 0.640176 0.533593 1.0
0 0.671387 0.490741 0.020508 0.027778 0.0 0.0 0.0 0.0 0.0 0.0 0.0 0.0 0.0 0.0 0.0 0.0 0.0 0.0 0.0
0 0.666992 0.52392 0.017578 0.035494 0.660575 0.51896 1.0 0.665318 0.521605 1.0 0.660156 0.528219 1.0 0.6589 0.534613 1.0 0.662946 0.536156 1.0
0 0.67334 0.554012 0.020508 0.037037 0.669067 0.542631 1.0 0.677918 0.548659 1.0 0.669982 0.551071 1.0 0.665711 0.559992 1.0 0.672271 0.562404 1.0
0 0.696777 0.589506 0.026367 0.04321 0.686872 0.578318 1.0 0.702218 0.579145 1.0 0.69315 0.589341 1.0 0.687744 0.600088 1.0 0.699079 0.599537 1.0
0 0.692871 0.521605 0.020508 0.027778 0.688197 0.516134 1.0 0.697483 0.520682 1.0 0.691206 0.523369 1.0 0.687021 0.528329 1.0 0.692514 0.530809 1.0
0 0.719727 0.556327 0.019531 0.03858 0.714513 0.551835 1.0 0.723302 0.556051 1.0 0.71671 0.558035 1.0 0.71106 0.56498 1.0 0.720947 0.570685 1.0
0 0.728516 0.419753 0.011719 0.021605 0.726632 0.416694 1.0 0.731079 0.416832 1.0 0.728986 0.421792 1.0 0.726807 0.426614 1.0 0.731515 0.426753 1.0
0 0.708008 0.490741 0.015625 0.033951 0.0 0.0 0.0 0.0 0.0 0.0 0.0 0.0 0.0 0.0 0.0 0.0 0.0 0.0 0.0
0 0.753906 0.578704 0.025391 0.040123 0.0 0.0 0.0 0.0 0.0 0.0 0.0 0.0 0.0 0.0 0.0 0.0 0.0 0.0 0.0
0 0.763184 0.650463 0.024414 0.03858 0.757206 0.640012 1.0 0.759143 0.642306 1.0 0.753174 0.646895 1.0 0.754142 0.656326 1.0 0.755271 0.6576 1.0
0 0.791504 0.577932 0.022461 0.044753 0.782471 0.568617 1.0 0.78962 0.572752 1.0 0.782122 0.578539 1.0 0.780553 0.586529 1.0 0.78683 0.589011 1.0
0 0.788086 0.528549 0.023438 0.03858 0.782558 0.520338 1.0 0.792445 0.525546 1.0 0.783813 0.531498 1.0 0.780204 0.537451 1.0 0.786639 0.541667 1.0
0 0.812988 0.505401 0.014648 0.032407 0.806688 0.500917 1.0 0.812771 0.505401 1.0 0.80777 0.507965 1.0 0.806283 0.515012 1.0 0.808986 0.517361 1.0
0 0.837891 0.570216 0.023438 0.044753 0.829001 0.558787 1.0 0.840084 0.561046 1.0 0.82918 0.567261 1.0 0.827571 0.577994 1.0 0.834006 0.579688 1.0
0 0.859375 0.63966 0.025391 0.044753 0.851606 0.629361 1.0 0.860364 0.635576 1.0 0.849997 0.641506 1.0 0.847495 0.647721 1.0 0.853394 0.65337 1.0
0 0.902832 0.564815 0.02832 0.049383 0.892403 0.561329 1.0 0.902632 0.564815 1.0 0.894811 0.570202 1.0 0.889997 0.57654 1.0 0.901027 0.582562 1.0
0 0.939941 0.673611 0.030273 0.04784 0.933175 0.66183 1.0 0.936707 0.662761 1.0 0.926505 0.668961 1.0 0.92729 0.684151 1.0 0.935529 0.686941 1.0
0 0.973633 0.611111 0.019531 0.037037 0.0 0.0 0.0 0.0 0.0 0.0 0.0 0.0 0.0 0.0 0.0 0.0 0.0 0.0 0.0
0 0.9375 0.503858 0.013672 0.032407 0.937238 0.498127 1.0 0.942862 0.499573 1.0 0.939593 0.50412 1.0 0.936846 0.508253 1.0 0.940116 0.50908 1.0
0 0.751465 0.447531 0.016602 0.027778 0.0 0.0 0.0 0.0 0.0 0.0 0.0 0.0 0.0 0.0 0.0 0.0 0.0 0.0 0.0
0 0.729004 0.388117 0.010742 0.020062 0.0 0.0 0.0 0.0 0.0 0.0 0.0 0.0 0.0 0.0 0.0 0.0 0.0 0.0 0.0
0 0.751953 0.411265 0.009766 0.023148 0.0 0.0 0.0 0.0 0.0 0.0 0.0 0.0 0.0 0.0 0.0 0.0 0.0 0.0 0.0
0 0.745605 0.374228 0.008789 0.013889 0.0 0.0 0.0 0.0 0.0 0.0 0.0 0.0 0.0 0.0 0.0 0.0 0.0 0.0 0.0
0 0.942383 0.378858 0.007812 0.023148 0.943342 0.374298 1.0 0.943055 0.374298 1.0 0.94152 0.378238 1.0 0.942862 0.382028 1.0 0.942671 0.38233 1.0
0 0.975098 0.380401 0.012695 0.023148 0.97508 0.379932 1.0 0.97978 0.378568 1.0 0.977861 0.383267 1.0 0.976423 0.386147 1.0 0.979108 0.38554 1.0
0 0.97168 0.459877 0.017578 0.030864 0.0 0.0 0.0 0.0 0.0 0.0 0.0 0.0 0.0 0.0 0.0 0.0 0.0 0.0 0.0
0 0.79834 0.46142 0.008789 0.027778 0.0 0.0 0.0 0.0 0.0 0.0 0.0 0.0 0.0 0.0 0.0 0.0 0.0 0.0 0.0
0 0.80957 0.414352 0.011719 0.023148 0.0 0.0 0.0 0.0 0.0 0.0 0.0 0.0 0.0 0.0 0.0 0.0 0.0 0.0 0.0
0 0.82666 0.415895 0.012695 0.020062 0.0 0.0 0.0 0.0 0.0 0.0 0.0 0.0 0.0 0.0 0.0 0.0 0.0 0.0 0.0
0 0.827637 0.450617 0.006836 0.024691 0.0 0.0 0.0 0.0 0.0 0.0 0.0 0.0 0.0 0.0 0.0 0.0 0.0 0.0 0.0
0 0.862305 0.587963 0.009766 0.027778 0.0 0.0 0.0 0.0 0.0 0.0 0.0 0.0 0.0 0.0 0.0 0.0 0.0 0.0 0.0
0 0.88623 0.52392 0.006836 0.023148 0.0 0.0 0.0 0.0 0.0 0.0 0.0 0.0 0.0 0.0 0.0 0.0 0.0 0.0 0.0
0 0.719727 0.367284 0.009766 0.018519 0.0 0.0 0.0 0.0 0.0 0.0 0.0 0.0 0.0 0.0 0.0 0.0 0.0 0.0 0.0
0 0.726562 0.333333 0.007812 0.012346 0.0 0.0 0.0 0.0 0.0 0.0 0.0 0.0 0.0 0.0 0.0 0.0 0.0 0.0 0.0
0 0.728516 0.313272 0.005859 0.015432 0.0 0.0 0.0 0.0 0.0 0.0 0.0 0.0 0.0 0.0 0.0 0.0 0.0 0.0 0.0
0 0.778809 0.32716 0.004883 0.012346 0.0 0.0 0.0 0.0 0.0 0.0 0.0 0.0 0.0 0.0 0.0 0.0 0.0 0.0 0.0
0 0.771973 0.30787 0.008789 0.013889 0.0 0.0 0.0 0.0 0.0 0.0 0.0 0.0 0.0 0.0 0.0 0.0 0.0 0.0 0.0
0 0.759277 0.305556 0.006836 0.012346 0.0 0.0 0.0 0.0 0.0 0.0 0.0 0.0 0.0 0.0 0.0 0.0 0.0 0.0 0.0
0 0.74707 0.313272 0.005859 0.009259 0.0 0.0 0.0 0.0 0.0 0.0 0.0 0.0 0.0 0.0 0.0 0.0 0.0 0.0 0.0
0 0.736328 0.313272 0.005859 0.012346 0.0 0.0 0.0 0.0 0.0 0.0 0.0 0.0 0.0 0.0 0.0 0.0 0.0 0.0 0.0
0 0.800781 0.365741 0.007812 0.015432 0.0 0.0 0.0 0.0 0.0 0.0 0.0 0.0 0.0 0.0 0.0 0.0 0.0 0.0 0.0
0 0.781738 0.304012 0.004883 0.009259 0.0 0.0 0.0 0.0 0.0 0.0 0.0 0.0 0.0 0.0 0.0 0.0 0.0 0.0 0.0
0 0.800781 0.318673 0.005859 0.013889 0.0 0.0 0.0 0.0 0.0 0.0 0.0 0.0 0.0 0.0 0.0 0.0 0.0 0.0 0.0
0 0.808594 0.320988 0.007812 0.012346 0.0 0.0 0.0 0.0 0.0 0.0 0.0 0.0 0.0 0.0 0.0 0.0 0.0 0.0 0.0
0 0.815918 0.337191 0.008789 0.013889 0.0 0.0 0.0 0.0 0.0 0.0 0.0 0.0 0.0 0.0 0.0 0.0 0.0 0.0 0.0
0 0.816895 0.317901 0.006836 0.012346 0.0 0.0 0.0 0.0 0.0 0.0 0.0 0.0 0.0 0.0 0.0 0.0 0.0 0.0 0.0
0 0.850586 0.365741 0.009766 0.015432 0.0 0.0 0.0 0.0 0.0 0.0 0.0 0.0 0.0 0.0 0.0 0.0 0.0 0.0 0.0
0 0.842285 0.334105 0.008789 0.013889 0.0 0.0 0.0 0.0 0.0 0.0 0.0 0.0 0.0 0.0 0.0 0.0 0.0 0.0 0.0
0 0.869141 0.29784 0.007812 0.015432 0.0 0.0 0.0 0.0 0.0 0.0 0.0 0.0 0.0 0.0 0.0 0.0 0.0 0.0 0.0
0 0.782227 0.295525 0.005859 0.007716 0.0 0.0 0.0 0.0 0.0 0.0 0.0 0.0 0.0 0.0 0.0 0.0 0.0 0.0 0.0
0 0.995605 0.47608 0.006836 0.032407 0.994441 0.472188 1.0 1.000658 0.472829 1.0 0.996469 0.479662 1.0 0.995793 0.48671 1.0 1.000793 0.48671 1.0
0 0.596191 0.52392 0.020508 0.044753 0.0 0.0 0.0 0.0 0.0 0.0 0.0 0.0 0.0 0.0 0.0 0.0 0.0 0.0 0.0
0 0.639648 0.405864 0.011719 0.024691 0.0 0.0 0.0 0.0 0.0 0.0 0.0 0.0 0.0 0.0 0.0 0.0 0.0 0.0 0.0
0 0.46875 0.435957 0.017578 0.026235 0.0 0.0 0.0 0.0 0.0 0.0 0.0 0.0 0.0 0.0 0.0 0.0 0.0 0.0 0.0