0 0.047852 0.446617 0.015625 0.03609 0.047172 0.440776 1.0 0.052804 0.439863 1.0 0.050729 0.447624 1.0 0.047468 0.454242 1.0 0.052211 0.454015 1.0
0 0.061035 0.456391 0.012695 0.022556 0.059156 0.454538 1.0 0.063869 0.454693 1.0 0.061161 0.460096 1.0 0.059356 0.465192 1.0 0.063668 0.465501 1.0
0 0.098145 0.471429 0.010742 0.022556 0.096897 0.467132 1.0 0.101885 0.466836 1.0 0.099679 0.473039 1.0 0.09709 0.477174 1.0 0.101502 0.477174 1.0
0 0.154297 0.440602 0.015625 0.033083 0.154018 0.434156 1.0 0.161552 0.434156 1.0 0.160156 0.439743 1.0 0.154576 0.446402 1.0 0.161133 0.446832 1.0
0 0.164551 0.44812 0.010742 0.027068 0.0 0.0 0.0 0.0 0.0 0.0 0.0 0.0 0.0 0.0 0.0 0.0 0.0 0.0 0.0
0 0.17627 0.43985 0.008789 0.019549 0.0 0.0 0.0 0.0 0.0 0.0 0.0 0.0 0.0 0.0 0.0 0.0 0.0 0.0 0.0
0 0.223633 0.418045 0.017578 0.033083 0.22355 0.411466 1.0 0.229767 0.411259 1.0 0.227739 0.41875 1.0 0.222604 0.426242 1.0 0.22801 0.425618 1.0
0 0.27002 0.448872 0.020508 0.037594 0.268232 0.437447 1.0 0.276298 0.437447 1.0 0.274685 0.44465 1.0 0.269684 0.456573 1.0 0.276298 0.456323 1.0
0 0.30957 0.44812 0.015625 0.03609 0.308533 0.443326 1.0 0.314906 0.443326 1.0 0.312535 0.450632 1.0 0.308385 0.457935 1.0 0.314462 0.457478 1.0
0 0.381836 0.450376 0.017578 0.028571 0.381348 0.446429 1.0 0.388306 0.446805 1.0 0.385498 0.452256 1.0 0.382568 0.457895 1.0 0.386841 0.458083 1.0
0 0.414551 0.443609 0.016602 0.030075 0.0 0.0 0.0 0.0 0.0 0.0 0.0 0.0 0.0 0.0 0.0 0.0 0.0 0.0 0.0
0 0.446289 0.426316 0.021484 0.043609 0.445443 0.418334 1.0 0.454738 0.417508 1.0 0.451699 0.426316 1.0 0.448303 0.436774 1.0 0.454202 0.436224 1.0
0 0.527832 0.43985 0.014648 0.034586 0.52648 0.433868 1.0 0.533242 0.434755 1.0 0.531516 0.441844 1.0 0.527632 0.44849 1.0 0.531947 0.448932 1.0
0 0.578613 0.452632 0.016602 0.033083 0.579869 0.449194 1.0 0.585449 0.449194 1.0 0.583915 0.455639 1.0 0.581403 0.46058 1.0 0.58517 0.460795 1.0
0 0.56543 0.43985 0.009766 0.016541 0.0 0.0 0.0 0.0 0.0 0.0 0.0 0.0 0.0 0.0 0.0 0.0 0.0 0.0 0.0
0 0.65918 0.427068 0.019531 0.042105 0.657157 0.421159 1.0 0.665179 0.421159 1.0 0.662737 0.428678 1.0 0.658203 0.437272 1.0 0.664481 0.438346 1.0
0 0.71582 0.433083 0.007812 0.015038 0.0 0.0 0.0 0.0 0.0 0.0 0.0 0.0 0.0 0.0 0.0 0.0 0.0 0.0 0.0
0 0.733887 0.455639 0.016602 0.030075 0.734771 0.450994 1.0 0.740461 0.45002 1.0 0.738944 0.457612 1.0 0.734519 0.46248 1.0 0.738312 0.461701 1.0
0 0.802734 0.439098 0.017578 0.039098 0.803562 0.435298 1.0 0.810023 0.435044 1.0 0.809029 0.441931 1.0 0.806048 0.449839 1.0 0.809692 0.449839 1.0
0 0.839844 0.447368 0.011719 0.025564 0.0 0.0 0.0 0.0 0.0 0.0 0.0 0.0 0.0 0.0 0.0 0.0 0.0 0.0 0.0
0 0.004395 0.46015 0.008789 0.027068 0.0 0.0 0.0 0.0 0.0 0.0 0.0 0.0 0.0 0.0 0.0 0.0 0.0 0.0 0.0