0 0.266113 0.338196 0.03418 0.045093 0.257887 0.329381 1.0 0.27345 0.32787 1.0 0.267447 0.337836 1.0 0.261444 0.348706 1.0 0.27345 0.347196 1.0
0 0.407227 0.285809 0.033203 0.051724 0.400635 0.278846 1.0 0.416748 0.27752 1.0 0.408936 0.289456 1.0 0.402832 0.300398 1.0 0.414795 0.299735 1.0
0 0.509277 0.301724 0.03418 0.054377 0.50313 0.293062 1.0 0.51985 0.292712 1.0 0.511876 0.302844 1.0 0.507246 0.312275 1.0 0.518563 0.311926 1.0
0 0.614258 0.352122 0.042969 0.059682 0.602399 0.349943 1.0 0.621651 0.343122 1.0 0.614677 0.359037 1.0 0.611049 0.369269 1.0 0.624721 0.364342 1.0
0 0.606445 0.278515 0.039062 0.061008 0.597587 0.268851 1.0 0.615165 0.269231 1.0 0.605957 0.276809 1.0 0.600098 0.29083 1.0 0.614327 0.291967 1.0
0 0.003906 0.330902 0.005859 0.014589 0.0 0.0 0.0 0.0 0.0 0.0 0.0 0.0 0.0 0.0 0.0 0.0 0.0 0.0 0.0
0 0.155762 0.297745 0.016602 0.025199 0.153625 0.293861 1.0 0.161041 0.293702 1.0 0.157745 0.298977 1.0 0.153979 0.305371 1.0 0.158334 0.305532 1.0
0 0.179688 0.339523 0.009766 0.013263 0.0 0.0 0.0 0.0 0.0 0.0 0.0 0.0 0.0 0.0 0.0 0.0 0.0 0.0 0.0
0 0.314941 0.326923 0.006836 0.009284 0.0 0.0 0.0 0.0 0.0 0.0 0.0 0.0 0.0 0.0 0.0 0.0 0.0 0.0 0.0
0 0.289551 0.327586 0.006836 0.013263 0.0 0.0 0.0 0.0 0.0 0.0 0.0 0.0 0.0 0.0 0.0 0.0 0.0 0.0 0.0
0 0.244141 0.310345 0.007812 0.01061 0.0 0.0 0.0 0.0 0.0 0.0 0.0 0.0 0.0 0.0 0.0 0.0 0.0 0.0 0.0
0 0.495117 0.321618 0.003906 0.006631 0.0 0.0 0.0 0.0 0.0 0.0 0.0 0.0 0.0 0.0 0.0 0.0 0.0 0.0 0.0
0 0.504883 0.438992 0.019531 0.04244 0.500078 0.432207 1.0 0.508122 0.432207 1.0 0.504198 0.438867 1.0 0.49949 0.448459 1.0 0.508318 0.448194 1.0