0 0.680664 0.662045 0.060547 0.176776 0.656485 0.649009 1.0 0.685787 0.663392 1.0 0.663343 0.689945 1.0 0.657732 0.69769 1.0 0.682046 0.70986 1.0
0 0.587402 0.688908 0.049805 0.126516 0.0 0.0 0.0 0.0 0.0 0.0 0.0 0.0 0.0 0.0 0.0 0.0 0.0 0.0 0.0
0 0.856445 0.610919 0.056641 0.147314 0.841832 0.590555 1.0 0.865897 0.603553 1.0 0.845494 0.625835 1.0 0.839216 0.643477 1.0 0.85648 0.655546 1.0
0 0.345215 0.170711 0.041992 0.102253 0.336182 0.159445 1.0 0.355225 0.158795 1.0 0.3479 0.177643 1.0 0.340576 0.19779 1.0 0.351929 0.19714 1.0
0 0.297363 0.377816 0.053711 0.093588 0.293365 0.380523 1.0 0.317199 0.371588 1.0 0.310486 0.394821 1.0 0.299744 0.412099 1.0 0.316528 0.405546 1.0
0 0.394043 0.233102 0.032227 0.084922 0.383929 0.208946 1.0 0.401677 0.214286 1.0 0.388741 0.235106 1.0 0.383026 0.247385 1.0 0.393555 0.251655 1.0
0 0.246582 0.036395 0.040039 0.065858 0.234803 0.013293 1.0 0.251778 0.013749 1.0 0.242004 0.029726 1.0 0.239175 0.047529 1.0 0.249721 0.047073 1.0
0 0.391602 0.057192 0.033203 0.079723 0.381557 0.045262 1.0 0.397143 0.047776 1.0 0.388358 0.063366 1.0 0.382124 0.077951 1.0 0.395726 0.077449 1.0
0 0.115723 0.309359 0.038086 0.116118 0.134007 0.2954 1.0 0.131958 0.288128 1.0 0.134826 0.320856 1.0 0.130729 0.344128 1.0 0.133187 0.344128 1.0
0 0.530762 0.414211 0.055664 0.149047 0.512904 0.387132 1.0 0.531896 0.395558 1.0 0.51396 0.413345 1.0 0.508157 0.436749 1.0 0.52662 0.444239 1.0
0 0.600098 0.278163 0.053711 0.12305 0.582171 0.260088 1.0 0.603969 0.270147 1.0 0.58653 0.285622 1.0 0.582606 0.303416 1.0 0.59743 0.31038 1.0
0 0.542969 0.292028 0.046875 0.095321 0.529049 0.282348 1.0 0.549024 0.29335 1.0 0.531804 0.307409 1.0 0.525604 0.319634 1.0 0.532837 0.323302 1.0
0 0.525391 0.233102 0.042969 0.071057 0.0 0.0 0.0 0.0 0.0 0.0 0.0 0.0 0.0 0.0 0.0 0.0 0.0 0.0 0.0
0 0.692383 0.540728 0.056641 0.107452 0.677752 0.527745 1.0 0.703544 0.531111 1.0 0.68951 0.547265 1.0 0.682304 0.566787 1.0 0.695578 0.566113 1.0
0 0.519043 0.031196 0.03418 0.062392 0.506949 0.011296 1.0 0.518733 0.018399 1.0 0.505171 0.029052 1.0 0.504281 0.046021 1.0 0.512508 0.047205 1.0
0 0.470215 0.149913 0.026367 0.07799 0.459124 0.141619 1.0 0.467773 0.153503 1.0 0.452428 0.160435 1.0 0.45745 0.179253 1.0 0.462472 0.184205 1.0
0 0.572266 0.046794 0.041016 0.090121 0.556083 0.02773 1.0 0.573939 0.024759 1.0 0.559989 0.045061 1.0 0.560826 0.066354 1.0 0.574498 0.063381 1.0
0 0.716797 0.082322 0.042969 0.095321 0.705767 0.068179 1.0 0.72515 0.07361 1.0 0.713588 0.088698 1.0 0.705087 0.111026 1.0 0.720729 0.114045 1.0
0 0.772461 0.049393 0.044922 0.091854 0.757499 0.033858 1.0 0.771022 0.03539 1.0 0.759225 0.05173 1.0 0.759513 0.070624 1.0 0.771022 0.071645 1.0
0 0.881836 0.05286 0.037109 0.095321 0.872511 0.037369 1.0 0.890259 0.044844 1.0 0.878527 0.056589 1.0 0.871308 0.075274 1.0 0.882437 0.080078 1.0
0 0.816895 0.162912 0.041992 0.103986 0.803658 0.140288 1.0 0.823155 0.14295 1.0 0.809657 0.162912 1.0 0.803658 0.182873 1.0 0.818281 0.185536 1.0
0 0.80957 0.343154 0.050781 0.124783 0.79054 0.325877 1.0 0.812116 0.32744 1.0 0.795824 0.357135 1.0 0.796705 0.371201 1.0 0.812997 0.372764 1.0
0 0.686035 0.216638 0.03418 0.083189 0.674905 0.198154 1.0 0.691149 0.206695 1.0 0.678214 0.21844 1.0 0.676409 0.226449 1.0 0.684531 0.230185 1.0
0 0.850098 0.267764 0.041992 0.098787 0.844936 0.242697 1.0 0.864358 0.247083 1.0 0.854471 0.269017 1.0 0.842817 0.284685 1.0 0.855883 0.292832 1.0
0 0.910645 0.442808 0.055664 0.07799 0.0 0.0 0.0 0.0 0.0 0.0 0.0 0.0 0.0 0.0 0.0 0.0 0.0 0.0 0.0
0 0.975586 0.574523 0.048828 0.126516 0.958091 0.550477 1.0 0.983687 0.5704 1.0 0.962132 0.586338 1.0 0.951804 0.596698 1.0 0.96797 0.611839 1.0
0 0.087891 0.444541 0.033203 0.12305 0.0 0.0 0.0 0.0 0.0 0.0 0.0 0.0 0.0 0.0 0.0 0.0 0.0 0.0 0.0
0 0.154297 0.02513 0.035156 0.05026 0.146916 0.005943 1.0 0.149807 0.005548 1.0 0.138912 0.020936 1.0 0.148917 0.036721 1.0 0.152919 0.035142 1.0