0 0.024902 0.631462 0.047852 0.110783 0.038077 0.662877 1.0 0.056563 0.656586 1.0 0.044547 0.670566 1.0 0.041313 0.693632 1.0 0.055638 0.690836 1.0
0 0.053711 0.66839 0.050781 0.093058 0.035862 0.662805 1.0 0.058367 0.656349 1.0 0.043234 0.671609 1.0 0.039742 0.695083 1.0 0.056815 0.691563 1.0
0 0.124512 0.580502 0.043945 0.091581 0.117188 0.573117 1.0 0.139648 0.570162 1.0 0.128906 0.586411 1.0 0.125977 0.604136 1.0 0.138672 0.598227 1.0
0 0.203613 0.651403 0.069336 0.150665 0.205775 0.625238 1.0 0.232143 0.632835 1.0 0.229004 0.654674 1.0 0.203893 0.68601 1.0 0.225237 0.68601 1.0
0 0.276855 0.638109 0.051758 0.127031 0.288539 0.618222 1.0 0.29276 0.616625 1.0 0.300672 0.64535 1.0 0.289595 0.666095 1.0 0.293287 0.665297 1.0
0 0.370605 0.669129 0.040039 0.076809 0.0 0.0 0.0 0.0 0.0 0.0 0.0 0.0 0.0 0.0 0.0 0.0 0.0 0.0 0.0
0 0.409668 0.619645 0.053711 0.1226 0.40815 0.604123 1.0 0.431301 0.602567 1.0 0.427699 0.624355 1.0 0.409694 0.639137 1.0 0.428214 0.63836 1.0
0 0.371582 0.845643 0.061523 0.116691 0.360447 0.830258 1.0 0.392387 0.822938 1.0 0.377869 0.852948 1.0 0.366738 0.87564 1.0 0.388515 0.871979 1.0
0 0.425293 0.71935 0.051758 0.103397 0.430908 0.709459 1.0 0.443551 0.700886 1.0 0.447039 0.721328 1.0 0.438319 0.745068 1.0 0.451835 0.733198 1.0
0 0.487793 0.738552 0.061523 0.127031 0.469221 0.726617 1.0 0.499538 0.727421 1.0 0.482518 0.75236 1.0 0.472944 0.767645 1.0 0.495283 0.769256 1.0
0 0.447266 0.586411 0.029297 0.05613 0.4375 0.589365 1.0 0.453125 0.590842 1.0 0.441406 0.599705 1.0 0.436523 0.610044 1.0 0.443359 0.608567 1.0
0 0.493652 0.624077 0.043945 0.081241 0.487043 0.615623 1.0 0.507106 0.616651 1.0 0.498604 0.628482 1.0 0.491464 0.648027 1.0 0.501665 0.647513 1.0
0 0.558594 0.670606 0.046875 0.144756 0.543439 0.660595 1.0 0.548854 0.656046 1.0 0.535017 0.686075 1.0 0.550058 0.715196 1.0 0.559684 0.713375 1.0
0 0.654785 0.600443 0.055664 0.1226 0.645626 0.593566 1.0 0.67368 0.598966 1.0 0.662968 0.612081 1.0 0.644605 0.635227 1.0 0.6696 0.638313 1.0
0 0.689941 0.650665 0.024414 0.057607 0.684326 0.643279 1.0 0.696289 0.645864 1.0 0.687988 0.657312 1.0 0.68457 0.669498 1.0 0.692871 0.671344 1.0
0 0.768066 0.451994 0.098633 0.194978 0.729954 0.429666 1.0 0.756714 0.4174 1.0 0.735631 0.471368 1.0 0.750227 0.502031 1.0 0.773742 0.490993 1.0