0 0.132324 0.271386 0.063477 0.109145 0.13092 0.250599 1.0 0.148773 0.242302 1.0 0.162964 0.271341 1.0 0.142364 0.305218 1.0 0.155182 0.298304 1.0
0 0.205078 0.254425 0.056641 0.10767 0.20595 0.233143 1.0 0.226807 0.233143 1.0 0.224086 0.255742 1.0 0.210484 0.279025 1.0 0.225899 0.276971 1.0
0 0.739746 0.412242 0.03418 0.057522 0.0 0.0 0.0 0.0 0.0 0.0 0.0 0.0 0.0 0.0 0.0 0.0 0.0 0.0 0.0
0 0.698242 0.189528 0.023438 0.039823 0.0 0.0 0.0 0.0 0.0 0.0 0.0 0.0 0.0 0.0 0.0 0.0 0.0 0.0 0.0
0 0.794922 0.139381 0.015625 0.033923 0.0 0.0 0.0 0.0 0.0 0.0 0.0 0.0 0.0 0.0 0.0 0.0 0.0 0.0 0.0
0 0.898926 0.160767 0.018555 0.029499 0.892134 0.157165 1.0 0.899719 0.156019 1.0 0.894915 0.164612 1.0 0.894283 0.169004 1.0 0.90073 0.168813 1.0
0 0.925781 0.126844 0.023438 0.041298 0.920235 0.119838 1.0 0.920934 0.119574 1.0 0.916748 0.130373 1.0 0.923897 0.137221 1.0 0.924247 0.136695 1.0
0 0.889648 0.125369 0.013672 0.032448 0.0 0.0 0.0 0.0 0.0 0.0 0.0 0.0 0.0 0.0 0.0 0.0 0.0 0.0 0.0
0 0.995605 0.127581 0.008789 0.016224 0.0 0.0 0.0 0.0 0.0 0.0 0.0 0.0 0.0 0.0 0.0 0.0 0.0 0.0 0.0
0 0.817871 0.149705 0.006836 0.016224 0.0 0.0 0.0 0.0 0.0 0.0 0.0 0.0 0.0 0.0 0.0 0.0 0.0 0.0 0.0
0 0.766113 0.143068 0.008789 0.029499 0.0 0.0 0.0 0.0 0.0 0.0 0.0 0.0 0.0 0.0 0.0 0.0 0.0 0.0 0.0
0 0.57666 0.174779 0.008789 0.025074 0.0 0.0 0.0 0.0 0.0 0.0 0.0 0.0 0.0 0.0 0.0 0.0 0.0 0.0 0.0
0 0.62793 0.176254 0.011719 0.019174 0.0 0.0 0.0 0.0 0.0 0.0 0.0 0.0 0.0 0.0 0.0 0.0 0.0 0.0 0.0
0 0.492188 0.207965 0.011719 0.020649 0.489686 0.206398 1.0 0.494812 0.205982 1.0 0.492615 0.211237 1.0 0.491516 0.214417 1.0 0.494445 0.214142 1.0
0 0.324707 0.231563 0.008789 0.017699 0.0 0.0 0.0 0.0 0.0 0.0 0.0 0.0 0.0 0.0 0.0 0.0 0.0 0.0 0.0
0 0.33252 0.249263 0.008789 0.017699 0.332772 0.246959 1.0 0.335218 0.247181 1.0 0.333958 0.252108 1.0 0.331809 0.254569 1.0 0.334996 0.254569 1.0