0 0.024414 0.723951 0.019531 0.037889 0.021244 0.719064 1.0 0.032327 0.720055 1.0 0.027322 0.727238 1.0 0.023926 0.735411 1.0 0.030718 0.735411 1.0
0 0.006836 0.7341 0.013672 0.028417 0.0 0.0 0.0 0.0 0.0 0.0 0.0 0.0 0.0 0.0 0.0 0.0 0.0 0.0 0.0
0 0.050781 0.723951 0.013672 0.021651 0.054688 0.719892 1.0 0.058594 0.719892 1.0 0.055664 0.725304 1.0 0.054688 0.730717 1.0 0.057617 0.730717 1.0
0 0.309082 0.707713 0.008789 0.021651 0.0 0.0 0.0 0.0 0.0 0.0 0.0 0.0 0.0 0.0 0.0 0.0 0.0 0.0 0.0
0 0.404785 0.614344 0.079102 0.124493 0.381627 0.614344 1.0 0.416766 0.605705 1.0 0.400896 0.635548 1.0 0.394096 0.661463 1.0 0.424133 0.652825 1.0
0 0.891602 0.652233 0.099609 0.17862 0.862252 0.64026 1.0 0.909537 0.64026 1.0 0.881818 0.661723 1.0 0.865514 0.701261 1.0 0.903016 0.704651 1.0
0 0.772461 0.50203 0.076172 0.14885 0.75981 0.483563 1.0 0.7963 0.48918 1.0 0.784812 0.504162 1.0 0.767242 0.535062 1.0 0.793597 0.537871 1.0
0 0.991211 0.175913 0.015625 0.035183 0.987305 0.175913 1.0 0.990234 0.175913 1.0 0.986328 0.185386 1.0 0.993164 0.189445 1.0 0.994141 0.188092 1.0
0 0.920898 0.20433 0.019531 0.035183 0.915117 0.200911 1.0 0.914952 0.200452 1.0 0.913958 0.211241 1.0 0.921413 0.213996 1.0 0.921247 0.213996 1.0
0 0.833496 0.300406 0.014648 0.02977 0.829765 0.298043 1.0 0.83517 0.295422 1.0 0.831791 0.301789 1.0 0.83098 0.308157 1.0 0.837063 0.306471 1.0
0 0.791016 0.315291 0.015625 0.027064 0.0 0.0 0.0 0.0 0.0 0.0 0.0 0.0 0.0 0.0 0.0 0.0 0.0 0.0 0.0
0 0.748047 0.355886 0.011719 0.024357 0.743164 0.35318 1.0 0.745117 0.351827 1.0 0.743164 0.358593 1.0 0.744141 0.364005 1.0 0.746094 0.362652 1.0
0 0.61377 0.392422 0.010742 0.013532 0.0 0.0 0.0 0.0 0.0 0.0 0.0 0.0 0.0 0.0 0.0 0.0 0.0 0.0 0.0
0 0.522949 0.455345 0.010742 0.014885 0.519531 0.456022 1.0 0.523438 0.454668 1.0 0.522461 0.458728 1.0 0.520508 0.462788 1.0 0.525391 0.461434 1.0
0 0.503906 0.447226 0.009766 0.012179 0.0 0.0 0.0 0.0 0.0 0.0 0.0 0.0 0.0 0.0 0.0 0.0 0.0 0.0 0.0
0 0.498047 0.455345 0.009766 0.012179 0.0 0.0 0.0 0.0 0.0 0.0 0.0 0.0 0.0 0.0 0.0 0.0 0.0 0.0 0.0
0 0.461914 0.466847 0.007812 0.016238 0.46072 0.465276 1.0 0.463701 0.46495 1.0 0.462132 0.468321 1.0 0.461269 0.470823 1.0 0.463623 0.470713 1.0
0 0.416992 0.491204 0.007812 0.013532 0.416016 0.489851 1.0 0.418945 0.488498 1.0 0.417969 0.492558 1.0 0.416016 0.495264 1.0 0.419922 0.493911 1.0
0 0.412109 0.493234 0.005859 0.009472 0.0 0.0 0.0 0.0 0.0 0.0 0.0 0.0 0.0 0.0 0.0 0.0 0.0 0.0 0.0
0 0.325684 0.694181 0.004883 0.005413 0.0 0.0 0.0 0.0 0.0 0.0 0.0 0.0 0.0 0.0 0.0 0.0 0.0 0.0 0.0
0 0.152832 0.596752 0.06543 0.102842 0.141602 0.579161 1.0 0.168945 0.583221 1.0 0.15332 0.607578 1.0 0.135742 0.625169 1.0 0.166016 0.629229 1.0