0 0.083008 0.475043 0.107422 0.22031 0.062003 0.436632 1.0 0.110927 0.435241 1.0 0.093566 0.464448 1.0 0.069104 0.521468 1.0 0.110138 0.521468 1.0
0 0.199219 0.495697 0.082031 0.151463 0.181837 0.482351 1.0 0.221619 0.475627 1.0 0.206359 0.496757 1.0 0.193281 0.536138 1.0 0.219983 0.537098 1.0
0 0.364258 0.669535 0.103516 0.168675 0.348829 0.632038 1.0 0.389104 0.629749 1.0 0.375462 0.661806 1.0 0.355325 0.707601 1.0 0.39365 0.701876 1.0
0 0.606445 0.583477 0.091797 0.168675 0.620501 0.498241 1.0 0.648982 0.499308 1.0 0.63565 0.523874 1.0 0.624137 0.543098 1.0 0.644135 0.542031 1.0
0 0.864258 0.567986 0.111328 0.192771 0.854645 0.542384 1.0 0.894653 0.526301 1.0 0.88974 0.568363 1.0 0.873596 0.612898 1.0 0.905884 0.599291 1.0
0 0.694336 0.518072 0.080078 0.16179 0.674133 0.470203 1.0 0.711822 0.477356 1.0 0.693268 0.491663 1.0 0.667755 0.540716 1.0 0.712402 0.550936 1.0
0 0.418945 0.614458 0.064453 0.175559 0.0 0.0 0.0 0.0 0.0 0.0 0.0 0.0 0.0 0.0 0.0 0.0 0.0 0.0 0.0
0 0.427734 0.502582 0.070312 0.151463 0.411133 0.48537 1.0 0.446289 0.490534 1.0 0.426758 0.509466 1.0 0.417969 0.554217 1.0 0.44043 0.555938 1.0
0 0.339844 0.583477 0.113281 0.216867 0.347072 0.637017 1.0 0.390285 0.631577 1.0 0.377167 0.662859 1.0 0.350158 0.706379 1.0 0.398002 0.702299 1.0
0 0.516602 0.476764 0.060547 0.148021 0.507812 0.45611 1.0 0.535156 0.454389 1.0 0.524414 0.473322 1.0 0.519531 0.493976 1.0 0.53125 0.490534 1.0
0 0.632812 0.531842 0.078125 0.203098 0.0 0.0 0.0 0.0 0.0 0.0 0.0 0.0 0.0 0.0 0.0 0.0 0.0 0.0 0.0
0 0.777344 0.500861 0.078125 0.16179 0.761779 0.478539 1.0 0.801209 0.476496 1.0 0.790771 0.5 1.0 0.772217 0.544966 1.0 0.802368 0.543943 1.0
0 0.951172 0.598967 0.078125 0.192771 0.93954 0.576392 1.0 0.963497 0.577599 1.0 0.95186 0.599313 1.0 0.9457 0.639122 1.0 0.971025 0.646361 1.0
0 0.279297 0.662651 0.085938 0.182444 0.259971 0.642327 1.0 0.294398 0.625153 1.0 0.286604 0.66179 1.0 0.27621 0.706441 1.0 0.299596 0.698427 1.0
0 0.180664 0.672978 0.091797 0.203098 0.15979 0.64517 1.0 0.193281 0.642604 1.0 0.174352 0.672117 1.0 0.165614 0.696497 1.0 0.183088 0.695215 1.0