0 0.258301 0.554094 0.026367 0.046784 0.248592 0.547782 1.0 0.25742 0.551013 1.0 0.250161 0.558061 1.0 0.247415 0.568635 1.0 0.254478 0.571278 1.0
0 0.268066 0.475146 0.014648 0.02924 0.267831 0.474794 1.0 0.268337 0.474982 1.0 0.265429 0.479148 1.0 0.263912 0.48369 1.0 0.266946 0.483311 1.0
0 0.286133 0.458333 0.009766 0.02193 0.282227 0.457602 1.0 0.286133 0.459064 1.0 0.283203 0.46345 1.0 0.282227 0.466374 1.0 0.285156 0.466374 1.0
0 0.179688 0.505848 0.019531 0.040936 0.171875 0.502924 1.0 0.176758 0.502924 1.0 0.172852 0.511696 1.0 0.173828 0.517544 1.0 0.174805 0.517544 1.0
0 0.233887 0.486111 0.012695 0.019006 0.230469 0.482456 1.0 0.235352 0.482456 1.0 0.229492 0.486842 1.0 0.230469 0.49269 1.0 0.231445 0.49269 1.0
0 0.016113 0.480263 0.018555 0.02193 0.012695 0.479532 1.0 0.020508 0.479532 1.0 0.016602 0.48538 1.0 0.012695 0.489766 1.0 0.019531 0.489766 1.0
0 0.162109 0.552632 0.009766 0.017544 0.0 0.0 0.0 0.0 0.0 0.0 0.0 0.0 0.0 0.0 0.0 0.0 0.0 0.0 0.0
0 0.253906 0.459064 0.011719 0.017544 0.0 0.0 0.0 0.0 0.0 0.0 0.0 0.0 0.0 0.0 0.0 0.0 0.0 0.0 0.0
0 0.109863 0.733918 0.129883 0.172515 0.111834 0.702512 1.0 0.160191 0.685333 1.0 0.150355 0.727053 1.0 0.115932 0.779814 1.0 0.156093 0.757728 1.0
0 0.45459 0.880117 0.09668 0.19883 0.420732 0.860589 1.0 0.459533 0.858266 1.0 0.426165 0.915192 1.0 0.423061 0.934942 1.0 0.457981 0.94075 1.0
0 0.617676 0.564327 0.030273 0.061404 0.613525 0.557775 1.0 0.625558 0.557383 1.0 0.621111 0.567564 1.0 0.614833 0.580096 1.0 0.625558 0.579313 1.0
0 0.538574 0.546784 0.018555 0.04386 0.53254 0.547358 1.0 0.53465 0.548507 1.0 0.530431 0.555686 1.0 0.534267 0.562004 1.0 0.535418 0.562291 1.0
0 0.503418 0.565058 0.020508 0.033626 0.50293 0.559942 1.0 0.509766 0.559942 1.0 0.506836 0.568713 1.0 0.50293 0.574561 1.0 0.506836 0.574561 1.0
0 0.484863 0.493421 0.010742 0.033626 0.482361 0.494282 1.0 0.488403 0.494499 1.0 0.484375 0.498806 1.0 0.483224 0.506129 1.0 0.487108 0.506344 1.0
0 0.491211 0.486111 0.007812 0.02193 0.0 0.0 0.0 0.0 0.0 0.0 0.0 0.0 0.0 0.0 0.0 0.0 0.0 0.0 0.0
0 0.435547 0.513158 0.011719 0.020468 0.0 0.0 0.0 0.0 0.0 0.0 0.0 0.0 0.0 0.0 0.0 0.0 0.0 0.0 0.0
0 0.421875 0.503655 0.015625 0.042398 0.0 0.0 0.0 0.0 0.0 0.0 0.0 0.0 0.0 0.0 0.0 0.0 0.0 0.0 0.0
0 0.396973 0.502924 0.012695 0.026316 0.398604 0.501716 1.0 0.400486 0.501893 1.0 0.400604 0.505946 1.0 0.399898 0.509999 1.0 0.401192 0.510175 1.0
0 0.449707 0.475146 0.008789 0.01462 0.0 0.0 0.0 0.0 0.0 0.0 0.0 0.0 0.0 0.0 0.0 0.0 0.0 0.0 0.0
0 0.475098 0.479532 0.004883 0.017544 0.0 0.0 0.0 0.0 0.0 0.0 0.0 0.0 0.0 0.0 0.0 0.0 0.0 0.0 0.0
0 0.368652 0.484649 0.012695 0.02193 0.0 0.0 0.0 0.0 0.0 0.0 0.0 0.0 0.0 0.0 0.0 0.0 0.0 0.0 0.0
0 0.396484 0.464912 0.011719 0.017544 0.0 0.0 0.0 0.0 0.0 0.0 0.0 0.0 0.0 0.0 0.0 0.0 0.0 0.0 0.0
0 0.381836 0.537281 0.023438 0.045322 0.374354 0.531642 1.0 0.383754 0.535374 1.0 0.374931 0.539969 1.0 0.374354 0.547724 1.0 0.381068 0.547724 1.0
0 0.675781 0.550439 0.013672 0.033626 0.672503 0.547038 1.0 0.678113 0.545746 1.0 0.676675 0.552208 1.0 0.674229 0.556515 1.0 0.678401 0.556085 1.0
0 0.761719 0.530702 0.023438 0.046784 0.764953 0.529501 1.0 0.769566 0.5283 1.0 0.771371 0.537307 1.0 0.765756 0.546314 1.0 0.77077 0.544813 1.0
0 0.727051 0.471491 0.012695 0.024854 0.0 0.0 0.0 0.0 0.0 0.0 0.0 0.0 0.0 0.0 0.0 0.0 0.0 0.0 0.0
0 0.731445 0.461257 0.009766 0.019006 0.0 0.0 0.0 0.0 0.0 0.0 0.0 0.0 0.0 0.0 0.0 0.0 0.0 0.0 0.0
0 0.697266 0.486111 0.007812 0.016082 0.0 0.0 0.0 0.0 0.0 0.0 0.0 0.0 0.0 0.0 0.0 0.0 0.0 0.0 0.0
0 0.812988 0.509503 0.010742 0.02193 0.0 0.0 0.0 0.0 0.0 0.0 0.0 0.0 0.0 0.0 0.0 0.0 0.0 0.0 0.0
0 0.706543 0.578216 0.041992 0.068713 0.692618 0.572094 1.0 0.710437 0.576029 1.0 0.696708 0.586962 1.0 0.69145 0.60183 1.0 0.706347 0.607077 1.0
0 0.858887 0.486842 0.010742 0.020468 0.856781 0.4857 1.0 0.863189 0.486111 1.0 0.860352 0.492415 1.0 0.85788 0.495842 1.0 0.862183 0.495842 1.0
0 0.891113 0.515351 0.016602 0.033626 0.897461 0.51462 1.0 0.899414 0.51462 1.0 0.902344 0.520468 1.0 0.899414 0.526316 1.0 0.900391 0.524854 1.0
0 0.905273 0.494152 0.015625 0.02924 0.90625 0.49269 1.0 0.912109 0.49269 1.0 0.90918 0.5 1.0 0.905273 0.502924 1.0 0.90918 0.505848 1.0
0 0.92334 0.520468 0.020508 0.023392 0.929688 0.52193 1.0 0.935547 0.520468 1.0 0.931641 0.526316 1.0 0.927734 0.530702 1.0 0.930664 0.530702 1.0
0 0.869141 0.472222 0.009766 0.020468 0.869141 0.473684 1.0 0.873047 0.473684 1.0 0.871094 0.47807 1.0 0.869141 0.480994 1.0 0.873047 0.482456 1.0
0 0.881348 0.469298 0.008789 0.017544 0.882812 0.467836 1.0 0.884766 0.467836 1.0 0.883789 0.472222 1.0 0.881836 0.476608 1.0 0.884766 0.475146 1.0
0 0.922363 0.471491 0.008789 0.016082 0.918945 0.47076 1.0 0.920898 0.47076 1.0 0.919922 0.473684 1.0 0.918945 0.47807 1.0 0.921875 0.476608 1.0
0 0.939941 0.464912 0.006836 0.01462 0.0 0.0 0.0 0.0 0.0 0.0 0.0 0.0 0.0 0.0 0.0 0.0 0.0 0.0 0.0
0 0.891602 0.456871 0.007812 0.013158 0.888672 0.453216 1.0 0.892578 0.453216 1.0 0.891602 0.45614 1.0 0.889648 0.460526 1.0 0.894531 0.460526 1.0
0 0.953613 0.574561 0.022461 0.02924 0.958008 0.567251 1.0 0.961914 0.567251 1.0 0.964844 0.574561 1.0 0.960938 0.581871 1.0 0.963867 0.580409 1.0
0 0.973633 0.475146 0.005859 0.008772 0.0 0.0 0.0 0.0 0.0 0.0 0.0 0.0 0.0 0.0 0.0 0.0 0.0 0.0 0.0
0 0.543457 0.474415 0.012695 0.02193 0.541992 0.473684 1.0 0.546875 0.473684 1.0 0.542969 0.47807 1.0 0.541016 0.483918 1.0 0.544922 0.483918 1.0
0 0.963379 0.959795 0.071289 0.080409 0.0 0.0 0.0 0.0 0.0 0.0 0.0 0.0 0.0 0.0 0.0 0.0 0.0 0.0 0.0
0 0.670898 0.508041 0.017578 0.039474 0.0 0.0 0.0 0.0 0.0 0.0 0.0 0.0 0.0 0.0 0.0 0.0 0.0 0.0 0.0
0 0.841797 0.45614 0.007812 0.017544 0.0 0.0 0.0 0.0 0.0 0.0 0.0 0.0 0.0 0.0 0.0 0.0 0.0 0.0 0.0
0 0.37207 0.445175 0.017578 0.033626 0.0 0.0 0.0 0.0 0.0 0.0 0.0 0.0 0.0 0.0 0.0 0.0 0.0 0.0 0.0
0 0.04541 0.511696 0.016602 0.02924 0.0 0.0 0.0 0.0 0.0 0.0 0.0 0.0 0.0 0.0 0.0 0.0 0.0 0.0 0.0
0 0.041016 0.483187 0.017578 0.02193 0.0 0.0 0.0 0.0 0.0 0.0 0.0 0.0 0.0 0.0 0.0 0.0 0.0 0.0 0.0
0 0.070312 0.551901 0.027344 0.030702 0.0 0.0 0.0 0.0 0.0 0.0 0.0 0.0 0.0 0.0 0.0 0.0 0.0 0.0 0.0
0 0.220215 0.49269 0.010742 0.023392 0.0 0.0 0.0 0.0 0.0 0.0 0.0 0.0 0.0 0.0 0.0 0.0 0.0 0.0 0.0
0 0.935547 0.472222 0.007812 0.01462 0.0 0.0 0.0 0.0 0.0 0.0 0.0 0.0 0.0 0.0 0.0 0.0 0.0 0.0 0.0
0 0.804199 0.530702 0.010742 0.01462 0.0 0.0 0.0 0.0 0.0 0.0 0.0 0.0 0.0 0.0 0.0 0.0 0.0 0.0 0.0
0 0.443848 0.47807 0.006836 0.011696 0.0 0.0 0.0 0.0 0.0 0.0 0.0 0.0 0.0 0.0 0.0 0.0 0.0 0.0 0.0