0 0.258789 0.061286 0.007812 0.014948 0.257616 0.059637 1.0 0.260951 0.060538 1.0 0.259251 0.06294 1.0 0.257682 0.065342 1.0 0.259644 0.066244 1.0
0 0.297363 0.086697 0.006836 0.014948 0.0 0.0 0.0 0.0 0.0 0.0 0.0 0.0 0.0 0.0 0.0 0.0 0.0 0.0 0.0
0 0.306641 0.086697 0.005859 0.011958 0.0 0.0 0.0 0.0 0.0 0.0 0.0 0.0 0.0 0.0 0.0 0.0 0.0 0.0 0.0
0 0.388672 0.130045 0.005859 0.011958 0.0 0.0 0.0 0.0 0.0 0.0 0.0 0.0 0.0 0.0 0.0 0.0 0.0 0.0 0.0
0 0.396973 0.139761 0.004883 0.010463 0.0 0.0 0.0 0.0 0.0 0.0 0.0 0.0 0.0 0.0 0.0 0.0 0.0 0.0 0.0
0 0.461914 0.164425 0.003906 0.008969 0.0 0.0 0.0 0.0 0.0 0.0 0.0 0.0 0.0 0.0 0.0 0.0 0.0 0.0 0.0
0 0.453613 0.161435 0.004883 0.008969 0.0 0.0 0.0 0.0 0.0 0.0 0.0 0.0 0.0 0.0 0.0 0.0 0.0 0.0 0.0
0 0.146973 0.038864 0.004883 0.011958 0.0 0.0 0.0 0.0 0.0 0.0 0.0 0.0 0.0 0.0 0.0 0.0 0.0 0.0 0.0
0 0.021973 0.399103 0.010742 0.017937 0.0 0.0 0.0 0.0 0.0 0.0 0.0 0.0 0.0 0.0 0.0 0.0 0.0 0.0 0.0
0 0.049316 0.41704 0.018555 0.029895 0.045432 0.421519 1.0 0.055167 0.421132 1.0 0.050995 0.428097 1.0 0.045179 0.429839 1.0 0.054535 0.430033 1.0
0 0.065918 0.411809 0.008789 0.019432 0.0 0.0 0.0 0.0 0.0 0.0 0.0 0.0 0.0 0.0 0.0 0.0 0.0 0.0 0.0
0 0.125977 0.421525 0.013672 0.023916 0.0 0.0 0.0 0.0 0.0 0.0 0.0 0.0 0.0 0.0 0.0 0.0 0.0 0.0 0.0
0 0.144531 0.408819 0.011719 0.022422 0.0 0.0 0.0 0.0 0.0 0.0 0.0 0.0 0.0 0.0 0.0 0.0 0.0 0.0 0.0
0 0.222168 0.372945 0.02832 0.058296 0.223358 0.36377 1.0 0.233669 0.36377 1.0 0.235348 0.375514 1.0 0.225756 0.387259 1.0 0.233189 0.388726 1.0
0 0.248047 0.577728 0.025391 0.025411 0.0 0.0 0.0 0.0 0.0 0.0 0.0 0.0 0.0 0.0 0.0 0.0 0.0 0.0 0.0
0 0.315918 0.423019 0.012695 0.023916 0.0 0.0 0.0 0.0 0.0 0.0 0.0 0.0 0.0 0.0 0.0 0.0 0.0 0.0 0.0
0 0.453613 0.453662 0.010742 0.022422 0.452941 0.449685 1.0 0.45649 0.446602 1.0 0.456587 0.45174 1.0 0.45486 0.457172 1.0 0.456778 0.456879 1.0
0 0.483887 0.436472 0.010742 0.023916 0.0 0.0 0.0 0.0 0.0 0.0 0.0 0.0 0.0 0.0 0.0 0.0 0.0 0.0 0.0
0 0.373047 0.430493 0.005859 0.011958 0.0 0.0 0.0 0.0 0.0 0.0 0.0 0.0 0.0 0.0 0.0 0.0 0.0 0.0 0.0
0 0.428223 0.431241 0.008789 0.019432 0.0 0.0 0.0 0.0 0.0 0.0 0.0 0.0 0.0 0.0 0.0 0.0 0.0 0.0 0.0
0 0.615723 0.449178 0.018555 0.03438 0.0 0.0 0.0 0.0 0.0 0.0 0.0 0.0 0.0 0.0 0.0 0.0 0.0 0.0 0.0
0 0.782715 0.443946 0.006836 0.014948 0.0 0.0 0.0 0.0 0.0 0.0 0.0 0.0 0.0 0.0 0.0 0.0 0.0 0.0 0.0
0 0.865723 0.420777 0.008789 0.019432 0.0 0.0 0.0 0.0 0.0 0.0 0.0 0.0 0.0 0.0 0.0 0.0 0.0 0.0 0.0
0 0.947266 0.426756 0.011719 0.022422 0.942549 0.425275 1.0 0.946961 0.426009 1.0 0.943604 0.431148 1.0 0.942932 0.434964 1.0 0.94581 0.435259 1.0
0 0.98291 0.437967 0.008789 0.017937 0.0 0.0 0.0 0.0 0.0 0.0 0.0 0.0 0.0 0.0 0.0 0.0 0.0 0.0 0.0
0 0.758789 0.486547 0.019531 0.028401 0.0 0.0 0.0 0.0 0.0 0.0 0.0 0.0 0.0 0.0 0.0 0.0 0.0 0.0 0.0