0 0.106445 0.02489 0.033203 0.046852 0.0 0.0 0.0 0.0 0.0 0.0 0.0 0.0 0.0 0.0 0.0 0.0 0.0 0.0 0.0
0 0.171387 0.060761 0.040039 0.065886 0.0 0.0 0.0 0.0 0.0 0.0 0.0 0.0 0.0 0.0 0.0 0.0 0.0 0.0 0.0
0 0.181152 0.169107 0.063477 0.136164 0.160675 0.155407 1.0 0.181807 0.152837 1.0 0.167528 0.17082 1.0 0.16296 0.201644 1.0 0.185233 0.199933 1.0
0 0.519043 0.122255 0.036133 0.062958 0.509513 0.110425 1.0 0.523075 0.109627 1.0 0.516161 0.123183 1.0 0.509778 0.135145 1.0 0.522277 0.135145 1.0
0 0.628418 0.174963 0.112305 0.197657 0.595625 0.145668 1.0 0.645324 0.1407 1.0 0.616333 0.192859 1.0 0.602251 0.216455 1.0 0.644496 0.213972 1.0
0 0.738281 0.058565 0.021484 0.038067 0.0 0.0 0.0 0.0 0.0 0.0 0.0 0.0 0.0 0.0 0.0 0.0 0.0 0.0 0.0
0 0.754395 0.118594 0.020508 0.046852 0.0 0.0 0.0 0.0 0.0 0.0 0.0 0.0 0.0 0.0 0.0 0.0 0.0 0.0 0.0
0 0.79834 0.060029 0.012695 0.038067 0.0 0.0 0.0 0.0 0.0 0.0 0.0 0.0 0.0 0.0 0.0 0.0 0.0 0.0 0.0
0 0.786133 0.08858 0.013672 0.030747 0.0 0.0 0.0 0.0 0.0 0.0 0.0 0.0 0.0 0.0 0.0 0.0 0.0 0.0 0.0
0 0.841797 0.065886 0.019531 0.038067 0.0 0.0 0.0 0.0 0.0 0.0 0.0 0.0 0.0 0.0 0.0 0.0 0.0 0.0 0.0
0 0.751953 0.005124 0.0 0.001464 0.0 0.0 0.0 0.0 0.0 0.0 0.0 0.0 0.0 0.0 0.0 0.0 0.0 0.0 0.0
0 0.870605 0.079795 0.014648 0.027818 0.0 0.0 0.0 0.0 0.0 0.0 0.0 0.0 0.0 0.0 0.0 0.0 0.0 0.0 0.0
0 0.896484 0.090044 0.021484 0.039531 0.889047 0.088567 1.0 0.896502 0.08658 1.0 0.8912 0.09577 1.0 0.890869 0.101482 1.0 0.895011 0.098999 1.0
0 0.928223 0.062225 0.022461 0.04246 0.0 0.0 0.0 0.0 0.0 0.0 0.0 0.0 0.0 0.0 0.0 0.0 0.0 0.0 0.0
0 0.937988 0.078331 0.02832 0.039531 0.931092 0.062592 1.0 0.943176 0.061493 1.0 0.934937 0.075493 1.0 0.931824 0.084829 1.0 0.940979 0.083731 1.0
0 0.866699 0.211567 0.067383 0.095168 0.84627 0.19118 1.0 0.877563 0.191814 1.0 0.859803 0.218442 1.0 0.850922 0.243804 1.0 0.869951 0.244438 1.0
0 0.993164 0.148609 0.013672 0.057101 0.0 0.0 0.0 0.0 0.0 0.0 0.0 0.0 0.0 0.0 0.0 0.0 0.0 0.0 0.0
0 0.991699 0.085652 0.016602 0.051245 0.0 0.0 0.0 0.0 0.0 0.0 0.0 0.0 0.0 0.0 0.0 0.0 0.0 0.0 0.0
0 0.564453 0.051245 0.033203 0.061493 0.550891 0.042937 1.0 0.566314 0.040545 1.0 0.555943 0.051709 1.0 0.553018 0.063271 1.0 0.56206 0.062873 1.0