0 0.05127 0.422 0.030273 0.044 0.048131 0.414191 1.0 0.060268 0.416761 1.0 0.052734 0.425905 1.0 0.04541 0.430476 1.0 0.058385 0.432476 1.0
0 0.138672 0.423333 0.023438 0.041333 0.0 0.0 0.0 0.0 0.0 0.0 0.0 0.0 0.0 0.0 0.0 0.0 0.0 0.0 0.0
0 0.144531 0.453333 0.025391 0.042667 0.135119 0.445435 1.0 0.146301 0.444899 1.0 0.13865 0.454541 1.0 0.138062 0.462577 1.0 0.145124 0.461773 1.0
0 0.249023 0.450667 0.023438 0.04 0.242161 0.444113 1.0 0.254722 0.443345 1.0 0.247785 0.454095 1.0 0.244224 0.460239 1.0 0.254347 0.459471 1.0
0 0.322754 0.406 0.022461 0.038667 0.316406 0.405333 1.0 0.323242 0.404 1.0 0.320312 0.410667 1.0 0.317383 0.42 1.0 0.324219 0.417333 1.0
0 0.360352 0.458 0.027344 0.046667 0.355683 0.450411 1.0 0.368134 0.4495 1.0 0.360574 0.462251 1.0 0.356794 0.470143 1.0 0.368801 0.470143 1.0
0 0.484375 0.462 0.017578 0.038667 0.485718 0.455083 1.0 0.49176 0.454333 1.0 0.491943 0.463584 1.0 0.484436 0.470584 1.0 0.48993 0.470833 1.0
0 0.511719 0.442 0.023438 0.038667 0.506762 0.433833 1.0 0.518022 0.433833 1.0 0.511588 0.440911 1.0 0.506404 0.448232 1.0 0.517665 0.447744 1.0
0 0.567383 0.464667 0.021484 0.044 0.560055 0.457739 1.0 0.562309 0.458857 1.0 0.557391 0.467529 1.0 0.562513 0.474524 1.0 0.563947 0.476203 1.0
0 0.688965 0.437333 0.024414 0.045333 0.690849 0.428285 1.0 0.696917 0.427143 1.0 0.699638 0.435715 1.0 0.692522 0.445715 1.0 0.697963 0.444572 1.0
0 0.737305 0.49 0.017578 0.038667 0.0 0.0 0.0 0.0 0.0 0.0 0.0 0.0 0.0 0.0 0.0 0.0 0.0 0.0 0.0
0 0.791992 0.5 0.023438 0.034667 0.786665 0.493828 1.0 0.796666 0.491625 1.0 0.791826 0.501756 1.0 0.790052 0.507923 1.0 0.796988 0.507041 1.0
0 0.95752 0.46 0.026367 0.042667 0.947514 0.453172 1.0 0.956931 0.452637 1.0 0.950064 0.46228 1.0 0.951438 0.469244 1.0 0.957716 0.468708 1.0