0 0.029297 0.056296 0.011719 0.020741 0.0 0.0 0.0 0.0 0.0 0.0 0.0 0.0 0.0 0.0 0.0 0.0 0.0 0.0 0.0
0 0.04541 0.013333 0.006836 0.014815 0.0 0.0 0.0 0.0 0.0 0.0 0.0 0.0 0.0 0.0 0.0 0.0 0.0 0.0 0.0
0 0.063965 0.034074 0.008789 0.017778 0.0 0.0 0.0 0.0 0.0 0.0 0.0 0.0 0.0 0.0 0.0 0.0 0.0 0.0 0.0
0 0.066406 0.288148 0.013672 0.034074 0.061602 0.285747 1.0 0.066206 0.28793 1.0 0.061458 0.291203 1.0 0.06189 0.295132 1.0 0.064191 0.296224 1.0
0 0.082031 0.35037 0.015625 0.028148 0.076146 0.348353 1.0 0.081796 0.352818 1.0 0.076734 0.353889 1.0 0.07438 0.356388 1.0 0.077205 0.359425 1.0
0 0.022949 0.662222 0.012695 0.032593 0.01773 0.663121 1.0 0.023137 0.666607 1.0 0.018136 0.669477 1.0 0.01773 0.671938 1.0 0.020028 0.673373 1.0
0 0.237305 0.459259 0.009766 0.023704 0.233363 0.459895 1.0 0.238909 0.459735 1.0 0.236293 0.46545 1.0 0.234306 0.467831 1.0 0.238281 0.467831 1.0
0 0.362305 0.42963 0.013672 0.02963 0.359035 0.429847 1.0 0.362575 0.429656 1.0 0.359161 0.435601 1.0 0.358276 0.437711 1.0 0.363334 0.437711 1.0
0 0.33252 0.375556 0.010742 0.019259 0.0 0.0 0.0 0.0 0.0 0.0 0.0 0.0 0.0 0.0 0.0 0.0 0.0 0.0 0.0
0 0.277832 0.352593 0.014648 0.026667 0.0 0.0 0.0 0.0 0.0 0.0 0.0 0.0 0.0 0.0 0.0 0.0 0.0 0.0 0.0
0 0.227539 0.316296 0.011719 0.025185 0.0 0.0 0.0 0.0 0.0 0.0 0.0 0.0 0.0 0.0 0.0 0.0 0.0 0.0 0.0
0 0.288086 0.222222 0.011719 0.026667 0.286499 0.210767 1.0 0.289899 0.214206 1.0 0.286499 0.215754 1.0 0.284459 0.220053 1.0 0.286612 0.2216 1.0
0 0.262207 0.174074 0.012695 0.025185 0.0 0.0 0.0 0.0 0.0 0.0 0.0 0.0 0.0 0.0 0.0 0.0 0.0 0.0 0.0
0 0.279297 0.143704 0.009766 0.026667 0.0 0.0 0.0 0.0 0.0 0.0 0.0 0.0 0.0 0.0 0.0 0.0 0.0 0.0 0.0
0 0.37793 0.251852 0.015625 0.02963 0.373034 0.252837 1.0 0.378976 0.253988 1.0 0.375688 0.259742 1.0 0.373666 0.260317 1.0 0.378976 0.261084 1.0
0 0.363281 0.157037 0.015625 0.023704 0.0 0.0 0.0 0.0 0.0 0.0 0.0 0.0 0.0 0.0 0.0 0.0 0.0 0.0 0.0
0 0.469238 0.27037 0.014648 0.031111 0.462472 0.26705 1.0 0.467312 0.268637 1.0 0.462342 0.272804 1.0 0.462472 0.277566 1.0 0.466004 0.27697 1.0
0 0.408691 0.322963 0.012695 0.023704 0.404693 0.320853 1.0 0.409406 0.321766 1.0 0.404994 0.327241 1.0 0.404594 0.330741 1.0 0.406799 0.330893 1.0
0 0.537109 0.500741 0.013672 0.023704 0.532108 0.496237 1.0 0.536421 0.499431 1.0 0.531006 0.499431 1.0 0.530806 0.505821 1.0 0.533813 0.506428 1.0
0 0.597656 0.285926 0.009766 0.023704 0.0 0.0 0.0 0.0 0.0 0.0 0.0 0.0 0.0 0.0 0.0 0.0 0.0 0.0 0.0
0 0.48291 0.214074 0.010742 0.022222 0.0 0.0 0.0 0.0 0.0 0.0 0.0 0.0 0.0 0.0 0.0 0.0 0.0 0.0 0.0
0 0.60498 0.178519 0.012695 0.025185 0.0 0.0 0.0 0.0 0.0 0.0 0.0 0.0 0.0 0.0 0.0 0.0 0.0 0.0 0.0
0 0.650391 0.085185 0.011719 0.028148 0.646707 0.085311 1.0 0.647178 0.085668 1.0 0.644941 0.088347 1.0 0.645883 0.09299 1.0 0.645883 0.092633 1.0
0 0.156738 0.163704 0.012695 0.028148 0.0 0.0 0.0 0.0 0.0 0.0 0.0 0.0 0.0 0.0 0.0 0.0 0.0 0.0 0.0
0 0.294434 0.035556 0.012695 0.032593 0.289054 0.032413 1.0 0.293945 0.035033 1.0 0.28891 0.038961 1.0 0.287615 0.043545 1.0 0.2915 0.043545 1.0
0 0.762695 0.039259 0.013672 0.028148 0.759735 0.038135 1.0 0.763267 0.040279 1.0 0.758558 0.043849 1.0 0.75844 0.046707 1.0 0.762207 0.049385 1.0
0 0.904297 0.012593 0.009766 0.022222 0.0 0.0 0.0 0.0 0.0 0.0 0.0 0.0 0.0 0.0 0.0 0.0 0.0 0.0 0.0
0 0.86084 0.151852 0.014648 0.025185 0.857631 0.149047 1.0 0.859933 0.149683 1.0 0.856271 0.154444 1.0 0.858154 0.15873 1.0 0.859933 0.158572 1.0
0 0.854492 0.214815 0.011719 0.026667 0.0 0.0 0.0 0.0 0.0 0.0 0.0 0.0 0.0 0.0 0.0 0.0 0.0 0.0 0.0
0 0.950684 0.197778 0.010742 0.028148 0.0 0.0 0.0 0.0 0.0 0.0 0.0 0.0 0.0 0.0 0.0 0.0 0.0 0.0 0.0
0 0.930176 0.265926 0.010742 0.031111 0.0 0.0 0.0 0.0 0.0 0.0 0.0 0.0 0.0 0.0 0.0 0.0 0.0 0.0 0.0
0 0.922852 0.308889 0.009766 0.025185 0.0 0.0 0.0 0.0 0.0 0.0 0.0 0.0 0.0 0.0 0.0 0.0 0.0 0.0 0.0
0 0.947266 0.315556 0.011719 0.032593 0.0 0.0 0.0 0.0 0.0 0.0 0.0 0.0 0.0 0.0 0.0 0.0 0.0 0.0 0.0
0 0.854492 0.444444 0.013672 0.026667 0.0 0.0 0.0 0.0 0.0 0.0 0.0 0.0 0.0 0.0 0.0 0.0 0.0 0.0 0.0
0 0.837891 0.416296 0.011719 0.026667 0.0 0.0 0.0 0.0 0.0 0.0 0.0 0.0 0.0 0.0 0.0 0.0 0.0 0.0 0.0
0 0.816406 0.414074 0.009766 0.025185 0.0 0.0 0.0 0.0 0.0 0.0 0.0 0.0 0.0 0.0 0.0 0.0 0.0 0.0 0.0
0 0.668945 0.446667 0.009766 0.028148 0.0 0.0 0.0 0.0 0.0 0.0 0.0 0.0 0.0 0.0 0.0 0.0 0.0 0.0 0.0
0 0.811035 0.223704 0.008789 0.020741 0.0 0.0 0.0 0.0 0.0 0.0 0.0 0.0 0.0 0.0 0.0 0.0 0.0 0.0 0.0
0 0.058105 0.925185 0.008789 0.025185 0.0 0.0 0.0 0.0 0.0 0.0 0.0 0.0 0.0 0.0 0.0 0.0 0.0 0.0 0.0
0 0.73584 0.554074 0.006836 0.026667 0.0 0.0 0.0 0.0 0.0 0.0 0.0 0.0 0.0 0.0 0.0 0.0 0.0 0.0 0.0
0 0.820801 0.54 0.006836 0.019259 0.0 0.0 0.0 0.0 0.0 0.0 0.0 0.0 0.0 0.0 0.0 0.0 0.0 0.0 0.0
0 0.818359 0.623704 0.009766 0.032593 0.0 0.0 0.0 0.0 0.0 0.0 0.0 0.0 0.0 0.0 0.0 0.0 0.0 0.0 0.0
0 0.827637 0.854074 0.008789 0.025185 0.0 0.0 0.0 0.0 0.0 0.0 0.0 0.0 0.0 0.0 0.0 0.0 0.0 0.0 0.0
0 0.854004 0.678519 0.008789 0.02963 0.853878 0.670298 1.0 0.859314 0.67164 1.0 0.856406 0.67701 1.0 0.856785 0.685067 1.0 0.859314 0.684874 1.0
0 0.598633 0.600741 0.007812 0.025185 0.0 0.0 0.0 0.0 0.0 0.0 0.0 0.0 0.0 0.0 0.0 0.0 0.0 0.0 0.0
0 0.848145 0.633333 0.006836 0.022222 0.0 0.0 0.0 0.0 0.0 0.0 0.0 0.0 0.0 0.0 0.0 0.0 0.0 0.0 0.0
0 0.979004 0.083704 0.010742 0.025185 0.0 0.0 0.0 0.0 0.0 0.0 0.0 0.0 0.0 0.0 0.0 0.0 0.0 0.0 0.0
0 0.868652 0.187407 0.012695 0.022222 0.0 0.0 0.0 0.0 0.0 0.0 0.0 0.0 0.0 0.0 0.0 0.0 0.0 0.0 0.0
0 0.642578 0.761481 0.015625 0.014815 0.0 0.0 0.0 0.0 0.0 0.0 0.0 0.0 0.0 0.0 0.0 0.0 0.0 0.0 0.0