0 0.06543 0.455065 0.029297 0.060458 0.055236 0.449178 1.0 0.062631 0.451886 1.0 0.053619 0.461163 1.0 0.053157 0.470056 1.0 0.061244 0.471989 1.0
0 0.125977 0.499183 0.017578 0.044118 0.130859 0.495098 1.0 0.133789 0.493464 1.0 0.134766 0.503268 1.0 0.125977 0.511438 1.0 0.12793 0.513072 1.0
0 0.15625 0.433824 0.025391 0.05719 0.155273 0.431912 1.0 0.165519 0.433007 1.0 0.161812 0.440667 1.0 0.154401 0.447961 1.0 0.164646 0.44869 1.0
0 0.181641 0.492647 0.027344 0.053922 0.175293 0.484127 1.0 0.187012 0.488678 1.0 0.178851 0.497433 1.0 0.174456 0.503384 1.0 0.183873 0.505835 1.0
0 0.240723 0.494281 0.026367 0.05719 0.234131 0.485804 1.0 0.24721 0.485075 1.0 0.240017 0.496382 1.0 0.235875 0.505864 1.0 0.246556 0.506229 1.0
0 0.287109 0.484477 0.019531 0.034314 0.281075 0.479459 1.0 0.288408 0.480727 1.0 0.283983 0.488766 1.0 0.28234 0.493632 1.0 0.286512 0.493632 1.0
0 0.269531 0.457516 0.013672 0.019608 0.0 0.0 0.0 0.0 0.0 0.0 0.0 0.0 0.0 0.0 0.0 0.0 0.0 0.0 0.0
0 0.356934 0.482843 0.02832 0.053922 0.352143 0.46681 1.0 0.364231 0.469209 1.0 0.35624 0.48498 1.0 0.350913 0.491837 1.0 0.359929 0.493209 1.0
0 0.390625 0.45098 0.021484 0.052288 0.394034 0.439279 1.0 0.398446 0.437266 1.0 0.402858 0.446327 1.0 0.395237 0.462098 1.0 0.39985 0.461092 1.0
0 0.412598 0.479575 0.018555 0.031046 0.40918 0.477124 1.0 0.418945 0.477124 1.0 0.414062 0.485294 1.0 0.410156 0.495098 1.0 0.417969 0.496732 1.0
0 0.435059 0.523693 0.022461 0.044118 0.428118 0.521766 1.0 0.439549 0.52149 1.0 0.434248 0.531747 1.0 0.429609 0.538676 1.0 0.440377 0.536181 1.0
0 0.496094 0.438725 0.015625 0.044118 0.0 0.0 0.0 0.0 0.0 0.0 0.0 0.0 0.0 0.0 0.0 0.0 0.0 0.0 0.0
0 0.517578 0.435458 0.023438 0.044118 0.52281 0.423261 1.0 0.51287 0.422969 1.0 0.518624 0.431139 1.0 0.513741 0.443103 1.0 0.522286 0.443103 1.0
0 0.546875 0.510621 0.023438 0.05719 0.543553 0.503969 1.0 0.555106 0.505062 1.0 0.549656 0.51491 1.0 0.543335 0.524028 1.0 0.553145 0.524394 1.0
0 0.555664 0.477941 0.021484 0.04085 0.550781 0.472222 1.0 0.561523 0.473856 1.0 0.556641 0.48366 1.0 0.551758 0.49183 1.0 0.560547 0.49183 1.0
0 0.596191 0.454248 0.020508 0.035948 0.594518 0.444678 1.0 0.60219 0.444678 1.0 0.600517 0.454482 1.0 0.594796 0.462652 1.0 0.602051 0.462418 1.0
0 0.620605 0.445261 0.016602 0.02451 0.0 0.0 0.0 0.0 0.0 0.0 0.0 0.0 0.0 0.0 0.0 0.0 0.0 0.0 0.0
0 0.638672 0.490196 0.025391 0.045752 0.633476 0.479225 1.0 0.646903 0.475724 1.0 0.642369 0.487103 1.0 0.636963 0.500234 1.0 0.645333 0.497608 1.0
0 0.699707 0.457516 0.024414 0.04902 0.694336 0.452614 1.0 0.706055 0.452614 1.0 0.701172 0.465686 1.0 0.693359 0.470588 1.0 0.706055 0.472222 1.0
0 0.729004 0.476307 0.02832 0.044118 0.724714 0.465621 1.0 0.735975 0.463827 1.0 0.731148 0.476686 1.0 0.725965 0.483864 1.0 0.73526 0.484163 1.0
0 0.844238 0.437092 0.02832 0.060458 0.839478 0.433998 1.0 0.852173 0.431722 1.0 0.848092 0.442343 1.0 0.842198 0.453343 1.0 0.851266 0.452206 1.0
0 0.888672 0.478758 0.019531 0.045752 0.887276 0.478758 1.0 0.896171 0.479634 1.0 0.891985 0.487221 1.0 0.889369 0.494222 1.0 0.894252 0.494222 1.0
0 0.986328 0.451797 0.023438 0.066993 0.977295 0.44125 1.0 0.986397 0.442941 1.0 0.976536 0.45225 1.0 0.976536 0.464943 1.0 0.985134 0.465366 1.0
0 0.472168 0.456699 0.010742 0.021242 0.0 0.0 0.0 0.0 0.0 0.0 0.0 0.0 0.0 0.0 0.0 0.0 0.0 0.0 0.0
0 0.665039 0.456699 0.011719 0.02451 0.0 0.0 0.0 0.0 0.0 0.0 0.0 0.0 0.0 0.0 0.0 0.0 0.0 0.0 0.0
0 0.677246 0.452614 0.010742 0.022876 0.0 0.0 0.0 0.0 0.0 0.0 0.0 0.0 0.0 0.0 0.0 0.0 0.0 0.0 0.0