0 0.221191 0.383952 0.008789 0.014589 0.0 0.0 0.0 0.0 0.0 0.0 0.0 0.0 0.0 0.0 0.0 0.0 0.0 0.0 0.0
0 0.26709 0.372016 0.008789 0.011936 0.0 0.0 0.0 0.0 0.0 0.0 0.0 0.0 0.0 0.0 0.0 0.0 0.0 0.0 0.0
0 0.293945 0.356101 0.009766 0.011936 0.0 0.0 0.0 0.0 0.0 0.0 0.0 0.0 0.0 0.0 0.0 0.0 0.0 0.0 0.0
0 0.3125 0.287798 0.005859 0.01061 0.0 0.0 0.0 0.0 0.0 0.0 0.0 0.0 0.0 0.0 0.0 0.0 0.0 0.0 0.0
0 0.322266 0.379973 0.007812 0.011936 0.0 0.0 0.0 0.0 0.0 0.0 0.0 0.0 0.0 0.0 0.0 0.0 0.0 0.0 0.0
0 0.358887 0.381963 0.008789 0.01061 0.0 0.0 0.0 0.0 0.0 0.0 0.0 0.0 0.0 0.0 0.0 0.0 0.0 0.0 0.0
0 0.373047 0.378647 0.007812 0.011936 0.0 0.0 0.0 0.0 0.0 0.0 0.0 0.0 0.0 0.0 0.0 0.0 0.0 0.0 0.0
0 0.384277 0.419761 0.008789 0.011936 0.0 0.0 0.0 0.0 0.0 0.0 0.0 0.0 0.0 0.0 0.0 0.0 0.0 0.0 0.0
0 0.422363 0.405836 0.006836 0.013263 0.0 0.0 0.0 0.0 0.0 0.0 0.0 0.0 0.0 0.0 0.0 0.0 0.0 0.0 0.0
0 0.421387 0.352785 0.006836 0.01061 0.0 0.0 0.0 0.0 0.0 0.0 0.0 0.0 0.0 0.0 0.0 0.0 0.0 0.0 0.0
0 0.449707 0.373342 0.006836 0.009284 0.448596 0.372105 1.0 0.451809 0.37191 1.0 0.450226 0.374906 1.0 0.448835 0.377316 1.0 0.451137 0.377316 1.0
0 0.187012 0.446286 0.030273 0.054377 0.182691 0.440347 1.0 0.196838 0.444889 1.0 0.186292 0.449431 1.0 0.180634 0.46026 1.0 0.189122 0.463753 1.0
0 0.282227 0.437666 0.033203 0.039788 0.276397 0.43178 1.0 0.290711 0.43207 1.0 0.282593 0.437003 1.0 0.277252 0.448317 1.0 0.287934 0.448317 1.0
0 0.339844 0.424403 0.03125 0.037135 0.335938 0.413793 1.0 0.350586 0.415119 1.0 0.344727 0.423077 1.0 0.335938 0.431034 1.0 0.348633 0.435013 1.0
0 0.42334 0.446286 0.030273 0.038462 0.419591 0.440153 1.0 0.433019 0.440934 1.0 0.427647 0.445102 1.0 0.422084 0.456305 1.0 0.43206 0.455523 1.0
0 0.254883 0.727454 0.050781 0.067639 0.250575 0.710798 1.0 0.270626 0.710366 1.0 0.259805 0.725926 1.0 0.249621 0.73846 1.0 0.266807 0.737595 1.0
0 0.391602 0.647878 0.050781 0.067639 0.380611 0.629926 1.0 0.404798 0.630358 1.0 0.392068 0.6403 1.0 0.379656 0.657156 1.0 0.403207 0.65802 1.0
0 0.500977 0.781167 0.058594 0.127321 0.486328 0.759947 1.0 0.522461 0.757294 1.0 0.511719 0.786472 1.0 0.495117 0.818302 1.0 0.516602 0.818302 1.0
0 0.608887 0.644562 0.040039 0.061008 0.600464 0.62735 1.0 0.620301 0.629659 1.0 0.614066 0.642359 1.0 0.60273 0.655444 1.0 0.618033 0.658524 1.0
0 0.344727 0.659814 0.03125 0.054377 0.336033 0.6522 1.0 0.338349 0.650454 1.0 0.330632 0.667221 1.0 0.33912 0.67805 1.0 0.340921 0.675955 1.0
0 0.773926 0.737401 0.086914 0.127321 0.774614 0.704765 1.0 0.805808 0.701568 1.0 0.814048 0.736737 1.0 0.787563 0.774305 1.0 0.81287 0.771907 1.0
0 0.726562 0.57626 0.044922 0.067639 0.723877 0.565792 1.0 0.743339 0.564513 1.0 0.740514 0.574318 1.0 0.727958 0.59606 1.0 0.747419 0.596485 1.0
0 0.766602 0.537135 0.017578 0.026525 0.7679 0.529603 1.0 0.773843 0.530463 1.0 0.775613 0.536643 1.0 0.769797 0.542997 1.0 0.771062 0.542654 1.0
0 0.781738 0.53183 0.012695 0.029178 0.780971 0.528231 1.0 0.787389 0.529178 1.0 0.785854 0.534293 1.0 0.782227 0.539598 1.0 0.787109 0.539031 1.0
0 0.856445 0.649867 0.029297 0.050398 0.859314 0.63683 1.0 0.861951 0.635853 1.0 0.872262 0.650833 1.0 0.865068 0.66744 1.0 0.867946 0.666138 1.0
0 0.966797 0.665119 0.058594 0.054377 0.966095 0.658737 1.0 0.977844 0.65509 1.0 0.984894 0.660105 1.0 0.979858 0.679252 1.0 0.989594 0.675605 1.0
0 0.875488 0.670424 0.03418 0.057029 0.866446 0.658625 1.0 0.879211 0.658263 1.0 0.874425 0.669821 1.0 0.873095 0.682822 1.0 0.884265 0.682462 1.0
0 0.814941 0.540451 0.016602 0.025199 0.816528 0.534649 1.0 0.820557 0.535146 1.0 0.82312 0.540782 1.0 0.817749 0.546916 1.0 0.820801 0.547082 1.0
0 0.822266 0.517241 0.015625 0.026525 0.818359 0.51061 1.0 0.826172 0.51061 1.0 0.826172 0.517241 1.0 0.825195 0.523873 1.0 0.829102 0.52122 1.0
0 0.892578 0.588859 0.015625 0.02122 0.891881 0.58346 1.0 0.898158 0.582749 1.0 0.898577 0.587581 1.0 0.895856 0.593833 1.0 0.898995 0.593975 1.0
0 0.907227 0.592838 0.009766 0.015915 0.904297 0.588859 1.0 0.90918 0.587533 1.0 0.90918 0.590186 1.0 0.908203 0.595491 1.0 0.911133 0.595491 1.0
0 0.915527 0.572944 0.014648 0.015915 0.918108 0.569013 1.0 0.923287 0.568231 1.0 0.923287 0.57279 1.0 0.920026 0.577349 1.0 0.924247 0.577219 1.0
0 0.939941 0.581565 0.018555 0.017241 0.939453 0.578249 1.0 0.945312 0.576923 1.0 0.947266 0.579576 1.0 0.943359 0.584881 1.0 0.947266 0.584881 1.0
0 0.981934 0.599469 0.018555 0.02122 0.981815 0.59545 1.0 0.989231 0.595289 1.0 0.987349 0.599606 1.0 0.984288 0.605361 1.0 0.98935 0.605361 1.0
0 0.963379 0.596154 0.012695 0.017241 0.0 0.0 0.0 0.0 0.0 0.0 0.0 0.0 0.0 0.0 0.0 0.0 0.0 0.0 0.0
0 0.660156 0.497347 0.021484 0.026525 0.655273 0.485411 1.0 0.667969 0.48939 1.0 0.664062 0.493369 1.0 0.660156 0.501326 1.0 0.667969 0.501326 1.0
0 0.687988 0.496021 0.018555 0.037135 0.686454 0.492232 1.0 0.69587 0.49531 1.0 0.693952 0.497916 1.0 0.689941 0.507153 1.0 0.694824 0.507626 1.0
0 0.62207 0.471485 0.017578 0.033156 0.620954 0.461231 1.0 0.629272 0.464215 1.0 0.626918 0.47274 1.0 0.620483 0.479135 1.0 0.626918 0.481692 1.0
0 0.604004 0.438992 0.026367 0.03183 0.609646 0.430667 1.0 0.616604 0.432918 1.0 0.617266 0.443942 1.0 0.607823 0.451817 1.0 0.611468 0.452716 1.0
0 0.523926 0.498011 0.020508 0.041114 0.518925 0.494813 1.0 0.527165 0.497477 1.0 0.521083 0.506802 1.0 0.517159 0.511066 1.0 0.52383 0.513731 1.0
0 0.510254 0.421088 0.02832 0.035809 0.506954 0.409809 1.0 0.520181 0.413692 1.0 0.51464 0.416849 1.0 0.508741 0.426801 1.0 0.517857 0.428743 1.0
0 0.433594 0.420424 0.007812 0.01061 0.0 0.0 0.0 0.0 0.0 0.0 0.0 0.0 0.0 0.0 0.0 0.0 0.0 0.0 0.0
0 0.070801 0.472812 0.020508 0.027851 0.066406 0.465517 1.0 0.081055 0.466844 1.0 0.066406 0.473475 1.0 0.064453 0.484085 1.0 0.074219 0.484085 1.0
0 0.124512 0.498011 0.020508 0.033156 0.0 0.0 0.0 0.0 0.0 0.0 0.0 0.0 0.0 0.0 0.0 0.0 0.0 0.0 0.0
0 0.025391 0.486074 0.033203 0.046419 0.015312 0.483931 1.0 0.026646 0.483931 1.0 0.015093 0.492516 1.0 0.014003 0.501694 1.0 0.024248 0.502285 1.0
0 0.99707 0.572944 0.005859 0.01061 0.0 0.0 0.0 0.0 0.0 0.0 0.0 0.0 0.0 0.0 0.0 0.0 0.0 0.0 0.0
0 0.830566 0.530504 0.006836 0.01061 0.0 0.0 0.0 0.0 0.0 0.0 0.0 0.0 0.0 0.0 0.0 0.0 0.0 0.0 0.0
0 0.415039 0.363395 0.005859 0.01061 0.0 0.0 0.0 0.0 0.0 0.0 0.0 0.0 0.0 0.0 0.0 0.0 0.0 0.0 0.0
0 0.419922 0.397215 0.005859 0.006631 0.0 0.0 0.0 0.0 0.0 0.0 0.0 0.0 0.0 0.0 0.0 0.0 0.0 0.0 0.0
0 0.280273 0.387931 0.005859 0.009284 0.0 0.0 0.0 0.0 0.0 0.0 0.0 0.0 0.0 0.0 0.0 0.0 0.0 0.0 0.0