0 0.871094 0.586093 0.039062 0.070199 0.859649 0.579446 1.0 0.880249 0.579446 1.0 0.869786 0.591864 1.0 0.8639 0.602064 1.0 0.877633 0.602064 1.0
0 0.757324 0.572185 0.041992 0.071523 0.757508 0.569246 1.0 0.773621 0.567881 1.0 0.771271 0.586548 1.0 0.756836 0.594743 1.0 0.767578 0.594289 1.0
0 0.958008 0.565563 0.052734 0.063576 0.961548 0.561258 1.0 0.977997 0.556705 1.0 0.973633 0.576283 1.0 0.959869 0.585389 1.0 0.97699 0.583568 1.0
0 0.955078 0.372185 0.037109 0.060927 0.956936 0.370583 1.0 0.970254 0.372505 1.0 0.967137 0.386342 1.0 0.952118 0.3898 1.0 0.962036 0.392875 1.0
0 0.871094 0.340397 0.03125 0.050331 0.876491 0.332095 1.0 0.885201 0.332734 1.0 0.884966 0.340717 1.0 0.873195 0.350295 1.0 0.882848 0.352531 1.0
0 0.919434 0.254305 0.02832 0.05298 0.922921 0.248587 1.0 0.93137 0.247913 1.0 0.931619 0.255665 1.0 0.925158 0.264764 1.0 0.931867 0.264764 1.0
0 0.867676 0.25894 0.020508 0.046358 0.868713 0.250295 1.0 0.877433 0.245861 1.0 0.879395 0.259756 1.0 0.867188 0.26833 1.0 0.866752 0.269217 1.0
0 0.747559 0.231788 0.022461 0.045033 0.0 0.0 0.0 0.0 0.0 0.0 0.0 0.0 0.0 0.0 0.0 0.0 0.0 0.0 0.0
0 0.568359 0.221192 0.015625 0.029139 0.0 0.0 0.0 0.0 0.0 0.0 0.0 0.0 0.0 0.0 0.0 0.0 0.0 0.0 0.0
0 0.465332 0.271523 0.022461 0.031788 0.464652 0.268106 1.0 0.471619 0.266899 1.0 0.471025 0.273332 1.0 0.467469 0.280771 1.0 0.470729 0.279967 1.0
0 0.466797 0.331126 0.019531 0.037086 0.0 0.0 0.0 0.0 0.0 0.0 0.0 0.0 0.0 0.0 0.0 0.0 0.0 0.0 0.0
0 0.441895 0.334437 0.026367 0.043709 0.435338 0.334058 1.0 0.44308 0.332356 1.0 0.438896 0.34314 1.0 0.448312 0.343992 1.0 0.448312 0.343992 1.0
0 0.300781 0.319868 0.023438 0.043709 0.0 0.0 0.0 0.0 0.0 0.0 0.0 0.0 0.0 0.0 0.0 0.0 0.0 0.0 0.0
0 0.384766 0.331126 0.019531 0.02649 0.0 0.0 0.0 0.0 0.0 0.0 0.0 0.0 0.0 0.0 0.0 0.0 0.0 0.0 0.0
0 0.52832 0.32053 0.019531 0.031788 0.0 0.0 0.0 0.0 0.0 0.0 0.0 0.0 0.0 0.0 0.0 0.0 0.0 0.0 0.0
0 0.394531 0.286755 0.017578 0.027815 0.0 0.0 0.0 0.0 0.0 0.0 0.0 0.0 0.0 0.0 0.0 0.0 0.0 0.0 0.0
0 0.345703 0.351656 0.019531 0.038411 0.0 0.0 0.0 0.0 0.0 0.0 0.0 0.0 0.0 0.0 0.0 0.0 0.0 0.0 0.0
0 0.290039 0.416556 0.027344 0.049007 0.0 0.0 0.0 0.0 0.0 0.0 0.0 0.0 0.0 0.0 0.0 0.0 0.0 0.0 0.0
0 0.282715 0.347682 0.014648 0.033113 0.0 0.0 0.0 0.0 0.0 0.0 0.0 0.0 0.0 0.0 0.0 0.0 0.0 0.0 0.0
0 0.269531 0.53245 0.03125 0.050331 0.0 0.0 0.0 0.0 0.0 0.0 0.0 0.0 0.0 0.0 0.0 0.0 0.0 0.0 0.0
0 0.15918 0.466225 0.03125 0.047682 0.153577 0.45923 1.0 0.166251 0.457119 1.0 0.160915 0.4728 1.0 0.158914 0.481244 1.0 0.168252 0.477625 1.0
0 0.18457 0.471523 0.019531 0.042384 0.180961 0.465303 1.0 0.190987 0.467207 1.0 0.186977 0.474007 1.0 0.182966 0.481894 1.0 0.189784 0.483254 1.0
0 0.194824 0.431788 0.024414 0.045033 0.192802 0.425638 1.0 0.203056 0.425638 1.0 0.199707 0.433019 1.0 0.194894 0.443236 1.0 0.202637 0.443803 1.0
0 0.227539 0.435099 0.023438 0.04106 0.222146 0.428448 1.0 0.234898 0.428448 1.0 0.228424 0.436429 1.0 0.224305 0.445477 1.0 0.231955 0.445743 1.0
0 0.265137 0.447682 0.02832 0.050331 0.258292 0.445767 1.0 0.27124 0.448001 1.0 0.262765 0.458858 1.0 0.259233 0.464925 1.0 0.26865 0.465882 1.0
0 0.079102 0.506623 0.027344 0.04106 0.071651 0.504228 1.0 0.082049 0.503163 1.0 0.074201 0.511412 1.0 0.073809 0.519661 1.0 0.081264 0.519661 1.0
0 0.079102 0.429139 0.025391 0.039735 0.0 0.0 0.0 0.0 0.0 0.0 0.0 0.0 0.0 0.0 0.0 0.0 0.0 0.0 0.0
0 0.111816 0.44702 0.026367 0.030464 0.0 0.0 0.0 0.0 0.0 0.0 0.0 0.0 0.0 0.0 0.0 0.0 0.0 0.0 0.0
0 0.032715 0.44702 0.020508 0.030464 0.027379 0.44314 1.0 0.035976 0.44294 1.0 0.031084 0.44877 1.0 0.029009 0.456409 1.0 0.0339 0.456008 1.0
0 0.251953 0.366887 0.021484 0.034437 0.0 0.0 0.0 0.0 0.0 0.0 0.0 0.0 0.0 0.0 0.0 0.0 0.0 0.0 0.0
0 0.199219 0.368212 0.009766 0.018543 0.0 0.0 0.0 0.0 0.0 0.0 0.0 0.0 0.0 0.0 0.0 0.0 0.0 0.0 0.0
0 0.100586 0.324503 0.011719 0.018543 0.0 0.0 0.0 0.0 0.0 0.0 0.0 0.0 0.0 0.0 0.0 0.0 0.0 0.0 0.0
0 0.091797 0.353642 0.011719 0.018543 0.0 0.0 0.0 0.0 0.0 0.0 0.0 0.0 0.0 0.0 0.0 0.0 0.0 0.0 0.0
0 0.078125 0.345695 0.009766 0.015894 0.0 0.0 0.0 0.0 0.0 0.0 0.0 0.0 0.0 0.0 0.0 0.0 0.0 0.0 0.0
0 0.09668 0.408609 0.017578 0.035762 0.0 0.0 0.0 0.0 0.0 0.0 0.0 0.0 0.0 0.0 0.0 0.0 0.0 0.0 0.0
0 0.128418 0.801987 0.237305 0.213245 0.0 0.0 0.0 0.0 0.0 0.0 0.0 0.0 0.0 0.0 0.0 0.0 0.0 0.0 0.0
0 0.981445 0.229139 0.03125 0.055629 0.0 0.0 0.0 0.0 0.0 0.0 0.0 0.0 0.0 0.0 0.0 0.0 0.0 0.0 0.0
0 0.841309 0.249007 0.020508 0.045033 0.0 0.0 0.0 0.0 0.0 0.0 0.0 0.0 0.0 0.0 0.0 0.0 0.0 0.0 0.0