0 0.941406 0.264184 0.017578 0.035461 0.0 0.0 0.0 0.0 0.0 0.0 0.0 0.0 0.0 0.0 0.0 0.0 0.0 0.0 0.0
0 0.92627 0.257979 0.012695 0.02305 0.0 0.0 0.0 0.0 0.0 0.0 0.0 0.0 0.0 0.0 0.0 0.0 0.0 0.0 0.0
0 0.880859 0.288121 0.015625 0.033688 0.0 0.0 0.0 0.0 0.0 0.0 0.0 0.0 0.0 0.0 0.0 0.0 0.0 0.0 0.0
0 0.849121 0.147163 0.010742 0.028369 0.0 0.0 0.0 0.0 0.0 0.0 0.0 0.0 0.0 0.0 0.0 0.0 0.0 0.0 0.0
0 0.869141 0.414894 0.035156 0.06383 0.869036 0.405427 1.0 0.881731 0.402957 1.0 0.879011 0.409954 1.0 0.87085 0.432181 1.0 0.883771 0.42683 1.0
0 0.704102 0.113475 0.015625 0.031915 0.701023 0.108741 1.0 0.707851 0.108956 1.0 0.703849 0.11494 1.0 0.701494 0.122206 1.0 0.706085 0.122206 1.0
0 0.63623 0.087766 0.014648 0.030142 0.0 0.0 0.0 0.0 0.0 0.0 0.0 0.0 0.0 0.0 0.0 0.0 0.0 0.0 0.0
0 0.579102 0.124113 0.015625 0.031915 0.576747 0.118312 1.0 0.583222 0.118952 1.0 0.579926 0.124296 1.0 0.577807 0.128996 1.0 0.581338 0.128784 1.0
0 0.720703 0.481383 0.117188 0.306738 0.700086 0.421906 1.0 0.756234 0.421906 1.0 0.736105 0.471917 1.0 0.702205 0.53539 1.0 0.753056 0.539236 1.0
0 0.613281 0.43883 0.050781 0.10461 0.614367 0.424574 1.0 0.632821 0.422603 1.0 0.62486 0.454794 1.0 0.609663 0.463993 1.0 0.623051 0.465307 1.0
0 0.538086 0.390071 0.013672 0.039007 0.0 0.0 0.0 0.0 0.0 0.0 0.0 0.0 0.0 0.0 0.0 0.0 0.0 0.0 0.0
0 0.495605 0.43883 0.022461 0.065603 0.0 0.0 0.0 0.0 0.0 0.0 0.0 0.0 0.0 0.0 0.0 0.0 0.0 0.0 0.0
0 0.371094 0.321809 0.076172 0.16844 0.351672 0.284408 1.0 0.384631 0.274791 1.0 0.371094 0.302574 1.0 0.365797 0.357071 1.0 0.386984 0.346387 1.0
0 0.327637 0.39539 0.032227 0.060284 0.322449 0.381704 1.0 0.335907 0.38248 1.0 0.330994 0.393727 1.0 0.324158 0.406138 1.0 0.336762 0.407303 1.0
0 0.280273 0.440603 0.037109 0.093972 0.0 0.0 0.0 0.0 0.0 0.0 0.0 0.0 0.0 0.0 0.0 0.0 0.0 0.0 0.0
0 0.119141 0.391844 0.060547 0.117021 0.094408 0.370346 1.0 0.120357 0.366665 1.0 0.100896 0.393167 1.0 0.097652 0.418931 1.0 0.119141 0.413778 1.0
0 0.526855 0.14539 0.014648 0.024823 0.0 0.0 0.0 0.0 0.0 0.0 0.0 0.0 0.0 0.0 0.0 0.0 0.0 0.0 0.0