0 0.112305 0.37005 0.048828 0.024752 0.0 0.0 0.0 0.0 0.0 0.0 0.0 0.0 0.0 0.0 0.0 0.0 0.0 0.0 0.0
0 0.173828 0.250619 0.041016 0.040842 0.0 0.0 0.0 0.0 0.0 0.0 0.0 0.0 0.0 0.0 0.0 0.0 0.0 0.0 0.0
0 0.221191 0.198639 0.047852 0.033416 0.0 0.0 0.0 0.0 0.0 0.0 0.0 0.0 0.0 0.0 0.0 0.0 0.0 0.0 0.0
0 0.276855 0.17203 0.041992 0.034653 0.0 0.0 0.0 0.0 0.0 0.0 0.0 0.0 0.0 0.0 0.0 0.0 0.0 0.0 0.0
0 0.339355 0.142327 0.040039 0.037129 0.0 0.0 0.0 0.0 0.0 0.0 0.0 0.0 0.0 0.0 0.0 0.0 0.0 0.0 0.0
0 0.322754 0.222772 0.018555 0.042079 0.0 0.0 0.0 0.0 0.0 0.0 0.0 0.0 0.0 0.0 0.0 0.0 0.0 0.0 0.0
0 0.312012 0.369431 0.024414 0.060644 0.0 0.0 0.0 0.0 0.0 0.0 0.0 0.0 0.0 0.0 0.0 0.0 0.0 0.0 0.0
0 0.492676 0.25495 0.036133 0.042079 0.0 0.0 0.0 0.0 0.0 0.0 0.0 0.0 0.0 0.0 0.0 0.0 0.0 0.0 0.0
0 0.534668 0.173267 0.040039 0.037129 0.0 0.0 0.0 0.0 0.0 0.0 0.0 0.0 0.0 0.0 0.0 0.0 0.0 0.0 0.0
0 0.561523 0.180693 0.023438 0.04703 0.0 0.0 0.0 0.0 0.0 0.0 0.0 0.0 0.0 0.0 0.0 0.0 0.0 0.0 0.0
0 0.57373 0.198639 0.018555 0.040842 0.0 0.0 0.0 0.0 0.0 0.0 0.0 0.0 0.0 0.0 0.0 0.0 0.0 0.0 0.0
0 0.612793 0.16151 0.038086 0.053218 0.610443 0.165554 1.0 0.620017 0.171621 1.0 0.616825 0.18308 1.0 0.605124 0.184092 1.0 0.611772 0.188135 1.0
0 0.650391 0.164604 0.033203 0.054455 0.646668 0.166074 1.0 0.655182 0.169207 1.0 0.654357 0.175819 1.0 0.643646 0.180345 1.0 0.651062 0.183478 1.0
0 0.70459 0.152228 0.02832 0.056931 0.0 0.0 0.0 0.0 0.0 0.0 0.0 0.0 0.0 0.0 0.0 0.0 0.0 0.0 0.0
0 0.761719 0.168317 0.037109 0.061881 0.757141 0.157797 1.0 0.773926 0.162824 1.0 0.762939 0.172494 1.0 0.755615 0.180616 1.0 0.765381 0.184097 1.0
0 0.798828 0.181312 0.029297 0.050743 0.0 0.0 0.0 0.0 0.0 0.0 0.0 0.0 0.0 0.0 0.0 0.0 0.0 0.0 0.0
0 0.658203 0.248762 0.03125 0.059406 0.0 0.0 0.0 0.0 0.0 0.0 0.0 0.0 0.0 0.0 0.0 0.0 0.0 0.0 0.0
0 0.831055 0.240099 0.033203 0.05198 0.827907 0.232402 1.0 0.834556 0.236447 1.0 0.830566 0.247906 1.0 0.816472 0.248243 1.0 0.81727 0.249592 1.0
0 0.883789 0.19802 0.025391 0.049505 0.0 0.0 0.0 0.0 0.0 0.0 0.0 0.0 0.0 0.0 0.0 0.0 0.0 0.0 0.0
0 0.864258 0.185025 0.021484 0.050743 0.0 0.0 0.0 0.0 0.0 0.0 0.0 0.0 0.0 0.0 0.0 0.0 0.0 0.0 0.0
0 0.913574 0.408416 0.030273 0.056931 0.0 0.0 0.0 0.0 0.0 0.0 0.0 0.0 0.0 0.0 0.0 0.0 0.0 0.0 0.0
0 0.983398 0.439975 0.025391 0.045792 0.974104 0.432947 1.0 0.987043 0.432361 1.0 0.980343 0.441733 1.0 0.977339 0.45286 1.0 0.984501 0.45286 1.0