0 0.52002 0.671033 0.092773 0.174672 0.490797 0.634066 1.0 0.531319 0.627476 1.0 0.510689 0.657127 1.0 0.502585 0.707645 1.0 0.532057 0.701055 1.0
0 0.286133 0.769287 0.056641 0.126638 0.264509 0.760501 1.0 0.288295 0.758889 1.0 0.269915 0.782258 1.0 0.271537 0.802402 1.0 0.288295 0.802402 1.0
0 0.266602 0.678311 0.023438 0.046579 0.258205 0.670579 1.0 0.263219 0.671774 1.0 0.256199 0.681639 1.0 0.259408 0.691802 1.0 0.260411 0.691204 1.0
0 0.208984 0.690684 0.015625 0.030568 0.0 0.0 0.0 0.0 0.0 0.0 0.0 0.0 0.0 0.0 0.0 0.0 0.0 0.0 0.0
0 0.088867 0.729258 0.029297 0.052402 0.073242 0.714702 1.0 0.089844 0.71179 1.0 0.077148 0.724891 1.0 0.079102 0.739447 1.0 0.086914 0.737991 1.0
0 0.624023 0.660844 0.042969 0.081514 0.61458 0.653443 1.0 0.63249 0.651389 1.0 0.624224 0.669357 1.0 0.618024 0.683218 1.0 0.632834 0.682705 1.0
0 0.696289 0.575691 0.021484 0.048035 0.69342 0.572098 1.0 0.703256 0.567822 1.0 0.701821 0.580344 1.0 0.698748 0.590728 1.0 0.705305 0.587368 1.0
0 0.739258 0.681951 0.044922 0.097525 0.728001 0.673926 1.0 0.74871 0.668987 1.0 0.741669 0.683185 1.0 0.737113 0.705409 1.0 0.751194 0.70294 1.0
0 0.760254 0.618632 0.036133 0.064047 0.751534 0.614057 1.0 0.767997 0.610314 1.0 0.762975 0.627365 1.0 0.757952 0.640258 1.0 0.768555 0.635268 1.0
0 0.724121 0.57933 0.016602 0.043668 0.71501 0.566029 1.0 0.72382 0.555969 1.0 0.718946 0.573574 1.0 0.721008 0.590897 1.0 0.72457 0.588662 1.0
0 0.80957 0.545124 0.023438 0.042213 0.802674 0.544942 1.0 0.811279 0.543031 1.0 0.806152 0.55122 1.0 0.806701 0.557223 1.0 0.810547 0.556951 1.0
0 0.329102 0.692868 0.017578 0.037846 0.0 0.0 0.0 0.0 0.0 0.0 0.0 0.0 0.0 0.0 0.0 0.0 0.0 0.0 0.0
0 0.389648 0.63901 0.017578 0.040757 0.0 0.0 0.0 0.0 0.0 0.0 0.0 0.0 0.0 0.0 0.0 0.0 0.0 0.0 0.0
0 0.925781 0.586608 0.035156 0.078603 0.915741 0.579876 1.0 0.931519 0.57187 1.0 0.929504 0.589383 1.0 0.923462 0.608397 1.0 0.93689 0.599891 1.0
0 0.899902 0.488355 0.016602 0.030568 0.0 0.0 0.0 0.0 0.0 0.0 0.0 0.0 0.0 0.0 0.0 0.0 0.0 0.0 0.0
0 0.978027 0.594614 0.043945 0.112082 0.991211 0.582242 1.0 0.99707 0.580786 1.0 0.996094 0.608443 1.0 0.996094 0.628821 1.0 0.99707 0.628821 1.0