0 0.060059 0.254729 0.041992 0.050441 0.0 0.0 0.0 0.0 0.0 0.0 0.0 0.0 0.0 0.0 0.0 0.0 0.0 0.0 0.0
0 0.128418 0.2686 0.022461 0.035309 0.0 0.0 0.0 0.0 0.0 0.0 0.0 0.0 0.0 0.0 0.0 0.0 0.0 0.0 0.0
0 0.167969 0.297604 0.027344 0.035309 0.162833 0.290803 1.0 0.171771 0.289419 1.0 0.167838 0.296343 1.0 0.165157 0.303729 1.0 0.171234 0.303267 1.0
0 0.190918 0.2686 0.022461 0.037831 0.185852 0.263556 1.0 0.19519 0.263556 1.0 0.190979 0.268048 1.0 0.1875 0.273251 1.0 0.193908 0.273723 1.0
0 0.250488 0.288146 0.03418 0.041614 0.0 0.0 0.0 0.0 0.0 0.0 0.0 0.0 0.0 0.0 0.0 0.0 0.0 0.0 0.0
0 0.222656 0.431274 0.027344 0.042875 0.214564 0.421096 1.0 0.225446 0.428121 1.0 0.214564 0.433796 1.0 0.212263 0.43866 1.0 0.21875 0.442712 1.0
0 0.334961 0.308953 0.019531 0.027743 0.0 0.0 0.0 0.0 0.0 0.0 0.0 0.0 0.0 0.0 0.0 0.0 0.0 0.0 0.0
0 0.400391 0.278058 0.019531 0.031526 0.394901 0.275767 1.0 0.404097 0.275142 1.0 0.398612 0.282224 1.0 0.396999 0.287015 1.0 0.401031 0.286807 1.0
0 0.405273 0.411097 0.021484 0.035309 0.398995 0.404792 1.0 0.408238 0.406142 1.0 0.400739 0.41425 1.0 0.398995 0.421455 1.0 0.40475 0.421455 1.0
0 0.479004 0.300757 0.018555 0.029004 0.0 0.0 0.0 0.0 0.0 0.0 0.0 0.0 0.0 0.0 0.0 0.0 0.0 0.0 0.0
0 0.535645 0.337327 0.026367 0.044136 0.0 0.0 0.0 0.0 0.0 0.0 0.0 0.0 0.0 0.0 0.0 0.0 0.0 0.0 0.0
0 0.506348 0.440731 0.02832 0.04918 0.496826 0.433165 1.0 0.507324 0.435057 1.0 0.496094 0.443253 1.0 0.493408 0.452711 1.0 0.500977 0.455864 1.0
0 0.680176 0.295082 0.02832 0.037831 0.0 0.0 0.0 0.0 0.0 0.0 0.0 0.0 0.0 0.0 0.0 0.0 0.0 0.0 0.0
0 0.661133 0.424968 0.021484 0.042875 0.655273 0.419294 1.0 0.666155 0.421185 1.0 0.656738 0.426319 1.0 0.654437 0.436588 1.0 0.664481 0.437129 1.0
0 0.741211 0.319042 0.027344 0.047919 0.738822 0.315348 1.0 0.740234 0.315957 1.0 0.730347 0.325077 1.0 0.741646 0.33146 1.0 0.742824 0.332068 1.0
0 0.851562 0.327869 0.021484 0.032787 0.849914 0.322521 1.0 0.858363 0.324018 1.0 0.854553 0.330864 1.0 0.846767 0.335357 1.0 0.853725 0.338565 1.0
0 0.919434 0.337327 0.030273 0.046658 0.912449 0.330763 1.0 0.926775 0.330763 1.0 0.918919 0.340907 1.0 0.913374 0.351947 1.0 0.924003 0.35314 1.0
0 0.904785 0.467213 0.038086 0.04918 0.895508 0.456179 1.0 0.910889 0.460908 1.0 0.896973 0.467528 1.0 0.892578 0.475725 1.0 0.901367 0.481084 1.0
0 0.953125 0.323455 0.017578 0.029004 0.0 0.0 0.0 0.0 0.0 0.0 0.0 0.0 0.0 0.0 0.0 0.0 0.0 0.0 0.0