0 0.273926 0.193804 0.112305 0.17147 0.269069 0.160135 1.0 0.305473 0.163359 1.0 0.304016 0.174101 1.0 0.286543 0.229963 1.0 0.319306 0.231036 1.0
0 0.097656 0.32853 0.027344 0.054755 0.099086 0.322921 1.0 0.108032 0.321532 1.0 0.107326 0.331952 1.0 0.103795 0.34272 1.0 0.110622 0.34272 1.0
0 0.120605 0.323487 0.022461 0.04755 0.0 0.0 0.0 0.0 0.0 0.0 0.0 0.0 0.0 0.0 0.0 0.0 0.0 0.0 0.0
0 0.419434 0.221902 0.083008 0.129683 0.423375 0.18687 1.0 0.451059 0.18932 1.0 0.44829 0.214646 1.0 0.430572 0.24569 1.0 0.448844 0.248141 1.0
0 0.487305 0.382565 0.083984 0.157061 0.47052 0.332313 1.0 0.472534 0.333303 1.0 0.447021 0.371938 1.0 0.46582 0.409582 1.0 0.467163 0.409582 1.0
0 0.645508 0.259366 0.033203 0.07781 0.0 0.0 0.0 0.0 0.0 0.0 0.0 0.0 0.0 0.0 0.0 0.0 0.0 0.0 0.0
0 0.742188 0.324928 0.035156 0.087896 0.755946 0.311484 1.0 0.760445 0.315356 1.0 0.760445 0.334166 1.0 0.748073 0.345782 1.0 0.753322 0.349656 1.0
0 0.777344 0.349424 0.023438 0.050432 0.768097 0.343571 1.0 0.777283 0.343571 1.0 0.767883 0.35271 1.0 0.768524 0.360275 1.0 0.774933 0.361222 1.0
0 0.776855 0.275937 0.024414 0.050432 0.772008 0.264924 1.0 0.781816 0.266853 1.0 0.774405 0.277146 1.0 0.771789 0.285509 1.0 0.778765 0.286473 1.0
0 0.858887 0.272334 0.038086 0.066282 0.848633 0.263483 1.0 0.8637 0.263895 1.0 0.853655 0.27501 1.0 0.8464 0.287362 1.0 0.860072 0.290654 1.0
0 0.933594 0.327089 0.054688 0.089337 0.933873 0.308976 1.0 0.95459 0.306144 1.0 0.949986 0.332184 1.0 0.933489 0.345769 1.0 0.948835 0.345203 1.0