0 0.138184 0.59587 0.030273 0.061947 0.138725 0.592025 1.0 0.150042 0.593578 1.0 0.147984 0.60368 1.0 0.135638 0.610283 1.0 0.146955 0.611838 1.0
0 0.23291 0.620944 0.02832 0.056047 0.233398 0.613575 1.0 0.244721 0.61218 1.0 0.242872 0.620904 1.0 0.233167 0.633468 1.0 0.244489 0.630327 1.0
0 0.296387 0.558997 0.018555 0.038348 0.297555 0.556996 1.0 0.30501 0.554994 1.0 0.304348 0.565752 1.0 0.297887 0.572509 1.0 0.303187 0.571758 1.0
0 0.332031 0.60767 0.025391 0.047198 0.320199 0.60131 1.0 0.324611 0.600704 1.0 0.321202 0.609791 1.0 0.325814 0.616757 1.0 0.330025 0.616453 1.0
0 0.382812 0.561947 0.019531 0.041298 0.381452 0.555625 1.0 0.389997 0.55668 1.0 0.387382 0.563527 1.0 0.380929 0.570375 1.0 0.388776 0.570639 1.0
0 0.437988 0.593658 0.022461 0.042773 0.43638 0.587863 1.0 0.446211 0.582735 1.0 0.445675 0.592183 1.0 0.4421 0.603792 1.0 0.447819 0.600552 1.0
0 0.447266 0.578171 0.019531 0.029499 0.0 0.0 0.0 0.0 0.0 0.0 0.0 0.0 0.0 0.0 0.0 0.0 0.0 0.0 0.0
0 0.503418 0.533186 0.020508 0.039823 0.498147 0.528115 1.0 0.504948 0.528115 1.0 0.500357 0.536847 1.0 0.498827 0.541212 1.0 0.504948 0.541469 1.0
0 0.536133 0.60767 0.027344 0.053097 0.534755 0.598201 1.0 0.546984 0.601895 1.0 0.540313 0.613313 1.0 0.532977 0.61835 1.0 0.543871 0.620364 1.0
0 0.612305 0.590708 0.025391 0.054572 0.610909 0.585861 1.0 0.621338 0.590313 1.0 0.616804 0.595106 1.0 0.609776 0.604009 1.0 0.617484 0.607774 1.0
0 0.680176 0.59292 0.026367 0.053097 0.672974 0.587146 1.0 0.685647 0.586473 1.0 0.679422 0.59722 1.0 0.676086 0.606622 1.0 0.68498 0.605951 1.0
0 0.759277 0.589233 0.02832 0.054572 0.747672 0.584348 1.0 0.758069 0.584348 1.0 0.748827 0.590978 1.0 0.747672 0.602494 1.0 0.753218 0.602494 1.0
0 0.861816 0.568584 0.032227 0.060472 0.850525 0.561591 1.0 0.8621 0.567419 1.0 0.850525 0.573634 1.0 0.848725 0.582569 1.0 0.859271 0.585289 1.0