0 0.648438 0.685673 0.017578 0.038012 0.0 0.0 0.0 0.0 0.0 0.0 0.0 0.0 0.0 0.0 0.0 0.0 0.0 0.0 0.0
0 0.578613 0.634503 0.018555 0.035088 0.0 0.0 0.0 0.0 0.0 0.0 0.0 0.0 0.0 0.0 0.0 0.0 0.0 0.0 0.0
0 0.605469 0.418129 0.009766 0.023392 0.0 0.0 0.0 0.0 0.0 0.0 0.0 0.0 0.0 0.0 0.0 0.0 0.0 0.0 0.0
0 0.694824 0.47807 0.008789 0.017544 0.0 0.0 0.0 0.0 0.0 0.0 0.0 0.0 0.0 0.0 0.0 0.0 0.0 0.0 0.0
0 0.177734 0.820906 0.021484 0.039474 0.173924 0.816208 1.0 0.184029 0.812487 1.0 0.181213 0.823152 1.0 0.178729 0.831336 1.0 0.185687 0.827368 1.0
0 0.06543 0.912281 0.017578 0.035088 0.0 0.0 0.0 0.0 0.0 0.0 0.0 0.0 0.0 0.0 0.0 0.0 0.0 0.0 0.0
0 0.135254 0.900585 0.020508 0.038012 0.0 0.0 0.0 0.0 0.0 0.0 0.0 0.0 0.0 0.0 0.0 0.0 0.0 0.0 0.0
0 0.187012 0.86769 0.018555 0.03655 0.0 0.0 0.0 0.0 0.0 0.0 0.0 0.0 0.0 0.0 0.0 0.0 0.0 0.0 0.0
0 0.052246 0.853801 0.022461 0.035088 0.048897 0.846923 1.0 0.05453 0.844703 1.0 0.0529 0.854466 1.0 0.048897 0.860902 1.0 0.055123 0.859127 1.0
0 0.195312 0.817251 0.015625 0.035088 0.0 0.0 0.0 0.0 0.0 0.0 0.0 0.0 0.0 0.0 0.0 0.0 0.0 0.0 0.0
0 0.199219 0.781433 0.017578 0.030702 0.195949 0.777961 1.0 0.204974 0.773848 1.0 0.200135 0.782855 1.0 0.19948 0.791667 1.0 0.204843 0.787164 1.0
0 0.175293 0.774123 0.020508 0.033626 0.172071 0.773477 1.0 0.180416 0.771108 1.0 0.177826 0.7808 1.0 0.175956 0.787262 1.0 0.180416 0.785323 1.0
0 0.088867 0.800439 0.017578 0.03655 0.087742 0.799231 1.0 0.095969 0.797058 1.0 0.09355 0.806718 1.0 0.091937 0.812031 1.0 0.095162 0.810823 1.0
0 0.007324 0.809211 0.014648 0.03655 0.0 0.0 0.0 0.0 0.0 0.0 0.0 0.0 0.0 0.0 0.0 0.0 0.0 0.0 0.0
0 0.022949 0.804825 0.016602 0.033626 0.019793 0.800987 1.0 0.027945 0.798768 1.0 0.025277 0.808532 1.0 0.020683 0.816076 1.0 0.02839 0.813636 1.0
0 0.04541 0.780702 0.016602 0.032164 0.043457 0.774436 1.0 0.049456 0.772348 1.0 0.052106 0.780075 1.0 0.044154 0.791354 1.0 0.048061 0.792189 1.0
0 0.059082 0.766813 0.012695 0.030702 0.0 0.0 0.0 0.0 0.0 0.0 0.0 0.0 0.0 0.0 0.0 0.0 0.0 0.0 0.0
0 0.015137 0.848684 0.012695 0.02193 0.008223 0.849963 1.0 0.012251 0.848959 1.0 0.009949 0.855133 1.0 0.009373 0.858436 1.0 0.013306 0.856855 1.0
0 0.00293 0.849415 0.005859 0.023392 0.0 0.0 0.0 0.0 0.0 0.0 0.0 0.0 0.0 0.0 0.0 0.0 0.0 0.0 0.0
0 0.114746 0.761696 0.020508 0.032164 0.111825 0.757525 1.0 0.118988 0.752871 1.0 0.117771 0.763393 1.0 0.11642 0.772497 1.0 0.121826 0.77007 1.0
0 0.024414 0.749269 0.017578 0.033626 0.025451 0.743885 1.0 0.031494 0.740868 1.0 0.030774 0.747115 1.0 0.028617 0.753146 1.0 0.032933 0.750776 1.0
0 0.058594 0.721491 0.019531 0.033626 0.0 0.0 0.0 0.0 0.0 0.0 0.0 0.0 0.0 0.0 0.0 0.0 0.0 0.0 0.0
0 0.022949 0.675439 0.016602 0.02924 0.020892 0.673677 1.0 0.027562 0.671914 1.0 0.026123 0.67955 1.0 0.02403 0.68562 1.0 0.029393 0.68327 1.0
0 0.093262 0.706871 0.018555 0.030702 0.09007 0.702623 1.0 0.09872 0.700194 1.0 0.096287 0.709906 1.0 0.093449 0.715773 1.0 0.099666 0.712942 1.0
0 0.073242 0.687865 0.015625 0.03655 0.07087 0.686899 1.0 0.077306 0.68643 1.0 0.074166 0.693009 1.0 0.071498 0.699117 1.0 0.075579 0.698412 1.0
0 0.121094 0.673977 0.015625 0.035088 0.118888 0.671183 1.0 0.126151 0.670962 1.0 0.123779 0.678284 1.0 0.12126 0.68361 1.0 0.126003 0.683167 1.0
0 0.146484 0.72807 0.013672 0.026316 0.146053 0.723912 1.0 0.151066 0.723423 1.0 0.151394 0.729135 1.0 0.14747 0.735335 1.0 0.150957 0.735009 1.0
0 0.166992 0.738304 0.015625 0.02924 0.163613 0.736816 1.0 0.171452 0.732652 1.0 0.169809 0.742873 1.0 0.168797 0.750066 1.0 0.173602 0.746469 1.0
0 0.195801 0.740497 0.018555 0.033626 0.194794 0.738127 1.0 0.202851 0.738127 1.0 0.199109 0.747605 1.0 0.193931 0.752127 1.0 0.20098 0.751912 1.0
0 0.215332 0.699561 0.016602 0.030702 0.214844 0.696677 1.0 0.220729 0.696089 1.0 0.218637 0.702159 1.0 0.215629 0.708424 1.0 0.220729 0.707642 1.0
0 0.258789 0.725146 0.017578 0.038012 0.256038 0.722 1.0 0.263781 0.72031 1.0 0.261684 0.727795 1.0 0.257328 0.735765 1.0 0.265071 0.733108 1.0
0 0.274414 0.656433 0.013672 0.02924 0.271109 0.652295 1.0 0.275787 0.652863 1.0 0.273133 0.657216 1.0 0.271488 0.659298 1.0 0.274776 0.660244 1.0
0 0.227051 0.663743 0.014648 0.026316 0.224182 0.659839 1.0 0.23189 0.658313 1.0 0.228829 0.666797 1.0 0.226789 0.671718 1.0 0.231663 0.67087 1.0
0 0.248047 0.638158 0.015625 0.030702 0.246612 0.635886 1.0 0.254046 0.634471 1.0 0.250667 0.642563 1.0 0.247018 0.648633 1.0 0.253505 0.648026 1.0
0 0.259277 0.625 0.012695 0.030702 0.0 0.0 0.0 0.0 0.0 0.0 0.0 0.0 0.0 0.0 0.0 0.0 0.0 0.0 0.0
0 0.22168 0.619152 0.015625 0.027778 0.0 0.0 0.0 0.0 0.0 0.0 0.0 0.0 0.0 0.0 0.0 0.0 0.0 0.0 0.0
0 0.20459 0.625 0.014648 0.027778 0.0 0.0 0.0 0.0 0.0 0.0 0.0 0.0 0.0 0.0 0.0 0.0 0.0 0.0 0.0
0 0.121094 0.60307 0.013672 0.027778 0.119629 0.602339 1.0 0.125366 0.601974 1.0 0.122681 0.608004 1.0 0.120239 0.612756 1.0 0.124634 0.612208 1.0
0 0.061035 0.636696 0.018555 0.030702 0.054518 0.643373 1.0 0.05668 0.634874 1.0 0.057896 0.642159 1.0 0.060329 0.647825 1.0 0.061951 0.639529 1.0
0 0.036133 0.544591 0.013672 0.02193 0.0 0.0 0.0 0.0 0.0 0.0 0.0 0.0 0.0 0.0 0.0 0.0 0.0 0.0 0.0
0 0.018555 0.502193 0.011719 0.024854 0.0 0.0 0.0 0.0 0.0 0.0 0.0 0.0 0.0 0.0 0.0 0.0 0.0 0.0 0.0
0 0.095703 0.555556 0.011719 0.023392 0.093396 0.552873 1.0 0.100015 0.551371 1.0 0.09821 0.556175 1.0 0.096706 0.56098 1.0 0.099914 0.56098 1.0
0 0.084961 0.533626 0.013672 0.026316 0.083531 0.530636 1.0 0.089085 0.529958 1.0 0.086705 0.534709 1.0 0.085231 0.539461 1.0 0.088519 0.539461 1.0
0 0.118652 0.537281 0.012695 0.024854 0.0 0.0 0.0 0.0 0.0 0.0 0.0 0.0 0.0 0.0 0.0 0.0 0.0 0.0 0.0
0 0.129395 0.525585 0.010742 0.02193 0.0 0.0 0.0 0.0 0.0 0.0 0.0 0.0 0.0 0.0 0.0 0.0 0.0 0.0 0.0
0 0.152344 0.52193 0.011719 0.023392 0.0 0.0 0.0 0.0 0.0 0.0 0.0 0.0 0.0 0.0 0.0 0.0 0.0 0.0 0.0
0 0.176758 0.524854 0.011719 0.023392 0.176025 0.525428 1.0 0.181466 0.525115 1.0 0.178955 0.530284 1.0 0.177386 0.532791 1.0 0.180943 0.532633 1.0
0 0.155762 0.567251 0.012695 0.026316 0.0 0.0 0.0 0.0 0.0 0.0 0.0 0.0 0.0 0.0 0.0 0.0 0.0 0.0 0.0
0 0.172852 0.560673 0.011719 0.024854 0.170619 0.559857 1.0 0.17596 0.558389 1.0 0.173235 0.563773 1.0 0.172036 0.567037 1.0 0.175633 0.565731 1.0
0 0.168945 0.592105 0.011719 0.026316 0.0 0.0 0.0 0.0 0.0 0.0 0.0 0.0 0.0 0.0 0.0 0.0 0.0 0.0 0.0
0 0.200684 0.569444 0.010742 0.02193 0.0 0.0 0.0 0.0 0.0 0.0 0.0 0.0 0.0 0.0 0.0 0.0 0.0 0.0 0.0
0 0.190918 0.532164 0.010742 0.023392 0.0 0.0 0.0 0.0 0.0 0.0 0.0 0.0 0.0 0.0 0.0 0.0 0.0 0.0 0.0
0 0.234863 0.575292 0.012695 0.030702 0.0 0.0 0.0 0.0 0.0 0.0 0.0 0.0 0.0 0.0 0.0 0.0 0.0 0.0 0.0
0 0.265137 0.563596 0.012695 0.027778 0.0 0.0 0.0 0.0 0.0 0.0 0.0 0.0 0.0 0.0 0.0 0.0 0.0 0.0 0.0
0 0.254395 0.540936 0.010742 0.023392 0.0 0.0 0.0 0.0 0.0 0.0 0.0 0.0 0.0 0.0 0.0 0.0 0.0 0.0 0.0
0 0.224121 0.523392 0.010742 0.020468 0.0 0.0 0.0 0.0 0.0 0.0 0.0 0.0 0.0 0.0 0.0 0.0 0.0 0.0 0.0
0 0.253906 0.483918 0.009766 0.020468 0.0 0.0 0.0 0.0 0.0 0.0 0.0 0.0 0.0 0.0 0.0 0.0 0.0 0.0 0.0
0 0.20752 0.476608 0.008789 0.020468 0.0 0.0 0.0 0.0 0.0 0.0 0.0 0.0 0.0 0.0 0.0 0.0 0.0 0.0 0.0
0 0.186035 0.505117 0.010742 0.02193 0.0 0.0 0.0 0.0 0.0 0.0 0.0 0.0 0.0 0.0 0.0 0.0 0.0 0.0 0.0
0 0.294434 0.476608 0.010742 0.020468 0.0 0.0 0.0 0.0 0.0 0.0 0.0 0.0 0.0 0.0 0.0 0.0 0.0 0.0 0.0
0 0.024414 0.589181 0.011719 0.026316 0.0 0.0 0.0 0.0 0.0 0.0 0.0 0.0 0.0 0.0 0.0 0.0 0.0 0.0 0.0
0 0.04834 0.530702 0.010742 0.020468 0.0 0.0 0.0 0.0 0.0 0.0 0.0 0.0 0.0 0.0 0.0 0.0 0.0 0.0 0.0
0 0.263184 0.805556 0.020508 0.038012 0.259879 0.802827 1.0 0.269156 0.800099 1.0 0.267334 0.811507 1.0 0.263689 0.816716 1.0 0.269156 0.813244 1.0
0 0.300293 0.804094 0.018555 0.038012 0.297494 0.799655 1.0 0.304949 0.800152 1.0 0.301967 0.808583 1.0 0.296997 0.815281 1.0 0.303458 0.816025 1.0
0 0.331543 0.75731 0.018555 0.040936 0.330009 0.753759 1.0 0.338902 0.754282 1.0 0.337682 0.761069 1.0 0.331927 0.76864 1.0 0.337158 0.76864 1.0
0 0.369629 0.86038 0.018555 0.033626 0.0 0.0 0.0 0.0 0.0 0.0 0.0 0.0 0.0 0.0 0.0 0.0 0.0 0.0 0.0
0 0.362793 0.820175 0.016602 0.032164 0.0 0.0 0.0 0.0 0.0 0.0 0.0 0.0 0.0 0.0 0.0 0.0 0.0 0.0 0.0
0 0.421387 0.850877 0.018555 0.035088 0.0 0.0 0.0 0.0 0.0 0.0 0.0 0.0 0.0 0.0 0.0 0.0 0.0 0.0 0.0
0 0.3125 0.696637 0.015625 0.024854 0.0 0.0 0.0 0.0 0.0 0.0 0.0 0.0 0.0 0.0 0.0 0.0 0.0 0.0 0.0
0 0.258301 0.695175 0.010742 0.02193 0.0 0.0 0.0 0.0 0.0 0.0 0.0 0.0 0.0 0.0 0.0 0.0 0.0 0.0 0.0
0 0.353027 0.723684 0.018555 0.032164 0.349609 0.718254 1.0 0.357841 0.717418 1.0 0.354632 0.727443 1.0 0.350865 0.734336 1.0 0.357701 0.733918 1.0
0 0.368164 0.703947 0.015625 0.039474 0.366825 0.699431 1.0 0.374307 0.698412 1.0 0.372097 0.708339 1.0 0.369206 0.716994 1.0 0.374137 0.716485 1.0
0 0.407715 0.774123 0.022461 0.042398 0.0 0.0 0.0 0.0 0.0 0.0 0.0 0.0 0.0 0.0 0.0 0.0 0.0 0.0 0.0
0 0.435059 0.766082 0.018555 0.040936 0.431605 0.763576 1.0 0.441895 0.762531 1.0 0.437709 0.770102 1.0 0.434745 0.782373 1.0 0.441022 0.781851 1.0
0 0.474121 0.75731 0.018555 0.035088 0.471222 0.754751 1.0 0.480072 0.754066 1.0 0.477479 0.762061 1.0 0.472138 0.768915 1.0 0.480683 0.76823 1.0
0 0.48584 0.800439 0.018555 0.03655 0.0 0.0 0.0 0.0 0.0 0.0 0.0 0.0 0.0 0.0 0.0 0.0 0.0 0.0 0.0
0 0.529785 0.796784 0.020508 0.040936 0.529646 0.794016 1.0 0.536796 0.792189 1.0 0.5354 0.801326 1.0 0.531913 0.80968 1.0 0.536272 0.808114 1.0
0 0.556152 0.789474 0.018555 0.035088 0.0 0.0 0.0 0.0 0.0 0.0 0.0 0.0 0.0 0.0 0.0 0.0 0.0 0.0 0.0
0 0.527344 0.842836 0.021484 0.048246 0.0 0.0 0.0 0.0 0.0 0.0 0.0 0.0 0.0 0.0 0.0 0.0 0.0 0.0 0.0
0 0.479492 0.706871 0.017578 0.03655 0.47522 0.700155 1.0 0.483917 0.698327 1.0 0.480103 0.708151 1.0 0.476898 0.712491 1.0 0.484223 0.712491 1.0
0 0.526855 0.726608 0.018555 0.035088 0.530562 0.721947 1.0 0.535305 0.720839 1.0 0.535601 0.728161 1.0 0.530265 0.735263 1.0 0.535156 0.734819 1.0
0 0.496094 0.703216 0.015625 0.035088 0.0 0.0 0.0 0.0 0.0 0.0 0.0 0.0 0.0 0.0 0.0 0.0 0.0 0.0 0.0
0 0.352051 0.670322 0.014648 0.024854 0.0 0.0 0.0 0.0 0.0 0.0 0.0 0.0 0.0 0.0 0.0 0.0 0.0 0.0 0.0
0 0.343262 0.633772 0.016602 0.030702 0.341204 0.633237 1.0 0.348659 0.631083 1.0 0.345781 0.637152 1.0 0.343166 0.642048 1.0 0.348136 0.640873 1.0
0 0.317383 0.641082 0.013672 0.027778 0.0 0.0 0.0 0.0 0.0 0.0 0.0 0.0 0.0 0.0 0.0 0.0 0.0 0.0 0.0
0 0.396484 0.627924 0.015625 0.024854 0.392892 0.624497 1.0 0.399214 0.620908 1.0 0.396488 0.62874 1.0 0.396815 0.634614 1.0 0.399649 0.632982 1.0
0 0.358887 0.613304 0.014648 0.027778 0.0 0.0 0.0 0.0 0.0 0.0 0.0 0.0 0.0 0.0 0.0 0.0 0.0 0.0 0.0
0 0.321289 0.576754 0.013672 0.027778 0.320095 0.574058 1.0 0.326333 0.57212 1.0 0.324215 0.577936 1.0 0.321036 0.584104 1.0 0.326922 0.583399 1.0
0 0.356445 0.570175 0.013672 0.023392 0.354527 0.568401 1.0 0.359444 0.567304 1.0 0.357771 0.572003 1.0 0.355782 0.57592 1.0 0.35934 0.575136 1.0
0 0.316895 0.544591 0.010742 0.02193 0.31699 0.544721 1.0 0.32169 0.544291 1.0 0.319771 0.549029 1.0 0.317854 0.552906 1.0 0.321114 0.553336 1.0
0 0.327637 0.537281 0.010742 0.030702 0.324402 0.533808 1.0 0.332118 0.534984 1.0 0.328849 0.541249 1.0 0.325187 0.545753 1.0 0.33068 0.546731 1.0
0 0.335938 0.526316 0.007812 0.023392 0.334935 0.523183 1.0 0.338945 0.523482 1.0 0.33684 0.530238 1.0 0.33323 0.534142 1.0 0.337742 0.534142 1.0
0 0.352539 0.53655 0.013672 0.020468 0.0 0.0 0.0 0.0 0.0 0.0 0.0 0.0 0.0 0.0 0.0 0.0 0.0 0.0 0.0
0 0.379883 0.542398 0.011719 0.023392 0.0 0.0 0.0 0.0 0.0 0.0 0.0 0.0 0.0 0.0 0.0 0.0 0.0 0.0 0.0
0 0.408203 0.579678 0.011719 0.024854 0.0 0.0 0.0 0.0 0.0 0.0 0.0 0.0 0.0 0.0 0.0 0.0 0.0 0.0 0.0
0 0.405762 0.548246 0.012695 0.023392 0.0 0.0 0.0 0.0 0.0 0.0 0.0 0.0 0.0 0.0 0.0 0.0 0.0 0.0 0.0
0 0.430176 0.55117 0.014648 0.032164 0.431222 0.548037 1.0 0.436523 0.550126 1.0 0.433873 0.556183 1.0 0.429688 0.56036 1.0 0.433594 0.562238 1.0
0 0.452148 0.549708 0.013672 0.026316 0.449279 0.546209 1.0 0.455174 0.546039 1.0 0.45234 0.552319 1.0 0.450187 0.555882 1.0 0.454607 0.555882 1.0
0 0.467285 0.595029 0.012695 0.02924 0.0 0.0 0.0 0.0 0.0 0.0 0.0 0.0 0.0 0.0 0.0 0.0 0.0 0.0 0.0
0 0.453613 0.663012 0.012695 0.030702 0.0 0.0 0.0 0.0 0.0 0.0 0.0 0.0 0.0 0.0 0.0 0.0 0.0 0.0 0.0
0 0.475586 0.657895 0.013672 0.02924 0.470825 0.654423 1.0 0.476196 0.657895 1.0 0.471069 0.662463 1.0 0.474121 0.669408 1.0 0.473633 0.669408 1.0
0 0.422363 0.736111 0.014648 0.024854 0.0 0.0 0.0 0.0 0.0 0.0 0.0 0.0 0.0 0.0 0.0 0.0 0.0 0.0 0.0
0 0.066895 0.826023 0.018555 0.040936 0.06587 0.823152 1.0 0.073377 0.820475 1.0 0.071411 0.830912 1.0 0.068908 0.83894 1.0 0.073198 0.83787 1.0
0 0.112793 0.834064 0.022461 0.039474 0.112283 0.833556 1.0 0.119084 0.828719 1.0 0.117894 0.840174 1.0 0.115854 0.844754 1.0 0.121805 0.840937 1.0
0 0.141113 0.825292 0.020508 0.042398 0.138244 0.82319 1.0 0.147949 0.820997 1.0 0.144653 0.831415 1.0 0.141357 0.837719 1.0 0.147217 0.835526 1.0
0 0.523438 0.653509 0.015625 0.032164 0.522392 0.652465 1.0 0.528251 0.652047 1.0 0.526437 0.659357 1.0 0.522112 0.66437 1.0 0.526855 0.663534 1.0
0 0.516113 0.565789 0.014648 0.032164 0.515625 0.564955 1.0 0.521065 0.563284 1.0 0.520368 0.569341 1.0 0.517438 0.575189 1.0 0.521624 0.574561 1.0
0 0.536133 0.552632 0.011719 0.026316 0.0 0.0 0.0 0.0 0.0 0.0 0.0 0.0 0.0 0.0 0.0 0.0 0.0 0.0 0.0
0 0.48584 0.553363 0.012695 0.024854 0.485186 0.551567 1.0 0.490744 0.550425 1.0 0.488456 0.556789 1.0 0.485513 0.561194 1.0 0.489546 0.561032 1.0
0 0.472168 0.544591 0.010742 0.024854 0.0 0.0 0.0 0.0 0.0 0.0 0.0 0.0 0.0 0.0 0.0 0.0 0.0 0.0 0.0
0 0.620605 0.785819 0.018555 0.042398 0.621595 0.780199 1.0 0.631068 0.779129 1.0 0.627494 0.790101 1.0 0.622311 0.800269 1.0 0.63089 0.799466 1.0
0 0.591797 0.736111 0.019531 0.042398 0.591857 0.734009 1.0 0.599182 0.732091 1.0 0.597168 0.739491 1.0 0.593872 0.74799 1.0 0.598816 0.747442 1.0
0 0.566895 0.693713 0.014648 0.033626 0.564522 0.690985 1.0 0.571489 0.688766 1.0 0.569414 0.696311 1.0 0.565709 0.702525 1.0 0.571638 0.701193 1.0
0 0.572754 0.66155 0.016602 0.033626 0.570679 0.659487 1.0 0.57646 0.656825 1.0 0.574236 0.665257 1.0 0.572457 0.671471 1.0 0.577349 0.669474 1.0
0 0.57666 0.571637 0.012695 0.026316 0.0 0.0 0.0 0.0 0.0 0.0 0.0 0.0 0.0 0.0 0.0 0.0 0.0 0.0 0.0
0 0.553711 0.572368 0.011719 0.024854 0.0 0.0 0.0 0.0 0.0 0.0 0.0 0.0 0.0 0.0 0.0 0.0 0.0 0.0 0.0
0 0.550293 0.54386 0.012695 0.026316 0.0 0.0 0.0 0.0 0.0 0.0 0.0 0.0 0.0 0.0 0.0 0.0 0.0 0.0 0.0
0 0.562988 0.532895 0.012695 0.024854 0.560699 0.531753 1.0 0.566803 0.530121 1.0 0.564623 0.536158 1.0 0.563098 0.541053 1.0 0.56713 0.540075 1.0
0 0.598145 0.565789 0.010742 0.020468 0.595738 0.565006 1.0 0.601057 0.565006 1.0 0.598615 0.570228 1.0 0.596959 0.573361 1.0 0.600185 0.57323 1.0
0 0.628906 0.557018 0.011719 0.023392 0.629007 0.552833 1.0 0.633318 0.552984 1.0 0.631313 0.558538 1.0 0.629007 0.56169 1.0 0.632516 0.561991 1.0
0 0.662598 0.548977 0.012695 0.024854 0.0 0.0 0.0 0.0 0.0 0.0 0.0 0.0 0.0 0.0 0.0 0.0 0.0 0.0 0.0
0 0.723633 0.559211 0.011719 0.024854 0.720477 0.556933 1.0 0.726253 0.556933 1.0 0.723637 0.562317 1.0 0.721566 0.56656 1.0 0.725926 0.56656 1.0
0 0.738281 0.546784 0.011719 0.023392 0.0 0.0 0.0 0.0 0.0 0.0 0.0 0.0 0.0 0.0 0.0 0.0 0.0 0.0 0.0
0 0.776367 0.53655 0.013672 0.023392 0.0 0.0 0.0 0.0 0.0 0.0 0.0 0.0 0.0 0.0 0.0 0.0 0.0 0.0 0.0
0 0.806152 0.567251 0.014648 0.02924 0.800228 0.564439 1.0 0.805032 0.565006 1.0 0.801239 0.570306 1.0 0.801871 0.574281 1.0 0.805285 0.574848 1.0
0 0.720215 0.599415 0.012695 0.02924 0.0 0.0 0.0 0.0 0.0 0.0 0.0 0.0 0.0 0.0 0.0 0.0 0.0 0.0 0.0
0 0.734863 0.61769 0.014648 0.027778 0.733643 0.615132 1.0 0.739624 0.614766 1.0 0.737427 0.622624 1.0 0.734375 0.626096 1.0 0.739746 0.625 1.0
0 0.768555 0.65424 0.015625 0.033626 0.764997 0.651629 1.0 0.771415 0.648705 1.0 0.76988 0.656433 1.0 0.768485 0.662072 1.0 0.772392 0.66061 1.0
0 0.808105 0.640351 0.014648 0.032164 0.805725 0.638203 1.0 0.811536 0.63699 1.0 0.808428 0.64306 1.0 0.806671 0.649332 1.0 0.812077 0.647915 1.0
0 0.860352 0.616959 0.013672 0.02924 0.865112 0.613121 1.0 0.866333 0.613304 1.0 0.867676 0.618604 1.0 0.864868 0.623721 1.0 0.865967 0.623721 1.0
0 0.866699 0.665205 0.016602 0.035088 0.865278 0.665962 1.0 0.871651 0.664408 1.0 0.869429 0.672175 1.0 0.867205 0.677279 1.0 0.872245 0.675725 1.0
0 0.618652 0.729532 0.018555 0.035088 0.618905 0.729088 1.0 0.625279 0.728867 1.0 0.623056 0.736633 1.0 0.621129 0.739962 1.0 0.624687 0.739962 1.0
0 0.641113 0.718567 0.016602 0.033626 0.638267 0.714952 1.0 0.64546 0.714735 1.0 0.64215 0.722705 1.0 0.638698 0.727228 1.0 0.644597 0.727228 1.0
0 0.664551 0.769006 0.020508 0.035088 0.662994 0.766675 1.0 0.671997 0.763934 1.0 0.668793 0.774443 1.0 0.664825 0.780839 1.0 0.671387 0.779012 1.0
0 0.629883 0.766813 0.017578 0.03655 0.621844 0.780415 1.0 0.629377 0.779004 1.0 0.626709 0.789344 1.0 0.623884 0.791458 1.0 0.62922 0.791458 1.0
0 0.70166 0.753655 0.018555 0.039474 0.699358 0.748956 1.0 0.707808 0.749203 1.0 0.704162 0.75838 1.0 0.700353 0.764829 1.0 0.705819 0.764829 1.0
0 0.720215 0.739035 0.014648 0.030702 0.71878 0.73681 1.0 0.726214 0.736202 1.0 0.723511 0.744094 1.0 0.720537 0.750365 1.0 0.724862 0.749759 1.0
0 0.72998 0.717105 0.012695 0.027778 0.730552 0.714586 1.0 0.733612 0.714762 1.0 0.733729 0.720048 1.0 0.731611 0.723398 1.0 0.732317 0.723221 1.0
0 0.753906 0.690789 0.017578 0.033626 0.750157 0.689614 1.0 0.758013 0.689614 1.0 0.754308 0.696937 1.0 0.751343 0.702485 1.0 0.756531 0.70293 1.0
0 0.798828 0.709064 0.009766 0.02924 0.0 0.0 0.0 0.0 0.0 0.0 0.0 0.0 0.0 0.0 0.0 0.0 0.0 0.0 0.0
0 0.836426 0.708333 0.016602 0.033626 0.836426 0.707303 1.0 0.842899 0.707518 1.0 0.841461 0.715272 1.0 0.837433 0.721086 1.0 0.842612 0.721518 1.0
0 0.836914 0.756579 0.019531 0.03655 0.834625 0.756807 1.0 0.84317 0.755665 1.0 0.83966 0.764803 1.0 0.834931 0.769827 1.0 0.840729 0.770513 1.0
0 0.81543 0.834064 0.019531 0.042398 0.0 0.0 0.0 0.0 0.0 0.0 0.0 0.0 0.0 0.0 0.0 0.0 0.0 0.0 0.0
0 0.73291 0.794591 0.020508 0.039474 0.0 0.0 0.0 0.0 0.0 0.0 0.0 0.0 0.0 0.0 0.0 0.0 0.0 0.0 0.0
0 0.690918 0.846491 0.022461 0.038012 0.0 0.0 0.0 0.0 0.0 0.0 0.0 0.0 0.0 0.0 0.0 0.0 0.0 0.0 0.0
0 0.72998 0.832602 0.020508 0.039474 0.0 0.0 0.0 0.0 0.0 0.0 0.0 0.0 0.0 0.0 0.0 0.0 0.0 0.0 0.0
0 0.604492 0.852339 0.021484 0.038012 0.0 0.0 0.0 0.0 0.0 0.0 0.0 0.0 0.0 0.0 0.0 0.0 0.0 0.0 0.0
0 0.744629 0.766813 0.020508 0.039474 0.74023 0.770886 1.0 0.747541 0.764013 1.0 0.747371 0.774194 1.0 0.745671 0.782085 1.0 0.751962 0.777249 1.0
0 0.790039 0.77924 0.021484 0.038012 0.7869 0.778744 1.0 0.796178 0.777503 1.0 0.792698 0.786433 1.0 0.789717 0.791392 1.0 0.796675 0.789905 1.0
0 0.967773 0.783626 0.021484 0.038012 0.964129 0.778443 1.0 0.972578 0.775219 1.0 0.970259 0.786876 1.0 0.968602 0.794069 1.0 0.974234 0.791092 1.0
0 0.927246 0.75731 0.022461 0.038012 0.924264 0.756317 1.0 0.93321 0.755822 1.0 0.928074 0.766734 1.0 0.925093 0.773678 1.0 0.933541 0.773927 1.0
0 0.915527 0.797515 0.020508 0.039474 0.912423 0.796522 1.0 0.920619 0.794956 1.0 0.918701 0.804355 1.0 0.915214 0.811925 1.0 0.920097 0.810882 1.0
0 0.938477 0.807749 0.017578 0.042398 0.0 0.0 0.0 0.0 0.0 0.0 0.0 0.0 0.0 0.0 0.0 0.0 0.0 0.0 0.0
0 0.871582 0.809942 0.018555 0.046784 0.0 0.0 0.0 0.0 0.0 0.0 0.0 0.0 0.0 0.0 0.0 0.0 0.0 0.0 0.0
0 0.850098 0.807749 0.014648 0.030702 0.0 0.0 0.0 0.0 0.0 0.0 0.0 0.0 0.0 0.0 0.0 0.0 0.0 0.0 0.0
0 0.887207 0.657895 0.012695 0.02924 0.0 0.0 0.0 0.0 0.0 0.0 0.0 0.0 0.0 0.0 0.0 0.0 0.0 0.0 0.0
0 0.929688 0.620614 0.015625 0.030702 0.925873 0.620816 1.0 0.933306 0.618389 1.0 0.930063 0.626886 1.0 0.9279 0.632349 1.0 0.931685 0.631944 1.0
0 0.946777 0.607456 0.014648 0.027778 0.943604 0.605994 1.0 0.950439 0.605446 1.0 0.946655 0.611842 1.0 0.943237 0.618238 1.0 0.949585 0.617873 1.0
0 0.895508 0.595029 0.011719 0.032164 0.0 0.0 0.0 0.0 0.0 0.0 0.0 0.0 0.0 0.0 0.0 0.0 0.0 0.0 0.0
0 0.877441 0.472953 0.010742 0.024854 0.877062 0.473279 1.0 0.881313 0.473117 1.0 0.880005 0.477196 1.0 0.877607 0.480785 1.0 0.880985 0.480785 1.0
0 0.838379 0.465643 0.010742 0.027778 0.0 0.0 0.0 0.0 0.0 0.0 0.0 0.0 0.0 0.0 0.0 0.0 0.0 0.0 0.0
0 0.76123 0.504386 0.010742 0.023392 0.75964 0.49964 1.0 0.765655 0.499491 1.0 0.762447 0.504895 1.0 0.75994 0.508197 1.0 0.764953 0.508197 1.0
0 0.760742 0.470029 0.009766 0.02193 0.0 0.0 0.0 0.0 0.0 0.0 0.0 0.0 0.0 0.0 0.0 0.0 0.0 0.0 0.0
0 0.246582 0.457602 0.006836 0.017544 0.0 0.0 0.0 0.0 0.0 0.0 0.0 0.0 0.0 0.0 0.0 0.0 0.0 0.0 0.0
0 0.252441 0.447368 0.008789 0.020468 0.0 0.0 0.0 0.0 0.0 0.0 0.0 0.0 0.0 0.0 0.0 0.0 0.0 0.0 0.0
0 0.359375 0.491959 0.009766 0.02193 0.0 0.0 0.0 0.0 0.0 0.0 0.0 0.0 0.0 0.0 0.0 0.0 0.0 0.0 0.0
0 0.386719 0.464181 0.011719 0.019006 0.0 0.0 0.0 0.0 0.0 0.0 0.0 0.0 0.0 0.0 0.0 0.0 0.0 0.0 0.0
0 0.41748 0.40424 0.006836 0.016082 0.0 0.0 0.0 0.0 0.0 0.0 0.0 0.0 0.0 0.0 0.0 0.0 0.0 0.0 0.0
0 0.464844 0.437135 0.009766 0.020468 0.0 0.0 0.0 0.0 0.0 0.0 0.0 0.0 0.0 0.0 0.0 0.0 0.0 0.0 0.0
0 0.481934 0.419591 0.006836 0.017544 0.0 0.0 0.0 0.0 0.0 0.0 0.0 0.0 0.0 0.0 0.0 0.0 0.0 0.0 0.0
0 0.367188 0.414474 0.007812 0.016082 0.0 0.0 0.0 0.0 0.0 0.0 0.0 0.0 0.0 0.0 0.0 0.0 0.0 0.0 0.0
0 0.341797 0.424708 0.009766 0.013158 0.0 0.0 0.0 0.0 0.0 0.0 0.0 0.0 0.0 0.0 0.0 0.0 0.0 0.0 0.0
0 0.291992 0.432749 0.009766 0.020468 0.0 0.0 0.0 0.0 0.0 0.0 0.0 0.0 0.0 0.0 0.0 0.0 0.0 0.0 0.0
0 0.433105 0.440058 0.006836 0.01462 0.0 0.0 0.0 0.0 0.0 0.0 0.0 0.0 0.0 0.0 0.0 0.0 0.0 0.0 0.0
0 0.664551 0.466374 0.008789 0.020468 0.0 0.0 0.0 0.0 0.0 0.0 0.0 0.0 0.0 0.0 0.0 0.0 0.0 0.0 0.0
0 0.662109 0.437865 0.009766 0.019006 0.0 0.0 0.0 0.0 0.0 0.0 0.0 0.0 0.0 0.0 0.0 0.0 0.0 0.0 0.0
0 0.646484 0.431287 0.009766 0.020468 0.0 0.0 0.0 0.0 0.0 0.0 0.0 0.0 0.0 0.0 0.0 0.0 0.0 0.0 0.0
0 0.986328 0.513889 0.009766 0.019006 0.0 0.0 0.0 0.0 0.0 0.0 0.0 0.0 0.0 0.0 0.0 0.0 0.0 0.0 0.0
0 0.919922 0.461988 0.011719 0.023392 0.0 0.0 0.0 0.0 0.0 0.0 0.0 0.0 0.0 0.0 0.0 0.0 0.0 0.0 0.0
0 0.34668 0.828216 0.015625 0.03655 0.0 0.0 0.0 0.0 0.0 0.0 0.0 0.0 0.0 0.0 0.0 0.0 0.0 0.0 0.0
0 0.429688 0.708333 0.013672 0.024854 0.0 0.0 0.0 0.0 0.0 0.0 0.0 0.0 0.0 0.0 0.0 0.0 0.0 0.0 0.0
0 0.937988 0.5 0.012695 0.023392 0.0 0.0 0.0 0.0 0.0 0.0 0.0 0.0 0.0 0.0 0.0 0.0 0.0 0.0 0.0
0 0.942383 0.467836 0.013672 0.023392 0.0 0.0 0.0 0.0 0.0 0.0 0.0 0.0 0.0 0.0 0.0 0.0 0.0 0.0 0.0
0 0.964355 0.462719 0.010742 0.027778 0.0 0.0 0.0 0.0 0.0 0.0 0.0 0.0 0.0 0.0 0.0 0.0 0.0 0.0 0.0
0 0.244629 0.824561 0.014648 0.035088 0.0 0.0 0.0 0.0 0.0 0.0 0.0 0.0 0.0 0.0 0.0 0.0 0.0 0.0 0.0