0 0.056152 0.193787 0.055664 0.08284 0.039342 0.177726 1.0 0.066546 0.177198 1.0 0.050851 0.190405 1.0 0.045968 0.211538 1.0 0.065849 0.208896 1.0
0 0.114746 0.25 0.03418 0.06213 0.0 0.0 0.0 0.0 0.0 0.0 0.0 0.0 0.0 0.0 0.0 0.0 0.0 0.0 0.0
0 0.204102 0.243343 0.046875 0.069527 0.188599 0.227784 1.0 0.206386 0.228234 1.0 0.197492 0.252034 1.0 0.194824 0.256525 1.0 0.21024 0.255627 1.0
0 0.243652 0.264053 0.026367 0.039941 0.0 0.0 0.0 0.0 0.0 0.0 0.0 0.0 0.0 0.0 0.0 0.0 0.0 0.0 0.0
0 0.316406 0.242604 0.050781 0.073964 0.299308 0.237466 1.0 0.315116 0.244796 1.0 0.302211 0.262877 1.0 0.306083 0.269719 1.0 0.313825 0.271675 1.0
0 0.285645 0.237426 0.014648 0.028107 0.0 0.0 0.0 0.0 0.0 0.0 0.0 0.0 0.0 0.0 0.0 0.0 0.0 0.0 0.0
0 0.379883 0.224852 0.017578 0.032544 0.37221 0.218935 1.0 0.379325 0.21957 1.0 0.374163 0.226331 1.0 0.371931 0.233516 1.0 0.378349 0.233516 1.0
0 0.407715 0.243343 0.014648 0.025148 0.404506 0.2388 1.0 0.410261 0.240385 1.0 0.405971 0.244348 1.0 0.404088 0.250686 1.0 0.408272 0.251638 1.0
0 0.452148 0.315089 0.052734 0.068047 0.4409 0.320371 1.0 0.461774 0.319368 1.0 0.454154 0.341451 1.0 0.445539 0.337938 1.0 0.462438 0.336433 1.0
0 0.494141 0.232249 0.015625 0.035503 0.489258 0.226331 1.0 0.498047 0.226331 1.0 0.495117 0.233728 1.0 0.491211 0.242604 1.0 0.49707 0.242604 1.0
0 0.478027 0.239645 0.018555 0.04142 0.0 0.0 0.0 0.0 0.0 0.0 0.0 0.0 0.0 0.0 0.0 0.0 0.0 0.0 0.0
0 0.540039 0.264793 0.019531 0.035503 0.536651 0.262898 1.0 0.543976 0.26151 1.0 0.541229 0.267982 1.0 0.538178 0.274454 1.0 0.542908 0.274223 1.0
0 0.508301 0.245562 0.012695 0.023669 0.504883 0.239645 1.0 0.513672 0.239645 1.0 0.509766 0.242604 1.0 0.505859 0.25 1.0 0.512695 0.25 1.0
0 0.560547 0.235207 0.015625 0.023669 0.55957 0.232354 1.0 0.565534 0.233623 1.0 0.562604 0.236951 1.0 0.559989 0.240913 1.0 0.564069 0.241706 1.0
0 0.589355 0.235947 0.014648 0.022189 0.0 0.0 0.0 0.0 0.0 0.0 0.0 0.0 0.0 0.0 0.0 0.0 0.0 0.0 0.0
0 0.641602 0.231509 0.041016 0.087278 0.652331 0.222904 1.0 0.653055 0.222904 1.0 0.661739 0.236607 1.0 0.655226 0.254148 1.0 0.655949 0.254148 1.0
0 0.714844 0.211538 0.037109 0.079882 0.72065 0.202531 1.0 0.732247 0.200524 1.0 0.731254 0.220098 1.0 0.718331 0.232143 1.0 0.728935 0.229132 1.0
0 0.677246 0.235947 0.018555 0.031065 0.0 0.0 0.0 0.0 0.0 0.0 0.0 0.0 0.0 0.0 0.0 0.0 0.0 0.0 0.0
0 0.828125 0.159763 0.011719 0.017751 0.830558 0.153675 1.0 0.83354 0.154744 1.0 0.833305 0.158905 1.0 0.828753 0.161639 1.0 0.830871 0.162709 1.0
0 0.881836 0.262574 0.048828 0.093195 0.877079 0.260811 1.0 0.89454 0.267277 1.0 0.885228 0.28197 1.0 0.870096 0.289022 1.0 0.883676 0.292549 1.0
0 0.992188 0.240385 0.015625 0.039941 0.985927 0.237888 1.0 0.993713 0.236885 1.0 0.986424 0.24366 1.0 0.987252 0.250436 1.0 0.993217 0.250686 1.0