0 0.069336 0.167707 0.015625 0.029641 0.069092 0.162051 1.0 0.075439 0.161661 1.0 0.073364 0.168097 1.0 0.071045 0.175897 1.0 0.075195 0.175312 1.0
0 0.009766 0.482839 0.019531 0.060842 -0.003937 0.468151 1.0 0.009233 0.475296 1.0 -0.002197 0.482045 1.0 -0.006422 0.49197 1.0 0.003767 0.496337 1.0
0 0.123047 0.397816 0.015625 0.040562 0.0 0.0 0.0 0.0 0.0 0.0 0.0 0.0 0.0 0.0 0.0 0.0 0.0 0.0 0.0
0 0.100586 0.423557 0.011719 0.023401 0.0 0.0 0.0 0.0 0.0 0.0 0.0 0.0 0.0 0.0 0.0 0.0 0.0 0.0 0.0
0 0.091309 0.484399 0.022461 0.054602 0.096218 0.472824 1.0 0.100359 0.474565 1.0 0.101231 0.488495 1.0 0.093384 0.495807 1.0 0.093384 0.495807 1.0
0 0.043945 0.526521 0.029297 0.060842 0.038086 0.51014 1.0 0.049072 0.519111 1.0 0.037354 0.522231 1.0 0.033203 0.532371 1.0 0.041016 0.539002 1.0
0 0.131836 0.576443 0.027344 0.057722 0.13317 0.565285 1.0 0.142875 0.564548 1.0 0.143799 0.573775 1.0 0.136174 0.586326 1.0 0.142182 0.584849 1.0
0 0.145996 0.534321 0.012695 0.032761 0.0 0.0 0.0 0.0 0.0 0.0 0.0 0.0 0.0 0.0 0.0 0.0 0.0 0.0 0.0
0 0.205078 0.568643 0.025391 0.060842 0.209717 0.558112 1.0 0.21582 0.558502 1.0 0.217041 0.572933 1.0 0.20752 0.580733 1.0 0.211426 0.583463 1.0
0 0.193848 0.5039 0.024414 0.028081 0.0 0.0 0.0 0.0 0.0 0.0 0.0 0.0 0.0 0.0 0.0 0.0 0.0 0.0 0.0
0 0.213379 0.473479 0.022461 0.035881 0.212114 0.470491 1.0 0.219884 0.473708 1.0 0.21715 0.481064 1.0 0.211396 0.487499 1.0 0.21715 0.489337 1.0
0 0.225586 0.439938 0.011719 0.021841 0.0 0.0 0.0 0.0 0.0 0.0 0.0 0.0 0.0 0.0 0.0 0.0 0.0 0.0 0.0
0 0.244141 0.471919 0.011719 0.032761 0.0 0.0 0.0 0.0 0.0 0.0 0.0 0.0 0.0 0.0 0.0 0.0 0.0 0.0 0.0
0 0.237793 0.599844 0.030273 0.051482 0.241607 0.591083 1.0 0.248779 0.592064 1.0 0.250214 0.608431 1.0 0.240174 0.612686 1.0 0.243452 0.613995 1.0
0 0.288086 0.486739 0.011719 0.028081 0.0 0.0 0.0 0.0 0.0 0.0 0.0 0.0 0.0 0.0 0.0 0.0 0.0 0.0 0.0
0 0.275879 0.528081 0.018555 0.032761 0.277553 0.519612 1.0 0.283635 0.521988 1.0 0.282148 0.529112 1.0 0.276337 0.536452 1.0 0.281878 0.537747 1.0
0 0.281738 0.648206 0.02832 0.048362 0.274384 0.635983 1.0 0.283212 0.638803 1.0 0.275364 0.648206 1.0 0.27046 0.656354 1.0 0.28223 0.660429 1.0
0 0.344727 0.561622 0.019531 0.037441 0.345001 0.556211 1.0 0.35141 0.558892 1.0 0.349884 0.566449 1.0 0.34256 0.570349 1.0 0.347442 0.57425 1.0
0 0.363281 0.530421 0.009766 0.028081 0.363953 0.528568 1.0 0.366071 0.530261 1.0 0.365365 0.534963 1.0 0.362894 0.539852 1.0 0.364424 0.540415 1.0
0 0.317871 0.404056 0.008789 0.028081 0.0 0.0 0.0 0.0 0.0 0.0 0.0 0.0 0.0 0.0 0.0 0.0 0.0 0.0 0.0
0 0.137695 0.465679 0.005859 0.023401 0.0 0.0 0.0 0.0 0.0 0.0 0.0 0.0 0.0 0.0 0.0 0.0 0.0 0.0 0.0
0 0.348633 0.651326 0.025391 0.029641 0.0 0.0 0.0 0.0 0.0 0.0 0.0 0.0 0.0 0.0 0.0 0.0 0.0 0.0 0.0
0 0.384277 0.684867 0.024414 0.046802 0.376853 0.670312 1.0 0.386039 0.676301 1.0 0.376103 0.684087 1.0 0.374229 0.689178 1.0 0.380603 0.69397 1.0
0 0.415527 0.661466 0.018555 0.046802 0.0 0.0 0.0 0.0 0.0 0.0 0.0 0.0 0.0 0.0 0.0 0.0 0.0 0.0 0.0
0 0.45459 0.799532 0.014648 0.035881 0.0 0.0 0.0 0.0 0.0 0.0 0.0 0.0 0.0 0.0 0.0 0.0 0.0 0.0 0.0
0 0.533691 0.659126 0.012695 0.029641 0.0 0.0 0.0 0.0 0.0 0.0 0.0 0.0 0.0 0.0 0.0 0.0 0.0 0.0 0.0
0 0.553711 0.684087 0.015625 0.029641 0.554443 0.675897 1.0 0.559814 0.681357 1.0 0.556396 0.683502 1.0 0.552734 0.687598 1.0 0.55603 0.690328 1.0
0 0.588379 0.693448 0.008789 0.020281 0.0 0.0 0.0 0.0 0.0 0.0 0.0 0.0 0.0 0.0 0.0 0.0 0.0 0.0 0.0
0 0.632812 0.786271 0.019531 0.040562 0.628933 0.78008 1.0 0.636514 0.783172 1.0 0.631514 0.790903 1.0 0.627642 0.796056 1.0 0.633288 0.797602 1.0
0 0.658203 0.836193 0.023438 0.043682 0.650251 0.827947 1.0 0.656878 0.827947 1.0 0.652344 0.833797 1.0 0.651123 0.842991 1.0 0.657575 0.84327 1.0
0 0.663086 0.74103 0.007812 0.021841 0.0 0.0 0.0 0.0 0.0 0.0 0.0 0.0 0.0 0.0 0.0 0.0 0.0 0.0 0.0
0 0.687988 0.797192 0.012695 0.031201 0.0 0.0 0.0 0.0 0.0 0.0 0.0 0.0 0.0 0.0 0.0 0.0 0.0 0.0 0.0
0 0.683105 0.634945 0.008789 0.01248 0.0 0.0 0.0 0.0 0.0 0.0 0.0 0.0 0.0 0.0 0.0 0.0 0.0 0.0 0.0
0 0.737305 0.702028 0.011719 0.024961 0.0 0.0 0.0 0.0 0.0 0.0 0.0 0.0 0.0 0.0 0.0 0.0 0.0 0.0 0.0
0 0.758789 0.692668 0.009766 0.018721 0.0 0.0 0.0 0.0 0.0 0.0 0.0 0.0 0.0 0.0 0.0 0.0 0.0 0.0 0.0
0 0.770508 0.708268 0.011719 0.018721 0.771964 0.707585 1.0 0.773298 0.708463 1.0 0.771886 0.712474 1.0 0.76859 0.714732 1.0 0.769609 0.715108 1.0
0 0.80127 0.734789 0.006836 0.021841 0.797974 0.731231 1.0 0.803375 0.731963 1.0 0.800903 0.737666 1.0 0.798248 0.741323 1.0 0.80191 0.741176 1.0
0 0.822754 0.74727 0.008789 0.021841 0.0 0.0 0.0 0.0 0.0 0.0 0.0 0.0 0.0 0.0 0.0 0.0 0.0 0.0 0.0
0 0.726074 0.810452 0.016602 0.023401 0.0 0.0 0.0 0.0 0.0 0.0 0.0 0.0 0.0 0.0 0.0 0.0 0.0 0.0 0.0
0 0.724121 0.843994 0.020508 0.024961 0.0 0.0 0.0 0.0 0.0 0.0 0.0 0.0 0.0 0.0 0.0 0.0 0.0 0.0 0.0
0 0.736816 0.894696 0.022461 0.045242 0.733765 0.882215 1.0 0.742188 0.886602 1.0 0.736328 0.895379 1.0 0.732117 0.902399 1.0 0.737977 0.904153 1.0
0 0.757812 0.843214 0.021484 0.039002 0.0 0.0 0.0 0.0 0.0 0.0 0.0 0.0 0.0 0.0 0.0 0.0 0.0 0.0 0.0
0 0.82666 0.870515 0.010742 0.028081 0.830174 0.867479 1.0 0.831822 0.867479 1.0 0.830998 0.873683 1.0 0.826996 0.880076 1.0 0.828408 0.881017 1.0
0 0.903809 0.794852 0.006836 0.020281 0.0 0.0 0.0 0.0 0.0 0.0 0.0 0.0 0.0 0.0 0.0 0.0 0.0 0.0 0.0
0 0.973633 0.864275 0.007812 0.021841 0.0 0.0 0.0 0.0 0.0 0.0 0.0 0.0 0.0 0.0 0.0 0.0 0.0 0.0 0.0
0 0.882324 0.921217 0.014648 0.032761 0.0 0.0 0.0 0.0 0.0 0.0 0.0 0.0 0.0 0.0 0.0 0.0 0.0 0.0 0.0
0 0.90625 0.924337 0.011719 0.029641 0.0 0.0 0.0 0.0 0.0 0.0 0.0 0.0 0.0 0.0 0.0 0.0 0.0 0.0 0.0
0 0.850586 0.978159 0.023438 0.034321 0.853254 0.972574 1.0 0.859184 0.972337 1.0 0.857404 0.981098 1.0 0.85281 0.986544 1.0 0.858887 0.987729 1.0
0 0.894531 0.973479 0.017578 0.034321 0.89161 0.966869 1.0 0.899719 0.970755 1.0 0.894313 0.975073 1.0 0.890529 0.981119 1.0 0.89607 0.98371 1.0
0 0.908691 0.961778 0.010742 0.026521 0.0 0.0 0.0 0.0 0.0 0.0 0.0 0.0 0.0 0.0 0.0 0.0 0.0 0.0 0.0
0 0.96582 0.953198 0.007812 0.021841 0.0 0.0 0.0 0.0 0.0 0.0 0.0 0.0 0.0 0.0 0.0 0.0 0.0 0.0 0.0
0 0.996582 0.986739 0.004883 0.014041 0.0 0.0 0.0 0.0 0.0 0.0 0.0 0.0 0.0 0.0 0.0 0.0 0.0 0.0 0.0
0 0.680664 0.905616 0.015625 0.029641 0.0 0.0 0.0 0.0 0.0 0.0 0.0 0.0 0.0 0.0 0.0 0.0 0.0 0.0 0.0