0 0.96875 0.143229 0.027344 0.057292 0.964844 0.130208 1.0 0.979492 0.128472 1.0 0.973633 0.142361 1.0 0.966797 0.15625 1.0 0.977539 0.154514 1.0
0 0.902344 0.112847 0.03125 0.055556 0.892578 0.102431 1.0 0.910156 0.102431 1.0 0.902344 0.112847 1.0 0.896484 0.133681 1.0 0.907227 0.133681 1.0
0 0.924805 0.065104 0.035156 0.060764 0.919747 0.047309 1.0 0.931763 0.051743 1.0 0.926095 0.062623 1.0 0.918388 0.075118 1.0 0.929269 0.078342 1.0
0 0.910156 0.165799 0.035156 0.064236 0.902274 0.153382 1.0 0.91868 0.153793 1.0 0.910823 0.166116 1.0 0.904815 0.180493 1.0 0.916831 0.181316 1.0
0 0.847168 0.109375 0.032227 0.0625 0.841387 0.096253 1.0 0.855839 0.095068 1.0 0.848502 0.108111 1.0 0.841387 0.123528 1.0 0.854283 0.123528 1.0
0 0.853027 0.03559 0.022461 0.046875 0.844866 0.024182 1.0 0.854048 0.024182 1.0 0.846906 0.03597 1.0 0.845546 0.048363 1.0 0.852518 0.048665 1.0
0 0.803223 0.105903 0.03418 0.065972 0.799369 0.089262 1.0 0.811837 0.087557 1.0 0.807281 0.102903 1.0 0.800328 0.121233 1.0 0.812797 0.12038 1.0
0 0.905273 0.248264 0.033203 0.065972 0.900094 0.234872 1.0 0.915161 0.23529 1.0 0.910453 0.24659 1.0 0.903154 0.267097 1.0 0.914926 0.266679 1.0
0 0.864746 0.280382 0.041992 0.074653 0.852779 0.268245 1.0 0.872192 0.271082 1.0 0.859161 0.280064 1.0 0.851184 0.304175 1.0 0.867672 0.309377 1.0
0 0.73584 0.119792 0.03418 0.072917 0.730469 0.111111 1.0 0.744141 0.109375 1.0 0.738281 0.121528 1.0 0.731445 0.140625 1.0 0.746094 0.138889 1.0
0 0.749023 0.088542 0.025391 0.055556 0.0 0.0 0.0 0.0 0.0 0.0 0.0 0.0 0.0 0.0 0.0 0.0 0.0 0.0 0.0
0 0.696289 0.154514 0.03125 0.069444 0.690591 0.143484 1.0 0.703762 0.146578 1.0 0.698791 0.156738 1.0 0.691585 0.173083 1.0 0.702022 0.172642 1.0
0 0.771973 0.257812 0.038086 0.067708 0.763803 0.247156 1.0 0.779868 0.245877 1.0 0.773154 0.260797 1.0 0.765002 0.278274 1.0 0.780827 0.279552 1.0
0 0.722656 0.28125 0.041016 0.079861 0.70942 0.272042 1.0 0.726973 0.26488 1.0 0.717477 0.281762 1.0 0.715175 0.302734 1.0 0.725533 0.299153 1.0
0 0.653809 0.210069 0.030273 0.055556 0.644811 0.195095 1.0 0.65945 0.195809 1.0 0.651428 0.212566 1.0 0.646615 0.222191 1.0 0.65584 0.222905 1.0
0 0.630859 0.059028 0.03125 0.0625 0.623208 0.045837 1.0 0.639383 0.041729 1.0 0.631758 0.056517 1.0 0.628061 0.070483 1.0 0.637303 0.070073 1.0
0 0.597168 0.040799 0.02832 0.050347 0.589722 0.024089 1.0 0.601807 0.020182 1.0 0.59668 0.038411 1.0 0.591553 0.051432 1.0 0.602723 0.049153 1.0
0 0.601074 0.118056 0.02832 0.059028 0.593262 0.103516 1.0 0.603516 0.103896 1.0 0.59668 0.115668 1.0 0.59433 0.12858 1.0 0.600312 0.133517 1.0
0 0.579102 0.162326 0.035156 0.067708 0.572021 0.145399 1.0 0.588623 0.142361 1.0 0.581543 0.163194 1.0 0.576172 0.177951 1.0 0.588867 0.176649 1.0
0 0.589355 0.286458 0.03418 0.065972 0.58204 0.275158 1.0 0.597813 0.272229 1.0 0.591222 0.285622 1.0 0.584865 0.301108 1.0 0.596871 0.29734 1.0
0 0.483398 0.217014 0.033203 0.072917 0.479797 0.205172 1.0 0.49626 0.204714 1.0 0.489314 0.223005 1.0 0.482884 0.234894 1.0 0.494459 0.233979 1.0
0 0.518066 0.059896 0.03418 0.067708 0.510742 0.043837 1.0 0.526123 0.044705 1.0 0.519531 0.053819 1.0 0.51123 0.073351 1.0 0.524902 0.072049 1.0
0 0.558105 0.06684 0.02832 0.060764 0.545227 0.057345 1.0 0.556122 0.059245 1.0 0.546295 0.071398 1.0 0.546723 0.08317 1.0 0.554413 0.085069 1.0
0 0.490234 0.037326 0.023438 0.046875 0.487025 0.023724 1.0 0.495697 0.023724 1.0 0.492297 0.038839 1.0 0.486855 0.050021 1.0 0.495867 0.050325 1.0
0 0.493164 0.162326 0.023438 0.046875 0.0 0.0 0.0 0.0 0.0 0.0 0.0 0.0 0.0 0.0 0.0 0.0 0.0 0.0 0.0
0 0.440918 0.085938 0.030273 0.060764 0.43607 0.072281 1.0 0.446751 0.070344 1.0 0.442827 0.083132 1.0 0.436506 0.100571 1.0 0.448713 0.09747 1.0
0 0.416016 0.137153 0.03125 0.055556 0.410156 0.128472 1.0 0.426758 0.126736 1.0 0.418945 0.131944 1.0 0.415039 0.151042 1.0 0.426758 0.147569 1.0
0 0.397949 0.104167 0.03418 0.048611 0.393319 0.091285 1.0 0.403782 0.087797 1.0 0.400513 0.100974 1.0 0.397679 0.114536 1.0 0.40509 0.110661 1.0
0 0.391602 0.028646 0.025391 0.050347 0.384644 0.017997 1.0 0.396074 0.017997 1.0 0.39011 0.030661 1.0 0.386135 0.041264 1.0 0.395412 0.041264 1.0
0 0.341797 0.044271 0.035156 0.060764 0.33544 0.030753 1.0 0.350115 0.028778 1.0 0.343667 0.043007 1.0 0.337664 0.053681 1.0 0.349226 0.053681 1.0
0 0.294434 0.043403 0.032227 0.0625 0.292433 0.032017 1.0 0.303771 0.030436 1.0 0.299548 0.047432 1.0 0.295323 0.060872 1.0 0.305551 0.059686 1.0
0 0.313477 0.111111 0.03125 0.055556 0.305882 0.104028 1.0 0.320321 0.099392 1.0 0.3127 0.111872 1.0 0.309692 0.126844 1.0 0.31952 0.122924 1.0
0 0.365723 0.153646 0.036133 0.060764 0.361049 0.147849 1.0 0.37653 0.142509 1.0 0.370522 0.157707 1.0 0.366133 0.171262 1.0 0.375837 0.16962 1.0
0 0.294922 0.161458 0.03125 0.0625 0.291277 0.152684 1.0 0.303062 0.151498 1.0 0.301061 0.163752 1.0 0.295502 0.179958 1.0 0.304618 0.179168 1.0
0 0.353516 0.216146 0.033203 0.057292 0.350167 0.206101 1.0 0.362305 0.203125 1.0 0.358747 0.217634 1.0 0.354562 0.229167 1.0 0.365443 0.228795 1.0
0 0.316895 0.215278 0.032227 0.055556 0.314522 0.209573 1.0 0.32666 0.20883 1.0 0.322266 0.218873 1.0 0.317871 0.232639 1.0 0.327916 0.230035 1.0
0 0.189453 0.070312 0.029297 0.057292 0.183228 0.060842 1.0 0.194497 0.057198 1.0 0.189989 0.069583 1.0 0.187121 0.084884 1.0 0.195112 0.081604 1.0
0 0.061035 0.06684 0.030273 0.060764 0.055367 0.054734 1.0 0.066703 0.055122 1.0 0.064087 0.062872 1.0 0.058419 0.073335 1.0 0.068011 0.072172 1.0
0 0.141602 0.085069 0.035156 0.065972 0.135105 0.077628 1.0 0.147814 0.075165 1.0 0.144348 0.091184 1.0 0.13603 0.102686 1.0 0.147352 0.102276 1.0
0 0.115234 0.087674 0.027344 0.060764 0.109375 0.076389 1.0 0.121094 0.072917 1.0 0.117188 0.092014 1.0 0.112305 0.105903 1.0 0.123047 0.100694 1.0
0 0.226562 0.132812 0.033203 0.064236 0.220703 0.123264 1.0 0.235352 0.121528 1.0 0.228516 0.133681 1.0 0.22168 0.149306 1.0 0.234375 0.149306 1.0
0 0.232422 0.085938 0.029297 0.053819 0.0 0.0 0.0 0.0 0.0 0.0 0.0 0.0 0.0 0.0 0.0 0.0 0.0 0.0 0.0
0 0.243164 0.060764 0.027344 0.052083 0.0 0.0 0.0 0.0 0.0 0.0 0.0 0.0 0.0 0.0 0.0 0.0 0.0 0.0 0.0
0 0.038574 0.105035 0.030273 0.053819 0.030731 0.093882 1.0 0.043483 0.093184 1.0 0.036421 0.102601 1.0 0.032497 0.118644 1.0 0.04054 0.118295 1.0
0 0.025391 0.025174 0.021484 0.046875 0.023438 0.017361 1.0 0.035156 0.015625 1.0 0.035156 0.024306 1.0 0.024414 0.039931 1.0 0.035156 0.041667 1.0
0 0.087891 0.131944 0.03125 0.065972 0.088841 0.122977 1.0 0.10155 0.122125 1.0 0.099151 0.130649 1.0 0.091479 0.148979 1.0 0.103468 0.149833 1.0
0 0.165527 0.127604 0.032227 0.060764 0.161481 0.118512 1.0 0.175267 0.119304 1.0 0.168819 0.13551 1.0 0.163038 0.148554 1.0 0.171709 0.148554 1.0
0 0.175781 0.199653 0.042969 0.076389 0.171447 0.184733 1.0 0.186828 0.187174 1.0 0.180236 0.197917 1.0 0.1698 0.21696 1.0 0.187104 0.21696 1.0
0 0.151367 0.195312 0.035156 0.071181 0.0 0.0 0.0 0.0 0.0 0.0 0.0 0.0 0.0 0.0 0.0 0.0 0.0 0.0 0.0
0 0.053711 0.184896 0.033203 0.074653 0.047372 0.176385 1.0 0.063328 0.175913 1.0 0.056945 0.196243 1.0 0.048436 0.205226 1.0 0.061467 0.204753 1.0
0 0.248535 0.223958 0.038086 0.076389 0.0 0.0 0.0 0.0 0.0 0.0 0.0 0.0 0.0 0.0 0.0 0.0 0.0 0.0 0.0
0 0.826172 0.414931 0.048828 0.086806 0.817017 0.400306 1.0 0.837756 0.398104 1.0 0.828779 0.419016 1.0 0.817945 0.438825 1.0 0.837446 0.438825 1.0
0 0.756836 0.427083 0.044922 0.083333 0.753191 0.42324 1.0 0.768607 0.425347 1.0 0.76001 0.435887 1.0 0.753191 0.448536 1.0 0.76416 0.450118 1.0
0 0.753906 0.554688 0.042969 0.109375 0.755746 0.531568 1.0 0.772818 0.529498 1.0 0.772818 0.555021 1.0 0.75885 0.581924 1.0 0.772431 0.581924 1.0
0 0.818359 0.534722 0.044922 0.104167 0.80957 0.520833 1.0 0.830078 0.519097 1.0 0.819336 0.539931 1.0 0.811523 0.564236 1.0 0.829102 0.564236 1.0
0 0.870117 0.375 0.037109 0.072917 0.862008 0.36012 1.0 0.880058 0.357793 1.0 0.870379 0.36849 1.0 0.861224 0.394531 1.0 0.877441 0.393135 1.0
0 0.787598 0.325521 0.03418 0.057292 0.781441 0.319227 1.0 0.796047 0.317677 1.0 0.789071 0.328528 1.0 0.783403 0.34403 1.0 0.79561 0.341703 1.0
0 0.717773 0.394097 0.039062 0.090278 0.70922 0.382611 1.0 0.718898 0.376875 1.0 0.720834 0.393509 1.0 0.70922 0.419318 1.0 0.716317 0.414156 1.0
0 0.677734 0.335069 0.037109 0.086806 0.673933 0.320498 1.0 0.689941 0.319382 1.0 0.687116 0.335007 1.0 0.673933 0.356771 1.0 0.689313 0.361234 1.0
0 0.609375 0.365451 0.035156 0.071181 0.603071 0.353345 1.0 0.618495 0.35874 1.0 0.608887 0.368179 1.0 0.603829 0.375821 1.0 0.614197 0.37672 1.0
0 0.597656 0.456597 0.044922 0.090278 0.588087 0.454031 1.0 0.614502 0.439887 1.0 0.604317 0.470439 1.0 0.593497 0.484019 1.0 0.611956 0.479493 1.0
0 0.990234 0.422743 0.017578 0.085069 0.991516 0.407769 1.0 0.999146 0.406684 1.0 0.998535 0.427844 1.0 0.993348 0.443035 1.0 0.999146 0.443035 1.0
0 0.915527 0.486979 0.045898 0.095486 0.907706 0.471602 1.0 0.93117 0.470392 1.0 0.920288 0.495179 1.0 0.909406 0.510898 1.0 0.928789 0.511502 1.0
0 0.924805 0.638021 0.050781 0.102431 0.916504 0.611762 1.0 0.93811 0.611111 1.0 0.93042 0.634549 1.0 0.921265 0.659939 1.0 0.936279 0.659288 1.0
0 0.610352 0.633681 0.046875 0.100694 0.597656 0.607639 1.0 0.608398 0.621528 1.0 0.589844 0.635417 1.0 0.591797 0.652778 1.0 0.599609 0.664931 1.0
0 0.536133 0.422743 0.03125 0.074653 0.0 0.0 0.0 0.0 0.0 0.0 0.0 0.0 0.0 0.0 0.0 0.0 0.0 0.0 0.0
0 0.42627 0.5 0.053711 0.09375 0.418945 0.482639 1.0 0.442383 0.479167 1.0 0.43457 0.505208 1.0 0.427734 0.522569 1.0 0.442383 0.520833 1.0
0 0.467773 0.509549 0.041016 0.088542 0.458043 0.494729 1.0 0.475307 0.496962 1.0 0.465263 0.508681 1.0 0.458043 0.534908 1.0 0.472168 0.533792 1.0
0 0.422363 0.322049 0.040039 0.085069 0.41687 0.301108 1.0 0.43396 0.301649 1.0 0.425415 0.317925 1.0 0.41748 0.341253 1.0 0.431824 0.340712 1.0
0 0.50293 0.891493 0.044922 0.137153 0.51123 0.867188 1.0 0.516113 0.865451 1.0 0.521973 0.903646 1.0 0.506836 0.940104 1.0 0.509277 0.939236 1.0
0 0.307129 0.817708 0.061523 0.131944 0.319214 0.805229 1.0 0.330409 0.797766 1.0 0.336007 0.830109 1.0 0.313616 0.8525 1.0 0.325744 0.845866 1.0
0 0.396484 0.600694 0.050781 0.104167 0.38623 0.589193 1.0 0.408936 0.591146 1.0 0.396851 0.617188 1.0 0.383301 0.642578 1.0 0.406006 0.645833 1.0
0 0.361328 0.53559 0.041016 0.085069 0.353394 0.526042 1.0 0.371704 0.524413 1.0 0.366211 0.541233 1.0 0.35675 0.558594 1.0 0.370483 0.555339 1.0
0 0.364746 0.46441 0.03418 0.064236 0.0 0.0 0.0 0.0 0.0 0.0 0.0 0.0 0.0 0.0 0.0 0.0 0.0 0.0 0.0
0 0.327637 0.290799 0.043945 0.085069 0.319026 0.278498 1.0 0.336173 0.274755 1.0 0.330156 0.292403 1.0 0.321733 0.31326 1.0 0.338579 0.308981 1.0
0 0.262695 0.284722 0.035156 0.065972 0.258789 0.272569 1.0 0.274414 0.272569 1.0 0.268555 0.291667 1.0 0.261719 0.307292 1.0 0.276367 0.307292 1.0
0 0.252441 0.351562 0.038086 0.078125 0.0 0.0 0.0 0.0 0.0 0.0 0.0 0.0 0.0 0.0 0.0 0.0 0.0 0.0 0.0
0 0.251465 0.416667 0.047852 0.083333 0.245789 0.393771 1.0 0.2641 0.38509 1.0 0.25708 0.411132 1.0 0.250977 0.432292 1.0 0.266846 0.426866 1.0
0 0.13623 0.315972 0.03418 0.065972 0.130345 0.302936 1.0 0.146354 0.303354 1.0 0.140232 0.317167 1.0 0.130345 0.332651 1.0 0.14706 0.333069 1.0
0 0.155273 0.393229 0.039062 0.071181 0.147958 0.38337 1.0 0.163635 0.379325 1.0 0.157819 0.397306 1.0 0.15251 0.41349 1.0 0.165658 0.409892 1.0
0 0.078125 0.450521 0.033203 0.060764 0.0 0.0 0.0 0.0 0.0 0.0 0.0 0.0 0.0 0.0 0.0 0.0 0.0 0.0 0.0
0 0.226074 0.612847 0.05957 0.118056 0.219657 0.599207 1.0 0.242676 0.600694 1.0 0.23305 0.614832 1.0 0.224261 0.635665 1.0 0.24142 0.63492 1.0
0 0.200195 0.50434 0.044922 0.092014 0.0 0.0 0.0 0.0 0.0 0.0 0.0 0.0 0.0 0.0 0.0 0.0 0.0 0.0 0.0
0 0.142578 0.737847 0.054688 0.114583 0.13317 0.724726 1.0 0.149388 0.716797 1.0 0.142495 0.749233 1.0 0.133575 0.769415 1.0 0.15547 0.76437 1.0
0 0.035156 0.676215 0.035156 0.102431 0.026611 0.65191 1.0 0.044922 0.647352 1.0 0.044189 0.67079 1.0 0.031738 0.702691 1.0 0.047485 0.697483 1.0
0 0.057617 0.858507 0.044922 0.112847 0.048828 0.847222 1.0 0.068359 0.850694 1.0 0.057617 0.871528 1.0 0.048828 0.888889 1.0 0.067383 0.892361 1.0
0 0.38623 0.22309 0.018555 0.046875 0.0 0.0 0.0 0.0 0.0 0.0 0.0 0.0 0.0 0.0 0.0 0.0 0.0 0.0 0.0
0 0.944824 0.387153 0.032227 0.069444 0.936642 0.379217 1.0 0.945836 0.375682 1.0 0.943103 0.387168 1.0 0.937138 0.399095 1.0 0.947823 0.396887 1.0
0 0.013672 0.434028 0.027344 0.083333 -0.00443 0.412908 1.0 0.008423 0.412389 1.0 0.000244 0.42641 1.0 -0.002969 0.457047 1.0 0.007547 0.454969 1.0
0 0.010742 0.269097 0.021484 0.0625 0.0 0.0 0.0 0.0 0.0 0.0 0.0 0.0 0.0 0.0 0.0 0.0 0.0 0.0 0.0
0 0.007812 0.161458 0.015625 0.072917 0.000977 0.15625 1.0 0.008789 0.15625 1.0 0.000977 0.170139 1.0 0.000977 0.185764 1.0 0.009766 0.182292 1.0
0 0.752441 0.043403 0.024414 0.072917 0.0 0.0 0.0 0.0 0.0 0.0 0.0 0.0 0.0 0.0 0.0 0.0 0.0 0.0 0.0
0 0.679199 0.013021 0.02832 0.026042 0.674805 0.001736 1.0 0.688477 0.001736 1.0 0.682617 0.001736 1.0 0.676758 0.013889 1.0 0.688477 0.012153 1.0