0 0.714355 0.803763 0.077148 0.195341 0.696524 0.773161 1.0 0.732544 0.780505 1.0 0.715201 0.816004 1.0 0.697858 0.839262 1.0 0.726541 0.840486 1.0
0 0.782715 0.558244 0.043945 0.094982 0.778469 0.545043 1.0 0.799068 0.546244 1.0 0.790239 0.572645 1.0 0.780431 0.584645 1.0 0.792855 0.585246 1.0
0 0.839844 0.592294 0.027344 0.066308 0.0 0.0 0.0 0.0 0.0 0.0 0.0 0.0 0.0 0.0 0.0 0.0 0.0 0.0 0.0
0 0.869629 0.455197 0.022461 0.071685 0.0 0.0 0.0 0.0 0.0 0.0 0.0 0.0 0.0 0.0 0.0 0.0 0.0 0.0 0.0
0 0.769531 0.463262 0.017578 0.044803 0.0 0.0 0.0 0.0 0.0 0.0 0.0 0.0 0.0 0.0 0.0 0.0 0.0 0.0 0.0
0 0.759766 0.412186 0.013672 0.032258 0.0 0.0 0.0 0.0 0.0 0.0 0.0 0.0 0.0 0.0 0.0 0.0 0.0 0.0 0.0
0 0.672852 0.484767 0.027344 0.066308 0.668108 0.472206 1.0 0.679879 0.471774 1.0 0.675406 0.48128 1.0 0.672816 0.50072 1.0 0.678937 0.499425 1.0
0 0.682617 0.394265 0.011719 0.028674 0.0 0.0 0.0 0.0 0.0 0.0 0.0 0.0 0.0 0.0 0.0 0.0 0.0 0.0 0.0
0 0.590332 0.513441 0.032227 0.077061 0.0 0.0 0.0 0.0 0.0 0.0 0.0 0.0 0.0 0.0 0.0 0.0 0.0 0.0 0.0
0 0.554199 0.46147 0.018555 0.048387 0.0 0.0 0.0 0.0 0.0 0.0 0.0 0.0 0.0 0.0 0.0 0.0 0.0 0.0 0.0
0 0.495117 0.518817 0.044922 0.109319 0.479566 0.509769 1.0 0.499669 0.504201 1.0 0.487911 0.530651 1.0 0.486394 0.545962 1.0 0.499669 0.541787 1.0
0 0.540039 0.401434 0.011719 0.028674 0.537258 0.399249 1.0 0.541068 0.399249 1.0 0.539363 0.404953 1.0 0.536856 0.409186 1.0 0.541269 0.408819 1.0
0 0.57666 0.370968 0.006836 0.021505 0.0 0.0 0.0 0.0 0.0 0.0 0.0 0.0 0.0 0.0 0.0 0.0 0.0 0.0 0.0
0 0.588379 0.396953 0.006836 0.023297 0.0 0.0 0.0 0.0 0.0 0.0 0.0 0.0 0.0 0.0 0.0 0.0 0.0 0.0 0.0
0 0.354004 0.439068 0.018555 0.046595 0.0 0.0 0.0 0.0 0.0 0.0 0.0 0.0 0.0 0.0 0.0 0.0 0.0 0.0 0.0
0 0.339844 0.580645 0.041016 0.103943 0.328138 0.563149 1.0 0.349125 0.564477 1.0 0.337546 0.586389 1.0 0.332118 0.604319 1.0 0.345507 0.603654 1.0
0 0.31543 0.508065 0.023438 0.062724 0.308891 0.501568 1.0 0.319789 0.503568 1.0 0.313686 0.518369 1.0 0.308672 0.528369 1.0 0.315865 0.52997 1.0
0 0.300293 0.421147 0.012695 0.028674 0.0 0.0 0.0 0.0 0.0 0.0 0.0 0.0 0.0 0.0 0.0 0.0 0.0 0.0 0.0
0 0.150879 0.620968 0.041992 0.098566 0.136959 0.608959 1.0 0.157279 0.610855 1.0 0.144535 0.631713 1.0 0.138681 0.645616 1.0 0.151424 0.647513 1.0
0 0.009766 0.501792 0.019531 0.075269 0.0 0.0 0.0 0.0 0.0 0.0 0.0 0.0 0.0 0.0 0.0 0.0 0.0 0.0 0.0
0 0.197754 0.47491 0.016602 0.039427 0.0 0.0 0.0 0.0 0.0 0.0 0.0 0.0 0.0 0.0 0.0 0.0 0.0 0.0 0.0
0 0.130859 0.40681 0.011719 0.032258 0.0 0.0 0.0 0.0 0.0 0.0 0.0 0.0 0.0 0.0 0.0 0.0 0.0 0.0 0.0
0 0.491211 0.430108 0.013672 0.028674 0.0 0.0 0.0 0.0 0.0 0.0 0.0 0.0 0.0 0.0 0.0 0.0 0.0 0.0 0.0
0 0.075684 0.383513 0.008789 0.02509 0.0 0.0 0.0 0.0 0.0 0.0 0.0 0.0 0.0 0.0 0.0 0.0 0.0 0.0 0.0
0 0.825684 0.422939 0.018555 0.035842 0.821781 0.421812 1.0 0.833666 0.423435 1.0 0.828104 0.429699 1.0 0.825069 0.438052 1.0 0.830126 0.437588 1.0
0 0.493164 0.36828 0.009766 0.026882 0.0 0.0 0.0 0.0 0.0 0.0 0.0 0.0 0.0 0.0 0.0 0.0 0.0 0.0 0.0
0 0.522949 0.422939 0.014648 0.039427 0.517055 0.422043 1.0 0.524083 0.420059 1.0 0.520704 0.427995 1.0 0.520028 0.435685 1.0 0.523813 0.433699 1.0