0 0.069336 0.567057 0.021484 0.042969 0.061959 0.558589 1.0 0.066877 0.559681 1.0 0.057861 0.56815 1.0 0.063804 0.574707 1.0 0.06995 0.574707 1.0
0 0.154297 0.622396 0.017578 0.03125 0.145508 0.610677 1.0 0.151367 0.613281 1.0 0.142578 0.61849 1.0 0.145508 0.627604 1.0 0.149414 0.628906 1.0
0 0.267578 0.580729 0.023438 0.039062 0.259591 0.570329 1.0 0.268027 0.575579 1.0 0.262403 0.579578 1.0 0.260528 0.588327 1.0 0.263903 0.589577 1.0
0 0.338867 0.593099 0.023438 0.03776 0.330078 0.583333 1.0 0.342773 0.584635 1.0 0.334961 0.592448 1.0 0.331055 0.598958 1.0 0.341797 0.60026 1.0
0 0.362793 0.591797 0.016602 0.029948 0.354492 0.580729 1.0 0.362305 0.582031 1.0 0.359375 0.592448 1.0 0.355469 0.597656 1.0 0.366211 0.596354 1.0
0 0.440918 0.591797 0.014648 0.027344 0.4375 0.580729 1.0 0.446289 0.58724 1.0 0.438477 0.591146 1.0 0.433594 0.597656 1.0 0.442383 0.60026 1.0
0 0.41748 0.627604 0.022461 0.033854 0.0 0.0 0.0 0.0 0.0 0.0 0.0 0.0 0.0 0.0 0.0 0.0 0.0 0.0 0.0
0 0.53418 0.626302 0.019531 0.03125 0.5288 0.620176 1.0 0.536656 0.61978 1.0 0.530282 0.626302 1.0 0.530282 0.635789 1.0 0.533988 0.636579 1.0
0 0.59668 0.605469 0.025391 0.036458 0.587891 0.597656 1.0 0.597656 0.596354 1.0 0.589844 0.604167 1.0 0.588867 0.613281 1.0 0.59668 0.613281 1.0
0 0.649414 0.576823 0.015625 0.028646 0.645508 0.56901 1.0 0.657227 0.56901 1.0 0.650391 0.574219 1.0 0.646484 0.583333 1.0 0.655273 0.583333 1.0
0 0.620605 0.56901 0.026367 0.054688 0.0 0.0 0.0 0.0 0.0 0.0 0.0 0.0 0.0 0.0 0.0 0.0 0.0 0.0 0.0
0 0.716797 0.571615 0.021484 0.041667 0.710227 0.563639 1.0 0.721998 0.562592 1.0 0.715523 0.571225 1.0 0.712581 0.58038 1.0 0.721409 0.579857 1.0
0 0.853027 0.590495 0.026367 0.045573 0.851065 0.588391 1.0 0.862183 0.584612 1.0 0.859349 0.593332 1.0 0.854335 0.605247 1.0 0.861965 0.60176 1.0
0 0.975586 0.567708 0.023438 0.033854 0.966797 0.557292 1.0 0.980469 0.553385 1.0 0.977539 0.5625 1.0 0.972656 0.571615 1.0 0.982422 0.571615 1.0
0 0.464355 0.617839 0.022461 0.040365 0.0 0.0 0.0 0.0 0.0 0.0 0.0 0.0 0.0 0.0 0.0 0.0 0.0 0.0 0.0