0 0.135742 0.135714 0.015625 0.046429 0.137695 0.132143 1.0 0.144531 0.132143 1.0 0.144531 0.139286 1.0 0.137695 0.15 1.0 0.143555 0.15 1.0
0 0.220703 0.261607 0.019531 0.044643 0.21875 0.260714 1.0 0.229492 0.260714 1.0 0.225586 0.2625 1.0 0.219727 0.276786 1.0 0.228516 0.276786 1.0
0 0.28418 0.222321 0.023438 0.055357 0.276891 0.215466 1.0 0.286674 0.215466 1.0 0.27996 0.226339 1.0 0.279192 0.236511 1.0 0.284947 0.236511 1.0
0 0.333984 0.199107 0.021484 0.048214 0.324951 0.188648 1.0 0.336635 0.189923 1.0 0.326521 0.195982 1.0 0.324776 0.209695 1.0 0.330357 0.211607 1.0
0 0.417969 0.16875 0.03125 0.066071 0.405261 0.157246 1.0 0.414271 0.153445 1.0 0.40734 0.173302 1.0 0.410112 0.187668 1.0 0.415196 0.185555 1.0
0 0.520508 0.122321 0.03125 0.069643 0.508301 0.110268 1.0 0.519531 0.112054 1.0 0.506104 0.120089 1.0 0.508301 0.140179 1.0 0.51416 0.139732 1.0
0 0.079102 0.339286 0.023438 0.060714 0.085938 0.330357 1.0 0.087891 0.330357 1.0 0.087891 0.344643 1.0 0.081055 0.355357 1.0 0.083008 0.357143 1.0
0 0.208984 0.144643 0.015625 0.046429 0.208984 0.1375 1.0 0.216797 0.1375 1.0 0.21582 0.144643 1.0 0.208984 0.155357 1.0 0.21582 0.157143 1.0
0 0.159668 0.155357 0.016602 0.05 0.160052 0.151212 1.0 0.164586 0.149936 1.0 0.168073 0.160141 1.0 0.162493 0.170345 1.0 0.166155 0.170345 1.0
0 0.289551 0.141071 0.018555 0.042857 0.290467 0.138225 1.0 0.297638 0.139621 1.0 0.294892 0.146875 1.0 0.289855 0.154409 1.0 0.295502 0.155525 1.0
0 0.19043 0.103571 0.015625 0.035714 0.188843 0.098661 1.0 0.195679 0.095312 1.0 0.193481 0.104018 1.0 0.190674 0.114062 1.0 0.197632 0.110714 1.0
0 0.224609 0.127679 0.013672 0.033929 0.21875 0.119643 1.0 0.225586 0.116071 1.0 0.22168 0.123214 1.0 0.219727 0.135714 1.0 0.226562 0.130357 1.0
0 0.319336 0.130357 0.015625 0.028571 0.314349 0.125766 1.0 0.320626 0.125382 1.0 0.316859 0.130357 1.0 0.314558 0.137054 1.0 0.319789 0.137054 1.0
0 0.345215 0.128571 0.016602 0.032143 0.34082 0.125 1.0 0.348633 0.126786 1.0 0.344727 0.132143 1.0 0.34082 0.139286 1.0 0.347656 0.139286 1.0
0 0.374023 0.1375 0.013672 0.035714 0.372541 0.132446 1.0 0.378736 0.132446 1.0 0.375828 0.139382 1.0 0.372162 0.145623 1.0 0.377978 0.145623 1.0
0 0.580566 0.171429 0.014648 0.035714 0.580078 0.171429 1.0 0.585938 0.169643 1.0 0.583008 0.176786 1.0 0.581055 0.180357 1.0 0.584961 0.178571 1.0
0 0.669922 0.159821 0.037109 0.073214 0.655256 0.146445 1.0 0.669163 0.142284 1.0 0.657279 0.160316 1.0 0.65829 0.178348 1.0 0.667646 0.176961 1.0
0 0.806152 0.136607 0.032227 0.066071 0.794547 0.124777 1.0 0.807718 0.121396 1.0 0.798937 0.13703 1.0 0.796857 0.153086 1.0 0.805869 0.153086 1.0
0 0.887695 0.203571 0.027344 0.05 0.876352 0.186663 1.0 0.887076 0.184702 1.0 0.878139 0.196795 1.0 0.877781 0.212157 1.0 0.884932 0.212484 1.0
0 0.944336 0.241071 0.021484 0.039286 0.937919 0.228061 1.0 0.947126 0.228827 1.0 0.941825 0.240816 1.0 0.939872 0.25 1.0 0.944894 0.25 1.0
0 0.772461 0.198214 0.027344 0.046429 0.763288 0.191837 1.0 0.772705 0.191198 1.0 0.76695 0.202359 1.0 0.764684 0.21065 1.0 0.771136 0.210332 1.0
0 0.124023 0.089286 0.015625 0.032143 0.12207 0.085714 1.0 0.130859 0.0875 1.0 0.12793 0.089286 1.0 0.123047 0.096429 1.0 0.130859 0.098214 1.0
0 0.303223 0.144643 0.008789 0.017857 0.0 0.0 0.0 0.0 0.0 0.0 0.0 0.0 0.0 0.0 0.0 0.0 0.0 0.0 0.0
0 0.308105 0.166071 0.008789 0.021429 0.0 0.0 0.0 0.0 0.0 0.0 0.0 0.0 0.0 0.0 0.0 0.0 0.0 0.0 0.0
0 0.352051 0.157143 0.014648 0.028571 0.351649 0.15448 1.0 0.357597 0.155357 1.0 0.354814 0.162196 1.0 0.352608 0.167984 1.0 0.356062 0.169038 1.0
0 0.44043 0.158036 0.011719 0.030357 0.0 0.0 0.0 0.0 0.0 0.0 0.0 0.0 0.0 0.0 0.0 0.0 0.0 0.0 0.0
0 0.73291 0.200893 0.010742 0.023214 0.732422 0.198214 1.0 0.736328 0.198214 1.0 0.735352 0.201786 1.0 0.732422 0.207143 1.0 0.736328 0.208929 1.0
0 0.649902 0.197321 0.012695 0.030357 0.65332 0.191071 1.0 0.654297 0.191071 1.0 0.655273 0.196429 1.0 0.654297 0.203571 1.0 0.655273 0.203571 1.0
0 0.615234 0.197321 0.009766 0.023214 0.0 0.0 0.0 0.0 0.0 0.0 0.0 0.0 0.0 0.0 0.0 0.0 0.0 0.0 0.0
0 0.48291 0.140179 0.010742 0.033929 0.485474 0.138839 1.0 0.488403 0.139955 1.0 0.489136 0.146875 1.0 0.483521 0.150893 1.0 0.485962 0.151339 1.0
0 0.239746 0.183036 0.016602 0.0375 0.24115 0.176307 1.0 0.244259 0.174825 1.0 0.245609 0.180755 1.0 0.243583 0.193112 1.0 0.246285 0.192123 1.0
0 0.069336 0.150893 0.023438 0.051786 0.072196 0.141262 1.0 0.080061 0.144532 1.0 0.080418 0.153355 1.0 0.070587 0.162836 1.0 0.07738 0.16643 1.0
0 0.058105 0.107143 0.020508 0.042857 0.05957 0.107143 1.0 0.066406 0.107143 1.0 0.063477 0.114286 1.0 0.058594 0.119643 1.0 0.066406 0.119643 1.0
0 0.589844 0.228571 0.019531 0.046429 0.0 0.0 0.0 0.0 0.0 0.0 0.0 0.0 0.0 0.0 0.0 0.0 0.0 0.0 0.0