0 0.779785 0.314978 0.024414 0.051395 0.778373 0.313589 1.0 0.787092 0.314899 1.0 0.782515 0.323421 1.0 0.775757 0.330305 1.0 0.781206 0.33096 1.0
0 0.833008 0.407489 0.048828 0.071953 0.822266 0.397301 1.0 0.840271 0.407398 1.0 0.825928 0.413363 1.0 0.815246 0.421623 1.0 0.826232 0.431718 1.0
0 0.884277 0.372981 0.02832 0.049927 0.874581 0.365849 1.0 0.885045 0.370254 1.0 0.872279 0.376232 1.0 0.872489 0.395112 1.0 0.878767 0.39763 1.0
0 0.944824 0.465492 0.061523 0.105727 0.929618 0.454793 1.0 0.956743 0.457468 1.0 0.940734 0.475521 1.0 0.930952 0.494244 1.0 0.949184 0.495581 1.0
0 0.962891 0.335536 0.044922 0.057269 0.947641 0.317797 1.0 0.962027 0.321258 1.0 0.943324 0.333805 1.0 0.947065 0.344189 1.0 0.957999 0.347217 1.0
0 0.900391 0.33627 0.017578 0.041116 0.0 0.0 0.0 0.0 0.0 0.0 0.0 0.0 0.0 0.0 0.0 0.0 0.0 0.0 0.0
0 0.855469 0.328194 0.025391 0.042584 0.0 0.0 0.0 0.0 0.0 0.0 0.0 0.0 0.0 0.0 0.0 0.0 0.0 0.0 0.0
0 0.883789 0.272394 0.017578 0.033774 0.882062 0.27088 1.0 0.889832 0.271095 1.0 0.885516 0.278018 1.0 0.881199 0.282345 1.0 0.886954 0.282561 1.0
0 0.437988 0.460352 0.055664 0.118943 0.426558 0.444671 1.0 0.450413 0.437946 1.0 0.442958 0.461113 1.0 0.432024 0.485028 1.0 0.453396 0.479048 1.0
0 0.384766 0.452276 0.03125 0.049927 0.376435 0.439656 1.0 0.389465 0.441584 1.0 0.378784 0.448329 1.0 0.375152 0.460536 1.0 0.384979 0.463427 1.0
0 0.265625 0.361233 0.029297 0.038179 0.256408 0.353248 1.0 0.266479 0.352423 1.0 0.260986 0.362885 1.0 0.260254 0.370869 1.0 0.267762 0.369768 1.0
0 0.290527 0.28928 0.022461 0.038179 0.287615 0.282968 1.0 0.297294 0.282239 1.0 0.2931 0.289031 1.0 0.288422 0.296551 1.0 0.297132 0.296066 1.0
0 0.300781 0.264317 0.013672 0.026432 0.0 0.0 0.0 0.0 0.0 0.0 0.0 0.0 0.0 0.0 0.0 0.0 0.0 0.0 0.0
0 0.262695 0.263583 0.011719 0.01909 0.25872 0.262194 1.0 0.263341 0.260358 1.0 0.261684 0.264947 1.0 0.262207 0.269273 1.0 0.263951 0.267175 1.0
0 0.247559 0.23862 0.006836 0.016153 0.0 0.0 0.0 0.0 0.0 0.0 0.0 0.0 0.0 0.0 0.0 0.0 0.0 0.0 0.0
0 0.410156 0.253304 0.011719 0.022026 0.408665 0.250178 1.0 0.41428 0.250026 1.0 0.412175 0.254399 1.0 0.410069 0.260279 1.0 0.413378 0.259978 1.0
0 0.4375 0.284141 0.013672 0.033774 0.433328 0.281159 1.0 0.440809 0.280725 1.0 0.43678 0.288081 1.0 0.434479 0.294571 1.0 0.441097 0.294138 1.0
0 0.487305 0.291483 0.015625 0.036711 0.0 0.0 0.0 0.0 0.0 0.0 0.0 0.0 0.0 0.0 0.0 0.0 0.0 0.0 0.0
0 0.45752 0.363436 0.018555 0.042584 0.0 0.0 0.0 0.0 0.0 0.0 0.0 0.0 0.0 0.0 0.0 0.0 0.0 0.0 0.0
0 0.50293 0.26138 0.009766 0.026432 0.0 0.0 0.0 0.0 0.0 0.0 0.0 0.0 0.0 0.0 0.0 0.0 0.0 0.0 0.0
0 0.564941 0.271659 0.012695 0.029369 0.0 0.0 0.0 0.0 0.0 0.0 0.0 0.0 0.0 0.0 0.0 0.0 0.0 0.0 0.0
0 0.584961 0.281204 0.019531 0.039648 0.582694 0.277586 1.0 0.591937 0.278634 1.0 0.586705 0.285452 1.0 0.582694 0.293319 1.0 0.58932 0.294367 1.0
0 0.620605 0.286344 0.018555 0.038179 0.616085 0.285112 1.0 0.624634 0.285838 1.0 0.620117 0.292388 1.0 0.615439 0.296753 1.0 0.622698 0.297724 1.0
0 0.669922 0.256241 0.011719 0.024963 0.667415 0.251822 1.0 0.668614 0.252314 1.0 0.665126 0.256903 1.0 0.666652 0.262147 1.0 0.66687 0.261819 1.0
0 0.13623 0.32232 0.02832 0.048458 0.131348 0.318753 1.0 0.141811 0.31309 1.0 0.139928 0.320642 1.0 0.138672 0.333858 1.0 0.147461 0.325991 1.0
0 0.020996 0.335536 0.041992 0.057269 0.015137 0.332599 1.0 0.031982 0.328194 1.0 0.029297 0.338473 1.0 0.022461 0.351322 1.0 0.03833 0.346916 1.0
0 0.081055 0.301028 0.019531 0.026432 0.079616 0.299258 1.0 0.08681 0.298078 1.0 0.085763 0.302797 1.0 0.084455 0.309288 1.0 0.089425 0.308698 1.0
0 0.133301 0.248164 0.022461 0.038179 0.0 0.0 0.0 0.0 0.0 0.0 0.0 0.0 0.0 0.0 0.0 0.0 0.0 0.0 0.0
0 0.179688 0.317915 0.033203 0.048458 0.0 0.0 0.0 0.0 0.0 0.0 0.0 0.0 0.0 0.0 0.0 0.0 0.0 0.0 0.0
0 0.19043 0.472834 0.072266 0.117474 0.181571 0.47284 1.0 0.212607 0.458025 1.0 0.210145 0.489878 1.0 0.190931 0.508398 1.0 0.217533 0.496545 1.0
0 0.364746 0.335536 0.024414 0.039648 0.355608 0.328699 1.0 0.36343 0.32563 1.0 0.357648 0.334834 1.0 0.359179 0.347106 1.0 0.36649 0.341226 1.0
0 0.211914 0.301028 0.017578 0.032305 0.0 0.0 0.0 0.0 0.0 0.0 0.0 0.0 0.0 0.0 0.0 0.0 0.0 0.0 0.0
0 0.187012 0.249633 0.010742 0.017621 0.0 0.0 0.0 0.0 0.0 0.0 0.0 0.0 0.0 0.0 0.0 0.0 0.0 0.0 0.0
0 0.212402 0.234214 0.010742 0.016153 0.0 0.0 0.0 0.0 0.0 0.0 0.0 0.0 0.0 0.0 0.0 0.0 0.0 0.0 0.0
0 0.108398 0.245228 0.009766 0.014684 0.0 0.0 0.0 0.0 0.0 0.0 0.0 0.0 0.0 0.0 0.0 0.0 0.0 0.0 0.0
0 0.084473 0.237885 0.008789 0.014684 0.0 0.0 0.0 0.0 0.0 0.0 0.0 0.0 0.0 0.0 0.0 0.0 0.0 0.0 0.0
0 0.550293 0.328194 0.043945 0.086637 0.547607 0.320852 1.0 0.562622 0.315345 1.0 0.562256 0.32746 1.0 0.554932 0.350587 1.0 0.565186 0.346182 1.0