0 0.104492 0.055474 0.017578 0.026277 0.106838 0.054118 1.0 0.110012 0.056831 1.0 0.108425 0.061404 1.0 0.103664 0.064117 1.0 0.106838 0.066149 1.0
0 0.084961 0.459854 0.056641 0.122628 0.084473 0.43986 1.0 0.106594 0.436015 1.0 0.111224 0.452933 1.0 0.092704 0.484463 1.0 0.111224 0.481387 1.0
0 0.133301 0.50365 0.022461 0.049635 0.0 0.0 0.0 0.0 0.0 0.0 0.0 0.0 0.0 0.0 0.0 0.0 0.0 0.0 0.0
0 0.15625 0.481752 0.041016 0.064234 0.142304 0.468704 1.0 0.158508 0.467063 1.0 0.148621 0.477737 1.0 0.144227 0.492928 1.0 0.159332 0.491696 1.0
0 0.217773 0.421168 0.041016 0.080292 0.214416 0.40773 1.0 0.231079 0.408746 1.0 0.223938 0.420946 1.0 0.215437 0.43518 1.0 0.229379 0.436197 1.0
0 0.293945 0.491241 0.048828 0.080292 0.275966 0.479836 1.0 0.29535 0.476785 1.0 0.279366 0.492036 1.0 0.277666 0.511861 1.0 0.291608 0.50932 1.0
0 0.373047 0.557664 0.052734 0.105109 0.369429 0.548377 1.0 0.391444 0.542453 1.0 0.391444 0.564175 1.0 0.378234 0.586555 1.0 0.394087 0.581289 1.0
0 0.401855 0.462044 0.041992 0.080292 0.395927 0.44708 1.0 0.415649 0.448606 1.0 0.408168 0.455213 1.0 0.398307 0.476564 1.0 0.41327 0.479107 1.0
0 0.45752 0.479562 0.024414 0.048175 0.456621 0.473436 1.0 0.465022 0.472823 1.0 0.462154 0.481093 1.0 0.457236 0.491201 1.0 0.464817 0.489977 1.0
0 0.496582 0.505109 0.049805 0.09635 0.492894 0.49347 1.0 0.513794 0.494695 1.0 0.510926 0.502658 1.0 0.49986 0.527777 1.0 0.513794 0.528388 1.0
0 0.598633 0.559124 0.050781 0.087591 0.584181 0.543436 1.0 0.608268 0.539006 1.0 0.595298 0.553962 1.0 0.588257 0.576674 1.0 0.607156 0.573352 1.0
0 0.543457 0.524818 0.026367 0.051095 0.538077 0.515178 1.0 0.55164 0.519166 1.0 0.546526 0.522159 1.0 0.539411 0.532794 1.0 0.549194 0.534457 1.0
0 0.532715 0.477372 0.018555 0.029197 0.527692 0.477209 1.0 0.534267 0.477777 1.0 0.530095 0.4808 1.0 0.527313 0.489305 1.0 0.533508 0.489305 1.0
0 0.685547 0.489781 0.035156 0.054015 0.679282 0.478996 1.0 0.693146 0.481413 1.0 0.685752 0.485904 1.0 0.67674 0.502137 1.0 0.691528 0.50352 1.0
0 0.632812 0.549635 0.03125 0.074453 0.627698 0.542023 1.0 0.638201 0.542499 1.0 0.634382 0.552965 1.0 0.628335 0.565334 1.0 0.637883 0.565334 1.0
0 0.434082 0.953285 0.086914 0.093431 0.403564 0.964839 1.0 0.437352 0.968098 1.0 0.416099 1.002314 1.0 0.404109 1.016977 1.0 0.430268 1.018607 1.0
0 0.724121 0.521898 0.010742 0.027737 0.0 0.0 0.0 0.0 0.0 0.0 0.0 0.0 0.0 0.0 0.0 0.0 0.0 0.0 0.0
0 0.739746 0.511679 0.010742 0.021898 0.0 0.0 0.0 0.0 0.0 0.0 0.0 0.0 0.0 0.0 0.0 0.0 0.0 0.0 0.0