0 0.644531 0.102503 0.029297 0.05006 0.636553 0.096064 1.0 0.650116 0.091845 1.0 0.643733 0.104179 1.0 0.642936 0.115864 1.0 0.650647 0.113592 1.0
0 0.756836 0.143623 0.039062 0.070322 0.742676 0.139005 1.0 0.761353 0.138558 1.0 0.749268 0.152861 1.0 0.74707 0.164928 1.0 0.762451 0.164928 1.0
0 0.554688 0.137068 0.03125 0.057211 0.548968 0.132726 1.0 0.56468 0.128746 1.0 0.562012 0.143943 1.0 0.553118 0.15335 1.0 0.565569 0.150818 1.0
0 0.490723 0.112634 0.020508 0.027414 0.487862 0.107696 1.0 0.495422 0.106249 1.0 0.493051 0.112943 1.0 0.489938 0.119818 1.0 0.496757 0.11819 1.0
0 0.70166 0.331943 0.040039 0.046484 0.692322 0.339988 1.0 0.70977 0.343074 1.0 0.702941 0.355727 1.0 0.693839 0.350173 1.0 0.709011 0.350482 1.0
0 0.715332 0.082837 0.014648 0.027414 0.712176 0.078985 1.0 0.719143 0.077175 1.0 0.716622 0.08405 1.0 0.715288 0.090381 1.0 0.720031 0.089477 1.0
0 0.740234 0.054827 0.013672 0.023838 0.737091 0.052225 1.0 0.744804 0.051763 1.0 0.740758 0.057008 1.0 0.737977 0.060404 1.0 0.742907 0.060249 1.0
0 0.765625 0.053039 0.009766 0.015495 0.763725 0.052251 1.0 0.768982 0.052443 1.0 0.766 0.055795 1.0 0.762704 0.058956 1.0 0.763097 0.058956 1.0
0 0.595215 0.05006 0.012695 0.01907 0.592834 0.043222 1.0 0.599353 0.042733 1.0 0.597046 0.047995 1.0 0.594539 0.052033 1.0 0.598851 0.051789 1.0
0 0.553711 0.07211 0.009766 0.015495 0.0 0.0 0.0 0.0 0.0 0.0 0.0 0.0 0.0 0.0 0.0 0.0 0.0 0.0 0.0
0 0.51123 0.075089 0.016602 0.023838 0.508955 0.070944 1.0 0.514896 0.070327 1.0 0.512495 0.074647 1.0 0.510599 0.081129 1.0 0.515529 0.080666 1.0
0 0.511719 0.401669 0.037109 0.057211 0.505815 0.396667 1.0 0.522962 0.388223 1.0 0.520856 0.406212 1.0 0.514238 0.419797 1.0 0.526271 0.413188 1.0
0 0.210449 0.351609 0.051758 0.045292 0.196376 0.355865 1.0 0.215925 0.343734 1.0 0.210955 0.364358 1.0 0.215263 0.370019 1.0 0.22719 0.357484 1.0
0 0.026855 0.242551 0.041992 0.120381 0.015938 0.234399 1.0 0.033892 0.224577 1.0 0.048131 0.251777 1.0 0.027082 0.276712 1.0 0.036987 0.272933 1.0
0 0.085449 0.188319 0.047852 0.078665 0.079285 0.173868 1.0 0.100773 0.167435 1.0 0.095503 0.181785 1.0 0.07969 0.183765 1.0 0.100773 0.175353 1.0
0 0.21875 0.190703 0.042969 0.059595 0.20557 0.190863 1.0 0.223833 0.187462 1.0 0.213928 0.204086 1.0 0.218262 0.21353 1.0 0.227548 0.21013 1.0
0 0.302734 0.131108 0.027344 0.042908 0.290462 0.124814 1.0 0.297577 0.120744 1.0 0.290906 0.13594 1.0 0.300689 0.143539 1.0 0.306026 0.139467 1.0
0 0.833984 0.166865 0.052734 0.085816 0.809278 0.16197 1.0 0.826011 0.15982 1.0 0.810159 0.183467 1.0 0.828212 0.192066 1.0 0.837899 0.192066 1.0
0 0.942871 0.109058 0.032227 0.046484 0.936035 0.102801 1.0 0.950684 0.099821 1.0 0.944336 0.112038 1.0 0.939697 0.122467 1.0 0.949463 0.120381 1.0
0 0.234375 0.105483 0.019531 0.027414 0.229771 0.10029 1.0 0.238421 0.097565 1.0 0.236468 0.104546 1.0 0.234375 0.113571 1.0 0.241211 0.111017 1.0
0 0.130371 0.116806 0.022461 0.028605 0.124359 0.113863 1.0 0.133209 0.111442 1.0 0.13092 0.117961 1.0 0.128937 0.12541 1.0 0.13443 0.122802 1.0
0 0.109863 0.128725 0.012695 0.01907 0.0 0.0 0.0 0.0 0.0 0.0 0.0 0.0 0.0 0.0 0.0 0.0 0.0 0.0 0.0
0 0.19043 0.106079 0.017578 0.030989 0.0 0.0 0.0 0.0 0.0 0.0 0.0 0.0 0.0 0.0 0.0 0.0 0.0 0.0 0.0
0 0.189941 0.18236 0.02832 0.042908 0.0 0.0 0.0 0.0 0.0 0.0 0.0 0.0 0.0 0.0 0.0 0.0 0.0 0.0 0.0
0 0.225098 0.057807 0.014648 0.020262 0.0 0.0 0.0 0.0 0.0 0.0 0.0 0.0 0.0 0.0 0.0 0.0 0.0 0.0 0.0
0 0.266602 0.109058 0.015625 0.027414 0.0 0.0 0.0 0.0 0.0 0.0 0.0 0.0 0.0 0.0 0.0 0.0 0.0 0.0 0.0
0 0.371094 0.070322 0.015625 0.028605 0.0 0.0 0.0 0.0 0.0 0.0 0.0 0.0 0.0 0.0 0.0 0.0 0.0 0.0 0.0
0 0.418945 0.106675 0.015625 0.029797 0.414367 0.102131 1.0 0.422149 0.100827 1.0 0.419556 0.107718 1.0 0.41742 0.116098 1.0 0.423828 0.115353 1.0
0 0.45459 0.125149 0.026367 0.05006 0.450178 0.123872 1.0 0.464564 0.122595 1.0 0.458549 0.136004 1.0 0.453578 0.142708 1.0 0.465611 0.140793 1.0
0 0.692871 0.068534 0.012695 0.015495 0.0 0.0 0.0 0.0 0.0 0.0 0.0 0.0 0.0 0.0 0.0 0.0 0.0 0.0 0.0
0 0.676758 0.087604 0.015625 0.02503 0.0 0.0 0.0 0.0 0.0 0.0 0.0 0.0 0.0 0.0 0.0 0.0 0.0 0.0 0.0
0 0.658691 0.055423 0.012695 0.022646 0.0 0.0 0.0 0.0 0.0 0.0 0.0 0.0 0.0 0.0 0.0 0.0 0.0 0.0 0.0
0 0.790039 0.034565 0.015625 0.023838 0.790161 0.031287 1.0 0.793701 0.030244 1.0 0.794312 0.035608 1.0 0.792114 0.041567 1.0 0.793823 0.040822 1.0
0 0.757324 0.036353 0.008789 0.017878 0.0 0.0 0.0 0.0 0.0 0.0 0.0 0.0 0.0 0.0 0.0 0.0 0.0 0.0 0.0
0 0.728516 0.041716 0.011719 0.01907 0.72542 0.039406 1.0 0.730133 0.039162 1.0 0.728027 0.043323 1.0 0.726122 0.047851 1.0 0.729531 0.047974 1.0
0 0.835449 0.031585 0.014648 0.022646 0.831665 0.02652 1.0 0.837524 0.026073 1.0 0.835327 0.030691 1.0 0.833862 0.035012 1.0 0.837036 0.034565 1.0
0 0.806152 0.052443 0.012695 0.021454 0.805098 0.052081 1.0 0.810085 0.049868 1.0 0.808725 0.055402 1.0 0.808158 0.058308 1.0 0.810312 0.056785 1.0
0 0.880859 0.01907 0.017578 0.023838 0.875697 0.015803 1.0 0.882499 0.015644 1.0 0.877921 0.019315 1.0 0.876221 0.025381 1.0 0.880537 0.025541 1.0
0 0.934082 0.056019 0.018555 0.028605 0.0 0.0 0.0 0.0 0.0 0.0 0.0 0.0 0.0 0.0 0.0 0.0 0.0 0.0 0.0
0 0.992188 0.043504 0.011719 0.027414 0.0 0.0 0.0 0.0 0.0 0.0 0.0 0.0 0.0 0.0 0.0 0.0 0.0 0.0 0.0
0 0.985352 0.023838 0.011719 0.01907 0.0 0.0 0.0 0.0 0.0 0.0 0.0 0.0 0.0 0.0 0.0 0.0 0.0 0.0 0.0
0 0.945801 0.028605 0.010742 0.01907 0.0 0.0 0.0 0.0 0.0 0.0 0.0 0.0 0.0 0.0 0.0 0.0 0.0 0.0 0.0
0 0.625488 0.050656 0.010742 0.020262 0.0 0.0 0.0 0.0 0.0 0.0 0.0 0.0 0.0 0.0 0.0 0.0 0.0 0.0 0.0
0 0.464355 0.080453 0.012695 0.020262 0.0 0.0 0.0 0.0 0.0 0.0 0.0 0.0 0.0 0.0 0.0 0.0 0.0 0.0 0.0
0 0.438477 0.097139 0.015625 0.029797 0.0 0.0 0.0 0.0 0.0 0.0 0.0 0.0 0.0 0.0 0.0 0.0 0.0 0.0 0.0
0 0.484375 0.081645 0.009766 0.017878 0.0 0.0 0.0 0.0 0.0 0.0 0.0 0.0 0.0 0.0 0.0 0.0 0.0 0.0 0.0
0 0.57373 0.056019 0.012695 0.023838 0.0 0.0 0.0 0.0 0.0 0.0 0.0 0.0 0.0 0.0 0.0 0.0 0.0 0.0 0.0
0 0.390137 0.073897 0.016602 0.01907 0.0 0.0 0.0 0.0 0.0 0.0 0.0 0.0 0.0 0.0 0.0 0.0 0.0 0.0 0.0
0 0.683594 0.05006 0.011719 0.01907 0.0 0.0 0.0 0.0 0.0 0.0 0.0 0.0 0.0 0.0 0.0 0.0 0.0 0.0 0.0
0 0.694336 0.049464 0.013672 0.020262 0.0 0.0 0.0 0.0 0.0 0.0 0.0 0.0 0.0 0.0 0.0 0.0 0.0 0.0 0.0
0 0.92334 0.038737 0.014648 0.032181 0.0 0.0 0.0 0.0 0.0 0.0 0.0 0.0 0.0 0.0 0.0 0.0 0.0 0.0 0.0