0 0.226562 0.446559 0.064453 0.128843 0.217298 0.435206 1.0 0.244546 0.430303 1.0 0.237462 0.4589 1.0 0.221658 0.485045 1.0 0.248905 0.48096 1.0
0 0.265137 0.314788 0.036133 0.064422 0.258532 0.301695 1.0 0.277945 0.298107 1.0 0.271829 0.312061 1.0 0.264648 0.328808 1.0 0.277147 0.326416 1.0
0 0.196777 0.220351 0.03418 0.057101 0.192383 0.210469 1.0 0.207031 0.209736 1.0 0.200928 0.224744 1.0 0.194092 0.234261 1.0 0.206787 0.234261 1.0
0 0.299316 0.188141 0.030273 0.065886 0.296479 0.181324 1.0 0.311035 0.183382 1.0 0.306915 0.191618 1.0 0.297577 0.205206 1.0 0.308838 0.206031 1.0
0 0.464844 0.420937 0.052734 0.106881 0.457101 0.411367 1.0 0.479771 0.40457 1.0 0.47569 0.427003 1.0 0.465716 0.456233 1.0 0.483852 0.448755 1.0
0 0.471191 0.614934 0.051758 0.125915 0.458514 0.594201 1.0 0.486171 0.586227 1.0 0.478725 0.608555 1.0 0.469683 0.642047 1.0 0.487235 0.637262 1.0
0 0.387207 0.710835 0.06543 0.168375 0.380851 0.696337 1.0 0.414751 0.687865 1.0 0.406982 0.716455 1.0 0.390032 0.752458 1.0 0.414751 0.747163 1.0
0 0.600586 0.625183 0.064453 0.125915 0.581067 0.610332 1.0 0.617467 0.595306 1.0 0.602169 0.627732 1.0 0.596894 0.657786 1.0 0.620104 0.648296 1.0
0 0.692871 0.636164 0.069336 0.144949 0.680751 0.60381 1.0 0.711657 0.599266 1.0 0.706203 0.618346 1.0 0.689841 0.661048 1.0 0.714081 0.657413 1.0
0 0.464355 0.29429 0.045898 0.090776 0.456931 0.271949 1.0 0.477033 0.266832 1.0 0.474758 0.285596 1.0 0.464517 0.311186 1.0 0.481585 0.307775 1.0
0 0.403809 0.237921 0.03418 0.071742 0.394775 0.231698 1.0 0.413696 0.226665 1.0 0.406678 0.245425 1.0 0.399048 0.259608 1.0 0.416748 0.253204 1.0
0 0.322754 0.36896 0.043945 0.096633 0.315299 0.349064 1.0 0.337429 0.345378 1.0 0.330462 0.357666 1.0 0.318987 0.39023 1.0 0.338658 0.387158 1.0
0 0.714355 0.332357 0.053711 0.090776 0.707799 0.327644 1.0 0.730177 0.316271 1.0 0.727901 0.334469 1.0 0.718798 0.357783 1.0 0.73359 0.350391 1.0
0 0.724121 0.245974 0.043945 0.073206 0.715895 0.239208 1.0 0.732919 0.233176 1.0 0.72549 0.248955 1.0 0.724252 0.26102 1.0 0.732919 0.258236 1.0
0 0.724121 0.293558 0.040039 0.080527 0.0 0.0 0.0 0.0 0.0 0.0 0.0 0.0 0.0 0.0 0.0 0.0 0.0 0.0 0.0
0 0.561523 0.548316 0.041016 0.083455 0.0 0.0 0.0 0.0 0.0 0.0 0.0 0.0 0.0 0.0 0.0 0.0 0.0 0.0 0.0
0 0.411621 0.657394 0.043945 0.140556 0.405836 0.633719 1.0 0.427612 0.63019 1.0 0.423492 0.66725 1.0 0.415841 0.691075 1.0 0.428789 0.687546 1.0
0 0.396973 0.508785 0.055664 0.101025 0.388872 0.489568 1.0 0.415515 0.48196 1.0 0.414669 0.506053 1.0 0.401981 0.531413 1.0 0.41932 0.534584 1.0
0 0.311523 0.497804 0.037109 0.087848 0.0 0.0 0.0 0.0 0.0 0.0 0.0 0.0 0.0 0.0 0.0 0.0 0.0 0.0 0.0
0 0.549805 0.398975 0.042969 0.095168 0.540894 0.388622 1.0 0.564558 0.385013 1.0 0.558541 0.401851 1.0 0.545707 0.425905 1.0 0.56536 0.423499 1.0
0 0.54541 0.099561 0.036133 0.081991 0.541713 0.090449 1.0 0.559056 0.08688 1.0 0.554976 0.103195 1.0 0.544773 0.121549 1.0 0.559396 0.120529 1.0
0 0.421387 0.10981 0.032227 0.064422 0.41272 0.102078 1.0 0.428375 0.098783 1.0 0.421783 0.111136 1.0 0.414093 0.128432 1.0 0.430848 0.125138 1.0
0 0.534668 0.249634 0.026367 0.074671 0.541853 0.239019 1.0 0.545306 0.239019 1.0 0.548444 0.25549 1.0 0.537772 0.268198 1.0 0.54248 0.269138 1.0
0 0.854492 0.421669 0.050781 0.099561 0.8447 0.412695 1.0 0.867113 0.404452 1.0 0.863308 0.415865 1.0 0.852313 0.445029 1.0 0.872188 0.439324 1.0
0 0.86084 0.257687 0.036133 0.084919 0.852391 0.242849 1.0 0.874102 0.240679 1.0 0.867227 0.252615 1.0 0.858181 0.272688 1.0 0.872654 0.271602 1.0
0 0.901855 0.208638 0.03418 0.074671 0.894558 0.199286 1.0 0.909415 0.193252 1.0 0.905392 0.205318 1.0 0.900129 0.227593 1.0 0.914059 0.22481 1.0
0 0.69043 0.451684 0.066406 0.106881 0.6875 0.430454 1.0 0.710938 0.431918 1.0 0.703125 0.448023 1.0 0.696289 0.468521 1.0 0.713867 0.472914 1.0
0 0.586426 0.25549 0.032227 0.071742 0.579041 0.249268 1.0 0.594604 0.241947 1.0 0.590027 0.259334 1.0 0.584229 0.274433 1.0 0.597352 0.268026 1.0
0 0.699219 0.09224 0.035156 0.06735 0.692976 0.078435 1.0 0.709089 0.074122 1.0 0.704773 0.086201 1.0 0.697004 0.107338 1.0 0.712542 0.102593 1.0
0 0.583008 0.043924 0.023438 0.055637 0.576634 0.034747 1.0 0.588876 0.033688 1.0 0.582049 0.044277 1.0 0.578047 0.056278 1.0 0.588405 0.054865 1.0
0 0.596191 0.090776 0.020508 0.052709 0.595302 0.08971 1.0 0.603084 0.087044 1.0 0.601973 0.097044 1.0 0.598859 0.109378 1.0 0.604418 0.108712 1.0
0 0.653809 0.076867 0.026367 0.060029 0.653089 0.072703 1.0 0.663378 0.071931 1.0 0.660549 0.083501 1.0 0.652317 0.091985 1.0 0.664149 0.091599 1.0
0 0.49707 0.02123 0.027344 0.04246 0.49864 0.004445 1.0 0.510498 0.004968 1.0 0.507011 0.017517 1.0 0.498814 0.023007 1.0 0.509452 0.022485 1.0
0 0.360352 0.019034 0.025391 0.038067 0.353088 0.01036 1.0 0.367122 0.010119 1.0 0.36067 0.017615 1.0 0.357443 0.026322 1.0 0.364058 0.026322 1.0
0 0.365723 0.14202 0.024414 0.061493 0.365012 0.140092 1.0 0.376713 0.136504 1.0 0.375916 0.147668 1.0 0.368735 0.15923 1.0 0.377245 0.157237 1.0
0 0.873047 0.106881 0.029297 0.076135 0.876316 0.089972 1.0 0.889068 0.087031 1.0 0.889068 0.101247 1.0 0.879913 0.124777 1.0 0.892665 0.117425 1.0
0 0.893555 0.100293 0.027344 0.071742 0.877381 0.09041 1.0 0.890197 0.08675 1.0 0.888672 0.100018 1.0 0.881652 0.125183 1.0 0.894165 0.116032 1.0
0 0.764648 0.657394 0.0625 0.128843 0.753889 0.646858 1.0 0.784162 0.641994 1.0 0.775513 0.663878 1.0 0.765241 0.689814 1.0 0.78254 0.687382 1.0
0 0.024902 0.787701 0.049805 0.120059 0.007699 0.768177 1.0 0.035775 0.766673 1.0 0.027252 0.783211 1.0 0.006195 0.82305 1.0 0.038282 0.820795 1.0
0 0.024902 0.938507 0.049805 0.122987 0.005833 0.933486 1.0 0.036796 0.920322 1.0 0.036333 0.951501 1.0 0.012765 0.998615 1.0 0.041417 0.996536 1.0
0 0.102051 0.903367 0.077148 0.120059 0.091535 0.890609 1.0 0.126129 0.880837 1.0 0.116102 0.907898 1.0 0.107077 0.935709 1.0 0.124124 0.93195 1.0
0 0.4375 0.949488 0.058594 0.101025 0.436523 0.953148 1.0 0.460938 0.951684 1.0 0.459961 0.973646 1.0 0.445312 0.994143 1.0 0.461914 0.995608 1.0
0 0.696289 0.933382 0.082031 0.133236 0.691406 0.928258 1.0 0.724609 0.918009 1.0 0.732422 0.944363 1.0 0.708008 0.994143 1.0 0.732422 0.994143 1.0
0 0.61377 0.846266 0.055664 0.131772 0.0 0.0 0.0 0.0 0.0 0.0 0.0 0.0 0.0 0.0 0.0 0.0 0.0 0.0 0.0
0 0.84082 0.949488 0.070312 0.101025 0.839844 0.960469 1.0 0.871094 0.95754 1.0 0.864258 0.973646 1.0 0.842773 0.992679 1.0 0.868164 0.992679 1.0
0 0.974121 0.878477 0.051758 0.158126 0.973776 0.848744 1.0 0.99779 0.838744 1.0 1.001792 0.856744 1.0 0.982448 0.903747 1.0 1.009796 0.895747 1.0
0 0.967773 0.731332 0.060547 0.124451 0.957733 0.704978 1.0 0.989898 0.698755 1.0 0.987305 0.725201 1.0 0.968109 0.760981 1.0 0.992492 0.760204 1.0
0 0.973145 0.58858 0.053711 0.1347 0.959974 0.566769 1.0 0.985844 0.558337 1.0 0.98247 0.569297 1.0 0.974034 0.622419 1.0 0.993718 0.61483 1.0
0 0.96875 0.483895 0.0625 0.124451 0.967704 0.465123 1.0 0.992292 0.459633 1.0 0.989677 0.476104 1.0 0.97869 0.512968 1.0 0.994385 0.50983 1.0
0 0.083008 0.441435 0.050781 0.098097 0.071289 0.43631 1.0 0.084961 0.43631 1.0 0.069336 0.461201 1.0 0.081055 0.472914 1.0 0.088867 0.472914 1.0
0 0.225586 0.118594 0.027344 0.058565 0.220459 0.111274 1.0 0.233887 0.110908 1.0 0.226807 0.124817 1.0 0.221436 0.134334 1.0 0.230713 0.133968 1.0
0 0.294434 0.117862 0.032227 0.054173 0.288277 0.104776 1.0 0.302168 0.1016 1.0 0.29793 0.114306 1.0 0.291338 0.129837 1.0 0.304757 0.126307 1.0
0 0.265625 0.038799 0.019531 0.057101 0.263546 0.031871 1.0 0.272326 0.030485 1.0 0.269784 0.038799 1.0 0.264701 0.048846 1.0 0.273481 0.047807 1.0
0 0.162598 0.062958 0.02832 0.061493 0.15979 0.057859 1.0 0.171038 0.056682 1.0 0.167638 0.067271 1.0 0.161098 0.080214 1.0 0.171822 0.079821 1.0
0 0.143066 0.129575 0.032227 0.060029 0.135498 0.119745 1.0 0.152945 0.114817 1.0 0.148646 0.120881 1.0 0.143084 0.143249 1.0 0.156485 0.1387 1.0
0 0.086914 0.174231 0.03125 0.076135 0.082459 0.162048 1.0 0.098053 0.160616 1.0 0.094552 0.172545 1.0 0.082776 0.187337 1.0 0.096144 0.188769 1.0
0 0.039062 0.338946 0.046875 0.083455 0.032994 0.337168 1.0 0.052525 0.331416 1.0 0.04834 0.352332 1.0 0.039271 0.366451 1.0 0.05392 0.361221 1.0
0 0.079102 0.095168 0.03125 0.055637 0.07214 0.085089 1.0 0.088204 0.081854 1.0 0.08173 0.092999 1.0 0.076935 0.104862 1.0 0.087485 0.101985 1.0
0 0.099609 0.020498 0.023438 0.040996 0.094727 0.004392 1.0 0.105469 0.002928 1.0 0.101562 0.014641 1.0 0.097656 0.02489 1.0 0.104492 0.023426 1.0
0 0.054688 0.011713 0.021484 0.023426 0.049805 0.002928 1.0 0.05957 0.001464 1.0 0.054688 0.001464 1.0 0.050781 0.011713 1.0 0.060547 0.010249 1.0
0 0.04834 0.115666 0.016602 0.043924 0.0 0.0 0.0 0.0 0.0 0.0 0.0 0.0 0.0 0.0 0.0 0.0 0.0 0.0 0.0
0 0.139648 0.077599 0.023438 0.052709 0.0 0.0 0.0 0.0 0.0 0.0 0.0 0.0 0.0 0.0 0.0 0.0 0.0 0.0 0.0
0 0.348145 0.249634 0.024414 0.077599 0.347983 0.237385 1.0 0.348964 0.237385 1.0 0.348964 0.255523 1.0 0.346021 0.266798 1.0 0.346676 0.266798 1.0
0 0.041016 0.030747 0.029297 0.043924 0.03418 0.020498 1.0 0.042969 0.019034 1.0 0.040039 0.02489 1.0 0.036133 0.036603 1.0 0.042969 0.035139 1.0
0 0.063477 0.252562 0.048828 0.068814 0.056179 0.240425 1.0 0.068869 0.228359 1.0 0.066394 0.243673 1.0 0.067322 0.258987 1.0 0.075988 0.252026 1.0
0 0.10498 0.313324 0.030273 0.076135 0.0 0.0 0.0 0.0 0.0 0.0 0.0 0.0 0.0 0.0 0.0 0.0 0.0 0.0 0.0
0 0.902344 0.328697 0.054688 0.09224 0.0 0.0 0.0 0.0 0.0 0.0 0.0 0.0 0.0 0.0 0.0 0.0 0.0 0.0 0.0
0 0.683594 0.077599 0.037109 0.06735 0.692889 0.078893 1.0 0.708714 0.07501 1.0 0.705549 0.086227 1.0 0.698067 0.107365 1.0 0.709002 0.102619 1.0
0 0.735352 0.137628 0.037109 0.061493 0.738229 0.116555 1.0 0.750785 0.117732 1.0 0.747907 0.128713 1.0 0.739014 0.136949 1.0 0.748954 0.136949 1.0
0 0.415039 0.969985 0.056641 0.060029 0.0 0.0 0.0 0.0 0.0 0.0 0.0 0.0 0.0 0.0 0.0 0.0 0.0 0.0 0.0