0 0.085938 0.269231 0.011719 0.029827 0.0 0.0 0.0 0.0 0.0 0.0 0.0 0.0 0.0 0.0 0.0 0.0 0.0 0.0 0.0
0 0.15332 0.290424 0.017578 0.037677 0.0 0.0 0.0 0.0 0.0 0.0 0.0 0.0 0.0 0.0 0.0 0.0 0.0 0.0 0.0
0 0.177734 0.289639 0.019531 0.039246 0.0 0.0 0.0 0.0 0.0 0.0 0.0 0.0 0.0 0.0 0.0 0.0 0.0 0.0 0.0
0 0.365723 0.285714 0.014648 0.031397 0.0 0.0 0.0 0.0 0.0 0.0 0.0 0.0 0.0 0.0 0.0 0.0 0.0 0.0 0.0
0 0.719727 0.410518 0.023438 0.042386 0.0 0.0 0.0 0.0 0.0 0.0 0.0 0.0 0.0 0.0 0.0 0.0 0.0 0.0 0.0
0 0.85498 0.263736 0.018555 0.040816 0.851998 0.258677 1.0 0.859122 0.260008 1.0 0.856306 0.266399 1.0 0.85117 0.272524 1.0 0.858625 0.274922 1.0
0 0.910645 0.251962 0.018555 0.039246 0.905448 0.245879 1.0 0.91408 0.245626 1.0 0.909058 0.253196 1.0 0.907018 0.260008 1.0 0.91204 0.260261 1.0
0 0.964844 0.259027 0.021484 0.043956 0.0 0.0 0.0 0.0 0.0 0.0 0.0 0.0 0.0 0.0 0.0 0.0 0.0 0.0 0.0
0 0.993164 0.230769 0.013672 0.078493 0.0 0.0 0.0 0.0 0.0 0.0 0.0 0.0 0.0 0.0 0.0 0.0 0.0 0.0 0.0
0 0.772461 0.230769 0.011719 0.021978 0.0 0.0 0.0 0.0 0.0 0.0 0.0 0.0 0.0 0.0 0.0 0.0 0.0 0.0 0.0
0 0.800781 0.246468 0.017578 0.031397 0.0 0.0 0.0 0.0 0.0 0.0 0.0 0.0 0.0 0.0 0.0 0.0 0.0 0.0 0.0
0 0.704102 0.258242 0.013672 0.029827 0.0 0.0 0.0 0.0 0.0 0.0 0.0 0.0 0.0 0.0 0.0 0.0 0.0 0.0 0.0
0 0.92334 0.211146 0.008789 0.020408 0.0 0.0 0.0 0.0 0.0 0.0 0.0 0.0 0.0 0.0 0.0 0.0 0.0 0.0 0.0
0 0.409668 0.429356 0.016602 0.023548 0.0 0.0 0.0 0.0 0.0 0.0 0.0 0.0 0.0 0.0 0.0 0.0 0.0 0.0 0.0
0 0.208984 0.244898 0.007812 0.012559 0.0 0.0 0.0 0.0 0.0 0.0 0.0 0.0 0.0 0.0 0.0 0.0 0.0 0.0 0.0
0 0.197754 0.259812 0.010742 0.017268 0.0 0.0 0.0 0.0 0.0 0.0 0.0 0.0 0.0 0.0 0.0 0.0 0.0 0.0 0.0
0 0.238281 0.33281 0.017578 0.040816 0.236507 0.332543 1.0 0.242798 0.333322 1.0 0.239249 0.340323 1.0 0.236507 0.345768 1.0 0.240539 0.346028 1.0
0 0.455078 0.298273 0.021484 0.050235 0.0 0.0 0.0 0.0 0.0 0.0 0.0 0.0 0.0 0.0 0.0 0.0 0.0 0.0 0.0
0 0.894043 0.232339 0.008789 0.018838 0.0 0.0 0.0 0.0 0.0 0.0 0.0 0.0 0.0 0.0 0.0 0.0 0.0 0.0 0.0