0 0.837402 0.210526 0.006836 0.01548 0.833984 0.20743 1.0 0.837891 0.20743 1.0 0.836914 0.212074 1.0 0.833984 0.21517 1.0 0.837891 0.213622 1.0
0 0.846191 0.208978 0.006836 0.018576 0.845703 0.204334 1.0 0.849609 0.204334 1.0 0.84668 0.210526 1.0 0.845703 0.213622 1.0 0.847656 0.212074 1.0
0 0.854004 0.192724 0.006836 0.013932 0.0 0.0 0.0 0.0 0.0 0.0 0.0 0.0 0.0 0.0 0.0 0.0 0.0 0.0 0.0
0 0.874512 0.205108 0.006836 0.013932 0.0 0.0 0.0 0.0 0.0 0.0 0.0 0.0 0.0 0.0 0.0 0.0 0.0 0.0 0.0
0 0.860352 0.223684 0.009766 0.017028 0.0 0.0 0.0 0.0 0.0 0.0 0.0 0.0 0.0 0.0 0.0 0.0 0.0 0.0 0.0
0 0.851562 0.239164 0.007812 0.020124 0.853516 0.241486 1.0 0.855469 0.239938 1.0 0.855469 0.244582 1.0 0.854492 0.247678 1.0 0.855469 0.24613 1.0
0 0.756348 0.328947 0.012695 0.032508 0.0 0.0 0.0 0.0 0.0 0.0 0.0 0.0 0.0 0.0 0.0 0.0 0.0 0.0 0.0
0 0.777832 0.26161 0.016602 0.03096 0.0 0.0 0.0 0.0 0.0 0.0 0.0 0.0 0.0 0.0 0.0 0.0 0.0 0.0 0.0
0 0.780762 0.187307 0.008789 0.018576 0.779297 0.187307 1.0 0.783203 0.187307 1.0 0.78125 0.190402 1.0 0.779297 0.193498 1.0 0.782227 0.193498 1.0
0 0.651855 0.198916 0.010742 0.020124 0.0 0.0 0.0 0.0 0.0 0.0 0.0 0.0 0.0 0.0 0.0 0.0 0.0 0.0 0.0
0 0.674316 0.193498 0.008789 0.021672 0.673828 0.19195 1.0 0.675781 0.193498 1.0 0.672852 0.196594 1.0 0.672852 0.201238 1.0 0.674805 0.201238 1.0
0 0.696289 0.186533 0.007812 0.017028 0.694336 0.185759 1.0 0.696289 0.185759 1.0 0.695312 0.188854 1.0 0.694336 0.19195 1.0 0.696289 0.19195 1.0
0 0.581055 0.235294 0.009766 0.018576 0.0 0.0 0.0 0.0 0.0 0.0 0.0 0.0 0.0 0.0 0.0 0.0 0.0 0.0 0.0
0 0.539062 0.256966 0.009766 0.021672 0.536839 0.257269 1.0 0.54058 0.257423 1.0 0.537702 0.261831 1.0 0.536264 0.265176 1.0 0.540004 0.26472 1.0
0 0.535645 0.21904 0.006836 0.017028 0.533203 0.216718 1.0 0.538086 0.213622 1.0 0.536133 0.218266 1.0 0.533203 0.221362 1.0 0.537109 0.219814 1.0
0 0.549805 0.212848 0.011719 0.017028 0.546195 0.209559 1.0 0.548313 0.209559 1.0 0.545646 0.213788 1.0 0.546273 0.219012 1.0 0.548 0.219012 1.0
0 0.525879 0.225232 0.008789 0.020124 0.0 0.0 0.0 0.0 0.0 0.0 0.0 0.0 0.0 0.0 0.0 0.0 0.0 0.0 0.0
0 0.507324 0.224458 0.010742 0.021672 0.503906 0.22291 1.0 0.504883 0.22291 1.0 0.503906 0.227554 1.0 0.504883 0.232198 1.0 0.506836 0.23065 1.0
0 0.494141 0.218266 0.007812 0.01548 0.491211 0.21517 1.0 0.494141 0.21517 1.0 0.492188 0.218266 1.0 0.490234 0.219814 1.0 0.494141 0.219814 1.0
0 0.566895 0.297988 0.012695 0.026316 0.571289 0.294118 1.0 0.577148 0.29257 1.0 0.575195 0.30031 1.0 0.572266 0.30805 1.0 0.576172 0.306502 1.0
0 0.556641 0.26935 0.009766 0.024768 0.551758 0.263158 1.0 0.553711 0.264706 1.0 0.550781 0.26935 1.0 0.550781 0.272446 1.0 0.551758 0.272446 1.0
0 0.549805 0.25387 0.007812 0.021672 0.0 0.0 0.0 0.0 0.0 0.0 0.0 0.0 0.0 0.0 0.0 0.0 0.0 0.0 0.0
0 0.736328 0.237616 0.009766 0.02322 0.730364 0.235625 1.0 0.73468 0.235777 1.0 0.731323 0.241099 1.0 0.731323 0.245813 1.0 0.73468 0.245659 1.0
0 0.74707 0.229876 0.007812 0.020124 0.0 0.0 0.0 0.0 0.0 0.0 0.0 0.0 0.0 0.0 0.0 0.0 0.0 0.0 0.0
0 0.600098 0.071207 0.010742 0.01548 0.59668 0.071207 1.0 0.599609 0.071207 1.0 0.598633 0.074303 1.0 0.59668 0.075851 1.0 0.598633 0.075851 1.0
0 0.67041 0.153251 0.010742 0.01548 0.668526 0.151703 1.0 0.67041 0.151924 1.0 0.668457 0.155241 1.0 0.668388 0.157785 1.0 0.669782 0.158116 1.0
0 0.883301 0.354489 0.016602 0.049536 0.878287 0.346901 1.0 0.885707 0.350715 1.0 0.880092 0.359616 1.0 0.878087 0.365339 1.0 0.885707 0.367563 1.0
0 0.961914 0.362229 0.015625 0.049536 0.955078 0.352941 1.0 0.958008 0.356037 1.0 0.951172 0.360681 1.0 0.951172 0.373065 1.0 0.954102 0.373065 1.0
0 0.936035 0.259288 0.008789 0.02322 0.938477 0.260062 1.0 0.942383 0.258514 1.0 0.941406 0.263158 1.0 0.9375 0.267802 1.0 0.941406 0.267802 1.0
0 0.880371 0.287152 0.012695 0.0387 0.877389 0.279661 1.0 0.88351 0.280158 1.0 0.882098 0.287622 1.0 0.879272 0.294588 1.0 0.883354 0.294588 1.0
0 0.939941 0.22678 0.008789 0.026316 0.941406 0.226006 1.0 0.944231 0.225176 1.0 0.943813 0.229986 1.0 0.942871 0.234299 1.0 0.944755 0.233802 1.0
0 0.943848 0.19969 0.008789 0.024768 0.941555 0.197963 1.0 0.944562 0.197646 1.0 0.942958 0.202096 1.0 0.941555 0.20448 1.0 0.944161 0.20448 1.0
0 0.828613 0.170279 0.004883 0.009288 0.0 0.0 0.0 0.0 0.0 0.0 0.0 0.0 0.0 0.0 0.0 0.0 0.0 0.0 0.0
0 0.841797 0.172601 0.005859 0.013932 0.0 0.0 0.0 0.0 0.0 0.0 0.0 0.0 0.0 0.0 0.0 0.0 0.0 0.0 0.0
0 0.86377 0.179567 0.004883 0.012384 0.0 0.0 0.0 0.0 0.0 0.0 0.0 0.0 0.0 0.0 0.0 0.0 0.0 0.0 0.0
0 0.858398 0.176471 0.005859 0.012384 0.0 0.0 0.0 0.0 0.0 0.0 0.0 0.0 0.0 0.0 0.0 0.0 0.0 0.0 0.0
0 0.766113 0.160217 0.004883 0.010836 0.763603 0.158848 1.0 0.766 0.160141 1.0 0.764705 0.162497 1.0 0.763074 0.164322 1.0 0.764657 0.165234 1.0
0 0.759277 0.157121 0.004883 0.010836 0.0 0.0 0.0 0.0 0.0 0.0 0.0 0.0 0.0 0.0 0.0 0.0 0.0 0.0 0.0
0 0.717773 0.136997 0.005859 0.010836 0.717773 0.137771 1.0 0.720703 0.137771 1.0 0.71875 0.140867 1.0 0.716797 0.145511 1.0 0.720703 0.143963 1.0
0 0.704102 0.133127 0.005859 0.012384 0.703125 0.133127 1.0 0.706055 0.133127 1.0 0.704102 0.137771 1.0 0.702148 0.140867 1.0 0.706055 0.140867 1.0
0 0.921387 0.173375 0.004883 0.012384 0.0 0.0 0.0 0.0 0.0 0.0 0.0 0.0 0.0 0.0 0.0 0.0 0.0 0.0 0.0
0 0.970703 0.2113 0.007812 0.020124 0.968401 0.208017 1.0 0.972626 0.208017 1.0 0.970638 0.212613 1.0 0.968732 0.216028 1.0 0.972046 0.215896 1.0
0 0.958008 0.24226 0.007812 0.020124 0.956055 0.241486 1.0 0.959961 0.241486 1.0 0.957031 0.243034 1.0 0.955078 0.24613 1.0 0.958984 0.24613 1.0
0 0.910156 0.246904 0.005859 0.02322 0.0 0.0 0.0 0.0 0.0 0.0 0.0 0.0 0.0 0.0 0.0 0.0 0.0 0.0 0.0
0 0.907715 0.219814 0.006836 0.018576 0.0 0.0 0.0 0.0 0.0 0.0 0.0 0.0 0.0 0.0 0.0 0.0 0.0 0.0 0.0
0 0.925293 0.21517 0.006836 0.021672 0.923706 0.212944 1.0 0.927551 0.21309 1.0 0.926178 0.216283 1.0 0.924896 0.21991 1.0 0.926728 0.219621 1.0
0 0.958496 0.19582 0.006836 0.017028 0.0 0.0 0.0 0.0 0.0 0.0 0.0 0.0 0.0 0.0 0.0 0.0 0.0 0.0 0.0
0 0.978516 0.195046 0.005859 0.01548 0.0 0.0 0.0 0.0 0.0 0.0 0.0 0.0 0.0 0.0 0.0 0.0 0.0 0.0 0.0
0 0.798828 0.173375 0.005859 0.01548 0.796875 0.173375 1.0 0.799805 0.171827 1.0 0.798828 0.176471 1.0 0.797852 0.178019 1.0 0.798828 0.178019 1.0
0 0.817383 0.167183 0.005859 0.012384 0.0 0.0 0.0 0.0 0.0 0.0 0.0 0.0 0.0 0.0 0.0 0.0 0.0 0.0 0.0
0 0.990723 0.301084 0.012695 0.041796 0.986328 0.297214 1.0 0.990234 0.297214 1.0 0.985352 0.304954 1.0 0.985352 0.312693 1.0 0.988281 0.311146 1.0
0 0.987305 0.213622 0.007812 0.021672 0.0 0.0 0.0 0.0 0.0 0.0 0.0 0.0 0.0 0.0 0.0 0.0 0.0 0.0 0.0
0 0.240723 0.929567 0.083008 0.140867 0.246525 0.970361 1.0 0.261823 0.927715 1.0 0.270791 0.956981 1.0 0.267099 0.993774 1.0 0.278177 0.957817 1.0
0 0.346191 0.340557 0.014648 0.04644 0.347656 0.342105 1.0 0.353516 0.339009 1.0 0.351562 0.348297 1.0 0.349609 0.356037 1.0 0.353516 0.352941 1.0
0 0.779297 0.458204 0.035156 0.083591 0.7692 0.447203 1.0 0.785767 0.454031 1.0 0.772845 0.466635 1.0 0.767543 0.47924 1.0 0.780465 0.483443 1.0
0 0.668457 0.462848 0.024414 0.092879 0.666016 0.452012 1.0 0.667969 0.455108 1.0 0.662109 0.462848 1.0 0.65918 0.48452 1.0 0.663086 0.48452 1.0
0 0.593262 0.478328 0.041992 0.083591 0.0 0.0 0.0 0.0 0.0 0.0 0.0 0.0 0.0 0.0 0.0 0.0 0.0 0.0 0.0
0 0.468262 0.422601 0.03418 0.055728 0.462891 0.433437 1.0 0.464844 0.430341 1.0 0.46582 0.442724 1.0 0.470703 0.447368 1.0 0.473633 0.441176 1.0
0 0.51123 0.619195 0.020508 0.052632 0.503906 0.620743 1.0 0.506836 0.620743 1.0 0.504883 0.633127 1.0 0.507812 0.640867 1.0 0.509766 0.639319 1.0
0 0.59082 0.299536 0.013672 0.035604 0.585938 0.294118 1.0 0.588867 0.294118 1.0 0.584961 0.301858 1.0 0.583984 0.30805 1.0 0.585938 0.30805 1.0
0 0.632324 0.283282 0.008789 0.03096 0.628906 0.281734 1.0 0.630859 0.283282 1.0 0.62793 0.286378 1.0 0.628906 0.29257 1.0 0.629883 0.29257 1.0
0 0.644531 0.243034 0.007812 0.021672 0.640625 0.241486 1.0 0.642578 0.239938 1.0 0.642578 0.247678 1.0 0.644531 0.25387 1.0 0.645508 0.252322 1.0
0 0.73877 0.26161 0.008789 0.021672 0.736328 0.256966 1.0 0.738281 0.256966 1.0 0.735352 0.26161 1.0 0.735352 0.266254 1.0 0.737305 0.266254 1.0
0 0.6875 0.391641 0.021484 0.058824 0.678065 0.386361 1.0 0.686776 0.391958 1.0 0.676183 0.399796 1.0 0.678771 0.412483 1.0 0.686541 0.414723 1.0
0 0.790039 0.316563 0.017578 0.0387 0.785156 0.309598 1.0 0.788086 0.309598 1.0 0.782227 0.317337 1.0 0.783203 0.326625 1.0 0.785156 0.326625 1.0
0 0.476562 0.277864 0.013672 0.032508 0.476562 0.275542 1.0 0.481445 0.273994 1.0 0.480469 0.280186 1.0 0.477539 0.286378 1.0 0.484375 0.28483 1.0
0 0.486328 0.266254 0.007812 0.024768 0.480469 0.266254 1.0 0.482422 0.266254 1.0 0.483398 0.26935 1.0 0.483398 0.275542 1.0 0.484375 0.272446 1.0
0 0.480957 0.225232 0.006836 0.020124 0.480469 0.224458 1.0 0.484375 0.22291 1.0 0.482422 0.227554 1.0 0.480469 0.23065 1.0 0.483398 0.23065 1.0
0 0.446289 0.283282 0.009766 0.021672 0.445312 0.283282 1.0 0.449219 0.281734 1.0 0.447266 0.286378 1.0 0.445312 0.29257 1.0 0.449219 0.291022 1.0
0 0.45752 0.21517 0.006836 0.012384 0.455078 0.216718 1.0 0.458984 0.216718 1.0 0.456055 0.218266 1.0 0.454102 0.221362 1.0 0.457031 0.219814 1.0
0 0.61377 0.192724 0.008789 0.02322 0.612305 0.193498 1.0 0.614258 0.193498 1.0 0.612305 0.196594 1.0 0.611328 0.201238 1.0 0.613281 0.201238 1.0
0 0.631348 0.22291 0.010742 0.018576 0.62793 0.216718 1.0 0.631836 0.216718 1.0 0.628906 0.22291 1.0 0.626953 0.227554 1.0 0.630859 0.227554 1.0
0 0.671387 0.233746 0.008789 0.021672 0.668317 0.236026 1.0 0.670428 0.236635 1.0 0.666304 0.239068 1.0 0.669564 0.24454 1.0 0.670715 0.244845 1.0
0 0.711426 0.214396 0.012695 0.026316 0.708984 0.20743 1.0 0.711914 0.20743 1.0 0.709961 0.212074 1.0 0.707031 0.216718 1.0 0.708984 0.216718 1.0
0 0.760254 0.198142 0.010742 0.027864 0.756365 0.198322 1.0 0.759766 0.198861 1.0 0.756479 0.202635 1.0 0.757158 0.208743 1.0 0.759312 0.208563 1.0
0 0.806641 0.245356 0.011719 0.032508 0.803711 0.244582 1.0 0.805664 0.244582 1.0 0.804688 0.249226 1.0 0.802734 0.25387 1.0 0.805664 0.25387 1.0
0 0.206055 0.462074 0.025391 0.051084 0.0 0.0 0.0 0.0 0.0 0.0 0.0 0.0 0.0 0.0 0.0 0.0 0.0 0.0 0.0
0 0.081543 0.266254 0.006836 0.012384 0.0 0.0 0.0 0.0 0.0 0.0 0.0 0.0 0.0 0.0 0.0 0.0 0.0 0.0 0.0
0 0.103027 0.280186 0.006836 0.009288 0.0 0.0 0.0 0.0 0.0 0.0 0.0 0.0 0.0 0.0 0.0 0.0 0.0 0.0 0.0
0 0.062988 0.294892 0.004883 0.00774 0.0 0.0 0.0 0.0 0.0 0.0 0.0 0.0 0.0 0.0 0.0 0.0 0.0 0.0 0.0
0 0.04834 0.328947 0.006836 0.017028 0.048828 0.326625 1.0 0.050781 0.325077 1.0 0.051758 0.328173 1.0 0.049805 0.332817 1.0 0.052734 0.331269 1.0
0 0.07959 0.343653 0.014648 0.021672 0.0 0.0 0.0 0.0 0.0 0.0 0.0 0.0 0.0 0.0 0.0 0.0 0.0 0.0 0.0
0 0.08252 0.319659 0.006836 0.017028 0.0 0.0 0.0 0.0 0.0 0.0 0.0 0.0 0.0 0.0 0.0 0.0 0.0 0.0 0.0
0 0.09082 0.399381 0.019531 0.037152 0.0 0.0 0.0 0.0 0.0 0.0 0.0 0.0 0.0 0.0 0.0 0.0 0.0 0.0 0.0
0 0.049316 0.47678 0.016602 0.071207 0.0 0.0 0.0 0.0 0.0 0.0 0.0 0.0 0.0 0.0 0.0 0.0 0.0 0.0 0.0
0 0.109375 0.53096 0.033203 0.080495 0.0 0.0 0.0 0.0 0.0 0.0 0.0 0.0 0.0 0.0 0.0 0.0 0.0 0.0 0.0
0 0.147461 0.301084 0.007812 0.017028 0.0 0.0 0.0 0.0 0.0 0.0 0.0 0.0 0.0 0.0 0.0 0.0 0.0 0.0 0.0
0 0.164062 0.324303 0.011719 0.02322 0.0 0.0 0.0 0.0 0.0 0.0 0.0 0.0 0.0 0.0 0.0 0.0 0.0 0.0 0.0
0 0.137207 0.30031 0.008789 0.01548 0.0 0.0 0.0 0.0 0.0 0.0 0.0 0.0 0.0 0.0 0.0 0.0 0.0 0.0 0.0
0 0.973145 0.178793 0.004883 0.010836 0.0 0.0 0.0 0.0 0.0 0.0 0.0 0.0 0.0 0.0 0.0 0.0 0.0 0.0 0.0
0 0.995605 0.164861 0.004883 0.010836 0.0 0.0 0.0 0.0 0.0 0.0 0.0 0.0 0.0 0.0 0.0 0.0 0.0 0.0 0.0