0 0.630371 0.299701 0.036133 0.082212 0.615967 0.286389 1.0 0.632752 0.286389 1.0 0.616974 0.299235 1.0 0.614624 0.310024 1.0 0.626709 0.311052 1.0
0 0.835449 0.327354 0.026367 0.050822 0.829682 0.319414 1.0 0.840148 0.324646 1.0 0.831817 0.3338 1.0 0.828186 0.339686 1.0 0.835449 0.343937 1.0
0 0.825684 0.251121 0.018555 0.035874 0.821381 0.248598 1.0 0.832672 0.249299 1.0 0.827484 0.259809 1.0 0.823212 0.26775 1.0 0.83023 0.26775 1.0
0 0.876465 0.2429 0.022461 0.046338 0.865579 0.228792 1.0 0.874604 0.232997 1.0 0.86656 0.241706 1.0 0.864598 0.250114 1.0 0.869698 0.252215 1.0
0 0.791504 0.251121 0.014648 0.029895 0.0 0.0 0.0 0.0 0.0 0.0 0.0 0.0 0.0 0.0 0.0 0.0 0.0 0.0 0.0
0 0.566406 0.210762 0.023438 0.047833 0.561536 0.207193 1.0 0.571781 0.208133 1.0 0.56584 0.217857 1.0 0.559692 0.222874 1.0 0.569323 0.222561 1.0
0 0.470215 0.212257 0.020508 0.044843 0.47284 0.208066 1.0 0.4794 0.208353 1.0 0.478463 0.217535 1.0 0.473401 0.224422 1.0 0.478463 0.224996 1.0
0 0.373535 0.198057 0.018555 0.040359 0.0 0.0 0.0 0.0 0.0 0.0 0.0 0.0 0.0 0.0 0.0 0.0 0.0 0.0 0.0
0 0.244629 0.212257 0.020508 0.041854 0.0 0.0 0.0 0.0 0.0 0.0 0.0 0.0 0.0 0.0 0.0 0.0 0.0 0.0 0.0
0 0.387695 0.23991 0.017578 0.028401 0.0 0.0 0.0 0.0 0.0 0.0 0.0 0.0 0.0 0.0 0.0 0.0 0.0 0.0 0.0
0 0.158691 0.241405 0.018555 0.037369 0.0 0.0 0.0 0.0 0.0 0.0 0.0 0.0 0.0 0.0 0.0 0.0 0.0 0.0 0.0