0 0.491211 0.344782 0.023438 0.042272 0.488465 0.341202 1.0 0.498666 0.342795 1.0 0.493173 0.351021 1.0 0.48611 0.356063 1.0 0.494938 0.358452 1.0
0 0.536133 0.35535 0.019531 0.03963 0.531425 0.350915 1.0 0.540632 0.354807 1.0 0.535261 0.360775 1.0 0.530082 0.364149 1.0 0.538521 0.36856 1.0
0 0.551758 0.378468 0.017578 0.040951 0.54293 0.37582 1.0 0.548423 0.375289 1.0 0.542537 0.383251 1.0 0.542341 0.388028 1.0 0.546068 0.388028 1.0
0 0.62207 0.484808 0.023438 0.036988 0.616041 0.478103 1.0 0.624979 0.481489 1.0 0.616935 0.48584 1.0 0.614254 0.493819 1.0 0.619259 0.49648 1.0
0 0.625 0.40753 0.017578 0.035667 0.0 0.0 0.0 0.0 0.0 0.0 0.0 0.0 0.0 0.0 0.0 0.0 0.0 0.0 0.0
0 0.642578 0.348085 0.025391 0.030383 0.65053 0.342058 1.0 0.65053 0.342058 1.0 0.651855 0.350573 1.0 0.647548 0.355951 1.0 0.647548 0.355951 1.0
0 0.489258 0.268164 0.023438 0.034346 0.487609 0.263033 1.0 0.493574 0.270428 1.0 0.487941 0.275583 1.0 0.482475 0.27603 1.0 0.486947 0.280513 1.0
0 0.042969 0.151915 0.017578 0.03963 0.042293 0.148465 1.0 0.050354 0.144662 1.0 0.050167 0.155058 1.0 0.043418 0.162666 1.0 0.048667 0.162919 1.0
0 0.004395 0.054161 0.008789 0.02642 0.0 0.0 0.0 0.0 0.0 0.0 0.0 0.0 0.0 0.0 0.0 0.0 0.0 0.0 0.0
0 0.173828 0.053501 0.017578 0.035667 0.165667 0.04959 1.0 0.174168 0.053501 1.0 0.166687 0.059941 1.0 0.166687 0.065691 1.0 0.170937 0.06661 1.0
0 0.067383 0.321004 0.019531 0.044914 0.0 0.0 0.0 0.0 0.0 0.0 0.0 0.0 0.0 0.0 0.0 0.0 0.0 0.0 0.0
0 0.740723 0.122853 0.022461 0.034346 0.745701 0.122629 1.0 0.749843 0.122406 1.0 0.749512 0.130248 1.0 0.742554 0.135178 1.0 0.745701 0.136523 1.0
0 0.859375 0.033686 0.021484 0.038309 0.852762 0.027882 1.0 0.861341 0.029575 1.0 0.85437 0.036828 1.0 0.851867 0.042873 1.0 0.857767 0.044325 1.0
0 0.963867 0.05284 0.019531 0.034346 0.960798 0.048034 1.0 0.969509 0.047597 1.0 0.966767 0.057634 1.0 0.960314 0.062435 1.0 0.968863 0.061781 1.0
0 0.883789 0.243725 0.021484 0.038309 0.884521 0.245789 1.0 0.888184 0.24777 1.0 0.888367 0.258174 1.0 0.879578 0.258668 1.0 0.882873 0.26065 1.0
0 0.93457 0.141347 0.015625 0.036988 0.0 0.0 0.0 0.0 0.0 0.0 0.0 0.0 0.0 0.0 0.0 0.0 0.0 0.0 0.0
0 0.476562 0.027741 0.019531 0.03963 0.470947 0.02452 1.0 0.471496 0.025017 1.0 0.465271 0.028732 1.0 0.467102 0.036162 1.0 0.46875 0.037153 1.0
0 0.671387 0.023778 0.022461 0.036988 0.673549 0.021962 1.0 0.681004 0.018824 1.0 0.679513 0.029804 1.0 0.672887 0.034511 1.0 0.681336 0.032494 1.0
0 0.71875 0.015852 0.023438 0.029062 0.711548 0.00772 1.0 0.721619 0.008132 1.0 0.715516 0.019897 1.0 0.712769 0.023613 1.0 0.721008 0.023407 1.0
0 0.776855 0.01321 0.020508 0.02642 0.776014 0.005543 1.0 0.786285 0.004995 1.0 0.783177 0.016147 1.0 0.777906 0.021997 1.0 0.784528 0.020351 1.0
0 0.699219 0.103699 0.013672 0.033025 0.0 0.0 0.0 0.0 0.0 0.0 0.0 0.0 0.0 0.0 0.0 0.0 0.0 0.0 0.0
0 0.969238 0.793263 0.026367 0.043593 0.958496 0.790904 1.0 0.97168 0.794867 1.0 0.962891 0.804774 1.0 0.959961 0.802227 1.0 0.969378 0.805058 1.0
0 0.887695 0.918758 0.017578 0.035667 0.882071 0.916305 1.0 0.883396 0.918995 1.0 0.87909 0.921683 1.0 0.882568 0.932664 1.0 0.883396 0.932664 1.0
0 0.587402 0.1321 0.020508 0.02642 0.580636 0.128432 1.0 0.587437 0.128963 1.0 0.581944 0.138871 1.0 0.588876 0.141878 1.0 0.589269 0.142055 1.0
0 0.433105 0.334875 0.016602 0.035667 0.0 0.0 0.0 0.0 0.0 0.0 0.0 0.0 0.0 0.0 0.0 0.0 0.0 0.0 0.0
0 0.344727 0.344782 0.021484 0.034346 0.339757 0.334025 1.0 0.342241 0.333802 1.0 0.33694 0.346351 1.0 0.343566 0.350609 1.0 0.344396 0.350384 1.0
0 0.53125 0.036988 0.025391 0.036988 0.521872 0.037053 1.0 0.535278 0.032458 1.0 0.530452 0.041406 1.0 0.528665 0.050593 1.0 0.538854 0.046483 1.0
0 0.814941 0.005945 0.018555 0.011889 0.0 0.0 0.0 0.0 0.0 0.0 0.0 0.0 0.0 0.0 0.0 0.0 0.0 0.0 0.0