0 0.412109 0.628472 0.037109 0.079861 0.40397 0.623575 1.0 0.419272 0.623575 1.0 0.409354 0.638688 1.0 0.40312 0.657328 1.0 0.415872 0.655312 1.0
0 0.059082 0.52691 0.014648 0.032986 0.051758 0.520833 1.0 0.058594 0.520833 1.0 0.053711 0.526042 1.0 0.052734 0.534722 1.0 0.058594 0.532986 1.0
0 0.026855 0.65625 0.03418 0.072917 0.017509 0.651259 1.0 0.030849 0.649399 1.0 0.021955 0.660559 1.0 0.019601 0.678231 1.0 0.03111 0.675905 1.0
0 0.493164 0.088542 0.017578 0.027778 0.486328 0.078125 1.0 0.494141 0.078125 1.0 0.491211 0.086806 1.0 0.488281 0.095486 1.0 0.495117 0.095486 1.0
0 0.57373 0.607639 0.03418 0.079861 0.564096 0.5972 1.0 0.581665 0.595687 1.0 0.572597 0.617351 1.0 0.568063 0.630953 1.0 0.579965 0.630448 1.0
0 0.699707 0.635417 0.026367 0.0625 0.69237 0.631387 1.0 0.705266 0.630201 1.0 0.697929 0.640477 1.0 0.693926 0.651941 1.0 0.704821 0.651941 1.0
0 0.814941 0.673611 0.03418 0.076389 0.80256 0.659861 1.0 0.819859 0.659861 1.0 0.806074 0.6762 1.0 0.803101 0.689655 1.0 0.815264 0.689655 1.0
0 0.859863 0.602431 0.036133 0.086806 0.849609 0.583333 1.0 0.865234 0.581597 1.0 0.853516 0.605903 1.0 0.851562 0.621528 1.0 0.864258 0.621528 1.0
0 0.125488 0.652778 0.038086 0.076389 0.116211 0.640625 1.0 0.133789 0.638889 1.0 0.124023 0.65625 1.0 0.118164 0.670139 1.0 0.132812 0.671875 1.0
0 0.201172 0.655382 0.035156 0.071181 0.190678 0.63892 1.0 0.207141 0.638462 1.0 0.198395 0.658125 1.0 0.194794 0.674587 1.0 0.204054 0.673674 1.0
0 0.363281 0.611111 0.041016 0.076389 0.350372 0.598524 1.0 0.367127 0.598036 1.0 0.357238 0.617568 1.0 0.352569 0.63075 1.0 0.366577 0.629774 1.0