0 0.325684 0.208277 0.075195 0.128901 0.312928 0.186494 1.0 0.34389 0.179189 1.0 0.333958 0.209221 1.0 0.320521 0.231137 1.0 0.345643 0.228703 1.0
0 0.520996 0.556309 0.03418 0.056988 0.509962 0.554559 1.0 0.531568 0.544909 1.0 0.524623 0.567068 1.0 0.511505 0.571355 1.0 0.529511 0.565281 1.0
0 0.522461 0.200814 0.005859 0.010855 0.0 0.0 0.0 0.0 0.0 0.0 0.0 0.0 0.0 0.0 0.0 0.0 0.0 0.0 0.0
0 0.478516 0.212347 0.005859 0.009498 0.0 0.0 0.0 0.0 0.0 0.0 0.0 0.0 0.0 0.0 0.0 0.0 0.0 0.0 0.0
0 0.919922 0.141791 0.005859 0.012212 0.0 0.0 0.0 0.0 0.0 0.0 0.0 0.0 0.0 0.0 0.0 0.0 0.0 0.0 0.0
0 0.929199 0.134328 0.004883 0.005427 0.0 0.0 0.0 0.0 0.0 0.0 0.0 0.0 0.0 0.0 0.0 0.0 0.0 0.0 0.0
0 0.968262 0.138399 0.006836 0.013569 0.0 0.0 0.0 0.0 0.0 0.0 0.0 0.0 0.0 0.0 0.0 0.0 0.0 0.0 0.0
0 0.82959 0.154681 0.006836 0.008141 0.0 0.0 0.0 0.0 0.0 0.0 0.0 0.0 0.0 0.0 0.0 0.0 0.0 0.0 0.0
0 0.992676 0.128223 0.006836 0.012212 0.0 0.0 0.0 0.0 0.0 0.0 0.0 0.0 0.0 0.0 0.0 0.0 0.0 0.0 0.0
0 0.908691 0.097015 0.004883 0.009498 0.0 0.0 0.0 0.0 0.0 0.0 0.0 0.0 0.0 0.0 0.0 0.0 0.0 0.0 0.0
0 0.437988 0.227273 0.006836 0.012212 0.0 0.0 0.0 0.0 0.0 0.0 0.0 0.0 0.0 0.0 0.0 0.0 0.0 0.0 0.0
0 0.939941 0.141113 0.008789 0.010855 0.0 0.0 0.0 0.0 0.0 0.0 0.0 0.0 0.0 0.0 0.0 0.0 0.0 0.0 0.0
0 0.851074 0.151967 0.006836 0.010855 0.0 0.0 0.0 0.0 0.0 0.0 0.0 0.0 0.0 0.0 0.0 0.0 0.0 0.0 0.0