0 0.016602 0.405589 0.017578 0.031722 0.014448 0.403014 1.0 0.021642 0.403014 1.0 0.018371 0.409082 1.0 0.015102 0.414343 1.0 0.019418 0.414545 1.0
0 0.07959 0.42145 0.018555 0.030211 0.077223 0.415805 1.0 0.083544 0.415805 1.0 0.08051 0.42089 1.0 0.078992 0.426757 1.0 0.082785 0.426171 1.0
0 0.140625 0.416163 0.017578 0.028701 0.140625 0.412387 1.0 0.147461 0.412387 1.0 0.143555 0.415408 1.0 0.139648 0.42145 1.0 0.147461 0.422961 1.0
0 0.1875 0.412387 0.013672 0.02719 0.185547 0.406344 1.0 0.192383 0.406344 1.0 0.19043 0.412387 1.0 0.185547 0.415408 1.0 0.194336 0.415408 1.0
0 0.259277 0.413142 0.014648 0.031722 0.256836 0.409366 1.0 0.263672 0.407855 1.0 0.261719 0.413897 1.0 0.256836 0.41994 1.0 0.264648 0.418429 1.0
0 0.350098 0.374622 0.038086 0.081571 0.348615 0.368473 1.0 0.363856 0.367959 1.0 0.358887 0.382823 1.0 0.348615 0.393586 1.0 0.3622 0.395122 1.0
0 0.539551 0.378399 0.032227 0.061934 0.5335 0.369039 1.0 0.547407 0.366692 1.0 0.542855 0.380772 1.0 0.5335 0.391724 1.0 0.549177 0.38703 1.0
0 0.634277 0.413897 0.018555 0.036254 0.629342 0.41147 1.0 0.636161 0.408947 1.0 0.632899 0.418347 1.0 0.631121 0.422704 1.0 0.637198 0.421329 1.0
0 0.710938 0.436556 0.019531 0.033233 0.709892 0.432456 1.0 0.715611 0.430946 1.0 0.713937 0.439145 1.0 0.708636 0.442166 1.0 0.716728 0.442166 1.0
0 0.773438 0.432779 0.019531 0.037764 0.770046 0.428289 1.0 0.778434 0.428039 1.0 0.774563 0.435026 1.0 0.770046 0.440764 1.0 0.77682 0.440515 1.0
0 0.851562 0.475076 0.017578 0.034743 0.844543 0.469115 1.0 0.854471 0.468891 1.0 0.848141 0.476458 1.0 0.845982 0.481799 1.0 0.852024 0.481131 1.0
0 0.975098 0.447885 0.022461 0.046828 0.97039 0.439092 1.0 0.979218 0.438181 1.0 0.974509 0.446982 1.0 0.97137 0.46003 1.0 0.981768 0.460334 1.0