0 0.011719 0.135443 0.017578 0.055696 -0.004211 0.128758 1.0 0.009247 0.126622 1.0 0.002655 0.13659 1.0 -0.001739 0.150119 1.0 0.010895 0.149051 1.0
0 0.071289 0.208861 0.035156 0.070886 0.062679 0.202424 1.0 0.080244 0.200638 1.0 0.071978 0.210906 1.0 0.066467 0.223853 1.0 0.078866 0.223406 1.0
0 0.120117 0.124051 0.029297 0.060759 0.112218 0.114715 1.0 0.126447 0.114715 1.0 0.119629 0.127396 1.0 0.115479 0.140846 1.0 0.124965 0.139692 1.0
0 0.222656 0.118354 0.027344 0.05443 0.215476 0.114676 1.0 0.228772 0.11433 1.0 0.221593 0.123638 1.0 0.217604 0.131911 1.0 0.226646 0.131567 1.0
0 0.337891 0.124051 0.03125 0.060759 0.330096 0.119327 1.0 0.345808 0.120095 1.0 0.338396 0.132008 1.0 0.330688 0.136619 1.0 0.345808 0.136619 1.0
0 0.180176 0.198101 0.038086 0.064557 0.17222 0.194389 1.0 0.189087 0.190263 1.0 0.181131 0.202639 1.0 0.177948 0.216252 1.0 0.189087 0.212539 1.0
0 0.307129 0.209494 0.036133 0.067089 0.298301 0.206103 1.0 0.315304 0.206103 1.0 0.307129 0.21458 1.0 0.298954 0.222632 1.0 0.314649 0.222632 1.0
0 0.429199 0.20443 0.03418 0.067089 0.419722 0.198073 1.0 0.437705 0.19892 1.0 0.42855 0.209516 1.0 0.421684 0.222654 1.0 0.435089 0.222654 1.0
0 0.017578 0.324684 0.035156 0.08481 0.000776 0.321271 1.0 0.021484 0.318586 1.0 0.008646 0.333618 1.0 0.002847 0.347576 1.0 0.019828 0.344354 1.0
0 0.166016 0.332278 0.042969 0.074684 0.15686 0.327848 1.0 0.17627 0.325949 1.0 0.16748 0.338291 1.0 0.158325 0.350633 1.0 0.177002 0.349684 1.0
0 0.293945 0.341139 0.042969 0.079747 0.282305 0.333838 1.0 0.303258 0.331827 1.0 0.293945 0.346914 1.0 0.284245 0.356973 1.0 0.305974 0.354962 1.0
0 0.434082 0.132911 0.02832 0.04557 0.425546 0.126514 1.0 0.441999 0.126514 1.0 0.434662 0.136314 1.0 0.429104 0.144382 1.0 0.440221 0.143518 1.0
0 0.536621 0.120253 0.030273 0.058228 0.528561 0.114478 1.0 0.546413 0.114478 1.0 0.536495 0.123661 1.0 0.529977 0.132843 1.0 0.543862 0.132109 1.0
0 0.554199 0.208228 0.038086 0.072152 0.544529 0.200554 1.0 0.560421 0.198723 1.0 0.553711 0.208792 1.0 0.548061 0.221609 1.0 0.559361 0.220237 1.0
0 0.648926 0.109494 0.030273 0.059494 0.639648 0.103797 1.0 0.65625 0.101266 1.0 0.647461 0.110127 1.0 0.639648 0.121519 1.0 0.655273 0.120253 1.0
0 0.023926 0.484177 0.041992 0.092405 0.005511 0.478843 1.0 0.028634 0.481194 1.0 0.015032 0.497062 1.0 0.005964 0.508228 1.0 0.027728 0.508228 1.0
0 0.178711 0.513291 0.048828 0.079747 0.167847 0.500215 1.0 0.19268 0.501724 1.0 0.180651 0.517818 1.0 0.167847 0.532906 1.0 0.191516 0.532403 1.0
0 0.350586 0.522152 0.050781 0.077215 0.338122 0.509838 1.0 0.361468 0.512241 1.0 0.348498 0.52617 1.0 0.338122 0.54058 1.0 0.360727 0.542501 1.0
0 0.526367 0.520886 0.050781 0.082278 0.516449 0.506765 1.0 0.540253 0.504708 1.0 0.528748 0.525277 1.0 0.518433 0.534533 1.0 0.540253 0.53299 1.0
0 0.718262 0.515823 0.049805 0.087342 0.70459 0.507437 1.0 0.730225 0.505222 1.0 0.718262 0.521281 1.0 0.708008 0.536787 1.0 0.72937 0.536234 1.0
0 0.901855 0.518987 0.053711 0.093671 0.890485 0.509494 1.0 0.914062 0.50773 1.0 0.904088 0.524186 1.0 0.895927 0.540642 1.0 0.911796 0.539467 1.0
0 0.439941 0.33038 0.043945 0.078481 0.428074 0.327289 1.0 0.448936 0.324339 1.0 0.438694 0.339087 1.0 0.431867 0.351378 1.0 0.448177 0.350395 1.0
0 0.586426 0.328481 0.041992 0.079747 0.576913 0.321682 1.0 0.594762 0.322689 1.0 0.585449 0.337777 1.0 0.576525 0.347333 1.0 0.592821 0.34683 1.0
0 0.713379 0.339873 0.040039 0.074684 0.701172 0.332911 1.0 0.722656 0.331646 1.0 0.710938 0.348101 1.0 0.703125 0.360759 1.0 0.720703 0.362025 1.0
0 0.851562 0.348101 0.042969 0.073418 0.839635 0.341738 1.0 0.860012 0.341275 1.0 0.849645 0.354249 1.0 0.844282 0.364908 1.0 0.856079 0.364908 1.0
0 0.760254 0.103165 0.032227 0.056962 0.754464 0.097468 1.0 0.770368 0.098191 1.0 0.761998 0.107957 1.0 0.756139 0.118084 1.0 0.766741 0.118444 1.0
0 0.805664 0.209494 0.037109 0.067089 0.795528 0.207799 1.0 0.811877 0.206103 1.0 0.802722 0.220513 1.0 0.798471 0.229837 1.0 0.809588 0.228142 1.0
0 0.876953 0.125316 0.033203 0.058228 0.868783 0.118829 1.0 0.88835 0.119575 1.0 0.87799 0.126661 1.0 0.868495 0.134494 1.0 0.884608 0.136732 1.0
0 0.947754 0.211392 0.040039 0.063291 0.933907 0.203616 1.0 0.950544 0.203616 1.0 0.93893 0.218265 1.0 0.933907 0.228029 1.0 0.949288 0.231284 1.0
0 0.680664 0.206329 0.035156 0.063291 0.669521 0.199277 1.0 0.68995 0.199678 1.0 0.679735 0.212115 1.0 0.672307 0.222547 1.0 0.685307 0.222948 1.0