0 0.123047 0.685714 0.082031 0.16 0.108185 0.665976 1.0 0.145146 0.656964 1.0 0.130088 0.692009 1.0 0.11366 0.718041 1.0 0.149938 0.70903 1.0
0 0.448242 0.438571 0.103516 0.191429 0.425507 0.396874 1.0 0.47577 0.400491 1.0 0.45517 0.430626 1.0 0.427154 0.469197 1.0 0.471649 0.469197 1.0
0 0.570312 0.347143 0.085938 0.145714 0.551121 0.324541 1.0 0.590397 0.322717 1.0 0.570447 0.35646 1.0 0.559226 0.378349 1.0 0.586033 0.378349 1.0
0 0.775391 0.388571 0.09375 0.154286 0.755559 0.367366 1.0 0.79558 0.367366 1.0 0.774902 0.397614 1.0 0.758227 0.42396 1.0 0.791578 0.422984 1.0
0 0.802734 0.66 0.078125 0.142857 0.783805 0.6431 1.0 0.820688 0.6422 1.0 0.799173 0.679969 1.0 0.786264 0.68896 1.0 0.819458 0.691659 1.0
0 0.850586 0.154286 0.068359 0.154286 0.833422 0.12625 1.0 0.86744 0.130153 1.0 0.846096 0.157474 1.0 0.834756 0.185771 1.0 0.859436 0.186747 1.0
0 0.700195 0.201429 0.068359 0.134286 0.676514 0.187143 1.0 0.708404 0.187991 1.0 0.68811 0.214286 1.0 0.678833 0.238036 1.0 0.706665 0.237187 1.0
0 0.520508 0.105714 0.068359 0.125714 0.501491 0.08507 1.0 0.534188 0.080287 1.0 0.521109 0.101811 1.0 0.505851 0.125727 1.0 0.535823 0.122539 1.0
0 0.40625 0.191429 0.074219 0.148571 0.38269 0.168214 1.0 0.41922 0.167277 1.0 0.401275 0.19634 1.0 0.390381 0.215089 1.0 0.415375 0.214151 1.0
0 0.288086 0.212857 0.064453 0.134286 0.271362 0.190937 1.0 0.303253 0.189241 1.0 0.290497 0.215536 1.0 0.273682 0.236741 1.0 0.304413 0.233349 1.0
0 0.223633 0.4 0.068359 0.137143 0.206665 0.386371 1.0 0.24139 0.387231 1.0 0.223733 0.419949 1.0 0.207254 0.433724 1.0 0.239035 0.433724 1.0