0 0.071777 0.346354 0.016602 0.028646 0.074345 0.344982 1.0 0.079616 0.343901 1.0 0.078805 0.349848 1.0 0.075291 0.353992 1.0 0.079751 0.353452 1.0
0 0.100586 0.364583 0.019531 0.03125 0.097918 0.361305 1.0 0.106515 0.362491 1.0 0.10281 0.368025 1.0 0.098511 0.371978 1.0 0.104144 0.372768 1.0
0 0.114746 0.292969 0.016602 0.026042 0.110465 0.289621 1.0 0.117672 0.288947 1.0 0.113879 0.295014 1.0 0.111729 0.299734 1.0 0.117292 0.298724 1.0
0 0.151855 0.367188 0.018555 0.03125 0.1474 0.364298 1.0 0.15625 0.363892 1.0 0.151367 0.371216 1.0 0.148163 0.375488 1.0 0.154571 0.375488 1.0
0 0.161621 0.285156 0.016602 0.03125 0.156643 0.283854 1.0 0.164351 0.284052 1.0 0.160645 0.288992 1.0 0.158272 0.292155 1.0 0.163758 0.292155 1.0
0 0.213867 0.282552 0.015625 0.028646 0.207999 0.280174 1.0 0.215912 0.279216 1.0 0.211884 0.284012 1.0 0.209726 0.289574 1.0 0.216919 0.288807 1.0
0 0.214355 0.490234 0.016602 0.032552 0.208984 0.488956 1.0 0.216832 0.488746 1.0 0.21228 0.495652 1.0 0.210083 0.499628 1.0 0.21589 0.499837 1.0
0 0.182129 0.245443 0.018555 0.032552 0.177856 0.242072 1.0 0.185547 0.24228 1.0 0.182094 0.248349 1.0 0.178484 0.253163 1.0 0.18539 0.252953 1.0
0 0.23291 0.361328 0.020508 0.032552 0.229034 0.357457 1.0 0.237423 0.357457 1.0 0.234357 0.362404 1.0 0.229357 0.366921 1.0 0.238391 0.368426 1.0
0 0.265137 0.505208 0.018555 0.033854 0.260459 0.502837 1.0 0.267233 0.502837 1.0 0.263362 0.508859 1.0 0.262395 0.512299 1.0 0.268201 0.512085 1.0
0 0.324707 0.507812 0.016602 0.026042 0.318604 0.503418 1.0 0.326904 0.502116 1.0 0.321289 0.507487 1.0 0.321167 0.511882 1.0 0.326904 0.510417 1.0
0 0.395996 0.503906 0.016602 0.026042 0.391824 0.501064 1.0 0.399662 0.501232 1.0 0.394858 0.507301 1.0 0.392203 0.510841 1.0 0.39903 0.510672 1.0
0 0.458496 0.494141 0.016602 0.029948 0.455274 0.490687 1.0 0.462756 0.491647 1.0 0.459015 0.498169 1.0 0.454699 0.500279 1.0 0.46218 0.502005 1.0
0 0.251465 0.291016 0.012695 0.027344 0.247689 0.286173 1.0 0.254391 0.285836 1.0 0.250977 0.292073 1.0 0.248195 0.295951 1.0 0.255022 0.295951 1.0
0 0.279297 0.305339 0.017578 0.029948 0.276363 0.30227 1.0 0.284707 0.30227 1.0 0.280967 0.308216 1.0 0.277082 0.313012 1.0 0.284132 0.31282 1.0
0 0.295898 0.366536 0.019531 0.032552 0.290685 0.362956 1.0 0.299316 0.362538 1.0 0.295079 0.369233 1.0 0.293195 0.37321 1.0 0.299944 0.37321 1.0
0 0.310547 0.288411 0.015625 0.027344 0.304688 0.282552 1.0 0.3125 0.282552 1.0 0.307617 0.289062 1.0 0.306641 0.294271 1.0 0.3125 0.294271 1.0
0 0.334473 0.302083 0.016602 0.028646 0.33224 0.299479 1.0 0.338519 0.299107 1.0 0.33531 0.305246 1.0 0.333077 0.309337 1.0 0.3381 0.309152 1.0
0 0.383789 0.292318 0.015625 0.027344 0.378819 0.286609 1.0 0.385882 0.287656 1.0 0.379865 0.292539 1.0 0.380389 0.298642 1.0 0.385358 0.297944 1.0
0 0.38623 0.389323 0.012695 0.018229 0.382141 0.387695 1.0 0.387635 0.388306 1.0 0.384613 0.392944 1.0 0.384155 0.395874 1.0 0.387817 0.395508 1.0
0 0.444336 0.272135 0.017578 0.033854 0.441406 0.268229 1.0 0.449219 0.268229 1.0 0.445312 0.276042 1.0 0.441406 0.28125 1.0 0.447266 0.28125 1.0
0 0.410156 0.390625 0.015625 0.028646 0.404689 0.38748 1.0 0.411595 0.387672 1.0 0.407423 0.394578 1.0 0.40584 0.398605 1.0 0.41102 0.398414 1.0
0 0.471191 0.383464 0.018555 0.029948 0.466256 0.378859 1.0 0.473668 0.378267 1.0 0.469369 0.384987 1.0 0.468776 0.390521 1.0 0.473816 0.390717 1.0
0 0.482422 0.272786 0.015625 0.02474 0.477539 0.268229 1.0 0.485352 0.269531 1.0 0.480469 0.276042 1.0 0.477539 0.28125 1.0 0.484375 0.28125 1.0
0 0.537109 0.286458 0.017578 0.028646 0.532784 0.283645 1.0 0.540894 0.283645 1.0 0.536028 0.28923 1.0 0.53319 0.293375 1.0 0.540083 0.293375 1.0
0 0.578125 0.292318 0.015625 0.027344 0.571751 0.288005 1.0 0.577637 0.288005 1.0 0.573713 0.294108 1.0 0.572798 0.297073 1.0 0.578422 0.297596 1.0
0 0.522949 0.508464 0.018555 0.02474 0.516846 0.508301 1.0 0.523438 0.508626 1.0 0.520752 0.51416 1.0 0.522583 0.517741 1.0 0.52478 0.517253 1.0
0 0.538086 0.41276 0.015625 0.026042 0.532793 0.407389 1.0 0.539367 0.407389 1.0 0.535828 0.414806 1.0 0.533805 0.418009 1.0 0.539367 0.418009 1.0
0 0.604004 0.421224 0.016602 0.029948 0.602138 0.416027 1.0 0.608512 0.416818 1.0 0.605992 0.422549 1.0 0.602435 0.426305 1.0 0.606881 0.426305 1.0
0 0.618164 0.365234 0.013672 0.022135 0.0 0.0 0.0 0.0 0.0 0.0 0.0 0.0 0.0 0.0 0.0 0.0 0.0 0.0 0.0
0 0.641113 0.363932 0.014648 0.02474 0.638389 0.36252 1.0 0.64604 0.363775 1.0 0.642744 0.368327 1.0 0.639095 0.372408 1.0 0.644156 0.372408 1.0
0 0.646973 0.396484 0.014648 0.027344 0.641602 0.390625 1.0 0.649414 0.390625 1.0 0.645508 0.397135 1.0 0.641602 0.403646 1.0 0.649414 0.402344 1.0
0 0.69873 0.394531 0.020508 0.036458 0.693595 0.39531 1.0 0.702711 0.395072 1.0 0.698063 0.401507 1.0 0.695561 0.40675 1.0 0.700924 0.406512 1.0
0 0.676758 0.361328 0.007812 0.022135 0.0 0.0 0.0 0.0 0.0 0.0 0.0 0.0 0.0 0.0 0.0 0.0 0.0 0.0 0.0
0 0.692383 0.349609 0.015625 0.032552 0.688738 0.345819 1.0 0.696114 0.348121 1.0 0.691093 0.352516 1.0 0.688268 0.358165 1.0 0.693446 0.35963 1.0
0 0.72168 0.361979 0.015625 0.028646 0.717425 0.361049 1.0 0.7244 0.360305 1.0 0.719099 0.366815 1.0 0.717704 0.370164 1.0 0.724818 0.369233 1.0
0 0.74707 0.410807 0.017578 0.02474 0.742188 0.406576 1.0 0.750977 0.406738 1.0 0.746338 0.413574 1.0 0.74231 0.417318 1.0 0.751099 0.416829 1.0
0 0.759766 0.355469 0.017578 0.03125 0.755768 0.35319 1.0 0.763092 0.35319 1.0 0.758819 0.358887 1.0 0.755311 0.362549 1.0 0.763702 0.362549 1.0
0 0.758301 0.264974 0.014648 0.029948 0.754996 0.264915 1.0 0.759591 0.264323 1.0 0.756775 0.270253 1.0 0.75722 0.27381 1.0 0.760629 0.272624 1.0
0 0.773926 0.280599 0.014648 0.027344 0.769383 0.280122 1.0 0.776576 0.281169 1.0 0.772261 0.285354 1.0 0.770691 0.289714 1.0 0.773961 0.290063 1.0
0 0.815918 0.30599 0.014648 0.020833 0.810547 0.303385 1.0 0.817383 0.302083 1.0 0.814453 0.307292 1.0 0.810547 0.3125 1.0 0.817383 0.3125 1.0
0 0.818848 0.270182 0.016602 0.029948 0.812291 0.268973 1.0 0.81829 0.268788 1.0 0.815639 0.273065 1.0 0.814104 0.279576 1.0 0.81815 0.279576 1.0
0 0.807617 0.401042 0.015625 0.033854 0.8125 0.395833 1.0 0.81543 0.394531 1.0 0.81543 0.402344 1.0 0.808594 0.408854 1.0 0.8125 0.407552 1.0
0 0.821289 0.401693 0.011719 0.027344 0.0 0.0 0.0 0.0 0.0 0.0 0.0 0.0 0.0 0.0 0.0 0.0 0.0 0.0 0.0
0 0.853516 0.393229 0.019531 0.033854 0.847063 0.391682 1.0 0.855513 0.391241 1.0 0.850874 0.395659 1.0 0.848555 0.402948 1.0 0.855678 0.402728 1.0
0 0.872559 0.395833 0.012695 0.023438 0.870597 0.390602 1.0 0.875584 0.391055 1.0 0.871163 0.396647 1.0 0.86935 0.400879 1.0 0.875584 0.400879 1.0
0 0.908691 0.38151 0.020508 0.03125 0.903312 0.375663 1.0 0.910871 0.37507 1.0 0.90509 0.381197 1.0 0.905535 0.386928 1.0 0.910575 0.386335 1.0