0 0.777832 0.819222 0.006836 0.01373 0.0 0.0 0.0 0.0 0.0 0.0 0.0 0.0 0.0 0.0 0.0 0.0 0.0 0.0 0.0
0 0.741211 0.815789 0.005859 0.020595 0.0 0.0 0.0 0.0 0.0 0.0 0.0 0.0 0.0 0.0 0.0 0.0 0.0 0.0 0.0
0 0.742188 0.759725 0.003906 0.018307 0.0 0.0 0.0 0.0 0.0 0.0 0.0 0.0 0.0 0.0 0.0 0.0 0.0 0.0 0.0
0 0.695801 0.54119 0.03418 0.167048 0.682739 0.513833 1.0 0.684086 0.508572 1.0 0.679146 0.551712 1.0 0.688128 0.584332 1.0 0.690373 0.582227 1.0
0 0.647461 0.565217 0.035156 0.086957 0.637085 0.548586 1.0 0.652623 0.547483 1.0 0.643206 0.566238 1.0 0.637556 0.581684 1.0 0.651681 0.581684 1.0
0 0.541992 0.473684 0.03125 0.064073 0.533796 0.454213 1.0 0.546831 0.454213 1.0 0.540214 0.473481 1.0 0.534599 0.486167 1.0 0.547232 0.485698 1.0
0 0.436523 0.536613 0.03125 0.093822 0.434775 0.525886 1.0 0.448408 0.525886 1.0 0.443778 0.545776 1.0 0.433746 0.560844 1.0 0.445836 0.561449 1.0
0 0.196777 0.691076 0.008789 0.02746 0.196259 0.687501 1.0 0.200409 0.687501 1.0 0.19863 0.693927 1.0 0.196852 0.698616 1.0 0.199668 0.698442 1.0
0 0.299316 0.69222 0.008789 0.020595 0.0 0.0 0.0 0.0 0.0 0.0 0.0 0.0 0.0 0.0 0.0 0.0 0.0 0.0 0.0
0 0.36084 0.734554 0.010742 0.032037 0.0 0.0 0.0 0.0 0.0 0.0 0.0 0.0 0.0 0.0 0.0 0.0 0.0 0.0 0.0
0 0.230469 0.721968 0.005859 0.020595 0.0 0.0 0.0 0.0 0.0 0.0 0.0 0.0 0.0 0.0 0.0 0.0 0.0 0.0 0.0
0 0.272949 0.69222 0.004883 0.016018 0.0 0.0 0.0 0.0 0.0 0.0 0.0 0.0 0.0 0.0 0.0 0.0 0.0 0.0 0.0
0 0.262695 0.703661 0.003906 0.020595 0.0 0.0 0.0 0.0 0.0 0.0 0.0 0.0 0.0 0.0 0.0 0.0 0.0 0.0 0.0
0 0.057129 0.735698 0.012695 0.029748 0.0 0.0 0.0 0.0 0.0 0.0 0.0 0.0 0.0 0.0 0.0 0.0 0.0 0.0 0.0
0 0.08252 0.740275 0.010742 0.038902 0.0 0.0 0.0 0.0 0.0 0.0 0.0 0.0 0.0 0.0 0.0 0.0 0.0 0.0 0.0
0 0.125 0.673913 0.005859 0.011442 0.0 0.0 0.0 0.0 0.0 0.0 0.0 0.0 0.0 0.0 0.0 0.0 0.0 0.0 0.0
0 0.089355 0.672769 0.004883 0.01373 0.0 0.0 0.0 0.0 0.0 0.0 0.0 0.0 0.0 0.0 0.0 0.0 0.0 0.0 0.0
0 0.036621 0.688787 0.004883 0.01373 0.0 0.0 0.0 0.0 0.0 0.0 0.0 0.0 0.0 0.0 0.0 0.0 0.0 0.0 0.0
0 0.077637 0.677346 0.00293 0.01373 0.0 0.0 0.0 0.0 0.0 0.0 0.0 0.0 0.0 0.0 0.0 0.0 0.0 0.0 0.0