0 0.090332 0.442251 0.020508 0.039474 0.085423 0.430354 1.0 0.098005 0.42908 1.0 0.092564 0.434425 1.0 0.088483 0.44588 1.0 0.096305 0.44588 1.0
0 0.115234 0.446637 0.017578 0.033626 0.111437 0.443192 1.0 0.119781 0.443406 1.0 0.116473 0.449007 1.0 0.112732 0.454607 1.0 0.118774 0.455684 1.0
0 0.182617 0.447368 0.015625 0.032164 0.0 0.0 0.0 0.0 0.0 0.0 0.0 0.0 0.0 0.0 0.0 0.0 0.0 0.0 0.0
0 0.210938 0.450292 0.017578 0.02924 0.0 0.0 0.0 0.0 0.0 0.0 0.0 0.0 0.0 0.0 0.0 0.0 0.0 0.0 0.0
0 0.243652 0.47076 0.018555 0.035088 0.0 0.0 0.0 0.0 0.0 0.0 0.0 0.0 0.0 0.0 0.0 0.0 0.0 0.0 0.0
0 0.26123 0.432018 0.020508 0.039474 0.256321 0.424382 1.0 0.265503 0.423873 1.0 0.260572 0.432781 1.0 0.257002 0.439399 1.0 0.264313 0.439399 1.0
0 0.291992 0.457602 0.013672 0.026316 0.0 0.0 0.0 0.0 0.0 0.0 0.0 0.0 0.0 0.0 0.0 0.0 0.0 0.0 0.0
0 0.337891 0.451023 0.019531 0.030702 0.33374 0.444222 1.0 0.340803 0.444026 1.0 0.33701 0.449313 1.0 0.334264 0.454404 1.0 0.340148 0.454599 1.0
0 0.452148 0.440058 0.015625 0.040936 0.449158 0.433173 1.0 0.456665 0.433708 1.0 0.452375 0.442003 1.0 0.449873 0.448693 1.0 0.454162 0.448425 1.0
0 0.499023 0.461988 0.015625 0.035088 0.0 0.0 0.0 0.0 0.0 0.0 0.0 0.0 0.0 0.0 0.0 0.0 0.0 0.0 0.0
0 0.515137 0.451023 0.014648 0.027778 0.0 0.0 0.0 0.0 0.0 0.0 0.0 0.0 0.0 0.0 0.0 0.0 0.0 0.0 0.0
0 0.562988 0.417398 0.018555 0.05117 0.0 0.0 0.0 0.0 0.0 0.0 0.0 0.0 0.0 0.0 0.0 0.0 0.0 0.0 0.0
0 0.588867 0.430556 0.019531 0.039474 0.585065 0.423129 1.0 0.594343 0.423624 1.0 0.589207 0.429576 1.0 0.585065 0.437513 1.0 0.591692 0.436769 1.0
0 0.658203 0.427632 0.021484 0.042398 0.652758 0.419212 1.0 0.66098 0.421352 1.0 0.655797 0.427775 1.0 0.653473 0.432325 1.0 0.658299 0.432592 1.0
0 0.716797 0.417398 0.019531 0.03655 0.710968 0.409082 1.0 0.721344 0.40794 1.0 0.718292 0.414564 1.0 0.713867 0.424159 1.0 0.721496 0.423474 1.0
0 0.724609 0.431287 0.015625 0.038012 0.0 0.0 0.0 0.0 0.0 0.0 0.0 0.0 0.0 0.0 0.0 0.0 0.0 0.0 0.0
0 0.757324 0.467836 0.020508 0.04386 0.748775 0.463175 1.0 0.757211 0.462335 1.0 0.750837 0.471876 1.0 0.750462 0.478332 1.0 0.756836 0.478051 1.0
0 0.737793 0.542398 0.020508 0.04386 0.730556 0.535773 1.0 0.742366 0.538579 1.0 0.735617 0.543632 1.0 0.730931 0.550367 1.0 0.740116 0.552051 1.0
0 0.806641 0.432018 0.021484 0.039474 0.798479 0.425719 1.0 0.808511 0.423937 1.0 0.80188 0.43412 1.0 0.79967 0.439211 1.0 0.806811 0.438192 1.0
0 0.798828 0.541667 0.025391 0.045322 0.790092 0.528588 1.0 0.801025 0.5283 1.0 0.793544 0.536915 1.0 0.791626 0.545817 1.0 0.79834 0.545243 1.0
0 0.853027 0.440058 0.016602 0.032164 0.0 0.0 0.0 0.0 0.0 0.0 0.0 0.0 0.0 0.0 0.0 0.0 0.0 0.0 0.0
0 0.871582 0.399123 0.030273 0.052632 0.858207 0.386121 1.0 0.866821 0.38748 1.0 0.858207 0.395285 1.0 0.868408 0.406485 1.0 0.868408 0.406485 1.0
0 0.92334 0.434211 0.020508 0.032164 0.0 0.0 0.0 0.0 0.0 0.0 0.0 0.0 0.0 0.0 0.0 0.0 0.0 0.0 0.0
0 0.947266 0.442251 0.015625 0.039474 0.0 0.0 0.0 0.0 0.0 0.0 0.0 0.0 0.0 0.0 0.0 0.0 0.0 0.0 0.0
0 0.975098 0.36038 0.012695 0.062865 0.0 0.0 0.0 0.0 0.0 0.0 0.0 0.0 0.0 0.0 0.0 0.0 0.0 0.0 0.0