0 0.960938 0.071533 0.025391 0.067153 0.952798 0.054705 1.0 0.959315 0.057247 1.0 0.949397 0.069956 1.0 0.952231 0.081818 1.0 0.957049 0.081818 1.0
0 0.209961 0.30292 0.044922 0.074453 0.217006 0.280604 1.0 0.228935 0.275912 1.0 0.230504 0.297966 1.0 0.214181 0.311105 1.0 0.223598 0.30782 1.0
0 0.632812 0.216058 0.041016 0.10219 0.624499 0.197263 1.0 0.628383 0.197908 1.0 0.613709 0.210812 1.0 0.630973 0.233394 1.0 0.627088 0.233394 1.0
0 0.643555 0.055474 0.009766 0.035036 0.644531 0.048175 1.0 0.649414 0.046715 1.0 0.648438 0.055474 1.0 0.642578 0.061314 1.0 0.647461 0.064234 1.0
0 0.48877 0.094891 0.020508 0.040876 0.483883 0.087044 1.0 0.492384 0.085518 1.0 0.488813 0.094161 1.0 0.487453 0.101277 1.0 0.494424 0.099244 1.0
0 0.568848 0.108759 0.010742 0.027737 0.0 0.0 0.0 0.0 0.0 0.0 0.0 0.0 0.0 0.0 0.0 0.0 0.0 0.0 0.0
0 0.70166 0.148175 0.02832 0.054015 0.702148 0.138686 1.0 0.711914 0.138686 1.0 0.708984 0.148905 1.0 0.703125 0.153285 1.0 0.710938 0.154745 1.0
0 0.818359 0.075912 0.019531 0.049635 0.820312 0.071533 1.0 0.831055 0.068613 1.0 0.830078 0.083212 1.0 0.822266 0.093431 1.0 0.831055 0.094891 1.0
0 0.750977 0.025547 0.011719 0.027737 0.749878 0.021715 1.0 0.755859 0.021168 1.0 0.753296 0.02719 1.0 0.750854 0.032847 1.0 0.755615 0.032482 1.0
0 0.90625 0.022628 0.015625 0.042336 0.90918 0.017518 1.0 0.916016 0.014599 1.0 0.916016 0.021898 1.0 0.911133 0.036496 1.0 0.916992 0.036496 1.0
0 0.684082 0.025547 0.010742 0.024818 0.680664 0.024818 1.0 0.688477 0.024818 1.0 0.683594 0.030657 1.0 0.680664 0.036496 1.0 0.686523 0.036496 1.0
0 0.376465 0.243066 0.040039 0.071533 0.0 0.0 0.0 0.0 0.0 0.0 0.0 0.0 0.0 0.0 0.0 0.0 0.0 0.0 0.0
0 0.442871 0.30146 0.12207 0.220438 0.405413 0.28415 1.0 0.458095 0.25928 1.0 0.433141 0.329745 1.0 0.420201 0.353232 1.0 0.475655 0.329745 1.0
0 0.174805 0.392701 0.039062 0.105109 0.175197 0.376831 1.0 0.178279 0.37354 1.0 0.191489 0.387364 1.0 0.186205 0.413692 1.0 0.189728 0.411718 1.0
0 0.060059 0.264234 0.024414 0.043796 0.052821 0.253415 1.0 0.063507 0.248371 1.0 0.062382 0.25986 1.0 0.061258 0.275273 1.0 0.066132 0.273593 1.0
0 0.177246 0.19854 0.020508 0.049635 0.167341 0.191658 1.0 0.178223 0.190407 1.0 0.170062 0.205109 1.0 0.174665 0.209801 1.0 0.175502 0.209489 1.0
0 0.250488 0.20146 0.022461 0.055474 0.243526 0.189618 1.0 0.246643 0.18926 1.0 0.239449 0.205749 1.0 0.244006 0.214709 1.0 0.249521 0.212917 1.0
0 0.77832 0.037226 0.017578 0.039416 0.772369 0.029601 1.0 0.779341 0.030109 1.0 0.77322 0.037988 1.0 0.772369 0.045615 1.0 0.77747 0.045869 1.0