0 0.117676 0.546324 0.030273 0.077941 0.128144 0.53746 1.0 0.125854 0.535491 1.0 0.13174 0.553709 1.0 0.119969 0.568481 1.0 0.122258 0.565526 1.0
0 0.204102 0.441912 0.019531 0.051471 0.0 0.0 0.0 0.0 0.0 0.0 0.0 0.0 0.0 0.0 0.0 0.0 0.0 0.0 0.0
0 0.3125 0.305882 0.023438 0.097059 0.0 0.0 0.0 0.0 0.0 0.0 0.0 0.0 0.0 0.0 0.0 0.0 0.0 0.0 0.0
0 0.324219 0.411765 0.011719 0.038235 0.0 0.0 0.0 0.0 0.0 0.0 0.0 0.0 0.0 0.0 0.0 0.0 0.0 0.0 0.0
0 0.362793 0.500735 0.036133 0.063235 0.346924 0.496862 1.0 0.358094 0.493257 1.0 0.349583 0.508075 1.0 0.351711 0.519288 1.0 0.360221 0.516085 1.0
0 0.567871 0.486765 0.043945 0.085294 0.554513 0.468068 1.0 0.565238 0.471297 1.0 0.547363 0.484756 1.0 0.549865 0.503597 1.0 0.558445 0.503059 1.0
0 0.504395 0.369118 0.022461 0.044118 0.497157 0.367535 1.0 0.504094 0.362737 1.0 0.501844 0.376287 1.0 0.503906 0.383909 1.0 0.509155 0.380803 1.0
0 0.552246 0.393382 0.016602 0.030882 0.0 0.0 0.0 0.0 0.0 0.0 0.0 0.0 0.0 0.0 0.0 0.0 0.0 0.0 0.0
0 0.740723 0.596324 0.057617 0.089706 0.724034 0.600893 1.0 0.753618 0.587756 1.0 0.739585 0.615172 1.0 0.736171 0.626596 1.0 0.75817 0.622026 1.0
0 0.97168 0.431618 0.033203 0.057353 0.958984 0.418015 1.0 0.972412 0.418382 1.0 0.962402 0.431618 1.0 0.959961 0.444118 1.0 0.970215 0.444118 1.0
0 0.94873 0.378676 0.018555 0.033824 0.943647 0.375932 1.0 0.951948 0.375485 1.0 0.946611 0.38486 1.0 0.944981 0.390441 1.0 0.948391 0.390665 1.0
0 0.935059 0.334559 0.014648 0.027941 0.0 0.0 0.0 0.0 0.0 0.0 0.0 0.0 0.0 0.0 0.0 0.0 0.0 0.0 0.0
0 0.813965 0.361029 0.014648 0.033824 0.0 0.0 0.0 0.0 0.0 0.0 0.0 0.0 0.0 0.0 0.0 0.0 0.0 0.0 0.0
0 0.741699 0.334559 0.020508 0.039706 0.0 0.0 0.0 0.0 0.0 0.0 0.0 0.0 0.0 0.0 0.0 0.0 0.0 0.0 0.0