0 0.051758 0.185096 0.044922 0.081731 0.03816 0.180332 1.0 0.059728 0.17773 1.0 0.046195 0.193864 1.0 0.042812 0.205834 1.0 0.058036 0.204793 1.0
0 0.273926 0.209135 0.038086 0.069712 0.264029 0.202744 1.0 0.283932 0.198291 1.0 0.274885 0.209424 1.0 0.267647 0.227238 1.0 0.286103 0.22234 1.0
0 0.240234 0.24399 0.021484 0.048077 0.236516 0.244001 1.0 0.248195 0.244001 1.0 0.242977 0.252565 1.0 0.237013 0.260517 1.0 0.246952 0.260517 1.0
0 0.314941 0.222957 0.018555 0.049279 0.313441 0.221422 1.0 0.321533 0.219555 1.0 0.317993 0.228269 1.0 0.314959 0.234181 1.0 0.323051 0.232626 1.0
0 0.340332 0.219952 0.02832 0.048077 0.334625 0.218434 1.0 0.345808 0.212928 1.0 0.341086 0.225162 1.0 0.339099 0.233726 1.0 0.348293 0.228526 1.0
0 0.374512 0.244591 0.02832 0.049279 0.367196 0.242123 1.0 0.381862 0.240879 1.0 0.374782 0.249593 1.0 0.369219 0.25675 1.0 0.379334 0.255816 1.0
0 0.436523 0.196514 0.039062 0.06851 0.423828 0.194196 1.0 0.443708 0.188617 1.0 0.433594 0.20321 1.0 0.429757 0.213084 1.0 0.442662 0.211796 1.0
0 0.484863 0.216947 0.032227 0.054087 0.476283 0.214972 1.0 0.491351 0.213599 1.0 0.484933 0.224931 1.0 0.478795 0.234891 1.0 0.49163 0.232829 1.0
0 0.464844 0.177284 0.021484 0.063702 0.0 0.0 0.0 0.0 0.0 0.0 0.0 0.0 0.0 0.0 0.0 0.0 0.0 0.0 0.0
0 0.553711 0.204928 0.044922 0.080529 0.542978 0.204327 1.0 0.563878 0.200292 1.0 0.554862 0.217945 1.0 0.546666 0.225511 1.0 0.564697 0.223493 1.0
0 0.594727 0.164663 0.035156 0.064904 0.584839 0.157865 1.0 0.602295 0.158279 1.0 0.594238 0.17026 1.0 0.587188 0.178111 1.0 0.599945 0.178111 1.0
0 0.76709 0.088942 0.055664 0.110577 0.755354 0.077267 1.0 0.780099 0.077267 1.0 0.770538 0.092494 1.0 0.760978 0.112567 1.0 0.778412 0.111183 1.0
0 0.903809 0.17488 0.038086 0.063702 0.897687 0.170608 1.0 0.913923 0.167346 1.0 0.909284 0.180395 1.0 0.901995 0.19059 1.0 0.914586 0.188959 1.0