0 0.070801 0.541016 0.024414 0.021484 0.066406 0.538086 1.0 0.079102 0.539062 1.0 0.072266 0.546875 1.0 0.06543 0.550781 1.0 0.079102 0.549805 1.0
0 0.147461 0.550781 0.019531 0.021484 0.140904 0.548688 1.0 0.150391 0.548688 1.0 0.145508 0.554548 1.0 0.143275 0.559151 1.0 0.150251 0.559151 1.0
0 0.192383 0.57666 0.052734 0.055664 0.184696 0.558297 1.0 0.209063 0.561828 1.0 0.195997 0.571717 1.0 0.180812 0.584782 1.0 0.204119 0.587607 1.0
0 0.237305 0.408691 0.037109 0.041992 0.230478 0.401245 1.0 0.248827 0.403904 1.0 0.237658 0.412946 1.0 0.228882 0.421988 1.0 0.245636 0.421988 1.0
0 0.301758 0.516113 0.013672 0.020508 0.0 0.0 0.0 0.0 0.0 0.0 0.0 0.0 0.0 0.0 0.0 0.0 0.0 0.0 0.0
0 0.415527 0.424805 0.03418 0.046875 0.410413 0.4183 1.0 0.426356 0.419503 1.0 0.417934 0.427023 1.0 0.407104 0.436349 1.0 0.422747 0.437854 1.0
0 0.319824 0.681152 0.043945 0.057617 0.312744 0.674805 1.0 0.333252 0.677368 1.0 0.321167 0.687256 1.0 0.310181 0.694946 1.0 0.327393 0.696411 1.0
0 0.374023 0.629395 0.041016 0.057617 0.366211 0.625977 1.0 0.386719 0.625977 1.0 0.375 0.635742 1.0 0.365234 0.644531 1.0 0.383789 0.644531 1.0
0 0.437988 0.650391 0.043945 0.046875 0.425346 0.639718 1.0 0.447283 0.638236 1.0 0.4375 0.647426 1.0 0.428606 0.661063 1.0 0.443726 0.66047 1.0
0 0.576172 0.657227 0.046875 0.058594 0.564061 0.651921 1.0 0.586666 0.65118 1.0 0.575178 0.661186 1.0 0.568137 0.672673 1.0 0.583701 0.672673 1.0
0 0.498535 0.54248 0.041992 0.051758 0.491996 0.537907 1.0 0.511941 0.537253 1.0 0.502786 0.546735 1.0 0.493957 0.555563 1.0 0.508671 0.55491 1.0
0 0.54834 0.507324 0.045898 0.041992 0.53724 0.502843 1.0 0.557687 0.50109 1.0 0.546879 0.511313 1.0 0.540453 0.520952 1.0 0.556519 0.5192 1.0
0 0.609863 0.495117 0.038086 0.042969 0.598267 0.485016 1.0 0.617768 0.48172 1.0 0.609527 0.496002 1.0 0.602111 0.50589 1.0 0.621887 0.501221 1.0
0 0.694336 0.461426 0.044922 0.047852 0.682557 0.455444 1.0 0.699035 0.452088 1.0 0.690186 0.463074 1.0 0.684998 0.474061 1.0 0.701172 0.471924 1.0
0 0.772949 0.65625 0.043945 0.046875 0.762233 0.647339 1.0 0.7869 0.646737 1.0 0.775469 0.662981 1.0 0.762835 0.669299 1.0 0.784192 0.670201 1.0
0 0.773926 0.588867 0.043945 0.054688 0.758789 0.587891 1.0 0.77832 0.583008 1.0 0.768555 0.595703 1.0 0.763672 0.607422 1.0 0.78125 0.602539 1.0
0 0.969238 0.575195 0.012695 0.015625 0.967773 0.573242 1.0 0.974609 0.573242 1.0 0.972656 0.577148 1.0 0.967773 0.579102 1.0 0.976562 0.579102 1.0
0 0.939453 0.566406 0.011719 0.019531 0.942383 0.563477 1.0 0.947266 0.564453 1.0 0.948242 0.568359 1.0 0.943359 0.570312 1.0 0.948242 0.572266 1.0
0 0.006348 0.540527 0.012695 0.020508 0.0 0.0 0.0 0.0 0.0 0.0 0.0 0.0 0.0 0.0 0.0 0.0 0.0 0.0 0.0