0 0.491699 0.060764 0.02832 0.083333 0.0 0.0 0.0 0.0 0.0 0.0 0.0 0.0 0.0 0.0 0.0 0.0 0.0 0.0 0.0
0 0.568359 0.049479 0.019531 0.057292 0.561523 0.048611 1.0 0.577148 0.052083 1.0 0.568359 0.0625 1.0 0.5625 0.071181 1.0 0.573242 0.074653 1.0
0 0.633301 0.103299 0.024414 0.074653 0.627406 0.100509 1.0 0.640651 0.100509 1.0 0.634164 0.114444 1.0 0.629028 0.121651 1.0 0.638219 0.121651 1.0
0 0.596191 0.21875 0.030273 0.076389 0.584717 0.208604 1.0 0.598175 0.209094 1.0 0.588013 0.225207 1.0 0.585541 0.236925 1.0 0.594879 0.237413 1.0
0 0.70752 0.203125 0.024414 0.0625 0.704102 0.1875 1.0 0.717773 0.190972 1.0 0.711914 0.204861 1.0 0.704102 0.223958 1.0 0.71582 0.223958 1.0
0 0.73877 0.112847 0.024414 0.083333 0.730159 0.108771 1.0 0.744298 0.107701 1.0 0.737078 0.120536 1.0 0.732265 0.136045 1.0 0.742794 0.134976 1.0
0 0.762207 0.030382 0.022461 0.043403 0.755859 0.015625 1.0 0.768555 0.020833 1.0 0.761719 0.026042 1.0 0.755859 0.036458 1.0 0.763672 0.041667 1.0
0 0.810547 0.215278 0.027344 0.079861 0.79844 0.212898 1.0 0.81431 0.211891 1.0 0.803824 0.2265 1.0 0.800707 0.240102 1.0 0.809208 0.238592 1.0
0 0.868164 0.131944 0.025391 0.083333 0.858398 0.126736 1.0 0.875 0.128472 1.0 0.865234 0.140625 1.0 0.859375 0.149306 1.0 0.87207 0.151042 1.0
0 0.948242 0.150174 0.023438 0.067708 0.94043 0.142795 1.0 0.955078 0.146267 1.0 0.947754 0.155816 1.0 0.94165 0.166667 1.0 0.949463 0.168403 1.0
0 0.93457 0.25434 0.03125 0.050347 0.92702 0.240917 1.0 0.943499 0.24266 1.0 0.93624 0.249984 1.0 0.931924 0.261842 1.0 0.938986 0.261495 1.0
0 0.183594 0.171875 0.111328 0.131944 0.168365 0.194715 1.0 0.176788 0.183486 1.0 0.17749 0.225911 1.0 0.203461 0.232151 1.0 0.205566 0.219672 1.0
0 0.230957 0.037326 0.040039 0.071181 0.22263 0.014184 1.0 0.239066 0.015083 1.0 0.232238 0.03621 1.0 0.225664 0.054641 1.0 0.238813 0.05599 1.0
0 0.089355 0.072049 0.026367 0.057292 0.086983 0.054068 1.0 0.100377 0.057415 1.0 0.093053 0.072668 1.0 0.086983 0.086061 1.0 0.094727 0.086806 1.0
0 0.052246 0.155382 0.030273 0.074653 0.042838 0.153073 1.0 0.056083 0.156917 1.0 0.046893 0.168931 1.0 0.042297 0.181424 1.0 0.055813 0.183826 1.0
0 0.498047 0.213542 0.023438 0.059028 0.492188 0.204861 1.0 0.504883 0.208333 1.0 0.49707 0.217014 1.0 0.491211 0.229167 1.0 0.500977 0.230903 1.0