0 0.856445 0.489726 0.03125 0.061644 0.845908 0.481072 1.0 0.861472 0.474836 1.0 0.853468 0.491209 1.0 0.850354 0.504464 1.0 0.863028 0.498616 1.0
0 0.753906 0.47089 0.033203 0.068493 0.744062 0.459807 1.0 0.758476 0.459363 1.0 0.748613 0.471777 1.0 0.745073 0.485522 1.0 0.756452 0.485522 1.0
0 0.642578 0.45976 0.03125 0.070205 0.633318 0.448034 1.0 0.647979 0.448034 1.0 0.638977 0.466526 1.0 0.635376 0.476449 1.0 0.649009 0.476899 1.0
0 0.553711 0.431507 0.027344 0.068493 0.546505 0.419322 1.0 0.559178 0.418885 1.0 0.550729 0.435009 1.0 0.545759 0.446337 1.0 0.556693 0.445901 1.0
0 0.442383 0.449486 0.033203 0.059932 0.434535 0.443279 1.0 0.45023 0.436781 1.0 0.442601 0.453217 1.0 0.440857 0.466594 1.0 0.45023 0.462007 1.0
0 0.345215 0.434932 0.026367 0.065068 0.33898 0.426087 1.0 0.354806 0.424825 1.0 0.347612 0.43786 1.0 0.33946 0.449211 1.0 0.352408 0.450051 1.0
0 0.228027 0.4375 0.026367 0.07363 0.223433 0.424322 1.0 0.236406 0.426692 1.0 0.229108 0.44233 1.0 0.222081 0.449914 1.0 0.234244 0.450863 1.0
0 0.124512 0.433219 0.030273 0.071918 0.12296 0.416974 1.0 0.136788 0.421639 1.0 0.128278 0.434695 1.0 0.118971 0.442622 1.0 0.130406 0.446818 1.0
0 0.074707 0.100171 0.026367 0.070205 0.068817 0.092053 1.0 0.086308 0.095211 1.0 0.07782 0.106034 1.0 0.069332 0.119113 1.0 0.080392 0.120015 1.0
0 0.142578 0.155822 0.025391 0.068493 0.138803 0.149615 1.0 0.153216 0.153604 1.0 0.146389 0.162473 1.0 0.139814 0.177104 1.0 0.149423 0.178433 1.0
0 0.209473 0.145548 0.024414 0.065068 0.20214 0.138943 1.0 0.215323 0.138118 1.0 0.211557 0.150089 1.0 0.204729 0.164949 1.0 0.215088 0.164123 1.0
0 0.30127 0.140411 0.02832 0.068493 0.298545 0.136505 1.0 0.310722 0.13694 1.0 0.305006 0.150449 1.0 0.297054 0.163955 1.0 0.306745 0.163955 1.0
0 0.359863 0.166952 0.026367 0.059932 0.356053 0.158452 1.0 0.369132 0.157687 1.0 0.363465 0.169536 1.0 0.357579 0.182531 1.0 0.367606 0.181002 1.0
0 0.440918 0.150685 0.026367 0.068493 0.436907 0.141817 1.0 0.448286 0.142704 1.0 0.443734 0.155118 1.0 0.436401 0.168863 1.0 0.445757 0.16975 1.0
0 0.506836 0.151541 0.025391 0.066781 0.500977 0.140839 1.0 0.516357 0.143408 1.0 0.509277 0.154966 1.0 0.500488 0.163099 1.0 0.51416 0.166952 1.0
0 0.554199 0.157534 0.030273 0.065068 0.544782 0.154231 1.0 0.558672 0.154231 1.0 0.549962 0.163726 1.0 0.546195 0.177348 1.0 0.557495 0.177348 1.0
0 0.614258 0.169521 0.025391 0.054795 0.60635 0.155853 1.0 0.618983 0.154798 1.0 0.611965 0.167104 1.0 0.60655 0.180116 1.0 0.61778 0.179764 1.0
0 0.68457 0.170377 0.029297 0.063356 0.673222 0.159752 1.0 0.686624 0.1557 1.0 0.678536 0.173122 1.0 0.676919 0.187707 1.0 0.687316 0.18325 1.0
0 0.785645 0.184075 0.030273 0.070205 0.774867 0.18182 1.0 0.786186 0.17731 1.0 0.778211 0.194899 1.0 0.778469 0.205724 1.0 0.790043 0.203469 1.0
0 0.876953 0.183219 0.029297 0.075342 0.869141 0.172945 1.0 0.883789 0.172945 1.0 0.875 0.186644 1.0 0.868164 0.19863 1.0 0.882812 0.200342 1.0