0 0.135742 0.184896 0.03125 0.052083 0.125 0.167969 1.0 0.141602 0.167969 1.0 0.133789 0.178385 1.0 0.12793 0.190104 1.0 0.141602 0.190104 1.0
0 0.169922 0.122396 0.029297 0.052083 0.15918 0.113281 1.0 0.171875 0.109375 1.0 0.164062 0.121094 1.0 0.161133 0.130208 1.0 0.169922 0.128906 1.0
0 0.240723 0.158854 0.032227 0.057292 0.229492 0.148438 1.0 0.235352 0.148438 1.0 0.228516 0.158854 1.0 0.229492 0.167969 1.0 0.234375 0.167969 1.0
0 0.337402 0.179036 0.02832 0.05599 0.329102 0.170573 1.0 0.338867 0.166667 1.0 0.333984 0.177083 1.0 0.333008 0.191406 1.0 0.34375 0.1875 1.0
0 0.125977 0.105469 0.025391 0.044271 0.118164 0.095052 1.0 0.125 0.096354 1.0 0.120117 0.105469 1.0 0.118164 0.115885 1.0 0.125 0.114583 1.0
0 0.101562 0.040365 0.029297 0.054688 0.089844 0.035156 1.0 0.103516 0.036458 1.0 0.095703 0.048177 1.0 0.091797 0.054688 1.0 0.101562 0.054688 1.0
0 0.135254 0.371094 0.02832 0.052083 0.12793 0.372396 1.0 0.141602 0.372396 1.0 0.134766 0.38151 1.0 0.132812 0.391927 1.0 0.138672 0.390625 1.0
0 0.227051 0.811198 0.03418 0.049479 0.21912 0.805112 1.0 0.23063 0.804792 1.0 0.225595 0.810867 1.0 0.222717 0.819499 1.0 0.231589 0.819499 1.0
0 0.305176 0.776042 0.03418 0.0625 0.294922 0.753906 1.0 0.313477 0.753906 1.0 0.301758 0.765625 1.0 0.298828 0.779948 1.0 0.308594 0.779948 1.0
0 0.184082 0.675781 0.030273 0.065104 0.183594 0.664062 1.0 0.196289 0.665365 1.0 0.193359 0.675781 1.0 0.1875 0.686198 1.0 0.195312 0.684896 1.0
0 0.067383 0.679688 0.029297 0.057292 0.05957 0.667969 1.0 0.072266 0.667969 1.0 0.06543 0.677083 1.0 0.061523 0.6875 1.0 0.071289 0.6875 1.0
0 0.108887 0.436849 0.030273 0.066406 0.102539 0.424479 1.0 0.118164 0.425781 1.0 0.111328 0.433594 1.0 0.103516 0.447917 1.0 0.115234 0.447917 1.0
0 0.230957 0.501953 0.032227 0.058594 0.223633 0.485677 1.0 0.238281 0.485677 1.0 0.230469 0.497396 1.0 0.225586 0.507812 1.0 0.237305 0.507812 1.0
0 0.284668 0.438802 0.032227 0.049479 0.277344 0.433594 1.0 0.291016 0.429688 1.0 0.28418 0.441406 1.0 0.280273 0.453125 1.0 0.291992 0.450521 1.0
0 0.190918 0.445964 0.030273 0.05599 0.181641 0.434896 1.0 0.192383 0.434896 1.0 0.185547 0.445312 1.0 0.181641 0.455729 1.0 0.19043 0.455729 1.0
0 0.175293 0.79362 0.026367 0.05599 0.166016 0.782552 1.0 0.177734 0.782552 1.0 0.171875 0.791667 1.0 0.167969 0.804688 1.0 0.179688 0.803385 1.0
0 0.314453 0.390625 0.029297 0.052083 0.306641 0.378906 1.0 0.320312 0.378906 1.0 0.3125 0.388021 1.0 0.308594 0.39974 1.0 0.318359 0.39974 1.0
0 0.725586 0.369792 0.03125 0.059896 0.717773 0.364583 1.0 0.729492 0.363281 1.0 0.72168 0.372396 1.0 0.71875 0.382812 1.0 0.726562 0.382812 1.0
0 0.927734 0.373698 0.03125 0.046875 0.917969 0.365885 1.0 0.931641 0.365885 1.0 0.926758 0.373698 1.0 0.921875 0.382812 1.0 0.930664 0.382812 1.0
0 0.827148 0.289062 0.033203 0.046875 0.817383 0.277344 1.0 0.827148 0.270833 1.0 0.824219 0.286458 1.0 0.824219 0.295573 1.0 0.831055 0.291667 1.0
0 0.786133 0.297526 0.03125 0.048177 0.776367 0.289062 1.0 0.788086 0.289062 1.0 0.78125 0.296875 1.0 0.777344 0.303385 1.0 0.786133 0.303385 1.0
0 0.755859 0.261719 0.029297 0.041667 0.746094 0.252604 1.0 0.757812 0.251302 1.0 0.75293 0.259115 1.0 0.75 0.270833 1.0 0.759766 0.270833 1.0
0 0.78418 0.214193 0.035156 0.050781 0.777344 0.200521 1.0 0.786133 0.199219 1.0 0.780273 0.205729 1.0 0.77832 0.214844 1.0 0.78418 0.214844 1.0
0 0.689453 0.322917 0.029297 0.049479 0.680664 0.313802 1.0 0.692383 0.313802 1.0 0.6875 0.322917 1.0 0.681641 0.332031 1.0 0.69043 0.332031 1.0
0 0.8125 0.0625 0.03125 0.052083 0.799805 0.059896 1.0 0.811523 0.058594 1.0 0.805664 0.06901 1.0 0.803711 0.079427 1.0 0.8125 0.078125 1.0
0 0.943848 0.115885 0.032227 0.057292 0.93457 0.106771 1.0 0.948242 0.106771 1.0 0.941406 0.115885 1.0 0.936523 0.126302 1.0 0.946289 0.125 1.0
0 0.844238 0.386068 0.02832 0.050781 0.837891 0.375 1.0 0.853516 0.376302 1.0 0.84668 0.384115 1.0 0.84082 0.397135 1.0 0.850586 0.397135 1.0
0 0.720703 0.079427 0.027344 0.046875 0.716797 0.072917 1.0 0.726562 0.074219 1.0 0.719727 0.080729 1.0 0.716797 0.089844 1.0 0.725586 0.091146 1.0
0 0.625488 0.080729 0.030273 0.049479 0.619141 0.067708 1.0 0.631836 0.067708 1.0 0.625 0.075521 1.0 0.62207 0.083333 1.0 0.629883 0.083333 1.0
0 0.970703 0.254557 0.029297 0.042969 0.961914 0.238281 1.0 0.974609 0.239583 1.0 0.967773 0.247396 1.0 0.962891 0.259115 1.0 0.973633 0.260417 1.0
0 0.763672 0.429688 0.033203 0.052083 0.75293 0.416667 1.0 0.765625 0.417969 1.0 0.758789 0.424479 1.0 0.755859 0.433594 1.0 0.764648 0.433594 1.0
0 0.870117 0.634115 0.037109 0.0625 0.860352 0.617188 1.0 0.879883 0.61849 1.0 0.871094 0.627604 1.0 0.866211 0.638021 1.0 0.876953 0.639323 1.0
0 0.939941 0.518229 0.032227 0.052083 0.928711 0.509115 1.0 0.943359 0.509115 1.0 0.935547 0.519531 1.0 0.931641 0.53125 1.0 0.941406 0.53125 1.0
0 0.758301 0.519531 0.03418 0.059896 0.75 0.503906 1.0 0.765625 0.503906 1.0 0.758789 0.515625 1.0 0.75293 0.53125 1.0 0.763672 0.529948 1.0
0 0.755371 0.680339 0.038086 0.058594 0.744141 0.667969 1.0 0.759766 0.667969 1.0 0.75293 0.679688 1.0 0.746094 0.688802 1.0 0.759766 0.688802 1.0
0 0.779785 0.82487 0.038086 0.066406 0.765625 0.809896 1.0 0.782227 0.808594 1.0 0.770508 0.821615 1.0 0.766602 0.839844 1.0 0.77832 0.83724 1.0