0 0.192383 0.197657 0.029297 0.040996 0.187208 0.184559 1.0 0.198081 0.184278 1.0 0.19227 0.194676 1.0 0.190207 0.202827 1.0 0.195831 0.202546 1.0
0 0.28125 0.189605 0.025391 0.04246 0.277039 0.177343 1.0 0.287658 0.178441 1.0 0.282349 0.185854 1.0 0.278504 0.194638 1.0 0.285828 0.194912 1.0
0 0.371582 0.194729 0.024414 0.043924 0.365845 0.181069 1.0 0.377468 0.18135 1.0 0.371094 0.190061 1.0 0.366595 0.20018 1.0 0.375593 0.198493 1.0
0 0.453613 0.191069 0.026367 0.048316 0.448412 0.182231 1.0 0.459682 0.181618 1.0 0.454149 0.193291 1.0 0.449642 0.200357 1.0 0.459067 0.20005 1.0
0 0.540527 0.191069 0.022461 0.039531 0.536386 0.180401 1.0 0.546491 0.180401 1.0 0.542681 0.188101 1.0 0.536717 0.198533 1.0 0.545994 0.197788 1.0
0 0.628418 0.199122 0.026367 0.043924 0.625379 0.189114 1.0 0.636627 0.190801 1.0 0.630628 0.196141 1.0 0.626504 0.205135 1.0 0.633815 0.205978 1.0
0 0.123535 0.303075 0.026367 0.046852 0.117554 0.290871 1.0 0.129913 0.290283 1.0 0.123832 0.300873 1.0 0.119712 0.30999 1.0 0.130502 0.309695 1.0
0 0.219727 0.284041 0.025391 0.040996 0.21432 0.272537 1.0 0.227399 0.273322 1.0 0.220075 0.284564 1.0 0.216937 0.291884 1.0 0.224086 0.292146 1.0
0 0.309082 0.285505 0.024414 0.046852 0.303711 0.273792 1.0 0.317383 0.273792 1.0 0.310547 0.284041 1.0 0.305664 0.295754 1.0 0.31543 0.297218 1.0
0 0.400879 0.273792 0.024414 0.046852 0.395508 0.265007 1.0 0.407227 0.265007 1.0 0.402344 0.273792 1.0 0.396484 0.284041 1.0 0.407227 0.285505 1.0
0 0.499023 0.282577 0.027344 0.043924 0.493099 0.274537 1.0 0.505847 0.273413 1.0 0.499285 0.28325 1.0 0.495536 0.291682 1.0 0.504347 0.291401 1.0
0 0.598145 0.27306 0.024414 0.039531 0.594234 0.264647 1.0 0.605285 0.263883 1.0 0.599335 0.271785 1.0 0.595764 0.280452 1.0 0.603756 0.279943 1.0
0 0.155273 0.452416 0.029297 0.046852 0.14917 0.44069 1.0 0.162005 0.440088 1.0 0.155187 0.453318 1.0 0.151376 0.460534 1.0 0.160601 0.459633 1.0
0 0.274414 0.459004 0.027344 0.048316 0.267652 0.445559 1.0 0.279537 0.445252 1.0 0.273595 0.455389 1.0 0.270111 0.466449 1.0 0.278717 0.465527 1.0
0 0.382812 0.45022 0.029297 0.045388 0.375754 0.44022 1.0 0.387722 0.438454 1.0 0.381247 0.450808 1.0 0.376539 0.46022 1.0 0.387133 0.45875 1.0
0 0.497559 0.448023 0.026367 0.04978 0.492646 0.436082 1.0 0.504822 0.435441 1.0 0.498627 0.44665 1.0 0.492646 0.453697 1.0 0.505035 0.453697 1.0
0 0.610352 0.443631 0.025391 0.04978 0.603376 0.433592 1.0 0.616142 0.433905 1.0 0.609654 0.442376 1.0 0.604423 0.451161 1.0 0.614886 0.451161 1.0
0 0.098633 0.585652 0.033203 0.04978 0.089325 0.573389 1.0 0.104064 0.573069 1.0 0.095947 0.58684 1.0 0.090606 0.594848 1.0 0.102997 0.593887 1.0
0 0.22998 0.603953 0.030273 0.048316 0.224609 0.590044 1.0 0.235352 0.590044 1.0 0.230469 0.597365 1.0 0.225586 0.610542 1.0 0.237305 0.610542 1.0
0 0.364746 0.5959 0.02832 0.04978 0.357788 0.582999 1.0 0.371033 0.582999 1.0 0.365051 0.597089 1.0 0.35907 0.603176 1.0 0.370819 0.602534 1.0
0 0.500488 0.601757 0.02832 0.046852 0.493626 0.590142 1.0 0.507947 0.588965 1.0 0.501081 0.601025 1.0 0.495588 0.609555 1.0 0.505201 0.609261 1.0
0 0.625 0.597365 0.027344 0.052709 0.61873 0.584168 1.0 0.632294 0.583835 1.0 0.624956 0.594502 1.0 0.62051 0.605502 1.0 0.630737 0.605502 1.0
0 0.703613 0.195461 0.026367 0.04246 0.700195 0.18448 1.0 0.712891 0.18448 1.0 0.707031 0.193265 1.0 0.701172 0.20205 1.0 0.710938 0.20205 1.0
0 0.789062 0.191069 0.023438 0.039531 0.782963 0.183676 1.0 0.793165 0.182146 1.0 0.787724 0.191324 1.0 0.785004 0.200501 1.0 0.793675 0.198971 1.0
0 0.902832 0.281113 0.026367 0.043924 0.895595 0.267734 1.0 0.908155 0.267734 1.0 0.901781 0.278132 1.0 0.89747 0.286283 1.0 0.906655 0.284877 1.0
0 0.791504 0.281845 0.026367 0.04246 0.787079 0.27257 1.0 0.799076 0.273132 1.0 0.793078 0.283531 1.0 0.788578 0.292245 1.0 0.79664 0.292526 1.0
0 0.70459 0.281113 0.02832 0.043924 0.699489 0.269138 1.0 0.711486 0.268577 1.0 0.706425 0.278413 1.0 0.701926 0.288531 1.0 0.711112 0.287407 1.0
0 0.732422 0.447291 0.027344 0.045388 0.72634 0.435231 1.0 0.7387 0.43582 1.0 0.731441 0.446703 1.0 0.727909 0.455527 1.0 0.736346 0.455527 1.0
0 0.853027 0.440703 0.02832 0.04978 0.845917 0.428441 1.0 0.858734 0.42812 1.0 0.851685 0.43965 1.0 0.847412 0.448939 1.0 0.858521 0.447657 1.0
0 0.763184 0.579795 0.030273 0.04978 0.758266 0.564624 1.0 0.772814 0.564624 1.0 0.765437 0.574455 1.0 0.758676 0.586129 1.0 0.772199 0.585206 1.0
0 0.88916 0.581991 0.030273 0.048316 0.885267 0.568854 1.0 0.897971 0.569775 1.0 0.892233 0.578376 1.0 0.886701 0.589129 1.0 0.896946 0.589436 1.0