0 0.040039 0.559896 0.037109 0.057292 0.03186 0.547892 1.0 0.048614 0.547526 1.0 0.0401 0.559977 1.0 0.034058 0.574625 1.0 0.046143 0.573893 1.0
0 0.040039 0.740234 0.041016 0.053385 0.032191 0.726678 1.0 0.051549 0.725633 1.0 0.043963 0.737491 1.0 0.034546 0.750396 1.0 0.049979 0.749698 1.0
0 0.556152 0.317057 0.022461 0.035156 0.551052 0.309349 1.0 0.561253 0.309349 1.0 0.556152 0.318645 1.0 0.551392 0.325672 1.0 0.561083 0.325672 1.0
0 0.535156 0.458333 0.019531 0.036458 0.531006 0.450986 1.0 0.539899 0.450986 1.0 0.535191 0.459357 1.0 0.532401 0.465867 1.0 0.537981 0.465402 1.0
0 0.640625 0.38737 0.019531 0.035156 0.637146 0.382964 1.0 0.645595 0.383185 1.0 0.641453 0.38959 1.0 0.637975 0.394892 1.0 0.643938 0.394451 1.0
0 0.757324 0.301432 0.018555 0.032552 0.751953 0.298177 1.0 0.762695 0.298177 1.0 0.756836 0.303385 1.0 0.751953 0.308594 1.0 0.760742 0.309896 1.0
0 0.827637 0.399089 0.016602 0.035156 0.822685 0.393357 1.0 0.832127 0.393137 1.0 0.827157 0.399322 1.0 0.823347 0.406389 1.0 0.831465 0.406169 1.0
0 0.915527 0.469401 0.020508 0.035156 0.91074 0.463007 1.0 0.920184 0.463007 1.0 0.914882 0.470297 1.0 0.911568 0.477143 1.0 0.918029 0.477143 1.0
0 0.758301 0.523438 0.020508 0.03125 0.753278 0.51716 1.0 0.764107 0.516531 1.0 0.758929 0.526367 1.0 0.754848 0.531599 1.0 0.76191 0.532017 1.0
0 0.715332 0.573568 0.022461 0.032552 0.71106 0.568104 1.0 0.720947 0.567475 1.0 0.716553 0.574172 1.0 0.711845 0.580868 1.0 0.720006 0.580241 1.0
0 0.758789 0.651042 0.019531 0.033854 0.754752 0.644583 1.0 0.76427 0.644583 1.0 0.759107 0.653401 1.0 0.75572 0.659424 1.0 0.76314 0.659639 1.0
0 0.935059 0.351562 0.018555 0.033854 0.929688 0.346354 1.0 0.94043 0.346354 1.0 0.935547 0.352865 1.0 0.930664 0.360677 1.0 0.939453 0.359375 1.0