0 0.053223 0.327965 0.020508 0.040996 0.048724 0.318918 1.0 0.056571 0.318657 1.0 0.052734 0.326501 1.0 0.048897 0.334606 1.0 0.056745 0.335129 1.0
0 0.123535 0.31918 0.016602 0.035139 0.12057 0.311939 1.0 0.127686 0.311493 1.0 0.124721 0.319716 1.0 0.121757 0.325272 1.0 0.128278 0.324384 1.0
0 0.185059 0.296486 0.018555 0.039531 0.181248 0.289545 1.0 0.189366 0.289296 1.0 0.185556 0.295505 1.0 0.181911 0.303205 1.0 0.190857 0.302709 1.0
0 0.265625 0.279649 0.015625 0.038067 0.263044 0.274564 1.0 0.270787 0.275047 1.0 0.266109 0.281335 1.0 0.262883 0.287622 1.0 0.269174 0.287865 1.0
0 0.291016 0.210835 0.015625 0.038067 0.288042 0.205122 1.0 0.296326 0.20537 1.0 0.291521 0.212076 1.0 0.287049 0.21754 1.0 0.295497 0.217789 1.0
0 0.377441 0.207174 0.016602 0.033675 0.374434 0.197775 1.0 0.382734 0.19822 1.0 0.378731 0.206442 1.0 0.374434 0.211553 1.0 0.381104 0.211776 1.0
0 0.459473 0.196925 0.016602 0.030747 0.45677 0.190644 1.0 0.464608 0.190846 1.0 0.460419 0.197736 1.0 0.45704 0.20422 1.0 0.463527 0.204018 1.0
0 0.353516 0.281113 0.019531 0.035139 0.349365 0.275335 1.0 0.358556 0.273779 1.0 0.354257 0.282447 1.0 0.351885 0.289113 1.0 0.357518 0.289113 1.0
0 0.45166 0.278917 0.016602 0.033675 0.447432 0.273092 1.0 0.456352 0.272877 1.0 0.451892 0.281936 1.0 0.44887 0.288407 1.0 0.454912 0.288839 1.0
0 0.049316 0.379941 0.016602 0.036603 0.045846 0.375445 1.0 0.054164 0.375445 1.0 0.050555 0.382268 1.0 0.046944 0.389092 1.0 0.054635 0.388622 1.0
0 0.129395 0.374085 0.018555 0.036603 0.125471 0.36747 1.0 0.132848 0.366764 1.0 0.128609 0.375941 1.0 0.125313 0.382059 1.0 0.133632 0.379471 1.0
0 0.224609 0.358712 0.019531 0.040996 0.220319 0.351653 1.0 0.230608 0.351914 1.0 0.226423 0.360804 1.0 0.221366 0.3676 1.0 0.229388 0.368908 1.0
0 0.314941 0.337482 0.018555 0.04246 0.310878 0.329586 1.0 0.319815 0.329318 1.0 0.316062 0.339233 1.0 0.312487 0.345933 1.0 0.318922 0.346201 1.0
0 0.401855 0.360176 0.016602 0.040996 0.397392 0.352959 1.0 0.405762 0.353221 1.0 0.401925 0.361587 1.0 0.397392 0.367862 1.0 0.405413 0.367862 1.0
0 0.492188 0.356515 0.019531 0.039531 0.486729 0.35007 1.0 0.496338 0.349823 1.0 0.492196 0.357025 1.0 0.487889 0.362242 1.0 0.496007 0.362489 1.0
0 0.063965 0.497072 0.018555 0.039531 0.058184 0.490627 1.0 0.067296 0.489136 1.0 0.062657 0.498079 1.0 0.059344 0.505034 1.0 0.066302 0.504785 1.0
0 0.161621 0.499268 0.020508 0.040996 0.158242 0.490889 1.0 0.166914 0.490634 1.0 0.162833 0.498791 1.0 0.159603 0.505928 1.0 0.165554 0.505928 1.0
0 0.244141 0.502928 0.019531 0.04246 0.240565 0.495568 1.0 0.249503 0.4953 1.0 0.245213 0.505753 1.0 0.241639 0.5087 1.0 0.249146 0.508164 1.0
0 0.32666 0.501464 0.020508 0.039531 0.322361 0.493032 1.0 0.331805 0.492783 1.0 0.326669 0.500483 1.0 0.323853 0.508432 1.0 0.329982 0.508183 1.0
0 0.405273 0.50366 0.021484 0.043924 0.399235 0.496745 1.0 0.410108 0.497026 1.0 0.403359 0.50602 1.0 0.400923 0.513047 1.0 0.408983 0.51136 1.0
0 0.483887 0.507321 0.022461 0.04246 0.479597 0.499425 1.0 0.489249 0.498353 1.0 0.483887 0.509072 1.0 0.48049 0.519524 1.0 0.488355 0.517649 1.0
0 0.548828 0.196193 0.019531 0.038067 0.544957 0.192076 1.0 0.552377 0.191592 1.0 0.548667 0.198122 1.0 0.55286 0.203925 1.0 0.545118 0.204652 1.0
0 0.540039 0.277452 0.021484 0.039531 0.53513 0.271079 1.0 0.544651 0.271845 1.0 0.539721 0.279747 1.0 0.53666 0.2851 1.0 0.543972 0.285865 1.0
0 0.628418 0.210102 0.018555 0.036603 0.624006 0.204665 1.0 0.631696 0.203723 1.0 0.627145 0.212195 1.0 0.624634 0.217842 1.0 0.631383 0.21737 1.0
0 0.626465 0.27306 0.020508 0.045388 0.621269 0.269452 1.0 0.629325 0.269164 1.0 0.624913 0.277505 1.0 0.620692 0.284407 1.0 0.628941 0.284407 1.0
0 0.57959 0.363104 0.018555 0.043924 0.575195 0.358712 1.0 0.584961 0.360176 1.0 0.580078 0.367496 1.0 0.576172 0.374817 1.0 0.584961 0.374817 1.0
0 0.567383 0.502928 0.021484 0.048316 0.562919 0.495921 1.0 0.574428 0.496862 1.0 0.56794 0.505647 1.0 0.563546 0.512864 1.0 0.572335 0.513177 1.0
0 0.644531 0.497804 0.021484 0.046852 0.638829 0.492091 1.0 0.648655 0.492392 1.0 0.644243 0.499307 1.0 0.639029 0.505321 1.0 0.65006 0.504419 1.0
0 0.671387 0.350659 0.018555 0.039531 0.666138 0.343842 1.0 0.675659 0.342821 1.0 0.672089 0.350725 1.0 0.667838 0.356842 1.0 0.67651 0.355568 1.0
0 0.703125 0.20937 0.019531 0.038067 0.698817 0.203657 1.0 0.707101 0.203161 1.0 0.703125 0.210612 1.0 0.699646 0.217319 1.0 0.707433 0.217319 1.0
0 0.712891 0.287701 0.015625 0.039531 0.708492 0.282348 1.0 0.717163 0.281073 1.0 0.713082 0.289231 1.0 0.709512 0.298663 1.0 0.715633 0.297898 1.0
0 0.760742 0.350659 0.021484 0.04246 0.756143 0.34437 1.0 0.765437 0.34437 1.0 0.760969 0.350802 1.0 0.757572 0.359378 1.0 0.764544 0.35911 1.0
0 0.779297 0.27672 0.019531 0.040996 0.774101 0.273949 1.0 0.78404 0.273164 1.0 0.77846 0.279962 1.0 0.774798 0.285714 1.0 0.782296 0.285192 1.0
0 0.847656 0.286237 0.019531 0.036603 0.84378 0.282367 1.0 0.851685 0.282126 1.0 0.846684 0.288656 1.0 0.84378 0.296152 1.0 0.850395 0.295669 1.0
0 0.848145 0.350659 0.018555 0.04246 0.843366 0.345712 1.0 0.85284 0.345444 1.0 0.847835 0.35241 1.0 0.844796 0.359378 1.0 0.852482 0.358574 1.0
0 0.914551 0.295754 0.018555 0.043924 0.910989 0.289963 1.0 0.919237 0.290245 1.0 0.915676 0.299237 1.0 0.911739 0.304297 1.0 0.9183 0.304859 1.0
0 0.941406 0.346999 0.017578 0.038067 0.935957 0.341312 1.0 0.943908 0.341312 1.0 0.938938 0.348018 1.0 0.935957 0.355221 1.0 0.942749 0.355221 1.0
0 0.908203 0.489019 0.017578 0.040996 0.90332 0.483163 1.0 0.914062 0.484627 1.0 0.90918 0.489019 1.0 0.90332 0.497804 1.0 0.913086 0.497804 1.0
0 0.802246 0.500732 0.020508 0.046852 0.797852 0.49634 1.0 0.807617 0.494876 1.0 0.802734 0.502196 1.0 0.797852 0.512445 1.0 0.808594 0.510981 1.0
0 0.720703 0.494876 0.021484 0.046852 0.716487 0.490026 1.0 0.725708 0.489438 1.0 0.721588 0.497673 1.0 0.71688 0.505321 1.0 0.725708 0.505026 1.0