0 0.12793 0.226438 0.046875 0.088127 0.11717 0.21351 1.0 0.140294 0.214067 1.0 0.128287 0.231902 1.0 0.123396 0.244164 1.0 0.135402 0.244164 1.0
0 0.230469 0.296818 0.050781 0.079559 0.21582 0.282742 1.0 0.239258 0.281518 1.0 0.227539 0.29743 1.0 0.22168 0.315789 1.0 0.238281 0.315789 1.0
0 0.288574 0.238066 0.045898 0.082007 0.279463 0.225941 1.0 0.300171 0.226979 1.0 0.288574 0.241514 1.0 0.281533 0.253973 1.0 0.294787 0.25553 1.0
0 0.385742 0.216646 0.044922 0.070991 0.372951 0.205149 1.0 0.393215 0.203335 1.0 0.378017 0.218302 1.0 0.374398 0.231908 1.0 0.390682 0.231001 1.0
0 0.389648 0.358017 0.041016 0.069767 0.379055 0.3444 1.0 0.399183 0.3444 1.0 0.388236 0.359891 1.0 0.379407 0.374055 1.0 0.397064 0.374055 1.0
0 0.508789 0.20257 0.044922 0.069767 0.500396 0.192051 1.0 0.520878 0.189838 1.0 0.510284 0.205772 1.0 0.502869 0.218608 1.0 0.519112 0.218165 1.0
0 0.541016 0.343941 0.042969 0.075887 0.525355 0.334297 1.0 0.546596 0.330969 1.0 0.534838 0.349034 1.0 0.531804 0.363295 1.0 0.545838 0.361869 1.0
0 0.603516 0.184823 0.044922 0.073439 0.590681 0.174922 1.0 0.60995 0.17167 1.0 0.599204 0.190712 1.0 0.596239 0.204646 1.0 0.612915 0.202324 1.0
0 0.699219 0.185435 0.042969 0.067319 0.687021 0.172889 1.0 0.708104 0.168201 1.0 0.697562 0.186528 1.0 0.693821 0.203149 1.0 0.708104 0.199741 1.0
0 0.723633 0.361077 0.041016 0.075887 0.709054 0.34687 1.0 0.727853 0.349274 1.0 0.714042 0.361296 1.0 0.710589 0.378606 1.0 0.7244 0.377645 1.0
0 0.824707 0.19645 0.043945 0.077111 0.812866 0.18696 1.0 0.833043 0.185013 1.0 0.822566 0.197659 1.0 0.816358 0.213706 1.0 0.829162 0.211761 1.0