0 0.500488 0.065041 0.008789 0.026016 0.499023 0.063415 1.0 0.504883 0.063415 1.0 0.50293 0.068293 1.0 0.499023 0.074797 1.0 0.504883 0.074797 1.0
0 0.569336 0.08374 0.009766 0.02439 0.566354 0.078615 1.0 0.572205 0.078615 1.0 0.56856 0.084364 1.0 0.56645 0.088517 1.0 0.571533 0.088995 1.0
0 0.611816 0.081301 0.008789 0.022764 0.607422 0.079675 1.0 0.611328 0.079675 1.0 0.607422 0.084553 1.0 0.607422 0.087805 1.0 0.612305 0.087805 1.0
0 0.653809 0.078862 0.010742 0.021138 0.652326 0.076161 1.0 0.658517 0.076452 1.0 0.654681 0.081678 1.0 0.653111 0.084872 1.0 0.656075 0.085018 1.0
0 0.674316 0.206504 0.012695 0.026016 0.673628 0.204189 1.0 0.678741 0.205023 1.0 0.676234 0.210366 1.0 0.672424 0.215041 1.0 0.676836 0.215041 1.0
0 0.665039 0.145528 0.009766 0.021138 0.663086 0.141463 1.0 0.669922 0.143089 1.0 0.666992 0.146341 1.0 0.664062 0.152846 1.0 0.668945 0.152846 1.0
0 0.775391 0.139837 0.009766 0.029268 0.770561 0.138894 1.0 0.774754 0.138894 1.0 0.771127 0.144367 1.0 0.77192 0.14833 1.0 0.775321 0.148141 1.0
0 0.819824 0.158537 0.012695 0.027642 0.817383 0.156098 1.0 0.825195 0.15935 1.0 0.820312 0.160976 1.0 0.817383 0.16748 1.0 0.822266 0.169106 1.0
0 0.905273 0.156911 0.011719 0.021138 0.903211 0.152083 1.0 0.909258 0.152083 1.0 0.905862 0.156634 1.0 0.903874 0.161876 1.0 0.908182 0.162013 1.0
0 0.935547 0.229268 0.009766 0.022764 0.931641 0.229268 1.0 0.9375 0.229268 1.0 0.935547 0.234146 1.0 0.932617 0.239024 1.0 0.938477 0.239024 1.0
0 0.952637 0.166667 0.008789 0.02439 0.947736 0.164416 1.0 0.952724 0.163138 1.0 0.950422 0.168249 1.0 0.950038 0.174478 1.0 0.952724 0.174158 1.0
0 0.849609 0.281301 0.013672 0.022764 0.846405 0.277743 1.0 0.852355 0.277135 1.0 0.849335 0.281554 1.0 0.847138 0.285672 1.0 0.850708 0.285519 1.0
0 0.904785 0.281301 0.012695 0.026016 0.901437 0.277468 1.0 0.906982 0.277294 1.0 0.903529 0.282694 1.0 0.902379 0.28827 1.0 0.905099 0.28827 1.0
0 0.929688 0.292683 0.011719 0.026016 0.925781 0.287805 1.0 0.931641 0.286179 1.0 0.928711 0.292683 1.0 0.926758 0.300813 1.0 0.931641 0.299187 1.0
0 0.899414 0.40813 0.015625 0.029268 0.896184 0.401241 1.0 0.902893 0.401046 1.0 0.898891 0.408298 1.0 0.896772 0.413785 1.0 0.900892 0.413393 1.0
0 0.839844 0.408943 0.013672 0.027642 0.836914 0.404878 1.0 0.84375 0.40813 1.0 0.838867 0.413008 1.0 0.836914 0.417886 1.0 0.841797 0.417886 1.0
0 0.737305 0.541463 0.015625 0.03252 0.733402 0.534756 1.0 0.739725 0.534756 1.0 0.736563 0.542756 1.0 0.734794 0.547387 1.0 0.739092 0.547176 1.0
0 0.679199 0.460976 0.014648 0.034146 0.675468 0.457824 1.0 0.681009 0.457824 1.0 0.67817 0.464127 1.0 0.676144 0.469076 1.0 0.680197 0.469751 1.0
0 0.630371 0.436585 0.014648 0.043902 0.627673 0.42958 1.0 0.634134 0.431563 1.0 0.627332 0.436941 1.0 0.625462 0.446566 1.0 0.630223 0.448265 1.0
0 0.546875 0.433333 0.013672 0.027642 0.543008 0.431525 1.0 0.548566 0.43207 1.0 0.545079 0.436971 1.0 0.54388 0.441325 1.0 0.547367 0.442415 1.0
0 0.512695 0.487805 0.015625 0.03252 0.509766 0.482927 1.0 0.517578 0.482927 1.0 0.511719 0.487805 1.0 0.509766 0.492683 1.0 0.515625 0.494309 1.0
0 0.50293 0.420325 0.013672 0.030894 0.5 0.421138 1.0 0.505859 0.426016 1.0 0.500977 0.429268 1.0 0.498047 0.43252 1.0 0.50293 0.435772 1.0
0 0.466309 0.238211 0.010742 0.027642 0.463554 0.234437 1.0 0.468681 0.234611 1.0 0.46596 0.240709 1.0 0.463554 0.244367 1.0 0.467843 0.244541 1.0
0 0.414551 0.405691 0.010742 0.027642 0.410096 0.403746 1.0 0.415196 0.404124 1.0 0.412022 0.408842 1.0 0.411455 0.414881 1.0 0.414402 0.414504 1.0
0 0.526367 0.249593 0.009766 0.021138 0.524968 0.249317 1.0 0.530766 0.249317 1.0 0.527867 0.255385 1.0 0.525631 0.258972 1.0 0.529772 0.258834 1.0
0 0.291992 0.462602 0.011719 0.027642 0.290039 0.460163 1.0 0.295898 0.460163 1.0 0.292969 0.463415 1.0 0.290039 0.468293 1.0 0.295898 0.468293 1.0
0 0.337402 0.461789 0.010742 0.03252 0.335938 0.458537 1.0 0.342773 0.460163 1.0 0.338867 0.465041 1.0 0.334961 0.471545 1.0 0.341797 0.471545 1.0
0 0.325195 0.514634 0.013672 0.043902 0.326577 0.504515 1.0 0.332868 0.504515 1.0 0.331508 0.513291 1.0 0.327937 0.521784 1.0 0.331848 0.521501 1.0
0 0.486328 0.601626 0.013672 0.035772 0.484113 0.59698 1.0 0.490588 0.59746 1.0 0.48656 0.604646 1.0 0.484113 0.612072 1.0 0.488861 0.611592 1.0
0 0.543457 0.600813 0.014648 0.04065 0.54187 0.594512 1.0 0.548305 0.595296 1.0 0.544853 0.601829 1.0 0.542184 0.610192 1.0 0.547677 0.610454 1.0
0 0.387695 0.679675 0.019531 0.045528 0.389352 0.674099 1.0 0.396681 0.672314 1.0 0.395072 0.683028 1.0 0.390067 0.694338 1.0 0.393105 0.694338 1.0
0 0.643066 0.630081 0.014648 0.034146 0.640363 0.626481 1.0 0.647526 0.626706 1.0 0.642661 0.633457 1.0 0.640093 0.640657 1.0 0.646851 0.639758 1.0
0 0.687988 0.622764 0.014648 0.039024 0.684195 0.617828 1.0 0.691311 0.618569 1.0 0.687309 0.625972 1.0 0.685678 0.63313 1.0 0.689087 0.63313 1.0
0 0.73584 0.628455 0.014648 0.034146 0.732422 0.622764 1.0 0.739258 0.622764 1.0 0.734375 0.630894 1.0 0.731445 0.635772 1.0 0.739258 0.637398 1.0
0 0.79834 0.628455 0.014648 0.037398 0.793945 0.62439 1.0 0.803711 0.627642 1.0 0.796875 0.630894 1.0 0.794922 0.639024 1.0 0.800781 0.64065 1.0
0 0.852539 0.647154 0.013672 0.035772 0.848145 0.639722 1.0 0.854423 0.640883 1.0 0.8494 0.646689 1.0 0.848005 0.654356 1.0 0.85219 0.655285 1.0
0 0.912109 0.660976 0.013672 0.034146 0.908203 0.656911 1.0 0.916016 0.655285 1.0 0.910156 0.661789 1.0 0.90918 0.671545 1.0 0.915039 0.671545 1.0
0 0.084961 0.68374 0.015625 0.043902 0.085685 0.67921 1.0 0.090785 0.681192 1.0 0.090785 0.688836 1.0 0.084835 0.69648 1.0 0.087725 0.697046 1.0
0 0.974609 0.226829 0.009766 0.02439 0.969997 0.222184 1.0 0.974121 0.221863 1.0 0.971627 0.227933 1.0 0.97134 0.231607 1.0 0.974409 0.231446 1.0
0 0.697754 0.150407 0.010742 0.02439 0.695748 0.145231 1.0 0.699459 0.145231 1.0 0.69625 0.150574 1.0 0.695949 0.155415 1.0 0.69976 0.155415 1.0
0 0.828613 0.023577 0.010742 0.027642 0.826656 0.018867 1.0 0.831343 0.020862 1.0 0.828836 0.024491 1.0 0.826656 0.028665 1.0 0.829816 0.029392 1.0
0 0.869629 0.013008 0.012695 0.026016 0.868095 0.007026 1.0 0.873413 0.006592 1.0 0.870623 0.011818 1.0 0.868007 0.016319 1.0 0.873238 0.015883 1.0
0 0.739746 0.017886 0.012695 0.026016 0.739258 0.014634 1.0 0.744141 0.014634 1.0 0.741211 0.019512 1.0 0.737305 0.02439 1.0 0.743164 0.026016 1.0
0 0.737793 0.158537 0.010742 0.02439 0.0 0.0 0.0 0.0 0.0 0.0 0.0 0.0 0.0 0.0 0.0 0.0 0.0 0.0 0.0
0 0.577148 0.544715 0.013672 0.035772 0.0 0.0 0.0 0.0 0.0 0.0 0.0 0.0 0.0 0.0 0.0 0.0 0.0 0.0 0.0