0 0.099609 0.015962 0.0625 0.028169 0.0 0.0 0.0 0.0 0.0 0.0 0.0 0.0 0.0 0.0 0.0 0.0 0.0 0.0 0.0
0 0.042969 0.39061 0.060547 0.073239 0.027344 0.384977 1.0 0.056641 0.378404 1.0 0.044922 0.388732 1.0 0.036133 0.408451 1.0 0.058594 0.402817 1.0
0 0.276855 0.096244 0.061523 0.09108 0.261544 0.084393 1.0 0.290811 0.08382 1.0 0.275879 0.091859 1.0 0.262142 0.114256 1.0 0.287228 0.113682 1.0
0 0.231445 0.393897 0.046875 0.092958 0.216919 0.385211 1.0 0.240723 0.386972 1.0 0.220581 0.402817 1.0 0.215088 0.417488 1.0 0.237061 0.418662 1.0
0 0.409668 0.194836 0.079102 0.126761 0.403381 0.19357 1.0 0.436515 0.189588 1.0 0.426574 0.208702 1.0 0.407523 0.227817 1.0 0.437343 0.228613 1.0
0 0.455078 0.194836 0.041016 0.062911 0.0 0.0 0.0 0.0 0.0 0.0 0.0 0.0 0.0 0.0 0.0 0.0 0.0 0.0 0.0
0 0.54248 0.165728 0.063477 0.076056 0.527588 0.157134 1.0 0.557408 0.154746 1.0 0.547468 0.163346 1.0 0.532061 0.186285 1.0 0.560887 0.184373 1.0
0 0.588867 0.129577 0.0625 0.069484 0.575195 0.123944 1.0 0.602539 0.119249 1.0 0.591797 0.135211 1.0 0.583984 0.148357 1.0 0.598633 0.146479 1.0
0 0.622559 0.177934 0.06543 0.08169 0.599941 0.177446 1.0 0.62709 0.16584 1.0 0.61332 0.178357 1.0 0.611895 0.20061 1.0 0.633389 0.191268 1.0
0 0.664062 0.026291 0.046875 0.052582 0.656054 0.012546 1.0 0.679217 0.013125 1.0 0.668388 0.02238 1.0 0.656956 0.03366 1.0 0.676811 0.034238 1.0
0 0.740234 0.129108 0.070312 0.08169 0.722726 0.121991 1.0 0.752511 0.115854 1.0 0.73815 0.124547 1.0 0.729108 0.148583 1.0 0.75783 0.141423 1.0
0 0.649902 0.46385 0.049805 0.084507 0.624499 0.450071 1.0 0.640002 0.453798 1.0 0.628928 0.462315 1.0 0.625053 0.472962 1.0 0.638895 0.47456 1.0
0 0.519531 0.517371 0.064453 0.073239 0.506461 0.503408 1.0 0.538884 0.502477 1.0 0.523398 0.515505 1.0 0.512268 0.534582 1.0 0.532593 0.535978 1.0
0 0.313477 0.476526 0.058594 0.08169 0.300799 0.471965 1.0 0.330584 0.470943 1.0 0.321542 0.481682 1.0 0.308777 0.494467 1.0 0.324201 0.496513 1.0
0 0.744629 0.659155 0.071289 0.078873 0.0 0.0 0.0 0.0 0.0 0.0 0.0 0.0 0.0 0.0 0.0 0.0 0.0 0.0 0.0
0 0.248535 0.578873 0.063477 0.087324 0.0 0.0 0.0 0.0 0.0 0.0 0.0 0.0 0.0 0.0 0.0 0.0 0.0 0.0 0.0
0 0.66748 0.180751 0.041992 0.076056 0.0 0.0 0.0 0.0 0.0 0.0 0.0 0.0 0.0 0.0 0.0 0.0 0.0 0.0 0.0
0 0.859863 0.093427 0.041992 0.068545 0.0 0.0 0.0 0.0 0.0 0.0 0.0 0.0 0.0 0.0 0.0 0.0 0.0 0.0 0.0