0 0.915527 0.07487 0.041992 0.039062 0.90714 0.071333 1.0 0.923815 0.06985 1.0 0.914921 0.078744 1.0 0.911586 0.084921 1.0 0.921592 0.083932 1.0
0 0.849609 0.128581 0.041016 0.034505 0.838165 0.124875 1.0 0.856148 0.124221 1.0 0.84732 0.133813 1.0 0.843724 0.140352 1.0 0.854841 0.139262 1.0
0 0.812012 0.083984 0.036133 0.03125 0.0 0.0 0.0 0.0 0.0 0.0 0.0 0.0 0.0 0.0 0.0 0.0 0.0 0.0 0.0
0 0.703613 0.113932 0.041992 0.028646 0.696319 0.109395 1.0 0.713623 0.107382 1.0 0.709229 0.117086 1.0 0.699066 0.120931 1.0 0.716919 0.1191 1.0
0 0.683105 0.076823 0.045898 0.033854 0.672137 0.070801 1.0 0.69472 0.071446 1.0 0.685363 0.076823 1.0 0.67633 0.086071 1.0 0.692139 0.086071 1.0
0 0.655762 0.038086 0.018555 0.016276 0.0 0.0 0.0 0.0 0.0 0.0 0.0 0.0 0.0 0.0 0.0 0.0 0.0 0.0 0.0
0 0.617676 0.039062 0.022461 0.020833 0.0 0.0 0.0 0.0 0.0 0.0 0.0 0.0 0.0 0.0 0.0 0.0 0.0 0.0 0.0
0 0.151367 0.007161 0.027344 0.011719 0.0 0.0 0.0 0.0 0.0 0.0 0.0 0.0 0.0 0.0 0.0 0.0 0.0 0.0 0.0
0 0.3125 0.00651 0.021484 0.011719 0.0 0.0 0.0 0.0 0.0 0.0 0.0 0.0 0.0 0.0 0.0 0.0 0.0 0.0 0.0
0 0.182129 0.078776 0.047852 0.042969 0.178886 0.073585 1.0 0.197536 0.074126 1.0 0.190644 0.082505 1.0 0.180507 0.091154 1.0 0.189832 0.091425 1.0
0 0.27002 0.093099 0.049805 0.03776 0.0 0.0 0.0 0.0 0.0 0.0 0.0 0.0 0.0 0.0 0.0 0.0 0.0 0.0 0.0
0 0.449707 0.123372 0.036133 0.031901 0.439894 0.118158 1.0 0.46095 0.116755 1.0 0.452527 0.124375 1.0 0.442901 0.131594 1.0 0.457341 0.130792 1.0
0 0.604492 0.237956 0.125 0.11263 0.609301 0.226005 1.0 0.653796 0.226005 1.0 0.650617 0.244367 1.0 0.612479 0.265555 1.0 0.650617 0.26838 1.0
0 0.98877 0.026367 0.020508 0.024089 0.0 0.0 0.0 0.0 0.0 0.0 0.0 0.0 0.0 0.0 0.0 0.0 0.0 0.0 0.0