0 0.941406 0.183748 0.060547 0.112738 0.915021 0.163956 1.0 0.93621 0.16325 1.0 0.912667 0.180899 1.0 0.912196 0.212665 1.0 0.925851 0.210548 1.0
0 0.690918 0.144949 0.063477 0.11713 0.667275 0.128706 1.0 0.683533 0.125751 1.0 0.660379 0.153081 1.0 0.669738 0.175977 1.0 0.679592 0.175977 1.0
0 0.601074 0.243045 0.067383 0.128843 0.571158 0.224338 1.0 0.589142 0.226789 1.0 0.568979 0.2513 1.0 0.578243 0.274994 1.0 0.591866 0.274177 1.0
0 0.504395 0.246706 0.067383 0.106881 0.477413 0.242666 1.0 0.50211 0.231895 1.0 0.484148 0.254111 1.0 0.482353 0.284407 1.0 0.501661 0.277675 1.0
0 0.862305 0.047584 0.052734 0.095168 0.841073 0.036198 1.0 0.865557 0.037728 1.0 0.846174 0.050982 1.0 0.840733 0.069846 1.0 0.854676 0.071886 1.0
0 0.766602 0.049048 0.046875 0.09224 0.74707 0.033649 1.0 0.768834 0.02906 1.0 0.754892 0.048433 1.0 0.750471 0.076984 1.0 0.765093 0.075455 1.0
0 0.625488 0.125183 0.05957 0.106881 0.60641 0.113574 1.0 0.628627 0.104738 1.0 0.616386 0.12853 1.0 0.616386 0.143485 1.0 0.631801 0.140086 1.0
0 0.533203 0.130307 0.0625 0.108346 0.510284 0.10281 1.0 0.536377 0.099378 1.0 0.520813 0.119968 1.0 0.513946 0.134379 1.0 0.532715 0.133693 1.0
0 0.564453 0.081259 0.039062 0.083455 0.0 0.0 0.0 0.0 0.0 0.0 0.0 0.0 0.0 0.0 0.0 0.0 0.0 0.0 0.0
0 0.312988 0.262811 0.067383 0.115666 0.287598 0.250366 1.0 0.305664 0.247438 1.0 0.290039 0.271596 1.0 0.295898 0.291362 1.0 0.311035 0.289898 1.0
0 0.190918 0.31552 0.067383 0.121523 0.164708 0.300905 1.0 0.187343 0.294735 1.0 0.173968 0.330214 1.0 0.171396 0.349495 1.0 0.190944 0.344097 1.0
0 0.109375 0.320644 0.070312 0.105417 0.089513 0.30935 1.0 0.11373 0.294165 1.0 0.103162 0.331135 1.0 0.101401 0.349619 1.0 0.121216 0.338397 1.0
0 0.248047 0.201318 0.052734 0.106881 0.225795 0.199225 1.0 0.244838 0.191748 1.0 0.231689 0.213501 1.0 0.232143 0.234574 1.0 0.246198 0.227776 1.0
0 0.395996 0.242313 0.055664 0.103953 0.385742 0.241581 1.0 0.410156 0.235725 1.0 0.398438 0.265007 1.0 0.394531 0.279649 1.0 0.415039 0.265007 1.0
0 0.352051 0.150805 0.040039 0.087848 0.343039 0.12896 1.0 0.362309 0.135072 1.0 0.349339 0.139517 1.0 0.338963 0.15563 1.0 0.353415 0.16063 1.0
0 0.330566 0.098829 0.043945 0.09224 0.341064 0.126334 1.0 0.359506 0.132804 1.0 0.350481 0.141628 1.0 0.341457 0.15457 1.0 0.357151 0.160452 1.0
0 0.435547 0.030015 0.039062 0.060029 0.421391 0.00866 1.0 0.435804 0.00717 1.0 0.426112 0.024309 1.0 0.423379 0.044428 1.0 0.433567 0.042192 1.0
0 0.232422 0.04978 0.050781 0.087848 0.216361 0.036264 1.0 0.23359 0.032786 1.0 0.225307 0.051165 1.0 0.223319 0.070042 1.0 0.237897 0.071533 1.0
0 0.194336 0.142753 0.044922 0.09224 0.178545 0.127313 1.0 0.20091 0.127313 1.0 0.189531 0.139668 1.0 0.182076 0.160845 1.0 0.198164 0.160845 1.0
0 0.084961 0.172767 0.048828 0.084919 0.069637 0.162269 1.0 0.090263 0.160643 1.0 0.078321 0.178545 1.0 0.073617 0.19265 1.0 0.084473 0.191565 1.0
0 0.068359 0.032211 0.044922 0.064422 0.048885 0.012034 1.0 0.06532 0.00651 1.0 0.059653 0.028179 1.0 0.06022 0.048571 1.0 0.073822 0.043048 1.0
0 0.069336 0.11713 0.041016 0.081991 0.0 0.0 0.0 0.0 0.0 0.0 0.0 0.0 0.0 0.0 0.0 0.0 0.0 0.0 0.0
0 0.044922 0.051245 0.035156 0.073206 0.030273 0.045388 1.0 0.041992 0.039531 1.0 0.036133 0.055637 1.0 0.036133 0.076135 1.0 0.044922 0.073206 1.0
0 0.01416 0.135432 0.02832 0.09224 0.0 0.0 0.0 0.0 0.0 0.0 0.0 0.0 0.0 0.0 0.0 0.0 0.0 0.0 0.0
0 0.691895 0.053441 0.051758 0.080527 0.0 0.0 0.0 0.0 0.0 0.0 0.0 0.0 0.0 0.0 0.0 0.0 0.0 0.0 0.0
0 0.015137 0.305271 0.030273 0.103953 0.0 0.0 0.0 0.0 0.0 0.0 0.0 0.0 0.0 0.0 0.0 0.0 0.0 0.0 0.0