0 0.058594 0.736364 0.027344 0.054545 0.0 0.0 0.0 0.0 0.0 0.0 0.0 0.0 0.0 0.0 0.0 0.0 0.0 0.0 0.0
0 0.099609 0.474242 0.025391 0.048485 0.09657 0.467092 1.0 0.10638 0.466788 1.0 0.102652 0.476833 1.0 0.097944 0.48627 1.0 0.105007 0.485661 1.0
0 0.17334 0.506818 0.022461 0.04697 0.167864 0.502489 1.0 0.177264 0.502489 1.0 0.17266 0.50993 1.0 0.168439 0.520048 1.0 0.176688 0.520048 1.0
0 0.174805 0.381061 0.021484 0.043939 0.171021 0.374053 1.0 0.17981 0.37377 1.0 0.175781 0.381155 1.0 0.172119 0.391382 1.0 0.179077 0.39053 1.0
0 0.043457 0.356061 0.022461 0.039394 0.037646 0.347294 1.0 0.047485 0.347294 1.0 0.043291 0.358556 1.0 0.040388 0.365815 1.0 0.046356 0.365314 1.0
0 0.085938 0.339394 0.019531 0.039394 0.082633 0.332224 1.0 0.090088 0.331967 1.0 0.087438 0.339421 1.0 0.083793 0.347389 1.0 0.089425 0.347645 1.0
0 0.053711 0.237879 0.023438 0.036364 0.049805 0.227273 1.0 0.05957 0.227273 1.0 0.054688 0.233333 1.0 0.050781 0.243939 1.0 0.057617 0.243939 1.0
0 0.105957 0.169697 0.018555 0.051515 0.103167 0.163312 1.0 0.111119 0.163961 1.0 0.107353 0.173702 1.0 0.104423 0.181494 1.0 0.110282 0.180844 1.0
0 0.085449 0.126515 0.018555 0.040909 0.081055 0.119697 1.0 0.088867 0.119697 1.0 0.083984 0.128788 1.0 0.082031 0.137879 1.0 0.088867 0.137879 1.0
0 0.097656 0.043182 0.019531 0.034848 0.093863 0.036674 1.0 0.102608 0.037365 1.0 0.098014 0.043344 1.0 0.094604 0.051164 1.0 0.100979 0.051623 1.0
0 0.03125 0.021212 0.013672 0.036364 0.027061 0.014259 1.0 0.034629 0.015726 1.0 0.030439 0.021597 1.0 0.026655 0.028936 1.0 0.031926 0.029565 1.0
0 0.150391 0.009091 0.015625 0.018182 0.147461 0.00303 1.0 0.15625 0.00303 1.0 0.151367 0.004545 1.0 0.148438 0.013636 1.0 0.15332 0.015152 1.0
0 0.265625 0.328788 0.033203 0.060606 0.263672 0.314015 1.0 0.268555 0.313258 1.0 0.270996 0.323106 1.0 0.271729 0.339015 1.0 0.276611 0.338636 1.0
0 0.32373 0.040909 0.018555 0.030303 0.320312 0.034848 1.0 0.330078 0.034848 1.0 0.326172 0.039394 1.0 0.323242 0.048485 1.0 0.330078 0.04697 1.0
0 0.385742 0.050758 0.015625 0.034848 0.379883 0.04697 1.0 0.386719 0.04697 1.0 0.383789 0.054545 1.0 0.379883 0.060606 1.0 0.386719 0.060606 1.0
0 0.407227 0.014394 0.013672 0.022727 0.0 0.0 0.0 0.0 0.0 0.0 0.0 0.0 0.0 0.0 0.0 0.0 0.0 0.0 0.0
0 0.419922 0.058333 0.017578 0.040909 0.417541 0.051806 1.0 0.425192 0.051806 1.0 0.421622 0.058665 1.0 0.418901 0.067106 1.0 0.423492 0.067106 1.0
0 0.329102 0.079545 0.017578 0.037879 0.324376 0.07343 1.0 0.33238 0.074161 1.0 0.327672 0.082441 1.0 0.324532 0.090964 1.0 0.330811 0.09072 1.0
0 0.353027 0.108333 0.018555 0.043939 0.348328 0.10303 1.0 0.356934 0.103315 1.0 0.352539 0.110985 1.0 0.347596 0.118088 1.0 0.355652 0.118371 1.0
0 0.416016 0.112879 0.019531 0.040909 0.411787 0.108658 1.0 0.418758 0.107339 1.0 0.416378 0.116836 1.0 0.411957 0.121056 1.0 0.420628 0.119738 1.0
0 0.310059 0.131061 0.020508 0.043939 0.30658 0.124336 1.0 0.315186 0.124621 1.0 0.31134 0.133427 1.0 0.306763 0.141382 1.0 0.313537 0.141667 1.0
0 0.373535 0.176515 0.022461 0.037879 0.369891 0.168695 1.0 0.377895 0.168453 1.0 0.373029 0.175514 1.0 0.370832 0.183794 1.0 0.376325 0.183794 1.0
0 0.423828 0.177273 0.019531 0.039394 0.417969 0.169697 1.0 0.428711 0.171212 1.0 0.421875 0.177273 1.0 0.418945 0.186364 1.0 0.426758 0.184848 1.0
0 0.342285 0.220455 0.020508 0.037879 0.337716 0.216044 1.0 0.345721 0.215314 1.0 0.341954 0.224324 1.0 0.339757 0.230655 1.0 0.344151 0.230168 1.0
0 0.415527 0.230303 0.020508 0.033333 0.410436 0.223965 1.0 0.418779 0.222403 1.0 0.414607 0.228429 1.0 0.411154 0.238027 1.0 0.418492 0.238027 1.0
0 0.354004 0.271212 0.018555 0.039394 0.350612 0.261945 1.0 0.358517 0.261695 1.0 0.354968 0.268953 1.0 0.352063 0.278464 1.0 0.359 0.277712 1.0
0 0.34082 0.308333 0.017578 0.037879 0.338292 0.297592 1.0 0.346453 0.301488 1.0 0.341744 0.306845 1.0 0.337193 0.311959 1.0 0.343 0.31488 1.0
0 0.407227 0.312879 0.021484 0.037879 0.402641 0.305547 1.0 0.411115 0.305303 1.0 0.406878 0.312121 1.0 0.403582 0.3204 1.0 0.411115 0.320158 1.0
0 0.326172 0.341667 0.023438 0.040909 0.322266 0.331818 1.0 0.333008 0.331818 1.0 0.328125 0.340909 1.0 0.323242 0.354545 1.0 0.331055 0.354545 1.0
0 0.346191 0.402273 0.024414 0.043939 0.341675 0.397821 1.0 0.35083 0.398391 1.0 0.346069 0.405209 1.0 0.341857 0.413447 1.0 0.349182 0.4143 1.0
0 0.397461 0.375758 0.021484 0.036364 0.391602 0.366667 1.0 0.402344 0.365152 1.0 0.395508 0.372727 1.0 0.393555 0.383333 1.0 0.400391 0.383333 1.0
0 0.42627 0.412879 0.022461 0.04697 0.422816 0.410335 1.0 0.432024 0.409741 1.0 0.427421 0.417776 1.0 0.422433 0.428192 1.0 0.432792 0.427895 1.0
0 0.299316 0.434091 0.022461 0.040909 0.0 0.0 0.0 0.0 0.0 0.0 0.0 0.0 0.0 0.0 0.0 0.0 0.0 0.0 0.0
0 0.3125 0.451515 0.025391 0.054545 0.305965 0.439718 1.0 0.317305 0.441444 1.0 0.311523 0.447998 1.0 0.307076 0.461452 1.0 0.314414 0.462832 1.0
0 0.437988 0.468182 0.026367 0.051515 0.436219 0.458144 1.0 0.446686 0.459802 1.0 0.442841 0.468088 1.0 0.436005 0.480682 1.0 0.444122 0.48267 1.0
0 0.442383 0.262879 0.021484 0.040909 0.43709 0.255695 1.0 0.445373 0.256467 1.0 0.440238 0.264691 1.0 0.438084 0.271888 1.0 0.443386 0.272145 1.0
0 0.44043 0.378788 0.021484 0.042424 0.43457 0.368182 1.0 0.445312 0.368182 1.0 0.438477 0.378788 1.0 0.435547 0.387879 1.0 0.443359 0.386364 1.0
0 0.485352 0.319697 0.019531 0.042424 0.479108 0.311959 1.0 0.487653 0.311147 1.0 0.482597 0.318994 1.0 0.481026 0.32738 1.0 0.486433 0.327652 1.0
0 0.500488 0.518939 0.022461 0.043939 0.49591 0.509659 1.0 0.496643 0.509659 1.0 0.496277 0.519603 1.0 0.492065 0.526136 1.0 0.492615 0.526421 1.0
0 0.53418 0.225758 0.017578 0.057576 0.0 0.0 0.0 0.0 0.0 0.0 0.0 0.0 0.0 0.0 0.0 0.0 0.0 0.0 0.0
0 0.568848 0.299242 0.018555 0.043939 0.561523 0.293939 1.0 0.571289 0.293939 1.0 0.56543 0.301515 1.0 0.561523 0.309091 1.0 0.569336 0.309091 1.0
0 0.607422 0.233333 0.019531 0.042424 0.602539 0.230303 1.0 0.611328 0.230303 1.0 0.606445 0.236364 1.0 0.604492 0.24697 1.0 0.610352 0.245455 1.0
0 0.619141 0.266667 0.017578 0.039394 0.615104 0.259152 1.0 0.62333 0.259152 1.0 0.618168 0.267411 1.0 0.61591 0.274418 1.0 0.622201 0.274918 1.0
0 0.57373 0.387879 0.016602 0.039394 0.569536 0.380364 1.0 0.576312 0.379362 1.0 0.572763 0.387371 1.0 0.570343 0.39613 1.0 0.575505 0.39613 1.0
0 0.592285 0.409848 0.020508 0.043939 0.58667 0.402841 1.0 0.595825 0.402273 1.0 0.590332 0.409376 1.0 0.586486 0.41875 1.0 0.595093 0.41875 1.0
0 0.632812 0.495455 0.019531 0.036364 0.626557 0.489252 1.0 0.636627 0.489252 1.0 0.629455 0.492567 1.0 0.625488 0.503694 1.0 0.633575 0.50322 1.0
0 0.663086 0.475758 0.021484 0.045455 0.656036 0.46482 1.0 0.667097 0.465111 1.0 0.659224 0.473836 1.0 0.653975 0.484598 1.0 0.664848 0.48518 1.0
0 0.706543 0.508333 0.018555 0.037879 0.699288 0.501732 1.0 0.70588 0.501976 1.0 0.701643 0.508794 1.0 0.699445 0.519021 1.0 0.707136 0.519021 1.0
0 0.735352 0.504545 0.025391 0.048485 0.730939 0.494941 1.0 0.740365 0.495562 1.0 0.733146 0.502097 1.0 0.729135 0.512053 1.0 0.738359 0.514542 1.0
0 0.69043 0.439394 0.017578 0.039394 0.686397 0.428626 1.0 0.694946 0.431129 1.0 0.690107 0.437135 1.0 0.685429 0.445644 1.0 0.693011 0.447645 1.0
0 0.671387 0.374242 0.022461 0.042424 0.664289 0.364252 1.0 0.673131 0.365308 1.0 0.66837 0.373221 1.0 0.664119 0.381662 1.0 0.672961 0.381926 1.0
0 0.665527 0.317424 0.020508 0.040909 0.660108 0.311092 1.0 0.667249 0.312676 1.0 0.662829 0.321118 1.0 0.660958 0.327448 1.0 0.666739 0.327976 1.0
0 0.68457 0.228788 0.015625 0.033333 0.680568 0.224047 1.0 0.688542 0.226142 1.0 0.68246 0.230336 1.0 0.679757 0.237467 1.0 0.685299 0.238305 1.0
0 0.736328 0.269697 0.019531 0.042424 0.731829 0.264394 1.0 0.739502 0.264665 1.0 0.734444 0.272782 1.0 0.732003 0.279817 1.0 0.739153 0.280358 1.0
0 0.742188 0.342424 0.023438 0.042424 0.736328 0.337879 1.0 0.745117 0.336364 1.0 0.740234 0.345455 1.0 0.735352 0.354545 1.0 0.744141 0.35303 1.0
0 0.475098 0.023485 0.016602 0.031818 0.469727 0.019697 1.0 0.479492 0.019697 1.0 0.474609 0.027273 1.0 0.472656 0.033333 1.0 0.477539 0.031818 1.0
0 0.525879 0.023485 0.014648 0.031818 0.520525 0.015936 1.0 0.528499 0.016985 1.0 0.523363 0.025582 1.0 0.521877 0.030614 1.0 0.525661 0.030614 1.0
0 0.539551 0.040152 0.016602 0.031818 0.534925 0.033185 1.0 0.542899 0.033185 1.0 0.538169 0.038636 1.0 0.533844 0.044088 1.0 0.541953 0.044298 1.0
0 0.47168 0.086364 0.013672 0.027273 0.46875 0.083333 1.0 0.476562 0.084848 1.0 0.47168 0.090909 1.0 0.469727 0.098485 1.0 0.475586 0.098485 1.0
0 0.573242 0.091667 0.013672 0.034848 0.570104 0.087662 1.0 0.576939 0.089177 1.0 0.572475 0.092208 1.0 0.569964 0.100217 1.0 0.575404 0.101082 1.0
0 0.590332 0.137121 0.016602 0.028788 0.586914 0.130303 1.0 0.59375 0.130303 1.0 0.59082 0.137879 1.0 0.586914 0.145455 1.0 0.594727 0.143939 1.0
0 0.571777 0.185606 0.018555 0.031818 0.56802 0.177245 1.0 0.576521 0.177855 1.0 0.572335 0.184956 1.0 0.568412 0.189015 1.0 0.575997 0.189624 1.0
0 0.635742 0.161364 0.019531 0.037879 0.631744 0.148958 1.0 0.639679 0.151562 1.0 0.634949 0.156533 1.0 0.631287 0.1634 1.0 0.636322 0.164583 1.0
0 0.634766 0.103788 0.015625 0.034848 0.630449 0.102448 1.0 0.637355 0.103118 1.0 0.633471 0.109368 1.0 0.631601 0.114726 1.0 0.635772 0.114948 1.0
0 0.62207 0.031061 0.015625 0.034848 0.618504 0.022848 1.0 0.625697 0.022848 1.0 0.622389 0.028876 1.0 0.619367 0.034903 1.0 0.624834 0.034903 1.0
0 0.685059 0.043182 0.016602 0.031818 0.678711 0.039394 1.0 0.688477 0.037879 1.0 0.683594 0.043939 1.0 0.680664 0.051515 1.0 0.6875 0.05 1.0
0 0.701172 0.075 0.013672 0.028788 0.698242 0.066667 1.0 0.707031 0.066667 1.0 0.702148 0.072727 1.0 0.698242 0.081818 1.0 0.705078 0.081818 1.0
0 0.668945 0.131061 0.017578 0.043939 0.66748 0.1232 1.0 0.674988 0.124621 1.0 0.672607 0.132576 1.0 0.666016 0.141382 1.0 0.672791 0.142518 1.0
0 0.701172 0.118939 0.019531 0.034848 0.693229 0.114732 1.0 0.701381 0.112203 1.0 0.696935 0.118182 1.0 0.696045 0.126921 1.0 0.701085 0.12623 1.0
0 0.706543 0.159091 0.016602 0.051515 0.700963 0.155627 1.0 0.708915 0.154653 1.0 0.704102 0.162445 1.0 0.700963 0.169589 1.0 0.708915 0.169914 1.0
0 0.73584 0.186364 0.018555 0.042424 0.732443 0.179505 1.0 0.741023 0.180336 1.0 0.737091 0.186992 1.0 0.734053 0.196698 1.0 0.738163 0.196698 1.0
0 0.76416 0.182576 0.018555 0.040909 0.758789 0.178788 1.0 0.767578 0.178788 1.0 0.762695 0.184848 1.0 0.759766 0.192424 1.0 0.765625 0.192424 1.0
0 0.788574 0.229545 0.018555 0.037879 0.782296 0.220752 1.0 0.78983 0.220995 1.0 0.783552 0.228058 1.0 0.782924 0.236092 1.0 0.786848 0.235606 1.0
0 0.751953 0.321212 0.015625 0.036364 0.746094 0.312121 1.0 0.754883 0.310606 1.0 0.75 0.319697 1.0 0.74707 0.327273 1.0 0.75293 0.327273 1.0
0 0.799805 0.295455 0.013672 0.033333 0.796875 0.289394 1.0 0.805664 0.289394 1.0 0.799805 0.293939 1.0 0.795898 0.30303 1.0 0.804688 0.304545 1.0
0 0.804688 0.340909 0.013672 0.042424 0.80147 0.329059 1.0 0.809335 0.329614 1.0 0.80433 0.334882 1.0 0.802006 0.345144 1.0 0.807905 0.345976 1.0
0 0.722656 0.024242 0.015625 0.027273 0.716797 0.016667 1.0 0.726562 0.015152 1.0 0.72168 0.021212 1.0 0.717773 0.030303 1.0 0.723633 0.030303 1.0
0 0.751953 0.058333 0.015625 0.034848 0.75 0.05303 1.0 0.758789 0.05303 1.0 0.753906 0.057576 1.0 0.749023 0.066667 1.0 0.756836 0.066667 1.0
0 0.779297 0.011364 0.013672 0.019697 0.0 0.0 0.0 0.0 0.0 0.0 0.0 0.0 0.0 0.0 0.0 0.0 0.0 0.0 0.0
0 0.791992 0.02803 0.013672 0.031818 0.787842 0.02362 1.0 0.795035 0.023823 1.0 0.789673 0.030723 1.0 0.788888 0.036608 1.0 0.793466 0.037215 1.0
0 0.807129 0.04697 0.018555 0.045455 0.805816 0.040105 1.0 0.813503 0.040105 1.0 0.808816 0.045921 1.0 0.806379 0.053483 1.0 0.812378 0.053192 1.0
0 0.797852 0.145455 0.017578 0.039394 0.794782 0.138189 1.0 0.802525 0.138691 1.0 0.799299 0.146198 1.0 0.795428 0.151955 1.0 0.802202 0.152706 1.0
0 0.768555 0.119697 0.013672 0.033333 0.765625 0.116667 1.0 0.772461 0.115152 1.0 0.768555 0.121212 1.0 0.765625 0.128788 1.0 0.771484 0.127273 1.0
0 0.863281 0.020455 0.015625 0.031818 0.861328 0.018182 1.0 0.871094 0.019697 1.0 0.866211 0.025758 1.0 0.862305 0.030303 1.0 0.868164 0.030303 1.0
0 0.879395 0.029545 0.014648 0.037879 0.87514 0.024648 1.0 0.885341 0.026109 1.0 0.878906 0.031223 1.0 0.875297 0.037067 1.0 0.882202 0.038285 1.0
0 0.95166 0.038636 0.014648 0.025758 0.948242 0.034848 1.0 0.955078 0.036364 1.0 0.949219 0.039394 1.0 0.947266 0.04697 1.0 0.951172 0.04697 1.0
0 0.986816 0.013636 0.014648 0.024242 0.983398 0.00303 1.0 0.992188 0.004545 1.0 0.986328 0.006061 1.0 0.983398 0.012121 1.0 0.989258 0.012121 1.0
0 0.995605 0.079545 0.008789 0.037879 0.995117 0.075758 1.0 0.99707 0.075758 1.0 0.999023 0.083333 1.0 0.996094 0.087879 1.0 0.99707 0.087879 1.0
0 0.990723 0.127273 0.018555 0.048485 0.984798 0.119521 1.0 0.993199 0.120792 1.0 0.988076 0.128741 1.0 0.984184 0.137642 1.0 0.99033 0.138595 1.0
0 0.969238 0.124242 0.016602 0.030303 0.967773 0.122727 1.0 0.974609 0.121212 1.0 0.970703 0.127273 1.0 0.96875 0.134848 1.0 0.973633 0.133333 1.0
0 0.942871 0.075758 0.018555 0.036364 0.940752 0.068492 1.0 0.948016 0.069412 1.0 0.944606 0.075162 1.0 0.941642 0.081602 1.0 0.946533 0.083671 1.0
0 0.919922 0.109091 0.017578 0.036364 0.917655 0.101826 1.0 0.92477 0.103206 1.0 0.921212 0.109645 1.0 0.917655 0.116774 1.0 0.923881 0.117235 1.0
0 0.841797 0.091667 0.019531 0.037879 0.837677 0.083523 1.0 0.845764 0.083759 1.0 0.841645 0.091098 1.0 0.838593 0.099148 1.0 0.844696 0.099148 1.0
0 0.853027 0.140152 0.020508 0.043939 0.84807 0.129485 1.0 0.857008 0.12893 1.0 0.852182 0.138636 1.0 0.8495 0.145292 1.0 0.854326 0.145015 1.0
0 0.901367 0.181061 0.019531 0.031818 0.897461 0.174242 1.0 0.90625 0.174242 1.0 0.901367 0.178788 1.0 0.897461 0.186364 1.0 0.904297 0.186364 1.0
0 0.93457 0.181061 0.019531 0.031818 0.930586 0.173809 1.0 0.937256 0.173809 1.0 0.932939 0.180709 1.0 0.931108 0.188014 1.0 0.93621 0.187608 1.0
0 0.924316 0.221212 0.024414 0.036364 0.918762 0.208806 1.0 0.92807 0.208806 1.0 0.923035 0.215198 1.0 0.920136 0.224906 1.0 0.925019 0.224906 1.0
0 0.971191 0.232576 0.016602 0.031818 0.966797 0.225758 1.0 0.974609 0.224242 1.0 0.970703 0.230303 1.0 0.96875 0.236364 1.0 0.973633 0.236364 1.0
0 0.963867 0.278788 0.019531 0.039394 0.95854 0.272274 1.0 0.96725 0.272774 1.0 0.962411 0.278782 1.0 0.959347 0.287039 1.0 0.966767 0.287039 1.0
0 0.951172 0.275 0.009766 0.031818 0.949219 0.269697 1.0 0.957031 0.268182 1.0 0.954102 0.275758 1.0 0.950195 0.281818 1.0 0.957031 0.281818 1.0
0 0.991699 0.351515 0.016602 0.051515 0.986908 0.344129 1.0 0.996094 0.343797 1.0 0.990326 0.351752 1.0 0.987977 0.363021 1.0 0.994599 0.362027 1.0
0 0.850098 0.209091 0.020508 0.042424 0.845703 0.20303 1.0 0.854492 0.204545 1.0 0.849609 0.209091 1.0 0.845703 0.219697 1.0 0.851562 0.219697 1.0
0 0.874512 0.257576 0.016602 0.033333 0.870915 0.250568 1.0 0.87854 0.251015 1.0 0.87336 0.255256 1.0 0.870627 0.264185 1.0 0.877389 0.263961 1.0
0 0.890137 0.297727 0.018555 0.031818 0.884647 0.28955 1.0 0.892486 0.289968 1.0 0.887486 0.296259 1.0 0.884783 0.304018 1.0 0.889378 0.304227 1.0
0 0.893066 0.338636 0.016602 0.031818 0.889648 0.336364 1.0 0.897461 0.336364 1.0 0.893555 0.342424 1.0 0.889648 0.35303 1.0 0.896484 0.35303 1.0
0 0.893555 0.371212 0.021484 0.042424 0.888497 0.36645 1.0 0.89774 0.365368 1.0 0.891985 0.372944 1.0 0.888497 0.382955 1.0 0.895821 0.381873 1.0
0 0.818359 0.390909 0.019531 0.039394 0.814968 0.378889 1.0 0.822227 0.378639 1.0 0.817387 0.386147 1.0 0.815613 0.396408 1.0 0.819161 0.397409 1.0
0 0.79541 0.474242 0.022461 0.036364 0.788025 0.463068 1.0 0.796265 0.462832 1.0 0.791534 0.471591 1.0 0.790313 0.478456 1.0 0.796875 0.478694 1.0
0 0.859375 0.42197 0.023438 0.040909 0.854828 0.414847 1.0 0.86452 0.417485 1.0 0.858059 0.42408 1.0 0.854147 0.430147 1.0 0.861799 0.430939 1.0
0 0.76709 0.42197 0.020508 0.05 0.762591 0.411567 1.0 0.771415 0.411877 1.0 0.767203 0.419345 1.0 0.763994 0.428058 1.0 0.769609 0.428368 1.0
0 0.794922 0.565152 0.021484 0.042424 0.788086 0.557576 1.0 0.796875 0.559091 1.0 0.791016 0.565152 1.0 0.787109 0.572727 1.0 0.794922 0.574242 1.0
0 0.868652 0.637879 0.024414 0.048485 0.863281 0.627273 1.0 0.875 0.628788 1.0 0.868164 0.636364 1.0 0.862305 0.648485 1.0 0.871094 0.648485 1.0
0 0.969238 0.733333 0.022461 0.051515 0.96228 0.724289 1.0 0.973603 0.72893 1.0 0.965484 0.734564 1.0 0.960571 0.743182 1.0 0.969971 0.747491 1.0
0 0.877441 0.759091 0.026367 0.051515 0.873047 0.751042 1.0 0.882873 0.75303 1.0 0.873901 0.761317 1.0 0.871338 0.767945 1.0 0.879883 0.769933 1.0
0 0.754395 0.757576 0.026367 0.054545 0.748047 0.751515 1.0 0.760742 0.75303 1.0 0.75293 0.762121 1.0 0.749023 0.771212 1.0 0.757812 0.771212 1.0
0 0.625 0.770455 0.027344 0.056061 0.623047 0.763636 1.0 0.632812 0.762121 1.0 0.626953 0.769697 1.0 0.625 0.778788 1.0 0.631836 0.778788 1.0
0 0.016113 0.069697 0.020508 0.039394 0.014648 0.060606 1.0 0.023438 0.062121 1.0 0.018555 0.068182 1.0 0.014648 0.077273 1.0 0.020508 0.077273 1.0
0 0.008789 0.152273 0.017578 0.037879 0.004621 0.142992 1.0 0.011527 0.143967 1.0 0.006505 0.151515 1.0 0.003522 0.158577 1.0 0.010742 0.15882 1.0
0 0.470215 0.171212 0.016602 0.033333 0.0 0.0 0.0 0.0 0.0 0.0 0.0 0.0 0.0 0.0 0.0 0.0 0.0 0.0 0.0
0 0.490723 0.181818 0.018555 0.033333 0.485909 0.177077 1.0 0.494289 0.176238 1.0 0.489829 0.1819 1.0 0.487261 0.191126 1.0 0.493478 0.190077 1.0
0 0.506348 0.227273 0.018555 0.036364 0.0 0.0 0.0 0.0 0.0 0.0 0.0 0.0 0.0 0.0 0.0 0.0 0.0 0.0 0.0
0 0.589844 0.562121 0.019531 0.036364 0.0 0.0 0.0 0.0 0.0 0.0 0.0 0.0 0.0 0.0 0.0 0.0 0.0 0.0 0.0
0 0.902344 0.47197 0.023438 0.05 0.0 0.0 0.0 0.0 0.0 0.0 0.0 0.0 0.0 0.0 0.0 0.0 0.0 0.0 0.0