0 0.456055 0.114383 0.113281 0.112118 0.481109 0.097878 1.0 0.496922 0.099994 1.0 0.509086 0.121152 1.0 0.461648 0.135964 1.0 0.475028 0.138079 1.0
0 0.614746 0.151472 0.112305 0.095696 0.570129 0.138555 1.0 0.612671 0.141563 1.0 0.574279 0.158409 1.0 0.573242 0.17345 1.0 0.606445 0.176458 1.0
0 0.024902 0.0453 0.024414 0.026048 0.016274 0.043538 1.0 0.02846 0.043703 1.0 0.018542 0.047975 1.0 0.015991 0.052247 1.0 0.02506 0.05274 1.0
0 0.055664 0.047848 0.025391 0.024349 0.048483 0.045227 1.0 0.051941 0.045227 1.0 0.044494 0.050778 1.0 0.04875 0.054016 1.0 0.050877 0.054016 1.0
0 0.09375 0.087203 0.037109 0.033975 0.0 0.0 0.0 0.0 0.0 0.0 0.0 0.0 0.0 0.0 0.0 0.0 0.0 0.0 0.0
0 0.150879 0.098811 0.040039 0.035674 0.137299 0.093861 1.0 0.138851 0.094086 1.0 0.129927 0.100836 1.0 0.133807 0.109385 1.0 0.134971 0.109385 1.0
0 0.217285 0.084371 0.040039 0.033975 0.201115 0.08151 1.0 0.209268 0.081295 1.0 0.20445 0.087096 1.0 0.206674 0.092683 1.0 0.213344 0.092468 1.0
0 0.26709 0.057475 0.040039 0.032276 0.256688 0.055741 1.0 0.274205 0.054497 1.0 0.264553 0.059472 1.0 0.25776 0.066105 1.0 0.275635 0.065069 1.0
0 0.303223 0.064836 0.02832 0.024349 0.299012 0.061648 1.0 0.315233 0.06319 1.0 0.304862 0.066891 1.0 0.298214 0.069821 1.0 0.308053 0.071208 1.0
0 0.161133 0.022933 0.025391 0.022084 0.153076 0.019253 1.0 0.158447 0.018969 1.0 0.1521 0.023499 1.0 0.155518 0.026755 1.0 0.155518 0.026755 1.0
0 0.526855 0.032843 0.043945 0.033975 0.0 0.0 0.0 0.0 0.0 0.0 0.0 0.0 0.0 0.0 0.0 0.0 0.0 0.0 0.0
0 0.663574 0.033409 0.047852 0.026048 0.649662 0.034455 1.0 0.668614 0.03463 1.0 0.658687 0.037944 1.0 0.654776 0.042828 1.0 0.666508 0.042653 1.0
0 0.661133 0.055776 0.039062 0.034541 0.653146 0.050928 1.0 0.673393 0.053754 1.0 0.662895 0.058971 1.0 0.650521 0.063536 1.0 0.667769 0.066145 1.0
0 0.79541 0.039354 0.03418 0.025481 0.785156 0.032762 1.0 0.801897 0.034379 1.0 0.790458 0.040366 1.0 0.784599 0.044734 1.0 0.795479 0.04619 1.0
0 0.862305 0.047282 0.044922 0.034541 0.853568 0.040694 1.0 0.873439 0.040259 1.0 0.86594 0.046564 1.0 0.854692 0.053086 1.0 0.874189 0.052651 1.0
0 0.799805 0.110985 0.046875 0.035108 0.788696 0.106084 1.0 0.813351 0.105864 1.0 0.800075 0.110262 1.0 0.79173 0.11686 1.0 0.807281 0.11642 1.0
0 0.526367 0.112401 0.072266 0.075311 0.0 0.0 0.0 0.0 0.0 0.0 0.0 0.0 0.0 0.0 0.0 0.0 0.0 0.0 0.0
0 0.958008 0.368347 0.083984 0.067384 0.936279 0.356172 1.0 0.973633 0.353199 1.0 0.95166 0.361268 1.0 0.947266 0.381229 1.0 0.969971 0.379105 1.0
0 0.980469 0.024915 0.039062 0.037373 0.0 0.0 0.0 0.0 0.0 0.0 0.0 0.0 0.0 0.0 0.0 0.0 0.0 0.0 0.0
0 0.893555 0.008777 0.035156 0.016421 0.0 0.0 0.0 0.0 0.0 0.0 0.0 0.0 0.0 0.0 0.0 0.0 0.0 0.0 0.0
0 0.188965 0.072763 0.030273 0.025481 0.0 0.0 0.0 0.0 0.0 0.0 0.0 0.0 0.0 0.0 0.0 0.0 0.0 0.0 0.0
0 0.600098 0.072197 0.038086 0.031144 0.0 0.0 0.0 0.0 0.0 0.0 0.0 0.0 0.0 0.0 0.0 0.0 0.0 0.0 0.0
0 0.771973 0.13137 0.03418 0.048698 0.0 0.0 0.0 0.0 0.0 0.0 0.0 0.0 0.0 0.0 0.0 0.0 0.0 0.0 0.0
0 0.470215 0.035674 0.032227 0.023783 0.0 0.0 0.0 0.0 0.0 0.0 0.0 0.0 0.0 0.0 0.0 0.0 0.0 0.0 0.0
0 0.597656 0.048698 0.023438 0.019253 0.0 0.0 0.0 0.0 0.0 0.0 0.0 0.0 0.0 0.0 0.0 0.0 0.0 0.0 0.0
0 0.01416 0.0906 0.024414 0.032843 0.0 0.0 0.0 0.0 0.0 0.0 0.0 0.0 0.0 0.0 0.0 0.0 0.0 0.0 0.0