0 0.766602 0.44232 0.058594 0.038237 0.759813 0.437815 1.0 0.7839 0.437815 1.0 0.775378 0.442488 1.0 0.766113 0.452817 1.0 0.782789 0.452817 1.0
0 0.869141 0.453662 0.035156 0.032404 0.0 0.0 0.0 0.0 0.0 0.0 0.0 0.0 0.0 0.0 0.0 0.0 0.0 0.0 0.0
0 0.849609 0.39339 0.033203 0.031108 0.0 0.0 0.0 0.0 0.0 0.0 0.0 0.0 0.0 0.0 0.0 0.0 0.0 0.0 0.0
0 0.533691 0.262152 0.092773 0.075826 0.509608 0.249016 1.0 0.551078 0.251389 1.0 0.522479 0.268945 1.0 0.508179 0.275113 1.0 0.547503 0.278435 1.0
0 0.271484 0.063837 0.039062 0.033052 0.0 0.0 0.0 0.0 0.0 0.0 0.0 0.0 0.0 0.0 0.0 0.0 0.0 0.0 0.0
0 0.167969 0.112119 0.037109 0.029812 0.0 0.0 0.0 0.0 0.0 0.0 0.0 0.0 0.0 0.0 0.0 0.0 0.0 0.0 0.0
0 0.329102 0.130266 0.033203 0.028516 0.0 0.0 0.0 0.0 0.0 0.0 0.0 0.0 0.0 0.0 0.0 0.0 0.0 0.0 0.0
0 0.37207 0.165587 0.039062 0.027868 0.0 0.0 0.0 0.0 0.0 0.0 0.0 0.0 0.0 0.0 0.0 0.0 0.0 0.0 0.0
0 0.050781 0.184381 0.039062 0.029164 0.0 0.0 0.0 0.0 0.0 0.0 0.0 0.0 0.0 0.0 0.0 0.0 0.0 0.0 0.0
0 0.731934 0.103694 0.040039 0.028516 0.0 0.0 0.0 0.0 0.0 0.0 0.0 0.0 0.0 0.0 0.0 0.0 0.0 0.0 0.0
0 0.863281 0.106935 0.03125 0.029812 0.0 0.0 0.0 0.0 0.0 0.0 0.0 0.0 0.0 0.0 0.0 0.0 0.0 0.0 0.0
0 0.983398 0.114064 0.03125 0.031108 0.0 0.0 0.0 0.0 0.0 0.0 0.0 0.0 0.0 0.0 0.0 0.0 0.0 0.0 0.0
0 0.557129 0.047959 0.032227 0.02722 0.0 0.0 0.0 0.0 0.0 0.0 0.0 0.0 0.0 0.0 0.0 0.0 0.0 0.0 0.0
0 0.09668 0.387233 0.037109 0.034349 0.092761 0.381159 1.0 0.109109 0.380509 1.0 0.104204 0.386802 1.0 0.099627 0.39418 1.0 0.110417 0.39418 1.0
0 0.077637 0.319831 0.040039 0.033052 0.065221 0.312633 1.0 0.081543 0.3118 1.0 0.069301 0.319299 1.0 0.064593 0.327006 1.0 0.078404 0.326798 1.0
0 0.286133 0.27965 0.037109 0.034349 0.279506 0.274489 1.0 0.295079 0.275808 1.0 0.286464 0.281745 1.0 0.279175 0.286143 1.0 0.293091 0.286802 1.0
0 0.09375 0.446209 0.052734 0.039533 0.085676 0.435889 1.0 0.107675 0.435889 1.0 0.098951 0.44646 1.0 0.086435 0.453005 1.0 0.108813 0.454012 1.0
0 0.662109 0.248866 0.039062 0.042774 0.650966 0.243426 1.0 0.670227 0.242883 1.0 0.660392 0.248322 1.0 0.652195 0.255937 1.0 0.666129 0.255937 1.0
0 0.754395 0.280622 0.038086 0.038885 0.745383 0.276855 1.0 0.761688 0.276855 1.0 0.753536 0.284725 1.0 0.748348 0.291119 1.0 0.760206 0.290627 1.0
0 0.890625 0.226831 0.042969 0.029812 0.883519 0.223509 1.0 0.902222 0.224655 1.0 0.891575 0.230193 1.0 0.883807 0.23554 1.0 0.895892 0.235922 1.0
0 0.821777 0.32696 0.043945 0.038237 0.0 0.0 0.0 0.0 0.0 0.0 0.0 0.0 0.0 0.0 0.0 0.0 0.0 0.0 0.0
0 0.939453 0.339274 0.041016 0.026572 0.0 0.0 0.0 0.0 0.0 0.0 0.0 0.0 0.0 0.0 0.0 0.0 0.0 0.0 0.0
0 0.072266 0.297148 0.041016 0.038237 0.0 0.0 0.0 0.0 0.0 0.0 0.0 0.0 0.0 0.0 0.0 0.0 0.0 0.0 0.0
0 0.689453 0.456578 0.03125 0.033052 0.0 0.0 0.0 0.0 0.0 0.0 0.0 0.0 0.0 0.0 0.0 0.0 0.0 0.0 0.0