0 0.040527 0.034091 0.067383 0.068182 0.035156 0.003497 1.0 0.0625 0.005245 1.0 0.049805 0.003497 1.0 0.03418 0.024476 1.0 0.052734 0.036713 1.0
0 0.219238 0.037587 0.063477 0.075175 0.197266 0.001748 1.0 0.216797 0.001748 1.0 0.202148 0.012238 1.0 0.199219 0.043706 1.0 0.212891 0.045455 1.0
0 0.472168 0.064685 0.045898 0.111888 0.459883 0.055678 1.0 0.48455 0.058879 1.0 0.468104 0.085119 1.0 0.462742 0.096638 1.0 0.479187 0.099837 1.0
0 0.539551 0.338287 0.05957 0.131119 0.531669 0.314248 1.0 0.559858 0.321694 1.0 0.546919 0.344858 1.0 0.530744 0.371332 1.0 0.550153 0.379605 1.0
0 0.012207 0.307692 0.024414 0.132867 0.000697 0.291787 1.0 0.009094 0.290951 1.0 0.000697 0.323521 1.0 0.000697 0.342727 1.0 0.009561 0.342727 1.0
0 0.248535 0.295455 0.055664 0.143357 0.248047 0.275537 1.0 0.270299 0.275537 1.0 0.265747 0.304509 1.0 0.247035 0.331668 1.0 0.265241 0.329858 1.0
0 0.241699 0.671329 0.061523 0.129371 0.224731 0.648329 1.0 0.253113 0.649967 1.0 0.235718 0.679469 1.0 0.227021 0.702414 1.0 0.250366 0.703234 1.0
0 0.022461 0.661713 0.044922 0.117133 -0.000602 0.639563 1.0 0.020299 0.649834 1.0 -0.000191 0.660839 1.0 -0.000602 0.686517 1.0 0.011283 0.693853 1.0
0 0.223633 0.951923 0.0625 0.096154 0.210053 0.957605 1.0 0.240997 0.961867 1.0 0.223541 0.993115 1.0 0.208862 0.997378 1.0 0.236633 0.998087 1.0
0 0.5 0.621503 0.050781 0.134615 0.48727 0.607143 1.0 0.514579 0.613044 1.0 0.501396 0.625687 1.0 0.491036 0.653503 1.0 0.513637 0.655189 1.0
0 0.702148 0.039336 0.056641 0.078671 0.707031 0.001748 1.0 0.717773 0.001748 1.0 0.728516 0.006993 1.0 0.711914 0.048951 1.0 0.724609 0.04021 1.0
0 0.904297 0.054196 0.064453 0.108392 0.893673 0.017951 1.0 0.919621 0.018677 1.0 0.905836 0.048435 1.0 0.893267 0.072388 1.0 0.917188 0.073114 1.0
0 0.833008 0.332168 0.066406 0.146853 0.807099 0.309003 1.0 0.833557 0.321077 1.0 0.813843 0.349869 1.0 0.807099 0.366587 1.0 0.823182 0.370301 1.0
0 0.89209 0.637238 0.069336 0.162587 0.869158 0.619879 1.0 0.897356 0.621941 1.0 0.878365 0.655937 1.0 0.876063 0.672421 1.0 0.898507 0.671392 1.0
0 0.699219 0.701049 0.058594 0.143357 0.683594 0.688811 1.0 0.708008 0.694056 1.0 0.692383 0.723776 1.0 0.682617 0.73951 1.0 0.702148 0.743007 1.0
0 0.832031 0.973776 0.048828 0.052448 0.0 0.0 0.0 0.0 0.0 0.0 0.0 0.0 0.0 0.0 0.0 0.0 0.0 0.0 0.0
0 0.897461 0.942308 0.007812 0.017483 0.0 0.0 0.0 0.0 0.0 0.0 0.0 0.0 0.0 0.0 0.0 0.0 0.0 0.0 0.0