0 0.356445 0.316304 0.123047 0.067618 0.367532 0.289213 1.0 0.365217 0.304054 1.0 0.345926 0.289213 1.0 0.325091 0.313553 1.0 0.328178 0.31949 1.0
0 0.692383 0.261082 0.099609 0.069872 0.681296 0.240562 1.0 0.710598 0.246797 1.0 0.664464 0.242001 1.0 0.653865 0.271258 1.0 0.68379 0.273177 1.0
0 0.198242 0.650263 0.074219 0.065364 0.180664 0.639369 1.0 0.219727 0.638618 1.0 0.196289 0.644628 1.0 0.183594 0.664162 1.0 0.212891 0.664914 1.0
0 0.743652 0.895943 0.026367 0.029301 0.0 0.0 0.0 0.0 0.0 0.0 0.0 0.0 0.0 0.0 0.0 0.0 0.0 0.0 0.0
0 0.786621 0.911721 0.020508 0.026296 0.0 0.0 0.0 0.0 0.0 0.0 0.0 0.0 0.0 0.0 0.0 0.0 0.0 0.0 0.0
0 0.811523 0.94553 0.03125 0.029301 0.0 0.0 0.0 0.0 0.0 0.0 0.0 0.0 0.0 0.0 0.0 0.0 0.0 0.0 0.0
0 0.862793 0.922615 0.026367 0.027047 0.0 0.0 0.0 0.0 0.0 0.0 0.0 0.0 0.0 0.0 0.0 0.0 0.0 0.0 0.0
0 0.925781 0.9429 0.027344 0.02855 0.0 0.0 0.0 0.0 0.0 0.0 0.0 0.0 0.0 0.0 0.0 0.0 0.0 0.0 0.0
0 0.470703 0.886176 0.023438 0.023291 0.0 0.0 0.0 0.0 0.0 0.0 0.0 0.0 0.0 0.0 0.0 0.0 0.0 0.0 0.0
0 0.37793 0.855748 0.023438 0.018032 0.0 0.0 0.0 0.0 0.0 0.0 0.0 0.0 0.0 0.0 0.0 0.0 0.0 0.0 0.0
0 0.045898 0.929752 0.042969 0.035312 0.041382 0.920965 1.0 0.060372 0.921629 1.0 0.050877 0.930041 1.0 0.040807 0.936239 1.0 0.052892 0.936461 1.0
0 0.131348 0.941397 0.03418 0.03456 0.129442 0.935353 1.0 0.142762 0.935572 1.0 0.136811 0.943202 1.0 0.129726 0.947562 1.0 0.138228 0.949524 1.0
0 0.020996 0.904207 0.032227 0.032307 0.0 0.0 0.0 0.0 0.0 0.0 0.0 0.0 0.0 0.0 0.0 0.0 0.0 0.0 0.0
0 0.773438 0.884298 0.027344 0.022539 0.0 0.0 0.0 0.0 0.0 0.0 0.0 0.0 0.0 0.0 0.0 0.0 0.0 0.0 0.0
0 0.825684 0.895943 0.026367 0.018783 0.0 0.0 0.0 0.0 0.0 0.0 0.0 0.0 0.0 0.0 0.0 0.0 0.0 0.0 0.0