0 0.941406 0.792094 0.025391 0.061493 0.936732 0.779936 1.0 0.937779 0.78229 1.0 0.930455 0.790526 1.0 0.932024 0.803859 1.0 0.933855 0.806997 1.0
0 0.98877 0.507321 0.022461 0.074671 0.0 0.0 0.0 0.0 0.0 0.0 0.0 0.0 0.0 0.0 0.0 0.0 0.0 0.0 0.0
0 0.942383 0.439971 0.042969 0.086384 0.932373 0.43265 1.0 0.952515 0.43265 1.0 0.942627 0.450769 1.0 0.93457 0.462848 1.0 0.949951 0.462848 1.0
0 0.775879 0.525622 0.038086 0.081991 0.784001 0.519211 1.0 0.789855 0.518177 1.0 0.792956 0.527471 1.0 0.782968 0.545028 1.0 0.786067 0.545028 1.0
0 0.858398 0.474378 0.046875 0.084919 0.854108 0.460978 1.0 0.873413 0.463659 1.0 0.865548 0.482417 1.0 0.852321 0.497425 1.0 0.870195 0.500104 1.0
0 0.830566 0.310395 0.045898 0.093704 0.816049 0.301873 1.0 0.834883 0.304225 1.0 0.823504 0.321873 1.0 0.817226 0.334816 1.0 0.834883 0.337757 1.0
0 0.73291 0.338946 0.049805 0.083455 0.715201 0.322533 1.0 0.733564 0.331534 1.0 0.71732 0.346357 1.0 0.715201 0.355359 1.0 0.733564 0.360123 1.0
0 0.689453 0.328697 0.041016 0.074671 0.679735 0.31769 1.0 0.698513 0.318644 1.0 0.686101 0.333912 1.0 0.67878 0.34775 1.0 0.696285 0.349659 1.0
0 0.651855 0.474378 0.047852 0.105417 0.645508 0.45388 1.0 0.666992 0.458272 1.0 0.657227 0.472914 1.0 0.643555 0.493411 1.0 0.661133 0.49634 1.0
0 0.589355 0.312592 0.047852 0.086384 0.573486 0.307467 1.0 0.595093 0.304722 1.0 0.58374 0.327233 1.0 0.578613 0.338763 1.0 0.596191 0.333272 1.0
0 0.520996 0.314788 0.045898 0.096633 0.508345 0.297035 1.0 0.530238 0.295211 1.0 0.518886 0.320135 1.0 0.510372 0.334723 1.0 0.531455 0.334116 1.0
0 0.439941 0.364568 0.045898 0.102489 0.435119 0.360725 1.0 0.4552 0.353038 1.0 0.451355 0.374817 1.0 0.442383 0.392111 1.0 0.457764 0.39019 1.0
0 0.509277 0.405564 0.049805 0.076135 0.4983 0.397811 1.0 0.519915 0.395394 1.0 0.511527 0.412322 1.0 0.501203 0.424898 1.0 0.518947 0.421512 1.0
0 0.509277 0.476574 0.049805 0.083455 0.501674 0.461723 1.0 0.521554 0.461201 1.0 0.513184 0.479502 1.0 0.505511 0.494666 1.0 0.522252 0.493621 1.0
0 0.403809 0.521962 0.038086 0.095168 0.395508 0.508053 1.0 0.413086 0.505124 1.0 0.408203 0.52123 1.0 0.401367 0.541728 1.0 0.417969 0.535871 1.0
0 0.31543 0.31918 0.048828 0.084919 0.304932 0.308605 1.0 0.328169 0.305388 1.0 0.317443 0.321467 1.0 0.307434 0.340763 1.0 0.330313 0.335939 1.0
0 0.264648 0.351391 0.044922 0.084919 0.263672 0.346567 1.0 0.281189 0.336919 1.0 0.275826 0.360502 1.0 0.267604 0.377117 1.0 0.283691 0.372294 1.0
0 0.357422 0.52123 0.044922 0.081991 0.352944 0.507589 1.0 0.372231 0.50604 1.0 0.365344 0.518949 1.0 0.356389 0.54012 1.0 0.371198 0.539603 1.0
0 0.250488 0.553441 0.040039 0.084919 0.250235 0.53372 1.0 0.261453 0.527753 1.0 0.263262 0.541316 1.0 0.251321 0.568984 1.0 0.265795 0.565729 1.0
0 0.19043 0.418009 0.042969 0.083455 0.195944 0.408073 1.0 0.208305 0.405426 1.0 0.210776 0.421309 1.0 0.204773 0.440369 1.0 0.21007 0.438782 1.0
0 0.155273 0.292826 0.041016 0.096633 0.15884 0.289662 1.0 0.171814 0.283584 1.0 0.173841 0.304252 1.0 0.161678 0.323095 1.0 0.17222 0.317016 1.0
0 0.168457 0.549048 0.045898 0.087848 0.160305 0.541094 1.0 0.182539 0.541094 1.0 0.172533 0.558873 1.0 0.16364 0.572761 1.0 0.179574 0.573318 1.0
0 0.12793 0.423865 0.041016 0.065886 0.12207 0.417277 1.0 0.130859 0.412884 1.0 0.133789 0.421669 1.0 0.132812 0.434846 1.0 0.140625 0.42899 1.0
0 0.020508 0.412884 0.041016 0.081991 0.004883 0.403996 1.0 0.023717 0.415499 1.0 0.006976 0.428571 1.0 0.001046 0.435369 1.0 0.016393 0.442167 1.0
0 0.043945 0.598829 0.035156 0.073206 0.04129 0.589744 1.0 0.052743 0.581854 1.0 0.058005 0.599025 1.0 0.049957 0.61666 1.0 0.058005 0.610627 1.0
0 0.04248 0.67716 0.045898 0.080527 0.0 0.0 0.0 0.0 0.0 0.0 0.0 0.0 0.0 0.0 0.0 0.0 0.0 0.0 0.0
0 0.943359 0.29795 0.029297 0.048316 0.935128 0.293767 1.0 0.946638 0.290943 1.0 0.94015 0.303493 1.0 0.937221 0.312592 1.0 0.94622 0.310709 1.0
0 0.979004 0.332357 0.036133 0.081991 0.96296 0.320331 1.0 0.977958 0.318239 1.0 0.965401 0.33811 1.0 0.968541 0.350659 1.0 0.980748 0.349613 1.0