0 0.689941 0.12243 0.022461 0.024299 0.679688 0.120249 1.0 0.699219 0.120249 1.0 0.689453 0.12648 1.0 0.682617 0.131464 1.0 0.694336 0.131464 1.0
0 0.768555 0.121807 0.025391 0.020561 0.755859 0.119626 1.0 0.767578 0.119003 1.0 0.760742 0.124611 1.0 0.759766 0.128349 1.0 0.767578 0.128349 1.0
0 0.306641 0.044237 0.035156 0.026168 0.296352 0.041464 1.0 0.3141 0.040479 1.0 0.305098 0.046223 1.0 0.299438 0.051474 1.0 0.312042 0.050982 1.0
0 0.558105 0.033645 0.032227 0.026168 0.0 0.0 0.0 0.0 0.0 0.0 0.0 0.0 0.0 0.0 0.0 0.0 0.0 0.0 0.0
0 0.37793 0.11433 0.048828 0.074143 0.362305 0.11028 1.0 0.374023 0.105296 1.0 0.374023 0.135826 1.0 0.381836 0.143925 1.0 0.389648 0.14081 1.0
0 0.294434 0.188474 0.077148 0.090343 0.303711 0.175701 1.0 0.319336 0.171963 1.0 0.326172 0.181931 1.0 0.322266 0.195016 1.0 0.333008 0.188785 1.0
0 0.215332 0.128037 0.024414 0.020561 0.207031 0.128349 1.0 0.222656 0.125857 1.0 0.21875 0.131464 1.0 0.213867 0.136449 1.0 0.222656 0.134579 1.0
0 0.102051 0.135826 0.022461 0.02243 0.092773 0.131464 1.0 0.104492 0.131464 1.0 0.09668 0.137072 1.0 0.09375 0.143302 1.0 0.104492 0.143302 1.0
0 0.104004 0.183489 0.030273 0.029283 0.094753 0.182184 1.0 0.11111 0.179762 1.0 0.104977 0.187216 1.0 0.101763 0.191689 1.0 0.110818 0.189452 1.0
0 0.114746 0.313396 0.06543 0.054829 0.104993 0.305087 1.0 0.130062 0.307869 1.0 0.120797 0.316561 1.0 0.105538 0.324558 1.0 0.128427 0.326296 1.0
0 0.681152 0.179751 0.073242 0.076636 0.6603 0.174939 1.0 0.656529 0.17542 1.0 0.64597 0.18745 1.0 0.650495 0.209104 1.0 0.654267 0.210066 1.0
0 0.876953 0.26729 0.029297 0.024922 0.865234 0.265421 1.0 0.886719 0.264798 1.0 0.878906 0.271651 1.0 0.87207 0.277882 1.0 0.884766 0.277259 1.0
0 0.902344 0.320249 0.033203 0.026168 0.89468 0.317148 1.0 0.911656 0.317312 1.0 0.90111 0.322892 1.0 0.895966 0.326994 1.0 0.906769 0.327158 1.0
0 0.852539 0.376947 0.033203 0.029907 0.847953 0.374525 1.0 0.862993 0.374525 1.0 0.852164 0.379515 1.0 0.847352 0.385656 1.0 0.859985 0.386424 1.0
0 0.912109 0.428972 0.035156 0.018069 0.900391 0.426168 1.0 0.924805 0.424922 1.0 0.912109 0.429907 1.0 0.907227 0.435514 1.0 0.920898 0.434891 1.0
0 0.787109 0.211526 0.03125 0.031776 0.0 0.0 0.0 0.0 0.0 0.0 0.0 0.0 0.0 0.0 0.0 0.0 0.0 0.0 0.0
0 0.675293 0.071651 0.030273 0.027414 0.668762 0.067835 1.0 0.68277 0.067484 1.0 0.678101 0.072917 1.0 0.67398 0.077999 1.0 0.683319 0.076772 1.0
0 0.779297 0.074766 0.033203 0.024922 0.770508 0.072274 1.0 0.790039 0.069159 1.0 0.783203 0.076636 1.0 0.776367 0.082866 1.0 0.788086 0.08162 1.0
0 0.894531 0.072586 0.027344 0.020561 0.890625 0.071651 1.0 0.902344 0.071651 1.0 0.895508 0.075389 1.0 0.891602 0.079751 1.0 0.900391 0.080374 1.0
0 0.010742 0.180062 0.019531 0.024922 0.007812 0.161994 1.0 0.015625 0.161994 1.0 0.011719 0.168847 1.0 0.005859 0.174455 1.0 0.012695 0.174455 1.0
0 0.015137 0.076636 0.024414 0.019938 0.008789 0.072274 1.0 0.025391 0.072897 1.0 0.015625 0.077882 1.0 0.009766 0.084112 1.0 0.023438 0.084112 1.0
0 0.121094 0.023364 0.029297 0.023053 0.113281 0.019938 1.0 0.12793 0.019938 1.0 0.118164 0.025545 1.0 0.113281 0.029907 1.0 0.124023 0.03053 1.0
0 0.958496 0.368224 0.03418 0.02866 0.94809 0.363393 1.0 0.966226 0.363393 1.0 0.954607 0.367189 1.0 0.948656 0.373698 1.0 0.962542 0.37424 1.0
0 0.985352 0.335202 0.029297 0.029907 0.981559 0.328174 1.0 0.999908 0.328174 1.0 0.992688 0.332588 1.0 0.98547 0.340457 1.0 0.998404 0.340457 1.0
0 0.944824 0.313084 0.032227 0.028037 0.936803 0.305474 1.0 0.952428 0.307254 1.0 0.944336 0.31384 1.0 0.936523 0.317223 1.0 0.948521 0.318825 1.0
0 0.967773 0.284735 0.035156 0.031153 0.960785 0.276524 1.0 0.978429 0.277907 1.0 0.964499 0.284029 1.0 0.960785 0.289953 1.0 0.972237 0.291336 1.0
0 0.909668 0.17352 0.036133 0.028037 0.900391 0.170717 1.0 0.919922 0.170717 1.0 0.910156 0.176947 1.0 0.90332 0.183178 1.0 0.914062 0.183178 1.0
0 0.916992 0.650467 0.042969 0.037383 0.90761 0.645427 1.0 0.925769 0.646609 1.0 0.915021 0.652756 1.0 0.90798 0.658431 1.0 0.920951 0.660086 1.0
0 0.952148 0.58162 0.048828 0.047975 0.951189 0.577403 1.0 0.969081 0.576202 1.0 0.964844 0.585814 1.0 0.949306 0.593024 1.0 0.970023 0.593024 1.0
0 0.902832 0.58567 0.040039 0.032399 0.89025 0.579876 1.0 0.908072 0.578455 1.0 0.899798 0.585155 1.0 0.895023 0.588404 1.0 0.904253 0.587795 1.0
0 0.975586 0.496573 0.048828 0.041121 0.967377 0.490312 1.0 0.985622 0.485915 1.0 0.980757 0.493933 1.0 0.978324 0.503763 1.0 0.990082 0.500401 1.0
0 0.009277 0.125545 0.018555 0.018069 0.004883 0.123364 1.0 0.012695 0.123364 1.0 0.009766 0.128972 1.0 0.005859 0.133956 1.0 0.011719 0.133956 1.0
0 0.108887 0.264486 0.036133 0.028037 0.0 0.0 0.0 0.0 0.0 0.0 0.0 0.0 0.0 0.0 0.0 0.0 0.0 0.0 0.0
0 0.435547 0.038941 0.037109 0.026791 0.0 0.0 0.0 0.0 0.0 0.0 0.0 0.0 0.0 0.0 0.0 0.0 0.0 0.0 0.0
0 0.685059 0.023676 0.030273 0.021184 0.679229 0.02023 1.0 0.692047 0.019548 1.0 0.685639 0.025409 1.0 0.681152 0.029907 1.0 0.691192 0.029634 1.0
0 0.230469 0.036449 0.025391 0.021807 0.226562 0.034891 1.0 0.240234 0.033645 1.0 0.232422 0.039875 1.0 0.228516 0.04486 1.0 0.238281 0.04486 1.0