0 0.536133 0.266028 0.072266 0.058824 0.521912 0.246736 1.0 0.552674 0.249339 1.0 0.521362 0.249339 1.0 0.508729 0.270902 1.0 0.533996 0.271274 1.0
0 0.220215 0.334435 0.069336 0.051553 0.213436 0.325262 1.0 0.213436 0.325262 1.0 0.226502 0.328864 1.0 0.240051 0.344258 1.0 0.240051 0.344258 1.0
0 0.768555 0.555849 0.068359 0.058163 0.749538 0.544823 1.0 0.776786 0.542241 1.0 0.758257 0.547404 1.0 0.754442 0.566215 1.0 0.772426 0.564371 1.0
0 0.387207 0.817581 0.018555 0.015863 0.0 0.0 0.0 0.0 0.0 0.0 0.0 0.0 0.0 0.0 0.0 0.0 0.0 0.0 0.0
0 0.428223 0.822868 0.016602 0.014541 0.0 0.0 0.0 0.0 0.0 0.0 0.0 0.0 0.0 0.0 0.0 0.0 0.0 0.0 0.0
0 0.338867 0.810311 0.017578 0.015863 0.0 0.0 0.0 0.0 0.0 0.0 0.0 0.0 0.0 0.0 0.0 0.0 0.0 0.0 0.0
0 0.446289 0.793787 0.017578 0.014541 0.0 0.0 0.0 0.0 0.0 0.0 0.0 0.0 0.0 0.0 0.0 0.0 0.0 0.0 0.0
0 0.490723 0.818242 0.020508 0.017184 0.0 0.0 0.0 0.0 0.0 0.0 0.0 0.0 0.0 0.0 0.0 0.0 0.0 0.0 0.0
0 0.463379 0.824521 0.016602 0.015202 0.0 0.0 0.0 0.0 0.0 0.0 0.0 0.0 0.0 0.0 0.0 0.0 0.0 0.0 0.0
0 0.503418 0.877065 0.022461 0.019828 0.0 0.0 0.0 0.0 0.0 0.0 0.0 0.0 0.0 0.0 0.0 0.0 0.0 0.0 0.0
0 0.63623 0.866821 0.022461 0.017845 0.0 0.0 0.0 0.0 0.0 0.0 0.0 0.0 0.0 0.0 0.0 0.0 0.0 0.0 0.0
0 0.95752 0.801388 0.022461 0.020489 0.0 0.0 0.0 0.0 0.0 0.0 0.0 0.0 0.0 0.0 0.0 0.0 0.0 0.0 0.0
0 0.921387 0.802049 0.020508 0.016523 0.0 0.0 0.0 0.0 0.0 0.0 0.0 0.0 0.0 0.0 0.0 0.0 0.0 0.0 0.0
0 0.925293 0.780899 0.026367 0.017845 0.0 0.0 0.0 0.0 0.0 0.0 0.0 0.0 0.0 0.0 0.0 0.0 0.0 0.0 0.0
0 0.92627 0.735625 0.016602 0.015863 0.0 0.0 0.0 0.0 0.0 0.0 0.0 0.0 0.0 0.0 0.0 0.0 0.0 0.0 0.0
0 0.945312 0.761401 0.015625 0.013219 0.0 0.0 0.0 0.0 0.0 0.0 0.0 0.0 0.0 0.0 0.0 0.0 0.0 0.0 0.0