0 0.805664 0.514684 0.015625 0.033774 0.801348 0.509539 1.0 0.808686 0.510836 1.0 0.803937 0.517542 1.0 0.800916 0.522085 1.0 0.807391 0.522518 1.0
0 0.747559 0.508811 0.016602 0.033774 0.742745 0.505559 1.0 0.751813 0.50451 1.0 0.746233 0.512902 1.0 0.743024 0.517307 1.0 0.750697 0.516257 1.0
0 0.679199 0.502937 0.014648 0.030837 0.675197 0.499686 1.0 0.682225 0.499686 1.0 0.677225 0.505783 1.0 0.674792 0.512082 1.0 0.680604 0.512082 1.0
0 0.611328 0.49486 0.011719 0.029369 0.608817 0.490514 1.0 0.615518 0.491085 1.0 0.611472 0.496028 1.0 0.608312 0.50078 1.0 0.614001 0.50116 1.0
0 0.550293 0.508076 0.014648 0.029369 0.545898 0.503671 1.0 0.554688 0.503671 1.0 0.549805 0.508076 1.0 0.545898 0.51395 1.0 0.553711 0.51395 1.0
0 0.494141 0.5 0.013672 0.0279 0.491089 0.49688 1.0 0.499878 0.49688 1.0 0.495605 0.50312 1.0 0.491699 0.506791 1.0 0.499512 0.506424 1.0
0 0.436523 0.505874 0.015625 0.030837 0.433228 0.50101 1.0 0.439897 0.500814 1.0 0.436366 0.506517 1.0 0.432966 0.509662 1.0 0.440028 0.509859 1.0
0 0.368164 0.484581 0.015625 0.032305 0.365461 0.481206 1.0 0.372895 0.482222 1.0 0.369516 0.488115 1.0 0.365597 0.492382 1.0 0.371407 0.492586 1.0
0 0.301758 0.490455 0.013672 0.029369 0.2995 0.485919 1.0 0.306074 0.485728 1.0 0.30266 0.491812 1.0 0.299247 0.496185 1.0 0.3062 0.495805 1.0
0 0.312988 0.488987 0.000977 0.0 0.0 0.0 0.0 0.0 0.0 0.0 0.0 0.0 0.0 0.0 0.0 0.0 0.0 0.0 0.0
0 0.236816 0.491924 0.014648 0.026432 0.232439 0.489197 1.0 0.240374 0.489197 1.0 0.237087 0.493799 1.0 0.233232 0.498571 1.0 0.240601 0.498912 1.0
0 0.141602 0.414831 0.017578 0.033774 0.136597 0.412019 1.0 0.145373 0.411803 1.0 0.141488 0.418292 1.0 0.137316 0.424134 1.0 0.145517 0.424349 1.0
0 0.106934 0.478708 0.022461 0.041116 0.101354 0.478708 1.0 0.113561 0.476085 1.0 0.108503 0.484214 1.0 0.104144 0.491032 1.0 0.112514 0.490769 1.0
0 0.173828 0.483113 0.015625 0.032305 0.169782 0.479338 1.0 0.178432 0.479128 1.0 0.174805 0.48647 1.0 0.170619 0.491085 1.0 0.176758 0.491294 1.0
0 0.20166 0.426579 0.014648 0.030837 0.197117 0.423485 1.0 0.205619 0.423485 1.0 0.201826 0.429188 1.0 0.198164 0.432924 1.0 0.204834 0.432924 1.0
0 0.248535 0.419971 0.014648 0.029369 0.244633 0.415624 1.0 0.253104 0.415624 1.0 0.248932 0.420947 1.0 0.245897 0.42551 1.0 0.251713 0.42551 1.0
0 0.30127 0.425844 0.016602 0.032305 0.297294 0.424586 1.0 0.305664 0.424586 1.0 0.301479 0.431718 1.0 0.297572 0.434655 1.0 0.305385 0.434865 1.0
0 0.341309 0.421439 0.012695 0.032305 0.337878 0.417454 1.0 0.344635 0.417454 1.0 0.341526 0.422128 1.0 0.33977 0.427614 1.0 0.34504 0.42863 1.0
0 0.388184 0.418502 0.012695 0.032305 0.384587 0.414922 1.0 0.392426 0.415126 1.0 0.388912 0.419598 1.0 0.385533 0.425288 1.0 0.391479 0.425288 1.0
0 0.442383 0.41116 0.015625 0.035242 0.4377 0.407018 1.0 0.445112 0.406794 1.0 0.440517 0.411921 1.0 0.438293 0.41727 1.0 0.44452 0.417047 1.0
0 0.494141 0.400881 0.015625 0.032305 0.489188 0.396266 1.0 0.498116 0.396056 1.0 0.49421 0.40214 1.0 0.490583 0.407593 1.0 0.496861 0.407593 1.0
0 0.544922 0.421439 0.013672 0.032305 0.542895 0.416844 1.0 0.549787 0.418673 1.0 0.545732 0.423956 1.0 0.542219 0.426395 1.0 0.54803 0.426802 1.0
0 0.59082 0.419971 0.013672 0.029369 0.588562 0.415244 1.0 0.595263 0.415054 1.0 0.59185 0.420947 1.0 0.588562 0.42551 1.0 0.59501 0.425129 1.0
0 0.644043 0.432452 0.014648 0.030837 0.640773 0.429358 1.0 0.648359 0.430931 1.0 0.643781 0.435847 1.0 0.640643 0.438797 1.0 0.647051 0.439584 1.0
0 0.697754 0.433921 0.014648 0.033774 0.693669 0.432189 1.0 0.701294 0.433056 1.0 0.697122 0.438464 1.0 0.693525 0.442358 1.0 0.700143 0.443223 1.0
0 0.750977 0.449339 0.015625 0.029369 0.746425 0.445564 1.0 0.754643 0.445184 1.0 0.749839 0.450887 1.0 0.747058 0.45659 1.0 0.753885 0.45621 1.0
0 0.808594 0.45301 0.017578 0.030837 0.804182 0.449916 1.0 0.811898 0.450899 1.0 0.806405 0.456799 1.0 0.80392 0.46152 1.0 0.810067 0.462305 1.0
0 0.866211 0.435389 0.017578 0.036711 0.860857 0.43088 1.0 0.870588 0.431115 1.0 0.865409 0.437015 1.0 0.860857 0.442443 1.0 0.870274 0.442678 1.0
0 0.92334 0.523495 0.016602 0.036711 0.917969 0.519824 1.0 0.927734 0.519824 1.0 0.921875 0.527166 1.0 0.917969 0.531571 1.0 0.926758 0.531571 1.0
0 0.86084 0.520558 0.016602 0.033774 0.856555 0.517097 1.0 0.864611 0.517746 1.0 0.859432 0.522289 1.0 0.856123 0.528562 1.0 0.863028 0.529211 1.0