0 0.886719 0.538396 0.019531 0.035836 0.881365 0.535273 1.0 0.890149 0.535273 1.0 0.885689 0.542121 1.0 0.883257 0.549915 1.0 0.888528 0.549679 1.0
0 0.881836 0.448805 0.019531 0.040956 0.874054 0.44342 1.0 0.880615 0.442353 1.0 0.87497 0.450618 1.0 0.87497 0.459684 1.0 0.880005 0.458618 1.0
0 0.813477 0.483788 0.019531 0.032423 0.807007 0.478456 1.0 0.814819 0.478029 1.0 0.810303 0.486561 1.0 0.809326 0.493814 1.0 0.814941 0.493387 1.0
0 0.797852 0.43686 0.017578 0.037543 0.79276 0.43491 1.0 0.800293 0.431985 1.0 0.7982 0.438078 1.0 0.7982 0.444904 1.0 0.802386 0.442468 1.0
0 0.764648 0.445392 0.019531 0.044369 0.760019 0.439055 1.0 0.77029 0.439923 1.0 0.765154 0.448317 1.0 0.762172 0.456135 1.0 0.768302 0.456135 1.0
0 0.772461 0.613481 0.019531 0.042662 0.767421 0.611256 1.0 0.777309 0.609886 1.0 0.772443 0.61921 1.0 0.770403 0.626889 1.0 0.776524 0.626067 1.0
0 0.692383 0.583618 0.021484 0.044369 0.68883 0.577691 1.0 0.699476 0.577126 1.0 0.694959 0.58671 1.0 0.690442 0.594886 1.0 0.697218 0.594321 1.0
0 0.709961 0.451365 0.017578 0.035836 0.70738 0.446855 1.0 0.714966 0.447084 1.0 0.711565 0.453712 1.0 0.70738 0.46171 1.0 0.713658 0.46171 1.0
0 0.746582 0.441126 0.014648 0.039249 0.740627 0.43766 1.0 0.747532 0.433135 1.0 0.743648 0.443693 1.0 0.743792 0.452241 1.0 0.747677 0.448973 1.0
0 0.719238 0.440273 0.016602 0.037543 0.717076 0.435154 1.0 0.723912 0.435886 1.0 0.720563 0.443198 1.0 0.717494 0.449049 1.0 0.723075 0.449294 1.0
0 0.675781 0.446246 0.021484 0.035836 0.672572 0.440152 1.0 0.680664 0.439908 1.0 0.676618 0.44844 1.0 0.673131 0.45551 1.0 0.679827 0.45551 1.0
0 0.656738 0.462457 0.018555 0.037543 0.65918 0.459044 1.0 0.664062 0.459044 1.0 0.664062 0.46587 1.0 0.658203 0.47099 1.0 0.663086 0.476109 1.0
0 0.650391 0.590444 0.023438 0.044369 0.646432 0.580311 1.0 0.656041 0.581469 1.0 0.651733 0.590444 1.0 0.646764 0.599418 1.0 0.65455 0.599997 1.0
0 0.582031 0.616041 0.025391 0.037543 0.578387 0.615478 1.0 0.588658 0.613451 1.0 0.584517 0.622715 1.0 0.580871 0.629952 1.0 0.588658 0.628505 1.0
0 0.609863 0.688567 0.024414 0.049488 0.604492 0.682594 1.0 0.615234 0.682594 1.0 0.610352 0.691126 1.0 0.605469 0.701365 1.0 0.615234 0.703072 1.0
0 0.60791 0.466724 0.018555 0.039249 0.602608 0.463676 1.0 0.611119 0.461483 1.0 0.608329 0.466602 1.0 0.60498 0.476353 1.0 0.611119 0.475621 1.0
0 0.554688 0.469283 0.015625 0.03413 0.548384 0.465116 1.0 0.552935 0.464674 1.0 0.548384 0.471082 1.0 0.549016 0.478592 1.0 0.551671 0.47815 1.0
0 0.547852 0.438567 0.017578 0.037543 0.544878 0.432517 1.0 0.552717 0.432046 1.0 0.550014 0.440075 1.0 0.547176 0.445507 1.0 0.552987 0.444799 1.0
0 0.513672 0.436007 0.017578 0.039249 0.513672 0.430034 1.0 0.521484 0.430034 1.0 0.518555 0.438567 1.0 0.514648 0.445392 1.0 0.519531 0.447099 1.0
0 0.502441 0.47099 0.016602 0.03413 0.5 0.46587 1.0 0.507812 0.46587 1.0 0.504883 0.47099 1.0 0.501953 0.481229 1.0 0.507812 0.479522 1.0
0 0.475586 0.454778 0.017578 0.039249 0.473563 0.450756 1.0 0.478585 0.450512 1.0 0.476354 0.457094 1.0 0.473424 0.464896 1.0 0.479562 0.464896 1.0
0 0.453613 0.447099 0.018555 0.037543 0.450195 0.43686 1.0 0.458008 0.440273 1.0 0.452148 0.447099 1.0 0.449219 0.453925 1.0 0.455078 0.455631 1.0
0 0.43457 0.415529 0.019531 0.039249 0.43086 0.407034 1.0 0.440355 0.41156 1.0 0.437047 0.414073 1.0 0.432587 0.42237 1.0 0.437766 0.424382 1.0
0 0.509766 0.59471 0.019531 0.042662 0.501744 0.585355 1.0 0.510376 0.588372 1.0 0.503627 0.596874 1.0 0.500959 0.604003 1.0 0.507394 0.60702 1.0
0 0.515137 0.670648 0.022461 0.047782 0.516126 0.664172 1.0 0.521847 0.657927 1.0 0.523813 0.667922 1.0 0.518629 0.684164 1.0 0.52274 0.680415 1.0
0 0.476074 0.651024 0.024414 0.042662 0.468977 0.646056 1.0 0.479492 0.643589 1.0 0.476196 0.650718 1.0 0.472587 0.660317 1.0 0.480591 0.657027 1.0
0 0.444824 0.656143 0.022461 0.042662 0.437718 0.653043 1.0 0.449493 0.654171 1.0 0.44159 0.662908 1.0 0.438847 0.6708 1.0 0.444977 0.6708 1.0
0 0.394043 0.517918 0.020508 0.042662 0.38726 0.508563 1.0 0.395734 0.509111 1.0 0.39134 0.521727 1.0 0.388985 0.527486 1.0 0.394636 0.528584 1.0
0 0.352539 0.447952 0.019531 0.039249 0.3479 0.445179 1.0 0.357238 0.443365 1.0 0.353385 0.453468 1.0 0.349976 0.460461 1.0 0.356942 0.459425 1.0
0 0.305176 0.432594 0.020508 0.039249 0.298789 0.426614 1.0 0.306846 0.425106 1.0 0.302242 0.43516 1.0 0.301666 0.443708 1.0 0.306989 0.4422 1.0
0 0.26123 0.428328 0.020508 0.040956 0.263672 0.423208 1.0 0.268555 0.423208 1.0 0.270508 0.430034 1.0 0.266602 0.440273 1.0 0.269531 0.440273 1.0
0 0.288086 0.578498 0.021484 0.044369 0.286517 0.565821 1.0 0.295934 0.567193 1.0 0.29201 0.575695 1.0 0.286987 0.585294 1.0 0.293108 0.586939 1.0
0 0.351074 0.593857 0.022461 0.044369 0.348441 0.587488 1.0 0.357719 0.585172 1.0 0.356393 0.597331 1.0 0.349435 0.604857 1.0 0.359541 0.6037 1.0
0 0.396973 0.653584 0.020508 0.044369 0.391183 0.64493 1.0 0.401123 0.642903 1.0 0.395987 0.655061 1.0 0.393834 0.664036 1.0 0.40046 0.663457 1.0
0 0.328613 0.663823 0.022461 0.044369 0.322152 0.656768 1.0 0.330863 0.657614 1.0 0.324733 0.666352 1.0 0.322798 0.674244 1.0 0.328604 0.674809 1.0
0 0.241699 0.418942 0.020508 0.042662 0.240783 0.412169 1.0 0.249023 0.411903 1.0 0.244445 0.420969 1.0 0.240326 0.428701 1.0 0.246582 0.4303 1.0
0 0.209961 0.406997 0.017578 0.035836 0.208609 0.4018 1.0 0.217259 0.402746 1.0 0.215097 0.40865 1.0 0.210096 0.416206 1.0 0.216448 0.415971 1.0
0 0.179688 0.447099 0.015625 0.037543 0.0 0.0 0.0 0.0 0.0 0.0 0.0 0.0 0.0 0.0 0.0 0.0 0.0 0.0 0.0
0 0.165527 0.453925 0.014648 0.037543 0.167201 0.452706 1.0 0.170689 0.442954 1.0 0.172643 0.453681 1.0 0.17041 0.462945 1.0 0.172084 0.459288 1.0
0 0.200195 0.647611 0.021484 0.046075 0.196646 0.641669 1.0 0.206168 0.642263 1.0 0.200558 0.652365 1.0 0.197667 0.658901 1.0 0.204468 0.659198 1.0
0 0.240234 0.645051 0.023438 0.047782 0.234026 0.641532 1.0 0.243857 0.637471 1.0 0.241354 0.649652 1.0 0.238138 0.659648 1.0 0.245823 0.656524 1.0
0 0.169434 0.664676 0.024414 0.052901 0.165946 0.655435 1.0 0.178881 0.658382 1.0 0.173632 0.666573 1.0 0.166134 0.673125 1.0 0.175694 0.674108 1.0
0 0.107422 0.658703 0.027344 0.051195 0.098022 0.653478 1.0 0.111206 0.648677 1.0 0.103332 0.660836 1.0 0.101685 0.672355 1.0 0.110107 0.670435 1.0
0 0.959961 0.287543 0.005859 0.011945 0.0 0.0 0.0 0.0 0.0 0.0 0.0 0.0 0.0 0.0 0.0 0.0 0.0 0.0 0.0
0 0.931152 0.301195 0.006836 0.015358 0.0 0.0 0.0 0.0 0.0 0.0 0.0 0.0 0.0 0.0 0.0 0.0 0.0 0.0 0.0
0 0.883301 0.304608 0.004883 0.011945 0.0 0.0 0.0 0.0 0.0 0.0 0.0 0.0 0.0 0.0 0.0 0.0 0.0 0.0 0.0
0 0.864746 0.278157 0.004883 0.010239 0.0 0.0 0.0 0.0 0.0 0.0 0.0 0.0 0.0 0.0 0.0 0.0 0.0 0.0 0.0
0 0.841797 0.238908 0.003906 0.010239 0.0 0.0 0.0 0.0 0.0 0.0 0.0 0.0 0.0 0.0 0.0 0.0 0.0 0.0 0.0
0 0.772461 0.320819 0.003906 0.010239 0.0 0.0 0.0 0.0 0.0 0.0 0.0 0.0 0.0 0.0 0.0 0.0 0.0 0.0 0.0
0 0.822754 0.34471 0.004883 0.010239 0.0 0.0 0.0 0.0 0.0 0.0 0.0 0.0 0.0 0.0 0.0 0.0 0.0 0.0 0.0
0 0.754395 0.324232 0.004883 0.010239 0.0 0.0 0.0 0.0 0.0 0.0 0.0 0.0 0.0 0.0 0.0 0.0 0.0 0.0 0.0
0 0.748047 0.294369 0.003906 0.011945 0.0 0.0 0.0 0.0 0.0 0.0 0.0 0.0 0.0 0.0 0.0 0.0 0.0 0.0 0.0
0 0.729492 0.372867 0.005859 0.011945 0.0 0.0 0.0 0.0 0.0 0.0 0.0 0.0 0.0 0.0 0.0 0.0 0.0 0.0 0.0
0 0.711426 0.375427 0.004883 0.010239 0.0 0.0 0.0 0.0 0.0 0.0 0.0 0.0 0.0 0.0 0.0 0.0 0.0 0.0 0.0
0 0.687988 0.37628 0.004883 0.008532 0.0 0.0 0.0 0.0 0.0 0.0 0.0 0.0 0.0 0.0 0.0 0.0 0.0 0.0 0.0
0 0.641113 0.337031 0.004883 0.011945 0.0 0.0 0.0 0.0 0.0 0.0 0.0 0.0 0.0 0.0 0.0 0.0 0.0 0.0 0.0
0 0.618652 0.338737 0.004883 0.011945 0.0 0.0 0.0 0.0 0.0 0.0 0.0 0.0 0.0 0.0 0.0 0.0 0.0 0.0 0.0
0 0.564941 0.372867 0.004883 0.015358 0.0 0.0 0.0 0.0 0.0 0.0 0.0 0.0 0.0 0.0 0.0 0.0 0.0 0.0 0.0
0 0.544434 0.351536 0.004883 0.010239 0.0 0.0 0.0 0.0 0.0 0.0 0.0 0.0 0.0 0.0 0.0 0.0 0.0 0.0 0.0
0 0.526855 0.366894 0.004883 0.010239 0.0 0.0 0.0 0.0 0.0 0.0 0.0 0.0 0.0 0.0 0.0 0.0 0.0 0.0 0.0
0 0.464355 0.333618 0.004883 0.011945 0.0 0.0 0.0 0.0 0.0 0.0 0.0 0.0 0.0 0.0 0.0 0.0 0.0 0.0 0.0
0 0.433105 0.327645 0.004883 0.010239 0.0 0.0 0.0 0.0 0.0 0.0 0.0 0.0 0.0 0.0 0.0 0.0 0.0 0.0 0.0
0 0.447754 0.348976 0.004883 0.008532 0.0 0.0 0.0 0.0 0.0 0.0 0.0 0.0 0.0 0.0 0.0 0.0 0.0 0.0 0.0
0 0.407715 0.356655 0.004883 0.010239 0.0 0.0 0.0 0.0 0.0 0.0 0.0 0.0 0.0 0.0 0.0 0.0 0.0 0.0 0.0
0 0.398438 0.332765 0.005859 0.013652 0.0 0.0 0.0 0.0 0.0 0.0 0.0 0.0 0.0 0.0 0.0 0.0 0.0 0.0 0.0
0 0.405762 0.318259 0.004883 0.011945 0.0 0.0 0.0 0.0 0.0 0.0 0.0 0.0 0.0 0.0 0.0 0.0 0.0 0.0 0.0
0 0.41748 0.321672 0.004883 0.011945 0.0 0.0 0.0 0.0 0.0 0.0 0.0 0.0 0.0 0.0 0.0 0.0 0.0 0.0 0.0
0 0.388672 0.33959 0.003906 0.010239 0.0 0.0 0.0 0.0 0.0 0.0 0.0 0.0 0.0 0.0 0.0 0.0 0.0 0.0 0.0
0 0.355957 0.362628 0.004883 0.011945 0.0 0.0 0.0 0.0 0.0 0.0 0.0 0.0 0.0 0.0 0.0 0.0 0.0 0.0 0.0
0 0.383789 0.31058 0.005859 0.010239 0.0 0.0 0.0 0.0 0.0 0.0 0.0 0.0 0.0 0.0 0.0 0.0 0.0 0.0 0.0
0 0.387695 0.296075 0.003906 0.008532 0.0 0.0 0.0 0.0 0.0 0.0 0.0 0.0 0.0 0.0 0.0 0.0 0.0 0.0 0.0
0 0.405273 0.301195 0.005859 0.011945 0.0 0.0 0.0 0.0 0.0 0.0 0.0 0.0 0.0 0.0 0.0 0.0 0.0 0.0 0.0
0 0.444824 0.291809 0.004883 0.010239 0.0 0.0 0.0 0.0 0.0 0.0 0.0 0.0 0.0 0.0 0.0 0.0 0.0 0.0 0.0
0 0.558594 0.3157 0.005859 0.010239 0.0 0.0 0.0 0.0 0.0 0.0 0.0 0.0 0.0 0.0 0.0 0.0 0.0 0.0 0.0
0 0.54248 0.314846 0.00293 0.008532 0.0 0.0 0.0 0.0 0.0 0.0 0.0 0.0 0.0 0.0 0.0 0.0 0.0 0.0 0.0
0 0.522949 0.326792 0.004883 0.008532 0.0 0.0 0.0 0.0 0.0 0.0 0.0 0.0 0.0 0.0 0.0 0.0 0.0 0.0 0.0
0 0.503418 0.314846 0.00293 0.008532 0.0 0.0 0.0 0.0 0.0 0.0 0.0 0.0 0.0 0.0 0.0 0.0 0.0 0.0 0.0
0 0.490723 0.360068 0.004883 0.010239 0.0 0.0 0.0 0.0 0.0 0.0 0.0 0.0 0.0 0.0 0.0 0.0 0.0 0.0 0.0
0 0.513672 0.383959 0.003906 0.010239 0.0 0.0 0.0 0.0 0.0 0.0 0.0 0.0 0.0 0.0 0.0 0.0 0.0 0.0 0.0
0 0.590332 0.291809 0.004883 0.010239 0.589844 0.289265 1.0 0.591806 0.289265 1.0 0.590978 0.291398 1.0 0.590323 0.293302 1.0 0.591544 0.29315 1.0
0 0.640137 0.278157 0.004883 0.006826 0.0 0.0 0.0 0.0 0.0 0.0 0.0 0.0 0.0 0.0 0.0 0.0 0.0 0.0 0.0
0 0.605469 0.287543 0.003906 0.008532 0.0 0.0 0.0 0.0 0.0 0.0 0.0 0.0 0.0 0.0 0.0 0.0 0.0 0.0 0.0
0 0.720703 0.290102 0.003906 0.010239 0.0 0.0 0.0 0.0 0.0 0.0 0.0 0.0 0.0 0.0 0.0 0.0 0.0 0.0 0.0
0 0.42627 0.259386 0.004883 0.010239 0.0 0.0 0.0 0.0 0.0 0.0 0.0 0.0 0.0 0.0 0.0 0.0 0.0 0.0 0.0
0 0.166016 0.351536 0.011719 0.027304 0.164062 0.348123 1.0 0.168945 0.346416 1.0 0.166016 0.353242 1.0 0.165039 0.358362 1.0 0.168945 0.356655 1.0
0 0.31543 0.37628 0.005859 0.011945 0.0 0.0 0.0 0.0 0.0 0.0 0.0 0.0 0.0 0.0 0.0 0.0 0.0 0.0 0.0