0 0.399414 0.277941 0.083984 0.155882 0.386572 0.258 1.0 0.425439 0.267309 1.0 0.406455 0.297691 1.0 0.384316 0.319471 1.0 0.414639 0.326809 1.0
0 0.173828 0.263235 0.082031 0.155882 0.174639 0.23511 1.0 0.208418 0.226306 1.0 0.20517 0.271304 1.0 0.181135 0.301628 1.0 0.20517 0.294781 1.0
0 0.659668 0.074265 0.081055 0.142647 0.629856 0.048806 1.0 0.647862 0.048031 1.0 0.630371 0.079793 1.0 0.646318 0.107681 1.0 0.647862 0.109231 1.0
0 0.952148 0.083088 0.050781 0.104412 0.932042 0.065284 1.0 0.942069 0.065284 1.0 0.927682 0.090231 1.0 0.936837 0.106644 1.0 0.943813 0.109271 1.0
0 0.498047 0.148529 0.015625 0.032353 0.494908 0.144118 1.0 0.501186 0.145168 1.0 0.497001 0.15 1.0 0.494769 0.155043 1.0 0.500349 0.156513 1.0
0 0.34668 0.129412 0.011719 0.026471 0.339347 0.128144 1.0 0.34535 0.126726 1.0 0.341583 0.131513 1.0 0.341937 0.13754 1.0 0.345232 0.136653 1.0
0 0.278809 0.154412 0.014648 0.026471 0.27526 0.152022 1.0 0.283081 0.152193 1.0 0.27866 0.157313 1.0 0.275826 0.161069 1.0 0.280701 0.16124 1.0
0 0.226562 0.170588 0.013672 0.026471 0.0 0.0 0.0 0.0 0.0 0.0 0.0 0.0 0.0 0.0 0.0 0.0 0.0 0.0 0.0
0 0.325684 0.165441 0.010742 0.022059 0.329594 0.163326 1.0 0.332803 0.160459 1.0 0.333305 0.168915 1.0 0.332201 0.175407 1.0 0.333404 0.174501 1.0
0 0.295898 0.044118 0.017578 0.029412 0.0 0.0 0.0 0.0 0.0 0.0 0.0 0.0 0.0 0.0 0.0 0.0 0.0 0.0 0.0
0 0.385254 0.039706 0.014648 0.032353 0.0 0.0 0.0 0.0 0.0 0.0 0.0 0.0 0.0 0.0 0.0 0.0 0.0 0.0 0.0
0 0.029297 0.061765 0.009766 0.020588 0.0 0.0 0.0 0.0 0.0 0.0 0.0 0.0 0.0 0.0 0.0 0.0 0.0 0.0 0.0
0 0.099609 0.181618 0.017578 0.033824 0.0 0.0 0.0 0.0 0.0 0.0 0.0 0.0 0.0 0.0 0.0 0.0 0.0 0.0 0.0
0 0.446777 0.105882 0.012695 0.023529 0.0 0.0 0.0 0.0 0.0 0.0 0.0 0.0 0.0 0.0 0.0 0.0 0.0 0.0 0.0
0 0.412109 0.115441 0.015625 0.025 0.408569 0.114293 1.0 0.416199 0.111831 1.0 0.414237 0.119051 1.0 0.411186 0.12496 1.0 0.415653 0.123976 1.0
0 0.301758 0.163971 0.013672 0.025 0.0 0.0 0.0 0.0 0.0 0.0 0.0 0.0 0.0 0.0 0.0 0.0 0.0 0.0 0.0
0 0.008301 0.196324 0.010742 0.027941 0.0 0.0 0.0 0.0 0.0 0.0 0.0 0.0 0.0 0.0 0.0 0.0 0.0 0.0 0.0