0 0.179199 0.215332 0.12207 0.15918 0.187735 0.196795 1.0 0.226842 0.201809 1.0 0.234863 0.221863 1.0 0.200771 0.250941 1.0 0.232857 0.250941 1.0
0 0.366211 0.023926 0.044922 0.047852 0.355805 0.005855 1.0 0.377625 0.004154 1.0 0.37394 0.01549 1.0 0.365439 0.030792 1.0 0.381025 0.031075 1.0
0 0.370605 0.227051 0.09082 0.124023 0.367789 0.212594 1.0 0.403486 0.211818 1.0 0.40271 0.235099 1.0 0.375549 0.259155 1.0 0.403486 0.261483 1.0
0 0.48584 0.024414 0.043945 0.048828 0.481725 0.008092 1.0 0.498744 0.009766 1.0 0.49456 0.019531 1.0 0.479213 0.032924 1.0 0.49735 0.032924 1.0
0 0.586914 0.038574 0.048828 0.06543 0.580802 0.030744 1.0 0.602173 0.033744 1.0 0.590925 0.041992 1.0 0.581552 0.05399 1.0 0.595799 0.056989 1.0
0 0.643555 0.057129 0.035156 0.055664 0.636788 0.048271 1.0 0.654925 0.047572 1.0 0.651786 0.055245 1.0 0.643764 0.067452 1.0 0.654576 0.067104 1.0
0 0.714355 0.062012 0.036133 0.051758 0.710554 0.05556 1.0 0.725464 0.057216 1.0 0.719169 0.065168 1.0 0.708897 0.073783 1.0 0.719831 0.074776 1.0
0 0.778809 0.063965 0.038086 0.055664 0.785519 0.056549 1.0 0.794347 0.059374 1.0 0.792934 0.068908 1.0 0.783399 0.07809 1.0 0.791168 0.079503 1.0
0 0.801758 0.091797 0.021484 0.035156 0.798828 0.084961 1.0 0.810547 0.087891 1.0 0.805664 0.094727 1.0 0.798828 0.099609 1.0 0.806641 0.101562 1.0
0 0.932617 0.12207 0.035156 0.035156 0.929684 0.118914 1.0 0.941912 0.119137 1.0 0.938577 0.126918 1.0 0.930572 0.133811 1.0 0.938799 0.134923 1.0
0 0.942871 0.200195 0.043945 0.068359 0.944973 0.192802 1.0 0.960941 0.197117 1.0 0.958784 0.204455 1.0 0.942814 0.216972 1.0 0.958353 0.220855 1.0
0 0.889648 0.182129 0.035156 0.086914 0.882568 0.177246 1.0 0.899598 0.17395 1.0 0.898498 0.187684 1.0 0.88147 0.204712 1.0 0.897949 0.203064 1.0
0 0.856934 0.196289 0.055664 0.095703 0.849779 0.184287 1.0 0.879473 0.191559 1.0 0.868565 0.203072 1.0 0.844932 0.214587 1.0 0.869171 0.221858 1.0
0 0.749512 0.212891 0.077148 0.09375 0.746669 0.202985 1.0 0.778451 0.205929 1.0 0.769034 0.224174 1.0 0.75844 0.23771 1.0 0.773742 0.23771 1.0
0 0.660156 0.188477 0.087891 0.126953 0.654881 0.176021 1.0 0.693176 0.182403 1.0 0.681209 0.199955 1.0 0.661264 0.219901 1.0 0.683603 0.224688 1.0
0 0.587402 0.244629 0.077148 0.133789 0.598633 0.236607 1.0 0.618722 0.233259 1.0 0.624581 0.256696 1.0 0.594447 0.277623 1.0 0.600307 0.274274 1.0
0 0.986816 0.136719 0.026367 0.039062 0.985138 0.131012 1.0 0.996569 0.131012 1.0 0.992842 0.136728 1.0 0.98812 0.146419 1.0 0.99632 0.147164 1.0
0 0.727539 0.111816 0.019531 0.032227 0.0 0.0 0.0 0.0 0.0 0.0 0.0 0.0 0.0 0.0 0.0 0.0 0.0 0.0 0.0