0 0.381836 0.453993 0.019531 0.050347 0.375628 0.446219 1.0 0.384208 0.445583 1.0 0.379203 0.455434 1.0 0.377058 0.464332 1.0 0.383313 0.463378 1.0
0 0.367188 0.405382 0.007812 0.019097 0.365068 0.40246 1.0 0.3687 0.403382 1.0 0.366699 0.406807 1.0 0.364476 0.409575 1.0 0.367218 0.411024 1.0
0 0.639648 0.436632 0.009766 0.029514 0.0 0.0 0.0 0.0 0.0 0.0 0.0 0.0 0.0 0.0 0.0 0.0 0.0 0.0 0.0
0 0.630859 0.429688 0.009766 0.029514 0.0 0.0 0.0 0.0 0.0 0.0 0.0 0.0 0.0 0.0 0.0 0.0 0.0 0.0 0.0
0 0.735352 0.412326 0.009766 0.022569 0.0 0.0 0.0 0.0 0.0 0.0 0.0 0.0 0.0 0.0 0.0 0.0 0.0 0.0 0.0
0 0.897949 0.444444 0.012695 0.034722 0.900857 0.439082 1.0 0.903639 0.440431 1.0 0.903512 0.44897 1.0 0.899467 0.45459 1.0 0.901742 0.455714 1.0
0 0.950684 0.515625 0.008789 0.024306 0.948539 0.511099 1.0 0.953683 0.512184 1.0 0.95037 0.516059 1.0 0.948451 0.519003 1.0 0.952201 0.519934 1.0
0 0.989746 0.47309 0.006836 0.019097 0.987806 0.470851 1.0 0.991437 0.470851 1.0 0.989585 0.475066 1.0 0.988325 0.478755 1.0 0.990326 0.478625 1.0
0 0.354004 0.460069 0.008789 0.020833 0.351811 0.458543 1.0 0.355368 0.455644 1.0 0.354627 0.463155 1.0 0.35396 0.466712 1.0 0.356776 0.464472 1.0
0 0.45459 0.431424 0.006836 0.015625 0.0 0.0 0.0 0.0 0.0 0.0 0.0 0.0 0.0 0.0 0.0 0.0 0.0 0.0 0.0
0 0.495117 0.430556 0.005859 0.013889 0.0 0.0 0.0 0.0 0.0 0.0 0.0 0.0 0.0 0.0 0.0 0.0 0.0 0.0 0.0
0 0.416992 0.434028 0.005859 0.017361 0.0 0.0 0.0 0.0 0.0 0.0 0.0 0.0 0.0 0.0 0.0 0.0 0.0 0.0 0.0
0 0.146484 0.430556 0.007812 0.020833 0.0 0.0 0.0 0.0 0.0 0.0 0.0 0.0 0.0 0.0 0.0 0.0 0.0 0.0 0.0
0 0.95166 0.466146 0.006836 0.015625 0.0 0.0 0.0 0.0 0.0 0.0 0.0 0.0 0.0 0.0 0.0 0.0 0.0 0.0 0.0
0 0.969727 0.462674 0.007812 0.019097 0.0 0.0 0.0 0.0 0.0 0.0 0.0 0.0 0.0 0.0 0.0 0.0 0.0 0.0 0.0
0 0.040039 0.479167 0.007812 0.017361 0.0 0.0 0.0 0.0 0.0 0.0 0.0 0.0 0.0 0.0 0.0 0.0 0.0 0.0 0.0
0 0.083008 0.480035 0.005859 0.015625 0.0 0.0 0.0 0.0 0.0 0.0 0.0 0.0 0.0 0.0 0.0 0.0 0.0 0.0 0.0
0 0.84082 0.425347 0.007812 0.017361 0.0 0.0 0.0 0.0 0.0 0.0 0.0 0.0 0.0 0.0 0.0 0.0 0.0 0.0 0.0
0 0.811035 0.435764 0.004883 0.013889 0.0 0.0 0.0 0.0 0.0 0.0 0.0 0.0 0.0 0.0 0.0 0.0 0.0 0.0 0.0
0 0.792969 0.421007 0.007812 0.019097 0.0 0.0 0.0 0.0 0.0 0.0 0.0 0.0 0.0 0.0 0.0 0.0 0.0 0.0 0.0
0 0.909668 0.419271 0.006836 0.015625 0.0 0.0 0.0 0.0 0.0 0.0 0.0 0.0 0.0 0.0 0.0 0.0 0.0 0.0 0.0
0 0.945801 0.430556 0.006836 0.013889 0.0 0.0 0.0 0.0 0.0 0.0 0.0 0.0 0.0 0.0 0.0 0.0 0.0 0.0 0.0
0 0.923828 0.412326 0.007812 0.015625 0.0 0.0 0.0 0.0 0.0 0.0 0.0 0.0 0.0 0.0 0.0 0.0 0.0 0.0 0.0
0 0.818848 0.463542 0.006836 0.013889 0.0 0.0 0.0 0.0 0.0 0.0 0.0 0.0 0.0 0.0 0.0 0.0 0.0 0.0 0.0
0 0.748047 0.421875 0.005859 0.013889 0.0 0.0 0.0 0.0 0.0 0.0 0.0 0.0 0.0 0.0 0.0 0.0 0.0 0.0 0.0
0 0.728027 0.417535 0.006836 0.015625 0.0 0.0 0.0 0.0 0.0 0.0 0.0 0.0 0.0 0.0 0.0 0.0 0.0 0.0 0.0
0 0.719238 0.424479 0.006836 0.012153 0.0 0.0 0.0 0.0 0.0 0.0 0.0 0.0 0.0 0.0 0.0 0.0 0.0 0.0 0.0
0 0.960938 0.399306 0.005859 0.013889 0.0 0.0 0.0 0.0 0.0 0.0 0.0 0.0 0.0 0.0 0.0 0.0 0.0 0.0 0.0
0 0.950195 0.375 0.005859 0.013889 0.0 0.0 0.0 0.0 0.0 0.0 0.0 0.0 0.0 0.0 0.0 0.0 0.0 0.0 0.0
0 0.938965 0.386285 0.004883 0.012153 0.0 0.0 0.0 0.0 0.0 0.0 0.0 0.0 0.0 0.0 0.0 0.0 0.0 0.0 0.0
0 0.908691 0.348958 0.004883 0.010417 0.0 0.0 0.0 0.0 0.0 0.0 0.0 0.0 0.0 0.0 0.0 0.0 0.0 0.0 0.0
0 0.871094 0.431424 0.005859 0.012153 0.0 0.0 0.0 0.0 0.0 0.0 0.0 0.0 0.0 0.0 0.0 0.0 0.0 0.0 0.0
0 0.874512 0.366319 0.004883 0.013889 0.0 0.0 0.0 0.0 0.0 0.0 0.0 0.0 0.0 0.0 0.0 0.0 0.0 0.0 0.0
0 0.882812 0.351562 0.005859 0.012153 0.0 0.0 0.0 0.0 0.0 0.0 0.0 0.0 0.0 0.0 0.0 0.0 0.0 0.0 0.0
0 0.856934 0.405382 0.004883 0.012153 0.0 0.0 0.0 0.0 0.0 0.0 0.0 0.0 0.0 0.0 0.0 0.0 0.0 0.0 0.0
0 0.849609 0.380208 0.005859 0.013889 0.0 0.0 0.0 0.0 0.0 0.0 0.0 0.0 0.0 0.0 0.0 0.0 0.0 0.0 0.0
0 0.765625 0.417535 0.005859 0.015625 0.0 0.0 0.0 0.0 0.0 0.0 0.0 0.0 0.0 0.0 0.0 0.0 0.0 0.0 0.0
0 0.555664 0.471354 0.005859 0.015625 0.0 0.0 0.0 0.0 0.0 0.0 0.0 0.0 0.0 0.0 0.0 0.0 0.0 0.0 0.0
0 0.580078 0.477431 0.005859 0.010417 0.0 0.0 0.0 0.0 0.0 0.0 0.0 0.0 0.0 0.0 0.0 0.0 0.0 0.0 0.0
0 0.536133 0.462674 0.005859 0.015625 0.0 0.0 0.0 0.0 0.0 0.0 0.0 0.0 0.0 0.0 0.0 0.0 0.0 0.0 0.0
0 0.242188 0.279514 0.015625 0.059028 0.0 0.0 0.0 0.0 0.0 0.0 0.0 0.0 0.0 0.0 0.0 0.0 0.0 0.0 0.0