0 0.93457 0.055137 0.035156 0.040528 0.927918 0.050752 1.0 0.942514 0.049709 1.0 0.936026 0.059361 1.0 0.931432 0.066404 1.0 0.941162 0.065622 1.0
0 0.838867 0.059849 0.029297 0.034873 0.833296 0.05695 1.0 0.845542 0.05695 1.0 0.839072 0.063194 1.0 0.835375 0.070331 1.0 0.843231 0.070777 1.0
0 0.821777 0.103205 0.032227 0.034873 0.816075 0.097701 1.0 0.827184 0.097044 1.0 0.821063 0.104046 1.0 0.815621 0.111923 1.0 0.829903 0.110172 1.0
0 0.867676 0.134779 0.036133 0.04147 0.867127 0.12556 1.0 0.881958 0.12768 1.0 0.875641 0.135632 1.0 0.868225 0.14226 1.0 0.878388 0.14332 1.0
0 0.874023 0.221018 0.037109 0.040528 0.869158 0.213503 1.0 0.884295 0.214808 1.0 0.876727 0.221851 1.0 0.869158 0.230721 1.0 0.87997 0.231503 1.0
0 0.766113 0.027333 0.02832 0.032045 0.764718 0.023496 1.0 0.776019 0.022687 1.0 0.772461 0.028746 1.0 0.768275 0.037431 1.0 0.774972 0.036421 1.0
0 0.694824 0.051838 0.026367 0.03016 0.69104 0.049128 1.0 0.701067 0.046999 1.0 0.697457 0.052806 1.0 0.693246 0.061709 1.0 0.700867 0.060354 1.0
0 0.694336 0.15033 0.025391 0.027333 0.68457 0.149859 1.0 0.693359 0.150801 1.0 0.689453 0.155514 1.0 0.688477 0.158341 1.0 0.695312 0.158341 1.0
0 0.706055 0.18426 0.03125 0.034873 0.700278 0.178685 1.0 0.714835 0.178685 1.0 0.707441 0.186936 1.0 0.701202 0.194518 1.0 0.712986 0.194742 1.0
0 0.711426 0.256362 0.03418 0.043355 0.703456 0.251919 1.0 0.717843 0.250253 1.0 0.710362 0.259417 1.0 0.705183 0.268859 1.0 0.717268 0.266637 1.0
0 0.710449 0.314326 0.032227 0.036758 0.709473 0.3082 1.0 0.723877 0.312677 1.0 0.717773 0.316447 1.0 0.707764 0.323044 1.0 0.717773 0.324694 1.0
0 0.807129 0.286051 0.036133 0.042413 0.800433 0.279117 1.0 0.817731 0.278847 1.0 0.809919 0.286387 1.0 0.802943 0.295543 1.0 0.817452 0.296352 1.0
0 0.851074 0.277097 0.032227 0.03393 0.845825 0.272435 1.0 0.860107 0.269591 1.0 0.85376 0.276373 1.0 0.850359 0.285125 1.0 0.857387 0.28425 1.0
0 0.847168 0.238926 0.032227 0.034873 0.844112 0.237587 1.0 0.85451 0.237141 1.0 0.850812 0.243163 1.0 0.848502 0.249407 1.0 0.853354 0.248738 1.0
0 0.936035 0.28558 0.036133 0.047125 0.931013 0.2774 1.0 0.947963 0.2774 1.0 0.94043 0.288003 1.0 0.931327 0.295577 1.0 0.945138 0.296485 1.0
0 0.932617 0.251178 0.035156 0.040528 0.926278 0.248182 1.0 0.940373 0.245873 1.0 0.933459 0.257679 1.0 0.928937 0.263839 1.0 0.938777 0.263582 1.0
0 0.955566 0.235627 0.03418 0.035815 0.950273 0.230296 1.0 0.963222 0.229139 1.0 0.957707 0.23585 1.0 0.952911 0.245338 1.0 0.962023 0.245107 1.0
0 0.975586 0.221018 0.029297 0.034873 0.0 0.0 0.0 0.0 0.0 0.0 0.0 0.0 0.0 0.0 0.0 0.0 0.0 0.0 0.0
0 0.983887 0.331291 0.032227 0.040528 0.977853 0.324446 1.0 0.993543 0.323676 1.0 0.987692 0.331632 1.0 0.983437 0.341129 1.0 0.991947 0.340102 1.0
0 0.904785 0.359095 0.040039 0.04147 0.891375 0.3544 1.0 0.910566 0.352834 1.0 0.899754 0.35753 1.0 0.895699 0.369008 1.0 0.907322 0.367182 1.0
0 0.870605 0.342601 0.03418 0.036758 0.860277 0.339825 1.0 0.876583 0.33589 1.0 0.869869 0.340056 1.0 0.866032 0.351858 1.0 0.875623 0.350238 1.0
0 0.890137 0.3082 0.038086 0.04147 0.883117 0.302958 1.0 0.900971 0.303487 1.0 0.891632 0.309849 1.0 0.885314 0.319127 1.0 0.899322 0.319392 1.0
0 0.966309 0.393968 0.036133 0.039585 0.958008 0.391443 1.0 0.97658 0.391948 1.0 0.969256 0.398008 1.0 0.959577 0.409368 1.0 0.975272 0.408611 1.0
0 0.853516 0.392554 0.041016 0.040528 0.847133 0.390256 1.0 0.866054 0.390517 1.0 0.856594 0.399387 1.0 0.847674 0.407996 1.0 0.862811 0.409301 1.0
0 0.777832 0.357681 0.040039 0.038643 0.771454 0.350533 1.0 0.789202 0.349788 1.0 0.783028 0.357236 1.0 0.775055 0.368903 1.0 0.789202 0.368406 1.0
0 0.630371 0.352498 0.038086 0.039585 0.622594 0.346254 1.0 0.639073 0.344739 1.0 0.632795 0.35105 1.0 0.626518 0.363673 1.0 0.640643 0.361653 1.0
0 0.662598 0.349199 0.03418 0.042413 0.661133 0.337418 1.0 0.677734 0.33836 1.0 0.669922 0.344958 1.0 0.65918 0.35344 1.0 0.676758 0.358153 1.0
0 0.643555 0.174835 0.029297 0.032988 0.641602 0.168709 1.0 0.655273 0.169651 1.0 0.648438 0.173421 1.0 0.641602 0.180019 1.0 0.652344 0.182846 1.0
0 0.609375 0.10509 0.027344 0.031103 0.605608 0.101181 1.0 0.617697 0.100785 1.0 0.613189 0.106916 1.0 0.608682 0.113442 1.0 0.616264 0.11265 1.0
0 0.540527 0.028746 0.02832 0.031103 0.535531 0.022616 1.0 0.54885 0.023407 1.0 0.541883 0.031516 1.0 0.534712 0.038238 1.0 0.545776 0.038238 1.0
0 0.614746 0.010839 0.030273 0.017908 0.609449 0.001178 1.0 0.622594 0.00061 1.0 0.617101 0.005722 1.0 0.612784 0.01235 1.0 0.620043 0.012728 1.0
0 0.513184 0.109331 0.026367 0.03393 0.507848 0.106285 1.0 0.521633 0.106285 1.0 0.515852 0.113366 1.0 0.511405 0.11916 1.0 0.519854 0.119374 1.0
0 0.525391 0.153629 0.03125 0.0377 0.520918 0.148121 1.0 0.533591 0.148121 1.0 0.526882 0.155316 1.0 0.520918 0.16395 1.0 0.533094 0.16347 1.0
0 0.586914 0.18426 0.033203 0.032988 0.585824 0.17937 1.0 0.599121 0.17937 1.0 0.593018 0.186314 1.0 0.58735 0.193677 1.0 0.596941 0.193256 1.0
0 0.557129 0.276626 0.032227 0.038643 0.549561 0.271517 1.0 0.565996 0.271273 1.0 0.556641 0.277375 1.0 0.551836 0.287137 1.0 0.563721 0.286893 1.0
0 0.580566 0.250236 0.02832 0.034873 0.575662 0.246394 1.0 0.589757 0.24907 1.0 0.584442 0.2513 1.0 0.577973 0.258213 1.0 0.587446 0.259775 1.0
0 0.610352 0.309142 0.035156 0.04147 0.606026 0.303925 1.0 0.620082 0.30262 1.0 0.614677 0.310708 1.0 0.607378 0.319838 1.0 0.620082 0.319317 1.0
0 0.525391 0.3082 0.035156 0.035815 0.525373 0.299077 1.0 0.539498 0.301577 1.0 0.530553 0.311801 1.0 0.522783 0.315892 1.0 0.534084 0.318845 1.0
0 0.51709 0.257776 0.030273 0.032988 0.513384 0.256673 1.0 0.525591 0.254991 1.0 0.521449 0.263827 1.0 0.511641 0.266561 1.0 0.52581 0.26614 1.0
0 0.409668 0.008483 0.030273 0.016965 0.408687 0.000618 1.0 0.421047 0.000429 1.0 0.417712 0.000618 1.0 0.413788 0.006488 1.0 0.420065 0.006488 1.0
0 0.351074 0.026861 0.030273 0.034873 0.342773 0.021678 1.0 0.354492 0.021678 1.0 0.34668 0.02639 1.0 0.341797 0.034873 1.0 0.354492 0.034873 1.0
0 0.453125 0.033459 0.03125 0.036758 0.449999 0.029276 1.0 0.461988 0.029276 1.0 0.456713 0.036913 1.0 0.449999 0.043625 1.0 0.461748 0.043856 1.0
0 0.499023 0.006598 0.033203 0.013195 0.0 0.0 0.0 0.0 0.0 0.0 0.0 0.0 0.0 0.0 0.0 0.0 0.0 0.0 0.0
0 0.22998 0.10886 0.032227 0.036758 0.224609 0.104383 1.0 0.236816 0.104383 1.0 0.230713 0.111687 1.0 0.224854 0.118756 1.0 0.236816 0.118756 1.0
0 0.109863 0.12394 0.030273 0.034873 0.105373 0.119833 1.0 0.117851 0.118697 1.0 0.112906 0.128012 1.0 0.108669 0.135057 1.0 0.118086 0.133693 1.0
0 0.176758 0.220547 0.037109 0.04147 0.170014 0.215039 1.0 0.186493 0.213713 1.0 0.181 0.21822 1.0 0.174133 0.229088 1.0 0.187592 0.228823 1.0
0 0.192383 0.260132 0.033203 0.03393 0.187182 0.253867 1.0 0.200077 0.252365 1.0 0.195631 0.261163 1.0 0.191629 0.269532 1.0 0.199633 0.268029 1.0
0 0.290039 0.194628 0.03125 0.034873 0.286316 0.190168 1.0 0.300873 0.188607 1.0 0.296482 0.195743 1.0 0.290475 0.204663 1.0 0.30018 0.20444 1.0
0 0.251953 0.147974 0.029297 0.03393 0.245344 0.144254 1.0 0.257586 0.14316 1.0 0.252825 0.147098 1.0 0.245797 0.156069 1.0 0.261213 0.154756 1.0
0 0.317871 0.109802 0.02832 0.032988 0.3125 0.106503 1.0 0.324219 0.106503 1.0 0.318359 0.112158 1.0 0.3125 0.119698 1.0 0.326172 0.119698 1.0
0 0.399902 0.149859 0.03418 0.03393 0.396523 0.143379 1.0 0.409642 0.143379 1.0 0.404973 0.15089 1.0 0.396079 0.160761 1.0 0.409197 0.160761 1.0
0 0.390137 0.192743 0.032227 0.034873 0.387512 0.185455 1.0 0.399989 0.185455 1.0 0.396693 0.191817 1.0 0.389631 0.201133 1.0 0.399754 0.200906 1.0
0 0.365723 0.239868 0.038086 0.036758 0.363281 0.231621 1.0 0.377441 0.233506 1.0 0.374268 0.238454 1.0 0.362793 0.247879 1.0 0.375244 0.250236 1.0
0 0.45166 0.273798 0.03418 0.042413 0.444824 0.26848 1.0 0.459612 0.267134 1.0 0.454869 0.275482 1.0 0.449847 0.285984 1.0 0.459333 0.284907 1.0
0 0.462891 0.240811 0.037109 0.044298 0.457437 0.236485 1.0 0.470873 0.233385 1.0 0.466784 0.242687 1.0 0.466492 0.252554 1.0 0.473502 0.250581 1.0
0 0.487305 0.319981 0.037109 0.038643 0.480766 0.313409 1.0 0.497707 0.309992 1.0 0.492144 0.315361 1.0 0.487087 0.328295 1.0 0.499729 0.325611 1.0
0 0.253418 0.009896 0.030273 0.019793 0.251953 0.00377 1.0 0.266602 0.002828 1.0 0.258789 0.002828 1.0 0.25293 0.00754 1.0 0.262695 0.010368 1.0
0 0.013672 0.008011 0.027344 0.016023 0.009495 -0.002184 1.0 0.02043 -0.002322 1.0 0.01597 0.001843 1.0 0.007625 0.007953 1.0 0.021437 0.009063 1.0
0 0.005371 0.1164 0.010742 0.034873 0.000977 0.111216 1.0 0.004883 0.112158 1.0 0.001953 0.119698 1.0 0.001953 0.127238 1.0 0.00293 0.127238 1.0
0 0.321777 0.259661 0.032227 0.036758 0.316895 0.25754 1.0 0.332275 0.256598 1.0 0.327881 0.263195 1.0 0.324463 0.272385 1.0 0.334961 0.272385 1.0
0 0.314453 0.286522 0.037109 0.039585 0.308769 0.281726 1.0 0.324463 0.281726 1.0 0.318446 0.288037 1.0 0.311384 0.297631 1.0 0.323939 0.297378 1.0
0 0.190918 0.331762 0.03418 0.035815 0.187352 0.325594 1.0 0.202419 0.325594 1.0 0.198182 0.332638 1.0 0.189235 0.342408 1.0 0.202419 0.342408 1.0
0 0.093262 0.341188 0.030273 0.032045 0.082092 0.334325 1.0 0.093628 0.3335 1.0 0.086151 0.341129 1.0 0.083374 0.347107 1.0 0.088287 0.346901 1.0
0 0.062012 0.313384 0.038086 0.042413 0.053223 0.308065 1.0 0.070243 0.307527 1.0 0.063825 0.316144 1.0 0.055733 0.326377 1.0 0.071358 0.327185 1.0
0 0.065918 0.373704 0.038086 0.038643 0.059867 0.368107 1.0 0.076556 0.367132 1.0 0.070234 0.373965 1.0 0.064418 0.383727 1.0 0.075038 0.383971 1.0
0 0.053223 0.546654 0.047852 0.05278 0.050468 0.53754 1.0 0.070099 0.535546 1.0 0.064588 0.546183 1.0 0.051501 0.560143 1.0 0.072854 0.557817 1.0
0 0.059082 0.504241 0.040039 0.054665 0.048828 0.498586 1.0 0.070312 0.496701 1.0 0.063477 0.510839 1.0 0.056641 0.518379 1.0 0.070312 0.517436 1.0
0 0.183594 0.565975 0.048828 0.051838 0.180268 0.558229 1.0 0.199737 0.557582 1.0 0.194031 0.567301 1.0 0.184631 0.577992 1.0 0.198059 0.578964 1.0
0 0.227051 0.505184 0.043945 0.05278 0.222656 0.499529 1.0 0.241211 0.497644 1.0 0.231445 0.508954 1.0 0.22168 0.520264 1.0 0.241211 0.521206 1.0
0 0.25 0.459001 0.033203 0.043355 0.0 0.0 0.0 0.0 0.0 0.0 0.0 0.0 0.0 0.0 0.0 0.0 0.0 0.0 0.0
0 0.287109 0.419887 0.033203 0.038643 0.279306 0.412827 1.0 0.298018 0.412338 1.0 0.287902 0.416731 1.0 0.281834 0.424053 1.0 0.292707 0.423809 1.0
0 0.304199 0.389255 0.03418 0.04524 0.296404 0.385166 1.0 0.314488 0.385451 1.0 0.306483 0.392319 1.0 0.299072 0.400616 1.0 0.313302 0.400616 1.0
0 0.176758 0.401037 0.041016 0.042413 0.171875 0.39114 1.0 0.19043 0.390198 1.0 0.181641 0.39868 1.0 0.170898 0.409991 1.0 0.19043 0.410933 1.0
0 0.202148 0.390669 0.03125 0.044298 0.199559 0.385477 1.0 0.214809 0.386865 1.0 0.207615 0.395474 1.0 0.198695 0.403528 1.0 0.211068 0.404083 1.0
0 0.094727 0.426013 0.044922 0.047125 0.088867 0.422479 1.0 0.106567 0.419533 1.0 0.100158 0.430432 1.0 0.092529 0.441329 1.0 0.107788 0.438973 1.0
0 0.008789 0.546654 0.017578 0.054665 0.00293 0.540057 1.0 0.007812 0.540057 1.0 0.001953 0.550424 1.0 0.001953 0.561734 1.0 0.011719 0.561734 1.0
0 0.008301 0.382187 0.016602 0.046183 -0.006104 0.37667 1.0 0.006832 0.37667 1.0 0.000815 0.383057 1.0 -0.005803 0.393509 1.0 0.006832 0.393799 1.0
0 0.037598 0.30443 0.024414 0.03393 0.037109 0.302898 1.0 0.042323 0.302461 1.0 0.041417 0.307712 1.0 0.03847 0.313619 1.0 0.043004 0.313619 1.0
0 0.006836 0.283695 0.013672 0.04147 0.0 0.0 0.0 0.0 0.0 0.0 0.0 0.0 0.0 0.0 0.0 0.0 0.0 0.0 0.0
0 0.444336 0.417059 0.060547 0.066918 0.448207 0.405227 1.0 0.468697 0.405648 1.0 0.464774 0.419533 1.0 0.448644 0.435522 1.0 0.460851 0.437205 1.0
0 0.396484 0.376532 0.056641 0.068803 0.388741 0.370371 1.0 0.409599 0.370371 1.0 0.39917 0.380436 1.0 0.390556 0.395752 1.0 0.405518 0.395315 1.0
0 0.516602 0.399152 0.042969 0.038643 0.509247 0.392054 1.0 0.528473 0.388873 1.0 0.521332 0.394439 1.0 0.514465 0.408754 1.0 0.532043 0.405042 1.0
0 0.586914 0.415174 0.042969 0.049953 0.57956 0.408863 1.0 0.600485 0.407916 1.0 0.591984 0.416121 1.0 0.58054 0.427482 1.0 0.598197 0.42685 1.0
0 0.52002 0.470311 0.043945 0.04901 0.505981 0.465952 1.0 0.524693 0.465018 1.0 0.513401 0.47467 1.0 0.50824 0.483388 1.0 0.521467 0.483388 1.0
0 0.59375 0.532516 0.050781 0.05655 0.590044 0.5206 1.0 0.607832 0.524177 1.0 0.60042 0.533118 1.0 0.588191 0.542059 1.0 0.603385 0.545636 1.0
0 0.634277 0.525919 0.043945 0.05655 0.633039 0.521577 1.0 0.650661 0.525195 1.0 0.644287 0.536775 1.0 0.627415 0.540393 1.0 0.641288 0.544011 1.0
0 0.686035 0.51885 0.045898 0.061263 0.669416 0.503669 1.0 0.675834 0.506766 1.0 0.664202 0.517605 1.0 0.669015 0.532701 1.0 0.673026 0.532701 1.0
0 0.679199 0.467484 0.041992 0.050895 0.681061 0.458912 1.0 0.695496 0.461504 1.0 0.69046 0.466041 1.0 0.682403 0.476084 1.0 0.69046 0.47576 1.0
0 0.757324 0.480679 0.043945 0.054665 0.750759 0.471455 1.0 0.770778 0.47249 1.0 0.760769 0.480426 1.0 0.752903 0.493192 1.0 0.768633 0.493537 1.0
0 0.725098 0.427427 0.043945 0.046183 0.715585 0.419298 1.0 0.734235 0.420169 1.0 0.726113 0.426556 1.0 0.714683 0.437298 1.0 0.73213 0.438749 1.0
0 0.766113 0.410462 0.03418 0.046183 0.0 0.0 0.0 0.0 0.0 0.0 0.0 0.0 0.0 0.0 0.0 0.0 0.0 0.0 0.0
0 0.851562 0.501885 0.048828 0.053723 0.841169 0.49973 1.0 0.862793 0.495018 1.0 0.851632 0.503434 1.0 0.846052 0.517235 1.0 0.86349 0.512859 1.0
0 0.870117 0.437795 0.039062 0.048068 0.863264 0.433801 1.0 0.882041 0.433188 1.0 0.874084 0.443323 1.0 0.864219 0.450696 1.0 0.880449 0.449774 1.0
0 0.646973 0.403393 0.038086 0.04524 0.644601 0.396812 1.0 0.663574 0.397385 1.0 0.656459 0.405968 1.0 0.645194 0.415982 1.0 0.659721 0.417126 1.0
0 0.511719 0.370877 0.037109 0.042413 0.510603 0.362057 1.0 0.526786 0.363135 1.0 0.52288 0.367713 1.0 0.513393 0.374175 1.0 0.525948 0.374713 1.0
0 0.345215 0.215834 0.030273 0.03393 0.342773 0.210179 1.0 0.357422 0.209237 1.0 0.349609 0.217719 1.0 0.342773 0.225259 1.0 0.354492 0.226202 1.0
0 0.970215 0.542884 0.047852 0.05655 0.958509 0.536691 1.0 0.976297 0.536691 1.0 0.96555 0.544559 1.0 0.95925 0.556719 1.0 0.975556 0.557076 1.0
0 0.988281 0.508483 0.023438 0.048068 0.0 0.0 0.0 0.0 0.0 0.0 0.0 0.0 0.0 0.0 0.0 0.0 0.0 0.0 0.0
0 0.992188 0.136664 0.015625 0.039585 0.0 0.0 0.0 0.0 0.0 0.0 0.0 0.0 0.0 0.0 0.0 0.0 0.0 0.0 0.0
0 0.302246 0.005655 0.022461 0.01131 0.0 0.0 0.0 0.0 0.0 0.0 0.0 0.0 0.0 0.0 0.0 0.0 0.0 0.0 0.0