0 0.033203 0.378692 0.025391 0.023207 0.032101 0.375298 1.0 0.04337 0.375446 1.0 0.038862 0.379725 1.0 0.034149 0.384889 1.0 0.041116 0.384889 1.0
0 0.194824 0.269339 0.026367 0.022504 0.0 0.0 0.0 0.0 0.0 0.0 0.0 0.0 0.0 0.0 0.0 0.0 0.0 0.0 0.0
0 0.272461 0.264065 0.023438 0.023207 0.0 0.0 0.0 0.0 0.0 0.0 0.0 0.0 0.0 0.0 0.0 0.0 0.0 0.0 0.0
0 0.315918 0.314346 0.026367 0.022504 0.312482 0.308092 1.0 0.323957 0.308977 1.0 0.319654 0.315617 1.0 0.312893 0.318274 1.0 0.319039 0.318864 1.0
0 0.355957 0.325949 0.020508 0.014768 0.0 0.0 0.0 0.0 0.0 0.0 0.0 0.0 0.0 0.0 0.0 0.0 0.0 0.0 0.0
0 0.359863 0.139241 0.022461 0.018284 0.0 0.0 0.0 0.0 0.0 0.0 0.0 0.0 0.0 0.0 0.0 0.0 0.0 0.0 0.0
0 0.410645 0.107243 0.014648 0.013361 0.0 0.0 0.0 0.0 0.0 0.0 0.0 0.0 0.0 0.0 0.0 0.0 0.0 0.0 0.0
0 0.425293 0.139241 0.02832 0.022504 0.0 0.0 0.0 0.0 0.0 0.0 0.0 0.0 0.0 0.0 0.0 0.0 0.0 0.0 0.0
0 0.44873 0.108298 0.020508 0.016878 0.0 0.0 0.0 0.0 0.0 0.0 0.0 0.0 0.0 0.0 0.0 0.0 0.0 0.0 0.0
0 0.555664 0.154008 0.021484 0.018284 0.0 0.0 0.0 0.0 0.0 0.0 0.0 0.0 0.0 0.0 0.0 0.0 0.0 0.0 0.0
0 0.590332 0.107947 0.020508 0.017581 0.0 0.0 0.0 0.0 0.0 0.0 0.0 0.0 0.0 0.0 0.0 0.0 0.0 0.0 0.0
0 0.458984 0.176864 0.023438 0.018987 0.0 0.0 0.0 0.0 0.0 0.0 0.0 0.0 0.0 0.0 0.0 0.0 0.0 0.0 0.0
0 0.628418 0.148383 0.022461 0.021097 0.0 0.0 0.0 0.0 0.0 0.0 0.0 0.0 0.0 0.0 0.0 0.0 0.0 0.0 0.0
0 0.675781 0.18917 0.023438 0.019691 0.0 0.0 0.0 0.0 0.0 0.0 0.0 0.0 0.0 0.0 0.0 0.0 0.0 0.0 0.0
0 0.594727 0.225738 0.025391 0.022504 0.587847 0.221425 1.0 0.59988 0.221425 1.0 0.594666 0.224602 1.0 0.590053 0.22879 1.0 0.598275 0.22879 1.0
0 0.604004 0.176864 0.024414 0.020394 0.0 0.0 0.0 0.0 0.0 0.0 0.0 0.0 0.0 0.0 0.0 0.0 0.0 0.0 0.0
0 0.512207 0.034459 0.020508 0.015471 0.0 0.0 0.0 0.0 0.0 0.0 0.0 0.0 0.0 0.0 0.0 0.0 0.0 0.0 0.0
0 0.686523 0.066807 0.015625 0.014065 0.0 0.0 0.0 0.0 0.0 0.0 0.0 0.0 0.0 0.0 0.0 0.0 0.0 0.0 0.0
0 0.746094 0.110056 0.017578 0.016174 0.0 0.0 0.0 0.0 0.0 0.0 0.0 0.0 0.0 0.0 0.0 0.0 0.0 0.0 0.0
0 0.754395 0.078762 0.018555 0.021097 0.0 0.0 0.0 0.0 0.0 0.0 0.0 0.0 0.0 0.0 0.0 0.0 0.0 0.0 0.0
0 0.791016 0.077004 0.013672 0.014768 0.0 0.0 0.0 0.0 0.0 0.0 0.0 0.0 0.0 0.0 0.0 0.0 0.0 0.0 0.0
0 0.82959 0.073136 0.018555 0.014065 0.0 0.0 0.0 0.0 0.0 0.0 0.0 0.0 0.0 0.0 0.0 0.0 0.0 0.0 0.0
0 0.871094 0.058017 0.013672 0.013361 0.0 0.0 0.0 0.0 0.0 0.0 0.0 0.0 0.0 0.0 0.0 0.0 0.0 0.0 0.0
0 0.919922 0.118847 0.021484 0.019691 0.0 0.0 0.0 0.0 0.0 0.0 0.0 0.0 0.0 0.0 0.0 0.0 0.0 0.0 0.0
0 0.831543 0.14346 0.020508 0.019691 0.0 0.0 0.0 0.0 0.0 0.0 0.0 0.0 0.0 0.0 0.0 0.0 0.0 0.0 0.0
0 0.761719 0.158579 0.017578 0.014768 0.0 0.0 0.0 0.0 0.0 0.0 0.0 0.0 0.0 0.0 0.0 0.0 0.0 0.0 0.0
0 0.790039 0.143812 0.017578 0.018987 0.0 0.0 0.0 0.0 0.0 0.0 0.0 0.0 0.0 0.0 0.0 0.0 0.0 0.0 0.0
0 0.916504 0.156821 0.016602 0.014065 0.0 0.0 0.0 0.0 0.0 0.0 0.0 0.0 0.0 0.0 0.0 0.0 0.0 0.0 0.0
0 0.817871 0.220113 0.022461 0.019691 0.0 0.0 0.0 0.0 0.0 0.0 0.0 0.0 0.0 0.0 0.0 0.0 0.0 0.0 0.0
0 0.930176 0.221167 0.022461 0.018987 0.924225 0.21627 1.0 0.934427 0.216392 1.0 0.929155 0.22129 1.0 0.926605 0.226555 1.0 0.934597 0.227044 1.0
0 0.904785 0.087553 0.018555 0.013361 0.0 0.0 0.0 0.0 0.0 0.0 0.0 0.0 0.0 0.0 0.0 0.0 0.0 0.0 0.0
0 0.833984 0.11955 0.019531 0.015471 0.0 0.0 0.0 0.0 0.0 0.0 0.0 0.0 0.0 0.0 0.0 0.0 0.0 0.0 0.0
0 0.974121 0.126582 0.020508 0.015471 0.0 0.0 0.0 0.0 0.0 0.0 0.0 0.0 0.0 0.0 0.0 0.0 0.0 0.0 0.0
0 0.958496 0.152954 0.020508 0.013361 0.0 0.0 0.0 0.0 0.0 0.0 0.0 0.0 0.0 0.0 0.0 0.0 0.0 0.0 0.0
0 0.64502 0.512658 0.020508 0.018284 0.640176 0.506034 1.0 0.649209 0.504873 1.0 0.647112 0.509867 1.0 0.643886 0.51614 1.0 0.650338 0.51521 1.0
0 0.703125 0.435654 0.023438 0.023207 0.0 0.0 0.0 0.0 0.0 0.0 0.0 0.0 0.0 0.0 0.0 0.0 0.0 0.0 0.0
0 0.783203 0.425105 0.023438 0.023207 0.0 0.0 0.0 0.0 0.0 0.0 0.0 0.0 0.0 0.0 0.0 0.0 0.0 0.0 0.0
0 0.770996 0.379044 0.016602 0.014065 0.0 0.0 0.0 0.0 0.0 0.0 0.0 0.0 0.0 0.0 0.0 0.0 0.0 0.0 0.0
0 0.631836 0.585091 0.029297 0.025316 0.63297 0.578398 1.0 0.646571 0.580194 1.0 0.64045 0.58656 1.0 0.631383 0.593091 1.0 0.640904 0.59358 1.0
0 0.719238 0.581927 0.036133 0.02602 0.713179 0.580762 1.0 0.72658 0.581095 1.0 0.720804 0.588416 1.0 0.715258 0.592077 1.0 0.724038 0.592243 1.0
0 0.290039 0.528481 0.027344 0.023207 0.282854 0.521047 1.0 0.296666 0.520595 1.0 0.29248 0.52617 1.0 0.28683 0.531897 1.0 0.296666 0.531746 1.0
0 0.648438 0.35654 0.03125 0.02391 0.0 0.0 0.0 0.0 0.0 0.0 0.0 0.0 0.0 0.0 0.0 0.0 0.0 0.0 0.0
0 0.720215 0.363572 0.03418 0.02391 0.729536 0.357293 1.0 0.735203 0.358079 1.0 0.737602 0.363101 1.0 0.729972 0.368281 1.0 0.733241 0.369066 1.0
0 0.763184 0.314698 0.014648 0.014768 0.0 0.0 0.0 0.0 0.0 0.0 0.0 0.0 0.0 0.0 0.0 0.0 0.0 0.0 0.0
0 0.799316 0.314346 0.026367 0.019691 0.79391 0.30862 1.0 0.804548 0.308494 1.0 0.798271 0.312513 1.0 0.795131 0.316782 1.0 0.804199 0.317033 1.0
0 0.949707 0.365682 0.026367 0.022504 0.0 0.0 0.0 0.0 0.0 0.0 0.0 0.0 0.0 0.0 0.0 0.0 0.0 0.0 0.0
0 0.959961 0.487342 0.027344 0.022504 0.959761 0.480699 1.0 0.971392 0.482576 1.0 0.965776 0.488064 1.0 0.957354 0.492108 1.0 0.964373 0.493551 1.0
0 0.869141 0.595288 0.0625 0.054149 0.850582 0.581942 1.0 0.877668 0.580916 1.0 0.858185 0.589471 1.0 0.851532 0.60487 1.0 0.869114 0.604186 1.0
0 0.773926 0.606892 0.063477 0.057665 0.75068 0.595238 1.0 0.774449 0.593417 1.0 0.751186 0.601065 1.0 0.74714 0.619274 1.0 0.762817 0.618181 1.0
0 0.299316 0.628692 0.02832 0.029536 0.293335 0.6197 1.0 0.309814 0.619512 1.0 0.301183 0.626482 1.0 0.297782 0.633828 1.0 0.306676 0.633263 1.0
0 0.141113 0.526371 0.055664 0.04571 0.128104 0.515911 1.0 0.1269 0.515911 1.0 0.146554 0.513312 1.0 0.152169 0.532951 1.0 0.15257 0.532662 1.0
0 0.467773 0.458861 0.070312 0.056962 0.446729 0.448049 1.0 0.481323 0.44516 1.0 0.456255 0.450576 1.0 0.441716 0.473682 1.0 0.473302 0.468627 1.0
0 0.989746 0.187764 0.018555 0.015471 0.0 0.0 0.0 0.0 0.0 0.0 0.0 0.0 0.0 0.0 0.0 0.0 0.0 0.0 0.0
0 0.557129 0.41526 0.040039 0.02602 0.0 0.0 0.0 0.0 0.0 0.0 0.0 0.0 0.0 0.0 0.0 0.0 0.0 0.0 0.0
0 0.466309 0.41948 0.040039 0.027426 0.0 0.0 0.0 0.0 0.0 0.0 0.0 0.0 0.0 0.0 0.0 0.0 0.0 0.0 0.0
0 0.407715 0.420886 0.038086 0.035865 0.0 0.0 0.0 0.0 0.0 0.0 0.0 0.0 0.0 0.0 0.0 0.0 0.0 0.0 0.0
0 0.225586 0.520042 0.03125 0.027426 0.0 0.0 0.0 0.0 0.0 0.0 0.0 0.0 0.0 0.0 0.0 0.0 0.0 0.0 0.0
0 0.587891 0.505977 0.035156 0.035865 0.0 0.0 0.0 0.0 0.0 0.0 0.0 0.0 0.0 0.0 0.0 0.0 0.0 0.0 0.0