0 0.138184 0.075868 0.02832 0.082267 0.132115 0.068165 1.0 0.145787 0.067119 1.0 0.141881 0.083834 1.0 0.132673 0.092713 1.0 0.146065 0.092192 1.0
0 0.236328 0.148995 0.03125 0.08958 0.229736 0.141225 1.0 0.244995 0.14294 1.0 0.238586 0.155506 1.0 0.229736 0.168647 1.0 0.244995 0.167505 1.0
0 0.312988 0.113346 0.032227 0.076782 0.305402 0.100254 1.0 0.319789 0.100254 1.0 0.31325 0.112497 1.0 0.306972 0.128656 1.0 0.320574 0.128166 1.0
0 0.417969 0.124314 0.033203 0.080439 0.40959 0.113689 1.0 0.426889 0.113689 1.0 0.41851 0.135952 1.0 0.4104 0.14253 1.0 0.425537 0.141519 1.0
0 0.51416 0.102377 0.030273 0.091408 0.50885 0.096826 1.0 0.523398 0.096826 1.0 0.516279 0.11479 1.0 0.50885 0.122903 1.0 0.52247 0.121744 1.0
0 0.622559 0.11883 0.03418 0.084095 0.614986 0.11049 1.0 0.630288 0.109958 1.0 0.62207 0.125874 1.0 0.614419 0.136483 1.0 0.631139 0.135952 1.0
0 0.726074 0.149909 0.032227 0.080439 0.71991 0.14302 1.0 0.735316 0.142514 1.0 0.727208 0.160731 1.0 0.719369 0.169839 1.0 0.734506 0.169333 1.0
0 0.815918 0.135283 0.030273 0.076782 0.806274 0.123662 1.0 0.819092 0.124642 1.0 0.809151 0.138353 1.0 0.80732 0.151574 1.0 0.820661 0.150104 1.0
0 0.196777 0.361974 0.032227 0.091408 0.190229 0.350631 1.0 0.205706 0.350631 1.0 0.197349 0.367435 1.0 0.190539 0.379024 1.0 0.203539 0.379024 1.0
0 0.315918 0.345521 0.032227 0.076782 0.308742 0.340755 1.0 0.324433 0.338828 1.0 0.316716 0.357609 1.0 0.310028 0.36772 1.0 0.324175 0.367238 1.0
0 0.41748 0.353748 0.032227 0.085923 0.410662 0.346909 1.0 0.426775 0.346909 1.0 0.418431 0.361991 1.0 0.410374 0.371148 1.0 0.425049 0.371148 1.0
0 0.52832 0.372943 0.029297 0.087751 0.521484 0.365631 1.0 0.536133 0.365631 1.0 0.52832 0.382084 1.0 0.522461 0.393053 1.0 0.535156 0.393053 1.0
0 0.635742 0.367459 0.03125 0.076782 0.627537 0.358358 1.0 0.643999 0.358358 1.0 0.635769 0.374249 1.0 0.628566 0.383399 1.0 0.643999 0.382916 1.0
0 0.744629 0.359232 0.030273 0.074954 0.735396 0.354417 1.0 0.750313 0.353936 1.0 0.74234 0.369344 1.0 0.735652 0.378494 1.0 0.751343 0.379455 1.0