0 0.225098 0.21519 0.075195 0.170886 0.197262 0.189541 1.0 0.229278 0.18738 1.0 0.207934 0.217641 1.0 0.198596 0.252225 1.0 0.227277 0.250063 1.0
0 0.112793 0.359968 0.073242 0.166139 0.090215 0.339177 1.0 0.12251 0.343972 1.0 0.101484 0.367832 1.0 0.090088 0.393892 1.0 0.114375 0.397991 1.0
0 0.316406 0.280854 0.076172 0.162975 0.303824 0.259437 1.0 0.33756 0.2615 1.0 0.321646 0.288313 1.0 0.301915 0.312033 1.0 0.33374 0.316158 1.0
0 0.369141 0.522152 0.070312 0.158228 0.349597 0.490486 1.0 0.380332 0.49646 1.0 0.352055 0.499449 1.0 0.339146 0.544269 1.0 0.360661 0.549248 1.0
0 0.352051 0.123418 0.069336 0.151899 0.335938 0.098101 1.0 0.374023 0.102848 1.0 0.353516 0.128165 1.0 0.341797 0.151899 1.0 0.366211 0.158228 1.0
0 0.468262 0.160601 0.055664 0.125 0.453125 0.135285 1.0 0.477539 0.136076 1.0 0.466797 0.155063 1.0 0.459473 0.186709 1.0 0.478027 0.185918 1.0
0 0.534668 0.053006 0.071289 0.106013 0.524414 0.039557 1.0 0.552734 0.039557 1.0 0.540039 0.058544 1.0 0.530273 0.080696 1.0 0.552734 0.079114 1.0
0 0.696777 0.099684 0.061523 0.170886 0.68185 0.072134 1.0 0.710729 0.07506 1.0 0.686663 0.090657 1.0 0.675834 0.132573 1.0 0.696891 0.14037 1.0
0 0.771484 0.301424 0.054688 0.140823 0.75293 0.275316 1.0 0.779297 0.278481 1.0 0.75293 0.303797 1.0 0.751953 0.330696 1.0 0.773438 0.335443 1.0
0 0.847656 0.452532 0.078125 0.18038 0.817383 0.43038 1.0 0.834961 0.427215 1.0 0.810547 0.463608 1.0 0.828125 0.496835 1.0 0.838867 0.493671 1.0
0 0.901367 0.112342 0.070312 0.167722 0.876225 0.082964 1.0 0.893293 0.085013 1.0 0.863582 0.107546 1.0 0.867375 0.143394 1.0 0.878121 0.145443 1.0
0 0.368652 0.910601 0.079102 0.143987 0.337568 0.882905 1.0 0.359724 0.894016 1.0 0.335985 0.923076 1.0 0.338623 0.94188 1.0 0.360779 0.944443 1.0
0 0.538086 0.935127 0.083984 0.129747 0.0 0.0 0.0 0.0 0.0 0.0 0.0 0.0 0.0 0.0 0.0 0.0 0.0 0.0 0.0
0 0.163086 0.493671 0.068359 0.148734 0.149262 0.469392 1.0 0.182312 0.464696 1.0 0.174194 0.496638 1.0 0.15622 0.525761 1.0 0.185791 0.524823 1.0
0 0.511719 0.155063 0.068359 0.142405 0.491232 0.134536 1.0 0.523346 0.134536 1.0 0.505074 0.168625 1.0 0.495108 0.200921 1.0 0.519471 0.197332 1.0
0 0.543945 0.310127 0.078125 0.158228 0.512329 0.264043 1.0 0.533081 0.264043 1.0 0.503784 0.283821 1.0 0.509888 0.329312 1.0 0.533691 0.317445 1.0
0 0.494141 0.393987 0.072266 0.136076 0.477422 0.356835 1.0 0.50082 0.360934 1.0 0.47375 0.371946 1.0 0.46623 0.414446 1.0 0.484336 0.417959 1.0