0 0.219238 0.316252 0.030273 0.052709 0.210101 0.304356 1.0 0.220302 0.304016 1.0 0.214635 0.313873 1.0 0.21078 0.324408 1.0 0.219622 0.325089 1.0
0 0.312012 0.31552 0.032227 0.065886 0.303101 0.307022 1.0 0.31982 0.307873 1.0 0.310185 0.319344 1.0 0.302534 0.329965 1.0 0.317553 0.330814 1.0
0 0.38916 0.317716 0.030273 0.052709 0.381871 0.308878 1.0 0.395473 0.308199 1.0 0.386632 0.319416 1.0 0.381417 0.328252 1.0 0.396833 0.328252 1.0
0 0.477051 0.382138 0.02832 0.055637 0.469482 0.369783 1.0 0.483137 0.374019 1.0 0.47631 0.381432 1.0 0.468306 0.389196 1.0 0.482431 0.390962 1.0
0 0.544922 0.349927 0.03125 0.04978 0.537445 0.335742 1.0 0.551117 0.335742 1.0 0.543213 0.349195 1.0 0.535309 0.356881 1.0 0.553039 0.355921 1.0
0 0.611328 0.325037 0.027344 0.043924 0.605778 0.311376 1.0 0.6189 0.315029 1.0 0.61084 0.319246 1.0 0.603903 0.326553 1.0 0.6189 0.329925 1.0
0 0.706543 0.372621 0.02832 0.045388 0.69723 0.360385 1.0 0.707206 0.362685 1.0 0.699916 0.372176 1.0 0.698957 0.378504 1.0 0.708356 0.380517 1.0
0 0.749023 0.360908 0.023438 0.054173 0.0 0.0 0.0 0.0 0.0 0.0 0.0 0.0 0.0 0.0 0.0 0.0 0.0 0.0 0.0
0 0.805664 0.400439 0.029297 0.051245 0.798828 0.388726 1.0 0.812928 0.392249 1.0 0.804596 0.402179 1.0 0.79776 0.408903 1.0 0.809937 0.412428 1.0
0 0.289551 0.338214 0.022461 0.035139 0.28476 0.327416 1.0 0.294678 0.327416 1.0 0.291168 0.333593 1.0 0.28476 0.343201 1.0 0.295288 0.343429 1.0
0 0.091797 0.490483 0.015625 0.023426 0.0 0.0 0.0 0.0 0.0 0.0 0.0 0.0 0.0 0.0 0.0 0.0 0.0 0.0 0.0
0 0.15332 0.474378 0.011719 0.023426 0.0 0.0 0.0 0.0 0.0 0.0 0.0 0.0 0.0 0.0 0.0 0.0 0.0 0.0 0.0
0 0.875 0.510981 0.013672 0.023426 0.0 0.0 0.0 0.0 0.0 0.0 0.0 0.0 0.0 0.0 0.0 0.0 0.0 0.0 0.0
0 0.095703 0.472914 0.011719 0.014641 0.0 0.0 0.0 0.0 0.0 0.0 0.0 0.0 0.0 0.0 0.0 0.0 0.0 0.0 0.0
0 0.989746 0.513909 0.012695 0.020498 0.0 0.0 0.0 0.0 0.0 0.0 0.0 0.0 0.0 0.0 0.0 0.0 0.0 0.0 0.0