0 0.071289 0.290823 0.037109 0.066127 0.070801 0.276316 1.0 0.085145 0.27969 1.0 0.080262 0.289811 1.0 0.071105 0.302463 1.0 0.083312 0.303306 1.0
0 0.179199 0.320513 0.03418 0.066127 0.17283 0.311103 1.0 0.186759 0.311103 1.0 0.180259 0.321368 1.0 0.174687 0.33249 1.0 0.18583 0.33249 1.0
0 0.288086 0.325911 0.035156 0.066127 0.27846 0.315831 1.0 0.294704 0.314584 1.0 0.285379 0.329134 1.0 0.279663 0.338695 1.0 0.293501 0.337032 1.0
0 0.461426 0.342105 0.032227 0.063428 0.455191 0.333893 1.0 0.469212 0.333893 1.0 0.460741 0.348829 1.0 0.454899 0.356094 1.0 0.464831 0.356498 1.0
0 0.536133 0.365722 0.03125 0.062078 0.531678 0.353908 1.0 0.545562 0.353516 1.0 0.540745 0.364089 1.0 0.531678 0.377012 1.0 0.543296 0.377795 1.0
0 0.624023 0.379892 0.029297 0.060729 0.619141 0.369771 1.0 0.631836 0.37247 1.0 0.625 0.383266 1.0 0.621094 0.394062 1.0 0.628906 0.394062 1.0
0 0.063477 0.622132 0.035156 0.070175 0.056057 0.610094 1.0 0.071542 0.610541 1.0 0.062187 0.62347 1.0 0.056701 0.63729 1.0 0.067348 0.637735 1.0
0 0.715332 0.6417 0.03418 0.05803 0.709961 0.631579 1.0 0.725586 0.630229 1.0 0.716797 0.642375 1.0 0.709961 0.65587 1.0 0.72168 0.65587 1.0
0 0.809082 0.55668 0.036133 0.060729 0.797782 0.545595 1.0 0.81536 0.545209 1.0 0.802525 0.557162 1.0 0.800851 0.569887 1.0 0.809501 0.570271 1.0
0 0.90625 0.524966 0.041016 0.059379 0.896637 0.518977 1.0 0.912018 0.518219 1.0 0.903504 0.529606 1.0 0.89856 0.536816 1.0 0.910645 0.537196 1.0
0 0.181641 0.620783 0.039062 0.070175 0.168248 0.611854 1.0 0.182766 0.612746 1.0 0.174377 0.62612 1.0 0.169216 0.638603 1.0 0.18341 0.638603 1.0
0 0.308105 0.582321 0.03418 0.076923 0.298322 0.572754 1.0 0.312979 0.572754 1.0 0.303327 0.586093 1.0 0.300109 0.601408 1.0 0.311907 0.601901 1.0
0 0.384277 0.491228 0.036133 0.059379 0.375763 0.485239 1.0 0.390869 0.485239 1.0 0.381256 0.500802 1.0 0.37796 0.509911 1.0 0.387299 0.509911 1.0
0 0.439941 0.630229 0.038086 0.064777 0.427595 0.617409 1.0 0.443604 0.616999 1.0 0.43382 0.632977 1.0 0.432042 0.642808 1.0 0.439453 0.641989 1.0
0 0.580078 0.534413 0.037109 0.064777 0.571986 0.519135 1.0 0.587105 0.520363 1.0 0.579102 0.533063 1.0 0.573766 0.548221 1.0 0.581474 0.54904 1.0
0 0.687988 0.356275 0.036133 0.05668 0.681449 0.351215 1.0 0.696882 0.35013 1.0 0.690604 0.362781 1.0 0.685634 0.372181 1.0 0.694005 0.371819 1.0
0 0.778809 0.360324 0.036133 0.05668 0.770508 0.350877 1.0 0.785156 0.350877 1.0 0.775391 0.361673 1.0 0.774414 0.37247 1.0 0.782227 0.37112 1.0
0 0.864258 0.347503 0.033203 0.063428 0.853036 0.342057 1.0 0.865984 0.342057 1.0 0.85764 0.35319 1.0 0.853899 0.362734 1.0 0.864546 0.362336 1.0