0 0.031738 0.506098 0.026367 0.046341 0.025582 0.500806 1.0 0.039002 0.503745 1.0 0.031232 0.507567 1.0 0.026289 0.515505 1.0 0.034764 0.51727 1.0
0 0.094727 0.509756 0.025391 0.043902 0.089347 0.503593 1.0 0.10002 0.502483 1.0 0.09535 0.510257 1.0 0.091348 0.518865 1.0 0.100241 0.518309 1.0
0 0.158691 0.529268 0.026367 0.043902 0.151311 0.524494 1.0 0.163539 0.523661 1.0 0.158203 0.531435 1.0 0.154423 0.540876 1.0 0.162872 0.539765 1.0
0 0.208008 0.516463 0.025391 0.042683 0.203596 0.509865 1.0 0.215148 0.510954 1.0 0.209264 0.517487 1.0 0.203813 0.526198 1.0 0.212969 0.527287 1.0
0 0.225098 0.536585 0.020508 0.031707 0.220703 0.536585 1.0 0.229492 0.536585 1.0 0.224609 0.541463 1.0 0.219727 0.546341 1.0 0.228516 0.545122 1.0
0 0.270996 0.525 0.02832 0.042683 0.262172 0.520851 1.0 0.274598 0.518946 1.0 0.26893 0.526568 1.0 0.265441 0.536095 1.0 0.275469 0.535006 1.0
0 0.336914 0.516463 0.025391 0.042683 0.330379 0.511188 1.0 0.340385 0.511188 1.0 0.335493 0.517296 1.0 0.329489 0.52757 1.0 0.341496 0.528124 1.0
0 0.314453 0.539634 0.017578 0.028049 0.0 0.0 0.0 0.0 0.0 0.0 0.0 0.0 0.0 0.0 0.0 0.0 0.0 0.0 0.0
0 0.389648 0.520732 0.023438 0.043902 0.384046 0.514013 1.0 0.397164 0.514568 1.0 0.39005 0.520677 1.0 0.385158 0.528451 1.0 0.393829 0.528729 1.0
0 0.436523 0.529878 0.025391 0.042683 0.429984 0.524096 1.0 0.443063 0.523279 1.0 0.436088 0.528724 1.0 0.43042 0.538523 1.0 0.442191 0.538251 1.0
0 0.508789 0.510976 0.025391 0.043902 0.503008 0.501927 1.0 0.51457 0.50165 1.0 0.507678 0.508868 1.0 0.505231 0.516921 1.0 0.513236 0.517476 1.0
0 0.546387 0.518902 0.030273 0.05 0.536869 0.510229 1.0 0.553589 0.50766 1.0 0.545101 0.514405 1.0 0.539956 0.524684 1.0 0.551531 0.523721 1.0
0 0.590332 0.525 0.026367 0.042683 0.584229 0.517857 1.0 0.59709 0.518129 1.0 0.590332 0.525207 1.0 0.585101 0.532556 1.0 0.595128 0.532829 1.0
0 0.650391 0.531098 0.025391 0.040244 0.643141 0.52598 1.0 0.656869 0.525724 1.0 0.650107 0.532889 1.0 0.643755 0.540821 1.0 0.65564 0.541077 1.0
0 0.727051 0.522561 0.02832 0.045122 0.720066 0.513839 1.0 0.730927 0.513262 1.0 0.725612 0.519033 1.0 0.721684 0.529421 1.0 0.731851 0.528555 1.0
0 0.787109 0.532317 0.025391 0.040244 0.781703 0.524445 1.0 0.794817 0.525212 1.0 0.78744 0.531098 1.0 0.782933 0.539798 1.0 0.792769 0.54031 1.0
0 0.852539 0.544512 0.023438 0.037805 0.847146 0.536678 1.0 0.858721 0.536923 1.0 0.853031 0.541333 1.0 0.848716 0.549172 1.0 0.85774 0.550152 1.0
0 0.893555 0.527439 0.027344 0.045122 0.886684 0.520601 1.0 0.90006 0.520035 1.0 0.893712 0.526263 1.0 0.889178 0.537304 1.0 0.899605 0.536455 1.0
0 0.956055 0.515854 0.027344 0.043902 0.948451 0.510523 1.0 0.959124 0.508024 1.0 0.954232 0.518021 1.0 0.951564 0.525795 1.0 0.960235 0.524962 1.0
0 0.877441 0.537195 0.018555 0.035366 0.873199 0.533074 1.0 0.880171 0.531957 1.0 0.880528 0.539994 1.0 0.875881 0.545574 1.0 0.881958 0.544904 1.0
0 0.808105 0.557317 0.020508 0.036585 0.0 0.0 0.0 0.0 0.0 0.0 0.0 0.0 0.0 0.0 0.0 0.0 0.0 0.0 0.0
0 0.76123 0.55122 0.024414 0.039024 0.0 0.0 0.0 0.0 0.0 0.0 0.0 0.0 0.0 0.0 0.0 0.0 0.0 0.0 0.0
0 0.661621 0.560366 0.024414 0.037805 0.0 0.0 0.0 0.0 0.0 0.0 0.0 0.0 0.0 0.0 0.0 0.0 0.0 0.0 0.0
0 0.713379 0.54939 0.022461 0.035366 0.0 0.0 0.0 0.0 0.0 0.0 0.0 0.0 0.0 0.0 0.0 0.0 0.0 0.0 0.0
0 0.975098 0.529878 0.022461 0.037805 0.0 0.0 0.0 0.0 0.0 0.0 0.0 0.0 0.0 0.0 0.0 0.0 0.0 0.0 0.0
0 0.916992 0.545122 0.027344 0.039024 0.0 0.0 0.0 0.0 0.0 0.0 0.0 0.0 0.0 0.0 0.0 0.0 0.0 0.0 0.0