0 0.181152 0.215125 0.030273 0.063142 0.0 0.0 0.0 0.0 0.0 0.0 0.0 0.0 0.0 0.0 0.0 0.0 0.0 0.0 0.0
0 0.390625 0.21072 0.042969 0.095448 0.391676 0.191571 1.0 0.408299 0.190962 1.0 0.408299 0.206203 1.0 0.394108 0.226931 1.0 0.405866 0.223883 1.0
0 0.618652 0.368576 0.049805 0.073421 0.616908 0.356514 1.0 0.632604 0.369257 1.0 0.621303 0.382946 1.0 0.604353 0.373505 1.0 0.615967 0.386721 1.0
0 0.789551 0.248164 0.047852 0.076358 0.784925 0.234031 1.0 0.80784 0.239295 1.0 0.797019 0.255087 1.0 0.783016 0.261787 1.0 0.804339 0.26753 1.0
0 0.434082 0.409692 0.03418 0.0558 0.429574 0.389514 1.0 0.445583 0.38916 1.0 0.445348 0.407568 1.0 0.433105 0.421373 1.0 0.442052 0.421373 1.0
0 0.979492 0.413363 0.023438 0.042584 0.975607 0.410013 1.0 0.986512 0.40867 1.0 0.981686 0.418345 1.0 0.97811 0.424527 1.0 0.984902 0.424258 1.0
0 0.024414 0.435389 0.019531 0.042584 0.0 0.0 0.0 0.0 0.0 0.0 0.0 0.0 0.0 0.0 0.0 0.0 0.0 0.0 0.0
0 0.084961 0.452276 0.019531 0.038179 0.0 0.0 0.0 0.0 0.0 0.0 0.0 0.0 0.0 0.0 0.0 0.0 0.0 0.0 0.0
0 0.843262 0.422173 0.020508 0.033774 0.836012 0.409626 1.0 0.843349 0.40941 1.0 0.839465 0.416981 1.0 0.837162 0.423256 1.0 0.843637 0.423038 1.0
0 0.896973 0.413363 0.022461 0.030837 0.890625 0.402035 1.0 0.90332 0.401195 1.0 0.897042 0.411474 1.0 0.893275 0.418188 1.0 0.90067 0.417978 1.0
0 0.23291 0.329662 0.016602 0.024963 0.0 0.0 0.0 0.0 0.0 0.0 0.0 0.0 0.0 0.0 0.0 0.0 0.0 0.0 0.0