0 0.083008 0.276316 0.023438 0.035088 0.076556 0.266447 1.0 0.080165 0.266212 1.0 0.075928 0.272557 1.0 0.075457 0.281719 1.0 0.077968 0.28125 1.0
0 0.165039 0.266813 0.021484 0.033626 0.164464 0.257982 1.0 0.172376 0.254751 1.0 0.172232 0.265306 1.0 0.167772 0.273275 1.0 0.172376 0.272197 1.0
0 0.196289 0.27193 0.023438 0.035088 0.193115 0.267465 1.0 0.202218 0.26676 1.0 0.198295 0.274515 1.0 0.193743 0.281094 1.0 0.201747 0.281329 1.0
0 0.235352 0.27193 0.021484 0.04386 0.235535 0.268275 1.0 0.244141 0.26855 1.0 0.240662 0.274579 1.0 0.235535 0.281158 1.0 0.243408 0.281708 1.0
0 0.103516 0.459795 0.03125 0.045322 0.094787 0.446728 1.0 0.108717 0.447316 1.0 0.100869 0.459064 1.0 0.097142 0.46582 1.0 0.108128 0.464645 1.0
0 0.147461 0.464181 0.03125 0.042398 0.139038 0.46375 1.0 0.149667 0.458646 1.0 0.145255 0.470355 1.0 0.143049 0.47726 1.0 0.152876 0.473358 1.0
0 0.217285 0.404971 0.022461 0.038012 0.210842 0.401276 1.0 0.218794 0.401525 1.0 0.213989 0.408469 1.0 0.211339 0.415414 1.0 0.218628 0.415414 1.0
0 0.335938 0.377924 0.025391 0.05117 0.331308 0.37295 1.0 0.341771 0.374582 1.0 0.335667 0.384047 1.0 0.330871 0.390247 1.0 0.339591 0.391551 1.0
0 0.288086 0.281433 0.017578 0.027778 0.287851 0.27627 1.0 0.294678 0.275037 1.0 0.293383 0.282966 1.0 0.288439 0.287901 1.0 0.294678 0.287725 1.0
0 0.328613 0.274123 0.020508 0.039474 0.322854 0.265722 1.0 0.329825 0.265978 1.0 0.323024 0.269541 1.0 0.320813 0.278705 1.0 0.328295 0.279468 1.0
0 0.317871 0.250731 0.016602 0.03655 0.314384 0.246006 1.0 0.320661 0.246006 1.0 0.317052 0.252114 1.0 0.313756 0.259164 1.0 0.319249 0.259399 1.0
0 0.352539 0.276316 0.013672 0.035088 0.347412 0.271303 1.0 0.353489 0.273079 1.0 0.347709 0.278183 1.0 0.346375 0.284618 1.0 0.352452 0.284618 1.0
0 0.015137 0.288743 0.030273 0.048246 0.010742 0.282686 1.0 0.020577 0.28112 1.0 0.019531 0.292398 1.0 0.014928 0.300542 1.0 0.023507 0.299917 1.0
0 0.375 0.295322 0.017578 0.035088 0.372628 0.290975 1.0 0.380633 0.292307 1.0 0.375444 0.297411 1.0 0.372184 0.302515 1.0 0.378409 0.304512 1.0
0 0.398926 0.255117 0.018555 0.039474 0.39352 0.251515 1.0 0.400321 0.252297 1.0 0.395961 0.258563 1.0 0.394392 0.263262 1.0 0.399972 0.263523 1.0
0 0.416504 0.302632 0.016602 0.035088 0.413051 0.297697 1.0 0.419329 0.300987 1.0 0.412267 0.304981 1.0 0.411796 0.310855 1.0 0.415719 0.312031 1.0
0 0.445801 0.29386 0.018555 0.032164 0.0 0.0 0.0 0.0 0.0 0.0 0.0 0.0 0.0 0.0 0.0 0.0 0.0 0.0 0.0
0 0.461426 0.252924 0.014648 0.035088 0.0 0.0 0.0 0.0 0.0 0.0 0.0 0.0 0.0 0.0 0.0 0.0 0.0 0.0 0.0
0 0.472168 0.224415 0.018555 0.027778 0.0 0.0 0.0 0.0 0.0 0.0 0.0 0.0 0.0 0.0 0.0 0.0 0.0 0.0 0.0
0 0.493652 0.268275 0.022461 0.03655 0.487653 0.26449 1.0 0.495344 0.26261 1.0 0.491577 0.270364 1.0 0.488752 0.276472 1.0 0.496442 0.274358 1.0
0 0.514648 0.239035 0.017578 0.03655 0.510062 0.23431 1.0 0.517596 0.235484 1.0 0.513044 0.23948 1.0 0.510062 0.245588 1.0 0.514457 0.246292 1.0
0 0.453613 0.381579 0.016602 0.035088 0.0 0.0 0.0 0.0 0.0 0.0 0.0 0.0 0.0 0.0 0.0 0.0 0.0 0.0 0.0
0 0.438477 0.519006 0.025391 0.049708 0.431571 0.513158 1.0 0.442034 0.513471 1.0 0.436384 0.521303 1.0 0.432617 0.528509 1.0 0.441406 0.529136 1.0
0 0.46582 0.541667 0.03125 0.054094 0.45537 0.540205 1.0 0.465999 0.53294 1.0 0.461609 0.542972 1.0 0.459298 0.553349 1.0 0.46831 0.548852 1.0
0 0.504395 0.446637 0.022461 0.048246 0.500297 0.44173 1.0 0.509722 0.438662 1.0 0.506034 0.447864 1.0 0.5046 0.457987 1.0 0.509312 0.456146 1.0
0 0.529785 0.377193 0.018555 0.035088 0.526786 0.377193 1.0 0.534005 0.372023 1.0 0.534477 0.380952 1.0 0.532436 0.389411 1.0 0.537145 0.384947 1.0
0 0.549316 0.258772 0.018555 0.040936 0.546178 0.257572 1.0 0.553502 0.258094 1.0 0.549316 0.264098 1.0 0.546875 0.269841 1.0 0.551583 0.270102 1.0
0 0.5625 0.22076 0.017578 0.038012 0.560071 0.214716 1.0 0.566201 0.216165 1.0 0.562813 0.222444 1.0 0.559588 0.228481 1.0 0.563781 0.229206 1.0
0 0.583984 0.290205 0.021484 0.030702 0.0 0.0 0.0 0.0 0.0 0.0 0.0 0.0 0.0 0.0 0.0 0.0 0.0 0.0 0.0
0 0.552734 0.468567 0.027344 0.042398 0.0 0.0 0.0 0.0 0.0 0.0 0.0 0.0 0.0 0.0 0.0 0.0 0.0 0.0 0.0
0 0.618164 0.362573 0.015625 0.032164 0.612383 0.359904 1.0 0.620296 0.357965 1.0 0.616556 0.364857 1.0 0.614686 0.37175 1.0 0.620871 0.369596 1.0
0 0.758301 0.291667 0.020508 0.042398 0.751831 0.288743 1.0 0.755311 0.289291 1.0 0.749268 0.296966 1.0 0.752381 0.303819 1.0 0.754761 0.303819 1.0
0 0.794434 0.234649 0.016602 0.045322 0.789638 0.231621 1.0 0.798846 0.230759 1.0 0.792707 0.237939 1.0 0.790021 0.24598 1.0 0.795009 0.246554 1.0
0 0.813965 0.269737 0.024414 0.033626 0.806728 0.257231 1.0 0.814889 0.256762 1.0 0.809396 0.266161 1.0 0.806571 0.275323 1.0 0.815203 0.275089 1.0
0 0.862793 0.341374 0.024414 0.048246 0.853494 0.337386 1.0 0.861895 0.335545 1.0 0.853289 0.343522 1.0 0.852879 0.353031 1.0 0.859846 0.352724 1.0
0 0.709961 0.461988 0.027344 0.052632 0.0 0.0 0.0 0.0 0.0 0.0 0.0 0.0 0.0 0.0 0.0 0.0 0.0 0.0 0.0
0 0.684082 0.584064 0.038086 0.074561 0.678746 0.570175 1.0 0.693813 0.580513 1.0 0.68471 0.587092 1.0 0.674037 0.590852 1.0 0.687221 0.599781 1.0
0 0.746582 0.260965 0.020508 0.03655 0.0 0.0 0.0 0.0 0.0 0.0 0.0 0.0 0.0 0.0 0.0 0.0 0.0 0.0 0.0
0 0.882324 0.241959 0.024414 0.048246 0.877328 0.238278 1.0 0.886959 0.235518 1.0 0.882041 0.2438 1.0 0.879377 0.25423 1.0 0.887163 0.252389 1.0
0 0.905762 0.285819 0.024414 0.03655 0.893974 0.273105 1.0 0.904175 0.271225 1.0 0.895856 0.283208 1.0 0.895699 0.293547 1.0 0.906059 0.289787 1.0
0 0.841797 0.521199 0.035156 0.057018 0.834835 0.514379 1.0 0.848502 0.511148 1.0 0.842987 0.525148 1.0 0.840109 0.536275 1.0 0.849701 0.534481 1.0
0 0.729004 0.227339 0.018555 0.027778 0.0 0.0 0.0 0.0 0.0 0.0 0.0 0.0 0.0 0.0 0.0 0.0 0.0 0.0 0.0
0 0.634277 0.393275 0.018555 0.032164 0.628061 0.38926 1.0 0.637791 0.38926 1.0 0.630764 0.395937 1.0 0.629547 0.403424 1.0 0.635764 0.404436 1.0
0 0.67041 0.280702 0.022461 0.040936 0.665911 0.277151 1.0 0.675153 0.276368 1.0 0.670968 0.2842 1.0 0.666957 0.289683 1.0 0.674107 0.289683 1.0
0 0.606934 0.254386 0.016602 0.038012 0.0 0.0 0.0 0.0 0.0 0.0 0.0 0.0 0.0 0.0 0.0 0.0 0.0 0.0 0.0
0 0.622559 0.25731 0.016602 0.032164 0.0 0.0 0.0 0.0 0.0 0.0 0.0 0.0 0.0 0.0 0.0 0.0 0.0 0.0 0.0
0 0.651367 0.255848 0.017578 0.035088 0.645874 0.248263 1.0 0.652436 0.249406 1.0 0.643738 0.258316 1.0 0.644653 0.265168 1.0 0.648468 0.265854 1.0
0 0.687988 0.237573 0.020508 0.039474 0.0 0.0 0.0 0.0 0.0 0.0 0.0 0.0 0.0 0.0 0.0 0.0 0.0 0.0 0.0
0 0.726562 0.255848 0.019531 0.040936 0.723284 0.25517 1.0 0.732178 0.252297 1.0 0.72712 0.26039 1.0 0.725377 0.268484 1.0 0.732701 0.265613 1.0
0 0.708496 0.380117 0.020508 0.038012 0.701878 0.377455 1.0 0.709943 0.376006 1.0 0.704781 0.385665 1.0 0.703813 0.389529 1.0 0.70833 0.389045 1.0