0 0.441406 0.133793 0.054688 0.113103 0.448992 0.11165 1.0 0.459612 0.110937 1.0 0.460624 0.144508 1.0 0.437866 0.160222 1.0 0.4409 0.160937 1.0
0 0.625488 0.297931 0.061523 0.121379 0.608961 0.273763 1.0 0.645961 0.27452 1.0 0.629338 0.304058 1.0 0.614323 0.322236 1.0 0.640599 0.322236 1.0
0 0.044434 0.367586 0.016602 0.031724 0.041173 0.361244 1.0 0.049474 0.361034 1.0 0.045916 0.368153 1.0 0.042507 0.374015 1.0 0.048584 0.373596 1.0
0 0.005371 0.468276 0.008789 0.031724 0.0 0.0 0.0 0.0 0.0 0.0 0.0 0.0 0.0 0.0 0.0 0.0 0.0 0.0 0.0
0 0.076172 0.482759 0.017578 0.035862 0.07122 0.480677 1.0 0.081159 0.480677 1.0 0.076189 0.490739 1.0 0.072876 0.497057 1.0 0.080662 0.497291 1.0
0 0.092773 0.466207 0.015625 0.033103 0.0 0.0 0.0 0.0 0.0 0.0 0.0 0.0 0.0 0.0 0.0 0.0 0.0 0.0 0.0
0 0.106445 0.366897 0.013672 0.030345 0.0 0.0 0.0 0.0 0.0 0.0 0.0 0.0 0.0 0.0 0.0 0.0 0.0 0.0 0.0
0 0.154297 0.484828 0.017578 0.026207 0.0 0.0 0.0 0.0 0.0 0.0 0.0 0.0 0.0 0.0 0.0 0.0 0.0 0.0 0.0
0 0.175781 0.470345 0.017578 0.030345 0.0 0.0 0.0 0.0 0.0 0.0 0.0 0.0 0.0 0.0 0.0 0.0 0.0 0.0 0.0
0 0.189941 0.403448 0.014648 0.031724 0.186863 0.396989 1.0 0.194057 0.397599 1.0 0.190173 0.404305 1.0 0.185568 0.406337 1.0 0.192618 0.407759 1.0
0 0.217285 0.408276 0.014648 0.024828 0.212206 0.402931 1.0 0.220328 0.401601 1.0 0.217386 0.407919 1.0 0.214561 0.412408 1.0 0.219857 0.411577 1.0
0 0.162109 0.43931 0.011719 0.028966 0.0 0.0 0.0 0.0 0.0 0.0 0.0 0.0 0.0 0.0 0.0 0.0 0.0 0.0 0.0
0 0.149902 0.433793 0.012695 0.023448 0.148542 0.43133 1.0 0.154428 0.429328 1.0 0.151921 0.435487 1.0 0.152248 0.44072 1.0 0.155627 0.438873 1.0
0 0.746582 0.336552 0.014648 0.022069 0.0 0.0 0.0 0.0 0.0 0.0 0.0 0.0 0.0 0.0 0.0 0.0 0.0 0.0 0.0
0 0.745605 0.375862 0.018555 0.031724 0.742188 0.371626 1.0 0.751396 0.372217 1.0 0.745536 0.377143 1.0 0.742745 0.383646 1.0 0.749442 0.383843 1.0
0 0.743164 0.409655 0.017578 0.024828 0.0 0.0 0.0 0.0 0.0 0.0 0.0 0.0 0.0 0.0 0.0 0.0 0.0 0.0 0.0
0 0.790527 0.404138 0.022461 0.030345 0.786242 0.402512 1.0 0.795306 0.399058 1.0 0.792428 0.406779 1.0 0.789982 0.414908 1.0 0.795162 0.414095 1.0
0 0.80957 0.375862 0.017578 0.031724 0.0 0.0 0.0 0.0 0.0 0.0 0.0 0.0 0.0 0.0 0.0 0.0 0.0 0.0 0.0
0 0.804199 0.342759 0.016602 0.023448 0.0 0.0 0.0 0.0 0.0 0.0 0.0 0.0 0.0 0.0 0.0 0.0 0.0 0.0 0.0
0 0.864746 0.286897 0.014648 0.024828 0.861877 0.282796 1.0 0.867658 0.282476 1.0 0.864145 0.287759 1.0 0.862444 0.292241 1.0 0.866411 0.292401 1.0
0 0.833984 0.37931 0.019531 0.033103 0.828918 0.373879 1.0 0.838227 0.374095 1.0 0.833344 0.380345 1.0 0.828918 0.388966 1.0 0.838074 0.38875 1.0
0 0.878418 0.378621 0.020508 0.031724 0.0 0.0 0.0 0.0 0.0 0.0 0.0 0.0 0.0 0.0 0.0 0.0 0.0 0.0 0.0
0 0.852051 0.415862 0.018555 0.031724 0.0 0.0 0.0 0.0 0.0 0.0 0.0 0.0 0.0 0.0 0.0 0.0 0.0 0.0 0.0
0 0.916504 0.374483 0.020508 0.04 0.910461 0.369138 1.0 0.919982 0.368361 1.0 0.914673 0.376637 1.0 0.912842 0.383621 1.0 0.918335 0.383879 1.0
0 0.90332 0.349655 0.019531 0.034483 0.0 0.0 0.0 0.0 0.0 0.0 0.0 0.0 0.0 0.0 0.0 0.0 0.0 0.0 0.0
0 0.905762 0.288966 0.014648 0.028966 0.9023 0.28495 1.0 0.908447 0.28495 1.0 0.905178 0.290677 1.0 0.902692 0.294742 1.0 0.907531 0.294742 1.0
0 0.934082 0.28069 0.012695 0.028966 0.0 0.0 0.0 0.0 0.0 0.0 0.0 0.0 0.0 0.0 0.0 0.0 0.0 0.0 0.0
0 0.918457 0.42069 0.020508 0.035862 0.0 0.0 0.0 0.0 0.0 0.0 0.0 0.0 0.0 0.0 0.0 0.0 0.0 0.0 0.0
0 0.937012 0.404828 0.010742 0.034483 0.0 0.0 0.0 0.0 0.0 0.0 0.0 0.0 0.0 0.0 0.0 0.0 0.0 0.0 0.0
0 0.957031 0.275172 0.015625 0.028966 0.95445 0.27005 1.0 0.961121 0.269495 1.0 0.958112 0.275037 1.0 0.95615 0.28021 1.0 0.960598 0.28021 1.0
0 0.974121 0.396552 0.020508 0.034483 0.0 0.0 0.0 0.0 0.0 0.0 0.0 0.0 0.0 0.0 0.0 0.0 0.0 0.0 0.0
0 0.949707 0.39931 0.016602 0.028966 0.0 0.0 0.0 0.0 0.0 0.0 0.0 0.0 0.0 0.0 0.0 0.0 0.0 0.0 0.0
0 0.995117 0.390345 0.009766 0.030345 0.0 0.0 0.0 0.0 0.0 0.0 0.0 0.0 0.0 0.0 0.0 0.0 0.0 0.0 0.0