0 0.870117 0.189427 0.03125 0.064611 0.861468 0.18105 1.0 0.874712 0.176985 1.0 0.866874 0.192023 1.0 0.864981 0.204216 1.0 0.876604 0.201778 1.0
0 0.794434 0.234949 0.030273 0.058737 0.788727 0.230477 1.0 0.802146 0.229357 1.0 0.795685 0.24393 1.0 0.788976 0.253272 1.0 0.801151 0.253272 1.0
0 0.756836 0.259178 0.03125 0.060206 0.751435 0.252294 1.0 0.76481 0.249587 1.0 0.760437 0.263511 1.0 0.755035 0.276661 1.0 0.76481 0.273953 1.0
0 0.73291 0.424376 0.03418 0.061674 0.731637 0.415722 1.0 0.74707 0.414935 1.0 0.741315 0.429095 1.0 0.734515 0.438142 1.0 0.742885 0.437749 1.0
0 0.8125 0.468429 0.035156 0.0558 0.804387 0.459009 1.0 0.822409 0.456229 1.0 0.815478 0.472211 1.0 0.809701 0.482982 1.0 0.821947 0.482634 1.0
0 0.691895 0.226138 0.02832 0.049927 0.686523 0.217327 1.0 0.699219 0.215859 1.0 0.691406 0.227606 1.0 0.6875 0.239354 1.0 0.696289 0.240822 1.0
0 0.638184 0.232746 0.030273 0.057269 0.635742 0.223935 1.0 0.647461 0.223568 1.0 0.641846 0.237151 1.0 0.633301 0.246329 1.0 0.646484 0.246696 1.0
0 0.594238 0.244493 0.02832 0.057269 0.585938 0.234949 1.0 0.597656 0.230543 1.0 0.59375 0.246696 1.0 0.589844 0.259912 1.0 0.600586 0.256975 1.0
0 0.564453 0.246696 0.033203 0.061674 0.562164 0.243254 1.0 0.576568 0.240934 1.0 0.571424 0.254858 1.0 0.567052 0.266073 1.0 0.576054 0.26414 1.0
0 0.632324 0.403084 0.03418 0.066079 0.62799 0.389225 1.0 0.642822 0.388812 1.0 0.637604 0.405332 1.0 0.628266 0.416896 1.0 0.643097 0.414419 1.0
0 0.568359 0.519824 0.035156 0.061674 0.560547 0.506608 1.0 0.579102 0.508076 1.0 0.569336 0.519824 1.0 0.560547 0.531571 1.0 0.575195 0.531571 1.0
0 0.384766 0.456681 0.039062 0.076358 0.383632 0.451345 1.0 0.400408 0.450374 1.0 0.395892 0.468325 1.0 0.387181 0.476085 1.0 0.389116 0.476085 1.0
0 0.266602 0.251836 0.033203 0.057269 0.26123 0.244493 1.0 0.2771 0.241557 1.0 0.271973 0.255507 1.0 0.265137 0.26652 1.0 0.27832 0.263216 1.0
0 0.354492 0.230543 0.03125 0.067548 0.348258 0.221714 1.0 0.36271 0.222991 1.0 0.354775 0.237479 1.0 0.347975 0.246853 1.0 0.36016 0.248132 1.0
0 0.392578 0.193098 0.033203 0.066079 0.388532 0.18691 1.0 0.402763 0.18649 1.0 0.40081 0.194881 1.0 0.389369 0.208727 1.0 0.403878 0.208727 1.0
0 0.442383 0.262849 0.029297 0.0558 0.4375 0.25257 1.0 0.449219 0.25257 1.0 0.444336 0.262849 1.0 0.4375 0.274596 1.0 0.451172 0.273128 1.0
0 0.484375 0.246696 0.029297 0.058737 0.480647 0.236247 1.0 0.494066 0.235872 1.0 0.487605 0.248577 1.0 0.480647 0.260535 1.0 0.492078 0.259787 1.0
0 0.523926 0.244493 0.02832 0.048458 0.519112 0.234411 1.0 0.530143 0.23411 1.0 0.525932 0.242554 1.0 0.519715 0.250997 1.0 0.531747 0.251599 1.0
0 0.192871 0.282673 0.03418 0.060206 0.184056 0.269771 1.0 0.200239 0.270151 1.0 0.192906 0.288022 1.0 0.186079 0.296006 1.0 0.197963 0.295626 1.0
0 0.131348 0.23862 0.036133 0.071953 0.127075 0.22825 1.0 0.142334 0.231921 1.0 0.13623 0.246605 1.0 0.12616 0.256241 1.0 0.139282 0.257618 1.0