0 0.207031 0.227994 0.035156 0.07215 0.195221 0.21904 1.0 0.211936 0.219955 1.0 0.20203 0.230475 1.0 0.196149 0.245569 1.0 0.207912 0.246482 1.0
0 0.160156 0.542569 0.037109 0.069264 0.150478 0.534554 1.0 0.167079 0.534993 1.0 0.157296 0.550325 1.0 0.153442 0.561276 1.0 0.16204 0.561714 1.0
0 0.421875 0.251804 0.035156 0.073593 0.411028 0.243198 1.0 0.428292 0.241805 1.0 0.420131 0.254329 1.0 0.413539 0.269172 1.0 0.427351 0.268707 1.0
0 0.323242 0.243867 0.035156 0.069264 0.315639 0.237734 1.0 0.330462 0.239925 1.0 0.320976 0.25219 1.0 0.312378 0.263141 1.0 0.324532 0.265332 1.0
0 0.321289 0.558442 0.037109 0.077922 0.311619 0.553417 1.0 0.327941 0.551909 1.0 0.320121 0.569999 1.0 0.312979 0.582058 1.0 0.327602 0.582058 1.0
0 0.533691 0.222944 0.03418 0.073593 0.522845 0.212019 1.0 0.540736 0.212019 1.0 0.531006 0.225469 1.0 0.525355 0.240312 1.0 0.53697 0.240312 1.0
0 0.647949 0.238817 0.038086 0.076479 0.638306 0.230603 1.0 0.654 0.230603 1.0 0.643864 0.245098 1.0 0.63896 0.259108 1.0 0.650403 0.259108 1.0
0 0.766602 0.22583 0.037109 0.079365 0.757271 0.217069 1.0 0.774614 0.216566 1.0 0.766113 0.234153 1.0 0.760673 0.249227 1.0 0.775635 0.247216 1.0
0 0.84375 0.537518 0.039062 0.079365 0.8334 0.526245 1.0 0.853123 0.52725 1.0 0.841901 0.546846 1.0 0.836121 0.559911 1.0 0.849723 0.559911 1.0
0 0.654297 0.53824 0.037109 0.083694 0.643079 0.531102 1.0 0.662619 0.531102 1.0 0.65285 0.55142 1.0 0.648507 0.563183 1.0 0.657915 0.564786 1.0
0 0.484863 0.534632 0.038086 0.076479 0.4744 0.523519 1.0 0.493038 0.52497 1.0 0.481921 0.538498 1.0 0.475708 0.554924 1.0 0.488133 0.553958 1.0