0 0.134766 0.236417 0.039062 0.076358 0.126857 0.23011 1.0 0.143956 0.229626 1.0 0.134923 0.243209 1.0 0.127825 0.25291 1.0 0.142021 0.254852 1.0
0 0.234375 0.248164 0.033203 0.061674 0.22862 0.241189 1.0 0.244576 0.243943 1.0 0.235683 0.254562 1.0 0.227836 0.26125 1.0 0.242745 0.263609 1.0
0 0.273926 0.428781 0.032227 0.064611 0.263886 0.422264 1.0 0.277618 0.421026 1.0 0.270203 0.433416 1.0 0.26416 0.443327 1.0 0.279541 0.442915 1.0
0 0.160645 0.582232 0.032227 0.066079 0.151576 0.575624 1.0 0.167201 0.576044 1.0 0.15911 0.589888 1.0 0.152972 0.59828 1.0 0.166364 0.59786 1.0
0 0.191406 0.501468 0.035156 0.069016 0.183716 0.495385 1.0 0.201207 0.497614 1.0 0.192609 0.508313 1.0 0.18253 0.517674 1.0 0.197649 0.519903 1.0
0 0.319824 0.591777 0.038086 0.073421 0.309466 0.586113 1.0 0.326416 0.586113 1.0 0.317313 0.600273 1.0 0.309466 0.609712 1.0 0.326729 0.609712 1.0
0 0.339844 0.491189 0.033203 0.069016 0.330204 0.485919 1.0 0.347438 0.487236 1.0 0.337215 0.501291 1.0 0.331957 0.50788 1.0 0.345686 0.508319 1.0
0 0.354492 0.255507 0.033203 0.061674 0.345895 0.25 1.0 0.360021 0.251181 1.0 0.351388 0.264947 1.0 0.34668 0.270454 1.0 0.361328 0.270454 1.0
0 0.470215 0.263583 0.03418 0.063142 0.459887 0.255985 1.0 0.473981 0.257185 1.0 0.465206 0.269981 1.0 0.460419 0.275979 1.0 0.474247 0.276379 1.0
0 0.39209 0.421439 0.030273 0.061674 0.38398 0.415539 1.0 0.396014 0.415932 1.0 0.388951 0.427339 1.0 0.38398 0.434812 1.0 0.396798 0.434812 1.0
0 0.439941 0.515419 0.032227 0.070485 0.430961 0.510383 1.0 0.44608 0.509492 1.0 0.437779 0.525094 1.0 0.432442 0.534455 1.0 0.445487 0.532673 1.0
0 0.499023 0.426579 0.033203 0.063142 0.490208 0.419341 1.0 0.503453 0.419747 1.0 0.495344 0.431941 1.0 0.489127 0.439664 1.0 0.503453 0.439664 1.0
0 0.540039 0.500734 0.033203 0.061674 0.529872 0.4968 1.0 0.543213 0.496015 1.0 0.534058 0.507421 1.0 0.530396 0.516073 1.0 0.543736 0.516073 1.0
0 0.460938 0.593979 0.033203 0.066079 0.450475 0.58905 1.0 0.466378 0.58905 1.0 0.457171 0.601217 1.0 0.451032 0.610446 1.0 0.464983 0.611286 1.0
0 0.512695 0.701909 0.041016 0.070485 0.499163 0.694646 1.0 0.515468 0.692862 1.0 0.505389 0.708019 1.0 0.503017 0.719163 1.0 0.51784 0.716043 1.0
0 0.615234 0.601322 0.033203 0.066079 0.604632 0.595972 1.0 0.619141 0.594714 1.0 0.611886 0.609398 1.0 0.606585 0.61653 1.0 0.621651 0.615692 1.0
0 0.788086 0.273128 0.037109 0.064611 0.776367 0.271659 1.0 0.791992 0.268722 1.0 0.782227 0.28047 1.0 0.78125 0.292217 1.0 0.793945 0.286344 1.0
0 0.687012 0.268722 0.036133 0.061674 0.676061 0.260567 1.0 0.6894 0.26096 1.0 0.681815 0.275907 1.0 0.677368 0.283774 1.0 0.693063 0.282201 1.0
0 0.716797 0.449339 0.029297 0.064611 0.70752 0.442822 1.0 0.722626 0.444062 1.0 0.714386 0.457692 1.0 0.709717 0.466364 1.0 0.721527 0.467189 1.0
0 0.748047 0.543319 0.037109 0.052863 0.734357 0.534796 1.0 0.747776 0.530549 1.0 0.739537 0.546479 1.0 0.739772 0.557452 1.0 0.750366 0.551789 1.0
0 0.733887 0.610132 0.036133 0.066079 0.720363 0.604593 1.0 0.735665 0.605019 1.0 0.726881 0.620358 1.0 0.72433 0.627602 1.0 0.738216 0.627176 1.0
0 0.662109 0.523495 0.03125 0.063142 0.653687 0.516297 1.0 0.667249 0.516698 1.0 0.657676 0.526294 1.0 0.653154 0.537891 1.0 0.665653 0.539091 1.0
0 0.606445 0.419971 0.033203 0.064611 0.598711 0.415094 1.0 0.611415 0.415094 1.0 0.603307 0.429319 1.0 0.59763 0.435009 1.0 0.612227 0.435009 1.0
0 0.579102 0.245228 0.033203 0.061674 0.569755 0.240508 1.0 0.583618 0.242081 1.0 0.575771 0.255454 1.0 0.569755 0.259781 1.0 0.581002 0.262141 1.0