0 0.493164 0.161062 0.029297 0.060177 0.486114 0.141981 1.0 0.499786 0.142754 1.0 0.493378 0.158628 1.0 0.488678 0.172954 1.0 0.497223 0.173342 1.0
0 0.482422 0.223009 0.037109 0.070796 0.469021 0.210864 1.0 0.483185 0.206811 1.0 0.474735 0.224375 1.0 0.471257 0.237437 1.0 0.483931 0.236085 1.0
0 0.436523 0.148673 0.037109 0.088496 0.428327 0.13957 1.0 0.44308 0.13957 1.0 0.435547 0.157205 1.0 0.431466 0.169152 1.0 0.441825 0.168584 1.0
0 0.185059 0.160177 0.041992 0.093805 0.178685 0.153658 1.0 0.196995 0.161363 1.0 0.18784 0.171437 1.0 0.176396 0.180326 1.0 0.193071 0.188621 1.0
0 0.243164 0.131858 0.035156 0.086726 0.234628 0.124565 1.0 0.250414 0.127931 1.0 0.241437 0.141395 1.0 0.235866 0.151494 1.0 0.247628 0.150933 1.0
0 0.277832 0.192035 0.036133 0.079646 0.270438 0.168395 1.0 0.287179 0.170418 1.0 0.277135 0.182048 1.0 0.270438 0.198736 1.0 0.282436 0.200759 1.0
0 0.306641 0.159292 0.029297 0.063717 0.302734 0.146903 1.0 0.313477 0.146903 1.0 0.307617 0.155752 1.0 0.303711 0.168142 1.0 0.313477 0.168142 1.0
0 0.359375 0.187611 0.033203 0.084956 0.352461 0.180903 1.0 0.367065 0.179844 1.0 0.360348 0.199961 1.0 0.35509 0.208959 1.0 0.366773 0.208959 1.0
0 0.37793 0.3 0.041016 0.093805 0.369594 0.286963 1.0 0.389539 0.286963 1.0 0.37973 0.310074 1.0 0.370902 0.320742 1.0 0.387904 0.319556 1.0
0 0.065918 0.138053 0.041992 0.113274 0.062291 0.125616 1.0 0.078771 0.12846 1.0 0.070923 0.14695 1.0 0.059937 0.157618 1.0 0.079162 0.161172 1.0
0 0.090332 0.312389 0.063477 0.125664 0.084961 0.297345 1.0 0.110352 0.307965 1.0 0.098633 0.323894 1.0 0.084961 0.343363 1.0 0.107422 0.350442 1.0
0 0.240234 0.50708 0.052734 0.118584 0.233817 0.486473 1.0 0.255162 0.484956 1.0 0.246791 0.515297 1.0 0.233398 0.52971 1.0 0.25014 0.52971 1.0
0 0.76416 0.126549 0.038086 0.079646 0.753278 0.119595 1.0 0.768624 0.114538 1.0 0.760533 0.135777 1.0 0.757185 0.147409 1.0 0.768066 0.142352 1.0
0 0.806152 0.146018 0.047852 0.083186 0.790711 0.122457 1.0 0.810547 0.118584 1.0 0.800171 0.145685 1.0 0.794067 0.164492 1.0 0.810547 0.156747 1.0
0 0.90332 0.127434 0.042969 0.088496 0.894784 0.10523 1.0 0.91088 0.105791 1.0 0.899736 0.124304 1.0 0.893546 0.140573 1.0 0.909951 0.140573 1.0
0 0.674805 0.159292 0.042969 0.095575 0.662371 0.149083 1.0 0.678275 0.14368 1.0 0.668335 0.163496 1.0 0.665021 0.183913 1.0 0.680263 0.177908 1.0
0 0.641602 0.186726 0.039062 0.090265 0.631074 0.17846 1.0 0.647363 0.177858 1.0 0.638232 0.19685 1.0 0.633291 0.208265 1.0 0.647686 0.207646 1.0
0 0.392578 0.172566 0.029297 0.076106 0.386283 0.164531 1.0 0.399313 0.166458 1.0 0.393197 0.180919 1.0 0.384688 0.18863 1.0 0.39958 0.192485 1.0
0 0.567383 0.181416 0.039062 0.097345 0.556205 0.176834 1.0 0.570487 0.172519 1.0 0.562325 0.199019 1.0 0.559266 0.209497 1.0 0.575248 0.204566 1.0
0 0.537598 0.164602 0.030273 0.077876 0.527832 0.161007 1.0 0.539367 0.158517 1.0 0.531952 0.175442 1.0 0.529205 0.185896 1.0 0.54184 0.183407 1.0