0 0.07373 0.594002 0.032227 0.038496 0.074323 0.591324 1.0 0.086217 0.590581 1.0 0.084054 0.597519 1.0 0.072701 0.602474 1.0 0.085136 0.603466 1.0
0 0.172852 0.584154 0.033203 0.043868 0.168641 0.581397 1.0 0.182177 0.580845 1.0 0.177665 0.589394 1.0 0.169844 0.593806 1.0 0.181876 0.59353 1.0
0 0.272461 0.602954 0.03125 0.040286 0.269218 0.599057 1.0 0.282819 0.600356 1.0 0.278002 0.606591 1.0 0.266384 0.611008 1.0 0.280553 0.612826 1.0
0 0.287109 0.578335 0.03125 0.03581 0.284615 0.574858 1.0 0.297006 0.575785 1.0 0.292454 0.582276 1.0 0.28588 0.585521 1.0 0.297006 0.586679 1.0
0 0.338379 0.593107 0.02832 0.029543 0.332563 0.586908 1.0 0.345677 0.587096 1.0 0.339325 0.595361 1.0 0.333383 0.600056 1.0 0.346087 0.600056 1.0
0 0.32959 0.629812 0.02832 0.036705 0.327837 0.626583 1.0 0.339975 0.627278 1.0 0.335676 0.633073 1.0 0.327079 0.638405 1.0 0.33871 0.638637 1.0
0 0.399902 0.597135 0.024414 0.03402 0.393746 0.59365 1.0 0.405518 0.592355 1.0 0.400574 0.600556 1.0 0.393511 0.604657 1.0 0.407166 0.603362 1.0
0 0.37793 0.632945 0.027344 0.03581 0.371717 0.628853 1.0 0.385633 0.630219 1.0 0.378178 0.637282 1.0 0.371717 0.640927 1.0 0.382899 0.642521 1.0
0 0.422363 0.632498 0.02832 0.038496 0.414324 0.63133 1.0 0.429234 0.629413 1.0 0.423218 0.636846 1.0 0.416155 0.641163 1.0 0.431588 0.639004 1.0
0 0.44873 0.599373 0.026367 0.033124 0.441799 0.597043 1.0 0.453813 0.59662 1.0 0.448269 0.603398 1.0 0.443878 0.608058 1.0 0.453813 0.608058 1.0
0 0.398438 0.709042 0.03125 0.037601 0.394287 0.70503 1.0 0.406843 0.706228 1.0 0.401611 0.713183 1.0 0.392194 0.71678 1.0 0.405797 0.717499 1.0
0 0.442383 0.692032 0.029297 0.03581 0.438477 0.689346 1.0 0.452148 0.690242 1.0 0.446289 0.698299 1.0 0.4375 0.70188 1.0 0.451172 0.70188 1.0
0 0.493652 0.637869 0.026367 0.034915 0.48788 0.633253 1.0 0.499869 0.632814 1.0 0.494354 0.638969 1.0 0.489079 0.645563 1.0 0.500589 0.644244 1.0
0 0.518066 0.59803 0.02832 0.03402 0.514064 0.593282 1.0 0.526542 0.593499 1.0 0.51995 0.600189 1.0 0.512416 0.604505 1.0 0.525835 0.605152 1.0
0 0.56543 0.607878 0.029297 0.030439 0.557757 0.603913 1.0 0.570312 0.602763 1.0 0.564872 0.610244 1.0 0.560059 0.614656 1.0 0.571568 0.613506 1.0
0 0.601562 0.58684 0.025391 0.027753 0.597739 0.584506 1.0 0.60951 0.586124 1.0 0.604017 0.589722 1.0 0.597543 0.594218 1.0 0.606764 0.594757 1.0
0 0.640137 0.587735 0.026367 0.029543 0.63079 0.585753 1.0 0.642299 0.583643 1.0 0.636649 0.589589 1.0 0.632045 0.594769 1.0 0.644811 0.592659 1.0
0 0.609863 0.61325 0.026367 0.032229 0.602661 0.611375 1.0 0.613556 0.611375 1.0 0.607108 0.617082 1.0 0.602438 0.622586 1.0 0.613334 0.622382 1.0
0 0.649414 0.616383 0.025391 0.031334 0.642077 0.613733 1.0 0.654973 0.612918 1.0 0.649414 0.61944 1.0 0.644522 0.624129 1.0 0.654973 0.623517 1.0
0 0.692871 0.619517 0.026367 0.03402 0.685909 0.616211 1.0 0.698138 0.615332 1.0 0.691663 0.621927 1.0 0.688546 0.627642 1.0 0.699097 0.625663 1.0
0 0.70752 0.705461 0.02832 0.03402 0.700187 0.701544 1.0 0.71337 0.702839 1.0 0.705366 0.708666 1.0 0.69948 0.712336 1.0 0.712664 0.713415 1.0
0 0.722168 0.59803 0.024414 0.032229 0.7165 0.594498 1.0 0.728516 0.597615 1.0 0.719901 0.601979 1.0 0.714233 0.605097 1.0 0.725568 0.607799 1.0
0 0.748047 0.607431 0.025391 0.033124 0.740884 0.604041 1.0 0.751744 0.604466 1.0 0.745505 0.609972 1.0 0.740422 0.613785 1.0 0.752668 0.614844 1.0
0 0.962402 0.604297 0.03418 0.037601 0.948796 0.597719 1.0 0.960628 0.597247 1.0 0.948281 0.604793 1.0 0.949567 0.61281 1.0 0.958827 0.61281 1.0
0 0.918945 0.601164 0.03125 0.038496 0.910169 0.595393 1.0 0.923732 0.596124 1.0 0.91602 0.604169 1.0 0.909105 0.609533 1.0 0.92453 0.609046 1.0
0 0.857422 0.593554 0.029297 0.03581 0.849871 0.590773 1.0 0.862261 0.590773 1.0 0.855939 0.598885 1.0 0.849871 0.602826 1.0 0.86302 0.602594 1.0
0 0.813965 0.613697 0.030273 0.040286 0.805315 0.610948 1.0 0.817313 0.612226 1.0 0.807269 0.618877 1.0 0.805036 0.624504 1.0 0.814244 0.625272 1.0
0 0.828125 0.69427 0.033203 0.036705 0.817631 0.691017 1.0 0.831521 0.687952 1.0 0.825348 0.698563 1.0 0.821489 0.703278 1.0 0.834865 0.699978 1.0
0 0.47168 0.769024 0.033203 0.039391 0.464264 0.765051 1.0 0.480194 0.766562 1.0 0.471131 0.772605 1.0 0.463989 0.777389 1.0 0.477447 0.7789 1.0
0 0.552734 0.78111 0.03125 0.038496 0.545863 0.775826 1.0 0.56049 0.778021 1.0 0.55331 0.784847 1.0 0.5448 0.788261 1.0 0.557831 0.790698 1.0
0 0.577148 0.699194 0.029297 0.037601 0.569999 0.695965 1.0 0.584403 0.695493 1.0 0.577458 0.70186 1.0 0.571027 0.707047 1.0 0.584146 0.705868 1.0
0 0.634277 0.783796 0.03418 0.038496 0.626831 0.781438 1.0 0.641989 0.780218 1.0 0.634543 0.787776 1.0 0.627097 0.792409 1.0 0.641724 0.791921 1.0
0 0.637695 0.710385 0.029297 0.034915 0.628662 0.707028 1.0 0.641846 0.707028 1.0 0.633545 0.713742 1.0 0.629639 0.718666 1.0 0.642334 0.718666 1.0
0 0.769531 0.735452 0.025391 0.034915 0.760742 0.733214 1.0 0.775391 0.7359 1.0 0.764648 0.741271 1.0 0.760742 0.743957 1.0 0.773438 0.745748 1.0