0 0.192871 0.172743 0.032227 0.081597 0.186053 0.164497 1.0 0.200282 0.166604 1.0 0.193464 0.181361 1.0 0.186053 0.197172 1.0 0.198207 0.1977 1.0
0 0.280273 0.208333 0.033203 0.079861 0.271488 0.199405 1.0 0.286508 0.198398 1.0 0.27829 0.212 1.0 0.272905 0.229128 1.0 0.285091 0.228625 1.0
0 0.374512 0.204861 0.032227 0.072917 0.36605 0.194391 1.0 0.380454 0.195762 1.0 0.37248 0.207651 1.0 0.366307 0.223198 1.0 0.378653 0.222285 1.0
0 0.477051 0.227431 0.03418 0.079861 0.468794 0.222316 1.0 0.483756 0.221804 1.0 0.475124 0.236639 1.0 0.468506 0.253007 1.0 0.482893 0.253007 1.0
0 0.586914 0.205729 0.033203 0.081597 0.578831 0.193089 1.0 0.592268 0.192569 1.0 0.58555 0.211264 1.0 0.580584 0.226842 1.0 0.591392 0.225283 1.0
0 0.678223 0.213542 0.036133 0.086806 0.669865 0.206069 1.0 0.684723 0.20772 1.0 0.676365 0.223679 1.0 0.670175 0.240188 1.0 0.683794 0.239087 1.0
0 0.661621 0.469618 0.03418 0.078125 0.652832 0.463293 1.0 0.669294 0.463293 1.0 0.660645 0.482142 1.0 0.653948 0.492559 1.0 0.667062 0.493056 1.0
0 0.785645 0.25 0.03418 0.076389 0.776093 0.243273 1.0 0.790924 0.242295 1.0 0.78186 0.260851 1.0 0.776642 0.273057 1.0 0.7901 0.273057 1.0
0 0.314941 0.533854 0.036133 0.078125 0.305725 0.528483 1.0 0.322205 0.529948 1.0 0.314514 0.548014 1.0 0.308746 0.561686 1.0 0.32193 0.560222 1.0
0 0.430176 0.517361 0.036133 0.086806 0.419782 0.509889 1.0 0.435568 0.51154 1.0 0.427521 0.526948 1.0 0.420092 0.542356 1.0 0.435568 0.540705 1.0
0 0.538086 0.555556 0.037109 0.0625 0.527431 0.541543 1.0 0.544299 0.541132 1.0 0.534132 0.562903 1.0 0.531359 0.573172 1.0 0.542912 0.572762 1.0