0 0.071289 0.369928 0.029297 0.045346 0.06025 0.364643 1.0 0.072 0.369918 1.0 0.061449 0.374606 1.0 0.059771 0.381051 1.0 0.066964 0.384274 1.0
0 0.006348 0.388425 0.012695 0.034606 0.001953 0.386635 1.0 0.008789 0.386635 1.0 0.005859 0.393795 1.0 0.001953 0.400955 1.0 0.004883 0.400955 1.0
0 0.180176 0.377685 0.02832 0.041766 0.179553 0.375512 1.0 0.190892 0.373881 1.0 0.187334 0.382032 1.0 0.181331 0.390183 1.0 0.188224 0.390455 1.0
0 0.284668 0.375895 0.024414 0.045346 0.280104 0.372661 1.0 0.291134 0.372369 1.0 0.286338 0.380279 1.0 0.281303 0.388191 1.0 0.289935 0.388191 1.0
0 0.322266 0.374702 0.023438 0.0358 0.319702 0.368212 1.0 0.32959 0.367766 1.0 0.325562 0.373582 1.0 0.31842 0.377834 1.0 0.329224 0.378506 1.0
0 0.405273 0.384248 0.021484 0.033413 0.400635 0.380711 1.0 0.4104 0.379432 1.0 0.407087 0.386464 1.0 0.403251 0.392005 1.0 0.410226 0.391153 1.0
0 0.481934 0.378282 0.022461 0.031026 0.475795 0.375517 1.0 0.484184 0.372363 1.0 0.481764 0.378671 1.0 0.478699 0.383993 1.0 0.486603 0.381628 1.0
0 0.546387 0.377685 0.026367 0.03222 0.537589 0.373348 1.0 0.54694 0.372726 1.0 0.54235 0.381036 1.0 0.540819 0.384983 1.0 0.549661 0.384776 1.0
0 0.618652 0.371122 0.026367 0.033413 0.610526 0.365667 1.0 0.617676 0.366732 1.0 0.609828 0.373551 1.0 0.610177 0.376961 1.0 0.617152 0.378878 1.0
0 0.667969 0.378878 0.025391 0.044153 0.660034 0.37385 1.0 0.669556 0.375789 1.0 0.661621 0.382437 1.0 0.660034 0.390193 1.0 0.666608 0.390193 1.0
0 0.745117 0.359785 0.027344 0.044153 0.737349 0.351421 1.0 0.744882 0.353148 1.0 0.734759 0.358038 1.0 0.735229 0.370121 1.0 0.740409 0.371558 1.0
0 0.861816 0.381265 0.026367 0.051313 0.851532 0.374766 1.0 0.861372 0.375741 1.0 0.85233 0.385814 1.0 0.851798 0.394588 1.0 0.857648 0.395563 1.0
0 0.884766 0.381265 0.033203 0.053699 0.874023 0.377088 1.0 0.879883 0.378282 1.0 0.87207 0.386635 1.0 0.875977 0.396181 1.0 0.878906 0.396181 1.0
0 0.969727 0.448687 0.029297 0.081146 0.0 0.0 0.0 0.0 0.0 0.0 0.0 0.0 0.0 0.0 0.0 0.0 0.0 0.0 0.0