0 0.064453 0.432292 0.023438 0.052083 0.066895 0.422201 1.0 0.073486 0.425456 1.0 0.075195 0.430339 1.0 0.063232 0.439453 1.0 0.070801 0.446615 1.0
0 0.121094 0.424479 0.013672 0.020833 0.11979 0.421555 1.0 0.126408 0.421555 1.0 0.122498 0.425031 1.0 0.120492 0.429577 1.0 0.124904 0.429443 1.0
0 0.34082 0.494792 0.027344 0.044271 0.337891 0.492188 1.0 0.348633 0.489583 1.0 0.345703 0.498698 1.0 0.337891 0.50651 1.0 0.351562 0.501302 1.0
0 0.274902 0.445312 0.018555 0.041667 0.274414 0.440104 1.0 0.282227 0.440104 1.0 0.28125 0.44401 1.0 0.272461 0.458333 1.0 0.28125 0.459635 1.0
0 0.310059 0.427083 0.016602 0.039062 0.312256 0.423909 1.0 0.314087 0.421712 1.0 0.318115 0.426352 1.0 0.312072 0.437826 1.0 0.313537 0.436361 1.0
0 0.251953 0.435547 0.015625 0.040365 0.256452 0.435408 1.0 0.255493 0.435408 1.0 0.259713 0.446405 1.0 0.253767 0.449986 1.0 0.252999 0.449986 1.0
0 0.228027 0.415365 0.020508 0.044271 0.0 0.0 0.0 0.0 0.0 0.0 0.0 0.0 0.0 0.0 0.0 0.0 0.0 0.0 0.0
0 0.338379 0.405599 0.014648 0.032552 0.340576 0.393857 1.0 0.343559 0.394484 1.0 0.338065 0.398461 1.0 0.340105 0.411854 1.0 0.340419 0.412062 1.0
0 0.476562 0.39974 0.027344 0.054688 0.474017 0.391368 1.0 0.486572 0.394159 1.0 0.481079 0.401832 1.0 0.470616 0.411249 1.0 0.481603 0.416132 1.0
0 0.543945 0.422526 0.027344 0.050781 0.537354 0.419596 1.0 0.549316 0.417969 1.0 0.543457 0.430664 1.0 0.540771 0.436523 1.0 0.549805 0.434896 1.0
0 0.57373 0.411458 0.014648 0.03125 0.567383 0.410156 1.0 0.575195 0.410156 1.0 0.571289 0.414062 1.0 0.568359 0.421875 1.0 0.576172 0.421875 1.0
0 0.608398 0.449219 0.023438 0.046875 0.600839 0.443824 1.0 0.612179 0.446197 1.0 0.603729 0.454201 1.0 0.600395 0.459833 1.0 0.608176 0.463094 1.0
0 0.623535 0.389974 0.018555 0.032552 0.62207 0.389323 1.0 0.629883 0.389323 1.0 0.625977 0.394531 1.0 0.62207 0.401042 1.0 0.629883 0.401042 1.0
0 0.657715 0.424479 0.024414 0.049479 0.648604 0.418393 1.0 0.657715 0.416794 1.0 0.651001 0.425427 1.0 0.653878 0.436616 1.0 0.660353 0.434379 1.0
0 0.6875 0.443359 0.025391 0.05599 0.677037 0.436779 1.0 0.686192 0.436779 1.0 0.676514 0.445848 1.0 0.680176 0.45631 1.0 0.688023 0.454566 1.0
0 0.739746 0.426432 0.030273 0.048177 0.728886 0.422736 1.0 0.736512 0.421503 1.0 0.731428 0.432286 1.0 0.737436 0.440604 1.0 0.741363 0.43968 1.0
0 0.717285 0.458333 0.020508 0.028646 0.711914 0.459635 1.0 0.71875 0.459635 1.0 0.714844 0.464844 1.0 0.714844 0.470052 1.0 0.719727 0.467448 1.0
0 0.803711 0.517578 0.027344 0.053385 0.794922 0.510417 1.0 0.794922 0.510417 1.0 0.791016 0.518229 1.0 0.797852 0.53125 1.0 0.801758 0.528646 1.0
0 0.786621 0.632812 0.03418 0.057292 0.778504 0.62557 1.0 0.788666 0.63619 1.0 0.776581 0.637289 1.0 0.77301 0.64388 1.0 0.783447 0.651204 1.0
0 0.876465 0.458333 0.018555 0.039062 0.881836 0.455729 1.0 0.883789 0.455729 1.0 0.886719 0.46224 1.0 0.878906 0.467448 1.0 0.879883 0.46875 1.0
0 0.957031 0.454427 0.015625 0.039062 0.962729 0.448277 1.0 0.962917 0.448277 1.0 0.965541 0.457775 1.0 0.95823 0.467523 1.0 0.958418 0.467523 1.0
0 0.243652 0.640625 0.03418 0.046875 0.239537 0.639927 1.0 0.248832 0.631161 1.0 0.251778 0.641137 1.0 0.247925 0.656552 1.0 0.256993 0.647484 1.0
0 0.297852 0.393229 0.013672 0.023438 0.293945 0.386719 1.0 0.301758 0.384115 1.0 0.299805 0.389323 1.0 0.295898 0.395833 1.0 0.302734 0.394531 1.0
0 0.268555 0.391927 0.015625 0.023438 0.266602 0.390625 1.0 0.271484 0.390625 1.0 0.269531 0.394531 1.0 0.266602 0.397135 1.0 0.272461 0.397135 1.0
0 0.175781 0.395182 0.013672 0.022135 0.175781 0.390625 1.0 0.181641 0.393229 1.0 0.178711 0.395833 1.0 0.173828 0.39974 1.0 0.179688 0.402344 1.0
0 0.102051 0.460286 0.014648 0.02474 0.09668 0.460938 1.0 0.106445 0.458333 1.0 0.103516 0.466146 1.0 0.098633 0.471354 1.0 0.105469 0.471354 1.0
0 0.324219 0.376953 0.013672 0.022135 0.321289 0.372396 1.0 0.329102 0.371094 1.0 0.326172 0.375 1.0 0.326172 0.38151 1.0 0.331055 0.378906 1.0
0 0.372559 0.370443 0.008789 0.019531 0.371094 0.365885 1.0 0.376953 0.365885 1.0 0.373047 0.367188 1.0 0.370117 0.371094 1.0 0.375977 0.369792 1.0
0 0.386719 0.417318 0.015625 0.029948 0.381836 0.414062 1.0 0.390625 0.411458 1.0 0.386719 0.417969 1.0 0.383789 0.428385 1.0 0.391602 0.425781 1.0
0 0.808105 0.462891 0.020508 0.032552 0.801758 0.450521 1.0 0.814453 0.450521 1.0 0.80957 0.453125 1.0 0.803711 0.464844 1.0 0.814453 0.464844 1.0