0 0.14209 0.230942 0.032227 0.076233 0.13477 0.219737 1.0 0.149728 0.222661 1.0 0.140816 0.233864 1.0 0.135088 0.24312 1.0 0.147182 0.244581 1.0
0 0.225098 0.268311 0.032227 0.070254 0.216234 0.259369 1.0 0.229087 0.260263 1.0 0.221492 0.272782 1.0 0.216526 0.281723 1.0 0.229671 0.28217 1.0
0 0.108887 0.561286 0.030273 0.067265 0.103027 0.554987 1.0 0.115583 0.554987 1.0 0.109444 0.567371 1.0 0.101911 0.575486 1.0 0.115862 0.575486 1.0
0 0.196777 0.565022 0.030273 0.06577 0.186615 0.55965 1.0 0.199523 0.554605 1.0 0.192932 0.565537 1.0 0.189637 0.57941 1.0 0.203644 0.573945 1.0
0 0.84668 0.245889 0.033203 0.070254 0.835676 0.241865 1.0 0.850865 0.242759 1.0 0.840934 0.253937 1.0 0.835676 0.261538 1.0 0.849696 0.263773 1.0
0 0.862305 0.445441 0.033203 0.071749 0.850655 0.439088 1.0 0.866961 0.437274 1.0 0.856585 0.448163 1.0 0.851842 0.459508 1.0 0.867257 0.459054 1.0
0 0.772949 0.514948 0.032227 0.070254 0.763895 0.509429 1.0 0.779667 0.509876 1.0 0.769152 0.519265 1.0 0.764771 0.532679 1.0 0.777915 0.532679 1.0
0 0.675781 0.540359 0.03125 0.067265 0.663783 0.535341 1.0 0.67913 0.531496 1.0 0.670201 0.545163 1.0 0.666853 0.556695 1.0 0.680245 0.552851 1.0
0 0.600098 0.532885 0.032227 0.070254 0.589678 0.528414 1.0 0.602822 0.528861 1.0 0.593768 0.540933 1.0 0.58997 0.548981 1.0 0.603406 0.549428 1.0
0 0.507812 0.559791 0.03125 0.067265 0.501953 0.550075 1.0 0.518136 0.551783 1.0 0.510603 0.56246 1.0 0.501953 0.571429 1.0 0.515625 0.572283 1.0
0 0.30957 0.538117 0.033203 0.071749 0.299787 0.531176 1.0 0.314018 0.532991 1.0 0.304234 0.543429 1.0 0.300084 0.551596 1.0 0.313128 0.553411 1.0
0 0.40918 0.550822 0.033203 0.070254 0.401001 0.544562 1.0 0.415313 0.544562 1.0 0.406843 0.555293 1.0 0.401001 0.564682 1.0 0.41619 0.565577 1.0
0 0.317383 0.259342 0.029297 0.061286 0.308027 0.252402 1.0 0.320417 0.254338 1.0 0.309544 0.263239 1.0 0.306763 0.273689 1.0 0.320923 0.273689 1.0
0 0.405273 0.275037 0.029297 0.068759 0.395229 0.266483 1.0 0.407414 0.270821 1.0 0.397496 0.279061 1.0 0.394945 0.289471 1.0 0.403446 0.29164 1.0
0 0.476562 0.255605 0.029297 0.06577 0.468872 0.249813 1.0 0.484253 0.252335 1.0 0.475189 0.262846 1.0 0.467773 0.268311 1.0 0.482056 0.271254 1.0
0 0.549316 0.26009 0.030273 0.06577 0.545585 0.257193 1.0 0.557748 0.253057 1.0 0.554504 0.268365 1.0 0.547477 0.276226 1.0 0.55937 0.273329 1.0
0 0.639648 0.265321 0.03125 0.064275 0.629918 0.257954 1.0 0.643162 0.257127 1.0 0.635054 0.27078 1.0 0.631539 0.279468 1.0 0.643974 0.278641 1.0
0 0.715332 0.304185 0.030273 0.070254 0.70394 0.297326 1.0 0.718253 0.297326 1.0 0.708029 0.310291 1.0 0.70394 0.317892 1.0 0.716793 0.318339 1.0