0 0.912598 0.070312 0.032227 0.074653 0.899065 0.064793 1.0 0.903512 0.058748 1.0 0.899589 0.081069 1.0 0.907174 0.093627 1.0 0.910836 0.08851 1.0
0 0.893555 0.171007 0.029297 0.064236 0.881731 0.165705 1.0 0.887398 0.16087 1.0 0.880145 0.179811 1.0 0.889213 0.187469 1.0 0.890119 0.187872 1.0
0 0.821777 0.408854 0.014648 0.032986 0.820435 0.40408 1.0 0.826782 0.404297 1.0 0.823853 0.412326 1.0 0.820068 0.417535 1.0 0.824585 0.417535 1.0
0 0.855957 0.381076 0.012695 0.029514 0.85212 0.377976 1.0 0.857562 0.377976 1.0 0.854213 0.384115 1.0 0.853167 0.389323 1.0 0.855782 0.389694 1.0
0 0.711426 0.372396 0.018555 0.043403 0.713763 0.367622 1.0 0.719413 0.370691 1.0 0.718314 0.378783 1.0 0.713292 0.384642 1.0 0.716744 0.38492 1.0
0 0.54834 0.366319 0.026367 0.059028 0.538025 0.360135 1.0 0.546783 0.353679 1.0 0.539521 0.368109 1.0 0.543152 0.3833 1.0 0.549347 0.378743 1.0
0 0.419434 0.385417 0.018555 0.045139 0.417493 0.377092 1.0 0.424269 0.377092 1.0 0.422333 0.384549 1.0 0.418461 0.393726 1.0 0.423946 0.394012 1.0
0 0.468262 0.465278 0.014648 0.034722 0.4646 0.462674 1.0 0.471436 0.460286 1.0 0.466919 0.468316 1.0 0.466919 0.478082 1.0 0.472534 0.476128 1.0
0 0.277832 0.21875 0.032227 0.079861 0.280273 0.215278 1.0 0.291992 0.210069 1.0 0.291016 0.227431 1.0 0.283203 0.244792 1.0 0.291992 0.239583 1.0
0 0.057617 0.524306 0.015625 0.038194 0.057129 0.518873 1.0 0.06348 0.518392 1.0 0.061454 0.527042 1.0 0.05848 0.533288 1.0 0.062265 0.533528 1.0
0 0.084473 0.511285 0.014648 0.032986 0.082275 0.505642 1.0 0.088013 0.505425 1.0 0.085938 0.512587 1.0 0.083008 0.520399 1.0 0.087524 0.520399 1.0