0 0.746094 0.386719 0.015625 0.03125 0.74881 0.384928 1.0 0.749115 0.384725 1.0 0.753388 0.389608 1.0 0.75003 0.395305 1.0 0.750336 0.395102 1.0
0 0.688965 0.386719 0.012695 0.028646 0.691197 0.384115 1.0 0.69329 0.384673 1.0 0.694545 0.388021 1.0 0.69036 0.394159 1.0 0.692452 0.394717 1.0
0 0.108887 0.421875 0.012695 0.020833 0.110631 0.419736 1.0 0.112409 0.420852 1.0 0.112409 0.425038 1.0 0.108643 0.426991 1.0 0.110107 0.427827 1.0
0 0.150879 0.420573 0.012695 0.020833 0.150111 0.41862 1.0 0.154925 0.418759 1.0 0.154401 0.422526 1.0 0.150321 0.426432 1.0 0.154192 0.426293 1.0
0 0.292969 0.42513 0.015625 0.029948 0.296221 0.423444 1.0 0.298523 0.423061 1.0 0.300249 0.428624 1.0 0.296221 0.43246 1.0 0.297372 0.432268 1.0
0 0.331055 0.426432 0.013672 0.02474 0.333256 0.423875 1.0 0.335493 0.423247 1.0 0.335258 0.429682 1.0 0.331727 0.432664 1.0 0.333256 0.432193 1.0
0 0.319336 0.403646 0.009766 0.020833 0.0 0.0 0.0 0.0 0.0 0.0 0.0 0.0 0.0 0.0 0.0 0.0 0.0 0.0 0.0
0 0.363281 0.419271 0.007812 0.020833 0.0 0.0 0.0 0.0 0.0 0.0 0.0 0.0 0.0 0.0 0.0 0.0 0.0 0.0 0.0
0 0.4375 0.407552 0.011719 0.023438 0.439393 0.406401 1.0 0.441319 0.406099 1.0 0.443473 0.410029 1.0 0.439278 0.413051 1.0 0.440752 0.413202 1.0
0 0.395996 0.417969 0.014648 0.020833 0.0 0.0 0.0 0.0 0.0 0.0 0.0 0.0 0.0 0.0 0.0 0.0 0.0 0.0 0.0
0 0.40625 0.414714 0.011719 0.02474 0.408203 0.41276 1.0 0.409424 0.41276 1.0 0.410645 0.417969 1.0 0.407593 0.421061 1.0 0.409058 0.420898 1.0
0 0.462891 0.41862 0.009766 0.019531 0.0 0.0 0.0 0.0 0.0 0.0 0.0 0.0 0.0 0.0 0.0 0.0 0.0 0.0 0.0
0 0.491211 0.407552 0.011719 0.020833 0.0 0.0 0.0 0.0 0.0 0.0 0.0 0.0 0.0 0.0 0.0 0.0 0.0 0.0 0.0
0 0.5625 0.410156 0.017578 0.033854 0.566528 0.404129 1.0 0.567657 0.404129 1.0 0.570561 0.412516 1.0 0.565238 0.418754 1.0 0.566528 0.418754 1.0