0 0.085938 0.282164 0.033203 0.061404 0.084106 0.276003 1.0 0.09797 0.277961 1.0 0.092738 0.291667 1.0 0.082275 0.295974 1.0 0.095878 0.297933 1.0
0 0.186035 0.26462 0.03418 0.064327 0.182312 0.262655 1.0 0.194672 0.261833 1.0 0.190277 0.277047 1.0 0.182037 0.283215 1.0 0.195221 0.281158 1.0
0 0.216797 0.402047 0.033203 0.064327 0.216309 0.39573 1.0 0.228202 0.399371 1.0 0.223606 0.413939 1.0 0.210902 0.416367 1.0 0.222796 0.422436 1.0
0 0.285156 0.279971 0.029297 0.062865 0.282994 0.274788 1.0 0.296509 0.274385 1.0 0.290832 0.287333 1.0 0.281643 0.294212 1.0 0.295968 0.293807 1.0
0 0.27832 0.408626 0.03125 0.065789 0.2756 0.402882 1.0 0.288714 0.403718 1.0 0.283412 0.418756 1.0 0.273089 0.424186 1.0 0.287877 0.424186 1.0
0 0.344727 0.412281 0.03125 0.055556 0.341234 0.406361 1.0 0.355099 0.404977 1.0 0.349091 0.4157 1.0 0.340541 0.425041 1.0 0.354174 0.421927 1.0
0 0.371582 0.27924 0.030273 0.055556 0.36615 0.272844 1.0 0.380746 0.272844 1.0 0.374625 0.286237 1.0 0.366856 0.291171 1.0 0.381688 0.28976 1.0
0 0.458984 0.260965 0.029297 0.057018 0.45459 0.255848 1.0 0.466064 0.254386 1.0 0.461914 0.267909 1.0 0.45459 0.274123 1.0 0.467285 0.272661 1.0
0 0.433105 0.385234 0.032227 0.062865 0.428711 0.384503 1.0 0.444336 0.384503 1.0 0.4375 0.393275 1.0 0.428711 0.400585 1.0 0.44043 0.402047 1.0
0 0.535645 0.266813 0.02832 0.05117 0.533421 0.261154 1.0 0.545872 0.260822 1.0 0.540536 0.275135 1.0 0.531864 0.278463 1.0 0.544761 0.277797 1.0
0 0.617676 0.270468 0.030273 0.055556 0.609745 0.26507 1.0 0.623413 0.263993 1.0 0.616699 0.278711 1.0 0.611424 0.284095 1.0 0.626051 0.280865 1.0
0 0.61084 0.399123 0.032227 0.061404 0.60652 0.393 1.0 0.620666 0.39377 1.0 0.613979 0.408404 1.0 0.604719 0.413409 1.0 0.618352 0.41418 1.0
0 0.517578 0.363304 0.033203 0.068713 0.513585 0.359655 1.0 0.527021 0.358344 1.0 0.520595 0.374523 1.0 0.512416 0.380208 1.0 0.526729 0.378459 1.0
0 0.800781 0.288012 0.03125 0.067251 0.794643 0.281955 1.0 0.808873 0.280702 1.0 0.802455 0.29574 1.0 0.795759 0.30117 1.0 0.808873 0.30117 1.0
0 0.902832 0.297515 0.030273 0.054094 0.898438 0.290936 1.0 0.911133 0.290936 1.0 0.905273 0.302632 1.0 0.897461 0.309942 1.0 0.910156 0.309942 1.0
0 0.831055 0.43348 0.03125 0.062865 0.825108 0.430725 1.0 0.839164 0.43113 1.0 0.831865 0.446102 1.0 0.825919 0.449339 1.0 0.837812 0.449339 1.0
0 0.70752 0.271199 0.02832 0.059942 0.703744 0.265925 1.0 0.715881 0.265925 1.0 0.710824 0.282203 1.0 0.702985 0.285231 1.0 0.715629 0.28561 1.0
0 0.681152 0.400585 0.030273 0.061404 0.674281 0.397863 1.0 0.688643 0.39627 1.0 0.68093 0.409807 1.0 0.674548 0.416974 1.0 0.689174 0.415382 1.0
0 0.755371 0.416667 0.030273 0.061404 0.7485 0.413149 1.0 0.762329 0.41275 1.0 0.755946 0.429075 1.0 0.74983 0.432259 1.0 0.761797 0.431463 1.0