0 0.217773 0.120443 0.039062 0.074219 0.209869 0.111967 1.0 0.228585 0.11338 1.0 0.219051 0.131272 1.0 0.212694 0.140689 1.0 0.224701 0.140689 1.0
0 0.32373 0.147786 0.040039 0.076823 0.312387 0.140066 1.0 0.334098 0.140549 1.0 0.322156 0.157436 1.0 0.31492 0.168049 1.0 0.329756 0.168049 1.0
0 0.23291 0.348307 0.041992 0.076823 0.224335 0.339285 1.0 0.242428 0.34025 1.0 0.232657 0.359066 1.0 0.223973 0.369681 1.0 0.239532 0.371611 1.0
0 0.364258 0.330729 0.044922 0.083333 0.35396 0.321056 1.0 0.374363 0.322103 1.0 0.363377 0.339891 1.0 0.354745 0.352447 1.0 0.37201 0.352969 1.0
0 0.456055 0.129557 0.039062 0.071615 0.446045 0.125279 1.0 0.463728 0.124826 1.0 0.455566 0.137974 1.0 0.446725 0.150669 1.0 0.464067 0.150216 1.0
0 0.598145 0.115885 0.040039 0.072917 0.589936 0.107887 1.0 0.607156 0.107427 1.0 0.599579 0.120285 1.0 0.591657 0.133603 1.0 0.607156 0.133143 1.0
0 0.637695 0.332031 0.042969 0.078125 0.627319 0.321499 1.0 0.645848 0.322487 1.0 0.638065 0.341757 1.0 0.627689 0.35312 1.0 0.64733 0.354603 1.0
0 0.5 0.35612 0.041016 0.082031 0.488918 0.347621 1.0 0.510105 0.346052 1.0 0.499119 0.361224 1.0 0.491271 0.374302 1.0 0.508929 0.373779 1.0
0 0.716797 0.121094 0.041016 0.065104 0.707201 0.113014 1.0 0.727012 0.109299 1.0 0.718964 0.127046 1.0 0.709987 0.13984 1.0 0.726393 0.136952 1.0
0 0.811523 0.107422 0.041016 0.074219 0.802874 0.099796 1.0 0.823103 0.099331 1.0 0.814384 0.114676 1.0 0.803571 0.128628 1.0 0.822405 0.128163 1.0
0 0.765137 0.333333 0.041992 0.075521 0.755711 0.324754 1.0 0.773943 0.323323 1.0 0.763576 0.3381 1.0 0.756068 0.352876 1.0 0.773586 0.351447 1.0