0 0.842773 0.25 0.039062 0.077713 0.832014 0.243271 1.0 0.847918 0.241779 1.0 0.837978 0.260185 1.0 0.832014 0.272623 1.0 0.846924 0.272623 1.0
0 0.945312 0.492669 0.005859 0.014663 0.0 0.0 0.0 0.0 0.0 0.0 0.0 0.0 0.0 0.0 0.0 0.0 0.0 0.0 0.0
0 0.146973 0.260264 0.038086 0.071848 0.139588 0.251742 1.0 0.156066 0.251283 1.0 0.147217 0.265946 1.0 0.139893 0.279692 1.0 0.156066 0.28015 1.0
0 0.264648 0.26393 0.037109 0.070381 0.256762 0.254425 1.0 0.271659 0.251793 1.0 0.264648 0.267144 1.0 0.258223 0.282933 1.0 0.273119 0.281177 1.0
0 0.391113 0.244868 0.03418 0.076246 0.384495 0.23518 1.0 0.400304 0.234695 1.0 0.392561 0.25165 1.0 0.385786 0.266182 1.0 0.399336 0.265696 1.0
0 0.205078 0.559384 0.037109 0.077713 0.199105 0.548478 1.0 0.215881 0.549447 1.0 0.208461 0.564949 1.0 0.200396 0.580933 1.0 0.212978 0.580933 1.0
0 0.394043 0.55132 0.038086 0.073314 0.385995 0.543151 1.0 0.40271 0.543151 1.0 0.394043 0.558487 1.0 0.385995 0.571035 1.0 0.401472 0.57243 1.0
0 0.496582 0.241202 0.036133 0.083578 0.488909 0.234708 1.0 0.503558 0.234708 1.0 0.497279 0.250943 1.0 0.487862 0.265606 1.0 0.505999 0.266129 1.0
0 0.598633 0.237537 0.039062 0.076246 0.591461 0.230114 1.0 0.607056 0.229158 1.0 0.600054 0.241582 1.0 0.592416 0.259262 1.0 0.606101 0.256874 1.0
0 0.724121 0.219941 0.038086 0.079179 0.71524 0.211144 1.0 0.735047 0.209128 1.0 0.72464 0.227777 1.0 0.718934 0.242897 1.0 0.732361 0.24189 1.0
0 0.581543 0.553519 0.038086 0.083578 0.572227 0.549808 1.0 0.58953 0.549277 1.0 0.581761 0.567305 1.0 0.574698 0.58162 1.0 0.589177 0.58162 1.0
0 0.764648 0.574047 0.039062 0.071848 0.754534 0.565353 1.0 0.772583 0.565353 1.0 0.762957 0.582066 1.0 0.756038 0.594261 1.0 0.769274 0.594713 1.0