0 0.123535 0.418694 0.012695 0.025608 0.124655 0.417391 1.0 0.12946 0.415899 1.0 0.129334 0.421369 1.0 0.126299 0.425845 1.0 0.129081 0.425182 1.0
0 0.206543 0.403969 0.012695 0.024328 0.20459 0.402849 1.0 0.210693 0.403809 1.0 0.208496 0.40669 1.0 0.204956 0.409731 1.0 0.209351 0.410851 1.0
0 0.171875 0.396287 0.015625 0.024328 0.0 0.0 0.0 0.0 0.0 0.0 0.0 0.0 0.0 0.0 0.0 0.0 0.0 0.0 0.0
0 0.313965 0.484635 0.012695 0.021767 0.312387 0.48164 1.0 0.316093 0.481782 1.0 0.314131 0.485784 1.0 0.312387 0.488641 1.0 0.316201 0.488214 1.0
0 0.016602 0.409091 0.011719 0.026889 0.015163 0.407936 1.0 0.020656 0.408108 1.0 0.018563 0.412223 1.0 0.01634 0.414453 1.0 0.019871 0.414282 1.0
0 0.214844 0.491677 0.013672 0.020487 0.0 0.0 0.0 0.0 0.0 0.0 0.0 0.0 0.0 0.0 0.0 0.0 0.0 0.0 0.0
0 0.239258 0.476312 0.007812 0.010243 0.0 0.0 0.0 0.0 0.0 0.0 0.0 0.0 0.0 0.0 0.0 0.0 0.0 0.0 0.0
0 0.625 0.483355 0.025391 0.029449 0.0 0.0 0.0 0.0 0.0 0.0 0.0 0.0 0.0 0.0 0.0 0.0 0.0 0.0 0.0
0 0.824219 0.387324 0.011719 0.021767 0.0 0.0 0.0 0.0 0.0 0.0 0.0 0.0 0.0 0.0 0.0 0.0 0.0 0.0 0.0
0 0.717773 0.416133 0.009766 0.015365 0.0 0.0 0.0 0.0 0.0 0.0 0.0 0.0 0.0 0.0 0.0 0.0 0.0 0.0 0.0
0 0.973633 0.453265 0.007812 0.015365 0.0 0.0 0.0 0.0 0.0 0.0 0.0 0.0 0.0 0.0 0.0 0.0 0.0 0.0 0.0
0 0.356445 0.425096 0.011719 0.015365 0.0 0.0 0.0 0.0 0.0 0.0 0.0 0.0 0.0 0.0 0.0 0.0 0.0 0.0 0.0
0 0.284668 0.429577 0.006836 0.011524 0.0 0.0 0.0 0.0 0.0 0.0 0.0 0.0 0.0 0.0 0.0 0.0 0.0 0.0 0.0
0 0.196289 0.428297 0.009766 0.011524 0.0 0.0 0.0 0.0 0.0 0.0 0.0 0.0 0.0 0.0 0.0 0.0 0.0 0.0 0.0
0 0.1875 0.398207 0.007812 0.023047 0.0 0.0 0.0 0.0 0.0 0.0 0.0 0.0 0.0 0.0 0.0 0.0 0.0 0.0 0.0
0 0.279297 0.478233 0.009766 0.016645 0.0 0.0 0.0 0.0 0.0 0.0 0.0 0.0 0.0 0.0 0.0 0.0 0.0 0.0 0.0
0 0.936035 0.439821 0.008789 0.011524 0.0 0.0 0.0 0.0 0.0 0.0 0.0 0.0 0.0 0.0 0.0 0.0 0.0 0.0 0.0
0 0.977051 0.489757 0.008789 0.016645 0.0 0.0 0.0 0.0 0.0 0.0 0.0 0.0 0.0 0.0 0.0 0.0 0.0 0.0 0.0
0 0.347168 0.421255 0.008789 0.017926 0.0 0.0 0.0 0.0 0.0 0.0 0.0 0.0 0.0 0.0 0.0 0.0 0.0 0.0 0.0
0 0.020508 0.482714 0.011719 0.017926 0.0 0.0 0.0 0.0 0.0 0.0 0.0 0.0 0.0 0.0 0.0 0.0 0.0 0.0 0.0