0 0.654297 0.462555 0.017578 0.035242 0.648726 0.459527 1.0 0.657322 0.459527 1.0 0.652431 0.467104 1.0 0.649467 0.470671 1.0 0.655988 0.470671 1.0
0 0.710449 0.461087 0.018555 0.032305 0.706264 0.45878 1.0 0.714495 0.459828 1.0 0.71003 0.464443 1.0 0.705985 0.470736 1.0 0.712542 0.470946 1.0
0 0.753418 0.454479 0.016602 0.033774 0.749996 0.452361 1.0 0.757765 0.451279 1.0 0.754455 0.458203 1.0 0.752441 0.463611 1.0 0.757477 0.462313 1.0
0 0.794922 0.464758 0.015625 0.0279 0.792236 0.460536 1.0 0.799316 0.461821 1.0 0.796631 0.465125 1.0 0.792969 0.470264 1.0 0.798218 0.470631 1.0
0 0.803711 0.361233 0.015625 0.035242 0.800555 0.359228 1.0 0.806336 0.358781 1.0 0.80352 0.3648 1.0 0.801296 0.370148 1.0 0.806187 0.370595 1.0
0 0.686523 0.348018 0.017578 0.032305 0.682874 0.342969 1.0 0.690308 0.342767 1.0 0.686794 0.350286 1.0 0.684091 0.355163 1.0 0.689497 0.354756 1.0
0 0.636719 0.345081 0.015625 0.035242 0.633117 0.342053 1.0 0.640381 0.342498 1.0 0.636527 0.347624 1.0 0.633563 0.353197 1.0 0.63875 0.353197 1.0
0 0.585938 0.345081 0.017578 0.029369 0.583496 0.339391 1.0 0.59021 0.339574 1.0 0.58667 0.345999 1.0 0.584473 0.353157 1.0 0.589478 0.353157 1.0
0 0.842773 0.450073 0.017578 0.036711 0.838187 0.449811 1.0 0.844936 0.448631 1.0 0.841483 0.456419 1.0 0.840228 0.460195 1.0 0.845721 0.460195 1.0
0 0.766113 0.586637 0.018555 0.036711 0.761719 0.587372 1.0 0.770508 0.584435 1.0 0.766602 0.590308 1.0 0.762695 0.599119 1.0 0.770508 0.596182 1.0
0 0.814941 0.646843 0.016602 0.036711 0.812928 0.643768 1.0 0.820252 0.645833 1.0 0.815979 0.649275 1.0 0.812316 0.656617 1.0 0.818115 0.657076 1.0
0 0.713867 0.618943 0.017578 0.033774 0.709869 0.61851 1.0 0.717207 0.615915 1.0 0.714617 0.623918 1.0 0.713897 0.631273 1.0 0.718357 0.628894 1.0
0 0.66748 0.648311 0.018555 0.0279 0.662598 0.644457 1.0 0.670776 0.64409 1.0 0.667236 0.652717 1.0 0.665039 0.657856 1.0 0.668945 0.657856 1.0
0 0.611328 0.63583 0.017578 0.035242 0.606994 0.635325 1.0 0.614624 0.635325 1.0 0.611114 0.642438 1.0 0.608215 0.648402 1.0 0.614014 0.648402 1.0
0 0.536133 0.632893 0.017578 0.035242 0.531646 0.631103 1.0 0.538818 0.631333 1.0 0.535461 0.637527 1.0 0.531799 0.643493 1.0 0.537445 0.643493 1.0
0 0.744141 0.328928 0.017578 0.032305 0.739886 0.325153 1.0 0.748116 0.324943 1.0 0.743932 0.329977 1.0 0.740025 0.335222 1.0 0.746722 0.335222 1.0
0 0.182617 0.446402 0.015625 0.026432 0.179635 0.441354 1.0 0.185189 0.442207 1.0 0.181336 0.447831 1.0 0.179182 0.453286 1.0 0.183829 0.453286 1.0
0 0.234863 0.455947 0.016602 0.030837 0.231445 0.453744 1.0 0.240234 0.456681 1.0 0.234375 0.461087 1.0 0.229492 0.465492 1.0 0.235352 0.468429 1.0
0 0.271484 0.443465 0.015625 0.029369 0.266113 0.439978 1.0 0.272583 0.437775 1.0 0.268921 0.447137 1.0 0.269653 0.451725 1.0 0.272827 0.450991 1.0
0 0.306152 0.460352 0.014648 0.0279 0.300956 0.455521 1.0 0.307076 0.454636 1.0 0.302604 0.461539 1.0 0.302486 0.465609 1.0 0.307076 0.465609 1.0
0 0.348145 0.460352 0.016602 0.033774 0.342996 0.458884 1.0 0.349182 0.457586 1.0 0.345154 0.465374 1.0 0.344146 0.470565 1.0 0.349901 0.468618 1.0
0 0.383301 0.454479 0.014648 0.030837 0.380162 0.452401 1.0 0.386784 0.452808 1.0 0.383405 0.458903 1.0 0.380432 0.463172 1.0 0.385433 0.463374 1.0
0 0.414551 0.455213 0.014648 0.029369 0.413017 0.451279 1.0 0.420602 0.453247 1.0 0.416286 0.459932 1.0 0.411839 0.462292 1.0 0.417986 0.463473 1.0
0 0.457031 0.441263 0.017578 0.0279 0.453003 0.435756 1.0 0.461304 0.435573 1.0 0.456909 0.44163 1.0 0.453979 0.446953 1.0 0.459595 0.447137 1.0
0 0.201172 0.603524 0.019531 0.035242 0.196105 0.601184 1.0 0.203888 0.601184 1.0 0.1987 0.609214 1.0 0.197326 0.612885 1.0 0.202515 0.612656 1.0
0 0.26416 0.624816 0.018555 0.036711 0.259766 0.62243 1.0 0.268241 0.622194 1.0 0.261492 0.634702 1.0 0.263689 0.630219 1.0 0.266985 0.634938 1.0
0 0.333984 0.624082 0.017578 0.038179 0.330506 0.621119 1.0 0.33912 0.621617 1.0 0.334813 0.630087 1.0 0.330671 0.634571 1.0 0.337795 0.634571 1.0
0 0.414062 0.622614 0.017578 0.035242 0.408539 0.619586 1.0 0.414947 0.619355 1.0 0.41098 0.626698 1.0 0.409912 0.631975 1.0 0.415405 0.631746 1.0
0 0.464844 0.580764 0.015625 0.033774 0.459961 0.578561 1.0 0.466797 0.578561 1.0 0.463867 0.584435 1.0 0.461914 0.590308 1.0 0.467773 0.58884 1.0
0 0.095703 0.36417 0.017578 0.026432 0.091937 0.360073 1.0 0.097587 0.360427 1.0 0.094055 0.366977 1.0 0.092172 0.371047 1.0 0.097469 0.371047 1.0
0 0.13623 0.375918 0.014648 0.026432 0.133641 0.373236 1.0 0.140232 0.373414 1.0 0.136584 0.378724 1.0 0.133405 0.382617 1.0 0.138937 0.382617 1.0
0 0.17627 0.363436 0.014648 0.022026 0.173828 0.358297 1.0 0.179688 0.359765 1.0 0.175781 0.36417 1.0 0.171875 0.368576 1.0 0.178711 0.370044 1.0
0 0.213867 0.359031 0.013672 0.030837 0.211714 0.355543 1.0 0.217076 0.356724 1.0 0.214198 0.362231 1.0 0.210798 0.366753 1.0 0.214722 0.367147 1.0
0 0.265137 0.330396 0.018555 0.038179 0.260176 0.327407 1.0 0.26879 0.328154 1.0 0.264317 0.333137 1.0 0.26117 0.339862 1.0 0.267465 0.340112 1.0
0 0.321289 0.338473 0.015625 0.030837 0.316615 0.334789 1.0 0.322108 0.334592 1.0 0.317793 0.341868 1.0 0.317008 0.346195 1.0 0.321847 0.346195 1.0
0 0.367676 0.343612 0.016602 0.029369 0.363285 0.337175 1.0 0.370239 0.337555 1.0 0.366067 0.344589 1.0 0.362653 0.350103 1.0 0.36986 0.349912 1.0
0 0.42627 0.350954 0.014648 0.026432 0.423828 0.345081 1.0 0.431641 0.345081 1.0 0.428711 0.352423 1.0 0.423828 0.356828 1.0 0.431641 0.356828 1.0
0 0.493164 0.363436 0.015625 0.0279 0.489502 0.358664 1.0 0.496704 0.35848 1.0 0.493042 0.366006 1.0 0.491089 0.371329 1.0 0.496338 0.370962 1.0
0 0.532227 0.342878 0.017578 0.033774 0.529693 0.337515 1.0 0.536887 0.337949 1.0 0.532571 0.344006 1.0 0.53027 0.349198 1.0 0.535592 0.348981 1.0
0 0.564453 0.455213 0.017578 0.035242 0.55848 0.451962 1.0 0.564854 0.452185 1.0 0.561 0.458648 1.0 0.55937 0.463552 1.0 0.564706 0.463552 1.0
0 0.61084 0.466226 0.014648 0.0279 0.607291 0.463164 1.0 0.613647 0.463164 1.0 0.610705 0.46936 1.0 0.607409 0.47343 1.0 0.614118 0.47343 1.0
0 0.929199 0.498532 0.018555 0.024963 0.924103 0.496204 1.0 0.93352 0.494435 1.0 0.929635 0.501338 1.0 0.927281 0.50594 1.0 0.93352 0.504523 1.0
0 0.89502 0.609398 0.018555 0.035242 0.890869 0.608985 1.0 0.898956 0.608755 1.0 0.894836 0.617474 1.0 0.890411 0.619768 1.0 0.898041 0.619768 1.0
0 0.847656 0.602056 0.017578 0.035242 0.844452 0.599715 1.0 0.853149 0.599486 1.0 0.848114 0.608206 1.0 0.843842 0.612564 1.0 0.85025 0.612564 1.0
0 0.130371 0.645374 0.020508 0.033774 0.125628 0.638977 1.0 0.135951 0.638767 1.0 0.129952 0.647367 1.0 0.126186 0.652402 1.0 0.134277 0.652612 1.0
0 0.512695 0.455947 0.017578 0.0279 0.508911 0.452827 1.0 0.515381 0.453744 1.0 0.511597 0.459251 1.0 0.508789 0.464941 1.0 0.514648 0.464758 1.0