0 0.116699 0.336903 0.041992 0.09061 0.10941 0.32518 1.0 0.127433 0.321738 1.0 0.120292 0.344684 1.0 0.115871 0.362468 1.0 0.128113 0.3596 1.0
0 0.26416 0.281713 0.047852 0.108731 0.25524 0.267895 1.0 0.27227 0.261738 1.0 0.266998 0.284993 1.0 0.263755 0.308249 1.0 0.27227 0.306198 1.0
0 0.257324 0.144975 0.043945 0.095552 0.248256 0.124633 1.0 0.26899 0.123427 1.0 0.261126 0.141519 1.0 0.253261 0.162023 1.0 0.267918 0.162023 1.0
0 0.704102 0.582372 0.058594 0.06425 0.710938 0.576606 1.0 0.703125 0.589786 1.0 0.697266 0.553542 1.0 0.685547 0.568369 1.0 0.681641 0.574959 1.0
0 0.526367 0.191104 0.050781 0.095552 0.527344 0.179572 1.0 0.545898 0.179572 1.0 0.536133 0.202636 1.0 0.526367 0.217463 1.0 0.538086 0.220758 1.0
0 0.791992 0.229819 0.054688 0.120264 0.772461 0.220758 1.0 0.791992 0.215815 1.0 0.780273 0.237232 1.0 0.777344 0.257002 1.0 0.796875 0.253707 1.0
0 0.968262 0.224876 0.045898 0.100494 0.951085 0.217198 1.0 0.968911 0.217839 1.0 0.956016 0.239593 1.0 0.955257 0.25431 1.0 0.968911 0.253671 1.0
0 0.927734 0.093904 0.042969 0.105437 0.909197 0.083975 1.0 0.924892 0.0853 1.0 0.908412 0.102509 1.0 0.912729 0.12303 1.0 0.92136 0.12369 1.0
0 0.488281 0.098847 0.035156 0.072488 0.0 0.0 0.0 0.0 0.0 0.0 0.0 0.0 0.0 0.0 0.0 0.0 0.0 0.0 0.0
0 0.434082 0.120264 0.030273 0.065898 0.431641 0.120264 1.0 0.449219 0.118616 1.0 0.442383 0.138386 1.0 0.4375 0.15486 1.0 0.451172 0.15486 1.0
0 0.376953 0.02883 0.035156 0.057661 0.369141 0.008237 1.0 0.386719 0.008237 1.0 0.376953 0.014827 1.0 0.370117 0.031301 1.0 0.384766 0.031301 1.0
0 0.065918 0.034596 0.049805 0.069193 0.0625 0.019769 1.0 0.083008 0.01318 1.0 0.075195 0.037891 1.0 0.071289 0.052718 1.0 0.083008 0.047776 1.0
0 0.253418 0.020593 0.053711 0.041186 0.0 0.0 0.0 0.0 0.0 0.0 0.0 0.0 0.0 0.0 0.0 0.0 0.0 0.0 0.0
0 0.080078 0.336079 0.023438 0.049423 0.0 0.0 0.0 0.0 0.0 0.0 0.0 0.0 0.0 0.0 0.0 0.0 0.0 0.0 0.0