0 0.954102 0.332555 0.037109 0.070093 0.938896 0.31976 1.0 0.957868 0.31531 1.0 0.946986 0.32955 1.0 0.94308 0.348241 1.0 0.956752 0.346463 1.0
0 0.929199 0.245327 0.038086 0.073209 0.915676 0.237206 1.0 0.933228 0.234452 1.0 0.924308 0.253727 1.0 0.920279 0.264741 1.0 0.932652 0.264741 1.0
0 0.928711 0.092679 0.039062 0.073209 0.913033 0.081804 1.0 0.928223 0.076679 1.0 0.916539 0.09578 1.0 0.917415 0.109291 1.0 0.928807 0.107894 1.0
0 0.850098 0.311526 0.038086 0.068536 0.835336 0.304628 1.0 0.850743 0.300748 1.0 0.839391 0.315407 1.0 0.83885 0.330497 1.0 0.849392 0.325754 1.0
0 0.789062 0.267913 0.037109 0.071651 0.779567 0.259651 1.0 0.796256 0.259651 1.0 0.787049 0.272502 1.0 0.781869 0.287648 1.0 0.792228 0.287648 1.0
0 0.764648 0.388629 0.041016 0.076324 0.74942 0.378435 1.0 0.76807 0.379394 1.0 0.752729 0.387551 1.0 0.750021 0.408184 1.0 0.762055 0.408184 1.0
0 0.738281 0.332555 0.035156 0.082555 0.726515 0.321603 1.0 0.743518 0.321603 1.0 0.733381 0.335162 1.0 0.72913 0.353416 1.0 0.740247 0.35498 1.0
0 0.649902 0.318536 0.038086 0.066978 0.636222 0.307674 1.0 0.653521 0.306812 1.0 0.642709 0.325782 1.0 0.640547 0.336129 1.0 0.65271 0.335266 1.0
0 0.635254 0.240654 0.036133 0.066978 0.624023 0.232087 1.0 0.639648 0.232087 1.0 0.630859 0.239875 1.0 0.62793 0.255452 1.0 0.635742 0.253894 1.0
0 0.550293 0.255452 0.040039 0.071651 0.539115 0.249249 1.0 0.558102 0.248798 1.0 0.548466 0.261905 1.0 0.542799 0.273657 1.0 0.5564 0.273657 1.0
0 0.570801 0.399533 0.038086 0.070093 0.561384 0.392078 1.0 0.580357 0.392078 1.0 0.57087 0.405874 1.0 0.565011 0.418335 1.0 0.576729 0.418335 1.0
0 0.455566 0.318536 0.03418 0.073209 0.443782 0.308126 1.0 0.461308 0.306263 1.0 0.450793 0.321171 1.0 0.446995 0.334682 1.0 0.459556 0.333751 1.0
0 0.432617 0.256231 0.042969 0.073209 0.419665 0.248617 1.0 0.436606 0.243025 1.0 0.427551 0.263059 1.0 0.425507 0.277502 1.0 0.438358 0.27424 1.0
0 0.75293 0.105919 0.044922 0.077882 0.742977 0.09576 1.0 0.761549 0.095266 1.0 0.750715 0.109584 1.0 0.743596 0.121927 1.0 0.759382 0.122914 1.0
0 0.066895 0.097352 0.051758 0.098131 0.061306 0.08343 1.0 0.084062 0.084056 1.0 0.073076 0.105961 1.0 0.060128 0.117226 1.0 0.079354 0.119103 1.0
0 0.1875 0.179128 0.042969 0.087227 0.178746 0.166813 1.0 0.198722 0.167361 1.0 0.189423 0.180547 1.0 0.179435 0.199224 1.0 0.198722 0.200322 1.0
0 0.353027 0.354361 0.038086 0.073209 0.342023 0.344578 1.0 0.361886 0.342713 1.0 0.351663 0.356692 1.0 0.34436 0.370668 1.0 0.359842 0.368804 1.0
0 0.361816 0.249221 0.041992 0.071651 0.352827 0.231266 1.0 0.367563 0.24347 1.0 0.354811 0.247991 1.0 0.345742 0.259741 1.0 0.357645 0.26833 1.0
0 0.299316 0.318536 0.036133 0.070093 0.291295 0.309746 1.0 0.308314 0.309746 1.0 0.297991 0.325322 1.0 0.292689 0.334668 1.0 0.306361 0.335114 1.0
0 0.231934 0.353583 0.040039 0.071651 0.223148 0.34286 1.0 0.241852 0.346477 1.0 0.230517 0.357776 1.0 0.223148 0.372692 1.0 0.236185 0.3745 1.0
0 0.481934 0.188474 0.041992 0.074766 0.473925 0.178578 1.0 0.492274 0.177618 1.0 0.482648 0.191053 1.0 0.475429 0.205447 1.0 0.489267 0.205927 1.0