0 0.015137 0.472429 0.006836 0.017884 0.0 0.0 0.0 0.0 0.0 0.0 0.0 0.0 0.0 0.0 0.0 0.0 0.0 0.0 0.0
0 0.04834 0.47839 0.008789 0.017884 0.0 0.0 0.0 0.0 0.0 0.0 0.0 0.0 0.0 0.0 0.0 0.0 0.0 0.0 0.0
0 0.098145 0.479136 0.008789 0.016393 0.095146 0.476155 1.0 0.098214 0.476261 1.0 0.096191 0.481158 1.0 0.095982 0.483393 1.0 0.098354 0.482648 1.0
0 0.005371 0.476155 0.004883 0.019374 0.0 0.0 0.0 0.0 0.0 0.0 0.0 0.0 0.0 0.0 0.0 0.0 0.0 0.0 0.0
0 0.141113 0.4769 0.008789 0.014903 0.0 0.0 0.0 0.0 0.0 0.0 0.0 0.0 0.0 0.0 0.0 0.0 0.0 0.0 0.0
0 0.152344 0.473174 0.007812 0.013413 0.0 0.0 0.0 0.0 0.0 0.0 0.0 0.0 0.0 0.0 0.0 0.0 0.0 0.0 0.0
0 0.166992 0.47839 0.007812 0.017884 0.0 0.0 0.0 0.0 0.0 0.0 0.0 0.0 0.0 0.0 0.0 0.0 0.0 0.0 0.0
0 0.211426 0.454545 0.012695 0.023845 0.0 0.0 0.0 0.0 0.0 0.0 0.0 0.0 0.0 0.0 0.0 0.0 0.0 0.0 0.0
0 0.290039 0.505961 0.005859 0.010432 0.0 0.0 0.0 0.0 0.0 0.0 0.0 0.0 0.0 0.0 0.0 0.0 0.0 0.0 0.0
0 0.391113 0.484352 0.006836 0.011923 0.0 0.0 0.0 0.0 0.0 0.0 0.0 0.0 0.0 0.0 0.0 0.0 0.0 0.0 0.0
0 0.474609 0.435917 0.015625 0.022355 0.0 0.0 0.0 0.0 0.0 0.0 0.0 0.0 0.0 0.0 0.0 0.0 0.0 0.0 0.0
0 0.574219 0.420268 0.021484 0.026826 0.0 0.0 0.0 0.0 0.0 0.0 0.0 0.0 0.0 0.0 0.0 0.0 0.0 0.0 0.0
0 0.907715 0.42772 0.020508 0.044709 0.911342 0.423595 1.0 0.916329 0.423009 1.0 0.916905 0.429156 1.0 0.910575 0.438817 1.0 0.915179 0.438817 1.0