0 0.851074 0.644531 0.018555 0.035937 0.850586 0.640625 1.0 0.858398 0.640625 1.0 0.856445 0.648438 1.0 0.84668 0.653125 1.0 0.856445 0.654687 1.0
0 0.856445 0.326562 0.013672 0.03125 0.853211 0.321122 1.0 0.860404 0.321122 1.0 0.855826 0.328028 1.0 0.853733 0.332213 1.0 0.859227 0.332422 1.0
0 0.807129 0.332813 0.012695 0.028125 0.804688 0.326562 1.0 0.811523 0.328125 1.0 0.807617 0.33125 1.0 0.804688 0.3375 1.0 0.80957 0.339062 1.0
0 0.765137 0.84375 0.010742 0.025 0.762695 0.842187 1.0 0.767578 0.842187 1.0 0.764648 0.84375 1.0 0.762695 0.848437 1.0 0.766602 0.85 1.0
0 0.625977 0.7 0.009766 0.01875 0.623047 0.698438 1.0 0.628906 0.698438 1.0 0.625977 0.701562 1.0 0.624023 0.70625 1.0 0.62793 0.70625 1.0
0 0.711914 0.6875 0.007812 0.015625 0.708984 0.684375 1.0 0.712891 0.6875 1.0 0.711914 0.689063 1.0 0.709961 0.692187 1.0 0.711914 0.692187 1.0
0 0.217285 0.680469 0.022461 0.039062 0.213867 0.675 1.0 0.22168 0.678125 1.0 0.214844 0.679688 1.0 0.209961 0.6875 1.0 0.217773 0.689063 1.0
0 0.510742 0.146094 0.035156 0.082812 0.501753 0.138253 1.0 0.519736 0.138253 1.0 0.509927 0.153425 1.0 0.502079 0.162842 1.0 0.516467 0.162842 1.0
0 0.449219 0.148438 0.037109 0.08125 0.445399 0.141545 1.0 0.459721 0.142055 1.0 0.453674 0.158859 1.0 0.442217 0.164459 1.0 0.459403 0.164459 1.0
0 0.141113 0.109375 0.022461 0.04375 0.140276 0.100837 1.0 0.147949 0.103906 1.0 0.144112 0.112277 1.0 0.138358 0.11702 1.0 0.145508 0.120647 1.0
0 0.103516 0.100781 0.023438 0.048438 0.100726 0.095703 1.0 0.111275 0.095703 1.0 0.106672 0.105525 1.0 0.099958 0.111662 1.0 0.110316 0.11197 1.0
0 0.178223 0.107813 0.022461 0.04375 0.171875 0.103125 1.0 0.182617 0.1 1.0 0.176758 0.109375 1.0 0.174805 0.11875 1.0 0.182617 0.115625 1.0
0 0.20752 0.130469 0.022461 0.045312 0.201146 0.12417 1.0 0.210894 0.12387 1.0 0.20602 0.134967 1.0 0.201896 0.140667 1.0 0.211456 0.140667 1.0
0 0.202637 0.410156 0.006836 0.017188 0.200195 0.407813 1.0 0.204102 0.407813 1.0 0.202148 0.4125 1.0 0.200195 0.415625 1.0 0.202148 0.415625 1.0
0 0.138672 0.382031 0.007812 0.014063 0.135742 0.38125 1.0 0.141602 0.379688 1.0 0.138672 0.382812 1.0 0.137695 0.389062 1.0 0.141602 0.3875 1.0
0 0.197266 0.405469 0.007812 0.017188 0.0 0.0 0.0 0.0 0.0 0.0 0.0 0.0 0.0 0.0 0.0 0.0 0.0 0.0 0.0
0 0.847656 0.138281 0.005859 0.010937 0.0 0.0 0.0 0.0 0.0 0.0 0.0 0.0 0.0 0.0 0.0 0.0 0.0 0.0 0.0
0 0.608887 0.15625 0.008789 0.015625 0.0 0.0 0.0 0.0 0.0 0.0 0.0 0.0 0.0 0.0 0.0 0.0 0.0 0.0 0.0
0 0.165527 0.359375 0.006836 0.015625 0.166016 0.357812 1.0 0.168945 0.357812 1.0 0.166992 0.360938 1.0 0.165039 0.364063 1.0 0.167969 0.364063 1.0
0 0.192871 0.730469 0.014648 0.020313 0.0 0.0 0.0 0.0 0.0 0.0 0.0 0.0 0.0 0.0 0.0 0.0 0.0 0.0 0.0
0 0.842285 0.173437 0.010742 0.021875 0.0 0.0 0.0 0.0 0.0 0.0 0.0 0.0 0.0 0.0 0.0 0.0 0.0 0.0 0.0
0 0.759277 0.239844 0.012695 0.020313 0.0 0.0 0.0 0.0 0.0 0.0 0.0 0.0 0.0 0.0 0.0 0.0 0.0 0.0 0.0
0 0.741699 0.160938 0.008789 0.01875 0.0 0.0 0.0 0.0 0.0 0.0 0.0 0.0 0.0 0.0 0.0 0.0 0.0 0.0 0.0