0 0.085938 0.536458 0.023438 0.028646 0.077846 0.533691 1.0 0.088814 0.531913 1.0 0.083183 0.538237 1.0 0.080218 0.543771 1.0 0.086592 0.543178 1.0
0 0.015137 0.533854 0.008789 0.010417 0.0 0.0 0.0 0.0 0.0 0.0 0.0 0.0 0.0 0.0 0.0 0.0 0.0 0.0 0.0
0 0.037109 0.607422 0.009766 0.016927 0.0 0.0 0.0 0.0 0.0 0.0 0.0 0.0 0.0 0.0 0.0 0.0 0.0 0.0 0.0
0 0.102539 0.350911 0.003906 0.009115 0.0 0.0 0.0 0.0 0.0 0.0 0.0 0.0 0.0 0.0 0.0 0.0 0.0 0.0 0.0
0 0.078613 0.441406 0.008789 0.010417 0.0 0.0 0.0 0.0 0.0 0.0 0.0 0.0 0.0 0.0 0.0 0.0 0.0 0.0 0.0
0 0.189941 0.371094 0.004883 0.007812 0.0 0.0 0.0 0.0 0.0 0.0 0.0 0.0 0.0 0.0 0.0 0.0 0.0 0.0 0.0
0 0.323242 0.363281 0.003906 0.007812 0.0 0.0 0.0 0.0 0.0 0.0 0.0 0.0 0.0 0.0 0.0 0.0 0.0 0.0 0.0
0 0.30957 0.364583 0.003906 0.005208 0.0 0.0 0.0 0.0 0.0 0.0 0.0 0.0 0.0 0.0 0.0 0.0 0.0 0.0 0.0
0 0.46582 0.24349 0.017578 0.028646 0.462611 0.244048 1.0 0.470006 0.243862 1.0 0.466378 0.24907 1.0 0.464146 0.254836 1.0 0.46875 0.254465 1.0
0 0.378418 0.314453 0.004883 0.009115 0.0 0.0 0.0 0.0 0.0 0.0 0.0 0.0 0.0 0.0 0.0 0.0 0.0 0.0 0.0
0 0.333008 0.604167 0.003906 0.005208 0.0 0.0 0.0 0.0 0.0 0.0 0.0 0.0 0.0 0.0 0.0 0.0 0.0 0.0 0.0
0 0.462402 0.545573 0.00293 0.005208 0.0 0.0 0.0 0.0 0.0 0.0 0.0 0.0 0.0 0.0 0.0 0.0 0.0 0.0 0.0
0 0.430176 0.480469 0.00293 0.005208 0.0 0.0 0.0 0.0 0.0 0.0 0.0 0.0 0.0 0.0 0.0 0.0 0.0 0.0 0.0
0 0.436523 0.474609 0.001953 0.003906 0.0 0.0 0.0 0.0 0.0 0.0 0.0 0.0 0.0 0.0 0.0 0.0 0.0 0.0 0.0
0 0.421875 0.48763 0.001953 0.003906 0.0 0.0 0.0 0.0 0.0 0.0 0.0 0.0 0.0 0.0 0.0 0.0 0.0 0.0 0.0
0 0.40918 0.486979 0.003906 0.005208 0.0 0.0 0.0 0.0 0.0 0.0 0.0 0.0 0.0 0.0 0.0 0.0 0.0 0.0 0.0
0 0.268066 0.376953 0.006836 0.011719 0.0 0.0 0.0 0.0 0.0 0.0 0.0 0.0 0.0 0.0 0.0 0.0 0.0 0.0 0.0
0 0.099609 0.890625 0.007812 0.013021 0.098336 0.888753 1.0 0.101737 0.88884 1.0 0.100102 0.891892 1.0 0.098859 0.894857 1.0 0.101083 0.895031 1.0