0 0.433594 0.385479 0.066406 0.121257 0.441127 0.380868 1.0 0.457171 0.381636 1.0 0.44965 0.416222 1.0 0.419568 0.410073 1.0 0.432103 0.42237 1.0
0 0.203125 0.343563 0.09375 0.163174 0.197266 0.334581 1.0 0.237549 0.315027 1.0 0.230835 0.366485 1.0 0.209351 0.393246 1.0 0.237549 0.377807 1.0
0 0.304688 0.279192 0.025391 0.052395 0.304779 0.274747 1.0 0.313965 0.274419 1.0 0.310547 0.285882 1.0 0.304565 0.292431 1.0 0.312684 0.293085 1.0
0 0.345703 0.288174 0.03125 0.064371 0.338522 0.277982 1.0 0.350224 0.280835 1.0 0.343575 0.29225 1.0 0.336927 0.303257 1.0 0.348629 0.307334 1.0
0 0.301758 0.214072 0.015625 0.02994 0.299879 0.211192 1.0 0.306074 0.212743 1.0 0.302154 0.217199 1.0 0.299626 0.221076 1.0 0.303419 0.222238 1.0
0 0.322754 0.219311 0.018555 0.034431 0.317574 0.213183 1.0 0.323186 0.214066 1.0 0.31815 0.220681 1.0 0.318294 0.22818 1.0 0.323042 0.227738 1.0
0 0.301758 0.175898 0.009766 0.019461 0.297852 0.172156 1.0 0.302734 0.172156 1.0 0.299805 0.17515 1.0 0.298828 0.179641 1.0 0.301758 0.181138 1.0
0 0.081055 0.145958 0.017578 0.031437 0.0787 0.141199 1.0 0.08694 0.142804 1.0 0.082886 0.143805 1.0 0.078309 0.151024 1.0 0.086417 0.15343 1.0
0 0.120605 0.106287 0.008789 0.020958 0.0 0.0 0.0 0.0 0.0 0.0 0.0 0.0 0.0 0.0 0.0 0.0 0.0 0.0 0.0
0 0.108887 0.198353 0.018555 0.052395 0.10273 0.188582 1.0 0.105564 0.192259 1.0 0.101423 0.196602 1.0 0.102513 0.204623 1.0 0.105129 0.206293 1.0
0 0.470215 0.25 0.024414 0.071856 0.462507 0.247407 1.0 0.473336 0.249251 1.0 0.466117 0.258013 1.0 0.464312 0.265391 1.0 0.470027 0.266313 1.0
0 0.239258 0.200599 0.011719 0.02994 0.0 0.0 0.0 0.0 0.0 0.0 0.0 0.0 0.0 0.0 0.0 0.0 0.0 0.0 0.0
0 0.668457 0.226048 0.09082 0.146707 0.67524 0.209507 1.0 0.697662 0.238305 1.0 0.690391 0.25131 1.0 0.655849 0.257813 1.0 0.677665 0.284751 1.0
0 0.828125 0.124251 0.123047 0.239521 0.818285 0.089921 1.0 0.865043 0.117287 1.0 0.845489 0.140746 1.0 0.803833 0.178537 1.0 0.84464 0.196783 1.0