0 0.143555 0.497645 0.023438 0.047096 0.135755 0.489628 1.0 0.144191 0.493545 1.0 0.137255 0.502586 1.0 0.135942 0.507107 1.0 0.143254 0.510119 1.0
0 0.289551 0.559655 0.020508 0.042386 0.281795 0.555898 1.0 0.291486 0.558358 1.0 0.285195 0.569017 1.0 0.284176 0.572571 1.0 0.291146 0.572571 1.0
0 0.437012 0.572998 0.022461 0.050235 0.440347 0.567805 1.0 0.447018 0.566229 1.0 0.448194 0.578212 1.0 0.437992 0.58389 1.0 0.440936 0.583259 1.0
0 0.234863 0.773155 0.024414 0.048666 0.226405 0.762195 1.0 0.236188 0.764353 1.0 0.227748 0.775146 1.0 0.225446 0.78378 1.0 0.235997 0.784397 1.0
0 0.077637 0.703297 0.018555 0.050235 0.070675 0.70125 1.0 0.078718 0.704403 1.0 0.072636 0.713865 1.0 0.072636 0.721749 1.0 0.077345 0.722695 1.0
0 0.07959 0.819466 0.020508 0.043956 0.075091 0.813972 1.0 0.085729 0.814813 1.0 0.080147 0.824904 1.0 0.07666 0.830231 1.0 0.083636 0.830231 1.0
0 0.103027 0.861852 0.024414 0.050235 0.0 0.0 0.0 0.0 0.0 0.0 0.0 0.0 0.0 0.0 0.0 0.0 0.0 0.0 0.0
0 0.068359 0.967818 0.021484 0.045526 0.061127 0.964083 1.0 0.072209 0.965232 1.0 0.065596 0.977013 1.0 0.061663 0.983909 1.0 0.070958 0.984771 1.0
0 0.664551 0.5 0.018555 0.039246 0.0 0.0 0.0 0.0 0.0 0.0 0.0 0.0 0.0 0.0 0.0 0.0 0.0 0.0 0.0
0 0.5 0.297488 0.021484 0.042386 0.0 0.0 0.0 0.0 0.0 0.0 0.0 0.0 0.0 0.0 0.0 0.0 0.0 0.0 0.0
0 0.440918 0.189953 0.018555 0.043956 0.0 0.0 0.0 0.0 0.0 0.0 0.0 0.0 0.0 0.0 0.0 0.0 0.0 0.0 0.0
0 0.541016 0.276295 0.019531 0.050235 0.0 0.0 0.0 0.0 0.0 0.0 0.0 0.0 0.0 0.0 0.0 0.0 0.0 0.0 0.0
0 0.657715 0.793564 0.02832 0.039246 0.0 0.0 0.0 0.0 0.0 0.0 0.0 0.0 0.0 0.0 0.0 0.0 0.0 0.0 0.0
0 0.950195 0.206436 0.017578 0.042386 0.955147 0.202063 1.0 0.957528 0.198783 1.0 0.957868 0.20835 1.0 0.955318 0.214089 1.0 0.957868 0.212997 1.0
0 0.848145 0.127943 0.016602 0.039246 0.0 0.0 0.0 0.0 0.0 0.0 0.0 0.0 0.0 0.0 0.0 0.0 0.0 0.0 0.0
0 0.897461 0.145212 0.019531 0.045526 0.0 0.0 0.0 0.0 0.0 0.0 0.0 0.0 0.0 0.0 0.0 0.0 0.0 0.0 0.0
0 0.595215 0.430141 0.020508 0.043956 0.0 0.0 0.0 0.0 0.0 0.0 0.0 0.0 0.0 0.0 0.0 0.0 0.0 0.0 0.0