0 0.867188 0.198234 0.025391 0.05939 0.858398 0.191011 1.0 0.867188 0.197432 1.0 0.857422 0.202247 1.0 0.860352 0.216693 1.0 0.865234 0.218299 1.0
0 0.740723 0.204655 0.036133 0.075441 0.730164 0.192974 1.0 0.746277 0.194393 1.0 0.735918 0.211419 1.0 0.731026 0.21804 1.0 0.742824 0.219459 1.0
0 0.53418 0.211075 0.035156 0.065811 0.526864 0.206117 1.0 0.543047 0.207364 1.0 0.536473 0.224819 1.0 0.527623 0.227729 1.0 0.542036 0.228144 1.0
0 0.543457 0.124398 0.024414 0.05618 0.538827 0.126462 1.0 0.550598 0.125387 1.0 0.54711 0.137568 1.0 0.542533 0.145809 1.0 0.550162 0.145451 1.0
0 0.426758 0.308186 0.033203 0.073836 0.430236 0.30552 1.0 0.437604 0.290149 1.0 0.444122 0.309713 1.0 0.433354 0.334398 1.0 0.441005 0.319027 1.0
0 0.303223 0.357945 0.038086 0.067416 0.306396 0.35634 1.0 0.320521 0.348172 1.0 0.317645 0.369239 1.0 0.308489 0.377408 1.0 0.318168 0.373968 1.0
0 0.128906 0.292937 0.033203 0.075441 0.132812 0.282504 1.0 0.135742 0.279294 1.0 0.145508 0.292135 1.0 0.137695 0.309791 1.0 0.139648 0.306581 1.0
0 0.935547 0.455859 0.029297 0.067416 0.931641 0.441413 1.0 0.942383 0.454254 1.0 0.924805 0.455859 1.0 0.928711 0.476726 1.0 0.932617 0.478331 1.0
0 0.972656 0.335474 0.039062 0.089888 0.965279 0.319952 1.0 0.970102 0.323348 1.0 0.954603 0.336369 1.0 0.954259 0.356748 1.0 0.958047 0.362409 1.0
0 0.501953 0.460674 0.03125 0.073836 0.503906 0.467095 1.0 0.515625 0.462279 1.0 0.513672 0.476726 1.0 0.500977 0.486356 1.0 0.508789 0.483146 1.0
0 0.008789 0.264045 0.017578 0.0626 0.003418 0.257223 1.0 0.012451 0.249197 1.0 0.016113 0.266453 1.0 0.005127 0.28451 1.0 0.013672 0.280498 1.0
0 0.174316 0.154896 0.026367 0.05939 0.0 0.0 0.0 0.0 0.0 0.0 0.0 0.0 0.0 0.0 0.0 0.0 0.0 0.0 0.0
0 0.038574 0.023274 0.020508 0.046549 0.0 0.0 0.0 0.0 0.0 0.0 0.0 0.0 0.0 0.0 0.0 0.0 0.0 0.0 0.0
0 0.010742 0.398074 0.021484 0.057785 0.004883 0.382022 1.0 0.018555 0.370787 1.0 0.021484 0.390048 1.0 0.012695 0.417335 1.0 0.022461 0.410915 1.0
0 0.006348 0.116372 0.012695 0.05618 0.000977 0.107544 1.0 0.003906 0.101124 1.0 0.010742 0.11557 1.0 0.001953 0.131621 1.0 0.008789 0.126806 1.0