0 0.958984 0.205217 0.021484 0.048696 0.953313 0.205939 1.0 0.962965 0.209123 1.0 0.949916 0.220901 1.0 0.945447 0.229814 1.0 0.949916 0.232042 1.0
0 0.143555 0.226087 0.041016 0.086957 0.126173 0.225217 1.0 0.138863 0.23073 1.0 0.124935 0.246717 1.0 0.126792 0.261049 1.0 0.137007 0.2616 1.0
0 0.240723 0.230435 0.038086 0.085217 0.230469 0.238369 1.0 0.246948 0.238369 1.0 0.238098 0.260652 1.0 0.233826 0.272609 1.0 0.245728 0.273151 1.0
0 0.207031 0.191304 0.027344 0.08 0.194846 0.190435 1.0 0.205614 0.191443 1.0 0.196546 0.203557 1.0 0.195413 0.215668 1.0 0.202214 0.216677 1.0
0 0.129883 0.14 0.019531 0.043478 0.118905 0.140863 1.0 0.127454 0.14 1.0 0.123261 0.150917 1.0 0.12068 0.16097 1.0 0.12681 0.160683 1.0
0 0.108398 0.166957 0.017578 0.052174 0.105848 0.160078 1.0 0.116533 0.160078 1.0 0.112034 0.16976 1.0 0.109223 0.180776 1.0 0.115222 0.179442 1.0
0 0.289551 0.170435 0.024414 0.052174 0.284668 0.169783 1.0 0.296936 0.16587 1.0 0.294189 0.177934 1.0 0.290161 0.190652 1.0 0.297668 0.189348 1.0
0 0.397461 0.146957 0.015625 0.04 0.0 0.0 0.0 0.0 0.0 0.0 0.0 0.0 0.0 0.0 0.0 0.0 0.0 0.0 0.0
0 0.421875 0.133043 0.013672 0.036522 0.416582 0.130776 1.0 0.425737 0.131242 1.0 0.421422 0.13823 1.0 0.418152 0.143819 1.0 0.423384 0.143819 1.0
0 0.754883 0.323478 0.048828 0.118261 0.740932 0.294162 1.0 0.768974 0.305341 1.0 0.748466 0.318758 1.0 0.738421 0.342609 1.0 0.757255 0.352297 1.0
0 0.955078 0.310435 0.058594 0.109565 0.938682 0.29316 1.0 0.965842 0.297997 1.0 0.948382 0.311125 1.0 0.937905 0.334619 1.0 0.956918 0.337384 1.0
0 0.797852 0.238261 0.033203 0.069565 0.789908 0.231638 1.0 0.803327 0.23208 1.0 0.795872 0.24757 1.0 0.790405 0.258191 1.0 0.799849 0.258191 1.0
0 0.447754 0.2 0.030273 0.073043 0.437849 0.19115 1.0 0.447266 0.199068 1.0 0.43471 0.20885 1.0 0.433663 0.220963 1.0 0.440727 0.22236 1.0
0 0.577637 0.246957 0.02832 0.073043 0.570836 0.239503 1.0 0.58313 0.239969 1.0 0.577637 0.249285 1.0 0.573451 0.263261 1.0 0.58313 0.265123 1.0
0 0.624512 0.144348 0.014648 0.038261 0.619563 0.141311 1.0 0.626997 0.139146 1.0 0.623618 0.149496 1.0 0.621186 0.1584 1.0 0.627673 0.156475 1.0
0 0.679688 0.173043 0.015625 0.033043 0.0 0.0 0.0 0.0 0.0 0.0 0.0 0.0 0.0 0.0 0.0 0.0 0.0 0.0 0.0
0 0.494629 0.162609 0.014648 0.04 0.486031 0.159628 1.0 0.495963 0.159099 1.0 0.4887 0.17045 1.0 0.48455 0.178369 1.0 0.491812 0.178897 1.0
0 0.558105 0.178261 0.012695 0.029565 0.0 0.0 0.0 0.0 0.0 0.0 0.0 0.0 0.0 0.0 0.0 0.0 0.0 0.0 0.0
0 0.825195 0.186957 0.017578 0.046957 0.0 0.0 0.0 0.0 0.0 0.0 0.0 0.0 0.0 0.0 0.0 0.0 0.0 0.0 0.0
0 0.293457 0.308696 0.032227 0.067826 0.0 0.0 0.0 0.0 0.0 0.0 0.0 0.0 0.0 0.0 0.0 0.0 0.0 0.0 0.0
0 0.265137 0.156522 0.022461 0.055652 0.0 0.0 0.0 0.0 0.0 0.0 0.0 0.0 0.0 0.0 0.0 0.0 0.0 0.0 0.0
0 0.515137 0.48087 0.075195 0.175652 0.494219 0.445823 1.0 0.525173 0.459052 1.0 0.499791 0.491024 1.0 0.490505 0.509767 1.0 0.516506 0.519689 1.0
0 0.0625 0.22087 0.042969 0.10087 0.056222 0.218711 1.0 0.072144 0.218711 1.0 0.065992 0.236755 1.0 0.058755 0.257376 1.0 0.071058 0.258021 1.0
0 0.837891 0.271304 0.023438 0.052174 0.0 0.0 0.0 0.0 0.0 0.0 0.0 0.0 0.0 0.0 0.0 0.0 0.0 0.0 0.0
0 0.732422 0.232174 0.027344 0.071304 0.0 0.0 0.0 0.0 0.0 0.0 0.0 0.0 0.0 0.0 0.0 0.0 0.0 0.0 0.0
0 0.192383 0.178261 0.023438 0.064348 0.194437 0.18896 1.0 0.206451 0.190195 1.0 0.196978 0.204597 1.0 0.197209 0.211591 1.0 0.204834 0.212414 1.0
0 0.346191 0.301739 0.045898 0.106087 0.0 0.0 0.0 0.0 0.0 0.0 0.0 0.0 0.0 0.0 0.0 0.0 0.0 0.0 0.0