0 0.032715 0.206107 0.018555 0.036641 0.030047 0.202398 1.0 0.036865 0.202863 1.0 0.032715 0.212595 1.0 0.029454 0.215145 1.0 0.035531 0.215145 1.0
0 0.189941 0.280153 0.012695 0.025954 0.0 0.0 0.0 0.0 0.0 0.0 0.0 0.0 0.0 0.0 0.0 0.0 0.0 0.0 0.0
0 0.305176 0.229771 0.038086 0.080916 0.296134 0.221443 1.0 0.298393 0.220937 1.0 0.289036 0.242626 1.0 0.29936 0.255739 1.0 0.300328 0.253722 1.0
0 0.381348 0.253435 0.014648 0.030534 0.380371 0.248092 1.0 0.387207 0.248473 1.0 0.384033 0.253053 1.0 0.38147 0.257824 1.0 0.385254 0.257252 1.0
0 0.463379 0.226718 0.016602 0.035115 0.0 0.0 0.0 0.0 0.0 0.0 0.0 0.0 0.0 0.0 0.0 0.0 0.0 0.0 0.0
0 0.51123 0.19542 0.036133 0.073282 0.0 0.0 0.0 0.0 0.0 0.0 0.0 0.0 0.0 0.0 0.0 0.0 0.0 0.0 0.0
0 0.131348 0.301527 0.036133 0.083969 0.0 0.0 0.0 0.0 0.0 0.0 0.0 0.0 0.0 0.0 0.0 0.0 0.0 0.0 0.0
0 0.843262 0.260305 0.014648 0.032061 0.842607 0.256583 1.0 0.848101 0.257197 1.0 0.845354 0.26415 1.0 0.842346 0.268852 1.0 0.846531 0.269466 1.0
0 0.956543 0.244275 0.012695 0.027481 0.0 0.0 0.0 0.0 0.0 0.0 0.0 0.0 0.0 0.0 0.0 0.0 0.0 0.0 0.0
0 0.891113 0.326718 0.03418 0.067176 0.0 0.0 0.0 0.0 0.0 0.0 0.0 0.0 0.0 0.0 0.0 0.0 0.0 0.0 0.0
0 0.741211 0.273282 0.035156 0.070229 0.729749 0.259229 1.0 0.750436 0.261444 1.0 0.735983 0.273849 1.0 0.729183 0.288024 1.0 0.742785 0.288024 1.0
0 0.779785 0.233588 0.012695 0.027481 0.0 0.0 0.0 0.0 0.0 0.0 0.0 0.0 0.0 0.0 0.0 0.0 0.0 0.0 0.0