0 0.584473 0.288937 0.077148 0.149927 0.575195 0.26492 1.0 0.610352 0.280932 1.0 0.591797 0.299854 1.0 0.563477 0.315866 1.0 0.594727 0.330422 1.0
0 0.387207 0.136827 0.02832 0.052402 0.37793 0.131004 1.0 0.390625 0.13246 1.0 0.382812 0.14556 1.0 0.379883 0.152838 1.0 0.386719 0.152838 1.0
0 0.713867 0.191412 0.044922 0.094614 0.699742 0.17813 1.0 0.721 0.177531 1.0 0.706962 0.194869 1.0 0.700143 0.210413 1.0 0.719396 0.213402 1.0
0 0.814453 0.176128 0.027344 0.046579 0.812849 0.167758 1.0 0.824079 0.170448 1.0 0.818063 0.178818 1.0 0.813651 0.189281 1.0 0.820068 0.190178 1.0
0 0.909668 0.227074 0.032227 0.064047 0.901764 0.216112 1.0 0.9133 0.220614 1.0 0.900391 0.228803 1.0 0.89682 0.241084 1.0 0.905334 0.24436 1.0
0 0.330078 0.14556 0.023438 0.046579 0.320879 0.136294 1.0 0.3283 0.137191 1.0 0.32128 0.14556 1.0 0.32108 0.15961 1.0 0.326294 0.159908 1.0
0 0.286621 0.128093 0.018555 0.037846 0.280976 0.123038 1.0 0.288879 0.123038 1.0 0.284524 0.130972 1.0 0.281782 0.136983 1.0 0.287428 0.137464 1.0
0 0.313965 0.116448 0.016602 0.032023 0.309989 0.111042 1.0 0.317104 0.111457 1.0 0.313616 0.116865 1.0 0.310687 0.126013 1.0 0.316964 0.126638 1.0
0 0.043457 0.092431 0.010742 0.021834 0.038374 0.090416 1.0 0.044225 0.090702 1.0 0.040867 0.096278 1.0 0.038661 0.10271 1.0 0.043073 0.102854 1.0
0 0.101562 0.101164 0.015625 0.033479 0.09668 0.098981 1.0 0.102539 0.098981 1.0 0.097656 0.106259 1.0 0.095703 0.112082 1.0 0.100586 0.112082 1.0
0 0.169922 0.112082 0.011719 0.026201 0.165039 0.107715 1.0 0.168945 0.107715 1.0 0.164062 0.113537 1.0 0.165039 0.11936 1.0 0.168945 0.117904 1.0
0 0.194336 0.116448 0.011719 0.026201 0.191162 0.112121 1.0 0.195923 0.111952 1.0 0.192862 0.119217 1.0 0.192183 0.122426 1.0 0.195356 0.122258 1.0
0 0.254395 0.115721 0.008789 0.024745 0.249023 0.112082 1.0 0.251953 0.110626 1.0 0.250977 0.120815 1.0 0.25293 0.123726 1.0 0.255859 0.122271 1.0
0 0.567871 0.152838 0.010742 0.020378 0.0 0.0 0.0 0.0 0.0 0.0 0.0 0.0 0.0 0.0 0.0 0.0 0.0 0.0 0.0
0 0.623047 0.165211 0.03125 0.056769 0.611777 0.154821 1.0 0.61921 0.156607 1.0 0.613456 0.166972 1.0 0.611537 0.174121 1.0 0.621129 0.175907 1.0
0 0.973145 0.163755 0.02832 0.050946 0.965097 0.155009 1.0 0.978215 0.156335 1.0 0.969988 0.164951 1.0 0.963763 0.174562 1.0 0.973768 0.174562 1.0
0 0.890137 0.165211 0.010742 0.018923 0.0 0.0 0.0 0.0 0.0 0.0 0.0 0.0 0.0 0.0 0.0 0.0 0.0 0.0 0.0
0 0.838867 0.157933 0.009766 0.018923 0.0 0.0 0.0 0.0 0.0 0.0 0.0 0.0 0.0 0.0 0.0 0.0 0.0 0.0 0.0
0 0.916992 0.106987 0.007812 0.016012 0.0 0.0 0.0 0.0 0.0 0.0 0.0 0.0 0.0 0.0 0.0 0.0 0.0 0.0 0.0
0 0.862305 0.127365 0.005859 0.0131 0.0 0.0 0.0 0.0 0.0 0.0 0.0 0.0 0.0 0.0 0.0 0.0 0.0 0.0 0.0
0 0.713867 0.115721 0.023438 0.042213 0.705078 0.110626 1.0 0.71167 0.111172 1.0 0.707092 0.116902 1.0 0.704895 0.124 1.0 0.709839 0.124818 1.0
0 0.223145 0.130277 0.008789 0.018923 0.0 0.0 0.0 0.0 0.0 0.0 0.0 0.0 0.0 0.0 0.0 0.0 0.0 0.0 0.0
0 0.947266 0.153566 0.021484 0.045124 0.94043 0.142649 1.0 0.951172 0.144105 1.0 0.945312 0.149927 1.0 0.943359 0.158661 1.0 0.949219 0.158661 1.0
0 0.368164 0.13246 0.009766 0.020378 0.0 0.0 0.0 0.0 0.0 0.0 0.0 0.0 0.0 0.0 0.0 0.0 0.0 0.0 0.0
0 0.072754 0.095342 0.006836 0.016012 0.0 0.0 0.0 0.0 0.0 0.0 0.0 0.0 0.0 0.0 0.0 0.0 0.0 0.0 0.0