0 0.490723 0.648568 0.047852 0.079952 0.483398 0.639618 1.0 0.507812 0.640811 1.0 0.496094 0.653938 1.0 0.485352 0.664678 1.0 0.500977 0.665871 1.0
0 0.86084 0.299523 0.049805 0.073986 0.850869 0.295218 1.0 0.872109 0.293828 1.0 0.86073 0.308196 1.0 0.852387 0.315148 1.0 0.87173 0.315611 1.0
0 0.803711 0.190931 0.044922 0.069212 0.794922 0.190931 1.0 0.810547 0.186158 1.0 0.803711 0.198091 1.0 0.795898 0.210024 1.0 0.811523 0.206444 1.0
0 0.721191 0.178401 0.043945 0.063246 0.709961 0.176611 1.0 0.729492 0.173031 1.0 0.719727 0.187351 1.0 0.711914 0.201671 1.0 0.729492 0.200477 1.0
0 0.632812 0.22852 0.046875 0.068019 0.619769 0.228776 1.0 0.635812 0.225366 1.0 0.629534 0.240283 1.0 0.623954 0.252216 1.0 0.638951 0.250085 1.0
0 0.495117 0.28401 0.046875 0.076372 0.47995 0.279535 1.0 0.500977 0.283413 1.0 0.487091 0.294079 1.0 0.479156 0.304259 1.0 0.49701 0.305714 1.0
0 0.58252 0.144391 0.038086 0.062053 0.569301 0.142239 1.0 0.590942 0.141073 1.0 0.579804 0.155851 1.0 0.574711 0.166351 1.0 0.586805 0.165573 1.0
0 0.444824 0.180788 0.051758 0.060859 0.435547 0.178998 1.0 0.458008 0.178998 1.0 0.446289 0.186158 1.0 0.441406 0.195704 1.0 0.454102 0.196897 1.0
0 0.355469 0.186754 0.041016 0.065632 0.350586 0.192124 1.0 0.368164 0.186158 1.0 0.362305 0.198091 1.0 0.359375 0.210024 1.0 0.369141 0.206444 1.0
0 0.353027 0.289379 0.040039 0.075179 0.344299 0.293098 1.0 0.364702 0.292138 1.0 0.35607 0.306523 1.0 0.347046 0.313715 1.0 0.364311 0.314195 1.0
0 0.225098 0.273866 0.047852 0.068019 0.217285 0.276253 1.0 0.236816 0.275827 1.0 0.225655 0.286908 1.0 0.220075 0.297988 1.0 0.231236 0.297988 1.0
0 0.106934 0.28043 0.053711 0.078759 0.099553 0.275374 1.0 0.116987 0.27686 1.0 0.113743 0.290237 1.0 0.099553 0.301137 1.0 0.116176 0.301632 1.0