0 0.788086 0.65105 0.052734 0.100162 0.773943 0.625144 1.0 0.803148 0.632674 1.0 0.783046 0.637066 1.0 0.773943 0.6653 1.0 0.792908 0.669693 1.0
0 0.888672 0.466074 0.041016 0.085622 0.875924 0.441698 1.0 0.891166 0.452111 1.0 0.870292 0.458141 1.0 0.872611 0.478422 1.0 0.885864 0.482806 1.0
0 0.829102 0.462843 0.037109 0.07916 0.81427 0.452948 1.0 0.830139 0.464559 1.0 0.817932 0.474152 1.0 0.812134 0.483239 1.0 0.82373 0.488792 1.0
0 0.734375 0.529079 0.041016 0.082391 0.726039 0.502827 1.0 0.740165 0.511136 1.0 0.722272 0.513213 1.0 0.718506 0.539695 1.0 0.729179 0.544889 1.0
0 0.649414 0.542811 0.041016 0.077544 0.648324 0.529562 1.0 0.659454 0.552454 1.0 0.654642 0.549966 1.0 0.6393 0.554942 1.0 0.651031 0.571363 1.0
0 0.618652 0.42811 0.040039 0.080775 0.60764 0.416549 1.0 0.624354 0.423205 1.0 0.610116 0.432935 1.0 0.605473 0.4442 1.0 0.616926 0.448808 1.0
0 0.598633 0.352181 0.027344 0.054927 0.0 0.0 0.0 0.0 0.0 0.0 0.0 0.0 0.0 0.0 0.0 0.0 0.0 0.0 0.0
0 0.639648 0.03958 0.029297 0.069467 0.631967 0.034511 1.0 0.645154 0.036097 1.0 0.635323 0.052756 1.0 0.632926 0.059897 1.0 0.641798 0.06069 1.0
0 0.72168 0.042003 0.023438 0.06462 0.71248 0.033103 1.0 0.724487 0.033882 1.0 0.716012 0.047903 1.0 0.711304 0.059976 1.0 0.721191 0.060754 1.0
0 0.836426 0.082391 0.020508 0.061389 0.0 0.0 0.0 0.0 0.0 0.0 0.0 0.0 0.0 0.0 0.0 0.0 0.0 0.0 0.0
0 0.901367 0.191438 0.027344 0.059774 0.898158 0.180504 1.0 0.909721 0.188754 1.0 0.899292 0.193255 1.0 0.894531 0.20188 1.0 0.901786 0.206756 1.0
0 0.865234 0.325525 0.03125 0.066236 0.0 0.0 0.0 0.0 0.0 0.0 0.0 0.0 0.0 0.0 0.0 0.0 0.0 0.0 0.0
0 0.865234 0.278675 0.023438 0.056543 0.852104 0.271376 1.0 0.865182 0.276065 1.0 0.855155 0.286522 1.0 0.851667 0.294456 1.0 0.860168 0.296619 1.0
0 0.684082 0.297254 0.024414 0.048465 0.680032 0.290864 1.0 0.689405 0.286212 1.0 0.68828 0.298617 1.0 0.683219 0.312882 1.0 0.692404 0.31009 1.0
0 0.663574 0.385299 0.02832 0.07916 0.657898 0.363288 1.0 0.669494 0.371871 1.0 0.657898 0.380452 1.0 0.653625 0.395598 1.0 0.664611 0.402666 1.0
0 0.617676 0.293215 0.020508 0.056543 0.611084 0.290964 1.0 0.621329 0.293128 1.0 0.612609 0.303586 1.0 0.60825 0.309716 1.0 0.616752 0.311519 1.0
0 0.572266 0.067044 0.027344 0.069467 0.563398 0.060423 1.0 0.576372 0.059976 1.0 0.569615 0.076073 1.0 0.56529 0.087252 1.0 0.575832 0.087252 1.0
0 0.748047 0.361066 0.037109 0.082391 0.734688 0.345719 1.0 0.749442 0.354027 1.0 0.733434 0.362855 1.0 0.732178 0.376876 1.0 0.744105 0.382586 1.0
0 0.684082 0.945073 0.071289 0.109855 0.667725 0.941842 1.0 0.694476 0.965843 1.0 0.665458 0.972595 1.0 0.65775 0.993596 1.0 0.666817 1.007847 1.0
0 0.587402 0.79483 0.043945 0.096931 0.0 0.0 0.0 0.0 0.0 0.0 0.0 0.0 0.0 0.0 0.0 0.0 0.0 0.0 0.0
0 0.957031 0.944265 0.046875 0.105008 0.0 0.0 0.0 0.0 0.0 0.0 0.0 0.0 0.0 0.0 0.0 0.0 0.0 0.0 0.0
0 0.602539 0.506462 0.035156 0.056543 0.5896 0.500872 1.0 0.608499 0.503816 1.0 0.594047 0.51485 1.0 0.603385 0.535447 1.0 0.603829 0.535079 1.0
0 0.481445 0.452342 0.029297 0.071082 0.47464 0.428362 1.0 0.483979 0.434724 1.0 0.47052 0.450171 1.0 0.468598 0.461532 1.0 0.477111 0.467892 1.0
0 0.410156 0.482229 0.033203 0.059774 0.397652 0.478422 1.0 0.413976 0.487422 1.0 0.40196 0.500548 1.0 0.395839 0.500922 1.0 0.408988 0.508048 1.0
0 0.154785 0.290792 0.047852 0.155089 0.0 0.0 0.0 0.0 0.0 0.0 0.0 0.0 0.0 0.0 0.0 0.0 0.0 0.0 0.0
0 0.319336 0.242326 0.027344 0.084006 0.0 0.0 0.0 0.0 0.0 0.0 0.0 0.0 0.0 0.0 0.0 0.0 0.0 0.0 0.0
0 0.236816 0.145396 0.043945 0.113086 0.240645 0.129595 1.0 0.253161 0.133165 1.0 0.253161 0.1503 1.0 0.24496 0.158868 1.0 0.253593 0.16101 1.0
0 0.372559 0.03231 0.024414 0.035541 0.36642 0.023454 1.0 0.377563 0.020858 1.0 0.374425 0.036695 1.0 0.369245 0.047599 1.0 0.381958 0.045003 1.0
0 0.30957 0.071082 0.025391 0.058158 0.0 0.0 0.0 0.0 0.0 0.0 0.0 0.0 0.0 0.0 0.0 0.0 0.0 0.0 0.0
0 0.34375 0.049273 0.011719 0.021002 0.0 0.0 0.0 0.0 0.0 0.0 0.0 0.0 0.0 0.0 0.0 0.0 0.0 0.0 0.0
0 0.338379 0.021002 0.012695 0.016155 0.0 0.0 0.0 0.0 0.0 0.0 0.0 0.0 0.0 0.0 0.0 0.0 0.0 0.0 0.0
0 0.770996 0.021002 0.026367 0.042003 0.0 0.0 0.0 0.0 0.0 0.0 0.0 0.0 0.0 0.0 0.0 0.0 0.0 0.0 0.0
0 0.396973 0.116317 0.043945 0.080775 0.0 0.0 0.0 0.0 0.0 0.0 0.0 0.0 0.0 0.0 0.0 0.0 0.0 0.0 0.0
0 0.474609 0.053312 0.03125 0.067851 0.46769 0.036759 1.0 0.479522 0.037611 1.0 0.473092 0.052504 1.0 0.467176 0.063994 1.0 0.478751 0.06527 1.0
0 0.513184 0.082391 0.02832 0.06462 0.0 0.0 0.0 0.0 0.0 0.0 0.0 0.0 0.0 0.0 0.0 0.0 0.0 0.0 0.0