0 0.089355 0.435241 0.016602 0.042169 0.0 0.0 0.0 0.0 0.0 0.0 0.0 0.0 0.0 0.0 0.0 0.0 0.0 0.0 0.0
0 0.238281 0.408133 0.015625 0.03012 0.0 0.0 0.0 0.0 0.0 0.0 0.0 0.0 0.0 0.0 0.0 0.0 0.0 0.0 0.0
0 0.261719 0.439759 0.013672 0.033133 0.0 0.0 0.0 0.0 0.0 0.0 0.0 0.0 0.0 0.0 0.0 0.0 0.0 0.0 0.0
0 0.330566 0.411145 0.022461 0.036145 0.323547 0.409922 1.0 0.327973 0.408509 1.0 0.323395 0.417922 1.0 0.326294 0.421922 1.0 0.330719 0.420745 1.0
0 0.412109 0.385542 0.021484 0.042169 0.403425 0.385812 1.0 0.40761 0.383122 1.0 0.401158 0.394417 1.0 0.408308 0.404367 1.0 0.411446 0.40356 1.0
0 0.564453 0.426205 0.019531 0.048193 0.554139 0.421297 1.0 0.560154 0.419133 1.0 0.556945 0.429648 1.0 0.556745 0.439544 1.0 0.560556 0.437997 1.0
0 0.655273 0.368976 0.029297 0.072289 0.646886 0.361527 1.0 0.648071 0.361527 1.0 0.641846 0.376157 1.0 0.648368 0.386672 1.0 0.64985 0.386672 1.0
0 0.834961 0.384036 0.027344 0.060241 0.823582 0.377797 1.0 0.830915 0.378967 1.0 0.822065 0.387935 1.0 0.824594 0.399634 1.0 0.830409 0.399244 1.0
0 0.802734 0.384789 0.019531 0.034639 0.794154 0.378658 1.0 0.80113 0.377581 1.0 0.795829 0.385758 1.0 0.795689 0.393503 1.0 0.801549 0.393072 1.0
0 0.892578 0.379518 0.019531 0.039157 0.885638 0.373789 1.0 0.890961 0.373541 1.0 0.884831 0.380755 1.0 0.886283 0.389959 1.0 0.891283 0.38797 1.0
0 0.50293 0.402861 0.013672 0.025602 0.0 0.0 0.0 0.0 0.0 0.0 0.0 0.0 0.0 0.0 0.0 0.0 0.0 0.0 0.0
0 0.527832 0.399096 0.010742 0.024096 0.0 0.0 0.0 0.0 0.0 0.0 0.0 0.0 0.0 0.0 0.0 0.0 0.0 0.0 0.0
0 0.601562 0.399096 0.015625 0.033133 0.0 0.0 0.0 0.0 0.0 0.0 0.0 0.0 0.0 0.0 0.0 0.0 0.0 0.0 0.0