0 0.214844 0.560761 0.021484 0.040996 0.218541 0.560605 1.0 0.220808 0.560082 1.0 0.223772 0.565572 1.0 0.219762 0.573154 1.0 0.222028 0.572893 1.0
0 0.169434 0.552709 0.016602 0.039531 0.169939 0.551977 1.0 0.176069 0.550237 1.0 0.17524 0.55769 1.0 0.172921 0.564644 1.0 0.176069 0.56365 1.0
0 0.148438 0.554905 0.015625 0.046852 0.0 0.0 0.0 0.0 0.0 0.0 0.0 0.0 0.0 0.0 0.0 0.0 0.0 0.0 0.0
0 0.499512 0.576135 0.008789 0.036603 0.0 0.0 0.0 0.0 0.0 0.0 0.0 0.0 0.0 0.0 0.0 0.0 0.0 0.0 0.0
0 0.401855 0.653734 0.020508 0.04246 0.394933 0.651054 1.0 0.399044 0.651054 1.0 0.395826 0.658826 1.0 0.397077 0.663649 1.0 0.399401 0.663649 1.0
0 0.650391 0.847731 0.015625 0.070278 0.646833 0.82671 1.0 0.65128 0.828488 1.0 0.643572 0.848044 1.0 0.646833 0.859157 1.0 0.648315 0.8596 1.0
0 0.006836 0.406296 0.009766 0.021962 0.006356 0.403264 1.0 0.010193 0.403407 1.0 0.008274 0.407145 1.0 0.005781 0.411171 1.0 0.009617 0.411171 1.0
0 0.003418 0.380673 0.006836 0.023426 0.0 0.0 0.0 0.0 0.0 0.0 0.0 0.0 0.0 0.0 0.0 0.0 0.0 0.0 0.0
0 0.03418 0.372621 0.007812 0.019034 0.0 0.0 0.0 0.0 0.0 0.0 0.0 0.0 0.0 0.0 0.0 0.0 0.0 0.0 0.0
0 0.049316 0.376281 0.008789 0.020498 0.046178 0.374164 1.0 0.049927 0.374032 1.0 0.047921 0.378085 1.0 0.046875 0.38096 1.0 0.04984 0.381092 1.0
0 0.069336 0.41142 0.011719 0.023426 0.065238 0.40772 1.0 0.070452 0.40742 1.0 0.066942 0.412231 1.0 0.06604 0.415537 1.0 0.070252 0.414937 1.0
0 0.032715 0.450952 0.012695 0.023426 0.031438 0.450069 1.0 0.03605 0.450069 1.0 0.034646 0.45488 1.0 0.031237 0.457286 1.0 0.035648 0.457286 1.0
0 0.067383 0.509517 0.011719 0.023426 0.067174 0.509047 1.0 0.072301 0.509047 1.0 0.070521 0.513439 1.0 0.067383 0.517204 1.0 0.071358 0.517204 1.0
0 0.100586 0.518302 0.009766 0.020498 0.099731 0.514687 1.0 0.103943 0.514687 1.0 0.102295 0.519079 1.0 0.100098 0.522373 1.0 0.103576 0.522373 1.0
0 0.088379 0.401171 0.010742 0.020498 0.086609 0.397968 1.0 0.091461 0.397832 1.0 0.08963 0.401949 1.0 0.086884 0.406205 1.0 0.091004 0.406341 1.0
0 0.072754 0.367496 0.006836 0.014641 0.0 0.0 0.0 0.0 0.0 0.0 0.0 0.0 0.0 0.0 0.0 0.0 0.0 0.0 0.0
0 0.126953 0.393851 0.009766 0.023426 0.124874 0.391766 1.0 0.129386 0.390864 1.0 0.12718 0.394772 1.0 0.125074 0.399132 1.0 0.129987 0.398079 1.0
0 0.154297 0.388726 0.009766 0.019034 0.0 0.0 0.0 0.0 0.0 0.0 0.0 0.0 0.0 0.0 0.0 0.0 0.0 0.0 0.0
0 0.167969 0.38287 0.007812 0.019034 0.0 0.0 0.0 0.0 0.0 0.0 0.0 0.0 0.0 0.0 0.0 0.0 0.0 0.0 0.0
0 0.382812 0.540996 0.013672 0.033675 0.0 0.0 0.0 0.0 0.0 0.0 0.0 0.0 0.0 0.0 0.0 0.0 0.0 0.0 0.0
0 0.667969 0.52123 0.011719 0.026354 0.0 0.0 0.0 0.0 0.0 0.0 0.0 0.0 0.0 0.0 0.0 0.0 0.0 0.0 0.0
0 0.617676 0.532211 0.014648 0.02489 0.615392 0.527152 1.0 0.620623 0.526662 1.0 0.618225 0.532707 1.0 0.616372 0.536792 1.0 0.619751 0.53663 1.0
0 0.539062 0.472182 0.009766 0.021962 0.536368 0.470529 1.0 0.541983 0.470227 1.0 0.539075 0.47564 1.0 0.53717 0.477444 1.0 0.541281 0.476542 1.0
0 0.595703 0.468521 0.009766 0.023426 0.593811 0.464782 1.0 0.597621 0.464782 1.0 0.595816 0.468991 1.0 0.593911 0.472449 1.0 0.59712 0.472299 1.0
0 0.576172 0.454612 0.013672 0.030747 0.0 0.0 0.0 0.0 0.0 0.0 0.0 0.0 0.0 0.0 0.0 0.0 0.0 0.0 0.0
0 0.177734 0.491215 0.007812 0.021962 0.0 0.0 0.0 0.0 0.0 0.0 0.0 0.0 0.0 0.0 0.0 0.0 0.0 0.0 0.0
0 0.187988 0.510249 0.008789 0.021962 0.186737 0.508236 1.0 0.190674 0.508098 1.0 0.189209 0.511804 1.0 0.187104 0.515236 1.0 0.190125 0.515373 1.0
0 0.170898 0.52123 0.009766 0.023426 0.0 0.0 0.0 0.0 0.0 0.0 0.0 0.0 0.0 0.0 0.0 0.0 0.0 0.0 0.0
0 0.209473 0.519766 0.010742 0.020498 0.0 0.0 0.0 0.0 0.0 0.0 0.0 0.0 0.0 0.0 0.0 0.0 0.0 0.0 0.0
0 0.225586 0.501464 0.013672 0.027818 0.221784 0.497176 1.0 0.227905 0.496647 1.0 0.224728 0.501764 1.0 0.223079 0.505824 1.0 0.227199 0.505471 1.0
0 0.242188 0.502196 0.007812 0.01757 0.0 0.0 0.0 0.0 0.0 0.0 0.0 0.0 0.0 0.0 0.0 0.0 0.0 0.0 0.0
0 0.189453 0.404832 0.009766 0.021962 0.188599 0.400348 1.0 0.192627 0.400485 1.0 0.191162 0.404054 1.0 0.188781 0.407622 1.0 0.192078 0.407898 1.0
0 0.206055 0.39019 0.009766 0.019034 0.204241 0.386987 1.0 0.209377 0.386119 1.0 0.207223 0.390341 1.0 0.2054 0.395432 1.0 0.209625 0.394811 1.0
0 0.225586 0.397511 0.007812 0.016105 0.224889 0.395211 1.0 0.228864 0.395211 1.0 0.22719 0.399079 1.0 0.225935 0.402217 1.0 0.228097 0.402217 1.0
0 0.249023 0.381406 0.007812 0.019034 0.0 0.0 0.0 0.0 0.0 0.0 0.0 0.0 0.0 0.0 0.0 0.0 0.0 0.0 0.0
0 0.251953 0.412152 0.009766 0.021962 0.0 0.0 0.0 0.0 0.0 0.0 0.0 0.0 0.0 0.0 0.0 0.0 0.0 0.0 0.0
0 0.260742 0.396779 0.009766 0.01757 0.0 0.0 0.0 0.0 0.0 0.0 0.0 0.0 0.0 0.0 0.0 0.0 0.0 0.0 0.0
0 0.292969 0.392387 0.009766 0.023426 0.290977 0.390602 1.0 0.296291 0.3894 1.0 0.293583 0.394662 1.0 0.29218 0.39857 1.0 0.29609 0.397668 1.0
0 0.324707 0.418009 0.008789 0.019034 0.0 0.0 0.0 0.0 0.0 0.0 0.0 0.0 0.0 0.0 0.0 0.0 0.0 0.0 0.0
0 0.335449 0.393119 0.008789 0.019034 0.0 0.0 0.0 0.0 0.0 0.0 0.0 0.0 0.0 0.0 0.0 0.0 0.0 0.0 0.0
0 0.347656 0.400439 0.007812 0.019034 0.0 0.0 0.0 0.0 0.0 0.0 0.0 0.0 0.0 0.0 0.0 0.0 0.0 0.0 0.0
0 0.569824 0.402635 0.010742 0.020498 0.0 0.0 0.0 0.0 0.0 0.0 0.0 0.0 0.0 0.0 0.0 0.0 0.0 0.0 0.0
0 0.702148 0.405564 0.007812 0.020498 0.0 0.0 0.0 0.0 0.0 0.0 0.0 0.0 0.0 0.0 0.0 0.0 0.0 0.0 0.0
0 0.723633 0.409224 0.007812 0.016105 0.723175 0.406315 1.0 0.723397 0.405982 1.0 0.723916 0.409094 1.0 0.722879 0.414205 1.0 0.723101 0.413982 1.0
0 0.734375 0.419473 0.007812 0.016105 0.0 0.0 0.0 0.0 0.0 0.0 0.0 0.0 0.0 0.0 0.0 0.0 0.0 0.0 0.0
0 0.743164 0.398975 0.007812 0.019034 0.0 0.0 0.0 0.0 0.0 0.0 0.0 0.0 0.0 0.0 0.0 0.0 0.0 0.0 0.0
0 0.749023 0.412152 0.009766 0.016105 0.0 0.0 0.0 0.0 0.0 0.0 0.0 0.0 0.0 0.0 0.0 0.0 0.0 0.0 0.0
0 0.731934 0.468521 0.008789 0.01757 0.0 0.0 0.0 0.0 0.0 0.0 0.0 0.0 0.0 0.0 0.0 0.0 0.0 0.0 0.0
0 0.75293 0.478038 0.011719 0.021962 0.750515 0.477019 1.0 0.755886 0.477019 1.0 0.753296 0.481476 1.0 0.751762 0.484496 1.0 0.754734 0.48464 1.0
0 0.780273 0.469985 0.009766 0.01757 0.778303 0.468031 1.0 0.782676 0.467808 1.0 0.780008 0.471142 1.0 0.77897 0.474253 1.0 0.781342 0.474253 1.0
0 0.79541 0.477306 0.012695 0.020498 0.0 0.0 0.0 0.0 0.0 0.0 0.0 0.0 0.0 0.0 0.0 0.0 0.0 0.0 0.0
0 0.789551 0.419473 0.010742 0.021962 0.787815 0.418884 1.0 0.792899 0.418022 1.0 0.790597 0.42248 1.0 0.788774 0.426075 1.0 0.792323 0.425356 1.0
0 0.819336 0.54978 0.015625 0.033675 0.816546 0.546114 1.0 0.82302 0.54525 1.0 0.81856 0.551937 1.0 0.816258 0.559056 1.0 0.822013 0.559271 1.0
0 0.827637 0.469985 0.010742 0.023426 0.825344 0.465195 1.0 0.830257 0.465495 1.0 0.827449 0.469253 1.0 0.826347 0.473763 1.0 0.829254 0.473613 1.0
0 0.843262 0.415081 0.010742 0.021962 0.841814 0.414205 1.0 0.84661 0.414061 1.0 0.8445 0.418518 1.0 0.842294 0.421394 1.0 0.846418 0.421107 1.0
0 0.87793 0.415081 0.009766 0.021962 0.0 0.0 0.0 0.0 0.0 0.0 0.0 0.0 0.0 0.0 0.0 0.0 0.0 0.0 0.0
0 0.867188 0.47511 0.009766 0.021962 0.0 0.0 0.0 0.0 0.0 0.0 0.0 0.0 0.0 0.0 0.0 0.0 0.0 0.0 0.0
0 0.90332 0.464861 0.011719 0.021962 0.0 0.0 0.0 0.0 0.0 0.0 0.0 0.0 0.0 0.0 0.0 0.0 0.0 0.0 0.0
0 0.918457 0.545388 0.010742 0.019034 0.916809 0.545512 1.0 0.921447 0.545139 1.0 0.919708 0.549735 1.0 0.917224 0.552467 1.0 0.921696 0.551846 1.0
0 0.928223 0.566618 0.008789 0.01757 0.0 0.0 0.0 0.0 0.0 0.0 0.0 0.0 0.0 0.0 0.0 0.0 0.0 0.0 0.0
0 0.928711 0.470717 0.009766 0.016105 0.0 0.0 0.0 0.0 0.0 0.0 0.0 0.0 0.0 0.0 0.0 0.0 0.0 0.0 0.0
0 0.924805 0.45022 0.009766 0.019034 0.0 0.0 0.0 0.0 0.0 0.0 0.0 0.0 0.0 0.0 0.0 0.0 0.0 0.0 0.0
0 0.943848 0.464861 0.010742 0.019034 0.940063 0.46188 1.0 0.944371 0.461755 1.0 0.942135 0.465606 1.0 0.940892 0.46871 1.0 0.94346 0.468587 1.0
0 0.943359 0.491215 0.009766 0.019034 0.942243 0.488483 1.0 0.946324 0.488483 1.0 0.944205 0.492483 1.0 0.943106 0.496249 1.0 0.944676 0.49613 1.0
0 0.922363 0.412884 0.008789 0.01757 0.922773 0.410649 1.0 0.925912 0.41112 1.0 0.9245 0.414296 1.0 0.922459 0.417237 1.0 0.925598 0.41759 1.0
0 0.966797 0.396047 0.009766 0.019034 0.0 0.0 0.0 0.0 0.0 0.0 0.0 0.0 0.0 0.0 0.0 0.0 0.0 0.0 0.0
0 0.971191 0.472914 0.008789 0.020498 0.0 0.0 0.0 0.0 0.0 0.0 0.0 0.0 0.0 0.0 0.0 0.0 0.0 0.0 0.0
0 0.967773 0.528551 0.011719 0.026354 0.96596 0.52702 1.0 0.97004 0.525662 1.0 0.967547 0.531269 1.0 0.966753 0.534328 1.0 0.969587 0.533988 1.0