0 0.130371 0.205995 0.05957 0.118622 0.123601 0.195551 1.0 0.150443 0.19779 1.0 0.142447 0.209724 1.0 0.12874 0.238816 1.0 0.148158 0.238816 1.0
0 0.182617 0.246811 0.048828 0.098214 0.188319 0.239364 1.0 0.204001 0.238742 1.0 0.204001 0.253639 1.0 0.187845 0.265431 1.0 0.201625 0.266672 1.0
0 0.339355 0.221301 0.057617 0.085459 0.33075 0.216916 1.0 0.357797 0.221733 1.0 0.342225 0.240468 1.0 0.325832 0.240468 1.0 0.35247 0.24475 1.0
0 0.510254 0.209184 0.071289 0.119898 0.496617 0.19513 1.0 0.53057 0.193628 1.0 0.518485 0.206404 1.0 0.506976 0.237222 1.0 0.529419 0.234216 1.0
0 0.859375 0.213648 0.052734 0.090561 0.855888 0.201621 1.0 0.880302 0.205038 1.0 0.871582 0.210163 1.0 0.858939 0.229523 1.0 0.876813 0.231801 1.0
0 0.647461 0.172832 0.046875 0.072704 0.632812 0.163265 1.0 0.65332 0.163265 1.0 0.638672 0.172194 1.0 0.634766 0.188776 1.0 0.648438 0.191327 1.0
0 0.118652 0.054209 0.02832 0.049745 0.116455 0.046556 1.0 0.130615 0.049107 1.0 0.124756 0.058673 1.0 0.117676 0.066645 1.0 0.127441 0.067602 1.0
0 0.019043 0.16773 0.036133 0.065051 0.002729 0.168561 1.0 0.016096 0.163989 1.0 0.004639 0.176043 1.0 0.006229 0.186019 1.0 0.018006 0.18311 1.0
0 0.195312 0.035077 0.027344 0.047194 0.194851 0.028671 1.0 0.206635 0.029577 1.0 0.205479 0.035913 1.0 0.199472 0.046477 1.0 0.206403 0.045872 1.0
0 0.261719 0.128827 0.029297 0.058673 0.254508 0.118195 1.0 0.26811 0.118195 1.0 0.260176 0.128929 1.0 0.253941 0.138552 1.0 0.266693 0.138922 1.0
0 0.40625 0.045281 0.03125 0.057398 0.405273 0.042092 1.0 0.418945 0.043367 1.0 0.414062 0.049745 1.0 0.40625 0.0625 1.0 0.416992 0.0625 1.0
0 0.445801 0.183036 0.030273 0.054847 0.443359 0.182398 1.0 0.456055 0.178571 1.0 0.453125 0.184949 1.0 0.448242 0.196429 1.0 0.458008 0.196429 1.0
0 0.724609 0.360332 0.054688 0.070153 0.718331 0.353772 1.0 0.737862 0.358328 1.0 0.728795 0.371083 1.0 0.716588 0.378827 1.0 0.730888 0.382471 1.0
0 0.725098 0.229592 0.022461 0.048469 0.724369 0.225196 1.0 0.733961 0.225823 1.0 0.732762 0.233339 1.0 0.727486 0.243673 1.0 0.733002 0.243047 1.0
0 0.765625 0.239158 0.025391 0.044643 0.762303 0.232827 1.0 0.773856 0.235103 1.0 0.769933 0.240513 1.0 0.762739 0.247631 1.0 0.770805 0.24877 1.0
0 0.547363 0.145408 0.022461 0.043367 0.546806 0.141855 1.0 0.55392 0.141855 1.0 0.553711 0.149782 1.0 0.54555 0.158254 1.0 0.553711 0.158528 1.0
0 0.647461 0.100765 0.027344 0.040816 0.649227 0.098847 1.0 0.654327 0.101408 1.0 0.654916 0.109352 1.0 0.646284 0.112684 1.0 0.64903 0.114733 1.0
0 0.827637 0.107143 0.016602 0.030612 0.826067 0.103351 1.0 0.834368 0.103545 1.0 0.832293 0.109158 1.0 0.82755 0.114193 1.0 0.833183 0.114386 1.0
0 0.926758 0.133291 0.03125 0.044643 0.929321 0.126673 1.0 0.938041 0.130375 1.0 0.936297 0.138633 1.0 0.927795 0.14575 1.0 0.933027 0.146319 1.0
0 0.95752 0.316327 0.038086 0.061224 0.957921 0.312068 1.0 0.97304 0.310906 1.0 0.968297 0.32407 1.0 0.960885 0.333364 1.0 0.971854 0.332977 1.0
0 0.976562 0.225128 0.021484 0.039541 0.980782 0.221232 1.0 0.987305 0.223487 1.0 0.986346 0.230001 1.0 0.980782 0.237268 1.0 0.984811 0.238019 1.0
0 0.610352 0.31824 0.033203 0.072704 0.0 0.0 0.0 0.0 0.0 0.0 0.0 0.0 0.0 0.0 0.0 0.0 0.0 0.0 0.0
0 0.932129 0.19898 0.022461 0.028061 0.927177 0.198069 1.0 0.935687 0.198251 1.0 0.929967 0.205722 1.0 0.926897 0.210642 1.0 0.932617 0.210642 1.0
0 0.804199 0.190689 0.022461 0.039541 0.808319 0.190945 1.0 0.815774 0.188895 1.0 0.8144 0.19607 1.0 0.807142 0.203245 1.0 0.814793 0.201195 1.0
0 0.383301 0.179209 0.030273 0.057398 0.0 0.0 0.0 0.0 0.0 0.0 0.0 0.0 0.0 0.0 0.0 0.0 0.0 0.0 0.0
0 0.688477 0.166454 0.025391 0.049745 0.684326 0.164222 1.0 0.696289 0.165179 1.0 0.69043 0.172513 1.0 0.683594 0.179528 1.0 0.694092 0.180804 1.0
0 0.884277 0.040816 0.018555 0.033163 0.882982 0.038494 1.0 0.891532 0.039758 1.0 0.889758 0.045235 1.0 0.885563 0.049028 1.0 0.890402 0.05008 1.0
0 0.877441 0.108418 0.018555 0.033163 0.0 0.0 0.0 0.0 0.0 0.0 0.0 0.0 0.0 0.0 0.0 0.0 0.0 0.0 0.0