0 0.261719 0.277126 0.050781 0.052786 0.250419 0.27299 1.0 0.272679 0.269114 1.0 0.263969 0.294302 1.0 0.25558 0.287521 1.0 0.271711 0.287037 1.0
0 0.070801 0.247801 0.022461 0.043988 0.0738 0.242001 1.0 0.080549 0.243408 1.0 0.077925 0.252978 1.0 0.0738 0.259452 1.0 0.077925 0.260015 1.0
0 0.116699 0.29912 0.016602 0.032258 0.112444 0.297235 1.0 0.115653 0.296397 1.0 0.108956 0.300796 1.0 0.110491 0.310013 1.0 0.113839 0.309384 1.0
0 0.334961 0.233871 0.019531 0.045455 0.331212 0.227953 1.0 0.331212 0.229106 1.0 0.32373 0.235441 1.0 0.329293 0.244947 1.0 0.329293 0.245522 1.0
0 0.295898 0.240469 0.019531 0.041056 0.297852 0.234604 1.0 0.303711 0.234604 1.0 0.302734 0.246334 1.0 0.293945 0.250733 1.0 0.298828 0.253666 1.0
0 0.559082 0.288856 0.053711 0.105572 0.54098 0.274239 1.0 0.568281 0.276884 1.0 0.55375 0.305974 1.0 0.543183 0.314569 1.0 0.567841 0.314569 1.0
0 0.672852 0.150293 0.029297 0.065982 0.661481 0.141182 1.0 0.67627 0.138249 1.0 0.660924 0.14579 1.0 0.660087 0.163804 1.0 0.671247 0.160871 1.0
0 0.731445 0.215543 0.033203 0.087977 0.71671 0.208787 1.0 0.71671 0.208787 1.0 0.717085 0.239749 1.0 0.728707 0.235246 1.0 0.728707 0.235246 1.0
0 0.916016 0.236804 0.023438 0.048387 0.910893 0.232189 1.0 0.922163 0.229111 1.0 0.91663 0.240188 1.0 0.913557 0.24788 1.0 0.923393 0.24511 1.0
0 0.860352 0.268328 0.009766 0.02346 0.0 0.0 0.0 0.0 0.0 0.0 0.0 0.0 0.0 0.0 0.0 0.0 0.0 0.0 0.0
0 0.888672 0.272727 0.011719 0.026393 0.885742 0.269795 1.0 0.890625 0.269795 1.0 0.887695 0.274194 1.0 0.886719 0.278592 1.0 0.889648 0.277126 1.0
0 0.398438 0.351906 0.009766 0.020528 0.0 0.0 0.0 0.0 0.0 0.0 0.0 0.0 0.0 0.0 0.0 0.0 0.0 0.0 0.0
0 0.043457 0.260997 0.016602 0.043988 0.0 0.0 0.0 0.0 0.0 0.0 0.0 0.0 0.0 0.0 0.0 0.0 0.0 0.0 0.0