0 0.275391 0.117474 0.044922 0.088106 0.26712 0.109496 1.0 0.288243 0.106153 1.0 0.280831 0.123427 1.0 0.270085 0.137357 1.0 0.287502 0.134571 1.0
0 0.416504 0.094714 0.045898 0.086637 0.405396 0.082416 1.0 0.428467 0.079662 1.0 0.418213 0.098385 1.0 0.408325 0.11105 1.0 0.428833 0.108297 1.0
0 0.53418 0.12188 0.046875 0.079295 0.519928 0.116602 1.0 0.541748 0.111555 1.0 0.529663 0.13427 1.0 0.526642 0.144869 1.0 0.543427 0.142347 1.0
0 0.673828 0.110866 0.041016 0.080764 0.659397 0.099395 1.0 0.679461 0.096837 1.0 0.666199 0.115756 1.0 0.662458 0.127006 1.0 0.681501 0.124449 1.0
0 0.164551 0.37812 0.045898 0.077827 0.150391 0.367107 1.0 0.172852 0.358297 1.0 0.166016 0.378855 1.0 0.158203 0.396476 1.0 0.176758 0.387665 1.0
0 0.368652 0.334802 0.049805 0.088106 0.362977 0.318465 1.0 0.382987 0.334624 1.0 0.36594 0.347441 1.0 0.353341 0.342982 1.0 0.372611 0.360257 1.0
0 0.608887 0.305433 0.045898 0.091043 0.604984 0.295003 1.0 0.624328 0.296144 1.0 0.61826 0.318386 1.0 0.604984 0.328082 1.0 0.619397 0.327512 1.0
0 0.814941 0.321586 0.041992 0.079295 0.803711 0.303185 1.0 0.825531 0.308232 1.0 0.81311 0.326404 1.0 0.804047 0.333977 1.0 0.82251 0.33751 1.0
0 0.677734 0.496329 0.044922 0.082232 0.669669 0.482648 1.0 0.6924 0.491452 1.0 0.676901 0.508023 1.0 0.666225 0.510614 1.0 0.682412 0.517345 1.0
0 0.5 0.501468 0.044922 0.089574 0.489014 0.48664 1.0 0.511135 0.487204 1.0 0.500637 0.508627 1.0 0.491639 0.519903 1.0 0.509635 0.519903 1.0
0 0.305176 0.538179 0.049805 0.086637 0.298462 0.523128 1.0 0.320435 0.526432 1.0 0.310547 0.551211 1.0 0.297363 0.555617 1.0 0.314575 0.556167 1.0