0 0.206055 0.214076 0.013672 0.020528 0.0 0.0 0.0 0.0 0.0 0.0 0.0 0.0 0.0 0.0 0.0 0.0 0.0 0.0 0.0
0 0.411621 0.056452 0.018555 0.036657 0.0 0.0 0.0 0.0 0.0 0.0 0.0 0.0 0.0 0.0 0.0 0.0 0.0 0.0 0.0
0 0.458008 0.046921 0.017578 0.032258 0.0 0.0 0.0 0.0 0.0 0.0 0.0 0.0 0.0 0.0 0.0 0.0 0.0 0.0 0.0
0 0.439453 0.156158 0.015625 0.027859 0.0 0.0 0.0 0.0 0.0 0.0 0.0 0.0 0.0 0.0 0.0 0.0 0.0 0.0 0.0
0 0.523438 0.065249 0.015625 0.024927 0.0 0.0 0.0 0.0 0.0 0.0 0.0 0.0 0.0 0.0 0.0 0.0 0.0 0.0 0.0
0 0.571289 0.137097 0.015625 0.030792 0.0 0.0 0.0 0.0 0.0 0.0 0.0 0.0 0.0 0.0 0.0 0.0 0.0 0.0 0.0
0 0.564941 0.063783 0.014648 0.021994 0.0 0.0 0.0 0.0 0.0 0.0 0.0 0.0 0.0 0.0 0.0 0.0 0.0 0.0 0.0
0 0.583008 0.030792 0.015625 0.02346 0.0 0.0 0.0 0.0 0.0 0.0 0.0 0.0 0.0 0.0 0.0 0.0 0.0 0.0 0.0
0 0.591797 0.069648 0.013672 0.019062 0.0 0.0 0.0 0.0 0.0 0.0 0.0 0.0 0.0 0.0 0.0 0.0 0.0 0.0 0.0
0 0.65918 0.059384 0.013672 0.024927 0.0 0.0 0.0 0.0 0.0 0.0 0.0 0.0 0.0 0.0 0.0 0.0 0.0 0.0 0.0
0 0.683105 0.080645 0.014648 0.02346 0.0 0.0 0.0 0.0 0.0 0.0 0.0 0.0 0.0 0.0 0.0 0.0 0.0 0.0 0.0
0 0.729492 0.074047 0.015625 0.019062 0.0 0.0 0.0 0.0 0.0 0.0 0.0 0.0 0.0 0.0 0.0 0.0 0.0 0.0 0.0
0 0.76416 0.170088 0.016602 0.026393 0.0 0.0 0.0 0.0 0.0 0.0 0.0 0.0 0.0 0.0 0.0 0.0 0.0 0.0 0.0
0 0.458984 0.090176 0.013672 0.027859 0.0 0.0 0.0 0.0 0.0 0.0 0.0 0.0 0.0 0.0 0.0 0.0 0.0 0.0 0.0
0 0.488281 0.123167 0.013672 0.026393 0.0 0.0 0.0 0.0 0.0 0.0 0.0 0.0 0.0 0.0 0.0 0.0 0.0 0.0 0.0
0 0.89502 0.046188 0.014648 0.027859 0.0 0.0 0.0 0.0 0.0 0.0 0.0 0.0 0.0 0.0 0.0 0.0 0.0 0.0 0.0
0 0.95752 0.062317 0.012695 0.024927 0.0 0.0 0.0 0.0 0.0 0.0 0.0 0.0 0.0 0.0 0.0 0.0 0.0 0.0 0.0
0 0.021973 0.433284 0.02832 0.045455 0.0 0.0 0.0 0.0 0.0 0.0 0.0 0.0 0.0 0.0 0.0 0.0 0.0 0.0 0.0
0 0.884277 0.531525 0.043945 0.077713 0.874512 0.524823 1.0 0.894723 0.523827 1.0 0.885777 0.538752 1.0 0.874181 0.549199 1.0 0.897374 0.547208 1.0
0 0.725586 0.501466 0.041016 0.079179 0.722412 0.489141 1.0 0.737519 0.487628 1.0 0.736176 0.506277 1.0 0.72174 0.519886 1.0 0.739197 0.517367 1.0
0 0.583984 0.512463 0.044922 0.07478 0.585065 0.499947 1.0 0.599505 0.497591 1.0 0.595738 0.516443 1.0 0.584124 0.528226 1.0 0.600761 0.525397 1.0
0 0.398926 0.505865 0.041992 0.073314 0.384509 0.491189 1.0 0.405247 0.4884 1.0 0.394104 0.506991 1.0 0.388223 0.523258 1.0 0.405866 0.519075 1.0
0 0.260254 0.527126 0.041992 0.071848 0.242676 0.516771 1.0 0.259766 0.513563 1.0 0.245422 0.528683 1.0 0.245728 0.547471 1.0 0.260376 0.543805 1.0
0 0.116211 0.543255 0.044922 0.07478 0.107247 0.536394 1.0 0.12765 0.533095 1.0 0.118548 0.554305 1.0 0.109131 0.56373 1.0 0.12765 0.560431 1.0
0 0.98877 0.489003 0.022461 0.045455 0.983643 0.480493 1.0 0.995536 0.479918 1.0 0.988246 0.491438 1.0 0.985561 0.502383 1.0 0.993042 0.502095 1.0
0 0.931641 0.497067 0.023438 0.041056 0.0 0.0 0.0 0.0 0.0 0.0 0.0 0.0 0.0 0.0 0.0 0.0 0.0 0.0 0.0
0 0.813965 0.540323 0.020508 0.036657 0.806885 0.531106 1.0 0.815674 0.532284 1.0 0.806414 0.53794 1.0 0.805001 0.548308 1.0 0.810809 0.549016 1.0
0 0.765137 0.51173 0.020508 0.026393 0.0 0.0 0.0 0.0 0.0 0.0 0.0 0.0 0.0 0.0 0.0 0.0 0.0 0.0 0.0
0 0.931152 0.453079 0.020508 0.035191 0.0 0.0 0.0 0.0 0.0 0.0 0.0 0.0 0.0 0.0 0.0 0.0 0.0 0.0 0.0
0 0.919922 0.314516 0.019531 0.033724 0.913766 0.308946 1.0 0.924125 0.308298 1.0 0.918226 0.319098 1.0 0.914917 0.32385 1.0 0.921679 0.323635 1.0
0 0.771973 0.32478 0.018555 0.036657 0.768263 0.321632 1.0 0.777457 0.322843 1.0 0.773102 0.330109 1.0 0.770198 0.338585 1.0 0.775037 0.338585 1.0
0 0.755371 0.271261 0.016602 0.032258 0.0 0.0 0.0 0.0 0.0 0.0 0.0 0.0 0.0 0.0 0.0 0.0 0.0 0.0 0.0
0 0.864746 0.249267 0.016602 0.032258 0.0 0.0 0.0 0.0 0.0 0.0 0.0 0.0 0.0 0.0 0.0 0.0 0.0 0.0 0.0
0 0.782227 0.204545 0.021484 0.027859 0.0 0.0 0.0 0.0 0.0 0.0 0.0 0.0 0.0 0.0 0.0 0.0 0.0 0.0 0.0
0 0.72998 0.240469 0.018555 0.029326 0.0 0.0 0.0 0.0 0.0 0.0 0.0 0.0 0.0 0.0 0.0 0.0 0.0 0.0 0.0
0 0.706543 0.374633 0.016602 0.030792 0.0 0.0 0.0 0.0 0.0 0.0 0.0 0.0 0.0 0.0 0.0 0.0 0.0 0.0 0.0
0 0.651367 0.283724 0.019531 0.036657 0.64774 0.2771 1.0 0.656843 0.2771 1.0 0.652291 0.284405 1.0 0.648054 0.291239 1.0 0.656059 0.291239 1.0
0 0.695312 0.435484 0.019531 0.029326 0.0 0.0 0.0 0.0 0.0 0.0 0.0 0.0 0.0 0.0 0.0 0.0 0.0 0.0 0.0
0 0.615723 0.418622 0.018555 0.036657 0.0 0.0 0.0 0.0 0.0 0.0 0.0 0.0 0.0 0.0 0.0 0.0 0.0 0.0 0.0
0 0.55127 0.428152 0.018555 0.032258 0.0 0.0 0.0 0.0 0.0 0.0 0.0 0.0 0.0 0.0 0.0 0.0 0.0 0.0 0.0
0 0.785645 0.034457 0.022461 0.033724 0.0 0.0 0.0 0.0 0.0 0.0 0.0 0.0 0.0 0.0 0.0 0.0 0.0 0.0 0.0
0 0.160645 0.254399 0.018555 0.036657 0.0 0.0 0.0 0.0 0.0 0.0 0.0 0.0 0.0 0.0 0.0 0.0 0.0 0.0 0.0
0 0.331543 0.580645 0.018555 0.032258 0.0 0.0 0.0 0.0 0.0 0.0 0.0 0.0 0.0 0.0 0.0 0.0 0.0 0.0 0.0
0 0.335938 0.531525 0.023438 0.045455 0.328352 0.524456 1.0 0.340437 0.523591 1.0 0.334874 0.532521 1.0 0.330653 0.543752 1.0 0.339094 0.542889 1.0
0 0.41748 0.453079 0.018555 0.032258 0.0 0.0 0.0 0.0 0.0 0.0 0.0 0.0 0.0 0.0 0.0 0.0 0.0 0.0 0.0
0 0.205078 0.513196 0.023438 0.046921 0.0 0.0 0.0 0.0 0.0 0.0 0.0 0.0 0.0 0.0 0.0 0.0 0.0 0.0 0.0
0 0.234863 0.442815 0.022461 0.043988 0.230626 0.433284 1.0 0.233887 0.432997 1.0 0.230626 0.442789 1.0 0.231776 0.450853 1.0 0.233312 0.450853 1.0
0 0.189453 0.459677 0.025391 0.045455 0.182442 0.46096 1.0 0.192802 0.460673 1.0 0.187813 0.46528 1.0 0.185128 0.476513 1.0 0.190499 0.475937 1.0
0 0.118164 0.465543 0.019531 0.033724 0.112641 0.456686 1.0 0.123719 0.456902 1.0 0.117819 0.463598 1.0 0.112353 0.472023 1.0 0.123287 0.472455 1.0
0 0.088867 0.480205 0.023438 0.036657 0.083771 0.474386 1.0 0.093536 0.475302 1.0 0.088501 0.48126 1.0 0.082245 0.491111 1.0 0.095367 0.488132 1.0
0 0.091309 0.358504 0.016602 0.036657 0.0 0.0 0.0 0.0 0.0 0.0 0.0 0.0 0.0 0.0 0.0 0.0 0.0 0.0 0.0
0 0.177246 0.33651 0.020508 0.036657 0.0 0.0 0.0 0.0 0.0 0.0 0.0 0.0 0.0 0.0 0.0 0.0 0.0 0.0 0.0
0 0.065918 0.298387 0.018555 0.033724 0.0 0.0 0.0 0.0 0.0 0.0 0.0 0.0 0.0 0.0 0.0 0.0 0.0 0.0 0.0
0 0.155762 0.442082 0.016602 0.036657 0.0 0.0 0.0 0.0 0.0 0.0 0.0 0.0 0.0 0.0 0.0 0.0 0.0 0.0 0.0
0 0.315918 0.424487 0.018555 0.036657 0.0 0.0 0.0 0.0 0.0 0.0 0.0 0.0 0.0 0.0 0.0 0.0 0.0 0.0 0.0
0 0.339844 0.271994 0.019531 0.027859 0.0 0.0 0.0 0.0 0.0 0.0 0.0 0.0 0.0 0.0 0.0 0.0 0.0 0.0 0.0
0 0.237305 0.327713 0.019531 0.036657 0.0 0.0 0.0 0.0 0.0 0.0 0.0 0.0 0.0 0.0 0.0 0.0 0.0 0.0 0.0
0 0.10791 0.229472 0.018555 0.042522 0.0 0.0 0.0 0.0 0.0 0.0 0.0 0.0 0.0 0.0 0.0 0.0 0.0 0.0 0.0
0 0.069336 0.056452 0.017578 0.030792 0.0 0.0 0.0 0.0 0.0 0.0 0.0 0.0 0.0 0.0 0.0 0.0 0.0 0.0 0.0
0 0.127441 0.039589 0.012695 0.02346 0.0 0.0 0.0 0.0 0.0 0.0 0.0 0.0 0.0 0.0 0.0 0.0 0.0 0.0 0.0
0 0.191406 0.062317 0.015625 0.021994 0.0 0.0 0.0 0.0 0.0 0.0 0.0 0.0 0.0 0.0 0.0 0.0 0.0 0.0 0.0
0 0.233398 0.045455 0.013672 0.02346 0.0 0.0 0.0 0.0 0.0 0.0 0.0 0.0 0.0 0.0 0.0 0.0 0.0 0.0 0.0
0 0.256836 0.035924 0.017578 0.024927 0.0 0.0 0.0 0.0 0.0 0.0 0.0 0.0 0.0 0.0 0.0 0.0 0.0 0.0 0.0
0 0.31543 0.030792 0.015625 0.029326 0.0 0.0 0.0 0.0 0.0 0.0 0.0 0.0 0.0 0.0 0.0 0.0 0.0 0.0 0.0
0 0.291504 0.21261 0.018555 0.035191 0.0 0.0 0.0 0.0 0.0 0.0 0.0 0.0 0.0 0.0 0.0 0.0 0.0 0.0 0.0
0 0.476074 0.497801 0.016602 0.033724 0.0 0.0 0.0 0.0 0.0 0.0 0.0 0.0 0.0 0.0 0.0 0.0 0.0 0.0 0.0
0 0.513672 0.538856 0.019531 0.039589 0.0 0.0 0.0 0.0 0.0 0.0 0.0 0.0 0.0 0.0 0.0 0.0 0.0 0.0 0.0
0 0.674805 0.516129 0.017578 0.032258 0.0 0.0 0.0 0.0 0.0 0.0 0.0 0.0 0.0 0.0 0.0 0.0 0.0 0.0 0.0
0 0.65625 0.565982 0.019531 0.038123 0.651891 0.560163 1.0 0.659472 0.560163 1.0 0.653826 0.568155 1.0 0.653504 0.57639 1.0 0.658343 0.575664 1.0
0 0.45752 0.370968 0.016602 0.032258 0.0 0.0 0.0 0.0 0.0 0.0 0.0 0.0 0.0 0.0 0.0 0.0 0.0 0.0 0.0
0 0.446777 0.324047 0.018555 0.029326 0.0 0.0 0.0 0.0 0.0 0.0 0.0 0.0 0.0 0.0 0.0 0.0 0.0 0.0 0.0
0 0.460449 0.297654 0.016602 0.026393 0.0 0.0 0.0 0.0 0.0 0.0 0.0 0.0 0.0 0.0 0.0 0.0 0.0 0.0 0.0
0 0.397949 0.31305 0.016602 0.030792 0.0 0.0 0.0 0.0 0.0 0.0 0.0 0.0 0.0 0.0 0.0 0.0 0.0 0.0 0.0
0 0.43457 0.26393 0.013672 0.032258 0.0 0.0 0.0 0.0 0.0 0.0 0.0 0.0 0.0 0.0 0.0 0.0 0.0 0.0 0.0
0 0.452637 0.245601 0.016602 0.027859 0.0 0.0 0.0 0.0 0.0 0.0 0.0 0.0 0.0 0.0 0.0 0.0 0.0 0.0 0.0