0 0.100098 0.385582 0.03418 0.059524 0.094029 0.376606 1.0 0.110771 0.37963 1.0 0.09933 0.390967 1.0 0.093192 0.395881 1.0 0.107979 0.398148 1.0
0 0.191895 0.378307 0.03418 0.050265 0.185651 0.366927 1.0 0.201237 0.371799 1.0 0.193324 0.37927 1.0 0.183973 0.384791 1.0 0.199079 0.389337 1.0
0 0.202637 0.335317 0.030273 0.041005 0.199463 0.327901 1.0 0.212891 0.32894 1.0 0.209054 0.338813 1.0 0.204259 0.346608 1.0 0.211548 0.346089 1.0
0 0.276855 0.371032 0.02832 0.046296 0.271571 0.362693 1.0 0.285305 0.365351 1.0 0.277239 0.374504 1.0 0.270264 0.379228 1.0 0.28465 0.381295 1.0
0 0.296387 0.335979 0.024414 0.042328 0.291016 0.332011 1.0 0.304688 0.333333 1.0 0.296875 0.34127 1.0 0.291992 0.349206 1.0 0.301758 0.349206 1.0
0 0.353516 0.386905 0.027344 0.043651 0.347587 0.375755 1.0 0.361397 0.378024 1.0 0.356376 0.386243 1.0 0.347587 0.394463 1.0 0.360143 0.395881 1.0
0 0.36084 0.339286 0.024414 0.041005 0.358241 0.33109 1.0 0.371285 0.331608 1.0 0.367641 0.340184 1.0 0.361886 0.352135 1.0 0.371669 0.352396 1.0
0 0.4375 0.346561 0.027344 0.050265 0.432539 0.340136 1.0 0.446429 0.340136 1.0 0.440308 0.351615 1.0 0.432068 0.356718 1.0 0.444074 0.356399 1.0
0 0.510742 0.353175 0.027344 0.044974 0.503632 0.342964 1.0 0.516662 0.342675 1.0 0.510468 0.354249 1.0 0.505127 0.360615 1.0 0.516449 0.360905 1.0
0 0.541504 0.30291 0.02832 0.047619 0.537162 0.294312 1.0 0.54895 0.294005 1.0 0.543282 0.306902 1.0 0.536708 0.312429 1.0 0.548043 0.313351 1.0
0 0.594727 0.357143 0.029297 0.047619 0.58779 0.347146 1.0 0.603354 0.346844 1.0 0.596017 0.35618 1.0 0.589124 0.365516 1.0 0.602688 0.365516 1.0
0 0.630371 0.318122 0.030273 0.046296 0.625741 0.305946 1.0 0.639256 0.307717 1.0 0.632935 0.318347 1.0 0.624434 0.325433 1.0 0.636641 0.327204 1.0
0 0.699707 0.31746 0.032227 0.050265 0.692139 0.307847 1.0 0.706971 0.307847 1.0 0.698495 0.316775 1.0 0.692374 0.326979 1.0 0.704852 0.326979 1.0
0 0.791016 0.328042 0.033203 0.05291 0.784668 0.31713 1.0 0.799805 0.314484 1.0 0.793701 0.32705 1.0 0.786621 0.337632 1.0 0.800293 0.335979 1.0
0 0.873047 0.310847 0.041016 0.063492 0.863264 0.302414 1.0 0.88283 0.302012 1.0 0.872454 0.315665 1.0 0.865932 0.325704 1.0 0.881645 0.324901 1.0