0 0.216309 0.440146 0.047852 0.089051 0.207572 0.427647 1.0 0.229317 0.430448 1.0 0.217695 0.450066 1.0 0.204197 0.456791 1.0 0.227443 0.460714 1.0
0 0.348633 0.463504 0.052734 0.094891 0.33531 0.45498 1.0 0.358974 0.45378 1.0 0.348145 0.474166 1.0 0.336112 0.487356 1.0 0.361781 0.483759 1.0
0 0.478516 0.521168 0.050781 0.09635 0.469918 0.508923 1.0 0.491812 0.504679 1.0 0.482082 0.525893 1.0 0.471945 0.540439 1.0 0.491812 0.53862 1.0
0 0.570801 0.583942 0.049805 0.09635 0.556527 0.578969 1.0 0.580043 0.580787 1.0 0.567475 0.598364 1.0 0.557338 0.60988 1.0 0.577205 0.611698 1.0
0 0.648438 0.551825 0.048828 0.087591 0.636832 0.533923 1.0 0.659437 0.539461 1.0 0.643132 0.55608 1.0 0.631273 0.563836 1.0 0.657955 0.571038 1.0
0 0.77002 0.230657 0.049805 0.093431 0.753662 0.219253 1.0 0.776275 0.219253 1.0 0.762391 0.237044 1.0 0.756439 0.253057 1.0 0.776672 0.25187 1.0
0 0.647461 0.278832 0.048828 0.09635 0.633998 0.267193 1.0 0.655082 0.26901 1.0 0.640891 0.290831 1.0 0.633998 0.299315 1.0 0.653055 0.299921 1.0
0 0.566895 0.30073 0.043945 0.087591 0.552695 0.29446 1.0 0.571594 0.296123 1.0 0.560106 0.31385 1.0 0.552695 0.322159 1.0 0.572706 0.32382 1.0
0 0.466309 0.278832 0.047852 0.084672 0.458945 0.269988 1.0 0.48138 0.275939 1.0 0.469438 0.294872 1.0 0.456051 0.297035 1.0 0.473419 0.302444 1.0
0 0.524902 0.231387 0.047852 0.091971 0.510762 0.224088 1.0 0.533164 0.222409 1.0 0.520996 0.243226 1.0 0.512646 0.255737 1.0 0.533486 0.254277 1.0
0 0.40332 0.267883 0.044922 0.071533 0.39215 0.259854 1.0 0.412293 0.251642 1.0 0.404663 0.271715 1.0 0.397645 0.284946 1.0 0.416564 0.275822 1.0
0 0.324219 0.227737 0.048828 0.093431 0.315099 0.21572 1.0 0.335894 0.214546 1.0 0.326869 0.23273 1.0 0.313921 0.246806 1.0 0.336286 0.24622 1.0
0 0.250488 0.3 0.049805 0.086131 0.243774 0.289416 1.0 0.265381 0.291058 1.0 0.255493 0.309124 1.0 0.24231 0.319526 1.0 0.263184 0.32062 1.0
0 0.711914 0.163504 0.044922 0.084672 0.698037 0.1552 1.0 0.718663 0.152496 1.0 0.707445 0.167642 1.0 0.699847 0.181707 1.0 0.720472 0.180083 1.0
0 0.11377 0.459854 0.004883 0.011679 0.0 0.0 0.0 0.0 0.0 0.0 0.0 0.0 0.0 0.0 0.0 0.0 0.0 0.0 0.0
0 0.134277 0.467883 0.004883 0.010219 0.0 0.0 0.0 0.0 0.0 0.0 0.0 0.0 0.0 0.0 0.0 0.0 0.0 0.0 0.0
0 0.019043 0.461314 0.004883 0.017518 0.0 0.0 0.0 0.0 0.0 0.0 0.0 0.0 0.0 0.0 0.0 0.0 0.0 0.0 0.0
0 0.086426 0.481022 0.00293 0.010219 0.0 0.0 0.0 0.0 0.0 0.0 0.0 0.0 0.0 0.0 0.0 0.0 0.0 0.0 0.0