0 0.195801 0.313151 0.030273 0.042969 0.18471 0.307199 1.0 0.197894 0.302456 1.0 0.191406 0.314174 1.0 0.190778 0.323103 1.0 0.199567 0.320312 1.0
0 0.292969 0.3125 0.027344 0.041667 0.288714 0.304746 1.0 0.300598 0.304473 1.0 0.298344 0.312941 1.0 0.291173 0.32223 1.0 0.301008 0.322504 1.0
0 0.379395 0.289062 0.030273 0.041667 0.372401 0.283982 1.0 0.386039 0.281842 1.0 0.379822 0.292271 1.0 0.374006 0.30056 1.0 0.387041 0.297618 1.0
0 0.463379 0.273438 0.030273 0.052083 0.458984 0.265625 1.0 0.473633 0.263021 1.0 0.467773 0.27474 1.0 0.460938 0.285156 1.0 0.473633 0.282552 1.0
0 0.554688 0.239583 0.03125 0.041667 0.544573 0.236642 1.0 0.55841 0.229957 1.0 0.552795 0.240652 1.0 0.549587 0.252151 1.0 0.562021 0.246001 1.0
0 0.698242 0.208333 0.03125 0.049479 0.689043 0.201382 1.0 0.70364 0.199811 1.0 0.694693 0.211112 1.0 0.690456 0.21896 1.0 0.702934 0.217389 1.0
0 0.761719 0.222656 0.03125 0.046875 0.752354 0.21782 1.0 0.766183 0.216611 1.0 0.757342 0.227492 1.0 0.752808 0.236561 1.0 0.766183 0.235352 1.0
0 0.79541 0.267578 0.03418 0.048177 0.783831 0.262033 1.0 0.797694 0.257103 1.0 0.789839 0.272199 1.0 0.78799 0.279285 1.0 0.800468 0.274973 1.0
0 0.175781 0.378906 0.027344 0.046875 0.167733 0.370251 1.0 0.182853 0.368768 1.0 0.174849 0.381813 1.0 0.170846 0.388632 1.0 0.18263 0.388038 1.0
0 0.225098 0.380859 0.030273 0.040365 0.220965 0.374326 1.0 0.234009 0.374837 1.0 0.229213 0.381487 1.0 0.221924 0.391206 1.0 0.2342 0.390951 1.0
0 0.308594 0.378906 0.029297 0.046875 0.299944 0.373163 1.0 0.313319 0.372257 1.0 0.307198 0.381928 1.0 0.301078 0.388882 1.0 0.313773 0.387672 1.0
0 0.363281 0.384766 0.029297 0.042969 0.35505 0.376581 1.0 0.369698 0.377697 1.0 0.361119 0.385789 1.0 0.354841 0.392486 1.0 0.368024 0.393602 1.0
0 0.427734 0.391927 0.03125 0.057292 0.420594 0.38798 1.0 0.433502 0.386516 1.0 0.425812 0.398234 1.0 0.422791 0.406656 1.0 0.433502 0.405193 1.0
0 0.504395 0.386068 0.032227 0.050781 0.497433 0.379034 1.0 0.512299 0.378715 1.0 0.504865 0.389585 1.0 0.498392 0.397577 1.0 0.509421 0.397258 1.0
0 0.558594 0.395833 0.029297 0.049479 0.551043 0.388568 1.0 0.566109 0.38637 1.0 0.559754 0.398612 1.0 0.553162 0.407715 1.0 0.565168 0.406146 1.0
0 0.620117 0.403646 0.03125 0.049479 0.614258 0.395833 1.0 0.629883 0.397135 1.0 0.62207 0.407552 1.0 0.616211 0.416667 1.0 0.625977 0.416667 1.0
0 0.673828 0.358724 0.033203 0.05599 0.666426 0.349859 1.0 0.682914 0.349859 1.0 0.673872 0.360497 1.0 0.666426 0.369716 1.0 0.680786 0.369716 1.0
0 0.745605 0.384766 0.030273 0.050781 0.738883 0.374832 1.0 0.752311 0.375151 1.0 0.745357 0.38666 1.0 0.738644 0.391456 1.0 0.751352 0.391776 1.0
0 0.084961 0.547526 0.037109 0.05599 0.074794 0.542551 1.0 0.094796 0.536784 1.0 0.088039 0.548316 1.0 0.07939 0.56129 1.0 0.095878 0.555885 1.0
0 0.18457 0.552083 0.035156 0.052083 0.175633 0.546794 1.0 0.193028 0.543811 1.0 0.18607 0.554083 1.0 0.177621 0.565349 1.0 0.195016 0.562698 1.0
0 0.305664 0.552083 0.033203 0.046875 0.292058 0.54491 1.0 0.30651 0.544613 1.0 0.296727 0.552914 1.0 0.296505 0.56329 1.0 0.30562 0.562993 1.0
0 0.385254 0.600911 0.03418 0.050781 0.375646 0.592576 1.0 0.391711 0.591297 1.0 0.383078 0.600888 1.0 0.377804 0.614316 1.0 0.390991 0.613357 1.0
0 0.509766 0.595052 0.039062 0.046875 0.495858 0.58413 1.0 0.514744 0.584461 1.0 0.503064 0.595395 1.0 0.498095 0.605004 1.0 0.512756 0.605667 1.0
0 0.712402 0.499349 0.030273 0.050781 0.699925 0.489118 1.0 0.707118 0.491036 1.0 0.696808 0.499988 1.0 0.701363 0.511497 1.0 0.707118 0.511818 1.0
0 0.766602 0.626953 0.039062 0.061198 0.752289 0.610852 1.0 0.767186 0.618641 1.0 0.753165 0.62643 1.0 0.751705 0.635777 1.0 0.764849 0.64084 1.0
0 0.830566 0.303385 0.036133 0.054688 0.820435 0.295363 1.0 0.836914 0.295712 1.0 0.827235 0.306874 1.0 0.822004 0.315592 1.0 0.83456 0.315243 1.0
0 0.820801 0.577474 0.038086 0.05599 0.811846 0.565534 1.0 0.828601 0.568017 1.0 0.819026 0.577236 1.0 0.811846 0.588582 1.0 0.824611 0.590001 1.0
0 0.867676 0.69401 0.045898 0.0625 0.854039 0.684012 1.0 0.875977 0.684803 1.0 0.864118 0.702195 1.0 0.856114 0.706147 1.0 0.875384 0.706939 1.0