0 0.15918 0.703608 0.044922 0.048454 0.142578 0.699752 1.0 0.160418 0.696106 1.0 0.15121 0.710079 1.0 0.148908 0.71828 1.0 0.164446 0.714939 1.0
0 0.240723 0.704124 0.043945 0.049485 0.230608 0.698527 1.0 0.251966 0.697257 1.0 0.242039 0.707101 1.0 0.232413 0.717581 1.0 0.249259 0.716946 1.0
0 0.370117 0.691237 0.041016 0.052577 0.363351 0.68542 1.0 0.381243 0.687076 1.0 0.37214 0.699006 1.0 0.363665 0.70497 1.0 0.377162 0.706628 1.0
0 0.492188 0.695876 0.041016 0.049485 0.483276 0.689009 1.0 0.501927 0.688374 1.0 0.493805 0.700125 1.0 0.48478 0.706475 1.0 0.502528 0.70584 1.0
0 0.604004 0.681959 0.045898 0.046392 0.593445 0.673242 1.0 0.614162 0.673242 1.0 0.60294 0.683569 1.0 0.594884 0.691771 1.0 0.610997 0.692074 1.0
0 0.71582 0.66701 0.042969 0.047423 0.706813 0.660328 1.0 0.726955 0.658809 1.0 0.718035 0.670047 1.0 0.711417 0.681287 1.0 0.725517 0.679161 1.0
0 0.848145 0.658247 0.040039 0.04433 0.833827 0.649636 1.0 0.850315 0.652163 1.0 0.839146 0.657778 1.0 0.833029 0.664235 1.0 0.850315 0.667885 1.0
0 0.115723 0.435052 0.043945 0.051546 0.106445 0.429897 1.0 0.12793 0.427835 1.0 0.117188 0.435052 1.0 0.105469 0.447423 1.0 0.12793 0.445361 1.0
0 0.223145 0.443299 0.045898 0.049485 0.214652 0.437261 1.0 0.233329 0.434757 1.0 0.224435 0.447275 1.0 0.21732 0.456977 1.0 0.232735 0.455726 1.0
0 0.333008 0.419072 0.044922 0.054639 0.324999 0.413899 1.0 0.344291 0.413208 1.0 0.335789 0.4246 1.0 0.326307 0.433229 1.0 0.344944 0.430812 1.0
0 0.421875 0.43866 0.044922 0.058763 0.410924 0.433358 1.0 0.432198 0.431886 1.0 0.422084 0.444403 1.0 0.412318 0.453608 1.0 0.431501 0.452135 1.0
0 0.513672 0.425773 0.039062 0.047423 0.5078 0.416582 1.0 0.527636 0.416881 1.0 0.518284 0.427951 1.0 0.5078 0.435728 1.0 0.523669 0.435728 1.0
0 0.604492 0.398454 0.042969 0.046392 0.590058 0.391043 1.0 0.608459 0.391624 1.0 0.5961 0.398293 1.0 0.588684 0.40728 1.0 0.605164 0.408151 1.0
0 0.708496 0.413402 0.043945 0.05567 0.701782 0.409697 1.0 0.721924 0.411469 1.0 0.713195 0.421392 1.0 0.700439 0.426353 1.0 0.719238 0.427416 1.0
0 0.784668 0.414433 0.041992 0.049485 0.772335 0.411695 1.0 0.789782 0.409472 1.0 0.781961 0.423444 1.0 0.775944 0.428843 1.0 0.790083 0.428526 1.0
0 0.176758 0.351031 0.037109 0.042268 0.168954 0.345443 1.0 0.185896 0.344376 1.0 0.179321 0.35452 1.0 0.171735 0.362261 1.0 0.185643 0.360926 1.0
0 0.239746 0.32268 0.032227 0.043299 0.231445 0.318557 1.0 0.249023 0.317526 1.0 0.241211 0.327835 1.0 0.230469 0.335052 1.0 0.249023 0.335052 1.0
0 0.324219 0.333505 0.039062 0.04433 0.319405 0.330707 1.0 0.337786 0.32928 1.0 0.332921 0.338697 1.0 0.32373 0.346687 1.0 0.336705 0.344403 1.0
0 0.375488 0.340206 0.038086 0.047423 0.372449 0.337597 1.0 0.387752 0.337298 1.0 0.382084 0.347469 1.0 0.373017 0.352256 1.0 0.385201 0.351358 1.0
0 0.425293 0.321649 0.038086 0.047423 0.417925 0.317544 1.0 0.437762 0.316946 1.0 0.429544 0.32622 1.0 0.420192 0.332502 1.0 0.436062 0.3331 1.0
0 0.510254 0.341237 0.032227 0.039175 0.501953 0.335052 1.0 0.520508 0.338144 1.0 0.510742 0.343299 1.0 0.499023 0.348454 1.0 0.519531 0.349485 1.0
0 0.559082 0.314433 0.036133 0.049485 0.551479 0.30996 1.0 0.568377 0.311837 1.0 0.559483 0.320913 1.0 0.551479 0.325607 1.0 0.561854 0.327172 1.0
0 0.617676 0.312887 0.03418 0.04433 0.610007 0.304837 1.0 0.626229 0.309891 1.0 0.6124 0.315225 1.0 0.606284 0.321681 1.0 0.621442 0.324489 1.0
0 0.67627 0.331959 0.036133 0.051546 0.665078 0.328175 1.0 0.679627 0.33079 1.0 0.667555 0.340266 1.0 0.66384 0.345167 1.0 0.678079 0.347455 1.0
0 0.750488 0.30567 0.036133 0.048454 0.741137 0.298269 1.0 0.757202 0.303511 1.0 0.744934 0.310296 1.0 0.737924 0.317388 1.0 0.748439 0.321705 1.0
0 0.284668 0.242268 0.03418 0.037113 0.279022 0.233068 1.0 0.294364 0.233068 1.0 0.288806 0.244804 1.0 0.279689 0.248794 1.0 0.293697 0.249029 1.0
0 0.352051 0.232474 0.036133 0.04433 0.347573 0.224987 1.0 0.363264 0.229759 1.0 0.355285 0.237058 1.0 0.344116 0.240146 1.0 0.356881 0.2452 1.0
0 0.41748 0.222165 0.032227 0.040206 0.411377 0.214433 1.0 0.427002 0.215722 1.0 0.419922 0.225773 1.0 0.411377 0.230412 1.0 0.426025 0.231443 1.0
0 0.498535 0.225258 0.03418 0.04433 0.494263 0.219892 1.0 0.509399 0.221319 1.0 0.502372 0.229023 1.0 0.492371 0.234444 1.0 0.506967 0.235586 1.0
0 0.577148 0.230928 0.033203 0.039175 0.572266 0.225773 1.0 0.587891 0.226804 1.0 0.579102 0.234021 1.0 0.571289 0.240206 1.0 0.584961 0.241237 1.0
0 0.658203 0.218557 0.035156 0.043299 0.650914 0.212758 1.0 0.668178 0.212481 1.0 0.659022 0.222423 1.0 0.651698 0.228774 1.0 0.665562 0.228498 1.0
0 0.739746 0.245876 0.03418 0.042268 0.729227 0.241532 1.0 0.74646 0.238273 1.0 0.736429 0.248321 1.0 0.732313 0.255108 1.0 0.745688 0.253479 1.0