0 0.371582 0.19877 0.040039 0.094262 0.363931 0.186449 1.0 0.382634 0.183475 1.0 0.374699 0.208449 1.0 0.365914 0.220342 1.0 0.383768 0.21499 1.0
0 0.499512 0.277664 0.045898 0.108607 0.482348 0.269441 1.0 0.4951 0.266695 1.0 0.482021 0.286592 1.0 0.485617 0.309234 1.0 0.495427 0.30649 1.0
0 0.431641 0.305328 0.013672 0.032787 0.0 0.0 0.0 0.0 0.0 0.0 0.0 0.0 0.0 0.0 0.0 0.0 0.0 0.0 0.0
0 0.456055 0.292008 0.015625 0.038934 0.454102 0.284836 1.0 0.460938 0.288934 1.0 0.457031 0.295082 1.0 0.455078 0.303279 1.0 0.458984 0.303279 1.0
0 0.485352 0.351434 0.015625 0.043033 0.479763 0.347941 1.0 0.48918 0.346842 1.0 0.485125 0.3559 1.0 0.482117 0.366602 1.0 0.487871 0.366602 1.0
0 0.688965 0.302254 0.016602 0.043033 0.683594 0.290984 1.0 0.692383 0.290984 1.0 0.688477 0.29918 1.0 0.686523 0.311475 1.0 0.691406 0.309426 1.0
0 0.749023 0.293033 0.017578 0.045082 0.744141 0.286885 1.0 0.75293 0.286885 1.0 0.749023 0.297131 1.0 0.746094 0.305328 1.0 0.750977 0.305328 1.0
0 0.811035 0.300205 0.014648 0.038934 0.807617 0.293033 1.0 0.816406 0.290984 1.0 0.8125 0.29918 1.0 0.808594 0.309426 1.0 0.814453 0.309426 1.0
0 0.782715 0.081967 0.014648 0.040984 0.778181 0.074045 1.0 0.786146 0.073779 1.0 0.782227 0.083596 1.0 0.779571 0.091025 1.0 0.784249 0.090494 1.0
0 0.831055 0.086066 0.013672 0.036885 0.829102 0.079918 1.0 0.835938 0.081967 1.0 0.832031 0.090164 1.0 0.827148 0.096311 1.0 0.833008 0.10041 1.0
0 0.849121 0.07377 0.014648 0.036885 0.84668 0.065574 1.0 0.853516 0.071721 1.0 0.849609 0.07582 1.0 0.845703 0.081967 1.0 0.849609 0.086066 1.0
0 0.866211 0.046107 0.015625 0.034836 0.861328 0.038934 1.0 0.869141 0.034836 1.0 0.867188 0.047131 1.0 0.866211 0.057377 1.0 0.870117 0.053279 1.0
0 0.885742 0.08709 0.013672 0.030738 0.881836 0.07582 1.0 0.889648 0.07377 1.0 0.886719 0.084016 1.0 0.884766 0.094262 1.0 0.889648 0.092213 1.0
0 0.932129 0.068648 0.012695 0.034836 0.928044 0.059738 1.0 0.934257 0.060195 1.0 0.930986 0.068656 1.0 0.928153 0.075289 1.0 0.933712 0.075518 1.0
0 0.925781 0.286885 0.021484 0.04918 0.919952 0.275615 1.0 0.928497 0.274654 1.0 0.923614 0.28458 1.0 0.920562 0.296426 1.0 0.928497 0.295787 1.0
0 0.994629 0.286885 0.010742 0.04918 0.995117 0.276639 1.0 0.99707 0.276639 1.0 0.99707 0.284836 1.0 0.995117 0.295082 1.0 0.99707 0.295082 1.0
0 0.979492 0.245902 0.013672 0.02459 0.974609 0.241803 1.0 0.980469 0.239754 1.0 0.978516 0.247951 1.0 0.977539 0.254098 1.0 0.981445 0.252049 1.0
0 0.967285 0.147541 0.014648 0.032787 0.962891 0.143443 1.0 0.970703 0.143443 1.0 0.96582 0.153689 1.0 0.963867 0.159836 1.0 0.967773 0.159836 1.0
0 0.99707 0.126025 0.005859 0.030738 0.0 0.0 0.0 0.0 0.0 0.0 0.0 0.0 0.0 0.0 0.0 0.0 0.0 0.0 0.0
0 0.97168 0.067623 0.013672 0.036885 0.96582 0.059426 1.0 0.973633 0.059426 1.0 0.969727 0.069672 1.0 0.967773 0.07582 1.0 0.97168 0.07582 1.0
0 0.996582 0.061475 0.006836 0.032787 0.0 0.0 0.0 0.0 0.0 0.0 0.0 0.0 0.0 0.0 0.0 0.0 0.0 0.0 0.0
0 0.95752 0.044057 0.014648 0.030738 0.953125 0.034836 1.0 0.958008 0.038934 1.0 0.954102 0.047131 1.0 0.951172 0.053279 1.0 0.955078 0.057377 1.0
0 0.871094 0.224385 0.015625 0.026639 0.0 0.0 0.0 0.0 0.0 0.0 0.0 0.0 0.0 0.0 0.0 0.0 0.0 0.0 0.0