0 0.177734 0.352092 0.039062 0.054834 0.160597 0.361652 1.0 0.169046 0.33962 1.0 0.158608 0.356511 1.0 0.166313 0.376341 1.0 0.175258 0.353941 1.0
0 0.550293 0.441558 0.041992 0.051948 0.538993 0.436045 1.0 0.561968 0.436045 1.0 0.548724 0.456812 1.0 0.541426 0.454817 1.0 0.556292 0.455215 1.0
0 0.389648 0.545455 0.056641 0.046176 0.382812 0.561328 1.0 0.383789 0.555556 1.0 0.396484 0.569986 1.0 0.407227 0.556999 1.0 0.40625 0.549784 1.0
0 0.391602 0.87518 0.039062 0.041847 0.386719 0.888889 1.0 0.387695 0.886003 1.0 0.397461 0.894661 1.0 0.40918 0.874459 1.0 0.40625 0.868687 1.0
0 0.917969 0.359307 0.046875 0.05772 0.91748 0.347918 1.0 0.93192 0.370143 1.0 0.9247 0.36303 1.0 0.907554 0.367921 1.0 0.919285 0.383922 1.0
0 0.555176 0.266234 0.014648 0.033189 0.552734 0.264069 1.0 0.560547 0.264069 1.0 0.556641 0.269841 1.0 0.553711 0.278499 1.0 0.560547 0.278499 1.0
0 0.606445 0.261183 0.017578 0.031746 0.600586 0.258297 1.0 0.611328 0.255411 1.0 0.605469 0.264069 1.0 0.603516 0.272727 1.0 0.609375 0.271284 1.0
0 0.654297 0.339827 0.019531 0.033189 0.649004 0.334983 1.0 0.659075 0.334771 1.0 0.653608 0.339872 1.0 0.65145 0.349863 1.0 0.658787 0.350926 1.0
0 0.649414 0.434343 0.023438 0.040404 0.638672 0.430014 1.0 0.646484 0.430014 1.0 0.640625 0.440115 1.0 0.642578 0.44733 1.0 0.649414 0.443001 1.0
0 0.722656 0.251082 0.015625 0.031746 0.717773 0.248196 1.0 0.729492 0.248196 1.0 0.723633 0.252525 1.0 0.71875 0.258297 1.0 0.727539 0.258297 1.0
0 0.725586 0.409091 0.019531 0.033189 0.719727 0.405483 1.0 0.729492 0.40404 1.0 0.723633 0.409812 1.0 0.720703 0.41847 1.0 0.727539 0.417027 1.0
0 0.739746 0.463203 0.020508 0.034632 0.732422 0.458874 1.0 0.742188 0.458874 1.0 0.737305 0.467532 1.0 0.734375 0.471861 1.0 0.743164 0.470418 1.0
0 0.779297 0.253968 0.017578 0.031746 0.77546 0.250463 1.0 0.782854 0.249639 1.0 0.779646 0.257473 1.0 0.777972 0.262214 1.0 0.781738 0.261802 1.0
0 0.833496 0.284271 0.014648 0.025974 0.834961 0.281385 1.0 0.838867 0.278499 1.0 0.84082 0.287157 1.0 0.836914 0.294372 1.0 0.839844 0.292929 1.0
0 0.893555 0.25469 0.017578 0.033189 0.884766 0.253968 1.0 0.888672 0.253968 1.0 0.885742 0.261183 1.0 0.889648 0.268398 1.0 0.891602 0.265512 1.0
0 0.974121 0.243867 0.016602 0.031746 0.969727 0.238095 1.0 0.980469 0.238095 1.0 0.976562 0.243867 1.0 0.972656 0.251082 1.0 0.979492 0.249639 1.0
0 0.977051 0.397547 0.018555 0.041847 0.971436 0.390603 1.0 0.979676 0.388978 1.0 0.974365 0.399801 1.0 0.972352 0.406025 1.0 0.978394 0.404942 1.0
0 0.415039 0.424964 0.017578 0.036075 0.407227 0.422799 1.0 0.416016 0.422799 1.0 0.410156 0.430014 1.0 0.40918 0.437229 1.0 0.415039 0.437229 1.0
0 0.007812 0.282107 0.015625 0.027417 0.0 0.0 0.0 0.0 0.0 0.0 0.0 0.0 0.0 0.0 0.0 0.0 0.0 0.0 0.0
0 0.911133 0.327561 0.017578 0.031746 0.0 0.0 0.0 0.0 0.0 0.0 0.0 0.0 0.0 0.0 0.0 0.0 0.0 0.0 0.0