0 0.083496 0.158155 0.03418 0.085667 0.081072 0.149432 1.0 0.097525 0.155964 1.0 0.093331 0.162494 1.0 0.080427 0.174468 1.0 0.094299 0.179366 1.0
0 0.14502 0.182043 0.036133 0.080725 0.139832 0.175555 1.0 0.156006 0.1771 1.0 0.150207 0.190486 1.0 0.138916 0.199239 1.0 0.15448 0.200267 1.0
0 0.204102 0.149094 0.029297 0.07084 0.201259 0.141209 1.0 0.214861 0.142534 1.0 0.210414 0.154448 1.0 0.200213 0.163715 1.0 0.21303 0.163715 1.0
0 0.226562 0.37397 0.035156 0.062603 0.219735 0.371189 1.0 0.236921 0.363247 1.0 0.231271 0.386679 1.0 0.22515 0.387871 1.0 0.237862 0.382708 1.0
0 0.259277 0.163097 0.026367 0.052718 0.255454 0.151682 1.0 0.267029 0.148703 1.0 0.266048 0.164259 1.0 0.256043 0.171871 1.0 0.266637 0.170547 1.0
0 0.303223 0.143328 0.026367 0.069193 0.297991 0.132855 1.0 0.31107 0.132414 1.0 0.306361 0.146094 1.0 0.299561 0.154036 1.0 0.31107 0.152712 1.0
0 0.362793 0.08402 0.030273 0.056013 0.353546 0.074392 1.0 0.367432 0.066824 1.0 0.361877 0.085204 1.0 0.360382 0.095654 1.0 0.37085 0.088448 1.0
0 0.458496 0.051895 0.02832 0.06425 0.45459 0.046952 1.0 0.467773 0.045305 1.0 0.462891 0.055601 1.0 0.458984 0.066722 1.0 0.467529 0.065486 1.0
0 0.436523 0.126853 0.033203 0.079077 0.428327 0.120204 1.0 0.443743 0.115703 1.0 0.437518 0.129707 1.0 0.430402 0.14071 1.0 0.445818 0.136209 1.0
0 0.501953 0.121087 0.025391 0.06425 0.495117 0.114498 1.0 0.509766 0.116969 1.0 0.501953 0.12603 1.0 0.495361 0.134679 1.0 0.507568 0.135502 1.0
0 0.154785 0.518946 0.040039 0.082372 0.151062 0.508031 1.0 0.166932 0.500824 1.0 0.164795 0.521931 1.0 0.154725 0.535318 1.0 0.169067 0.527595 1.0
0 0.328125 0.378089 0.033203 0.067545 0.316346 0.364292 1.0 0.33075 0.36299 1.0 0.321232 0.369499 1.0 0.318917 0.385988 1.0 0.328435 0.386422 1.0
0 0.312012 0.540362 0.040039 0.102142 0.302804 0.531301 1.0 0.321986 0.531301 1.0 0.314313 0.550718 1.0 0.303187 0.559132 1.0 0.320836 0.561072 1.0
0 0.441406 0.374794 0.03125 0.057661 0.432434 0.359812 1.0 0.446105 0.358731 1.0 0.438843 0.372786 1.0 0.434356 0.383237 1.0 0.446747 0.381796 1.0
0 0.513184 0.355025 0.030273 0.074135 0.50851 0.349965 1.0 0.523577 0.348082 1.0 0.519112 0.365026 1.0 0.510463 0.371147 1.0 0.521065 0.370675 1.0
0 0.457031 0.539539 0.039062 0.087315 0.45241 0.52583 1.0 0.470634 0.528066 1.0 0.46235 0.545394 1.0 0.452079 0.559926 1.0 0.465995 0.56272 1.0
0 0.564453 0.103789 0.027344 0.069193 0.558332 0.097325 1.0 0.57145 0.101229 1.0 0.562962 0.114247 1.0 0.557304 0.120323 1.0 0.566049 0.123359 1.0
0 0.608887 0.079901 0.026367 0.060956 0.608193 0.070847 1.0 0.619284 0.073965 1.0 0.61605 0.08488 1.0 0.606808 0.089947 1.0 0.614663 0.093845 1.0
0 0.648438 0.08402 0.023438 0.056013 0.649483 0.074252 1.0 0.659737 0.076018 1.0 0.655343 0.086962 1.0 0.648019 0.095435 1.0 0.654716 0.097906 1.0
0 0.700195 0.092257 0.027344 0.062603 0.692034 0.08658 1.0 0.704742 0.084557 1.0 0.69659 0.095074 1.0 0.694432 0.106804 1.0 0.702104 0.105995 1.0
0 0.763184 0.112026 0.02832 0.059308 0.755895 0.103112 1.0 0.770403 0.100817 1.0 0.764056 0.11382 1.0 0.758842 0.123382 1.0 0.769723 0.12147 1.0
0 0.803223 0.113674 0.03418 0.069193 0.795789 0.108077 1.0 0.811223 0.104171 1.0 0.802734 0.123264 1.0 0.798361 0.130208 1.0 0.809937 0.128906 1.0
0 0.901855 0.081549 0.036133 0.080725 0.893245 0.069876 1.0 0.90979 0.068862 1.0 0.900766 0.081549 1.0 0.893847 0.096265 1.0 0.906181 0.095758 1.0
0 0.617188 0.33196 0.03125 0.07743 0.61152 0.32774 1.0 0.623317 0.325311 1.0 0.618138 0.340359 1.0 0.615261 0.351524 1.0 0.623604 0.350068 1.0
0 0.685547 0.322076 0.03125 0.07084 0.678942 0.311007 1.0 0.691707 0.312802 1.0 0.685324 0.32312 1.0 0.680538 0.335234 1.0 0.690377 0.335234 1.0
0 0.621094 0.495881 0.041016 0.092257 0.615514 0.483054 1.0 0.633649 0.48482 1.0 0.624232 0.500707 1.0 0.615165 0.51012 1.0 0.631208 0.511885 1.0
0 0.75293 0.286656 0.033203 0.072488 0.745575 0.282588 1.0 0.760956 0.277956 1.0 0.755188 0.293245 1.0 0.750244 0.302975 1.0 0.761779 0.301122 1.0
0 0.796875 0.491763 0.039062 0.07743 0.786163 0.472545 1.0 0.805733 0.469588 1.0 0.797555 0.48585 1.0 0.790253 0.506053 1.0 0.806902 0.503096 1.0
0 0.905273 0.446458 0.042969 0.085667 0.894296 0.436117 1.0 0.912362 0.435573 1.0 0.902039 0.451901 1.0 0.895909 0.464962 1.0 0.912685 0.464962 1.0