0 0.172363 0.867107 0.057617 0.218796 0.188965 0.861233 1.0 0.195801 0.859949 1.0 0.18811 0.895925 1.0 0.176147 0.937041 1.0 0.175293 0.930617 1.0
0 0.462891 0.768722 0.044922 0.095448 0.458392 0.766783 1.0 0.478045 0.76075 1.0 0.474435 0.787891 1.0 0.462402 0.801762 1.0 0.479248 0.795731 1.0
0 0.481934 0.678414 0.045898 0.079295 0.480621 0.672128 1.0 0.495728 0.679194 1.0 0.48935 0.69686 1.0 0.476258 0.700899 1.0 0.487335 0.705442 1.0
0 0.245117 0.375184 0.009766 0.022026 0.0 0.0 0.0 0.0 0.0 0.0 0.0 0.0 0.0 0.0 0.0 0.0 0.0 0.0 0.0
0 0.224121 0.372981 0.010742 0.011747 0.0 0.0 0.0 0.0 0.0 0.0 0.0 0.0 0.0 0.0 0.0 0.0 0.0 0.0 0.0
0 0.318848 0.363436 0.008789 0.01909 0.318185 0.362047 1.0 0.322632 0.361784 1.0 0.320888 0.365979 1.0 0.319057 0.36952 1.0 0.322196 0.36952 1.0
0 0.347168 0.438326 0.020508 0.039648 0.347168 0.436858 1.0 0.354309 0.435836 1.0 0.350908 0.443505 1.0 0.347338 0.448107 1.0 0.350059 0.448363 1.0
0 0.5625 0.566814 0.007812 0.014684 0.560826 0.564401 1.0 0.564662 0.563981 1.0 0.562849 0.568386 1.0 0.560826 0.572057 1.0 0.564104 0.572267 1.0
0 0.516602 0.576358 0.005859 0.013216 0.0 0.0 0.0 0.0 0.0 0.0 0.0 0.0 0.0 0.0 0.0 0.0 0.0 0.0 0.0
0 0.649414 0.488253 0.005859 0.010279 0.0 0.0 0.0 0.0 0.0 0.0 0.0 0.0 0.0 0.0 0.0 0.0 0.0 0.0 0.0
0 0.85498 0.557269 0.008789 0.016153 0.0 0.0 0.0 0.0 0.0 0.0 0.0 0.0 0.0 0.0 0.0 0.0 0.0 0.0 0.0
0 0.892578 0.576358 0.005859 0.016153 0.0 0.0 0.0 0.0 0.0 0.0 0.0 0.0 0.0 0.0 0.0 0.0 0.0 0.0 0.0
0 0.300781 0.38326 0.005859 0.020558 0.0 0.0 0.0 0.0 0.0 0.0 0.0 0.0 0.0 0.0 0.0 0.0 0.0 0.0 0.0
0 0.378418 0.385463 0.006836 0.030837 0.0 0.0 0.0 0.0 0.0 0.0 0.0 0.0 0.0 0.0 0.0 0.0 0.0 0.0 0.0
0 0.531738 0.447871 0.004883 0.008811 0.0 0.0 0.0 0.0 0.0 0.0 0.0 0.0 0.0 0.0 0.0 0.0 0.0 0.0 0.0
0 0.526855 0.488987 0.004883 0.008811 0.0 0.0 0.0 0.0 0.0 0.0 0.0 0.0 0.0 0.0 0.0 0.0 0.0 0.0 0.0
0 0.600586 0.515419 0.005859 0.014684 0.0 0.0 0.0 0.0 0.0 0.0 0.0 0.0 0.0 0.0 0.0 0.0 0.0 0.0 0.0
0 0.60498 0.488253 0.004883 0.010279 0.0 0.0 0.0 0.0 0.0 0.0 0.0 0.0 0.0 0.0 0.0 0.0 0.0 0.0 0.0
0 0.621094 0.515419 0.005859 0.008811 0.0 0.0 0.0 0.0 0.0 0.0 0.0 0.0 0.0 0.0 0.0 0.0 0.0 0.0 0.0
0 0.652832 0.522026 0.004883 0.010279 0.0 0.0 0.0 0.0 0.0 0.0 0.0 0.0 0.0 0.0 0.0 0.0 0.0 0.0 0.0
0 0.665039 0.496329 0.005859 0.008811 0.0 0.0 0.0 0.0 0.0 0.0 0.0 0.0 0.0 0.0 0.0 0.0 0.0 0.0 0.0
0 0.654785 0.502203 0.004883 0.008811 0.0 0.0 0.0 0.0 0.0 0.0 0.0 0.0 0.0 0.0 0.0 0.0 0.0 0.0 0.0
0 0.877441 0.502203 0.004883 0.011747 0.0 0.0 0.0 0.0 0.0 0.0 0.0 0.0 0.0 0.0 0.0 0.0 0.0 0.0 0.0
0 0.862793 0.494126 0.004883 0.010279 0.0 0.0 0.0 0.0 0.0 0.0 0.0 0.0 0.0 0.0 0.0 0.0 0.0 0.0 0.0
0 0.851562 0.489721 0.003906 0.007342 0.0 0.0 0.0 0.0 0.0 0.0 0.0 0.0 0.0 0.0 0.0 0.0 0.0 0.0 0.0
0 0.825684 0.487518 0.004883 0.008811 0.0 0.0 0.0 0.0 0.0 0.0 0.0 0.0 0.0 0.0 0.0 0.0 0.0 0.0 0.0
0 0.991211 0.618209 0.007812 0.017621 0.991289 0.617448 1.0 0.991211 0.617448 1.0 0.9887 0.6191 1.0 0.99027 0.623465 1.0 0.99027 0.623584 1.0
0 0.73584 0.54185 0.006836 0.008811 0.0 0.0 0.0 0.0 0.0 0.0 0.0 0.0 0.0 0.0 0.0 0.0 0.0 0.0 0.0
0 0.73877 0.495595 0.004883 0.010279 0.0 0.0 0.0 0.0 0.0 0.0 0.0 0.0 0.0 0.0 0.0 0.0 0.0 0.0 0.0