0 0.122559 0.238778 0.02832 0.046135 0.118304 0.234247 1.0 0.131017 0.233045 1.0 0.125602 0.242363 1.0 0.118774 0.248976 1.0 0.129839 0.248676 1.0
0 0.191895 0.254988 0.026367 0.046135 0.190225 0.251742 1.0 0.200854 0.251742 1.0 0.19785 0.260002 1.0 0.187221 0.264133 1.0 0.200623 0.265313 1.0
0 0.066895 0.380923 0.02832 0.051122 0.064837 0.37731 1.0 0.076154 0.378296 1.0 0.072554 0.386506 1.0 0.062265 0.391761 1.0 0.07564 0.392418 1.0
0 0.134766 0.380923 0.025391 0.046135 0.12997 0.375868 1.0 0.142212 0.375579 1.0 0.137225 0.384263 1.0 0.131557 0.390631 1.0 0.141759 0.390051 1.0
0 0.091309 0.485661 0.026367 0.051122 0.085938 0.483791 1.0 0.098633 0.483791 1.0 0.09375 0.492519 1.0 0.087891 0.5 1.0 0.097656 0.498753 1.0
0 0.093262 0.599751 0.02832 0.049875 0.088798 0.594051 1.0 0.100974 0.595319 1.0 0.09501 0.604521 1.0 0.087307 0.61055 1.0 0.099234 0.611501 1.0
0 0.17334 0.607232 0.02832 0.049875 0.169861 0.603753 1.0 0.184025 0.605339 1.0 0.176073 0.613906 1.0 0.168121 0.6193 1.0 0.181043 0.620252 1.0
0 0.246582 0.254988 0.024414 0.046135 0.241935 0.249611 1.0 0.253719 0.248726 1.0 0.249791 0.258461 1.0 0.242166 0.264951 1.0 0.253257 0.264656 1.0
0 0.287598 0.255611 0.02832 0.044888 0.283447 0.250691 1.0 0.295689 0.248954 1.0 0.292289 0.259085 1.0 0.284127 0.266031 1.0 0.295689 0.265163 1.0
0 0.325684 0.256858 0.02832 0.047382 0.32237 0.25531 1.0 0.334142 0.254108 1.0 0.329668 0.263426 1.0 0.322841 0.268236 1.0 0.333671 0.267635 1.0
0 0.214355 0.377805 0.030273 0.044888 0.21092 0.374911 1.0 0.222936 0.372305 1.0 0.219308 0.381569 1.0 0.213414 0.389963 1.0 0.223389 0.389095 1.0
0 0.293945 0.370324 0.03125 0.044888 0.288923 0.363867 1.0 0.303658 0.363577 1.0 0.298444 0.372262 1.0 0.291417 0.378919 1.0 0.302299 0.37863 1.0
0 0.360352 0.375935 0.027344 0.043641 0.355939 0.370302 1.0 0.367492 0.369188 1.0 0.362915 0.379208 1.0 0.35485 0.384496 1.0 0.367057 0.384218 1.0
0 0.177734 0.496883 0.03125 0.048628 0.174561 0.494389 1.0 0.187988 0.494077 1.0 0.182373 0.504676 1.0 0.174316 0.509663 1.0 0.185547 0.509975 1.0
0 0.259277 0.491895 0.030273 0.046135 0.256836 0.487531 1.0 0.269531 0.490025 1.0 0.263672 0.497506 1.0 0.257812 0.502494 1.0 0.266602 0.503741 1.0
0 0.259766 0.607855 0.027344 0.046135 0.253963 0.603954 1.0 0.265747 0.603363 1.0 0.261126 0.611623 1.0 0.254194 0.619 1.0 0.26644 0.617819 1.0
0 0.381348 0.259352 0.026367 0.037406 0.375235 0.252744 1.0 0.387046 0.249153 1.0 0.381984 0.257771 1.0 0.378422 0.266867 1.0 0.387983 0.264712 1.0
0 0.442871 0.261222 0.02832 0.046135 0.437992 0.259451 1.0 0.448853 0.255616 1.0 0.445849 0.265352 1.0 0.440534 0.273613 1.0 0.451625 0.269778 1.0
0 0.518555 0.263716 0.025391 0.043641 0.513707 0.259474 1.0 0.526132 0.260865 1.0 0.519592 0.267267 1.0 0.512617 0.27339 1.0 0.523952 0.274226 1.0
0 0.411621 0.376559 0.024414 0.042394 0.407784 0.373175 1.0 0.418666 0.372106 1.0 0.415318 0.379319 1.0 0.407784 0.385465 1.0 0.419922 0.384397 1.0
0 0.46582 0.383416 0.027344 0.051122 0.46582 0.381869 1.0 0.477958 0.383805 1.0 0.472395 0.393491 1.0 0.464303 0.396398 1.0 0.473912 0.397367 1.0
0 0.520508 0.38217 0.027344 0.046135 0.510751 0.37863 1.0 0.523229 0.376269 1.0 0.516759 0.385709 1.0 0.51283 0.393085 1.0 0.525308 0.39043 1.0
0 0.347168 0.495636 0.02832 0.051122 0.342455 0.487091 1.0 0.355874 0.492168 1.0 0.346183 0.498197 1.0 0.339225 0.502004 1.0 0.350407 0.506763 1.0
0 0.424316 0.497506 0.026367 0.042394 0.418945 0.495012 1.0 0.431641 0.492519 1.0 0.426758 0.502494 1.0 0.422852 0.509975 1.0 0.432617 0.507481 1.0
0 0.493652 0.496883 0.026367 0.051122 0.487584 0.495613 1.0 0.503008 0.493677 1.0 0.497192 0.505299 1.0 0.489354 0.509173 1.0 0.501997 0.508527 1.0
0 0.34082 0.614713 0.027344 0.049875 0.337158 0.609726 1.0 0.348389 0.610661 1.0 0.343262 0.621571 1.0 0.336182 0.625 1.0 0.346924 0.625935 1.0
0 0.415039 0.613466 0.029297 0.049875 0.407104 0.610304 1.0 0.420275 0.608401 1.0 0.413565 0.620141 1.0 0.410087 0.62617 1.0 0.420275 0.6249 1.0
0 0.492188 0.624065 0.029297 0.051122 0.485866 0.62215 1.0 0.500026 0.62215 1.0 0.492188 0.632481 1.0 0.485613 0.637001 1.0 0.499268 0.636678 1.0
0 0.586914 0.267456 0.023438 0.048628 0.581399 0.262536 1.0 0.593148 0.263761 1.0 0.585476 0.271414 1.0 0.581639 0.276925 1.0 0.59147 0.277231 1.0
0 0.651855 0.265586 0.022461 0.044888 0.644653 0.262408 1.0 0.657104 0.260988 1.0 0.647988 0.269505 1.0 0.646654 0.27717 1.0 0.656438 0.276318 1.0
0 0.585449 0.378429 0.024414 0.048628 0.577768 0.373202 1.0 0.590955 0.373814 1.0 0.583762 0.384223 1.0 0.578727 0.388203 1.0 0.589277 0.389428 1.0
0 0.671387 0.386534 0.026367 0.044888 0.664629 0.381935 1.0 0.67708 0.381652 1.0 0.670633 0.390737 1.0 0.664852 0.395847 1.0 0.676191 0.395562 1.0
0 0.723145 0.281172 0.02832 0.046135 0.71521 0.276786 1.0 0.728132 0.276496 1.0 0.721104 0.286049 1.0 0.71725 0.291258 1.0 0.726545 0.291258 1.0
0 0.793457 0.273067 0.024414 0.044888 0.784965 0.270173 1.0 0.797638 0.269889 1.0 0.788744 0.27869 1.0 0.786299 0.283515 1.0 0.796526 0.283799 1.0
0 0.871582 0.265586 0.024414 0.047382 0.865317 0.262308 1.0 0.878257 0.263783 1.0 0.869245 0.271748 1.0 0.865548 0.277059 1.0 0.874791 0.277648 1.0
0 0.744629 0.390898 0.02832 0.046135 0.738281 0.389027 1.0 0.751953 0.389027 1.0 0.744141 0.396509 1.0 0.739258 0.401496 1.0 0.749023 0.401496 1.0
0 0.830078 0.38591 0.025391 0.048628 0.824219 0.382481 1.0 0.83667 0.38404 1.0 0.827881 0.392768 1.0 0.822998 0.398067 1.0 0.833984 0.399314 1.0
0 0.902344 0.404613 0.029297 0.043641 0.893524 0.398729 1.0 0.908478 0.398456 1.0 0.899933 0.40664 1.0 0.894806 0.413731 1.0 0.907196 0.413186 1.0
0 0.720215 0.488155 0.02832 0.048628 0.712646 0.486596 1.0 0.724609 0.485349 1.0 0.718506 0.494077 1.0 0.7146 0.500312 1.0 0.72583 0.499377 1.0
0 0.807129 0.493766 0.02832 0.047382 0.801949 0.488611 1.0 0.814897 0.48831 1.0 0.808306 0.498229 1.0 0.801714 0.503641 1.0 0.81325 0.503641 1.0
0 0.891602 0.516833 0.029297 0.043641 0.883266 0.512313 1.0 0.896781 0.512313 1.0 0.889806 0.523167 1.0 0.885445 0.527899 1.0 0.894165 0.527899 1.0
0 0.941406 0.516833 0.029297 0.043641 0.932417 0.512035 1.0 0.944187 0.511757 1.0 0.937431 0.522055 1.0 0.933942 0.527899 1.0 0.944187 0.527064 1.0
0 0.564941 0.495012 0.026367 0.044888 0.559339 0.488995 1.0 0.572013 0.488428 1.0 0.566454 0.497511 1.0 0.559339 0.504041 1.0 0.571568 0.504041 1.0
0 0.64502 0.493766 0.02832 0.049875 0.638815 0.490603 1.0 0.651986 0.489017 1.0 0.646022 0.499171 1.0 0.640059 0.506469 1.0 0.652234 0.504247 1.0
0 0.568359 0.612219 0.029297 0.047382 0.564043 0.607309 1.0 0.576512 0.607923 1.0 0.571717 0.618944 1.0 0.564043 0.622617 1.0 0.575313 0.623229 1.0
0 0.658691 0.609102 0.02832 0.046135 0.6524 0.604973 1.0 0.666264 0.605857 1.0 0.658408 0.614413 1.0 0.6524 0.619428 1.0 0.664185 0.619428 1.0
0 0.743652 0.61409 0.02832 0.048628 0.735482 0.612231 1.0 0.748431 0.608556 1.0 0.742676 0.619884 1.0 0.7386 0.626314 1.0 0.74963 0.623252 1.0
0 0.836914 0.639651 0.027344 0.049875 0.830322 0.636222 1.0 0.842529 0.637469 1.0 0.836426 0.647756 1.0 0.830811 0.65212 1.0 0.841309 0.652431 1.0