0 0.241699 0.652344 0.006836 0.015625 0.0 0.0 0.0 0.0 0.0 0.0 0.0 0.0 0.0 0.0 0.0 0.0 0.0 0.0 0.0
0 0.277344 0.653646 0.007812 0.010417 0.0 0.0 0.0 0.0 0.0 0.0 0.0 0.0 0.0 0.0 0.0 0.0 0.0 0.0 0.0
0 0.309082 0.667969 0.008789 0.015625 0.0 0.0 0.0 0.0 0.0 0.0 0.0 0.0 0.0 0.0 0.0 0.0 0.0 0.0 0.0
0 0.418945 0.66862 0.009766 0.014323 0.0 0.0 0.0 0.0 0.0 0.0 0.0 0.0 0.0 0.0 0.0 0.0 0.0 0.0 0.0
0 0.49707 0.552734 0.007812 0.016927 0.495187 0.550689 1.0 0.499896 0.550805 1.0 0.497454 0.554525 1.0 0.495797 0.557082 1.0 0.498675 0.556966 1.0
0 0.301758 0.580078 0.005859 0.009115 0.0 0.0 0.0 0.0 0.0 0.0 0.0 0.0 0.0 0.0 0.0 0.0 0.0 0.0 0.0
0 0.39209 0.582682 0.004883 0.009115 0.0 0.0 0.0 0.0 0.0 0.0 0.0 0.0 0.0 0.0 0.0 0.0 0.0 0.0 0.0
0 0.102539 0.613281 0.007812 0.010417 0.0 0.0 0.0 0.0 0.0 0.0 0.0 0.0 0.0 0.0 0.0 0.0 0.0 0.0 0.0
0 0.939941 0.454427 0.004883 0.007812 0.0 0.0 0.0 0.0 0.0 0.0 0.0 0.0 0.0 0.0 0.0 0.0 0.0 0.0 0.0
0 0.64502 0.628906 0.010742 0.015625 0.64114 0.626814 1.0 0.643337 0.626918 1.0 0.641532 0.629953 1.0 0.641375 0.632046 1.0 0.643494 0.632046 1.0
0 0.680664 0.617188 0.011719 0.015625 0.0 0.0 0.0 0.0 0.0 0.0 0.0 0.0 0.0 0.0 0.0 0.0 0.0 0.0 0.0
0 0.782715 0.638672 0.008789 0.011719 0.0 0.0 0.0 0.0 0.0 0.0 0.0 0.0 0.0 0.0 0.0 0.0 0.0 0.0 0.0
0 0.784668 0.776042 0.014648 0.023438 0.782649 0.77335 1.0 0.788535 0.771154 1.0 0.788064 0.775704 1.0 0.786063 0.781512 1.0 0.79089 0.780257 1.0
0 0.933594 0.731771 0.009766 0.013021 0.0 0.0 0.0 0.0 0.0 0.0 0.0 0.0 0.0 0.0 0.0 0.0 0.0 0.0 0.0
0 0.972656 0.750651 0.011719 0.016927 0.0 0.0 0.0 0.0 0.0 0.0 0.0 0.0 0.0 0.0 0.0 0.0 0.0 0.0 0.0
0 0.97998 0.725911 0.010742 0.011719 0.0 0.0 0.0 0.0 0.0 0.0 0.0 0.0 0.0 0.0 0.0 0.0 0.0 0.0 0.0
0 0.041504 0.874349 0.022461 0.035156 0.044154 0.868176 1.0 0.051112 0.868839 1.0 0.050118 0.875906 1.0 0.042332 0.882754 1.0 0.047303 0.883417 1.0
0 0.189941 0.899089 0.022461 0.042969 0.0 0.0 0.0 0.0 0.0 0.0 0.0 0.0 0.0 0.0 0.0 0.0 0.0 0.0 0.0
0 0.128906 0.934896 0.019531 0.039062 0.12272 0.932495 1.0 0.132655 0.931745 1.0 0.125157 0.936995 1.0 0.123657 0.946242 1.0 0.129469 0.945992 1.0
0 0.921387 0.645182 0.004883 0.00651 0.0 0.0 0.0 0.0 0.0 0.0 0.0 0.0 0.0 0.0 0.0 0.0 0.0 0.0 0.0
0 0.039551 0.598958 0.010742 0.018229 0.0 0.0 0.0 0.0 0.0 0.0 0.0 0.0 0.0 0.0 0.0 0.0 0.0 0.0 0.0
0 0.351562 0.346354 0.003906 0.007812 0.0 0.0 0.0 0.0 0.0 0.0 0.0 0.0 0.0 0.0 0.0 0.0 0.0 0.0 0.0
0 0.327148 0.332682 0.003906 0.00651 0.0 0.0 0.0 0.0 0.0 0.0 0.0 0.0 0.0 0.0 0.0 0.0 0.0 0.0 0.0
0 0.310059 0.335938 0.00293 0.007812 0.0 0.0 0.0 0.0 0.0 0.0 0.0 0.0 0.0 0.0 0.0 0.0 0.0 0.0 0.0
0 0.38916 0.358724 0.004883 0.009115 0.0 0.0 0.0 0.0 0.0 0.0 0.0 0.0 0.0 0.0 0.0 0.0 0.0 0.0 0.0
0 0.04834 0.297526 0.004883 0.00651 0.0 0.0 0.0 0.0 0.0 0.0 0.0 0.0 0.0 0.0 0.0 0.0 0.0 0.0 0.0
0 0.038574 0.347656 0.004883 0.007812 0.0 0.0 0.0 0.0 0.0 0.0 0.0 0.0 0.0 0.0 0.0 0.0 0.0 0.0 0.0
0 0.123047 0.621745 0.005859 0.009115 0.0 0.0 0.0 0.0 0.0 0.0 0.0 0.0 0.0 0.0 0.0 0.0 0.0 0.0 0.0
0 0.779785 0.355469 0.004883 0.007812 0.0 0.0 0.0 0.0 0.0 0.0 0.0 0.0 0.0 0.0 0.0 0.0 0.0 0.0 0.0