0 0.015137 0.233607 0.010742 0.019126 0.01358 0.231515 1.0 0.019531 0.231899 1.0 0.016418 0.235101 1.0 0.014771 0.238943 1.0 0.018066 0.238943 1.0
0 0.065918 0.237022 0.012695 0.020492 0.065704 0.234844 1.0 0.069916 0.234973 1.0 0.067811 0.239071 1.0 0.065888 0.240992 1.0 0.069366 0.24112 1.0
0 0.083496 0.236339 0.010742 0.016393 0.0 0.0 0.0 0.0 0.0 0.0 0.0 0.0 0.0 0.0 0.0 0.0 0.0 0.0 0.0
0 0.15332 0.219262 0.03125 0.056011 0.148742 0.218542 1.0 0.159546 0.216743 1.0 0.155173 0.228258 1.0 0.152087 0.235814 1.0 0.161347 0.234015 1.0
0 0.088379 0.299863 0.030273 0.056011 0.0 0.0 0.0 0.0 0.0 0.0 0.0 0.0 0.0 0.0 0.0 0.0 0.0 0.0 0.0
0 0.231445 0.282104 0.011719 0.015027 0.0 0.0 0.0 0.0 0.0 0.0 0.0 0.0 0.0 0.0 0.0 0.0 0.0 0.0 0.0
0 0.189453 0.228142 0.009766 0.019126 0.0 0.0 0.0 0.0 0.0 0.0 0.0 0.0 0.0 0.0 0.0 0.0 0.0 0.0 0.0
0 0.287109 0.289617 0.009766 0.016393 0.0 0.0 0.0 0.0 0.0 0.0 0.0 0.0 0.0 0.0 0.0 0.0 0.0 0.0 0.0
0 0.342285 0.293033 0.012695 0.015027 0.0 0.0 0.0 0.0 0.0 0.0 0.0 0.0 0.0 0.0 0.0 0.0 0.0 0.0 0.0
0 0.382812 0.287568 0.011719 0.015027 0.380424 0.288996 1.0 0.384426 0.28647 1.0 0.383013 0.290093 1.0 0.382777 0.293716 1.0 0.386073 0.290642 1.0
0 0.421875 0.295765 0.011719 0.01776 0.419469 0.291545 1.0 0.423828 0.291788 1.0 0.421822 0.295448 1.0 0.419817 0.29801 1.0 0.423828 0.29801 1.0
0 0.483887 0.288251 0.010742 0.013661 0.0 0.0 0.0 0.0 0.0 0.0 0.0 0.0 0.0 0.0 0.0 0.0 0.0 0.0 0.0
0 0.545898 0.236339 0.011719 0.021858 0.543719 0.233131 1.0 0.549435 0.233552 1.0 0.547027 0.23818 1.0 0.543919 0.240846 1.0 0.549435 0.241687 1.0
0 0.616699 0.252049 0.02832 0.064208 0.605111 0.2515 1.0 0.61475 0.251092 1.0 0.608032 0.26049 1.0 0.608324 0.270296 1.0 0.61475 0.270705 1.0
0 0.751465 0.26571 0.026367 0.047814 0.741002 0.261367 1.0 0.750375 0.270212 1.0 0.741002 0.272041 1.0 0.738168 0.278139 1.0 0.744054 0.283019 1.0
0 0.26709 0.493852 0.026367 0.047814 0.0 0.0 0.0 0.0 0.0 0.0 0.0 0.0 0.0 0.0 0.0 0.0 0.0 0.0 0.0
0 0.333496 0.465164 0.03418 0.053279 0.0 0.0 0.0 0.0 0.0 0.0 0.0 0.0 0.0 0.0 0.0 0.0 0.0 0.0 0.0
0 0.367676 0.516393 0.038086 0.060109 0.378998 0.519168 1.0 0.37735 0.519168 1.0 0.374328 0.530311 1.0 0.366639 0.533769 1.0 0.365265 0.533 1.0
0 0.046387 0.228825 0.006836 0.015027 0.0 0.0 0.0 0.0 0.0 0.0 0.0 0.0 0.0 0.0 0.0 0.0 0.0 0.0 0.0
0 0.396973 0.297131 0.010742 0.01776 0.0 0.0 0.0 0.0 0.0 0.0 0.0 0.0 0.0 0.0 0.0 0.0 0.0 0.0 0.0
0 0.46582 0.293716 0.011719 0.019126 0.0 0.0 0.0 0.0 0.0 0.0 0.0 0.0 0.0 0.0 0.0 0.0 0.0 0.0 0.0
0 0.665527 0.392077 0.03418 0.060109 0.65268 0.383325 1.0 0.666138 0.382556 1.0 0.658447 0.396004 1.0 0.655701 0.405609 1.0 0.666962 0.404842 1.0
0 0.11377 0.233607 0.008789 0.013661 0.0 0.0 0.0 0.0 0.0 0.0 0.0 0.0 0.0 0.0 0.0 0.0 0.0 0.0 0.0