0 0.052734 0.048316 0.009766 0.014641 0.0 0.0 0.0 0.0 0.0 0.0 0.0 0.0 0.0 0.0 0.0 0.0 0.0 0.0 0.0
0 0.101074 0.068082 0.016602 0.02489 0.101318 0.063742 1.0 0.107597 0.063899 1.0 0.104771 0.068761 1.0 0.102051 0.072684 1.0 0.105608 0.072684 1.0
0 0.092773 0.043924 0.011719 0.01757 0.0 0.0 0.0 0.0 0.0 0.0 0.0 0.0 0.0 0.0 0.0 0.0 0.0 0.0 0.0
0 0.158691 0.033675 0.012695 0.020498 0.158722 0.030198 1.0 0.163758 0.030335 1.0 0.162384 0.035688 1.0 0.159454 0.040218 1.0 0.163574 0.040354 1.0
0 0.152832 0.064422 0.010742 0.026354 0.0 0.0 0.0 0.0 0.0 0.0 0.0 0.0 0.0 0.0 0.0 0.0 0.0 0.0 0.0
0 0.086914 0.183748 0.009766 0.021962 0.0 0.0 0.0 0.0 0.0 0.0 0.0 0.0 0.0 0.0 0.0 0.0 0.0 0.0 0.0
0 0.093262 0.133968 0.014648 0.027818 0.0 0.0 0.0 0.0 0.0 0.0 0.0 0.0 0.0 0.0 0.0 0.0 0.0 0.0 0.0
0 0.294922 0.120791 0.015625 0.027818 0.291626 0.120242 1.0 0.299805 0.121889 1.0 0.296509 0.124451 1.0 0.292603 0.129758 1.0 0.298706 0.131406 1.0
0 0.300293 0.047584 0.006836 0.02489 0.0 0.0 0.0 0.0 0.0 0.0 0.0 0.0 0.0 0.0 0.0 0.0 0.0 0.0 0.0
0 0.310547 0.046852 0.007812 0.023426 0.0 0.0 0.0 0.0 0.0 0.0 0.0 0.0 0.0 0.0 0.0 0.0 0.0 0.0 0.0
0 0.356445 0.010249 0.017578 0.01757 0.0 0.0 0.0 0.0 0.0 0.0 0.0 0.0 0.0 0.0 0.0 0.0 0.0 0.0 0.0
0 0.371582 0.052709 0.012695 0.020498 0.0 0.0 0.0 0.0 0.0 0.0 0.0 0.0 0.0 0.0 0.0 0.0 0.0 0.0 0.0
0 0.350098 0.136896 0.010742 0.021962 0.0 0.0 0.0 0.0 0.0 0.0 0.0 0.0 0.0 0.0 0.0 0.0 0.0 0.0 0.0
0 0.410645 0.089312 0.014648 0.023426 0.0 0.0 0.0 0.0 0.0 0.0 0.0 0.0 0.0 0.0 0.0 0.0 0.0 0.0 0.0
0 0.428711 0.057101 0.011719 0.026354 0.0 0.0 0.0 0.0 0.0 0.0 0.0 0.0 0.0 0.0 0.0 0.0 0.0 0.0 0.0
0 0.421875 0.036603 0.015625 0.026354 0.0 0.0 0.0 0.0 0.0 0.0 0.0 0.0 0.0 0.0 0.0 0.0 0.0 0.0 0.0
0 0.45459 0.010249 0.010742 0.020498 0.0 0.0 0.0 0.0 0.0 0.0 0.0 0.0 0.0 0.0 0.0 0.0 0.0 0.0 0.0
0 0.492676 0.059297 0.012695 0.02489 0.0 0.0 0.0 0.0 0.0 0.0 0.0 0.0 0.0 0.0 0.0 0.0 0.0 0.0 0.0
0 0.510742 0.053441 0.011719 0.02489 0.0 0.0 0.0 0.0 0.0 0.0 0.0 0.0 0.0 0.0 0.0 0.0 0.0 0.0 0.0
0 0.547852 0.058565 0.013672 0.032211 0.546687 0.057833 1.0 0.551823 0.057833 1.0 0.54912 0.062088 1.0 0.545606 0.067761 1.0 0.551013 0.068572 1.0
0 0.60498 0.074671 0.012695 0.020498 0.603027 0.072291 1.0 0.608795 0.072978 1.0 0.605865 0.077095 1.0 0.6044 0.079429 1.0 0.607422 0.079291 1.0
0 0.558105 0.105417 0.010742 0.020498 0.559448 0.10098 1.0 0.562744 0.102351 1.0 0.560455 0.103862 1.0 0.559174 0.10647 1.0 0.561554 0.106881 1.0
0 0.492676 0.101757 0.018555 0.02489 0.0 0.0 0.0 0.0 0.0 0.0 0.0 0.0 0.0 0.0 0.0 0.0 0.0 0.0 0.0
0 0.584961 0.150805 0.009766 0.014641 0.0 0.0 0.0 0.0 0.0 0.0 0.0 0.0 0.0 0.0 0.0 0.0 0.0 0.0 0.0
0 0.625488 0.112738 0.012695 0.032211 0.0 0.0 0.0 0.0 0.0 0.0 0.0 0.0 0.0 0.0 0.0 0.0 0.0 0.0 0.0
0 0.653809 0.141288 0.012695 0.021962 0.651689 0.139406 1.0 0.657732 0.139406 1.0 0.654854 0.145015 1.0 0.651594 0.148896 1.0 0.656294 0.149328 1.0
0 0.694824 0.109078 0.010742 0.019034 0.0 0.0 0.0 0.0 0.0 0.0 0.0 0.0 0.0 0.0 0.0 0.0 0.0 0.0 0.0
0 0.70752 0.135432 0.012695 0.02489 0.0 0.0 0.0 0.0 0.0 0.0 0.0 0.0 0.0 0.0 0.0 0.0 0.0 0.0 0.0
0 0.692871 0.007321 0.014648 0.014641 0.0 0.0 0.0 0.0 0.0 0.0 0.0 0.0 0.0 0.0 0.0 0.0 0.0 0.0 0.0
0 0.769043 0.02123 0.010742 0.016105 0.0 0.0 0.0 0.0 0.0 0.0 0.0 0.0 0.0 0.0 0.0 0.0 0.0 0.0 0.0
0 0.79541 0.090044 0.010742 0.019034 0.0 0.0 0.0 0.0 0.0 0.0 0.0 0.0 0.0 0.0 0.0 0.0 0.0 0.0 0.0
0 0.822754 0.120059 0.010742 0.020498 0.820068 0.113836 1.0 0.825012 0.111915 1.0 0.822998 0.114247 1.0 0.821259 0.120013 1.0 0.825928 0.118777 1.0
0 0.913086 0.087116 0.011719 0.019034 0.0 0.0 0.0 0.0 0.0 0.0 0.0 0.0 0.0 0.0 0.0 0.0 0.0 0.0 0.0
0 0.939941 0.023426 0.010742 0.020498 0.0 0.0 0.0 0.0 0.0 0.0 0.0 0.0 0.0 0.0 0.0 0.0 0.0 0.0 0.0
0 0.979492 0.032211 0.011719 0.023426 0.976497 0.032681 1.0 0.982313 0.032381 1.0 0.979605 0.037643 1.0 0.977801 0.04095 1.0 0.981912 0.040499 1.0
0 0.996094 0.112006 0.007812 0.033675 0.0 0.0 0.0 0.0 0.0 0.0 0.0 0.0 0.0 0.0 0.0 0.0 0.0 0.0 0.0
0 0.204102 0.278184 0.019531 0.032211 0.0 0.0 0.0 0.0 0.0 0.0 0.0 0.0 0.0 0.0 0.0 0.0 0.0 0.0 0.0
0 0.225586 0.040996 0.009766 0.026354 0.0 0.0 0.0 0.0 0.0 0.0 0.0 0.0 0.0 0.0 0.0 0.0 0.0 0.0 0.0
0 0.744629 0.17716 0.012695 0.01757 0.0 0.0 0.0 0.0 0.0 0.0 0.0 0.0 0.0 0.0 0.0 0.0 0.0 0.0 0.0
0 0.435059 0.135432 0.014648 0.027818 0.0 0.0 0.0 0.0 0.0 0.0 0.0 0.0 0.0 0.0 0.0 0.0 0.0 0.0 0.0
0 0.478516 0.133236 0.015625 0.026354 0.0 0.0 0.0 0.0 0.0 0.0 0.0 0.0 0.0 0.0 0.0 0.0 0.0 0.0 0.0
0 0.760254 0.051245 0.010742 0.023426 0.75548 0.043146 1.0 0.761897 0.042394 1.0 0.758488 0.048258 1.0 0.755981 0.054873 1.0 0.762098 0.054873 1.0