0 0.62207 0.594395 0.041016 0.073746 0.625297 0.573088 1.0 0.637678 0.559999 1.0 0.640464 0.580568 1.0 0.629011 0.605345 1.0 0.639845 0.598333 1.0
0 0.813965 0.509587 0.038086 0.089971 0.801854 0.502055 1.0 0.805229 0.502055 1.0 0.799979 0.511681 1.0 0.812352 0.530934 1.0 0.815352 0.530934 1.0
0 0.347656 0.94174 0.033203 0.069322 0.33531 0.928466 1.0 0.343018 0.936973 1.0 0.331159 0.941451 1.0 0.336495 0.953988 1.0 0.339757 0.957122 1.0
0 0.421875 0.896755 0.029297 0.067847 0.412755 0.89241 1.0 0.426566 0.891975 1.0 0.41851 0.905012 1.0 0.413905 0.918484 1.0 0.427142 0.916311 1.0
0 0.513672 0.893805 0.033203 0.061947 0.50422 0.879583 1.0 0.517822 0.882348 1.0 0.506313 0.890645 1.0 0.500035 0.904077 1.0 0.517299 0.905658 1.0
0 0.458008 0.920354 0.03125 0.058997 0.0 0.0 0.0 0.0 0.0 0.0 0.0 0.0 0.0 0.0 0.0 0.0 0.0 0.0 0.0
0 0.437012 0.974926 0.02832 0.050147 0.0 0.0 0.0 0.0 0.0 0.0 0.0 0.0 0.0 0.0 0.0 0.0 0.0 0.0 0.0
0 0.193848 0.963864 0.032227 0.066372 0.0 0.0 0.0 0.0 0.0 0.0 0.0 0.0 0.0 0.0 0.0 0.0 0.0 0.0 0.0
0 0.266113 0.961652 0.02832 0.056047 0.0 0.0 0.0 0.0 0.0 0.0 0.0 0.0 0.0 0.0 0.0 0.0 0.0 0.0 0.0
0 0.967773 0.873894 0.042969 0.09587 0.952515 0.853522 1.0 0.96164 0.860711 1.0 0.947754 0.864307 1.0 0.94815 0.888873 1.0 0.956482 0.894866 1.0
0 0.765625 0.755162 0.035156 0.076696 0.755136 0.734198 1.0 0.76191 0.737121 1.0 0.748038 0.746379 1.0 0.752232 0.765869 1.0 0.755458 0.76733 1.0
0 0.689453 0.919617 0.03125 0.069322 0.673287 0.915646 1.0 0.685848 0.92094 1.0 0.673872 0.933292 1.0 0.680298 0.945204 1.0 0.687601 0.946528 1.0
0 0.723145 0.962389 0.047852 0.075221 0.0 0.0 0.0 0.0 0.0 0.0 0.0 0.0 0.0 0.0 0.0 0.0 0.0 0.0 0.0
0 0.789551 0.622419 0.014648 0.032448 0.0 0.0 0.0 0.0 0.0 0.0 0.0 0.0 0.0 0.0 0.0 0.0 0.0 0.0 0.0
0 0.996094 0.670354 0.007812 0.057522 0.0 0.0 0.0 0.0 0.0 0.0 0.0 0.0 0.0 0.0 0.0 0.0 0.0 0.0 0.0
0 0.996094 0.599558 0.005859 0.054572 0.0 0.0 0.0 0.0 0.0 0.0 0.0 0.0 0.0 0.0 0.0 0.0 0.0 0.0 0.0
0 0.555176 0.876844 0.018555 0.057522 0.0 0.0 0.0 0.0 0.0 0.0 0.0 0.0 0.0 0.0 0.0 0.0 0.0 0.0 0.0
0 0.262207 0.896755 0.016602 0.038348 0.0 0.0 0.0 0.0 0.0 0.0 0.0 0.0 0.0 0.0 0.0 0.0 0.0 0.0 0.0
0 0.421387 0.761062 0.018555 0.038348 0.0 0.0 0.0 0.0 0.0 0.0 0.0 0.0 0.0 0.0 0.0 0.0 0.0 0.0 0.0
0 0.311523 0.855457 0.013672 0.035398 0.0 0.0 0.0 0.0 0.0 0.0 0.0 0.0 0.0 0.0 0.0 0.0 0.0 0.0 0.0
0 0.746582 0.707965 0.026367 0.061947 0.0 0.0 0.0 0.0 0.0 0.0 0.0 0.0 0.0 0.0 0.0 0.0 0.0 0.0 0.0