0 0.834473 0.189453 0.038086 0.05599 0.829659 0.174746 1.0 0.847499 0.178711 1.0 0.836688 0.188081 1.0 0.826687 0.19565 1.0 0.843175 0.199974 1.0
0 0.334473 0.223958 0.004883 0.007812 0.0 0.0 0.0 0.0 0.0 0.0 0.0 0.0 0.0 0.0 0.0 0.0 0.0 0.0 0.0
0 0.324219 0.223307 0.003906 0.00651 0.0 0.0 0.0 0.0 0.0 0.0 0.0 0.0 0.0 0.0 0.0 0.0 0.0 0.0 0.0
0 0.351562 0.224609 0.005859 0.009115 0.349549 0.223714 1.0 0.352569 0.223395 1.0 0.350891 0.225888 1.0 0.350508 0.22819 1.0 0.351706 0.227935 1.0
0 0.479492 0.221354 0.009766 0.015625 0.481184 0.21968 1.0 0.484087 0.220622 1.0 0.482675 0.223342 1.0 0.480556 0.225958 1.0 0.483303 0.226796 1.0
0 0.524902 0.236328 0.006836 0.014323 0.0 0.0 0.0 0.0 0.0 0.0 0.0 0.0 0.0 0.0 0.0 0.0 0.0 0.0 0.0
0 0.578613 0.198568 0.012695 0.02474 0.573975 0.19694 1.0 0.580078 0.196777 1.0 0.577271 0.201497 1.0 0.574585 0.204264 1.0 0.578979 0.204264 1.0
0 0.60791 0.22526 0.012695 0.018229 0.60495 0.223267 1.0 0.6109 0.22351 1.0 0.607971 0.226928 1.0 0.605957 0.230591 1.0 0.609803 0.230591 1.0
0 0.64209 0.230469 0.010742 0.020833 0.640197 0.229417 1.0 0.645612 0.228749 1.0 0.643006 0.23316 1.0 0.639896 0.236236 1.0 0.646415 0.235165 1.0
0 0.666504 0.238281 0.012695 0.023438 0.663509 0.236904 1.0 0.66983 0.236323 1.0 0.666343 0.24199 1.0 0.663836 0.245332 1.0 0.670702 0.244751 1.0
0 0.667969 0.211589 0.013672 0.02474 0.663696 0.211751 1.0 0.668823 0.209473 1.0 0.665405 0.21582 1.0 0.665894 0.220052 1.0 0.670288 0.218099 1.0
0 0.70752 0.244792 0.016602 0.026042 0.702118 0.238241 1.0 0.709451 0.236892 1.0 0.705531 0.242117 1.0 0.703762 0.247007 1.0 0.70983 0.246669 1.0
0 0.742676 0.227214 0.020508 0.029948 0.739258 0.224888 1.0 0.747489 0.224517 1.0 0.743583 0.229725 1.0 0.739118 0.233632 1.0 0.748047 0.233259 1.0
0 0.76709 0.210286 0.014648 0.029948 0.763205 0.208984 1.0 0.768385 0.208217 1.0 0.764788 0.213971 1.0 0.763493 0.218191 1.0 0.767665 0.218 1.0
0 0.805176 0.208333 0.014648 0.028646 0.800781 0.207217 1.0 0.809151 0.206659 1.0 0.804827 0.213355 1.0 0.802177 0.21782 1.0 0.807338 0.21782 1.0
0 0.921875 0.236328 0.021484 0.040365 0.918597 0.232096 1.0 0.928188 0.229794 1.0 0.925694 0.237979 1.0 0.920323 0.245396 1.0 0.930682 0.243605 1.0
0 0.541016 0.216797 0.011719 0.016927 0.0 0.0 0.0 0.0 0.0 0.0 0.0 0.0 0.0 0.0 0.0 0.0 0.0 0.0 0.0
0 0.17334 0.223958 0.00293 0.005208 0.0 0.0 0.0 0.0 0.0 0.0 0.0 0.0 0.0 0.0 0.0 0.0 0.0 0.0 0.0
0 0.437012 0.222005 0.008789 0.011719 0.0 0.0 0.0 0.0 0.0 0.0 0.0 0.0 0.0 0.0 0.0 0.0 0.0 0.0 0.0
0 0.981934 0.234375 0.024414 0.041667 0.978036 0.230934 1.0 0.988665 0.230132 1.0 0.983651 0.239223 1.0 0.976833 0.245372 1.0 0.987662 0.245908 1.0
0 0.959961 0.226562 0.015625 0.023438 0.0 0.0 0.0 0.0 0.0 0.0 0.0 0.0 0.0 0.0 0.0 0.0 0.0 0.0 0.0
0 0.114258 0.219401 0.003906 0.003906 0.0 0.0 0.0 0.0 0.0 0.0 0.0 0.0 0.0 0.0 0.0 0.0 0.0 0.0 0.0
0 0.132812 0.222656 0.003906 0.005208 0.0 0.0 0.0 0.0 0.0 0.0 0.0 0.0 0.0 0.0 0.0 0.0 0.0 0.0 0.0
0 0.099609 0.220703 0.003906 0.00651 0.0 0.0 0.0 0.0 0.0 0.0 0.0 0.0 0.0 0.0 0.0 0.0 0.0 0.0 0.0
0 0.39502 0.214193 0.006836 0.011719 0.0 0.0 0.0 0.0 0.0 0.0 0.0 0.0 0.0 0.0 0.0 0.0 0.0 0.0 0.0
0 0.427734 0.228516 0.007812 0.011719 0.0 0.0 0.0 0.0 0.0 0.0 0.0 0.0 0.0 0.0 0.0 0.0 0.0 0.0 0.0
0 0.449707 0.251302 0.006836 0.010417 0.0 0.0 0.0 0.0 0.0 0.0 0.0 0.0 0.0 0.0 0.0 0.0 0.0 0.0 0.0
0 0.386719 0.22526 0.005859 0.007812 0.0 0.0 0.0 0.0 0.0 0.0 0.0 0.0 0.0 0.0 0.0 0.0 0.0 0.0 0.0
0 0.373047 0.216146 0.005859 0.007812 0.0 0.0 0.0 0.0 0.0 0.0 0.0 0.0 0.0 0.0 0.0 0.0 0.0 0.0 0.0
0 0.416016 0.227865 0.005859 0.010417 0.0 0.0 0.0 0.0 0.0 0.0 0.0 0.0 0.0 0.0 0.0 0.0 0.0 0.0 0.0
0 0.455566 0.234375 0.004883 0.010417 0.0 0.0 0.0 0.0 0.0 0.0 0.0 0.0 0.0 0.0 0.0 0.0 0.0 0.0 0.0