0 0.764648 0.477306 0.042969 0.070278 0.758745 0.469357 1.0 0.777096 0.469357 1.0 0.768974 0.484242 1.0 0.758144 0.490104 1.0 0.774989 0.491457 1.0
0 0.74707 0.249634 0.035156 0.060029 0.737227 0.241319 1.0 0.753156 0.235255 1.0 0.746835 0.254589 1.0 0.740008 0.265962 1.0 0.75619 0.257621 1.0
0 0.687988 0.513177 0.040039 0.086384 0.682739 0.508053 1.0 0.701782 0.508053 1.0 0.696655 0.525073 1.0 0.683472 0.534956 1.0 0.699585 0.535505 1.0
0 0.566406 0.578331 0.042969 0.081991 0.556619 0.566755 1.0 0.577628 0.565206 1.0 0.569362 0.584829 1.0 0.558686 0.595672 1.0 0.578316 0.596704 1.0
0 0.647949 0.254758 0.03418 0.06735 0.635559 0.248079 1.0 0.651428 0.248504 1.0 0.638393 0.259124 1.0 0.633858 0.270171 1.0 0.649728 0.272296 1.0
0 0.40332 0.585652 0.041016 0.084919 0.393062 0.575154 1.0 0.412964 0.58275 1.0 0.399938 0.594142 1.0 0.390167 0.604993 1.0 0.405003 0.610417 1.0
0 0.456055 0.211567 0.035156 0.057101 0.448486 0.196193 1.0 0.466309 0.197657 1.0 0.459961 0.20937 1.0 0.451904 0.222914 1.0 0.466064 0.222182 1.0
0 0.352051 0.203514 0.036133 0.055637 0.34341 0.199187 1.0 0.362113 0.192356 1.0 0.35396 0.201344 1.0 0.349404 0.220397 1.0 0.362832 0.215365 1.0
0 0.300293 0.207906 0.040039 0.06735 0.289062 0.194729 1.0 0.310547 0.196193 1.0 0.298828 0.204978 1.0 0.293945 0.219619 1.0 0.305664 0.221083 1.0
0 0.23584 0.199122 0.036133 0.064422 0.224609 0.187408 1.0 0.244141 0.185944 1.0 0.232422 0.199122 1.0 0.229492 0.212299 1.0 0.243164 0.210835 1.0
0 0.149414 0.145681 0.046875 0.086384 0.137573 0.137811 1.0 0.156616 0.140007 1.0 0.146362 0.150439 1.0 0.138672 0.163067 1.0 0.158447 0.165264 1.0
0 0.056641 0.145681 0.050781 0.083455 0.046735 0.138673 1.0 0.071498 0.141288 1.0 0.057198 0.151747 1.0 0.050921 0.165343 1.0 0.066267 0.167433 1.0
0 0.080566 0.417277 0.061523 0.102489 0.07231 0.405545 1.0 0.100363 0.408132 1.0 0.087847 0.426898 1.0 0.074467 0.441135 1.0 0.098205 0.441135 1.0
0 0.225098 0.45388 0.051758 0.090776 0.215507 0.44405 1.0 0.238644 0.444618 1.0 0.228023 0.464521 1.0 0.219679 0.479874 1.0 0.234092 0.479306 1.0
0 0.558105 0.232796 0.032227 0.052709 0.556506 0.217397 1.0 0.571402 0.218731 1.0 0.568512 0.225397 1.0 0.560508 0.238732 1.0 0.57118 0.239398 1.0
0 0.885742 0.518302 0.046875 0.084919 0.871504 0.506719 1.0 0.893576 0.506719 1.0 0.879464 0.522994 1.0 0.87078 0.538728 1.0 0.892853 0.539269 1.0
0 0.961914 0.204978 0.042969 0.079063 0.950012 0.197201 1.0 0.975189 0.19418 1.0 0.962433 0.207769 1.0 0.953705 0.223874 1.0 0.969818 0.22337 1.0
0 0.847168 0.234993 0.041992 0.071742 0.835998 0.228313 1.0 0.854614 0.224195 1.0 0.844543 0.244327 1.0 0.838135 0.255307 1.0 0.855529 0.250732 1.0