0 0.024414 0.222548 0.011719 0.020498 0.021833 0.220038 1.0 0.026978 0.219384 1.0 0.024013 0.224351 1.0 0.022443 0.228534 1.0 0.026105 0.228404 1.0
0 0.112305 0.114934 0.015625 0.027818 0.0 0.0 0.0 0.0 0.0 0.0 0.0 0.0 0.0 0.0 0.0 0.0 0.0 0.0 0.0
0 0.164551 0.127379 0.012695 0.023426 0.164363 0.12364 1.0 0.168475 0.124693 1.0 0.168073 0.129804 1.0 0.164563 0.133413 1.0 0.16707 0.134464 1.0
0 0.145508 0.0959 0.003906 0.007321 0.0 0.0 0.0 0.0 0.0 0.0 0.0 0.0 0.0 0.0 0.0 0.0 0.0 0.0 0.0
0 0.173828 0.181552 0.007812 0.01757 0.0 0.0 0.0 0.0 0.0 0.0 0.0 0.0 0.0 0.0 0.0 0.0 0.0 0.0 0.0
0 0.947754 0.143485 0.010742 0.032211 0.0 0.0 0.0 0.0 0.0 0.0 0.0 0.0 0.0 0.0 0.0 0.0 0.0 0.0 0.0
0 0.253906 0.513909 0.021484 0.061493 0.256854 0.497151 1.0 0.260777 0.496366 1.0 0.265747 0.51166 1.0 0.255546 0.525779 1.0 0.257899 0.525387 1.0
0 0.280762 0.541728 0.03418 0.038067 0.277648 0.54293 1.0 0.291212 0.54093 1.0 0.286098 0.554931 1.0 0.278761 0.560597 1.0 0.286098 0.559597 1.0
0 0.508789 0.467057 0.029297 0.061493 0.504865 0.452939 1.0 0.500419 0.452154 1.0 0.495448 0.466272 1.0 0.504604 0.48196 1.0 0.501465 0.481568 1.0
0 0.786621 0.415813 0.03418 0.06735 0.771681 0.408707 1.0 0.782732 0.40106 1.0 0.775364 0.419754 1.0 0.777348 0.434199 1.0 0.782449 0.430801 1.0
0 0.339355 0.021962 0.010742 0.026354 0.0 0.0 0.0 0.0 0.0 0.0 0.0 0.0 0.0 0.0 0.0 0.0 0.0 0.0 0.0
0 0.401855 0.074671 0.014648 0.026354 0.0 0.0 0.0 0.0 0.0 0.0 0.0 0.0 0.0 0.0 0.0 0.0 0.0 0.0 0.0
0 0.461426 0.075403 0.016602 0.030747 0.46153 0.074997 1.0 0.468828 0.075605 1.0 0.466396 0.081076 1.0 0.463152 0.085939 1.0 0.466666 0.085939 1.0
0 0.500488 0.043192 0.014648 0.033675 0.502563 0.038903 1.0 0.508196 0.040905 1.0 0.506565 0.045126 1.0 0.501229 0.050905 1.0 0.505676 0.053571 1.0
0 0.547363 0.087848 0.016602 0.029283 0.541347 0.083893 1.0 0.547795 0.082946 1.0 0.544255 0.088442 1.0 0.542611 0.093561 1.0 0.547795 0.093182 1.0
0 0.217285 0.094436 0.010742 0.013177 0.0 0.0 0.0 0.0 0.0 0.0 0.0 0.0 0.0 0.0 0.0 0.0 0.0 0.0 0.0
0 0.27002 0.207174 0.014648 0.019034 0.0 0.0 0.0 0.0 0.0 0.0 0.0 0.0 0.0 0.0 0.0 0.0 0.0 0.0 0.0
0 0.287598 0.089312 0.008789 0.011713 0.0 0.0 0.0 0.0 0.0 0.0 0.0 0.0 0.0 0.0 0.0 0.0 0.0 0.0 0.0
0 0.755859 0.151537 0.015625 0.02489 0.754708 0.152373 1.0 0.761928 0.150177 1.0 0.759521 0.157237 1.0 0.758057 0.163198 1.0 0.76151 0.161943 1.0
0 0.813477 0.168375 0.009766 0.029283 0.0 0.0 0.0 0.0 0.0 0.0 0.0 0.0 0.0 0.0 0.0 0.0 0.0 0.0 0.0