0 0.222656 0.282552 0.046875 0.065104 0.221858 0.261266 1.0 0.241669 0.261266 1.0 0.244454 0.271171 1.0 0.230835 0.294695 1.0 0.242598 0.295521 1.0
0 0.232422 0.164062 0.048828 0.075521 0.233743 0.14556 1.0 0.252197 0.14556 1.0 0.251111 0.166789 1.0 0.231934 0.177404 1.0 0.250388 0.179333 1.0
0 0.308105 0.173828 0.040039 0.076823 0.307617 0.160482 1.0 0.323364 0.161458 1.0 0.320435 0.179525 1.0 0.304688 0.185872 1.0 0.324463 0.185384 1.0
0 0.374512 0.198568 0.036133 0.05599 0.368888 0.186745 1.0 0.385917 0.184582 1.0 0.37997 0.201882 1.0 0.372942 0.210891 1.0 0.386457 0.211612 1.0
0 0.378418 0.13737 0.038086 0.061198 0.379081 0.139021 1.0 0.394618 0.135952 1.0 0.389439 0.145926 1.0 0.386562 0.158587 1.0 0.39577 0.158203 1.0
0 0.496094 0.184896 0.039062 0.065104 0.491891 0.171038 1.0 0.50613 0.166911 1.0 0.503034 0.181355 1.0 0.492819 0.192499 1.0 0.509225 0.189198 1.0
0 0.54834 0.242188 0.040039 0.0625 0.543038 0.228301 1.0 0.561088 0.235118 1.0 0.551461 0.24675 1.0 0.538226 0.253569 1.0 0.557177 0.256777 1.0
0 0.597168 0.186198 0.036133 0.046875 0.594413 0.17134 1.0 0.608922 0.172247 1.0 0.601894 0.182827 1.0 0.591692 0.192197 1.0 0.606654 0.192499 1.0
0 0.687988 0.18099 0.030273 0.049479 0.684143 0.166591 1.0 0.700208 0.164034 1.0 0.695652 0.173944 1.0 0.686301 0.186733 1.0 0.69901 0.186094 1.0
0 0.700684 0.138021 0.040039 0.065104 0.702053 0.135306 1.0 0.714743 0.130767 1.0 0.71072 0.14356 1.0 0.706695 0.155529 1.0 0.714434 0.153053 1.0
0 0.778809 0.181641 0.040039 0.05599 0.775888 0.169096 1.0 0.793728 0.168375 1.0 0.78643 0.178466 1.0 0.776698 0.19 1.0 0.790214 0.189639 1.0