0 0.941895 0.361799 0.012695 0.027379 0.0 0.0 0.0 0.0 0.0 0.0 0.0 0.0 0.0 0.0 0.0 0.0 0.0 0.0 0.0
0 0.887207 0.298566 0.014648 0.026076 0.881661 0.296563 1.0 0.885707 0.29842 1.0 0.882041 0.302978 1.0 0.882926 0.305847 1.0 0.884949 0.306691 1.0
0 0.878906 0.326597 0.011719 0.022164 0.0 0.0 0.0 0.0 0.0 0.0 0.0 0.0 0.0 0.0 0.0 0.0 0.0 0.0 0.0
0 0.722168 0.267927 0.014648 0.024772 0.720268 0.265256 1.0 0.726741 0.265726 1.0 0.724387 0.272327 1.0 0.721562 0.278456 1.0 0.725564 0.278456 1.0
0 0.669922 0.374837 0.013672 0.022164 0.667864 0.373486 1.0 0.672468 0.376001 1.0 0.669434 0.378375 1.0 0.66598 0.378795 1.0 0.671107 0.383265 1.0
0 0.613281 0.440026 0.007812 0.027379 0.0 0.0 0.0 0.0 0.0 0.0 0.0 0.0 0.0 0.0 0.0 0.0 0.0 0.0 0.0
0 0.57373 0.461538 0.014648 0.023468 0.0 0.0 0.0 0.0 0.0 0.0 0.0 0.0 0.0 0.0 0.0 0.0 0.0 0.0 0.0
0 0.467285 0.250978 0.012695 0.024772 0.0 0.0 0.0 0.0 0.0 0.0 0.0 0.0 0.0 0.0 0.0 0.0 0.0 0.0 0.0
0 0.313477 0.32399 0.013672 0.027379 0.308816 0.321842 1.0 0.312735 0.32201 1.0 0.309827 0.328256 1.0 0.309574 0.332138 1.0 0.312988 0.331801 1.0
0 0.505371 0.437419 0.008789 0.027379 0.0 0.0 0.0 0.0 0.0 0.0 0.0 0.0 0.0 0.0 0.0 0.0 0.0 0.0 0.0
0 0.128418 0.408083 0.012695 0.026076 0.0 0.0 0.0 0.0 0.0 0.0 0.0 0.0 0.0 0.0 0.0 0.0 0.0 0.0 0.0
0 0.025879 0.426336 0.012695 0.023468 0.0 0.0 0.0 0.0 0.0 0.0 0.0 0.0 0.0 0.0 0.0 0.0 0.0 0.0 0.0
0 0.018066 0.45176 0.010742 0.027379 0.0 0.0 0.0 0.0 0.0 0.0 0.0 0.0 0.0 0.0 0.0 0.0 0.0 0.0 0.0
0 0.432617 0.305085 0.011719 0.02086 0.0 0.0 0.0 0.0 0.0 0.0 0.0 0.0 0.0 0.0 0.0 0.0 0.0 0.0 0.0
0 0.970215 0.822686 0.043945 0.093872 0.956909 0.817331 1.0 0.963074 0.815567 1.0 0.948543 0.834379 1.0 0.958671 0.849664 1.0 0.963954 0.848488 1.0