0 0.847168 0.568182 0.018555 0.036657 0.845721 0.563679 1.0 0.851685 0.563207 1.0 0.849487 0.569334 1.0 0.846662 0.576167 1.0 0.852313 0.57546 1.0
0 0.831055 0.534457 0.013672 0.027859 0.0 0.0 0.0 0.0 0.0 0.0 0.0 0.0 0.0 0.0 0.0 0.0 0.0 0.0 0.0
0 0.731934 0.518328 0.012695 0.027859 0.72876 0.516679 1.0 0.733765 0.516496 1.0 0.730835 0.521994 1.0 0.729248 0.52566 1.0 0.733276 0.52566 1.0
0 0.709473 0.576246 0.016602 0.038123 0.705174 0.571547 1.0 0.710973 0.573537 1.0 0.705506 0.578512 1.0 0.705174 0.582491 1.0 0.711138 0.582491 1.0
0 0.904297 0.437683 0.007812 0.016129 0.0 0.0 0.0 0.0 0.0 0.0 0.0 0.0 0.0 0.0 0.0 0.0 0.0 0.0 0.0
0 0.90625 0.480205 0.007812 0.010264 0.0 0.0 0.0 0.0 0.0 0.0 0.0 0.0 0.0 0.0 0.0 0.0 0.0 0.0 0.0
0 0.82959 0.382698 0.006836 0.014663 0.829659 0.380884 1.0 0.832472 0.380786 1.0 0.83149 0.383535 1.0 0.829659 0.386284 1.0 0.832406 0.386186 1.0
0 0.547852 0.582111 0.015625 0.032258 0.0 0.0 0.0 0.0 0.0 0.0 0.0 0.0 0.0 0.0 0.0 0.0 0.0 0.0 0.0
0 0.543457 0.524927 0.014648 0.026393 0.541042 0.523394 1.0 0.546143 0.524076 1.0 0.542629 0.52782 1.0 0.541269 0.529182 1.0 0.544216 0.529522 1.0
0 0.578125 0.501466 0.013672 0.026393 0.575509 0.498279 1.0 0.582049 0.497787 1.0 0.578888 0.503188 1.0 0.57649 0.507279 1.0 0.581177 0.507116 1.0
0 0.588379 0.468475 0.010742 0.021994 0.58759 0.467912 1.0 0.5914 0.468063 1.0 0.589094 0.470924 1.0 0.587489 0.474386 1.0 0.590898 0.474386 1.0
0 0.451172 0.486804 0.013672 0.02346 0.44809 0.484867 1.0 0.453203 0.484565 1.0 0.450496 0.487877 1.0 0.448791 0.491038 1.0 0.4519 0.491189 1.0
0 0.453613 0.594575 0.014648 0.030792 0.449498 0.591289 1.0 0.453813 0.591878 1.0 0.450937 0.599537 1.0 0.450282 0.601696 1.0 0.454991 0.602286 1.0
0 0.413086 0.505865 0.011719 0.026393 0.410797 0.50235 1.0 0.415048 0.50366 1.0 0.412759 0.507422 1.0 0.410144 0.511677 1.0 0.414176 0.51266 1.0
0 0.374512 0.587243 0.018555 0.036657 0.36867 0.584861 1.0 0.376518 0.586746 1.0 0.369926 0.593815 1.0 0.367101 0.594994 1.0 0.373378 0.598764 1.0
0 0.32959 0.571114 0.012695 0.027859 0.0 0.0 0.0 0.0 0.0 0.0 0.0 0.0 0.0 0.0 0.0 0.0 0.0 0.0 0.0
0 0.674805 0.447214 0.007812 0.017595 0.0 0.0 0.0 0.0 0.0 0.0 0.0 0.0 0.0 0.0 0.0 0.0 0.0 0.0 0.0
0 0.270996 0.597507 0.016602 0.030792 0.0 0.0 0.0 0.0 0.0 0.0 0.0 0.0 0.0 0.0 0.0 0.0 0.0 0.0 0.0
0 0.28125 0.491935 0.011719 0.024927 0.0 0.0 0.0 0.0 0.0 0.0 0.0 0.0 0.0 0.0 0.0 0.0 0.0 0.0 0.0
0 0.111328 0.620235 0.011719 0.032258 0.0 0.0 0.0 0.0 0.0 0.0 0.0 0.0 0.0 0.0 0.0 0.0 0.0 0.0 0.0
0 0.038574 0.707478 0.018555 0.039589 0.0 0.0 0.0 0.0 0.0 0.0 0.0 0.0 0.0 0.0 0.0 0.0 0.0 0.0 0.0
0 0.415039 0.740469 0.013672 0.043988 0.41755 0.733826 1.0 0.417737 0.729321 1.0 0.419987 0.735233 1.0 0.417176 0.74818 1.0 0.417925 0.746773 1.0