0 0.892578 0.623348 0.017578 0.030837 0.888847 0.620254 1.0 0.896685 0.620254 1.0 0.892225 0.62574 1.0 0.889116 0.630414 1.0 0.895604 0.630211 1.0
0 0.81543 0.604258 0.017578 0.030837 0.810529 0.599001 1.0 0.817984 0.599395 1.0 0.814584 0.606474 1.0 0.811184 0.611194 1.0 0.818115 0.611391 1.0
0 0.778809 0.559471 0.016602 0.029369 0.773786 0.556646 1.0 0.781372 0.556455 1.0 0.777579 0.5633 1.0 0.773533 0.568623 1.0 0.780234 0.568623 1.0
0 0.759277 0.51909 0.014648 0.024963 0.756557 0.517286 1.0 0.764622 0.517778 1.0 0.760263 0.522367 1.0 0.757429 0.526793 1.0 0.76266 0.526793 1.0
0 0.713867 0.480176 0.011719 0.017621 0.710729 0.477574 1.0 0.716029 0.477574 1.0 0.713462 0.480439 1.0 0.711971 0.48542 1.0 0.714704 0.48542 1.0
0 0.681641 0.530837 0.011719 0.022026 0.67953 0.526065 1.0 0.685189 0.526498 1.0 0.681641 0.531257 1.0 0.679914 0.535583 1.0 0.684038 0.535727 1.0
0 0.740234 0.639501 0.017578 0.039648 0.735613 0.638269 1.0 0.744228 0.638019 1.0 0.738927 0.647236 1.0 0.736607 0.651222 1.0 0.742902 0.650474 1.0
0 0.669434 0.603524 0.016602 0.029369 0.665405 0.598037 1.0 0.674256 0.598417 1.0 0.669451 0.604501 1.0 0.666543 0.609634 1.0 0.671979 0.609824 1.0
0 0.608398 0.652717 0.019531 0.033774 0.606768 0.65332 1.0 0.616255 0.653765 1.0 0.611512 0.659561 1.0 0.607213 0.664018 1.0 0.613586 0.663796 1.0
0 0.642578 0.555066 0.017578 0.026432 0.63913 0.550261 1.0 0.646663 0.552031 1.0 0.642308 0.556101 1.0 0.639482 0.559996 1.0 0.644897 0.561057 1.0
0 0.606445 0.494126 0.011719 0.01909 0.602983 0.48917 1.0 0.609776 0.48942 1.0 0.605966 0.49353 1.0 0.60348 0.497266 1.0 0.609362 0.496145 1.0
0 0.555664 0.54185 0.013672 0.020558 0.0 0.0 0.0 0.0 0.0 0.0 0.0 0.0 0.0 0.0 0.0 0.0 0.0 0.0 0.0
0 0.523438 0.573421 0.015625 0.024963 0.520386 0.57211 1.0 0.52747 0.572275 1.0 0.523438 0.577191 1.0 0.521148 0.581125 1.0 0.526599 0.581288 1.0
0 0.490723 0.619677 0.018555 0.032305 0.488561 0.615902 1.0 0.497907 0.615482 1.0 0.492745 0.621145 1.0 0.490374 0.626599 1.0 0.496513 0.626599 1.0
0 0.502441 0.484581 0.012695 0.020558 0.499542 0.480956 1.0 0.5065 0.480819 1.0 0.50293 0.484811 1.0 0.500549 0.48963 1.0 0.504853 0.48963 1.0
0 0.455078 0.541116 0.013672 0.022026 0.0 0.0 0.0 0.0 0.0 0.0 0.0 0.0 0.0 0.0 0.0 0.0 0.0 0.0 0.0
0 0.408203 0.562408 0.013672 0.023495 0.0 0.0 0.0 0.0 0.0 0.0 0.0 0.0 0.0 0.0 0.0 0.0 0.0 0.0 0.0
0 0.408691 0.668135 0.020508 0.032305 0.404297 0.658066 1.0 0.415597 0.656388 1.0 0.410296 0.665828 1.0 0.404297 0.670652 1.0 0.414062 0.670442 1.0
0 0.355469 0.609398 0.015625 0.032305 0.0 0.0 0.0 0.0 0.0 0.0 0.0 0.0 0.0 0.0 0.0 0.0 0.0 0.0 0.0
0 0.378906 0.50514 0.013672 0.023495 0.377516 0.498526 1.0 0.384033 0.499128 1.0 0.380725 0.504254 1.0 0.377716 0.50938 1.0 0.382229 0.509833 1.0
0 0.323242 0.552863 0.015625 0.022026 0.320068 0.547567 1.0 0.328125 0.54741 1.0 0.324463 0.553388 1.0 0.321324 0.558107 1.0 0.326451 0.558107 1.0
0 0.283203 0.629956 0.019531 0.026432 0.279672 0.62268 1.0 0.289611 0.622877 1.0 0.284642 0.628383 1.0 0.280326 0.6333 1.0 0.287781 0.633103 1.0
0 0.274414 0.508811 0.013672 0.01909 0.0 0.0 0.0 0.0 0.0 0.0 0.0 0.0 0.0 0.0 0.0 0.0 0.0 0.0 0.0
0 0.22168 0.56094 0.017578 0.023495 0.218249 0.555604 1.0 0.227548 0.555427 1.0 0.222957 0.560737 1.0 0.219072 0.565693 1.0 0.225899 0.565869 1.0
0 0.178223 0.491924 0.014648 0.020558 0.175114 0.488606 1.0 0.182033 0.488455 1.0 0.179125 0.492677 1.0 0.176418 0.496446 1.0 0.181531 0.496446 1.0
0 0.101562 0.521292 0.015625 0.026432 0.098092 0.516927 1.0 0.1058 0.515562 1.0 0.102967 0.523744 1.0 0.100699 0.528858 1.0 0.105347 0.528176 1.0
0 0.147461 0.650514 0.019531 0.035242 0.144989 0.642438 1.0 0.154602 0.641979 1.0 0.150939 0.650468 1.0 0.14621 0.655515 1.0 0.153839 0.655057 1.0