0 0.936035 0.381965 0.018555 0.042522 0.0 0.0 0.0 0.0 0.0 0.0 0.0 0.0 0.0 0.0 0.0 0.0 0.0 0.0 0.0
0 0.771484 0.463343 0.013672 0.026393 0.773865 0.46062 1.0 0.775679 0.46028 1.0 0.777266 0.464364 1.0 0.774658 0.470491 1.0 0.776245 0.469981 1.0
0 0.748535 0.404692 0.018555 0.041056 0.0 0.0 0.0 0.0 0.0 0.0 0.0 0.0 0.0 0.0 0.0 0.0 0.0 0.0 0.0
0 0.724609 0.318915 0.025391 0.06305 0.72842 0.313724 1.0 0.731877 0.313326 1.0 0.735334 0.324905 1.0 0.728951 0.336883 1.0 0.732675 0.336883 1.0
0 0.652832 0.400293 0.022461 0.041056 0.0 0.0 0.0 0.0 0.0 0.0 0.0 0.0 0.0 0.0 0.0 0.0 0.0 0.0 0.0
0 0.57959 0.416422 0.016602 0.032258 0.0 0.0 0.0 0.0 0.0 0.0 0.0 0.0 0.0 0.0 0.0 0.0 0.0 0.0 0.0
0 0.867188 0.486804 0.007812 0.017595 0.0 0.0 0.0 0.0 0.0 0.0 0.0 0.0 0.0 0.0 0.0 0.0 0.0 0.0 0.0
0 0.789551 0.497067 0.006836 0.014663 0.0 0.0 0.0 0.0 0.0 0.0 0.0 0.0 0.0 0.0 0.0 0.0 0.0 0.0 0.0
0 0.803223 0.505865 0.004883 0.01173 0.0 0.0 0.0 0.0 0.0 0.0 0.0 0.0 0.0 0.0 0.0 0.0 0.0 0.0 0.0
0 0.84082 0.510997 0.003906 0.010264 0.0 0.0 0.0 0.0 0.0 0.0 0.0 0.0 0.0 0.0 0.0 0.0 0.0 0.0 0.0
0 0.94043 0.507331 0.007812 0.014663 0.0 0.0 0.0 0.0 0.0 0.0 0.0 0.0 0.0 0.0 0.0 0.0 0.0 0.0 0.0
0 0.890137 0.51393 0.006836 0.013196 0.0 0.0 0.0 0.0 0.0 0.0 0.0 0.0 0.0 0.0 0.0 0.0 0.0 0.0 0.0
0 0.359863 0.42522 0.012695 0.029326 0.0 0.0 0.0 0.0 0.0 0.0 0.0 0.0 0.0 0.0 0.0 0.0 0.0 0.0 0.0
0 0.289551 0.353372 0.024414 0.046921 0.288474 0.346158 1.0 0.298087 0.349399 1.0 0.294163 0.356762 1.0 0.286708 0.363833 1.0 0.294163 0.367073 1.0
0 0.195312 0.398094 0.017578 0.033724 0.195169 0.392694 1.0 0.201067 0.394205 1.0 0.199629 0.399823 1.0 0.195169 0.406735 1.0 0.199484 0.40695 1.0
0 0.11377 0.282258 0.038086 0.077713 0.112301 0.272937 1.0 0.127668 0.277846 1.0 0.122437 0.288647 1.0 0.113936 0.301411 1.0 0.124398 0.302393 1.0
0 0.47998 0.258798 0.040039 0.089443 0.0 0.0 0.0 0.0 0.0 0.0 0.0 0.0 0.0 0.0 0.0 0.0 0.0 0.0 0.0
0 0.02002 0.428886 0.014648 0.033724 0.0 0.0 0.0 0.0 0.0 0.0 0.0 0.0 0.0 0.0 0.0 0.0 0.0 0.0 0.0
0 0.754883 0.454545 0.011719 0.02346 0.0 0.0 0.0 0.0 0.0 0.0 0.0 0.0 0.0 0.0 0.0 0.0 0.0 0.0 0.0
0 0.598145 0.456745 0.010742 0.027859 0.0 0.0 0.0 0.0 0.0 0.0 0.0 0.0 0.0 0.0 0.0 0.0 0.0 0.0 0.0
0 0.03418 0.066716 0.03125 0.124633 0.0 0.0 0.0 0.0 0.0 0.0 0.0 0.0 0.0 0.0 0.0 0.0 0.0 0.0 0.0