0 0.643066 0.76039 0.032227 0.050649 0.640189 0.74891 1.0 0.656015 0.751461 1.0 0.648581 0.76039 1.0 0.637791 0.767086 1.0 0.652657 0.768361 1.0
0 0.467285 0.66039 0.026367 0.037662 0.464295 0.652783 1.0 0.474841 0.65611 1.0 0.468227 0.662291 1.0 0.461792 0.667045 1.0 0.470372 0.670612 1.0
0 0.57666 0.577922 0.014648 0.023377 0.0 0.0 0.0 0.0 0.0 0.0 0.0 0.0 0.0 0.0 0.0 0.0 0.0 0.0 0.0
0 0.17041 0.666234 0.02832 0.044156 0.169085 0.658442 1.0 0.182269 0.660112 1.0 0.177874 0.66846 1.0 0.169294 0.677087 1.0 0.179967 0.6782 1.0
0 0.101074 0.814935 0.047852 0.081818 0.100098 0.805936 1.0 0.118539 0.800719 1.0 0.118932 0.819504 1.0 0.102452 0.835157 1.0 0.119716 0.832027 1.0
0 0.743652 0.551948 0.010742 0.018182 0.0 0.0 0.0 0.0 0.0 0.0 0.0 0.0 0.0 0.0 0.0 0.0 0.0 0.0 0.0
0 0.527832 0.473377 0.004883 0.009091 0.0 0.0 0.0 0.0 0.0 0.0 0.0 0.0 0.0 0.0 0.0 0.0 0.0 0.0 0.0
0 0.614258 0.429221 0.005859 0.009091 0.0 0.0 0.0 0.0 0.0 0.0 0.0 0.0 0.0 0.0 0.0 0.0 0.0 0.0 0.0
0 0.89209 0.572078 0.014648 0.02987 0.0 0.0 0.0 0.0 0.0 0.0 0.0 0.0 0.0 0.0 0.0 0.0 0.0 0.0 0.0
0 0.995605 0.524675 0.006836 0.012987 0.0 0.0 0.0 0.0 0.0 0.0 0.0 0.0 0.0 0.0 0.0 0.0 0.0 0.0 0.0
0 0.845215 0.431169 0.004883 0.01039 0.0 0.0 0.0 0.0 0.0 0.0 0.0 0.0 0.0 0.0 0.0 0.0 0.0 0.0 0.0
0 0.669922 0.426623 0.005859 0.009091 0.0 0.0 0.0 0.0 0.0 0.0 0.0 0.0 0.0 0.0 0.0 0.0 0.0 0.0 0.0