0 0.967285 0.376302 0.020508 0.033854 0.970507 0.369629 1.0 0.973895 0.368768 1.0 0.97583 0.374146 1.0 0.971313 0.384685 1.0 0.974056 0.384039 1.0
0 0.814941 0.354167 0.020508 0.03125 0.813459 0.351992 1.0 0.821167 0.351598 1.0 0.818647 0.354759 1.0 0.815238 0.361281 1.0 0.821167 0.362665 1.0
0 0.770508 0.393229 0.011719 0.044271 0.77253 0.390811 1.0 0.772949 0.389974 1.0 0.773995 0.395555 1.0 0.772321 0.404204 1.0 0.772949 0.403646 1.0
0 0.926758 0.407552 0.015625 0.044271 0.929408 0.398624 1.0 0.930664 0.398902 1.0 0.931292 0.405878 1.0 0.927734 0.415923 1.0 0.927943 0.415643 1.0
0 0.646484 0.38151 0.019531 0.041667 0.649405 0.378336 1.0 0.651411 0.379139 1.0 0.655221 0.384487 1.0 0.649605 0.391439 1.0 0.65101 0.391974 1.0
0 0.599121 0.404297 0.024414 0.050781 0.599609 0.391927 1.0 0.602539 0.389323 1.0 0.609375 0.398438 1.0 0.603516 0.411458 1.0 0.602539 0.411458 1.0
0 0.504883 0.384766 0.015625 0.032552 0.506139 0.380557 1.0 0.511475 0.381185 1.0 0.510689 0.386207 1.0 0.508021 0.391021 1.0 0.51226 0.391021 1.0
0 0.430664 0.408203 0.042969 0.108073 0.436297 0.396699 1.0 0.438847 0.39534 1.0 0.4516 0.413702 1.0 0.441397 0.435466 1.0 0.443437 0.434785 1.0
0 0.226562 0.410807 0.039062 0.05599 0.22454 0.395857 1.0 0.241804 0.398647 1.0 0.236049 0.407017 1.0 0.225062 0.418875 1.0 0.23788 0.42062 1.0
0 0.181641 0.396484 0.023438 0.035156 0.179644 0.395578 1.0 0.188995 0.395578 1.0 0.185595 0.401471 1.0 0.179474 0.407592 1.0 0.187125 0.407366 1.0
0 0.077637 0.410156 0.012695 0.020833 0.074219 0.40625 1.0 0.080078 0.40625 1.0 0.076172 0.410156 1.0 0.073242 0.414062 1.0 0.079102 0.414062 1.0