0 0.172852 0.163768 0.076172 0.124638 0.156538 0.168523 1.0 0.180804 0.152084 1.0 0.177111 0.17557 1.0 0.170253 0.200622 1.0 0.192937 0.185746 1.0
0 0.375 0.186957 0.0625 0.118841 0.360975 0.18028 1.0 0.387547 0.169119 1.0 0.382032 0.193672 1.0 0.369999 0.216738 1.0 0.394064 0.204833 1.0
0 0.523438 0.157971 0.0625 0.113043 0.509884 0.149346 1.0 0.536983 0.145038 1.0 0.524401 0.169455 1.0 0.519562 0.188846 1.0 0.534079 0.185255 1.0
0 0.674805 0.101449 0.052734 0.092754 0.661225 0.087771 1.0 0.687408 0.087771 1.0 0.677094 0.103668 1.0 0.660828 0.117799 1.0 0.687805 0.117799 1.0
0 0.84375 0.088406 0.058594 0.107246 0.826782 0.066622 1.0 0.854706 0.073414 1.0 0.834564 0.091757 1.0 0.824951 0.104665 1.0 0.848755 0.1101 1.0
0 0.758789 0.182609 0.064453 0.121739 0.739624 0.166486 1.0 0.765045 0.174955 1.0 0.745331 0.193433 1.0 0.737549 0.200362 1.0 0.761933 0.208061 1.0
0 0.830078 0.562319 0.0625 0.133333 0.809344 0.550743 1.0 0.836339 0.54991 1.0 0.822278 0.579122 1.0 0.814968 0.591641 1.0 0.838025 0.589971 1.0
0 0.678711 0.591304 0.076172 0.133333 0.654602 0.578896 1.0 0.683284 0.573052 1.0 0.6681 0.598926 1.0 0.660226 0.616454 1.0 0.690033 0.609777 1.0
0 0.763672 0.665217 0.066406 0.130435 0.760969 0.661206 1.0 0.785885 0.659562 1.0 0.775364 0.688322 1.0 0.755985 0.694896 1.0 0.780348 0.696539 1.0
0 0.575195 0.67971 0.068359 0.130435 0.553113 0.664196 1.0 0.581352 0.660087 1.0 0.566955 0.692132 1.0 0.557543 0.703636 1.0 0.589103 0.697062 1.0
0 0.50293 0.572464 0.060547 0.118841 0.484393 0.568019 1.0 0.513472 0.552394 1.0 0.496425 0.576203 1.0 0.493918 0.601501 1.0 0.518986 0.588109 1.0
0 0.37207 0.730435 0.072266 0.133333 0.369895 0.715522 1.0 0.397452 0.714687 1.0 0.391828 0.743899 1.0 0.365958 0.760591 1.0 0.392391 0.758922 1.0
0 0.423828 0.55942 0.070312 0.127536 0.409171 0.552226 1.0 0.437509 0.541712 1.0 0.428244 0.572445 1.0 0.417891 0.591045 1.0 0.445138 0.579723 1.0
0 0.295898 0.501449 0.068359 0.13913 0.274811 0.493738 1.0 0.302473 0.485003 1.0 0.291879 0.512954 1.0 0.285404 0.533916 1.0 0.30777 0.523435 1.0
0 0.086914 0.537681 0.076172 0.142029 0.078548 0.525265 1.0 0.108241 0.517171 1.0 0.099151 0.551346 1.0 0.07976 0.567533 1.0 0.107029 0.560339 1.0
0 0.131836 0.721739 0.068359 0.150725 0.106994 0.715307 1.0 0.137756 0.709601 1.0 0.123017 0.745742 1.0 0.108917 0.759058 1.0 0.142242 0.7524 1.0