0 0.928223 0.582845 0.026367 0.045455 0.920279 0.581084 1.0 0.932247 0.581968 1.0 0.925969 0.588742 1.0 0.921261 0.595812 1.0 0.932051 0.596695 1.0
0 0.984863 0.581378 0.018555 0.033724 0.981707 0.579088 1.0 0.990601 0.579088 1.0 0.986153 0.583094 1.0 0.983041 0.590883 1.0 0.988674 0.591106 1.0
0 0.848145 0.543988 0.016602 0.029326 0.843898 0.539079 1.0 0.851223 0.539669 1.0 0.847168 0.544971 1.0 0.844944 0.550469 1.0 0.849392 0.550666 1.0
0 0.769043 0.540323 0.012695 0.030792 0.764648 0.536657 1.0 0.767578 0.536657 1.0 0.763672 0.542522 1.0 0.764648 0.549853 1.0 0.764648 0.55132 1.0
0 0.702148 0.530059 0.015625 0.021994 0.699219 0.527859 1.0 0.705078 0.526393 1.0 0.700195 0.530792 1.0 0.698242 0.538123 1.0 0.703125 0.539589 1.0
0 0.643555 0.528592 0.017578 0.030792 0.638672 0.521994 1.0 0.646484 0.52346 1.0 0.640625 0.526393 1.0 0.637695 0.535191 1.0 0.645508 0.536657 1.0
0 0.611328 0.533724 0.03125 0.049853 0.604841 0.525031 1.0 0.618443 0.524717 1.0 0.609863 0.532572 1.0 0.605469 0.544826 1.0 0.614677 0.544512 1.0
0 0.577637 0.519795 0.010742 0.024927 0.573242 0.514663 1.0 0.578125 0.514663 1.0 0.574219 0.519062 1.0 0.571289 0.524927 1.0 0.577148 0.524927 1.0
0 0.45459 0.494868 0.012695 0.021994 0.452148 0.494135 1.0 0.458008 0.492669 1.0 0.455078 0.497067 1.0 0.452148 0.502933 1.0 0.457031 0.502933 1.0
0 0.408691 0.508798 0.014648 0.026393 0.404297 0.505865 1.0 0.412109 0.505865 1.0 0.407227 0.508798 1.0 0.40332 0.516129 1.0 0.411133 0.516129 1.0
0 0.236816 0.532991 0.026367 0.054252 0.230115 0.526053 1.0 0.242593 0.528135 1.0 0.233119 0.538195 1.0 0.229191 0.548257 1.0 0.236816 0.548603 1.0