0 0.135254 0.270433 0.053711 0.086538 0.122829 0.256284 1.0 0.150129 0.262245 1.0 0.133396 0.276335 1.0 0.122829 0.288799 1.0 0.140002 0.29151 1.0
0 0.213867 0.176082 0.048828 0.075721 0.203779 0.169626 1.0 0.224731 0.165329 1.0 0.216195 0.183476 1.0 0.208047 0.195892 1.0 0.225508 0.192072 1.0
0 0.336914 0.235577 0.052734 0.088942 0.328155 0.228215 1.0 0.351044 0.224272 1.0 0.344178 0.241173 1.0 0.329071 0.255258 1.0 0.350586 0.250751 1.0
0 0.399414 0.188101 0.044922 0.06851 0.386566 0.177338 1.0 0.405988 0.175165 1.0 0.396807 0.193418 1.0 0.389744 0.201677 1.0 0.40952 0.199069 1.0
0 0.494629 0.221154 0.051758 0.088942 0.484619 0.215488 1.0 0.51001 0.216603 1.0 0.495501 0.235019 1.0 0.485072 0.248412 1.0 0.504569 0.250085 1.0
0 0.580078 0.315505 0.058594 0.082933 0.567749 0.304934 1.0 0.594391 0.307017 1.0 0.577898 0.326794 1.0 0.56648 0.336163 1.0 0.590162 0.338766 1.0
0 0.421387 0.341947 0.063477 0.082933 0.406878 0.325131 1.0 0.437325 0.32357 1.0 0.420833 0.348031 1.0 0.409838 0.358962 1.0 0.434365 0.358441 1.0
0 0.255859 0.36238 0.054688 0.06851 0.245117 0.353365 1.0 0.268555 0.356971 1.0 0.254883 0.377404 1.0 0.243164 0.377404 1.0 0.266602 0.38101 1.0
0 0.241699 0.483774 0.067383 0.097356 0.227792 0.475833 1.0 0.256121 0.472162 1.0 0.244193 0.49663 1.0 0.22978 0.511311 1.0 0.260594 0.505805 1.0
0 0.557129 0.167668 0.045898 0.075721 0.546535 0.157892 1.0 0.568115 0.158375 1.0 0.556344 0.173828 1.0 0.543396 0.183487 1.0 0.566546 0.183969 1.0
0 0.640137 0.234375 0.047852 0.0625 0.630293 0.225639 1.0 0.651585 0.222066 1.0 0.642875 0.239139 1.0 0.634486 0.251846 1.0 0.653198 0.247875 1.0
0 0.838867 0.256611 0.046875 0.075721 0.828762 0.245868 1.0 0.847596 0.253112 1.0 0.833077 0.265668 1.0 0.823661 0.275326 1.0 0.84171 0.281605 1.0
0 0.793457 0.396635 0.055664 0.079327 0.777885 0.386553 1.0 0.802616 0.385055 1.0 0.789237 0.401523 1.0 0.781533 0.413998 1.0 0.804644 0.413499 1.0
0 0.707031 0.341947 0.058594 0.08774 0.692174 0.329139 1.0 0.718667 0.326928 1.0 0.706094 0.347377 1.0 0.693071 0.357326 1.0 0.721361 0.354563 1.0
0 0.71875 0.548678 0.058594 0.092548 0.708374 0.53301 1.0 0.731916 0.546918 1.0 0.71685 0.560246 1.0 0.695661 0.560826 1.0 0.719674 0.575314 1.0
0 0.818848 0.516827 0.06543 0.091346 0.7948 0.497124 1.0 0.827288 0.496544 1.0 0.805629 0.518565 1.0 0.802804 0.534212 1.0 0.823992 0.534791 1.0
0 0.621582 0.632212 0.06543 0.086538 0.60771 0.628821 1.0 0.634835 0.626631 1.0 0.622829 0.644145 1.0 0.609488 0.65126 1.0 0.63528 0.647976 1.0
0 0.287109 0.585938 0.058594 0.092548 0.270939 0.564266 1.0 0.302778 0.56368 1.0 0.288047 0.588245 1.0 0.274741 0.604621 1.0 0.298501 0.602281 1.0
0 0.472168 0.614183 0.063477 0.088942 0.459437 0.603022 1.0 0.486188 0.601347 1.0 0.475761 0.625901 1.0 0.464425 0.638737 1.0 0.484375 0.635388 1.0