0 0.477539 0.297218 0.048828 0.111274 0.458392 0.293688 1.0 0.472853 0.293688 1.0 0.456525 0.311873 1.0 0.462123 0.332155 1.0 0.473785 0.332854 1.0
0 0.658203 0.385798 0.048828 0.106881 0.635712 0.375026 1.0 0.652326 0.378392 1.0 0.638855 0.39859 1.0 0.640202 0.416094 1.0 0.651428 0.414747 1.0
0 0.807129 0.41142 0.022461 0.043924 0.802612 0.408858 1.0 0.811219 0.408035 1.0 0.805542 0.414348 1.0 0.803527 0.42231 1.0 0.808838 0.42231 1.0
0 0.755371 0.439239 0.018555 0.035139 0.754272 0.436905 1.0 0.761291 0.436676 1.0 0.758087 0.440108 1.0 0.755799 0.444454 1.0 0.760376 0.44354 1.0
0 0.92627 0.383602 0.026367 0.046852 0.0 0.0 0.0 0.0 0.0 0.0 0.0 0.0 0.0 0.0 0.0 0.0 0.0 0.0 0.0
0 0.960938 0.401171 0.017578 0.032211 0.0 0.0 0.0 0.0 0.0 0.0 0.0 0.0 0.0 0.0 0.0 0.0 0.0 0.0 0.0
0 0.859375 0.418009 0.017578 0.030747 0.854605 0.414139 1.0 0.86193 0.414139 1.0 0.857482 0.41865 1.0 0.855521 0.425709 1.0 0.860229 0.425905 1.0
0 0.018555 0.398975 0.015625 0.039531 0.021371 0.399237 1.0 0.024519 0.398492 1.0 0.026341 0.406439 1.0 0.022199 0.412898 1.0 0.023359 0.412898 1.0
0 0.050293 0.392387 0.016602 0.032211 0.0 0.0 0.0 0.0 0.0 0.0 0.0 0.0 0.0 0.0 0.0 0.0 0.0 0.0 0.0
0 0.076172 0.393119 0.013672 0.030747 0.071655 0.391843 1.0 0.076965 0.392034 1.0 0.073678 0.396015 1.0 0.07292 0.401511 1.0 0.076207 0.401701 1.0
0 0.115723 0.36896 0.018555 0.040996 0.109479 0.369483 1.0 0.117851 0.370268 1.0 0.112968 0.374974 1.0 0.111572 0.38151 1.0 0.11663 0.382294 1.0
0 0.151367 0.38287 0.017578 0.04246 0.0 0.0 0.0 0.0 0.0 0.0 0.0 0.0 0.0 0.0 0.0 0.0 0.0 0.0 0.0
0 0.222656 0.414348 0.017578 0.029283 0.0 0.0 0.0 0.0 0.0 0.0 0.0 0.0 0.0 0.0 0.0 0.0 0.0 0.0 0.0
0 0.227051 0.380673 0.016602 0.029283 0.224775 0.376719 1.0 0.231855 0.37596 1.0 0.228188 0.383543 1.0 0.226166 0.38904 1.0 0.230085 0.38904 1.0
0 0.275391 0.3653 0.015625 0.036603 0.272374 0.363157 1.0 0.27975 0.363157 1.0 0.276141 0.369274 1.0 0.272374 0.376098 1.0 0.278651 0.376334 1.0
0 0.991211 0.409956 0.017578 0.040996 0.0 0.0 0.0 0.0 0.0 0.0 0.0 0.0 0.0 0.0 0.0 0.0 0.0 0.0 0.0
0 0.626465 0.392387 0.014648 0.029283 0.0 0.0 0.0 0.0 0.0 0.0 0.0 0.0 0.0 0.0 0.0 0.0 0.0 0.0 0.0
0 0.569824 0.379209 0.016602 0.035139 0.0 0.0 0.0 0.0 0.0 0.0 0.0 0.0 0.0 0.0 0.0 0.0 0.0 0.0 0.0
0 0.588867 0.391654 0.015625 0.030747 0.0 0.0 0.0 0.0 0.0 0.0 0.0 0.0 0.0 0.0 0.0 0.0 0.0 0.0 0.0
0 0.339355 0.380673 0.014648 0.020498 0.0 0.0 0.0 0.0 0.0 0.0 0.0 0.0 0.0 0.0 0.0 0.0 0.0 0.0 0.0