0 0.939453 0.44898 0.017578 0.040816 0.931841 0.445251 1.0 0.938965 0.446317 1.0 0.932504 0.453507 1.0 0.931676 0.460964 1.0 0.93764 0.461496 1.0
0 0.850586 0.455259 0.025391 0.047096 0.841553 0.449091 1.0 0.849226 0.446625 1.0 0.84232 0.458651 1.0 0.842896 0.468827 1.0 0.848458 0.466359 1.0
0 0.914062 0.405808 0.009766 0.020408 0.912009 0.405703 1.0 0.915653 0.405837 1.0 0.913169 0.409964 1.0 0.911264 0.412094 1.0 0.915074 0.412094 1.0
0 0.846191 0.358713 0.012695 0.026688 0.84668 0.359498 1.0 0.851562 0.362637 1.0 0.847656 0.367347 1.0 0.842773 0.368917 1.0 0.844727 0.373626 1.0
0 0.797363 0.435636 0.020508 0.039246 0.791068 0.430057 1.0 0.794991 0.430057 1.0 0.789027 0.437879 1.0 0.795619 0.4457 1.0 0.795619 0.445951 1.0
0 0.759766 0.417582 0.009766 0.021978 0.0 0.0 0.0 0.0 0.0 0.0 0.0 0.0 0.0 0.0 0.0 0.0 0.0 0.0 0.0
0 0.733887 0.427786 0.020508 0.036107 0.728236 0.422516 1.0 0.735491 0.423413 1.0 0.730469 0.426777 1.0 0.727958 0.433505 1.0 0.732841 0.434626 1.0
0 0.681641 0.427002 0.019531 0.034537 0.677037 0.424598 1.0 0.684949 0.425986 1.0 0.679195 0.43038 1.0 0.677181 0.436623 1.0 0.683224 0.437086 1.0
0 0.645996 0.412873 0.012695 0.028257 0.645508 0.409733 1.0 0.650391 0.409733 1.0 0.648438 0.416013 1.0 0.646484 0.422292 1.0 0.650391 0.420722 1.0
0 0.619629 0.429356 0.022461 0.045526 0.615234 0.425432 1.0 0.625 0.433281 1.0 0.618164 0.436421 1.0 0.614258 0.44113 1.0 0.618164 0.44427 1.0
0 0.596191 0.349294 0.012695 0.026688 0.592773 0.345369 1.0 0.599609 0.348509 1.0 0.59375 0.351648 1.0 0.591797 0.356358 1.0 0.594727 0.357928 1.0
0 0.69043 0.370487 0.009766 0.021978 0.688477 0.370487 1.0 0.689453 0.370487 1.0 0.689453 0.373626 1.0 0.688477 0.378336 1.0 0.691406 0.376766 1.0
0 0.822754 0.430141 0.006836 0.012559 0.821289 0.428571 1.0 0.824219 0.428571 1.0 0.822266 0.431711 1.0 0.821289 0.434851 1.0 0.824219 0.434851 1.0
0 0.500488 0.319466 0.032227 0.076923 0.509138 0.312578 1.0 0.512146 0.312094 1.0 0.514854 0.329986 1.0 0.510642 0.339174 1.0 0.512748 0.338691 1.0
0 0.904297 0.430926 0.007812 0.023548 0.900391 0.430141 1.0 0.905273 0.428571 1.0 0.901367 0.436421 1.0 0.901367 0.44113 1.0 0.904297 0.44113 1.0
0 0.121582 0.347724 0.004883 0.010989 0.120117 0.346939 1.0 0.125 0.346939 1.0 0.12207 0.351648 1.0 0.121094 0.354788 1.0 0.123047 0.354788 1.0
0 0.359375 0.28179 0.03125 0.064364 0.360151 0.275721 1.0 0.371529 0.281005 1.0 0.367736 0.290353 1.0 0.358128 0.296857 1.0 0.368242 0.299297 1.0
0 0.543457 0.424647 0.022461 0.042386 0.537109 0.416013 1.0 0.547852 0.419152 1.0 0.541992 0.425432 1.0 0.538086 0.434851 1.0 0.544922 0.436421 1.0
0 0.148438 0.330455 0.011719 0.023548 0.146484 0.33124 1.0 0.15332 0.32967 1.0 0.150391 0.33438 1.0 0.148438 0.340659 1.0 0.151367 0.340659 1.0
0 0.176758 0.33281 0.015625 0.031397 0.178711 0.33124 1.0 0.182617 0.32967 1.0 0.181641 0.33752 1.0 0.179688 0.342229 1.0 0.181641 0.340659 1.0
0 0.199219 0.324176 0.017578 0.036107 0.196211 0.320055 1.0 0.203178 0.320769 1.0 0.199916 0.327204 1.0 0.196655 0.334113 1.0 0.202437 0.33459 1.0
0 0.21875 0.324176 0.007812 0.014129 0.219727 0.323391 1.0 0.223633 0.324961 1.0 0.22168 0.32967 1.0 0.220703 0.33281 1.0 0.222656 0.33281 1.0
0 0.438477 0.417582 0.013672 0.031397 0.432617 0.397174 1.0 0.438477 0.397174 1.0 0.435547 0.401884 1.0 0.433594 0.408163 1.0 0.4375 0.408163 1.0
0 0.557617 0.358713 0.007812 0.014129 0.555664 0.354788 1.0 0.561523 0.351648 1.0 0.55957 0.356358 1.0 0.557617 0.362637 1.0 0.5625 0.362637 1.0
0 0.890137 0.469388 0.012695 0.025118 0.884766 0.466248 1.0 0.891602 0.464678 1.0 0.887695 0.472527 1.0 0.885742 0.478807 1.0 0.890625 0.477237 1.0
0 0.259277 0.307692 0.026367 0.043956 0.253243 0.302758 1.0 0.264056 0.300516 1.0 0.261091 0.308085 1.0 0.256557 0.318738 1.0 0.264056 0.318457 1.0
0 0.060547 0.332025 0.009766 0.023548 0.058594 0.32967 1.0 0.063477 0.32967 1.0 0.061523 0.33595 1.0 0.05957 0.340659 1.0 0.063477 0.340659 1.0
0 0.091797 0.33752 0.009766 0.018838 0.089844 0.33438 1.0 0.095703 0.33438 1.0 0.09375 0.339089 1.0 0.091797 0.345369 1.0 0.095703 0.345369 1.0
0 0.109863 0.33595 0.010742 0.021978 0.110016 0.335262 1.0 0.112579 0.335705 1.0 0.111572 0.340562 1.0 0.108185 0.343799 1.0 0.108643 0.344094 1.0
0 0.139648 0.339089 0.007812 0.015699 0.135742 0.342229 1.0 0.139648 0.340659 1.0 0.138672 0.346939 1.0 0.136719 0.351648 1.0 0.139648 0.351648 1.0
0 0.15625 0.336735 0.007812 0.017268 0.0 0.0 0.0 0.0 0.0 0.0 0.0 0.0 0.0 0.0 0.0 0.0 0.0 0.0 0.0
0 0.987305 0.420722 0.011719 0.025118 0.988281 0.414443 1.0 0.993164 0.416013 1.0 0.992188 0.420722 1.0 0.989258 0.427002 1.0 0.993164 0.427002 1.0