0 0.928223 0.509517 0.067383 0.070278 0.905273 0.490483 1.0 0.90918 0.490483 1.0 0.897461 0.513909 1.0 0.923828 0.524158 1.0 0.922852 0.525622 1.0
0 0.85498 0.392387 0.045898 0.064422 0.843523 0.377432 1.0 0.864571 0.372987 1.0 0.853307 0.394321 1.0 0.847674 0.404988 1.0 0.8622 0.4041 1.0
0 0.79541 0.442167 0.03418 0.055637 0.0 0.0 0.0 0.0 0.0 0.0 0.0 0.0 0.0 0.0 0.0 0.0 0.0 0.0 0.0
0 0.763672 0.424597 0.029297 0.04978 0.754639 0.425786 1.0 0.768524 0.422905 1.0 0.758911 0.434755 1.0 0.757843 0.44116 1.0 0.764252 0.440199 1.0
0 0.729004 0.405564 0.026367 0.043924 0.722704 0.400054 1.0 0.735077 0.400616 1.0 0.727203 0.412982 1.0 0.722892 0.419447 1.0 0.733015 0.419728 1.0
0 0.753906 0.368228 0.017578 0.030747 0.750977 0.363104 1.0 0.758789 0.363104 1.0 0.754883 0.36896 1.0 0.751953 0.374817 1.0 0.756836 0.374817 1.0
0 0.674316 0.448755 0.057617 0.080527 0.655247 0.442246 1.0 0.682024 0.43248 1.0 0.670807 0.468829 1.0 0.666465 0.477508 1.0 0.684558 0.475338 1.0
0 0.757324 0.284773 0.012695 0.019034 0.753771 0.283407 1.0 0.757002 0.282165 1.0 0.755097 0.287256 1.0 0.754683 0.290486 1.0 0.75725 0.289367 1.0
0 0.538574 0.243777 0.026367 0.039531 0.533203 0.235725 1.0 0.544922 0.232796 1.0 0.541016 0.243045 1.0 0.537109 0.253294 1.0 0.544922 0.253294 1.0
0 0.461914 0.460469 0.050781 0.077599 0.450195 0.445095 1.0 0.47168 0.434846 1.0 0.462891 0.462665 1.0 0.458008 0.481698 1.0 0.473633 0.475842 1.0
0 0.365234 0.248902 0.03125 0.043924 0.362052 0.241857 1.0 0.374285 0.242157 1.0 0.369071 0.253581 1.0 0.363456 0.263504 1.0 0.371076 0.264105 1.0
0 0.242188 0.464129 0.068359 0.102489 0.224866 0.445278 1.0 0.255942 0.439454 1.0 0.243857 0.458867 1.0 0.235226 0.486045 1.0 0.258964 0.481515 1.0
0 0.146973 0.492679 0.02832 0.051245 0.14719 0.495215 1.0 0.15809 0.497504 1.0 0.157654 0.505673 1.0 0.149589 0.508941 1.0 0.15809 0.509268 1.0
0 0.107422 0.450952 0.033203 0.076135 0.099613 0.442552 1.0 0.115845 0.43969 1.0 0.113617 0.456389 1.0 0.102479 0.475476 1.0 0.119027 0.471659 1.0
0 0.062012 0.456076 0.051758 0.077599 0.049247 0.44269 1.0 0.07244 0.433252 1.0 0.0625 0.448652 1.0 0.056536 0.471999 1.0 0.075422 0.465044 1.0