0 0.193359 0.282486 0.027344 0.070621 0.199219 0.274011 1.0 0.199219 0.274011 1.0 0.205078 0.288136 1.0 0.195312 0.300847 1.0 0.195312 0.300847 1.0
0 0.174316 0.099576 0.020508 0.04661 0.169922 0.09887 1.0 0.170898 0.09887 1.0 0.166016 0.108757 1.0 0.170898 0.112994 1.0 0.170898 0.112994 1.0
0 0.117676 0.122881 0.022461 0.048023 0.125977 0.115819 1.0 0.138672 0.115819 1.0 0.135742 0.125706 1.0 0.129883 0.135593 1.0 0.138672 0.135593 1.0
0 0.049316 0.121469 0.026367 0.042373 0.051758 0.118644 1.0 0.060547 0.118644 1.0 0.056641 0.127119 1.0 0.049805 0.135593 1.0 0.057617 0.135593 1.0
0 0.449707 0.108051 0.022461 0.05226 0.449001 0.100195 1.0 0.457476 0.098492 1.0 0.458653 0.109729 1.0 0.451119 0.120624 1.0 0.457005 0.118921 1.0
0 0.338379 0.088983 0.030273 0.056497 0.0 0.0 0.0 0.0 0.0 0.0 0.0 0.0 0.0 0.0 0.0 0.0 0.0 0.0 0.0
0 0.26416 0.122881 0.02832 0.039548 0.259766 0.115819 1.0 0.271484 0.115819 1.0 0.264648 0.125706 1.0 0.260742 0.131356 1.0 0.270508 0.131356 1.0
0 0.852051 0.117938 0.02832 0.05791 0.0 0.0 0.0 0.0 0.0 0.0 0.0 0.0 0.0 0.0 0.0 0.0 0.0 0.0 0.0
0 0.709473 0.082627 0.02832 0.060734 0.704729 0.077369 1.0 0.717229 0.080831 1.0 0.708984 0.090061 1.0 0.703134 0.095831 1.0 0.713771 0.099292 1.0
0 0.686523 0.113701 0.015625 0.024011 0.0 0.0 0.0 0.0 0.0 0.0 0.0 0.0 0.0 0.0 0.0 0.0 0.0 0.0 0.0
0 0.878418 0.10452 0.022461 0.053672 0.0 0.0 0.0 0.0 0.0 0.0 0.0 0.0 0.0 0.0 0.0 0.0 0.0 0.0 0.0
0 0.995117 0.101695 0.009766 0.059322 0.0 0.0 0.0 0.0 0.0 0.0 0.0 0.0 0.0 0.0 0.0 0.0 0.0 0.0 0.0