0 0.972656 0.083333 0.042969 0.067708 0.969521 0.075482 1.0 0.987051 0.079401 1.0 0.978584 0.086484 1.0 0.969346 0.098255 1.0 0.982246 0.101445 1.0
0 0.868164 0.085286 0.03125 0.061198 0.86271 0.079311 1.0 0.879067 0.079311 1.0 0.873226 0.087879 1.0 0.865339 0.1019 1.0 0.876438 0.10151 1.0
0 0.819824 0.067057 0.036133 0.058594 0.81822 0.061198 1.0 0.83245 0.062686 1.0 0.824079 0.073475 1.0 0.81236 0.079799 1.0 0.826312 0.082404 1.0
0 0.780273 0.085938 0.042969 0.065104 0.771737 0.075794 1.0 0.792785 0.07662 1.0 0.784119 0.08735 1.0 0.776689 0.10262 1.0 0.788143 0.102208 1.0
0 0.701172 0.097656 0.044922 0.059896 0.699141 0.08907 1.0 0.717276 0.091716 1.0 0.708492 0.101539 1.0 0.699141 0.112496 1.0 0.71331 0.114008 1.0
0 0.567871 0.092448 0.036133 0.065104 0.563049 0.088082 1.0 0.580383 0.090559 1.0 0.572335 0.097987 1.0 0.564906 0.111607 1.0 0.575121 0.11202 1.0
0 0.571289 0.020833 0.037109 0.041667 0.0 0.0 0.0 0.0 0.0 0.0 0.0 0.0 0.0 0.0 0.0 0.0 0.0 0.0 0.0
0 0.498047 0.089193 0.037109 0.082031 0.0 0.0 0.0 0.0 0.0 0.0 0.0 0.0 0.0 0.0 0.0 0.0 0.0 0.0 0.0
0 0.501465 0.019531 0.022461 0.039062 0.0 0.0 0.0 0.0 0.0 0.0 0.0 0.0 0.0 0.0 0.0 0.0 0.0 0.0 0.0
0 0.383789 0.110026 0.039062 0.05599 0.0 0.0 0.0 0.0 0.0 0.0 0.0 0.0 0.0 0.0 0.0 0.0 0.0 0.0 0.0
0 0.393555 0.04362 0.041016 0.058594 0.393346 0.038876 1.0 0.408134 0.033668 1.0 0.402274 0.049665 1.0 0.392229 0.062314 1.0 0.409249 0.058966 1.0
0 0.34375 0.048177 0.029297 0.049479 0.34797 0.035574 1.0 0.357387 0.033691 1.0 0.355739 0.044677 1.0 0.349854 0.059117 1.0 0.35621 0.058176 1.0
0 0.296875 0.101562 0.048828 0.070312 0.305158 0.088775 1.0 0.306483 0.087891 1.0 0.320731 0.103353 1.0 0.308472 0.118815 1.0 0.309466 0.119699 1.0
0 0.108398 0.058594 0.035156 0.065104 0.111315 0.049276 1.0 0.125244 0.048863 1.0 0.126173 0.061245 1.0 0.113791 0.075276 1.0 0.123696 0.073626 1.0
0 0.048828 0.070964 0.037109 0.089844 0.0 0.0 0.0 0.0 0.0 0.0 0.0 0.0 0.0 0.0 0.0 0.0 0.0 0.0 0.0
0 0.948242 0.063151 0.017578 0.048177 0.0 0.0 0.0 0.0 0.0 0.0 0.0 0.0 0.0 0.0 0.0 0.0 0.0 0.0 0.0