0 0.938477 0.042969 0.013672 0.03125 0.0 0.0 0.0 0.0 0.0 0.0 0.0 0.0 0.0 0.0 0.0 0.0 0.0 0.0 0.0
0 0.837402 0.040365 0.022461 0.041667 0.0 0.0 0.0 0.0 0.0 0.0 0.0 0.0 0.0 0.0 0.0 0.0 0.0 0.0 0.0
0 0.609863 0.188151 0.079102 0.06901 0.58701 0.186826 1.0 0.606393 0.1855 1.0 0.598441 0.211344 1.0 0.607387 0.215983 1.0 0.617824 0.210682 1.0
0 0.67041 0.053385 0.026367 0.039062 0.0 0.0 0.0 0.0 0.0 0.0 0.0 0.0 0.0 0.0 0.0 0.0 0.0 0.0 0.0
0 0.613281 0.038411 0.025391 0.03776 0.609396 0.032104 1.0 0.619764 0.032342 1.0 0.613865 0.037824 1.0 0.60886 0.042115 1.0 0.619049 0.044021 1.0
0 0.591797 0.020833 0.017578 0.026042 0.0 0.0 0.0 0.0 0.0 0.0 0.0 0.0 0.0 0.0 0.0 0.0 0.0 0.0 0.0
0 0.552246 0.037109 0.026367 0.029948 0.550716 0.03218 1.0 0.561428 0.031953 1.0 0.555477 0.041475 1.0 0.550036 0.050316 1.0 0.559897 0.05009 1.0
0 0.499023 0.044922 0.025391 0.029948 0.495147 0.039754 1.0 0.505794 0.041475 1.0 0.500471 0.048142 1.0 0.495793 0.055454 1.0 0.503052 0.056745 1.0
0 0.393066 0.047526 0.022461 0.040365 0.390625 0.046875 1.0 0.399414 0.048177 1.0 0.396484 0.053385 1.0 0.389648 0.059896 1.0 0.399414 0.0625 1.0
0 0.366211 0.029948 0.025391 0.033854 0.364755 0.025855 1.0 0.373466 0.025855 1.0 0.36911 0.032307 1.0 0.367175 0.041556 1.0 0.372175 0.040911 1.0
0 0.333496 0.046875 0.024414 0.03125 0.329555 0.042643 1.0 0.341169 0.04348 1.0 0.335676 0.050385 1.0 0.328927 0.052479 1.0 0.339286 0.052687 1.0
0 0.296875 0.013672 0.015625 0.016927 0.0 0.0 0.0 0.0 0.0 0.0 0.0 0.0 0.0 0.0 0.0 0.0 0.0 0.0 0.0
0 0.222656 0.029948 0.03125 0.049479 0.2195 0.02674 1.0 0.231925 0.030227 1.0 0.225167 0.038656 1.0 0.216666 0.046503 1.0 0.228437 0.047375 1.0
0 0.143555 0.01237 0.021484 0.02474 0.145508 0.002604 1.0 0.154297 0.00651 1.0 0.148438 0.00651 1.0 0.140625 0.009115 1.0 0.147461 0.016927 1.0