0 0.462402 0.333455 0.02832 0.02123 0.456848 0.330755 1.0 0.467469 0.330482 1.0 0.463257 0.335697 1.0 0.457397 0.33858 1.0 0.465271 0.338442 1.0
0 0.532715 0.337482 0.022461 0.020498 0.0 0.0 0.0 0.0 0.0 0.0 0.0 0.0 0.0 0.0 0.0 0.0 0.0 0.0 0.0
0 0.446289 0.254758 0.023438 0.026354 0.442383 0.25549 1.0 0.453125 0.25549 1.0 0.448242 0.260615 1.0 0.443359 0.265007 1.0 0.454102 0.265007 1.0
0 0.357422 0.276354 0.023438 0.028551 0.351562 0.273792 1.0 0.365234 0.27306 1.0 0.358398 0.278917 1.0 0.354492 0.284041 1.0 0.364258 0.283309 1.0
0 0.357422 0.33858 0.019531 0.02123 0.354492 0.335286 1.0 0.363281 0.337482 1.0 0.356445 0.341142 1.0 0.361328 0.345534 1.0 0.364258 0.345534 1.0
0 0.378906 0.337848 0.019531 0.018302 0.0 0.0 0.0 0.0 0.0 0.0 0.0 0.0 0.0 0.0 0.0 0.0 0.0 0.0 0.0
0 0.306641 0.345168 0.023438 0.022694 0.302133 0.343407 1.0 0.312923 0.343113 1.0 0.308803 0.347819 1.0 0.304879 0.351643 1.0 0.311746 0.351643 1.0
0 0.494629 0.429722 0.071289 0.086384 0.0 0.0 0.0 0.0 0.0 0.0 0.0 0.0 0.0 0.0 0.0 0.0 0.0 0.0 0.0
0 0.397461 0.342972 0.017578 0.015373 0.0 0.0 0.0 0.0 0.0 0.0 0.0 0.0 0.0 0.0 0.0 0.0 0.0 0.0 0.0
0 0.196777 0.335652 0.024414 0.024158 0.190757 0.331504 1.0 0.202437 0.33089 1.0 0.196494 0.336881 1.0 0.193011 0.341182 1.0 0.201412 0.34072 1.0
0 0.108398 0.347731 0.025391 0.02489 0.102295 0.34272 1.0 0.117248 0.34224 1.0 0.109985 0.346083 1.0 0.104432 0.352329 1.0 0.114686 0.352168 1.0
0 0.008789 0.301245 0.013672 0.013909 0.0 0.0 0.0 0.0 0.0 0.0 0.0 0.0 0.0 0.0 0.0 0.0 0.0 0.0 0.0