0 0.985352 0.151042 0.017578 0.03125 0.0 0.0 0.0 0.0 0.0 0.0 0.0 0.0 0.0 0.0 0.0 0.0 0.0 0.0 0.0
0 0.788086 0.130859 0.023438 0.035156 0.784537 0.127913 1.0 0.792698 0.13018 1.0 0.787428 0.13494 1.0 0.782667 0.141514 1.0 0.789298 0.143102 1.0
0 0.688477 0.136719 0.017578 0.028646 0.68457 0.135417 1.0 0.692383 0.136719 1.0 0.6875 0.139323 1.0 0.683594 0.145833 1.0 0.69043 0.147135 1.0
0 0.632812 0.120443 0.021484 0.035156 0.629582 0.117496 1.0 0.638764 0.118176 1.0 0.634343 0.123389 1.0 0.628562 0.130645 1.0 0.637743 0.131551 1.0
0 0.590332 0.120443 0.022461 0.029948 0.586242 0.112677 1.0 0.595137 0.115048 1.0 0.588763 0.119199 1.0 0.584315 0.12493 1.0 0.592765 0.127302 1.0
0 0.562988 0.11263 0.014648 0.027344 0.0 0.0 0.0 0.0 0.0 0.0 0.0 0.0 0.0 0.0 0.0 0.0 0.0 0.0 0.0
0 0.493164 0.121094 0.021484 0.03125 0.487305 0.115885 1.0 0.498047 0.11849 1.0 0.492188 0.122396 1.0 0.488281 0.128906 1.0 0.494141 0.13151 1.0
0 0.407715 0.113932 0.020508 0.040365 0.408016 0.104521 1.0 0.414686 0.109491 1.0 0.411939 0.113938 1.0 0.402522 0.119169 1.0 0.410763 0.125186 1.0
0 0.38916 0.116536 0.020508 0.035156 0.387312 0.113816 1.0 0.394793 0.116763 1.0 0.392072 0.119937 1.0 0.386632 0.124471 1.0 0.393093 0.127418 1.0
0 0.344238 0.11263 0.024414 0.029948 0.341396 0.108654 1.0 0.351283 0.10991 1.0 0.345319 0.11556 1.0 0.341553 0.121001 1.0 0.348302 0.121629 1.0
0 0.318359 0.083333 0.005859 0.010417 0.0 0.0 0.0 0.0 0.0 0.0 0.0 0.0 0.0 0.0 0.0 0.0 0.0 0.0 0.0
0 0.256348 0.097005 0.024414 0.053385 0.249943 0.091245 1.0 0.261775 0.092273 1.0 0.256631 0.099133 1.0 0.252258 0.108049 1.0 0.259203 0.107707 1.0
0 0.13623 0.065104 0.022461 0.036458 0.133405 0.059849 1.0 0.142822 0.055664 1.0 0.140381 0.066359 1.0 0.138985 0.074962 1.0 0.145438 0.071242 1.0
0 0.07666 0.100911 0.024414 0.03776 0.077148 0.095052 1.0 0.085938 0.097656 1.0 0.081055 0.105469 1.0 0.075195 0.111979 1.0 0.083008 0.113281 1.0
0 0.053223 0.083984 0.018555 0.029948 0.0 0.0 0.0 0.0 0.0 0.0 0.0 0.0 0.0 0.0 0.0 0.0 0.0 0.0 0.0