0 0.962402 0.480245 0.022461 0.047684 0.0 0.0 0.0 0.0 0.0 0.0 0.0 0.0 0.0 0.0 0.0 0.0 0.0 0.0 0.0
0 0.898438 0.478202 0.021484 0.040872 0.893834 0.47336 1.0 0.902274 0.474163 1.0 0.895177 0.48353 1.0 0.893258 0.488614 1.0 0.89978 0.488346 1.0
0 0.831055 0.434605 0.023438 0.038147 0.0 0.0 0.0 0.0 0.0 0.0 0.0 0.0 0.0 0.0 0.0 0.0 0.0 0.0 0.0
0 0.837891 0.396458 0.021484 0.035422 0.83466 0.391501 1.0 0.843693 0.391726 1.0 0.838209 0.397802 1.0 0.834982 0.404328 1.0 0.842564 0.404553 1.0
0 0.887207 0.401226 0.020508 0.03951 0.0 0.0 0.0 0.0 0.0 0.0 0.0 0.0 0.0 0.0 0.0 0.0 0.0 0.0 0.0
0 0.937012 0.399183 0.018555 0.040872 0.930899 0.396409 1.0 0.94046 0.395886 1.0 0.934836 0.403208 1.0 0.932774 0.408702 1.0 0.938773 0.408178 1.0
0 0.968262 0.416894 0.018555 0.040872 0.0 0.0 0.0 0.0 0.0 0.0 0.0 0.0 0.0 0.0 0.0 0.0 0.0 0.0 0.0
0 0.975586 0.31812 0.015625 0.036785 0.971122 0.313741 1.0 0.97692 0.314435 1.0 0.972281 0.32183 1.0 0.970956 0.326914 1.0 0.975761 0.327377 1.0
0 0.933594 0.310627 0.017578 0.038147 0.0 0.0 0.0 0.0 0.0 0.0 0.0 0.0 0.0 0.0 0.0 0.0 0.0 0.0 0.0
0 0.881836 0.317439 0.019531 0.035422 0.0 0.0 0.0 0.0 0.0 0.0 0.0 0.0 0.0 0.0 0.0 0.0 0.0 0.0 0.0
0 0.866699 0.356948 0.020508 0.038147 0.0 0.0 0.0 0.0 0.0 0.0 0.0 0.0 0.0 0.0 0.0 0.0 0.0 0.0 0.0
0 0.810059 0.359673 0.018555 0.038147 0.0 0.0 0.0 0.0 0.0 0.0 0.0 0.0 0.0 0.0 0.0 0.0 0.0 0.0 0.0
0 0.81543 0.24455 0.021484 0.036785 0.80971 0.244113 1.0 0.817034 0.243383 1.0 0.8125 0.250925 1.0 0.811104 0.257007 1.0 0.81529 0.256277 1.0
0 0.875488 0.237057 0.018555 0.040872 0.87091 0.232886 1.0 0.880066 0.23314 1.0 0.875122 0.240804 1.0 0.872559 0.247191 1.0 0.878602 0.247191 1.0
0 0.937988 0.247956 0.024414 0.046322 0.933014 0.246083 1.0 0.942413 0.246083 1.0 0.938354 0.256215 1.0 0.93515 0.261879 1.0 0.942413 0.262177 1.0
0 0.822266 0.333787 0.023438 0.043597 0.0 0.0 0.0 0.0 0.0 0.0 0.0 0.0 0.0 0.0 0.0 0.0 0.0 0.0 0.0
0 0.769531 0.401226 0.019531 0.044959 0.0 0.0 0.0 0.0 0.0 0.0 0.0 0.0 0.0 0.0 0.0 0.0 0.0 0.0 0.0
0 0.789062 0.394414 0.017578 0.031335 0.0 0.0 0.0 0.0 0.0 0.0 0.0 0.0 0.0 0.0 0.0 0.0 0.0 0.0 0.0
0 0.953125 0.061989 0.019531 0.036785 0.948727 0.059678 1.0 0.956547 0.059203 1.0 0.952977 0.067505 1.0 0.950597 0.073436 1.0 0.956547 0.072486 1.0
0 0.977539 0.195504 0.021484 0.036785 0.973969 0.192244 1.0 0.98264 0.19177 1.0 0.97856 0.196514 1.0 0.974818 0.202681 1.0 0.98179 0.202444 1.0
0 0.978027 0.149183 0.018555 0.02861 0.0 0.0 0.0 0.0 0.0 0.0 0.0 0.0 0.0 0.0 0.0 0.0 0.0 0.0 0.0
0 0.932129 0.20436 0.018555 0.035422 0.0 0.0 0.0 0.0 0.0 0.0 0.0 0.0 0.0 0.0 0.0 0.0 0.0 0.0 0.0
0 0.922363 0.151226 0.020508 0.038147 0.0 0.0 0.0 0.0 0.0 0.0 0.0 0.0 0.0 0.0 0.0 0.0 0.0 0.0 0.0
0 0.91748 0.102861 0.016602 0.025886 0.0 0.0 0.0 0.0 0.0 0.0 0.0 0.0 0.0 0.0 0.0 0.0 0.0 0.0 0.0
0 0.881836 0.183243 0.017578 0.03406 0.0 0.0 0.0 0.0 0.0 0.0 0.0 0.0 0.0 0.0 0.0 0.0 0.0 0.0 0.0
0 0.854004 0.154632 0.018555 0.02861 0.0 0.0 0.0 0.0 0.0 0.0 0.0 0.0 0.0 0.0 0.0 0.0 0.0 0.0 0.0
0 0.816406 0.19891 0.019531 0.035422 0.0 0.0 0.0 0.0 0.0 0.0 0.0 0.0 0.0 0.0 0.0 0.0 0.0 0.0 0.0
0 0.814453 0.144414 0.017578 0.032698 0.0 0.0 0.0 0.0 0.0 0.0 0.0 0.0 0.0 0.0 0.0 0.0 0.0 0.0 0.0
0 0.81543 0.099455 0.017578 0.035422 0.0 0.0 0.0 0.0 0.0 0.0 0.0 0.0 0.0 0.0 0.0 0.0 0.0 0.0 0.0
0 0.866699 0.090599 0.016602 0.031335 0.0 0.0 0.0 0.0 0.0 0.0 0.0 0.0 0.0 0.0 0.0 0.0 0.0 0.0 0.0
0 0.893555 0.061989 0.021484 0.036785 0.0 0.0 0.0 0.0 0.0 0.0 0.0 0.0 0.0 0.0 0.0 0.0 0.0 0.0 0.0
0 0.886719 0.019074 0.017578 0.029973 0.0 0.0 0.0 0.0 0.0 0.0 0.0 0.0 0.0 0.0 0.0 0.0 0.0 0.0 0.0
0 0.917969 0.016349 0.019531 0.032698 0.0 0.0 0.0 0.0 0.0 0.0 0.0 0.0 0.0 0.0 0.0 0.0 0.0 0.0 0.0
0 0.837402 0.048365 0.020508 0.03951 0.0 0.0 0.0 0.0 0.0 0.0 0.0 0.0 0.0 0.0 0.0 0.0 0.0 0.0 0.0
0 0.82373 0.01703 0.016602 0.03406 0.0 0.0 0.0 0.0 0.0 0.0 0.0 0.0 0.0 0.0 0.0 0.0 0.0 0.0 0.0
0 0.760742 0.259537 0.019531 0.031335 0.0 0.0 0.0 0.0 0.0 0.0 0.0 0.0 0.0 0.0 0.0 0.0 0.0 0.0 0.0
0 0.776367 0.197548 0.017578 0.032698 0.0 0.0 0.0 0.0 0.0 0.0 0.0 0.0 0.0 0.0 0.0 0.0 0.0 0.0 0.0
0 0.763184 0.137602 0.020508 0.035422 0.0 0.0 0.0 0.0 0.0 0.0 0.0 0.0 0.0 0.0 0.0 0.0 0.0 0.0 0.0
0 0.753906 0.094687 0.017578 0.03951 0.749695 0.092728 1.0 0.758117 0.092473 1.0 0.752625 0.101924 1.0 0.75061 0.107545 1.0 0.756287 0.107545 1.0
0 0.793945 0.060627 0.015625 0.03406 0.0 0.0 0.0 0.0 0.0 0.0 0.0 0.0 0.0 0.0 0.0 0.0 0.0 0.0 0.0
0 0.736328 0.047684 0.021484 0.040872 0.0 0.0 0.0 0.0 0.0 0.0 0.0 0.0 0.0 0.0 0.0 0.0 0.0 0.0 0.0
0 0.72998 0.01703 0.014648 0.02861 0.0 0.0 0.0 0.0 0.0 0.0 0.0 0.0 0.0 0.0 0.0 0.0 0.0 0.0 0.0
0 0.694824 0.049728 0.016602 0.03406 0.0 0.0 0.0 0.0 0.0 0.0 0.0 0.0 0.0 0.0 0.0 0.0 0.0 0.0 0.0
0 0.707031 0.111717 0.021484 0.040872 0.0 0.0 0.0 0.0 0.0 0.0 0.0 0.0 0.0 0.0 0.0 0.0 0.0 0.0 0.0
0 0.723633 0.152589 0.019531 0.038147 0.0 0.0 0.0 0.0 0.0 0.0 0.0 0.0 0.0 0.0 0.0 0.0 0.0 0.0 0.0
0 0.720215 0.198229 0.022461 0.03951 0.713379 0.198313 1.0 0.724731 0.194482 1.0 0.720154 0.205211 1.0 0.71759 0.212619 1.0 0.725098 0.209809 1.0
0 0.723633 0.247956 0.019531 0.038147 0.0 0.0 0.0 0.0 0.0 0.0 0.0 0.0 0.0 0.0 0.0 0.0 0.0 0.0 0.0
0 0.671387 0.247275 0.022461 0.036785 0.0 0.0 0.0 0.0 0.0 0.0 0.0 0.0 0.0 0.0 0.0 0.0 0.0 0.0 0.0
0 0.67334 0.194823 0.022461 0.032698 0.0 0.0 0.0 0.0 0.0 0.0 0.0 0.0 0.0 0.0 0.0 0.0 0.0 0.0 0.0
0 0.663086 0.145777 0.019531 0.040872 0.0 0.0 0.0 0.0 0.0 0.0 0.0 0.0 0.0 0.0 0.0 0.0 0.0 0.0 0.0
0 0.654297 0.099455 0.017578 0.032698 0.0 0.0 0.0 0.0 0.0 0.0 0.0 0.0 0.0 0.0 0.0 0.0 0.0 0.0 0.0
0 0.64209 0.061989 0.020508 0.036785 0.0 0.0 0.0 0.0 0.0 0.0 0.0 0.0 0.0 0.0 0.0 0.0 0.0 0.0 0.0
0 0.62207 0.239101 0.019531 0.03951 0.616455 0.236887 1.0 0.622498 0.236887 1.0 0.619019 0.244294 1.0 0.616089 0.249916 1.0 0.621766 0.25017 1.0
0 0.624512 0.196866 0.014648 0.03951 0.0 0.0 0.0 0.0 0.0 0.0 0.0 0.0 0.0 0.0 0.0 0.0 0.0 0.0 0.0
0 0.612305 0.155313 0.019531 0.038147 0.0 0.0 0.0 0.0 0.0 0.0 0.0 0.0 0.0 0.0 0.0 0.0 0.0 0.0 0.0
0 0.724609 0.462534 0.023438 0.044959 0.722277 0.458599 1.0 0.723302 0.458599 1.0 0.71654 0.468033 1.0 0.721048 0.473177 1.0 0.721662 0.473177 1.0
0 0.754395 0.467302 0.02832 0.046322 0.0 0.0 0.0 0.0 0.0 0.0 0.0 0.0 0.0 0.0 0.0 0.0 0.0 0.0 0.0
0 0.714844 0.397139 0.019531 0.03951 0.0 0.0 0.0 0.0 0.0 0.0 0.0 0.0 0.0 0.0 0.0 0.0 0.0 0.0 0.0
0 0.723633 0.356948 0.017578 0.035422 0.0 0.0 0.0 0.0 0.0 0.0 0.0 0.0 0.0 0.0 0.0 0.0 0.0 0.0 0.0
0 0.721191 0.314714 0.016602 0.032698 0.0 0.0 0.0 0.0 0.0 0.0 0.0 0.0 0.0 0.0 0.0 0.0 0.0 0.0 0.0
0 0.760254 0.307902 0.018555 0.040872 0.0 0.0 0.0 0.0 0.0 0.0 0.0 0.0 0.0 0.0 0.0 0.0 0.0 0.0 0.0
0 0.742676 0.321526 0.010742 0.024523 0.0 0.0 0.0 0.0 0.0 0.0 0.0 0.0 0.0 0.0 0.0 0.0 0.0 0.0 0.0
0 0.678711 0.353542 0.017578 0.036785 0.0 0.0 0.0 0.0 0.0 0.0 0.0 0.0 0.0 0.0 0.0 0.0 0.0 0.0 0.0
0 0.666016 0.317439 0.017578 0.035422 0.0 0.0 0.0 0.0 0.0 0.0 0.0 0.0 0.0 0.0 0.0 0.0 0.0 0.0 0.0
0 0.666016 0.397139 0.017578 0.03951 0.0 0.0 0.0 0.0 0.0 0.0 0.0 0.0 0.0 0.0 0.0 0.0 0.0 0.0 0.0
0 0.586914 0.4203 0.021484 0.042234 0.0 0.0 0.0 0.0 0.0 0.0 0.0 0.0 0.0 0.0 0.0 0.0 0.0 0.0 0.0
0 0.580078 0.358311 0.023438 0.043597 0.573412 0.35544 1.0 0.582633 0.354345 1.0 0.578121 0.364471 1.0 0.575963 0.371041 1.0 0.581456 0.370219 1.0
0 0.619629 0.314033 0.020508 0.036785 0.0 0.0 0.0 0.0 0.0 0.0 0.0 0.0 0.0 0.0 0.0 0.0 0.0 0.0 0.0
0 0.57373 0.251362 0.020508 0.03951 0.0 0.0 0.0 0.0 0.0 0.0 0.0 0.0 0.0 0.0 0.0 0.0 0.0 0.0 0.0
0 0.539062 0.412125 0.027344 0.047684 0.0 0.0 0.0 0.0 0.0 0.0 0.0 0.0 0.0 0.0 0.0 0.0 0.0 0.0 0.0
0 0.514648 0.354905 0.023438 0.042234 0.0 0.0 0.0 0.0 0.0 0.0 0.0 0.0 0.0 0.0 0.0 0.0 0.0 0.0 0.0
0 0.477539 0.406676 0.021484 0.042234 0.0 0.0 0.0 0.0 0.0 0.0 0.0 0.0 0.0 0.0 0.0 0.0 0.0 0.0 0.0
0 0.469238 0.36376 0.022461 0.038147 0.0 0.0 0.0 0.0 0.0 0.0 0.0 0.0 0.0 0.0 0.0 0.0 0.0 0.0 0.0
0 0.513184 0.313351 0.020508 0.038147 0.0 0.0 0.0 0.0 0.0 0.0 0.0 0.0 0.0 0.0 0.0 0.0 0.0 0.0 0.0
0 0.557617 0.309264 0.021484 0.035422 0.0 0.0 0.0 0.0 0.0 0.0 0.0 0.0 0.0 0.0 0.0 0.0 0.0 0.0 0.0
0 0.522949 0.251362 0.018555 0.03406 0.0 0.0 0.0 0.0 0.0 0.0 0.0 0.0 0.0 0.0 0.0 0.0 0.0 0.0 0.0
0 0.458008 0.252044 0.019531 0.038147 0.0 0.0 0.0 0.0 0.0 0.0 0.0 0.0 0.0 0.0 0.0 0.0 0.0 0.0 0.0
0 0.405273 0.254087 0.023438 0.042234 0.397583 0.253673 1.0 0.405256 0.247251 1.0 0.403529 0.260097 1.0 0.400844 0.269999 1.0 0.410243 0.268928 1.0
0 0.452637 0.207084 0.016602 0.029973 0.0 0.0 0.0 0.0 0.0 0.0 0.0 0.0 0.0 0.0 0.0 0.0 0.0 0.0 0.0
0 0.516602 0.196866 0.021484 0.03951 0.0 0.0 0.0 0.0 0.0 0.0 0.0 0.0 0.0 0.0 0.0 0.0 0.0 0.0 0.0
0 0.583008 0.194823 0.023438 0.043597 0.0 0.0 0.0 0.0 0.0 0.0 0.0 0.0 0.0 0.0 0.0 0.0 0.0 0.0 0.0
0 0.435059 0.190736 0.024414 0.043597 0.0 0.0 0.0 0.0 0.0 0.0 0.0 0.0 0.0 0.0 0.0 0.0 0.0 0.0 0.0
0 0.491211 0.16485 0.021484 0.046322 0.0 0.0 0.0 0.0 0.0 0.0 0.0 0.0 0.0 0.0 0.0 0.0 0.0 0.0 0.0
0 0.520996 0.14782 0.018555 0.036785 0.0 0.0 0.0 0.0 0.0 0.0 0.0 0.0 0.0 0.0 0.0 0.0 0.0 0.0 0.0
0 0.554199 0.14782 0.018555 0.036785 0.0 0.0 0.0 0.0 0.0 0.0 0.0 0.0 0.0 0.0 0.0 0.0 0.0 0.0 0.0
0 0.55127 0.102861 0.018555 0.031335 0.0 0.0 0.0 0.0 0.0 0.0 0.0 0.0 0.0 0.0 0.0 0.0 0.0 0.0 0.0
0 0.600586 0.104905 0.021484 0.035422 0.594308 0.101693 1.0 0.60077 0.102155 1.0 0.596627 0.10932 1.0 0.594971 0.113711 1.0 0.600106 0.114405 1.0
0 0.591309 0.059946 0.020508 0.032698 0.0 0.0 0.0 0.0 0.0 0.0 0.0 0.0 0.0 0.0 0.0 0.0 0.0 0.0 0.0
0 0.547852 0.053815 0.017578 0.036785 0.540732 0.047471 1.0 0.548554 0.046285 1.0 0.543793 0.05435 1.0 0.542263 0.060755 1.0 0.547533 0.060281 1.0
0 0.528809 0.020436 0.016602 0.029973 0.0 0.0 0.0 0.0 0.0 0.0 0.0 0.0 0.0 0.0 0.0 0.0 0.0 0.0 0.0
0 0.503418 0.060627 0.018555 0.03406 0.0 0.0 0.0 0.0 0.0 0.0 0.0 0.0 0.0 0.0 0.0 0.0 0.0 0.0 0.0
0 0.48584 0.106267 0.016602 0.043597 0.0 0.0 0.0 0.0 0.0 0.0 0.0 0.0 0.0 0.0 0.0 0.0 0.0 0.0 0.0
0 0.44043 0.093324 0.021484 0.03951 0.0 0.0 0.0 0.0 0.0 0.0 0.0 0.0 0.0 0.0 0.0 0.0 0.0 0.0 0.0
0 0.444336 0.143733 0.017578 0.03951 0.0 0.0 0.0 0.0 0.0 0.0 0.0 0.0 0.0 0.0 0.0 0.0 0.0 0.0 0.0
0 0.473633 0.01703 0.019531 0.03406 0.0 0.0 0.0 0.0 0.0 0.0 0.0 0.0 0.0 0.0 0.0 0.0 0.0 0.0 0.0
0 0.45166 0.081063 0.018555 0.036785 0.0 0.0 0.0 0.0 0.0 0.0 0.0 0.0 0.0 0.0 0.0 0.0 0.0 0.0 0.0
0 0.363281 0.194142 0.017578 0.03951 0.0 0.0 0.0 0.0 0.0 0.0 0.0 0.0 0.0 0.0 0.0 0.0 0.0 0.0 0.0
0 0.309082 0.197548 0.018555 0.038147 0.0 0.0 0.0 0.0 0.0 0.0 0.0 0.0 0.0 0.0 0.0 0.0 0.0 0.0 0.0
0 0.352051 0.05109 0.020508 0.036785 0.0 0.0 0.0 0.0 0.0 0.0 0.0 0.0 0.0 0.0 0.0 0.0 0.0 0.0 0.0
0 0.393555 0.064714 0.019531 0.03951 0.0 0.0 0.0 0.0 0.0 0.0 0.0 0.0 0.0 0.0 0.0 0.0 0.0 0.0 0.0
0 0.378418 0.014986 0.016602 0.029973 0.0 0.0 0.0 0.0 0.0 0.0 0.0 0.0 0.0 0.0 0.0 0.0 0.0 0.0 0.0
0 0.419922 0.014986 0.017578 0.029973 0.0 0.0 0.0 0.0 0.0 0.0 0.0 0.0 0.0 0.0 0.0 0.0 0.0 0.0 0.0
0 0.298828 0.05109 0.019531 0.042234 0.0 0.0 0.0 0.0 0.0 0.0 0.0 0.0 0.0 0.0 0.0 0.0 0.0 0.0 0.0
0 0.271484 0.410763 0.017578 0.036785 0.0 0.0 0.0 0.0 0.0 0.0 0.0 0.0 0.0 0.0 0.0 0.0 0.0 0.0 0.0
0 0.219238 0.472752 0.020508 0.043597 0.213823 0.472192 1.0 0.223249 0.470793 1.0 0.218437 0.481985 1.0 0.215027 0.487301 1.0 0.222246 0.486741 1.0
0 0.157715 0.452316 0.020508 0.040872 0.0 0.0 0.0 0.0 0.0 0.0 0.0 0.0 0.0 0.0 0.0 0.0 0.0 0.0 0.0
0 0.096191 0.464578 0.022461 0.043597 0.0 0.0 0.0 0.0 0.0 0.0 0.0 0.0 0.0 0.0 0.0 0.0 0.0 0.0 0.0
0 0.045898 0.399183 0.023438 0.040872 0.0 0.0 0.0 0.0 0.0 0.0 0.0 0.0 0.0 0.0 0.0 0.0 0.0 0.0 0.0
0 0.041504 0.360354 0.020508 0.03951 0.0 0.0 0.0 0.0 0.0 0.0 0.0 0.0 0.0 0.0 0.0 0.0 0.0 0.0 0.0
0 0.099609 0.363079 0.017578 0.036785 0.09416 0.364016 1.0 0.102774 0.363785 1.0 0.098302 0.374416 1.0 0.095154 0.37927 1.0 0.102608 0.379038 1.0
0 0.164551 0.414169 0.018555 0.032698 0.0 0.0 0.0 0.0 0.0 0.0 0.0 0.0 0.0 0.0 0.0 0.0 0.0 0.0 0.0
0 0.217285 0.416213 0.022461 0.042234 0.0 0.0 0.0 0.0 0.0 0.0 0.0 0.0 0.0 0.0 0.0 0.0 0.0 0.0 0.0
0 0.208496 0.365804 0.022461 0.03951 0.0 0.0 0.0 0.0 0.0 0.0 0.0 0.0 0.0 0.0 0.0 0.0 0.0 0.0 0.0
0 0.176758 0.373297 0.025391 0.040872 0.0 0.0 0.0 0.0 0.0 0.0 0.0 0.0 0.0 0.0 0.0 0.0 0.0 0.0 0.0
0 0.139648 0.311989 0.019531 0.043597 0.0 0.0 0.0 0.0 0.0 0.0 0.0 0.0 0.0 0.0 0.0 0.0 0.0 0.0 0.0
0 0.147461 0.258856 0.019531 0.032698 0.0 0.0 0.0 0.0 0.0 0.0 0.0 0.0 0.0 0.0 0.0 0.0 0.0 0.0 0.0
0 0.077148 0.31267 0.021484 0.044959 0.072436 0.310736 1.0 0.081042 0.30845 1.0 0.075919 0.317311 1.0 0.074484 0.324172 1.0 0.080018 0.323313 1.0
0 0.046387 0.253406 0.018555 0.038147 0.0 0.0 0.0 0.0 0.0 0.0 0.0 0.0 0.0 0.0 0.0 0.0 0.0 0.0 0.0
0 0.100586 0.245232 0.019531 0.038147 0.096087 0.23949 1.0 0.098354 0.240707 1.0 0.093646 0.245328 1.0 0.095215 0.255546 1.0 0.096959 0.255304 1.0
0 0.204102 0.24455 0.017578 0.036785 0.0 0.0 0.0 0.0 0.0 0.0 0.0 0.0 0.0 0.0 0.0 0.0 0.0 0.0 0.0
0 0.219727 0.324932 0.017578 0.03951 0.0 0.0 0.0 0.0 0.0 0.0 0.0 0.0 0.0 0.0 0.0 0.0 0.0 0.0 0.0
0 0.066895 0.206403 0.016602 0.042234 0.0 0.0 0.0 0.0 0.0 0.0 0.0 0.0 0.0 0.0 0.0 0.0 0.0 0.0 0.0
0 0.113281 0.189373 0.017578 0.040872 0.0 0.0 0.0 0.0 0.0 0.0 0.0 0.0 0.0 0.0 0.0 0.0 0.0 0.0 0.0
0 0.163574 0.206403 0.016602 0.03406 0.0 0.0 0.0 0.0 0.0 0.0 0.0 0.0 0.0 0.0 0.0 0.0 0.0 0.0 0.0
0 0.21875 0.197548 0.015625 0.038147 0.0 0.0 0.0 0.0 0.0 0.0 0.0 0.0 0.0 0.0 0.0 0.0 0.0 0.0 0.0
0 0.234375 0.100136 0.019531 0.036785 0.0 0.0 0.0 0.0 0.0 0.0 0.0 0.0 0.0 0.0 0.0 0.0 0.0 0.0 0.0
0 0.28125 0.095368 0.019531 0.040872 0.0 0.0 0.0 0.0 0.0 0.0 0.0 0.0 0.0 0.0 0.0 0.0 0.0 0.0 0.0
0 0.240234 0.046322 0.017578 0.038147 0.0 0.0 0.0 0.0 0.0 0.0 0.0 0.0 0.0 0.0 0.0 0.0 0.0 0.0 0.0
0 0.196289 0.059264 0.019531 0.031335 0.190805 0.052379 1.0 0.196289 0.050312 1.0 0.194511 0.057756 1.0 0.194214 0.065614 1.0 0.199105 0.064787 1.0
0 0.22168 0.015668 0.021484 0.031335 0.0 0.0 0.0 0.0 0.0 0.0 0.0 0.0 0.0 0.0 0.0 0.0 0.0 0.0 0.0
0 0.168945 0.013624 0.019531 0.027248 0.0 0.0 0.0 0.0 0.0 0.0 0.0 0.0 0.0 0.0 0.0 0.0 0.0 0.0 0.0
0 0.126953 0.058583 0.019531 0.040872 0.0 0.0 0.0 0.0 0.0 0.0 0.0 0.0 0.0 0.0 0.0 0.0 0.0 0.0 0.0
0 0.125488 0.10218 0.018555 0.032698 0.122881 0.097302 1.0 0.129106 0.097302 1.0 0.125994 0.103298 1.0 0.123919 0.109296 1.0 0.129403 0.109917 1.0
0 0.169434 0.091962 0.018555 0.042234 0.0 0.0 0.0 0.0 0.0 0.0 0.0 0.0 0.0 0.0 0.0 0.0 0.0 0.0 0.0
0 0.07666 0.110354 0.018555 0.035422 0.0 0.0 0.0 0.0 0.0 0.0 0.0 0.0 0.0 0.0 0.0 0.0 0.0 0.0 0.0
0 0.086426 0.150545 0.018555 0.036785 0.0 0.0 0.0 0.0 0.0 0.0 0.0 0.0 0.0 0.0 0.0 0.0 0.0 0.0 0.0
0 0.04248 0.155995 0.018555 0.03951 0.039123 0.154802 1.0 0.048279 0.155057 1.0 0.043885 0.159911 1.0 0.039673 0.16502 1.0 0.046447 0.165531 1.0
0 0.025879 0.102861 0.020508 0.042234 0.0 0.0 0.0 0.0 0.0 0.0 0.0 0.0 0.0 0.0 0.0 0.0 0.0 0.0 0.0
0 0.040039 0.059946 0.015625 0.035422 0.0 0.0 0.0 0.0 0.0 0.0 0.0 0.0 0.0 0.0 0.0 0.0 0.0 0.0 0.0
0 0.092773 0.073569 0.017578 0.038147 0.0 0.0 0.0 0.0 0.0 0.0 0.0 0.0 0.0 0.0 0.0 0.0 0.0 0.0 0.0
0 0.11084 0.019074 0.018555 0.035422 0.0 0.0 0.0 0.0 0.0 0.0 0.0 0.0 0.0 0.0 0.0 0.0 0.0 0.0 0.0
0 0.083008 0.017711 0.017578 0.035422 0.0 0.0 0.0 0.0 0.0 0.0 0.0 0.0 0.0 0.0 0.0 0.0 0.0 0.0 0.0
0 0.009277 0.412125 0.018555 0.03406 0.0 0.0 0.0 0.0 0.0 0.0 0.0 0.0 0.0 0.0 0.0 0.0 0.0 0.0 0.0
0 0.013184 0.309264 0.018555 0.035422 0.0 0.0 0.0 0.0 0.0 0.0 0.0 0.0 0.0 0.0 0.0 0.0 0.0 0.0 0.0
0 0.015137 0.19891 0.014648 0.029973 0.0 0.0 0.0 0.0 0.0 0.0 0.0 0.0 0.0 0.0 0.0 0.0 0.0 0.0 0.0
0 0.108887 0.409401 0.020508 0.036785 0.101938 0.401786 1.0 0.113037 0.403403 1.0 0.105582 0.413572 1.0 0.102104 0.416346 1.0 0.108896 0.416578 1.0
0 0.616211 0.422343 0.021484 0.043597 0.0 0.0 0.0 0.0 0.0 0.0 0.0 0.0 0.0 0.0 0.0 0.0 0.0 0.0 0.0