0 0.995117 0.23112 0.009766 0.045573 0.0 0.0 0.0 0.0 0.0 0.0 0.0 0.0 0.0 0.0 0.0 0.0 0.0 0.0 0.0
0 0.913574 0.216797 0.018555 0.029948 0.907009 0.212589 1.0 0.908194 0.211798 1.0 0.906563 0.224051 1.0 0.913086 0.225435 1.0 0.914864 0.224249 1.0
0 0.850586 0.324219 0.025391 0.039062 0.843506 0.320232 1.0 0.853943 0.319499 1.0 0.847352 0.325846 1.0 0.844971 0.336833 1.0 0.852295 0.335857 1.0
0 0.850098 0.150391 0.016602 0.02474 0.0 0.0 0.0 0.0 0.0 0.0 0.0 0.0 0.0 0.0 0.0 0.0 0.0 0.0 0.0
0 0.822266 0.145182 0.011719 0.022135 0.0 0.0 0.0 0.0 0.0 0.0 0.0 0.0 0.0 0.0 0.0 0.0 0.0 0.0 0.0
0 0.830078 0.25 0.009766 0.023438 0.0 0.0 0.0 0.0 0.0 0.0 0.0 0.0 0.0 0.0 0.0 0.0 0.0 0.0 0.0
0 0.810547 0.3125 0.017578 0.036458 0.0 0.0 0.0 0.0 0.0 0.0 0.0 0.0 0.0 0.0 0.0 0.0 0.0 0.0 0.0
0 0.783691 0.329427 0.018555 0.036458 0.782667 0.323882 1.0 0.790531 0.324596 1.0 0.789638 0.331746 1.0 0.784097 0.338419 1.0 0.789459 0.337943 1.0
0 0.777832 0.227214 0.010742 0.02474 0.0 0.0 0.0 0.0 0.0 0.0 0.0 0.0 0.0 0.0 0.0 0.0 0.0 0.0 0.0
0 0.717773 0.253255 0.009766 0.019531 0.0 0.0 0.0 0.0 0.0 0.0 0.0 0.0 0.0 0.0 0.0 0.0 0.0 0.0 0.0
0 0.87793 0.307292 0.015625 0.026042 0.0 0.0 0.0 0.0 0.0 0.0 0.0 0.0 0.0 0.0 0.0 0.0 0.0 0.0 0.0
0 0.600586 0.332031 0.019531 0.03125 0.0 0.0 0.0 0.0 0.0 0.0 0.0 0.0 0.0 0.0 0.0 0.0 0.0 0.0 0.0
0 0.554688 0.327474 0.046875 0.05599 0.549561 0.325637 1.0 0.565569 0.327613 1.0 0.556676 0.345401 1.0 0.548078 0.353306 1.0 0.55964 0.350539 1.0
0 0.487793 0.208333 0.022461 0.039062 0.0 0.0 0.0 0.0 0.0 0.0 0.0 0.0 0.0 0.0 0.0 0.0 0.0 0.0 0.0
0 0.442383 0.216797 0.023438 0.045573 0.0 0.0 0.0 0.0 0.0 0.0 0.0 0.0 0.0 0.0 0.0 0.0 0.0 0.0 0.0
0 0.390137 0.235026 0.020508 0.040365 0.0 0.0 0.0 0.0 0.0 0.0 0.0 0.0 0.0 0.0 0.0 0.0 0.0 0.0 0.0
0 0.350586 0.23112 0.025391 0.027344 0.0 0.0 0.0 0.0 0.0 0.0 0.0 0.0 0.0 0.0 0.0 0.0 0.0 0.0 0.0
0 0.239258 0.23763 0.019531 0.035156 0.235779 0.235212 1.0 0.245388 0.236316 1.0 0.240418 0.242501 1.0 0.235447 0.247141 1.0 0.245057 0.247582 1.0
0 0.166504 0.225911 0.024414 0.035156 0.160575 0.220302 1.0 0.172307 0.220302 1.0 0.166016 0.229596 1.0 0.161935 0.234585 1.0 0.170776 0.234358 1.0
0 0.177734 0.188151 0.023438 0.035156 0.0 0.0 0.0 0.0 0.0 0.0 0.0 0.0 0.0 0.0 0.0 0.0 0.0 0.0 0.0
0 0.081055 0.203776 0.021484 0.03776 0.0 0.0 0.0 0.0 0.0 0.0 0.0 0.0 0.0 0.0 0.0 0.0 0.0 0.0 0.0