0 0.955566 0.158626 0.018555 0.030702 0.953674 0.156759 1.0 0.960161 0.156759 1.0 0.956783 0.163031 1.0 0.952458 0.166066 1.0 0.960026 0.167281 1.0
0 0.905762 0.166667 0.014648 0.02924 0.905273 0.162281 1.0 0.912109 0.162281 1.0 0.90918 0.168129 1.0 0.905273 0.172515 1.0 0.911133 0.172515 1.0
0 0.821777 0.175439 0.018555 0.038012 0.81839 0.175915 1.0 0.826133 0.177846 1.0 0.821455 0.185575 1.0 0.817422 0.188956 1.0 0.822745 0.190887 1.0
0 0.825684 0.050439 0.012695 0.024854 0.823242 0.045322 1.0 0.829102 0.045322 1.0 0.827148 0.049708 1.0 0.824219 0.055556 1.0 0.829102 0.055556 1.0
0 0.715332 0.154971 0.018555 0.040936 0.710911 0.151029 1.0 0.718419 0.152635 1.0 0.713593 0.158789 1.0 0.710911 0.16414 1.0 0.71681 0.164943 1.0
0 0.76416 0.093567 0.014648 0.032164 0.760603 0.090225 1.0 0.767718 0.090225 1.0 0.763253 0.098371 1.0 0.760882 0.102339 1.0 0.766044 0.102757 1.0
0 0.73291 0.127924 0.010742 0.02193 0.729492 0.125731 1.0 0.733398 0.127193 1.0 0.729492 0.131579 1.0 0.728516 0.134503 1.0 0.731445 0.134503 1.0
0 0.706055 0.089912 0.017578 0.039474 0.702148 0.086257 1.0 0.709961 0.086257 1.0 0.706055 0.095029 1.0 0.703125 0.100877 1.0 0.708008 0.100877 1.0
0 0.644531 0.173977 0.019531 0.038012 0.638567 0.169016 1.0 0.647348 0.16852 1.0 0.642378 0.176456 1.0 0.640059 0.180921 1.0 0.647182 0.18117 1.0
0 0.592285 0.187135 0.018555 0.040936 0.59082 0.184211 1.0 0.597656 0.184211 1.0 0.594727 0.190058 1.0 0.591797 0.197368 1.0 0.598633 0.197368 1.0
0 0.509277 0.434211 0.024414 0.052632 0.509456 0.431149 1.0 0.517238 0.429485 1.0 0.516571 0.43814 1.0 0.512347 0.447792 1.0 0.519239 0.446461 1.0
0 0.500488 0.219298 0.018555 0.035088 0.49707 0.214912 1.0 0.504883 0.214912 1.0 0.5 0.222222 1.0 0.496094 0.229532 1.0 0.501953 0.229532 1.0
0 0.451172 0.219298 0.019531 0.038012 0.447266 0.210526 1.0 0.455078 0.211988 1.0 0.450195 0.219298 1.0 0.446289 0.226608 1.0 0.453125 0.22807 1.0
0 0.397949 0.220029 0.016602 0.033626 0.395504 0.215291 1.0 0.403272 0.215291 1.0 0.399388 0.222399 1.0 0.396654 0.226706 1.0 0.401978 0.227137 1.0
0 0.447266 0.114035 0.019531 0.032164 0.442802 0.106725 1.0 0.451869 0.107769 1.0 0.446708 0.114662 1.0 0.444755 0.122807 1.0 0.451032 0.122598 1.0
0 0.509766 0.033626 0.013672 0.026316 0.0 0.0 0.0 0.0 0.0 0.0 0.0 0.0 0.0 0.0 0.0 0.0 0.0 0.0 0.0
0 0.438477 0.042398 0.015625 0.032164 0.435198 0.039683 1.0 0.443011 0.039683 1.0 0.438965 0.044904 1.0 0.434779 0.048455 1.0 0.441615 0.048455 1.0
0 0.397461 0.031433 0.021484 0.033626 0.394156 0.025598 1.0 0.40216 0.02826 1.0 0.396973 0.033808 1.0 0.391488 0.03625 1.0 0.399345 0.042241 1.0
0 0.387695 0.092836 0.019531 0.039474 0.382128 0.088254 1.0 0.391989 0.089272 1.0 0.386549 0.094873 1.0 0.382979 0.103526 1.0 0.388759 0.104037 1.0
0 0.414062 0.128655 0.013672 0.026316 0.0 0.0 0.0 0.0 0.0 0.0 0.0 0.0 0.0 0.0 0.0 0.0 0.0 0.0 0.0
0 0.371582 0.179825 0.020508 0.040936 0.369891 0.170655 1.0 0.377397 0.171993 1.0 0.373823 0.179218 1.0 0.368997 0.18457 1.0 0.37561 0.185373 1.0
0 0.338867 0.021199 0.025391 0.042398 0.337895 0.014 1.0 0.347573 0.016656 1.0 0.343057 0.022936 1.0 0.336443 0.028247 1.0 0.344024 0.030421 1.0
0 0.320312 0.200292 0.023438 0.04386 0.319031 0.195358 1.0 0.327637 0.198648 1.0 0.323059 0.205227 1.0 0.31665 0.210709 1.0 0.324891 0.213175 1.0
0 0.275879 0.204678 0.026367 0.046784 0.274414 0.19883 1.0 0.283203 0.204678 1.0 0.277344 0.210526 1.0 0.270508 0.216374 1.0 0.27832 0.22076 1.0
0 0.302734 0.094298 0.019531 0.03655 0.299421 0.086284 1.0 0.307739 0.088164 1.0 0.302403 0.094037 1.0 0.298009 0.100382 1.0 0.304914 0.10226 1.0
0 0.229492 0.024854 0.017578 0.02924 0.227399 0.015846 1.0 0.236424 0.016826 1.0 0.231716 0.024266 1.0 0.228185 0.029749 1.0 0.233809 0.029944 1.0
0 0.222656 0.171784 0.019531 0.039474 0.222168 0.168219 1.0 0.229479 0.168475 1.0 0.226249 0.177383 1.0 0.223019 0.184001 1.0 0.227608 0.184765 1.0
0 0.214844 0.197368 0.019531 0.035088 0.21173 0.192526 1.0 0.219666 0.19481 1.0 0.217071 0.20052 1.0 0.212036 0.207374 1.0 0.218292 0.208288 1.0
0 0.145508 0.111842 0.019531 0.03655 0.149083 0.103357 1.0 0.151751 0.103123 1.0 0.153634 0.111111 1.0 0.149239 0.11769 1.0 0.152064 0.117221 1.0
0 0.147461 0.034357 0.019531 0.03655 0.147443 0.030336 1.0 0.154663 0.03527 1.0 0.150739 0.039265 1.0 0.146031 0.044904 1.0 0.150426 0.047724 1.0
0 0.125488 0.037281 0.020508 0.042398 0.123107 0.034082 1.0 0.131531 0.036275 1.0 0.126587 0.043677 1.0 0.123107 0.049982 1.0 0.127502 0.051626 1.0
0 0.06543 0.175439 0.017578 0.038012 0.066354 0.167633 1.0 0.068865 0.167633 1.0 0.072475 0.174917 1.0 0.068237 0.185254 1.0 0.070121 0.185254 1.0
0 0.047852 0.248538 0.011719 0.032164 0.0 0.0 0.0 0.0 0.0 0.0 0.0 0.0 0.0 0.0 0.0 0.0 0.0 0.0 0.0
0 0.02002 0.030702 0.020508 0.038012 0.01985 0.028039 1.0 0.028561 0.027073 1.0 0.026463 0.034801 1.0 0.021624 0.039389 1.0 0.028076 0.038181 1.0