0 0.449707 0.557101 0.008789 0.013177 0.449219 0.554905 1.0 0.454102 0.554905 1.0 0.451172 0.559297 1.0 0.449219 0.560761 1.0 0.454102 0.560761 1.0
0 0.421387 0.616398 0.006836 0.014641 0.422852 0.614934 1.0 0.426758 0.61347 1.0 0.424805 0.617862 1.0 0.422852 0.620791 1.0 0.425781 0.622255 1.0
0 0.301758 0.505124 0.009766 0.011713 0.300781 0.506589 1.0 0.303711 0.505124 1.0 0.302734 0.508053 1.0 0.300781 0.509517 1.0 0.303711 0.508053 1.0
0 0.856934 0.481698 0.008789 0.020498 0.856219 0.477881 1.0 0.859357 0.478012 1.0 0.857701 0.479972 1.0 0.857003 0.481542 1.0 0.858922 0.481672 1.0
0 0.838379 0.424597 0.008789 0.01757 0.836164 0.42231 1.0 0.840559 0.421956 1.0 0.837342 0.425958 1.0 0.836164 0.428663 1.0 0.838989 0.42831 1.0
0 0.961426 0.576135 0.008789 0.016105 0.958984 0.573939 1.0 0.959961 0.573939 1.0 0.960938 0.578331 1.0 0.960938 0.581259 1.0 0.960938 0.581259 1.0
0 0.964844 0.450952 0.007812 0.020498 0.963867 0.450952 1.0 0.964844 0.450952 1.0 0.963867 0.45388 1.0 0.962891 0.458272 1.0 0.964844 0.458272 1.0
0 0.903809 0.25183 0.006836 0.014641 0.902344 0.25183 1.0 0.90625 0.253294 1.0 0.904297 0.256223 1.0 0.901367 0.257687 1.0 0.904297 0.259151 1.0
0 0.92627 0.267936 0.008789 0.014641 0.925781 0.2694 1.0 0.929688 0.270864 1.0 0.926758 0.273792 1.0 0.924805 0.275256 1.0 0.928711 0.275256 1.0
0 0.963379 0.227672 0.008789 0.019034 0.0 0.0 0.0 0.0 0.0 0.0 0.0 0.0 0.0 0.0 0.0 0.0 0.0 0.0 0.0
0 0.932129 0.220351 0.006836 0.016105 0.930664 0.218155 1.0 0.933594 0.218155 1.0 0.930664 0.221083 1.0 0.930664 0.224012 1.0 0.932617 0.224012 1.0
0 0.916504 0.211567 0.006836 0.013177 0.914062 0.212299 1.0 0.917969 0.212299 1.0 0.916016 0.215227 1.0 0.914062 0.219619 1.0 0.917969 0.219619 1.0
0 0.979492 0.190337 0.007812 0.01757 0.977539 0.188873 1.0 0.981445 0.188873 1.0 0.979492 0.190337 1.0 0.977539 0.194729 1.0 0.980469 0.194729 1.0
0 0.960938 0.180088 0.007812 0.014641 0.958984 0.178624 1.0 0.961914 0.178624 1.0 0.960938 0.183016 1.0 0.958984 0.185944 1.0 0.961914 0.18448 1.0
0 0.944336 0.174231 0.007812 0.020498 0.942383 0.174231 1.0 0.946289 0.174231 1.0 0.944336 0.17716 1.0 0.943359 0.180088 1.0 0.946289 0.180088 1.0
0 0.900879 0.206442 0.006836 0.014641 0.898438 0.204978 1.0 0.902344 0.206442 1.0 0.899414 0.207906 1.0 0.897461 0.210835 1.0 0.901367 0.210835 1.0
0 0.996094 0.147877 0.005859 0.014641 0.994978 0.147354 1.0 0.998047 0.147145 1.0 0.996582 0.150701 1.0 0.995117 0.152898 1.0 0.997907 0.152688 1.0
0 0.923828 0.161786 0.009766 0.019034 0.920898 0.15959 1.0 0.923828 0.15959 1.0 0.922852 0.163982 1.0 0.922852 0.168375 1.0 0.924805 0.166911 1.0
0 0.962891 0.147145 0.007812 0.016105 0.961914 0.144949 1.0 0.964844 0.144949 1.0 0.962891 0.147877 1.0 0.960938 0.150805 1.0 0.964844 0.150805 1.0
0 0.944824 0.131772 0.008789 0.01757 0.942069 0.130262 1.0 0.946071 0.129817 1.0 0.943255 0.134262 1.0 0.94155 0.136373 1.0 0.945182 0.136928 1.0
0 0.929199 0.122255 0.006836 0.016105 0.928711 0.120059 1.0 0.932617 0.118594 1.0 0.929688 0.122987 1.0 0.928711 0.125915 1.0 0.932617 0.125915 1.0
0 0.991211 0.102489 0.009766 0.020498 0.989258 0.099561 1.0 0.992188 0.098097 1.0 0.990234 0.102489 1.0 0.989258 0.106881 1.0 0.992188 0.105417 1.0
0 0.98291 0.097365 0.008789 0.013177 0.0 0.0 0.0 0.0 0.0 0.0 0.0 0.0 0.0 0.0 0.0 0.0 0.0 0.0 0.0
0 0.952148 0.087848 0.007812 0.020498 0.950195 0.086384 1.0 0.954102 0.086384 1.0 0.952148 0.090776 1.0 0.950195 0.09224 1.0 0.955078 0.09224 1.0
0 0.996094 0.069546 0.005859 0.016105 0.0 0.0 0.0 0.0 0.0 0.0 0.0 0.0 0.0 0.0 0.0 0.0 0.0 0.0 0.0
0 0.981934 0.052709 0.006836 0.01757 0.980469 0.054173 1.0 0.982422 0.054173 1.0 0.981445 0.055637 1.0 0.980469 0.060029 1.0 0.982422 0.057101 1.0
0 0.964355 0.040264 0.008789 0.016105 0.962891 0.038067 1.0 0.967773 0.038067 1.0 0.964844 0.04246 1.0 0.961914 0.045388 1.0 0.966797 0.045388 1.0
0 0.937012 0.04246 0.006836 0.014641 0.935547 0.040996 1.0 0.938477 0.040996 1.0 0.9375 0.043924 1.0 0.935547 0.048316 1.0 0.938477 0.048316 1.0
0 0.954102 0.040264 0.005859 0.010249 0.0 0.0 0.0 0.0 0.0 0.0 0.0 0.0 0.0 0.0 0.0 0.0 0.0 0.0 0.0
0 0.945801 0.032943 0.006836 0.010249 0.0 0.0 0.0 0.0 0.0 0.0 0.0 0.0 0.0 0.0 0.0 0.0 0.0 0.0 0.0
0 0.961914 0.006589 0.009766 0.013177 0.0 0.0 0.0 0.0 0.0 0.0 0.0 0.0 0.0 0.0 0.0 0.0 0.0 0.0 0.0
0 0.977539 0.005857 0.007812 0.011713 0.0 0.0 0.0 0.0 0.0 0.0 0.0 0.0 0.0 0.0 0.0 0.0 0.0 0.0 0.0
0 0.993652 0.018302 0.008789 0.019034 0.0 0.0 0.0 0.0 0.0 0.0 0.0 0.0 0.0 0.0 0.0 0.0 0.0 0.0 0.0
0 0.923828 0.074671 0.005859 0.014641 0.922852 0.073206 1.0 0.924805 0.073206 1.0 0.922852 0.077599 1.0 0.921875 0.080527 1.0 0.923828 0.079063 1.0
0 0.879395 0.251098 0.008789 0.021962 0.0 0.0 0.0 0.0 0.0 0.0 0.0 0.0 0.0 0.0 0.0 0.0 0.0 0.0 0.0
0 0.865723 0.232064 0.006836 0.019034 0.0 0.0 0.0 0.0 0.0 0.0 0.0 0.0 0.0 0.0 0.0 0.0 0.0 0.0 0.0
0 0.844727 0.222548 0.007812 0.01757 0.842773 0.219619 1.0 0.84668 0.219619 1.0 0.844727 0.224012 1.0 0.842773 0.225476 1.0 0.845703 0.22694 1.0
0 0.871094 0.189605 0.007812 0.016105 0.868277 0.187716 1.0 0.871983 0.188271 1.0 0.869389 0.192493 1.0 0.869241 0.194827 1.0 0.871168 0.194716 1.0
0 0.830566 0.222548 0.006836 0.014641 0.830078 0.222548 1.0 0.833984 0.222548 1.0 0.832031 0.225476 1.0 0.830078 0.228404 1.0 0.833984 0.229868 1.0
0 0.82959 0.27306 0.006836 0.013177 0.0 0.0 0.0 0.0 0.0 0.0 0.0 0.0 0.0 0.0 0.0 0.0 0.0 0.0 0.0
0 0.839844 0.275988 0.007812 0.019034 0.837891 0.27672 1.0 0.841797 0.27672 1.0 0.839844 0.279649 1.0 0.837891 0.281113 1.0 0.841797 0.281113 1.0
0 0.855957 0.286969 0.008789 0.014641 0.0 0.0 0.0 0.0 0.0 0.0 0.0 0.0 0.0 0.0 0.0 0.0 0.0 0.0 0.0
0 0.817383 0.279649 0.007812 0.014641 0.81543 0.278184 1.0 0.820312 0.275256 1.0 0.818359 0.279649 1.0 0.81543 0.282577 1.0 0.820312 0.281113 1.0
0 0.819336 0.20937 0.005859 0.014641 0.0 0.0 0.0 0.0 0.0 0.0 0.0 0.0 0.0 0.0 0.0 0.0 0.0 0.0 0.0
0 0.826172 0.178624 0.009766 0.01757 0.824219 0.17716 1.0 0.828125 0.175695 1.0 0.826172 0.180088 1.0 0.825195 0.18448 1.0 0.829102 0.181552 1.0
0 0.845703 0.183016 0.005859 0.011713 0.0 0.0 0.0 0.0 0.0 0.0 0.0 0.0 0.0 0.0 0.0 0.0 0.0 0.0 0.0
0 0.764648 0.310395 0.007812 0.014641 0.762695 0.310395 1.0 0.765625 0.308931 1.0 0.764648 0.313324 1.0 0.763672 0.316252 1.0 0.767578 0.314788 1.0
0 0.795898 0.257687 0.007812 0.014641 0.0 0.0 0.0 0.0 0.0 0.0 0.0 0.0 0.0 0.0 0.0 0.0 0.0 0.0 0.0
0 0.78418 0.24817 0.007812 0.013177 0.782227 0.247438 1.0 0.786133 0.245974 1.0 0.78418 0.250366 1.0 0.782227 0.253294 1.0 0.785156 0.253294 1.0
0 0.810059 0.221816 0.006836 0.016105 0.80957 0.222548 1.0 0.814453 0.221083 1.0 0.8125 0.225476 1.0 0.80957 0.22694 1.0 0.814453 0.22694 1.0
0 0.786133 0.199854 0.007812 0.016105 0.78418 0.199122 1.0 0.787109 0.199122 1.0 0.786133 0.20205 1.0 0.78418 0.204978 1.0 0.787109 0.203514 1.0
0 0.768066 0.197657 0.006836 0.01757 0.766602 0.194729 1.0 0.770508 0.194729 1.0 0.769531 0.199122 1.0 0.766602 0.20205 1.0 0.771484 0.20205 1.0
0 0.769043 0.237921 0.006836 0.016105 0.0 0.0 0.0 0.0 0.0 0.0 0.0 0.0 0.0 0.0 0.0 0.0 0.0 0.0 0.0
0 0.803223 0.207174 0.006836 0.016105 0.0 0.0 0.0 0.0 0.0 0.0 0.0 0.0 0.0 0.0 0.0 0.0 0.0 0.0 0.0
0 0.702148 0.360176 0.009766 0.020498 0.700195 0.36164 1.0 0.704102 0.36164 1.0 0.703125 0.364568 1.0 0.700195 0.367496 1.0 0.705078 0.367496 1.0
0 0.739746 0.296486 0.006836 0.013177 0.739258 0.295754 1.0 0.743164 0.29429 1.0 0.741211 0.297218 1.0 0.739258 0.298682 1.0 0.742188 0.298682 1.0
0 0.703613 0.284773 0.008789 0.016105 0.701172 0.284041 1.0 0.705078 0.284041 1.0 0.703125 0.286969 1.0 0.701172 0.289898 1.0 0.704102 0.288433 1.0
0 0.55957 0.207906 0.007812 0.014641 0.557617 0.204978 1.0 0.560547 0.204978 1.0 0.55957 0.207906 1.0 0.557617 0.212299 1.0 0.561523 0.212299 1.0
0 0.511719 0.201318 0.007812 0.016105 0.509766 0.203514 1.0 0.512695 0.20205 1.0 0.511719 0.204978 1.0 0.510742 0.207906 1.0 0.513672 0.206442 1.0
0 0.501953 0.196925 0.007812 0.016105 0.500977 0.196193 1.0 0.504883 0.196193 1.0 0.50293 0.199122 1.0 0.5 0.200586 1.0 0.50293 0.20205 1.0
0 0.479492 0.185212 0.007812 0.016105 0.477226 0.183657 1.0 0.481079 0.18499 1.0 0.477967 0.188657 1.0 0.476854 0.18799 1.0 0.480041 0.189101 1.0
0 0.431152 0.206442 0.006836 0.01757 0.428685 0.204861 1.0 0.432608 0.204625 1.0 0.430646 0.208272 1.0 0.428999 0.210389 1.0 0.431902 0.210037 1.0
0 0.428223 0.161054 0.006836 0.014641 0.426758 0.162518 1.0 0.430664 0.162518 1.0 0.429688 0.165447 1.0 0.427734 0.168375 1.0 0.430664 0.166911 1.0
0 0.399902 0.166179 0.006836 0.013177 0.398438 0.165447 1.0 0.402344 0.165447 1.0 0.399414 0.168375 1.0 0.398438 0.171303 1.0 0.401367 0.171303 1.0
0 0.348633 0.144949 0.005859 0.014641 0.348633 0.14202 1.0 0.350586 0.14202 1.0 0.350586 0.144949 1.0 0.348633 0.147877 1.0 0.351562 0.146413 1.0
0 0.368164 0.142753 0.007812 0.013177 0.369141 0.146413 1.0 0.371094 0.144949 1.0 0.370117 0.147877 1.0 0.369141 0.150805 1.0 0.37207 0.149341 1.0
0 0.387695 0.150073 0.005859 0.016105 0.0 0.0 0.0 0.0 0.0 0.0 0.0 0.0 0.0 0.0 0.0 0.0 0.0 0.0 0.0
0 0.291992 0.125183 0.007812 0.016105 0.290039 0.124451 1.0 0.293945 0.124451 1.0 0.291016 0.128843 1.0 0.289062 0.131772 1.0 0.292969 0.131772 1.0
0 0.265625 0.133236 0.007812 0.01757 0.264648 0.131772 1.0 0.267578 0.131772 1.0 0.265625 0.1347 1.0 0.263672 0.136164 1.0 0.267578 0.136164 1.0
0 0.245605 0.122987 0.008789 0.01757 0.245117 0.124451 1.0 0.249023 0.122987 1.0 0.246094 0.127379 1.0 0.245117 0.130307 1.0 0.248047 0.128843 1.0
0 0.22998 0.11347 0.006836 0.016105 0.229492 0.114202 1.0 0.233398 0.114202 1.0 0.232422 0.11713 1.0 0.229492 0.120059 1.0 0.234375 0.120059 1.0
0 0.261719 0.079063 0.007812 0.01757 0.259766 0.079063 1.0 0.264648 0.079063 1.0 0.261719 0.081991 1.0 0.259766 0.086384 1.0 0.264648 0.086384 1.0
0 0.280762 0.081991 0.008789 0.01757 0.0 0.0 0.0 0.0 0.0 0.0 0.0 0.0 0.0 0.0 0.0 0.0 0.0 0.0 0.0
0 0.303223 0.082723 0.006836 0.013177 0.301758 0.081991 1.0 0.303711 0.081991 1.0 0.302734 0.084919 1.0 0.300781 0.087848 1.0 0.305664 0.087848 1.0
0 0.182617 0.109078 0.007812 0.019034 0.181641 0.108346 1.0 0.185547 0.108346 1.0 0.183594 0.111274 1.0 0.181641 0.114202 1.0 0.185547 0.114202 1.0
0 0.15918 0.099561 0.007812 0.01757 0.15918 0.098097 1.0 0.163086 0.096633 1.0 0.162109 0.099561 1.0 0.161133 0.102489 1.0 0.164062 0.102489 1.0
0 0.135254 0.097365 0.006836 0.013177 0.0 0.0 0.0 0.0 0.0 0.0 0.0 0.0 0.0 0.0 0.0 0.0 0.0 0.0 0.0
0 0.171387 0.058565 0.006836 0.01757 0.170898 0.057101 1.0 0.174805 0.057101 1.0 0.173828 0.061493 1.0 0.170898 0.062958 1.0 0.175781 0.062958 1.0
0 0.146973 0.060029 0.006836 0.011713 0.145508 0.060029 1.0 0.148438 0.057101 1.0 0.147461 0.060029 1.0 0.146484 0.061493 1.0 0.149414 0.060029 1.0
0 0.057129 0.076135 0.006836 0.01757 0.056641 0.077599 1.0 0.061523 0.077599 1.0 0.058594 0.080527 1.0 0.056641 0.081991 1.0 0.060547 0.081991 1.0
0 0.033203 0.073939 0.007812 0.013177 0.033203 0.073206 1.0 0.036133 0.074671 1.0 0.033203 0.076135 1.0 0.03125 0.076135 1.0 0.036133 0.077599 1.0
0 0.012207 0.068814 0.006836 0.01757 0.012268 0.066527 1.0 0.015172 0.066644 1.0 0.014309 0.069586 1.0 0.012582 0.072291 1.0 0.014701 0.072408 1.0
0 0.008789 0.022694 0.007812 0.016105 0.007812 0.021962 1.0 0.011719 0.021962 1.0 0.008789 0.026354 1.0 0.007812 0.029283 1.0 0.010742 0.027818 1.0
0 0.030273 0.030747 0.007812 0.014641 0.02832 0.030747 1.0 0.03125 0.030747 1.0 0.029297 0.033675 1.0 0.02832 0.036603 1.0 0.030273 0.036603 1.0
0 0.057129 0.036603 0.006836 0.014641 0.054688 0.035139 1.0 0.05957 0.033675 1.0 0.056641 0.038067 1.0 0.054688 0.04246 1.0 0.058594 0.04246 1.0
0 0.07666 0.04246 0.006836 0.014641 0.074219 0.04246 1.0 0.077148 0.040996 1.0 0.076172 0.045388 1.0 0.075195 0.048316 1.0 0.077148 0.045388 1.0
0 0.044922 0.009517 0.007812 0.013177 0.0 0.0 0.0 0.0 0.0 0.0 0.0 0.0 0.0 0.0 0.0 0.0 0.0 0.0 0.0
0 0.067871 0.005124 0.006836 0.010249 0.0 0.0 0.0 0.0 0.0 0.0 0.0 0.0 0.0 0.0 0.0 0.0 0.0 0.0 0.0
0 0.101562 0.046852 0.007812 0.01757 0.099112 0.045977 1.0 0.102801 0.044682 1.0 0.100996 0.047859 1.0 0.100525 0.051271 1.0 0.102644 0.050682 1.0
0 0.127441 0.054905 0.006836 0.016105 0.125977 0.052709 1.0 0.128906 0.052709 1.0 0.126953 0.055637 1.0 0.125977 0.057101 1.0 0.12793 0.057101 1.0
0 0.112793 0.01757 0.006836 0.014641 0.111324 0.016837 1.0 0.114005 0.016837 1.0 0.112632 0.019387 1.0 0.112108 0.022034 1.0 0.113547 0.021936 1.0
0 0.100586 0.019034 0.005859 0.014641 0.102539 0.013177 1.0 0.105469 0.014641 1.0 0.103516 0.01757 1.0 0.101562 0.019034 1.0 0.104492 0.020498 1.0
0 0.137207 0.024158 0.006836 0.016105 0.136719 0.021962 1.0 0.138672 0.021962 1.0 0.137695 0.02489 1.0 0.136719 0.027818 1.0 0.138672 0.027818 1.0
0 0.104004 0.007321 0.006836 0.008785 0.0 0.0 0.0 0.0 0.0 0.0 0.0 0.0 0.0 0.0 0.0 0.0 0.0 0.0 0.0
0 0.146484 0.021962 0.003906 0.008785 0.0 0.0 0.0 0.0 0.0 0.0 0.0 0.0 0.0 0.0 0.0 0.0 0.0 0.0 0.0
0 0.163086 0.032943 0.005859 0.013177 0.0 0.0 0.0 0.0 0.0 0.0 0.0 0.0 0.0 0.0 0.0 0.0 0.0 0.0 0.0
0 0.162598 0.01757 0.006836 0.011713 0.162109 0.019034 1.0 0.166016 0.019034 1.0 0.164062 0.020498 1.0 0.161133 0.023426 1.0 0.165039 0.023426 1.0
0 0.183105 0.018302 0.006836 0.013177 0.181641 0.019034 1.0 0.185547 0.019034 1.0 0.183594 0.021962 1.0 0.180664 0.023426 1.0 0.185547 0.023426 1.0
0 0.196777 0.021962 0.006836 0.014641 0.194336 0.020498 1.0 0.198242 0.019034 1.0 0.196289 0.023426 1.0 0.195312 0.026354 1.0 0.198242 0.02489 1.0
0 0.202637 0.058565 0.006836 0.014641 0.200195 0.058565 1.0 0.203125 0.058565 1.0 0.201172 0.061493 1.0 0.199219 0.064422 1.0 0.202148 0.064422 1.0
0 0.215332 0.070278 0.006836 0.014641 0.0 0.0 0.0 0.0 0.0 0.0 0.0 0.0 0.0 0.0 0.0 0.0 0.0 0.0 0.0
0 0.223145 0.035139 0.006836 0.011713 0.222656 0.032211 1.0 0.226562 0.032211 1.0 0.224609 0.036603 1.0 0.222656 0.038067 1.0 0.225586 0.038067 1.0
0 0.232422 0.070278 0.005859 0.020498 0.0 0.0 0.0 0.0 0.0 0.0 0.0 0.0 0.0 0.0 0.0 0.0 0.0 0.0 0.0
0 0.241699 0.045388 0.006836 0.014641 0.241176 0.044852 1.0 0.244445 0.044754 1.0 0.242876 0.047107 1.0 0.241896 0.049362 1.0 0.244054 0.048969 1.0
0 0.242188 0.064422 0.005859 0.011713 0.0 0.0 0.0 0.0 0.0 0.0 0.0 0.0 0.0 0.0 0.0 0.0 0.0 0.0 0.0
0 0.262695 0.006589 0.007812 0.013177 0.262085 0.005307 1.0 0.265381 0.005072 1.0 0.263863 0.008681 1.0 0.262556 0.010328 1.0 0.265015 0.010092 1.0
0 0.27002 0.039531 0.006836 0.01757 0.270508 0.039531 1.0 0.273438 0.039531 1.0 0.271484 0.043924 1.0 0.269531 0.045388 1.0 0.272461 0.043924 1.0
0 0.319336 0.087848 0.007812 0.01757 0.318359 0.090776 1.0 0.321289 0.090776 1.0 0.320312 0.09224 1.0 0.318359 0.093704 1.0 0.322266 0.093704 1.0
0 0.34082 0.097365 0.007812 0.016105 0.0 0.0 0.0 0.0 0.0 0.0 0.0 0.0 0.0 0.0 0.0 0.0 0.0 0.0 0.0
0 0.331543 0.055637 0.006836 0.014641 0.329729 0.054801 1.0 0.332868 0.054801 1.0 0.331264 0.058146 1.0 0.330147 0.060657 1.0 0.33245 0.060552 1.0
0 0.315918 0.046852 0.006836 0.01757 0.314453 0.045388 1.0 0.318359 0.045388 1.0 0.31543 0.04978 1.0 0.314453 0.051245 1.0 0.318359 0.051245 1.0
0 0.288574 0.043192 0.006836 0.013177 0.286133 0.043924 1.0 0.291016 0.04246 1.0 0.288086 0.046852 1.0 0.286133 0.04978 1.0 0.290039 0.04978 1.0
0 0.281738 0.041728 0.004883 0.013177 0.0 0.0 0.0 0.0 0.0 0.0 0.0 0.0 0.0 0.0 0.0 0.0 0.0 0.0 0.0
0 0.286133 0.008053 0.005859 0.013177 0.28418 0.007321 1.0 0.287109 0.007321 1.0 0.285156 0.011713 1.0 0.283203 0.014641 1.0 0.287109 0.014641 1.0
0 0.302246 0.014641 0.008789 0.01757 0.299953 0.014471 1.0 0.302543 0.012 1.0 0.301052 0.016589 1.0 0.301758 0.019177 1.0 0.30372 0.017649 1.0
0 0.333984 0.010981 0.007812 0.019034 0.333984 0.011713 1.0 0.337891 0.011713 1.0 0.335938 0.014641 1.0 0.333008 0.01757 1.0 0.336914 0.01757 1.0
0 0.353027 0.028551 0.008789 0.016105 0.352539 0.026354 1.0 0.355469 0.026354 1.0 0.354492 0.029283 1.0 0.351562 0.032211 1.0 0.355469 0.032211 1.0
0 0.373047 0.114202 0.005859 0.008785 0.0 0.0 0.0 0.0 0.0 0.0 0.0 0.0 0.0 0.0 0.0 0.0 0.0 0.0 0.0
0 0.387695 0.112006 0.005859 0.016105 0.387695 0.111274 1.0 0.390625 0.111274 1.0 0.388672 0.114202 1.0 0.386719 0.11713 1.0 0.390625 0.11713 1.0
0 0.414062 0.118594 0.005859 0.014641 0.0 0.0 0.0 0.0 0.0 0.0 0.0 0.0 0.0 0.0 0.0 0.0 0.0 0.0 0.0
0 0.413574 0.048316 0.008789 0.020498 0.414062 0.046852 1.0 0.416992 0.045388 1.0 0.416016 0.04978 1.0 0.414062 0.054173 1.0 0.417969 0.054173 1.0
0 0.403809 0.010981 0.006836 0.013177 0.402344 0.011713 1.0 0.405273 0.011713 1.0 0.40332 0.013177 1.0 0.402344 0.014641 1.0 0.40625 0.014641 1.0
0 0.437012 0.060029 0.006836 0.01757 0.435913 0.059271 1.0 0.44015 0.060565 1.0 0.438424 0.064212 1.0 0.43709 0.067625 1.0 0.440072 0.068212 1.0
0 0.429199 0.047584 0.004883 0.010249 0.0 0.0 0.0 0.0 0.0 0.0 0.0 0.0 0.0 0.0 0.0 0.0 0.0 0.0 0.0
0 0.459961 0.007321 0.005859 0.014641 0.458984 0.007321 1.0 0.462891 0.005857 1.0 0.460938 0.008785 1.0 0.458984 0.011713 1.0 0.462891 0.011713 1.0
0 0.447266 0.00366 0.005859 0.007321 0.0 0.0 0.0 0.0 0.0 0.0 0.0 0.0 0.0 0.0 0.0 0.0 0.0 0.0 0.0
0 0.466309 0.060761 0.006836 0.016105 0.464774 0.059297 1.0 0.467773 0.059088 1.0 0.466797 0.062016 1.0 0.465472 0.06484 1.0 0.467913 0.064631 1.0
0 0.481934 0.06735 0.004883 0.014641 0.0 0.0 0.0 0.0 0.0 0.0 0.0 0.0 0.0 0.0 0.0 0.0 0.0 0.0 0.0
0 0.437012 0.120791 0.006836 0.013177 0.436523 0.120059 1.0 0.44043 0.120059 1.0 0.438477 0.122987 1.0 0.435547 0.125915 1.0 0.439453 0.125915 1.0
0 0.465332 0.133236 0.006836 0.01757 0.0 0.0 0.0 0.0 0.0 0.0 0.0 0.0 0.0 0.0 0.0 0.0 0.0 0.0 0.0
0 0.504395 0.077599 0.006836 0.014641 0.503906 0.076135 1.0 0.506836 0.076135 1.0 0.505859 0.079063 1.0 0.50293 0.081991 1.0 0.506836 0.081991 1.0
0 0.522461 0.079063 0.007812 0.01757 0.0 0.0 0.0 0.0 0.0 0.0 0.0 0.0 0.0 0.0 0.0 0.0 0.0 0.0 0.0
0 0.530273 0.025622 0.007812 0.016105 0.530273 0.027818 1.0 0.53418 0.026354 1.0 0.53125 0.030747 1.0 0.530273 0.032211 1.0 0.532227 0.032211 1.0
0 0.551758 0.038067 0.007812 0.014641 0.0 0.0 0.0 0.0 0.0 0.0 0.0 0.0 0.0 0.0 0.0 0.0 0.0 0.0 0.0
0 0.557129 0.11347 0.010742 0.010249 0.0 0.0 0.0 0.0 0.0 0.0 0.0 0.0 0.0 0.0 0.0 0.0 0.0 0.0 0.0
0 0.537598 0.152269 0.006836 0.014641 0.0 0.0 0.0 0.0 0.0 0.0 0.0 0.0 0.0 0.0 0.0 0.0 0.0 0.0 0.0
0 0.537109 0.13104 0.005859 0.016105 0.537109 0.128843 1.0 0.540039 0.128843 1.0 0.539062 0.133236 1.0 0.535156 0.1347 1.0 0.538086 0.136164 1.0
0 0.514648 0.147145 0.007812 0.016105 0.512695 0.149341 1.0 0.517578 0.147877 1.0 0.515625 0.152269 1.0 0.513672 0.153734 1.0 0.517578 0.152269 1.0
0 0.619141 0.04246 0.007812 0.01757 0.617458 0.042107 1.0 0.621538 0.042107 1.0 0.619498 0.046343 1.0 0.618007 0.04846 1.0 0.620989 0.04846 1.0
0 0.644043 0.043924 0.006836 0.014641 0.642578 0.04246 1.0 0.646484 0.04246 1.0 0.643555 0.045388 1.0 0.642578 0.048316 1.0 0.644531 0.048316 1.0
0 0.652344 0.114202 0.007812 0.014641 0.650391 0.112738 1.0 0.65332 0.112738 1.0 0.651367 0.115666 1.0 0.650391 0.120059 1.0 0.65332 0.118594 1.0
0 0.635254 0.10981 0.006836 0.014641 0.0 0.0 0.0 0.0 0.0 0.0 0.0 0.0 0.0 0.0 0.0 0.0 0.0 0.0 0.0
0 0.58252 0.171303 0.006836 0.014641 0.580078 0.171303 1.0 0.583008 0.169839 1.0 0.583008 0.171303 1.0 0.581055 0.175695 1.0 0.584961 0.172767 1.0
0 0.601074 0.183016 0.004883 0.014641 0.0 0.0 0.0 0.0 0.0 0.0 0.0 0.0 0.0 0.0 0.0 0.0 0.0 0.0 0.0
0 0.626953 0.189605 0.007812 0.016105 0.625 0.190337 1.0 0.62793 0.190337 1.0 0.62793 0.194729 1.0 0.626953 0.196193 1.0 0.628906 0.194729 1.0
0 0.646973 0.200586 0.006836 0.014641 0.645508 0.199122 1.0 0.649414 0.199122 1.0 0.647461 0.20205 1.0 0.645508 0.204978 1.0 0.649414 0.204978 1.0
0 0.668457 0.202782 0.006836 0.016105 0.667969 0.20205 1.0 0.671875 0.20205 1.0 0.669922 0.206442 1.0 0.667969 0.20937 1.0 0.671875 0.207906 1.0
0 0.687012 0.211567 0.006836 0.019034 0.684296 0.209606 1.0 0.68736 0.209606 1.0 0.685455 0.212959 1.0 0.685207 0.216312 1.0 0.68736 0.216312 1.0
0 0.758789 0.236457 0.007812 0.016105 0.757255 0.234679 1.0 0.760463 0.234679 1.0 0.757464 0.238234 1.0 0.757255 0.241163 1.0 0.759975 0.241268 1.0
0 0.748535 0.22694 0.008789 0.01757 0.745117 0.22694 1.0 0.749023 0.22694 1.0 0.748047 0.229868 1.0 0.74707 0.234261 1.0 0.75 0.232796 1.0
0 0.719238 0.222548 0.008789 0.01757 0.717773 0.224012 1.0 0.720703 0.224012 1.0 0.719727 0.22694 1.0 0.717773 0.229868 1.0 0.72168 0.229868 1.0
0 0.682129 0.203514 0.006836 0.014641 0.0 0.0 0.0 0.0 0.0 0.0 0.0 0.0 0.0 0.0 0.0 0.0 0.0 0.0 0.0
0 0.750977 0.188873 0.007812 0.014641 0.75 0.185944 1.0 0.75293 0.18448 1.0 0.751953 0.188873 1.0 0.749023 0.190337 1.0 0.75293 0.190337 1.0
0 0.665527 0.015373 0.006836 0.016105 0.662667 0.015151 1.0 0.666596 0.015485 1.0 0.664002 0.018707 1.0 0.663038 0.021596 1.0 0.665632 0.021373 1.0
0 0.680664 0.035871 0.005859 0.016105 0.679688 0.033675 1.0 0.682617 0.033675 1.0 0.680664 0.036603 1.0 0.678711 0.039531 1.0 0.681641 0.039531 1.0
0 0.688965 0.076135 0.006836 0.014641 0.0 0.0 0.0 0.0 0.0 0.0 0.0 0.0 0.0 0.0 0.0 0.0 0.0 0.0 0.0
0 0.682617 0.071742 0.005859 0.014641 0.680664 0.068814 1.0 0.683594 0.068814 1.0 0.681641 0.073206 1.0 0.680664 0.076135 1.0 0.683594 0.076135 1.0
0 0.669922 0.127379 0.005859 0.014641 0.668945 0.125915 1.0 0.671875 0.124451 1.0 0.670898 0.127379 1.0 0.668945 0.130307 1.0 0.671875 0.130307 1.0
0 0.690918 0.143485 0.006836 0.014641 0.0 0.0 0.0 0.0 0.0 0.0 0.0 0.0 0.0 0.0 0.0 0.0 0.0 0.0 0.0
0 0.717285 0.14202 0.006836 0.014641 0.716797 0.139092 1.0 0.720703 0.137628 1.0 0.717773 0.140556 1.0 0.71582 0.144949 1.0 0.720703 0.143485 1.0
0 0.739746 0.150805 0.004883 0.011713 0.738146 0.150498 1.0 0.74047 0.150668 1.0 0.738316 0.153387 1.0 0.738883 0.15602 1.0 0.740413 0.155766 1.0
0 0.754395 0.153001 0.008789 0.016105 0.750977 0.153734 1.0 0.75293 0.150805 1.0 0.751953 0.153734 1.0 0.751953 0.158126 1.0 0.754883 0.156662 1.0
0 0.752441 0.0959 0.006836 0.016105 0.750977 0.096633 1.0 0.753906 0.095168 1.0 0.751953 0.098097 1.0 0.75 0.099561 1.0 0.753906 0.099561 1.0
0 0.734375 0.089312 0.005859 0.014641 0.732422 0.089312 1.0 0.736328 0.089312 1.0 0.733398 0.09224 1.0 0.733398 0.096633 1.0 0.736328 0.096633 1.0
0 0.720703 0.033675 0.005859 0.014641 0.719727 0.030747 1.0 0.722656 0.030747 1.0 0.72168 0.033675 1.0 0.719727 0.038067 1.0 0.723633 0.038067 1.0
0 0.708496 0.02489 0.004883 0.008785 0.0 0.0 0.0 0.0 0.0 0.0 0.0 0.0 0.0 0.0 0.0 0.0 0.0 0.0 0.0
0 0.745117 0.043192 0.005859 0.013177 0.745117 0.040996 1.0 0.749023 0.040996 1.0 0.74707 0.043924 1.0 0.744141 0.048316 1.0 0.749023 0.048316 1.0
0 0.766602 0.048316 0.007812 0.01757 0.765625 0.048316 1.0 0.769531 0.048316 1.0 0.768555 0.052709 1.0 0.765625 0.055637 1.0 0.769531 0.055637 1.0
0 0.764648 0.098829 0.005859 0.010249 0.0 0.0 0.0 0.0 0.0 0.0 0.0 0.0 0.0 0.0 0.0 0.0 0.0 0.0 0.0
0 0.779297 0.156662 0.007812 0.01757 0.777344 0.152269 1.0 0.78125 0.156662 1.0 0.77832 0.158126 1.0 0.776367 0.162518 1.0 0.780273 0.162518 1.0
0 0.79248 0.153734 0.006836 0.01757 0.791992 0.152269 1.0 0.794922 0.152269 1.0 0.792969 0.156662 1.0 0.791016 0.15959 1.0 0.795898 0.158126 1.0
0 0.810059 0.167643 0.008789 0.019034 0.0 0.0 0.0 0.0 0.0 0.0 0.0 0.0 0.0 0.0 0.0 0.0 0.0 0.0 0.0
0 0.841309 0.122987 0.006836 0.014641 0.839844 0.121523 1.0 0.84375 0.120059 1.0 0.841797 0.124451 1.0 0.839844 0.127379 1.0 0.844727 0.127379 1.0
0 0.857422 0.136164 0.007812 0.01757 0.855469 0.133236 1.0 0.859375 0.133236 1.0 0.857422 0.136164 1.0 0.855469 0.139092 1.0 0.860352 0.139092 1.0
0 0.785156 0.109078 0.005859 0.013177 0.78418 0.105417 1.0 0.788086 0.105417 1.0 0.786133 0.111274 1.0 0.78418 0.115666 1.0 0.790039 0.114202 1.0
0 0.869141 0.091508 0.007812 0.021962 0.865967 0.083731 1.0 0.870453 0.083318 1.0 0.866607 0.087436 1.0 0.865509 0.091417 1.0 0.86789 0.091417 1.0
0 0.808105 0.055637 0.006836 0.014641 0.807617 0.055637 1.0 0.810547 0.054173 1.0 0.808594 0.058565 1.0 0.807617 0.061493 1.0 0.8125 0.061493 1.0
0 0.821777 0.062958 0.006836 0.014641 0.818848 0.06348 1.0 0.821847 0.06369 1.0 0.820173 0.066618 1.0 0.819267 0.068918 1.0 0.82122 0.069023 1.0
0 0.851074 0.010981 0.006836 0.016105 0.848633 0.007321 1.0 0.852539 0.007321 1.0 0.850586 0.011713 1.0 0.848633 0.014641 1.0 0.852539 0.014641 1.0
0 0.864258 0.01757 0.005859 0.014641 0.0 0.0 0.0 0.0 0.0 0.0 0.0 0.0 0.0 0.0 0.0 0.0 0.0 0.0 0.0
0 0.904297 0.15593 0.007812 0.016105 0.902344 0.153734 1.0 0.90625 0.153734 1.0 0.905273 0.158126 1.0 0.902344 0.161054 1.0 0.90625 0.161054 1.0
0 0.87793 0.144217 0.007812 0.021962 0.875 0.144949 1.0 0.87793 0.144949 1.0 0.876953 0.149341 1.0 0.876953 0.152269 1.0 0.879883 0.150805 1.0
0 0.911133 0.122255 0.011719 0.013177 0.0 0.0 0.0 0.0 0.0 0.0 0.0 0.0 0.0 0.0 0.0 0.0 0.0 0.0 0.0
0 0.894043 0.112006 0.008789 0.016105 0.892578 0.10981 1.0 0.896484 0.10981 1.0 0.894531 0.114202 1.0 0.892578 0.11713 1.0 0.897461 0.114202 1.0
0 0.881836 0.083455 0.007812 0.014641 0.0 0.0 0.0 0.0 0.0 0.0 0.0 0.0 0.0 0.0 0.0 0.0 0.0 0.0 0.0
0 0.894043 0.065154 0.006836 0.016105 0.891602 0.064422 1.0 0.895508 0.062958 1.0 0.893555 0.06735 1.0 0.892578 0.070278 1.0 0.896484 0.068814 1.0
0 0.908203 0.079063 0.007812 0.014641 0.906459 0.076657 1.0 0.909877 0.076553 1.0 0.908063 0.079586 1.0 0.907227 0.083142 1.0 0.90918 0.082933 1.0
0 0.916992 0.046852 0.007812 0.011713 0.0 0.0 0.0 0.0 0.0 0.0 0.0 0.0 0.0 0.0 0.0 0.0 0.0 0.0 0.0
0 0.948242 0.004392 0.005859 0.008785 0.0 0.0 0.0 0.0 0.0 0.0 0.0 0.0 0.0 0.0 0.0 0.0 0.0 0.0 0.0
0 0.791016 0.084919 0.005859 0.008785 0.0 0.0 0.0 0.0 0.0 0.0 0.0 0.0 0.0 0.0 0.0 0.0 0.0 0.0 0.0