0 0.878418 0.36713 0.02832 0.018302 0.0 0.0 0.0 0.0 0.0 0.0 0.0 0.0 0.0 0.0 0.0 0.0 0.0 0.0 0.0
0 0.790039 0.357247 0.027344 0.021962 0.78418 0.352123 1.0 0.796875 0.352123 1.0 0.791016 0.354319 1.0 0.785156 0.36164 1.0 0.792969 0.36164 1.0
0 0.783691 0.277452 0.026367 0.032211 0.0 0.0 0.0 0.0 0.0 0.0 0.0 0.0 0.0 0.0 0.0 0.0 0.0 0.0 0.0
0 0.634766 0.396779 0.060547 0.054173 0.611572 0.395419 1.0 0.628349 0.390321 1.0 0.612933 0.403236 1.0 0.622907 0.418872 1.0 0.634696 0.415133 1.0
0 0.660645 0.296852 0.026367 0.030015 0.653211 0.291067 1.0 0.663758 0.291261 1.0 0.656813 0.296081 1.0 0.653211 0.299166 1.0 0.662472 0.299552 1.0
0 0.521973 0.349561 0.024414 0.024158 0.0 0.0 0.0 0.0 0.0 0.0 0.0 0.0 0.0 0.0 0.0 0.0 0.0 0.0 0.0
0 0.425781 0.31552 0.021484 0.023426 0.421875 0.311859 1.0 0.432617 0.311127 1.0 0.428711 0.317716 1.0 0.422852 0.322108 1.0 0.43457 0.322108 1.0
0 0.250977 0.287335 0.027344 0.027086 0.0 0.0 0.0 0.0 0.0 0.0 0.0 0.0 0.0 0.0 0.0 0.0 0.0 0.0 0.0
0 0.253906 0.364568 0.029297 0.021962 0.249294 0.359846 1.0 0.262229 0.359002 1.0 0.257167 0.365327 1.0 0.253418 0.36884 1.0 0.261479 0.368277 1.0
0 0.142578 0.372621 0.019531 0.019034 0.141602 0.369693 1.0 0.151367 0.36896 1.0 0.147461 0.374085 1.0 0.142578 0.379209 1.0 0.150391 0.379209 1.0
0 0.0625 0.317716 0.023438 0.023426 0.0 0.0 0.0 0.0 0.0 0.0 0.0 0.0 0.0 0.0 0.0 0.0 0.0 0.0 0.0
0 0.016113 0.371523 0.024414 0.024158 0.014962 0.370755 1.0 0.026437 0.370755 1.0 0.021929 0.374594 1.0 0.017831 0.37951 1.0 0.024388 0.379357 1.0