0 0.208496 0.306569 0.02832 0.046715 0.205078 0.29781 1.0 0.216797 0.30073 1.0 0.210938 0.310949 1.0 0.205078 0.315328 1.0 0.214844 0.316788 1.0
0 0.30127 0.313869 0.022461 0.043796 0.294922 0.305109 1.0 0.307617 0.306569 1.0 0.299805 0.315328 1.0 0.295898 0.324088 1.0 0.305664 0.322628 1.0
0 0.392578 0.305109 0.025391 0.043796 0.385341 0.294851 1.0 0.395839 0.294851 1.0 0.390965 0.307182 1.0 0.388903 0.315029 1.0 0.396026 0.315029 1.0
0 0.499512 0.307299 0.022461 0.045255 0.492157 0.299674 1.0 0.503731 0.299088 1.0 0.496865 0.310232 1.0 0.494315 0.31727 1.0 0.502162 0.316977 1.0
0 0.587402 0.307299 0.024414 0.045255 0.577898 0.299974 1.0 0.588641 0.298826 1.0 0.581159 0.308003 1.0 0.578282 0.31632 1.0 0.587873 0.316032 1.0
0 0.686523 0.29562 0.025391 0.045255 0.678937 0.286001 1.0 0.691981 0.286575 1.0 0.683925 0.296898 1.0 0.678937 0.304353 1.0 0.687378 0.305501 1.0
0 0.774414 0.307299 0.025391 0.045255 0.767979 0.300261 1.0 0.779488 0.300834 1.0 0.772199 0.308577 1.0 0.768555 0.317753 1.0 0.777763 0.318039 1.0
0 0.89209 0.278102 0.030273 0.039416 0.882586 0.269917 1.0 0.893903 0.270203 1.0 0.887382 0.281101 1.0 0.883929 0.289416 1.0 0.893328 0.28999 1.0
0 0.166992 0.509489 0.025391 0.049635 0.159882 0.500137 1.0 0.173126 0.501734 1.0 0.16629 0.512272 1.0 0.162231 0.52281 1.0 0.171203 0.523448 1.0
0 0.305664 0.493431 0.025391 0.052555 0.297394 0.484058 1.0 0.312958 0.485055 1.0 0.304731 0.495028 1.0 0.299617 0.504001 1.0 0.310734 0.505331 1.0
0 0.4375 0.486131 0.027344 0.049635 0.428895 0.477737 1.0 0.444488 0.478057 1.0 0.43573 0.489872 1.0 0.431671 0.496578 1.0 0.443207 0.497218 1.0
0 0.562012 0.491971 0.02832 0.046715 0.556815 0.481564 1.0 0.567213 0.48127 1.0 0.563289 0.494761 1.0 0.557796 0.503851 1.0 0.566428 0.503266 1.0
0 0.681641 0.489781 0.027344 0.048175 0.671317 0.484984 1.0 0.684501 0.482482 1.0 0.677804 0.494057 1.0 0.67613 0.50438 1.0 0.683245 0.503441 1.0
0 0.820312 0.49708 0.029297 0.054015 0.810982 0.487877 1.0 0.824585 0.488895 1.0 0.816424 0.499061 1.0 0.813023 0.509568 1.0 0.822318 0.510245 1.0
0 0.107422 0.286131 0.027344 0.046715 0.104383 0.277777 1.0 0.115958 0.277483 1.0 0.110857 0.288921 1.0 0.106541 0.299772 1.0 0.113407 0.299772 1.0