0 0.818359 0.539531 0.072266 0.139092 0.790998 0.514275 1.0 0.81086 0.529165 1.0 0.780482 0.550186 1.0 0.811445 0.577337 1.0 0.811445 0.577337 1.0
0 0.619629 0.522694 0.051758 0.076135 0.595947 0.502092 1.0 0.608207 0.515007 1.0 0.593959 0.530407 1.0 0.598267 0.536865 1.0 0.607875 0.54382 1.0
0 0.500488 0.433382 0.040039 0.073206 0.492262 0.423833 1.0 0.511144 0.423833 1.0 0.502167 0.440539 1.0 0.49319 0.453997 1.0 0.508667 0.453069 1.0
0 0.538574 0.401903 0.026367 0.045388 0.0 0.0 0.0 0.0 0.0 0.0 0.0 0.0 0.0 0.0 0.0 0.0 0.0 0.0 0.0
0 0.429199 0.426794 0.030273 0.051245 0.418248 0.416258 1.0 0.4213 0.422139 1.0 0.416286 0.425735 1.0 0.415632 0.43848 1.0 0.419556 0.44469 1.0
0 0.396973 0.500732 0.057617 0.096633 0.407837 0.481155 1.0 0.41554 0.478117 1.0 0.426893 0.499392 1.0 0.404999 0.518236 1.0 0.414324 0.515805 1.0
0 0.191406 0.576135 0.072266 0.083455 0.170776 0.58501 1.0 0.193664 0.562363 1.0 0.190002 0.599423 1.0 0.191376 0.604228 1.0 0.208771 0.578835 1.0
0 0.100098 0.446559 0.036133 0.058565 0.084948 0.437258 1.0 0.094391 0.434278 1.0 0.083208 0.448435 1.0 0.090663 0.45775 1.0 0.094888 0.45775 1.0
0 0.272949 0.433382 0.014648 0.029283 0.269165 0.425512 1.0 0.269775 0.426428 1.0 0.264404 0.431003 1.0 0.268066 0.440154 1.0 0.268555 0.440703 1.0
0 0.24707 0.406296 0.025391 0.030747 0.242432 0.406545 1.0 0.252537 0.401577 1.0 0.249887 0.411511 1.0 0.250053 0.416977 1.0 0.255685 0.411511 1.0
0 0.300781 0.338946 0.011719 0.027818 0.29878 0.336776 1.0 0.304548 0.333776 1.0 0.304431 0.339246 1.0 0.303488 0.345423 1.0 0.306432 0.343482 1.0
0 0.338867 0.367496 0.011719 0.020498 0.0 0.0 0.0 0.0 0.0 0.0 0.0 0.0 0.0 0.0 0.0 0.0 0.0 0.0 0.0
0 0.323242 0.368228 0.009766 0.019034 0.0 0.0 0.0 0.0 0.0 0.0 0.0 0.0 0.0 0.0 0.0 0.0 0.0 0.0 0.0
0 0.145996 0.287701 0.020508 0.027818 0.0 0.0 0.0 0.0 0.0 0.0 0.0 0.0 0.0 0.0 0.0 0.0 0.0 0.0 0.0
0 0.140625 0.366032 0.011719 0.026354 0.0 0.0 0.0 0.0 0.0 0.0 0.0 0.0 0.0 0.0 0.0 0.0 0.0 0.0 0.0
0 0.092285 0.398975 0.022461 0.048316 0.0 0.0 0.0 0.0 0.0 0.0 0.0 0.0 0.0 0.0 0.0 0.0 0.0 0.0 0.0
0 0.375977 0.397511 0.029297 0.048316 0.0 0.0 0.0 0.0 0.0 0.0 0.0 0.0 0.0 0.0 0.0 0.0 0.0 0.0 0.0
0 0.450684 0.384334 0.026367 0.048316 0.44077 0.377268 1.0 0.454089 0.377268 1.0 0.446507 0.386792 1.0 0.443639 0.397851 1.0 0.45122 0.397236 1.0
0 0.568359 0.373353 0.021484 0.035139 0.559967 0.365529 1.0 0.561951 0.366444 1.0 0.556763 0.371934 1.0 0.560272 0.380628 1.0 0.561493 0.380857 1.0
0 0.533691 0.34407 0.014648 0.029283 0.532418 0.341521 1.0 0.538958 0.341717 1.0 0.536473 0.349168 1.0 0.533203 0.351717 1.0 0.538173 0.35211 1.0
0 0.433105 0.34041 0.008789 0.021962 0.0 0.0 0.0 0.0 0.0 0.0 0.0 0.0 0.0 0.0 0.0 0.0 0.0 0.0 0.0
0 0.382324 0.263543 0.010742 0.026354 0.0 0.0 0.0 0.0 0.0 0.0 0.0 0.0 0.0 0.0 0.0 0.0 0.0 0.0 0.0
0 0.627441 0.35798 0.014648 0.02489 0.0 0.0 0.0 0.0 0.0 0.0 0.0 0.0 0.0 0.0 0.0 0.0 0.0 0.0 0.0
0 0.646484 0.329429 0.011719 0.026354 0.642334 0.32637 1.0 0.642334 0.32637 1.0 0.639727 0.331978 1.0 0.643468 0.336227 1.0 0.643468 0.336397 1.0
0 0.671387 0.313324 0.008789 0.020498 0.0 0.0 0.0 0.0 0.0 0.0 0.0 0.0 0.0 0.0 0.0 0.0 0.0 0.0 0.0
0 0.599121 0.376281 0.014648 0.029283 0.0 0.0 0.0 0.0 0.0 0.0 0.0 0.0 0.0 0.0 0.0 0.0 0.0 0.0 0.0
0 0.756836 0.464861 0.025391 0.045388 0.749931 0.458952 1.0 0.761439 0.456939 1.0 0.75415 0.466429 1.0 0.751849 0.473619 1.0 0.760673 0.474195 1.0
0 0.702148 0.434846 0.019531 0.04978 0.0 0.0 0.0 0.0 0.0 0.0 0.0 0.0 0.0 0.0 0.0 0.0 0.0 0.0 0.0
0 0.707031 0.394583 0.025391 0.054173 0.703282 0.385498 1.0 0.713911 0.38619 1.0 0.708827 0.397275 1.0 0.704668 0.404898 1.0 0.711831 0.405243 1.0
0 0.725098 0.385798 0.016602 0.036603 0.0 0.0 0.0 0.0 0.0 0.0 0.0 0.0 0.0 0.0 0.0 0.0 0.0 0.0 0.0
0 0.730469 0.348463 0.013672 0.026354 0.0 0.0 0.0 0.0 0.0 0.0 0.0 0.0 0.0 0.0 0.0 0.0 0.0 0.0 0.0
0 0.759766 0.344802 0.013672 0.021962 0.0 0.0 0.0 0.0 0.0 0.0 0.0 0.0 0.0 0.0 0.0 0.0 0.0 0.0 0.0
0 0.800781 0.349927 0.017578 0.026354 0.799722 0.347606 1.0 0.806196 0.348136 1.0 0.803488 0.354136 1.0 0.799133 0.357489 1.0 0.805254 0.358725 1.0
0 0.797363 0.318448 0.010742 0.021962 0.0 0.0 0.0 0.0 0.0 0.0 0.0 0.0 0.0 0.0 0.0 0.0 0.0 0.0 0.0
0 0.784668 0.308931 0.006836 0.014641 0.0 0.0 0.0 0.0 0.0 0.0 0.0 0.0 0.0 0.0 0.0 0.0 0.0 0.0 0.0
0 0.739258 0.318448 0.011719 0.021962 0.0 0.0 0.0 0.0 0.0 0.0 0.0 0.0 0.0 0.0 0.0 0.0 0.0 0.0 0.0
0 0.697754 0.322108 0.010742 0.020498 0.0 0.0 0.0 0.0 0.0 0.0 0.0 0.0 0.0 0.0 0.0 0.0 0.0 0.0 0.0
0 0.861328 0.371889 0.013672 0.029283 0.0 0.0 0.0 0.0 0.0 0.0 0.0 0.0 0.0 0.0 0.0 0.0 0.0 0.0 0.0
0 0.816406 0.427526 0.041016 0.079063 0.0 0.0 0.0 0.0 0.0 0.0 0.0 0.0 0.0 0.0 0.0 0.0 0.0 0.0 0.0
0 0.933105 0.353587 0.018555 0.039531 0.924647 0.348044 1.0 0.930259 0.348044 1.0 0.926858 0.356966 1.0 0.926008 0.364613 1.0 0.930259 0.365123 1.0
0 0.866699 0.316252 0.012695 0.026354 0.0 0.0 0.0 0.0 0.0 0.0 0.0 0.0 0.0 0.0 0.0 0.0 0.0 0.0 0.0
0 0.879883 0.311127 0.005859 0.013177 0.0 0.0 0.0 0.0 0.0 0.0 0.0 0.0 0.0 0.0 0.0 0.0 0.0 0.0 0.0
0 0.897461 0.252562 0.009766 0.016105 0.0 0.0 0.0 0.0 0.0 0.0 0.0 0.0 0.0 0.0 0.0 0.0 0.0 0.0 0.0
0 0.495605 0.374817 0.020508 0.038067 0.0 0.0 0.0 0.0 0.0 0.0 0.0 0.0 0.0 0.0 0.0 0.0 0.0 0.0 0.0
0 0.837402 0.342606 0.012695 0.032211 0.0 0.0 0.0 0.0 0.0 0.0 0.0 0.0 0.0 0.0 0.0 0.0 0.0 0.0 0.0
0 0.922852 0.327965 0.011719 0.029283 0.0 0.0 0.0 0.0 0.0 0.0 0.0 0.0 0.0 0.0 0.0 0.0 0.0 0.0 0.0