0 0.956543 0.541992 0.02832 0.020182 0.944633 0.536679 1.0 0.946742 0.537318 1.0 0.94233 0.542434 1.0 0.947318 0.546782 1.0 0.950771 0.54691 1.0
0 0.86377 0.572266 0.049805 0.03125 0.854806 0.562105 1.0 0.880859 0.563779 1.0 0.869245 0.568592 1.0 0.854806 0.576753 1.0 0.873954 0.577799 1.0
0 0.788574 0.533854 0.02832 0.023438 0.782527 0.530416 1.0 0.796979 0.530268 1.0 0.790087 0.537234 1.0 0.783639 0.539458 1.0 0.794534 0.539458 1.0
0 0.601074 0.544596 0.043945 0.030599 0.586861 0.540051 1.0 0.607291 0.538516 1.0 0.596933 0.545805 1.0 0.593768 0.552711 1.0 0.604989 0.551752 1.0
0 0.486328 0.554036 0.035156 0.029948 0.475071 0.5522 1.0 0.492357 0.550688 1.0 0.483006 0.558056 1.0 0.481022 0.563913 1.0 0.490091 0.562968 1.0
0 0.253906 0.556966 0.058594 0.04362 0.230469 0.554455 1.0 0.24932 0.553635 1.0 0.238255 0.562378 1.0 0.239895 0.568115 1.0 0.253828 0.567569 1.0
0 0.363281 0.55013 0.017578 0.016927 0.359566 0.548191 1.0 0.37102 0.548514 1.0 0.365374 0.552493 1.0 0.361341 0.555612 1.0 0.3686 0.555719 1.0
0 0.424805 0.536458 0.017578 0.015625 0.421875 0.534505 1.0 0.431641 0.534505 1.0 0.426758 0.537109 1.0 0.420898 0.539714 1.0 0.431641 0.540365 1.0
0 0.108398 0.557292 0.027344 0.020833 0.101493 0.553967 1.0 0.113325 0.5541 1.0 0.107509 0.55878 1.0 0.104301 0.562523 1.0 0.114327 0.561988 1.0
0 0.182617 0.567057 0.03125 0.023438 0.181641 0.560547 1.0 0.196289 0.559896 1.0 0.192383 0.566406 1.0 0.179688 0.569661 1.0 0.19043 0.571615 1.0
0 0.402832 0.596354 0.030273 0.023438 0.397229 0.591285 1.0 0.411682 0.590544 1.0 0.407458 0.595584 1.0 0.403233 0.601809 1.0 0.410793 0.602551 1.0
0 0.70459 0.544271 0.016602 0.013021 0.702148 0.542969 1.0 0.709961 0.542318 1.0 0.706055 0.544922 1.0 0.702148 0.547526 1.0 0.709961 0.547526 1.0
0 0.540527 0.551758 0.014648 0.013672 0.539062 0.549479 1.0 0.546875 0.549479 1.0 0.542969 0.552083 1.0 0.541016 0.555339 1.0 0.546875 0.555339 1.0
0 0.204102 0.533203 0.007812 0.007812 0.0 0.0 0.0 0.0 0.0 0.0 0.0 0.0 0.0 0.0 0.0 0.0 0.0 0.0 0.0