0 0.484375 0.556535 0.007812 0.014684 0.0 0.0 0.0 0.0 0.0 0.0 0.0 0.0 0.0 0.0 0.0 0.0 0.0 0.0 0.0
0 0.378418 0.557269 0.004883 0.007342 0.0 0.0 0.0 0.0 0.0 0.0 0.0 0.0 0.0 0.0 0.0 0.0 0.0 0.0 0.0
0 0.109375 0.504405 0.007812 0.013216 0.0 0.0 0.0 0.0 0.0 0.0 0.0 0.0 0.0 0.0 0.0 0.0 0.0 0.0 0.0
0 0.461426 0.571953 0.004883 0.007342 0.0 0.0 0.0 0.0 0.0 0.0 0.0 0.0 0.0 0.0 0.0 0.0 0.0 0.0 0.0
0 0.172363 0.427313 0.030273 0.049927 0.166853 0.41672 1.0 0.181501 0.419236 1.0 0.173131 0.427733 1.0 0.167062 0.438116 1.0 0.17627 0.43969 1.0
0 0.250977 0.486784 0.017578 0.030837 0.247162 0.483329 1.0 0.254189 0.484549 1.0 0.250271 0.490035 1.0 0.246892 0.495523 1.0 0.253243 0.496539 1.0
0 0.21582 0.5279 0.009766 0.016153 0.0 0.0 0.0 0.0 0.0 0.0 0.0 0.0 0.0 0.0 0.0 0.0 0.0 0.0 0.0
0 0.297363 0.507342 0.012695 0.022026 0.294103 0.50531 1.0 0.300049 0.50531 1.0 0.296309 0.509925 1.0 0.293431 0.514251 1.0 0.298994 0.514972 1.0
0 0.722656 0.404552 0.039062 0.07489 0.717713 0.393545 1.0 0.736171 0.39211 1.0 0.729806 0.407423 1.0 0.720259 0.422737 1.0 0.736808 0.420344 1.0
0 0.635742 0.492658 0.023438 0.048458 0.628906 0.487518 1.0 0.641602 0.487518 1.0 0.635742 0.49486 1.0 0.629883 0.503671 1.0 0.640625 0.50514 1.0
0 0.547852 0.530837 0.015625 0.022026 0.54606 0.526012 1.0 0.552478 0.526163 1.0 0.54967 0.531742 1.0 0.54616 0.536717 1.0 0.551876 0.536416 1.0
0 0.976562 0.617474 0.021484 0.033774 0.969727 0.60793 1.0 0.981445 0.60793 1.0 0.976562 0.618209 1.0 0.972656 0.624082 1.0 0.979492 0.624082 1.0
0 0.884277 0.542584 0.016602 0.030837 0.883789 0.534508 1.0 0.893555 0.535977 1.0 0.889648 0.540382 1.0 0.885742 0.546256 1.0 0.892578 0.547724 1.0
0 0.946289 0.559471 0.013672 0.023495 0.941891 0.552555 1.0 0.947506 0.552405 1.0 0.943494 0.557532 1.0 0.942492 0.56326 1.0 0.946703 0.56311 1.0
0 0.899414 0.552863 0.011719 0.022026 0.0 0.0 0.0 0.0 0.0 0.0 0.0 0.0 0.0 0.0 0.0 0.0 0.0 0.0 0.0
0 0.064453 0.496329 0.011719 0.023495 0.061571 0.491825 1.0 0.067889 0.492429 1.0 0.064379 0.496499 1.0 0.061672 0.501325 1.0 0.066385 0.501626 1.0
0 0.039062 0.482379 0.013672 0.022026 0.0 0.0 0.0 0.0 0.0 0.0 0.0 0.0 0.0 0.0 0.0 0.0 0.0 0.0 0.0
0 0.583008 0.558003 0.009766 0.017621 0.0 0.0 0.0 0.0 0.0 0.0 0.0 0.0 0.0 0.0 0.0 0.0 0.0 0.0 0.0
0 0.509277 0.562408 0.008789 0.017621 0.0 0.0 0.0 0.0 0.0 0.0 0.0 0.0 0.0 0.0 0.0 0.0 0.0 0.0 0.0
0 0.569824 0.568282 0.006836 0.014684 0.0 0.0 0.0 0.0 0.0 0.0 0.0 0.0 0.0 0.0 0.0 0.0 0.0 0.0 0.0
0 0.361816 0.544053 0.008789 0.016153 0.0 0.0 0.0 0.0 0.0 0.0 0.0 0.0 0.0 0.0 0.0 0.0 0.0 0.0 0.0
0 0.327637 0.535977 0.012695 0.020558 0.0 0.0 0.0 0.0 0.0 0.0 0.0 0.0 0.0 0.0 0.0 0.0 0.0 0.0 0.0