0 0.835449 0.672767 0.020508 0.051245 0.0 0.0 0.0 0.0 0.0 0.0 0.0 0.0 0.0 0.0 0.0 0.0 0.0 0.0 0.0
0 0.496094 0.732064 0.011719 0.029283 0.0 0.0 0.0 0.0 0.0 0.0 0.0 0.0 0.0 0.0 0.0 0.0 0.0 0.0 0.0
0 0.519531 0.698389 0.015625 0.029283 0.0 0.0 0.0 0.0 0.0 0.0 0.0 0.0 0.0 0.0 0.0 0.0 0.0 0.0 0.0
0 0.086914 0.784041 0.017578 0.062958 0.0 0.0 0.0 0.0 0.0 0.0 0.0 0.0 0.0 0.0 0.0 0.0 0.0 0.0 0.0
0 0.144531 0.808931 0.015625 0.054173 0.0 0.0 0.0 0.0 0.0 0.0 0.0 0.0 0.0 0.0 0.0 0.0 0.0 0.0 0.0
0 0.126465 0.711567 0.006836 0.014641 0.122907 0.707278 1.0 0.123256 0.707278 1.0 0.12207 0.711044 1.0 0.122768 0.715123 1.0 0.123116 0.715123 1.0
0 0.067871 0.770132 0.012695 0.020498 0.0 0.0 0.0 0.0 0.0 0.0 0.0 0.0 0.0 0.0 0.0 0.0 0.0 0.0 0.0
0 0.064941 0.803075 0.012695 0.021962 0.0 0.0 0.0 0.0 0.0 0.0 0.0 0.0 0.0 0.0 0.0 0.0 0.0 0.0 0.0
0 0.494629 0.27306 0.024414 0.051245 0.486677 0.26383 1.0 0.501063 0.261543 1.0 0.493652 0.26383 1.0 0.489511 0.280826 1.0 0.499974 0.278537 1.0
0 0.673828 0.232064 0.029297 0.057101 0.666626 0.222332 1.0 0.683891 0.219097 1.0 0.673819 0.228083 1.0 0.670223 0.243183 1.0 0.677896 0.241385 1.0
0 0.040527 0.795754 0.016602 0.030747 0.0 0.0 0.0 0.0 0.0 0.0 0.0 0.0 0.0 0.0 0.0 0.0 0.0 0.0 0.0
0 0.947266 0.948023 0.097656 0.103953 0.912262 0.915884 1.0 0.972207 0.927324 1.0 0.923706 0.948567 1.0 0.913352 1.000857 1.0 0.943869 1.008209 1.0
0 0.727051 0.915081 0.079102 0.149341 0.718566 0.895537 1.0 0.752263 0.894681 1.0 0.740841 0.930643 1.0 0.727705 0.95205 1.0 0.753976 0.952906 1.0
0 0.98584 0.763543 0.02832 0.074671 0.980992 0.751045 1.0 0.998884 0.748693 1.0 0.997314 0.762811 1.0 0.986956 0.783518 1.0 0.998884 0.780224 1.0
0 0.894531 0.685212 0.039062 0.040996 0.887582 0.677029 1.0 0.88957 0.675911 1.0 0.90274 0.677029 1.0 0.901746 0.690069 1.0 0.905971 0.688206 1.0
0 0.571289 0.784041 0.050781 0.10981 0.554627 0.77153 1.0 0.575884 0.772224 1.0 0.558323 0.793701 1.0 0.552778 0.810329 1.0 0.57496 0.812408 1.0
0 0.708008 0.767204 0.029297 0.046852 0.701904 0.754876 1.0 0.715742 0.755477 1.0 0.707921 0.764498 1.0 0.703107 0.777728 1.0 0.714138 0.77893 1.0
0 0.691895 0.693265 0.026367 0.033675 0.681632 0.684584 1.0 0.692897 0.681605 1.0 0.687265 0.687565 1.0 0.684779 0.699736 1.0 0.694554 0.696755 1.0
0 0.736816 0.718155 0.024414 0.04246 0.73175 0.712208 1.0 0.745117 0.711933 1.0 0.738159 0.717148 1.0 0.733398 0.727031 1.0 0.743652 0.726483 1.0
0 0.97998 0.690337 0.040039 0.060029 0.0 0.0 0.0 0.0 0.0 0.0 0.0 0.0 0.0 0.0 0.0 0.0 0.0 0.0 0.0
0 0.389648 0.880673 0.025391 0.051245 0.384582 0.867849 1.0 0.396571 0.867523 1.0 0.390468 0.879941 1.0 0.380877 0.886805 1.0 0.397226 0.887132 1.0
0 0.151367 0.972182 0.070312 0.055637 0.0 0.0 0.0 0.0 0.0 0.0 0.0 0.0 0.0 0.0 0.0 0.0 0.0 0.0 0.0
0 0.422852 0.797218 0.023438 0.027818 0.417176 0.783903 1.0 0.426636 0.782988 1.0 0.421601 0.791452 1.0 0.417633 0.79969 1.0 0.425415 0.799231 1.0
0 0.44873 0.742313 0.020508 0.038067 0.441951 0.734568 1.0 0.448727 0.734327 1.0 0.44421 0.742064 1.0 0.442436 0.750045 1.0 0.446952 0.749079 1.0
0 0.262207 0.830161 0.032227 0.055637 0.262198 0.82152 1.0 0.273947 0.819363 1.0 0.272029 0.82835 1.0 0.261719 0.842012 1.0 0.274187 0.841293 1.0
0 0.216309 0.808199 0.016602 0.032211 0.215332 0.80382 1.0 0.222225 0.80382 1.0 0.21817 0.810305 1.0 0.215332 0.817193 1.0 0.219657 0.817193 1.0
0 0.35498 0.735725 0.014648 0.027818 0.0 0.0 0.0 0.0 0.0 0.0 0.0 0.0 0.0 0.0 0.0 0.0 0.0 0.0 0.0
0 0.786621 0.695461 0.014648 0.032211 0.0 0.0 0.0 0.0 0.0 0.0 0.0 0.0 0.0 0.0 0.0 0.0 0.0 0.0 0.0
0 0.240723 0.713763 0.010742 0.019034 0.0 0.0 0.0 0.0 0.0 0.0 0.0 0.0 0.0 0.0 0.0 0.0 0.0 0.0 0.0
0 0.287598 0.754026 0.010742 0.020498 0.0 0.0 0.0 0.0 0.0 0.0 0.0 0.0 0.0 0.0 0.0 0.0 0.0 0.0 0.0
0 0.330566 0.765739 0.012695 0.020498 0.326451 0.760877 1.0 0.331334 0.760615 1.0 0.329066 0.766758 1.0 0.328021 0.771334 1.0 0.331508 0.771073 1.0
0 0.256836 0.751098 0.011719 0.023426 0.0 0.0 0.0 0.0 0.0 0.0 0.0 0.0 0.0 0.0 0.0 0.0 0.0 0.0 0.0
0 0.280273 0.702782 0.009766 0.014641 0.0 0.0 0.0 0.0 0.0 0.0 0.0 0.0 0.0 0.0 0.0 0.0 0.0 0.0 0.0
0 0.266602 0.718155 0.013672 0.021962 0.264187 0.714548 1.0 0.268599 0.714978 1.0 0.266297 0.718574 1.0 0.265337 0.722312 1.0 0.267543 0.722312 1.0
0 0.221191 0.702782 0.012695 0.020498 0.0 0.0 0.0 0.0 0.0 0.0 0.0 0.0 0.0 0.0 0.0 0.0 0.0 0.0 0.0
0 0.327637 0.722548 0.010742 0.016105 0.323813 0.720548 1.0 0.329372 0.720659 1.0 0.326333 0.725214 1.0 0.32448 0.726993 1.0 0.328557 0.726993 1.0
0 0.470215 0.79795 0.014648 0.040996 0.0 0.0 0.0 0.0 0.0 0.0 0.0 0.0 0.0 0.0 0.0 0.0 0.0 0.0 0.0
0 0.458984 0.933382 0.033203 0.071742 0.458496 0.911603 1.0 0.460327 0.907028 1.0 0.474061 0.917552 1.0 0.468872 0.944088 1.0 0.471619 0.941344 1.0
0 0.405273 0.754026 0.011719 0.023426 0.0 0.0 0.0 0.0 0.0 0.0 0.0 0.0 0.0 0.0 0.0 0.0 0.0 0.0 0.0
0 0.416992 0.711567 0.011719 0.029283 0.0 0.0 0.0 0.0 0.0 0.0 0.0 0.0 0.0 0.0 0.0 0.0 0.0 0.0 0.0
0 0.673828 0.70571 0.015625 0.026354 0.669146 0.701801 1.0 0.675721 0.701971 1.0 0.672093 0.708259 1.0 0.669826 0.710638 1.0 0.67504 0.710808 1.0
0 0.806152 0.694729 0.032227 0.045388 0.795702 0.682937 1.0 0.807177 0.684474 1.0 0.799186 0.693382 1.0 0.796932 0.703214 1.0 0.802464 0.703827 1.0
0 0.152832 0.724744 0.010742 0.020498 0.0 0.0 0.0 0.0 0.0 0.0 0.0 0.0 0.0 0.0 0.0 0.0 0.0 0.0 0.0
0 0.307617 0.785505 0.013672 0.02489 0.0 0.0 0.0 0.0 0.0 0.0 0.0 0.0 0.0 0.0 0.0 0.0 0.0 0.0 0.0
0 0.205078 0.704246 0.009766 0.01757 0.202145 0.701625 1.0 0.205554 0.700958 1.0 0.20333 0.704736 1.0 0.203256 0.707848 1.0 0.205554 0.707403 1.0
0 0.251953 0.721816 0.009766 0.014641 0.0 0.0 0.0 0.0 0.0 0.0 0.0 0.0 0.0 0.0 0.0 0.0 0.0 0.0 0.0
0 0.293457 0.837482 0.016602 0.029283 0.0 0.0 0.0 0.0 0.0 0.0 0.0 0.0 0.0 0.0 0.0 0.0 0.0 0.0 0.0
0 0.429688 0.866764 0.035156 0.052709 0.0 0.0 0.0 0.0 0.0 0.0 0.0 0.0 0.0 0.0 0.0 0.0 0.0 0.0 0.0
0 0.377441 0.72694 0.008789 0.019034 0.0 0.0 0.0 0.0 0.0 0.0 0.0 0.0 0.0 0.0 0.0 0.0 0.0 0.0 0.0
0 0.39502 0.70571 0.010742 0.023426 0.0 0.0 0.0 0.0 0.0 0.0 0.0 0.0 0.0 0.0 0.0 0.0 0.0 0.0 0.0
0 0.355469 0.712299 0.011719 0.021962 0.0 0.0 0.0 0.0 0.0 0.0 0.0 0.0 0.0 0.0 0.0 0.0 0.0 0.0 0.0