0 0.688965 0.449707 0.018555 0.026367 0.682513 0.44574 1.0 0.689968 0.447562 1.0 0.683507 0.453194 1.0 0.682347 0.456508 1.0 0.687648 0.457999 1.0
0 0.624512 0.593262 0.016602 0.022461 0.0 0.0 0.0 0.0 0.0 0.0 0.0 0.0 0.0 0.0 0.0 0.0 0.0 0.0 0.0
0 0.588379 0.534668 0.018555 0.024414 0.0 0.0 0.0 0.0 0.0 0.0 0.0 0.0 0.0 0.0 0.0 0.0 0.0 0.0 0.0
0 0.532227 0.600098 0.019531 0.024414 0.52703 0.598354 1.0 0.535191 0.598197 1.0 0.53064 0.604945 1.0 0.527187 0.608869 1.0 0.533465 0.609184 1.0
0 0.529297 0.544434 0.017578 0.022461 0.524148 0.540148 1.0 0.531629 0.543457 1.0 0.524148 0.546047 1.0 0.52199 0.549787 1.0 0.525155 0.551657 1.0
0 0.486328 0.622559 0.017578 0.024414 0.479126 0.61853 1.0 0.487365 0.620514 1.0 0.48172 0.625396 1.0 0.478363 0.627686 1.0 0.487365 0.628906 1.0
0 0.466309 0.560059 0.016602 0.026367 0.460018 0.556488 1.0 0.467329 0.559208 1.0 0.461718 0.563119 1.0 0.459168 0.566859 1.0 0.464778 0.56839 1.0
0 0.419922 0.560059 0.017578 0.026367 0.410954 0.557338 1.0 0.417075 0.557678 1.0 0.413334 0.563629 1.0 0.414864 0.56652 1.0 0.423026 0.565159 1.0
0 0.447754 0.62793 0.018555 0.025391 0.0 0.0 0.0 0.0 0.0 0.0 0.0 0.0 0.0 0.0 0.0 0.0 0.0 0.0 0.0
0 0.39209 0.656738 0.016602 0.024414 0.0 0.0 0.0 0.0 0.0 0.0 0.0 0.0 0.0 0.0 0.0 0.0 0.0 0.0 0.0
0 0.367676 0.567383 0.024414 0.023438 0.359497 0.56768 1.0 0.366717 0.565325 1.0 0.364205 0.574271 1.0 0.367973 0.579765 1.0 0.373309 0.577724 1.0
0 0.271484 0.597656 0.019531 0.023438 0.0 0.0 0.0 0.0 0.0 0.0 0.0 0.0 0.0 0.0 0.0 0.0 0.0 0.0 0.0
0 0.323242 0.669922 0.023438 0.017578 0.0 0.0 0.0 0.0 0.0 0.0 0.0 0.0 0.0 0.0 0.0 0.0 0.0 0.0 0.0
0 0.188477 0.685547 0.021484 0.027344 0.0 0.0 0.0 0.0 0.0 0.0 0.0 0.0 0.0 0.0 0.0 0.0 0.0 0.0 0.0
0 0.258789 0.681641 0.021484 0.019531 0.0 0.0 0.0 0.0 0.0 0.0 0.0 0.0 0.0 0.0 0.0 0.0 0.0 0.0 0.0
0 0.322754 0.590332 0.018555 0.026367 0.0 0.0 0.0 0.0 0.0 0.0 0.0 0.0 0.0 0.0 0.0 0.0 0.0 0.0 0.0