0 0.197266 0.693606 0.037109 0.032328 0.182269 0.685242 1.0 0.196777 0.6875 1.0 0.183942 0.690374 1.0 0.182826 0.697557 1.0 0.195382 0.698173 1.0
0 0.443848 0.689296 0.040039 0.035201 0.436035 0.684223 1.0 0.45465 0.683325 1.0 0.446411 0.689611 1.0 0.438781 0.697468 1.0 0.453125 0.697019 1.0
0 0.508301 0.68283 0.032227 0.030891 0.497001 0.6775 1.0 0.517543 0.677103 1.0 0.50619 0.685454 1.0 0.501596 0.690027 1.0 0.513488 0.690027 1.0
0 0.585449 0.584411 0.03418 0.032328 0.575195 0.57851 1.0 0.593331 0.57851 1.0 0.584682 0.583642 1.0 0.576591 0.591236 1.0 0.591657 0.59062 1.0
0 0.719238 0.706178 0.041992 0.038793 0.711365 0.699152 1.0 0.731842 0.699152 1.0 0.722107 0.705325 1.0 0.715058 0.711251 1.0 0.725128 0.711499 1.0
0 0.496582 0.58908 0.026367 0.030172 0.485033 0.582098 1.0 0.491721 0.583234 1.0 0.484005 0.589289 1.0 0.485548 0.594208 1.0 0.489921 0.595154 1.0
0 0.422363 0.565374 0.014648 0.014368 0.0 0.0 0.0 0.0 0.0 0.0 0.0 0.0 0.0 0.0 0.0 0.0 0.0 0.0 0.0
0 0.34668 0.614583 0.035156 0.032328 0.331403 0.608272 1.0 0.339495 0.608887 1.0 0.328613 0.615251 1.0 0.334193 0.621818 1.0 0.34089 0.622639 1.0
0 0.167969 0.693247 0.027344 0.030172 0.155905 0.688725 1.0 0.166451 0.688725 1.0 0.157963 0.694023 1.0 0.160278 0.699511 1.0 0.170053 0.699511 1.0
0 0.854004 0.608118 0.03418 0.033764 0.847186 0.601197 1.0 0.863299 0.601197 1.0 0.855242 0.606065 1.0 0.847186 0.613685 1.0 0.865025 0.613262 1.0
0 0.719238 0.567888 0.032227 0.032328 0.725726 0.56404 1.0 0.732701 0.562808 1.0 0.733538 0.566913 1.0 0.729073 0.573892 1.0 0.732979 0.573481 1.0
0 0.819824 0.542744 0.030273 0.030891 0.827445 0.5398 1.0 0.834473 0.537017 1.0 0.835283 0.543976 1.0 0.831229 0.55352 1.0 0.831229 0.55352 1.0
0 0.879883 0.606322 0.023438 0.031609 0.885712 0.600103 1.0 0.892304 0.599901 1.0 0.893951 0.605963 1.0 0.889557 0.612428 1.0 0.892853 0.612024 1.0
0 0.774902 0.688218 0.03418 0.031609 0.765351 0.684223 1.0 0.782379 0.684828 1.0 0.772217 0.690284 1.0 0.766174 0.696143 1.0 0.779907 0.696547 1.0
0 0.210449 0.405532 0.016602 0.01796 0.209647 0.402864 1.0 0.217494 0.402402 1.0 0.215141 0.40575 1.0 0.213414 0.408521 1.0 0.217023 0.408175 1.0
0 0.187012 0.409483 0.014648 0.014368 0.0 0.0 0.0 0.0 0.0 0.0 0.0 0.0 0.0 0.0 0.0 0.0 0.0 0.0 0.0
0 0.59375 0.390805 0.015625 0.011494 0.0 0.0 0.0 0.0 0.0 0.0 0.0 0.0 0.0 0.0 0.0 0.0 0.0 0.0 0.0
0 0.535645 0.35273 0.014648 0.014368 0.0 0.0 0.0 0.0 0.0 0.0 0.0 0.0 0.0 0.0 0.0 0.0 0.0 0.0 0.0
0 0.600586 0.299928 0.011719 0.016523 0.0 0.0 0.0 0.0 0.0 0.0 0.0 0.0 0.0 0.0 0.0 0.0 0.0 0.0 0.0
0 0.641602 0.378233 0.013672 0.015086 0.0 0.0 0.0 0.0 0.0 0.0 0.0 0.0 0.0 0.0 0.0 0.0 0.0 0.0 0.0
0 0.520508 0.405532 0.015625 0.013649 0.0 0.0 0.0 0.0 0.0 0.0 0.0 0.0 0.0 0.0 0.0 0.0 0.0 0.0 0.0
0 0.285645 0.363865 0.018555 0.015086 0.0 0.0 0.0 0.0 0.0 0.0 0.0 0.0 0.0 0.0 0.0 0.0 0.0 0.0 0.0
0 0.107422 0.369612 0.011719 0.013649 0.0 0.0 0.0 0.0 0.0 0.0 0.0 0.0 0.0 0.0 0.0 0.0 0.0 0.0 0.0
0 0.73584 0.279095 0.012695 0.010776 0.0 0.0 0.0 0.0 0.0 0.0 0.0 0.0 0.0 0.0 0.0 0.0 0.0 0.0 0.0
0 0.774902 0.271911 0.010742 0.010776 0.0 0.0 0.0 0.0 0.0 0.0 0.0 0.0 0.0 0.0 0.0 0.0 0.0 0.0 0.0
0 0.867188 0.311063 0.011719 0.014368 0.0 0.0 0.0 0.0 0.0 0.0 0.0 0.0 0.0 0.0 0.0 0.0 0.0 0.0 0.0
0 0.840332 0.319325 0.010742 0.013649 0.0 0.0 0.0 0.0 0.0 0.0 0.0 0.0 0.0 0.0 0.0 0.0 0.0 0.0 0.0
0 0.608887 0.32148 0.012695 0.012213 0.0 0.0 0.0 0.0 0.0 0.0 0.0 0.0 0.0 0.0 0.0 0.0 0.0 0.0 0.0
0 0.601562 0.353089 0.009766 0.012213 0.0 0.0 0.0 0.0 0.0 0.0 0.0 0.0 0.0 0.0 0.0 0.0 0.0 0.0 0.0
0 0.475098 0.566092 0.022461 0.025862 0.0 0.0 0.0 0.0 0.0 0.0 0.0 0.0 0.0 0.0 0.0 0.0 0.0 0.0 0.0
0 0.544922 0.574353 0.027344 0.032328 0.0 0.0 0.0 0.0 0.0 0.0 0.0 0.0 0.0 0.0 0.0 0.0 0.0 0.0 0.0
0 0.794922 0.534842 0.023438 0.029454 0.0 0.0 0.0 0.0 0.0 0.0 0.0 0.0 0.0 0.0 0.0 0.0 0.0 0.0 0.0
0 0.263672 0.635417 0.015625 0.015086 0.0 0.0 0.0 0.0 0.0 0.0 0.0 0.0 0.0 0.0 0.0 0.0 0.0 0.0 0.0