0 0.86084 0.428819 0.05957 0.135417 0.843898 0.409024 1.0 0.874869 0.408165 1.0 0.859867 0.42709 1.0 0.846802 0.458922 1.0 0.872934 0.458062 1.0
0 0.873047 0.815972 0.083984 0.225694 0.843039 0.755535 1.0 0.872559 0.769717 1.0 0.83187 0.806594 1.0 0.843039 0.857655 1.0 0.863782 0.864747 1.0
0 0.688477 0.554688 0.095703 0.210069 0.65019 0.519562 1.0 0.680577 0.516927 1.0 0.646484 0.551184 1.0 0.648708 0.602569 1.0 0.670942 0.598618 1.0
0 0.716797 0.298611 0.023438 0.048611 0.71184 0.285668 1.0 0.723995 0.287575 1.0 0.717917 0.298696 1.0 0.712555 0.308229 1.0 0.72185 0.309818 1.0
0 0.573242 0.427083 0.083984 0.173611 0.545707 0.387967 1.0 0.582589 0.386873 1.0 0.552469 0.41638 1.0 0.543248 0.460092 1.0 0.580131 0.456814 1.0
0 0.259277 0.234375 0.032227 0.065972 0.252197 0.219247 1.0 0.266558 0.218828 1.0 0.25926 0.231384 1.0 0.254081 0.246868 1.0 0.263732 0.247288 1.0
0 0.360352 0.209201 0.025391 0.057292 0.354492 0.197917 1.0 0.365234 0.199653 1.0 0.358398 0.208333 1.0 0.354492 0.222222 1.0 0.363281 0.222222 1.0
0 0.460449 0.596354 0.057617 0.123264 0.444318 0.56991 1.0 0.473092 0.56991 1.0 0.453474 0.595486 1.0 0.446935 0.621839 1.0 0.465681 0.622613 1.0
0 0.47168 0.367188 0.03125 0.085069 0.458374 0.354927 1.0 0.462342 0.35384 1.0 0.455627 0.37283 1.0 0.462951 0.389649 1.0 0.466004 0.388021 1.0
0 0.458008 0.418403 0.025391 0.065972 0.451765 0.405599 1.0 0.454162 0.406878 1.0 0.446969 0.424356 1.0 0.453203 0.430323 1.0 0.455841 0.432028 1.0
0 0.415527 0.4375 0.032227 0.069444 0.402344 0.420139 1.0 0.414062 0.427083 1.0 0.405273 0.435764 1.0 0.401367 0.449653 1.0 0.414062 0.458333 1.0
0 0.211426 0.329861 0.057617 0.246528 0.230892 0.26113 1.0 0.225687 0.26113 1.0 0.239567 0.305858 1.0 0.235229 0.376806 1.0 0.233494 0.376806 1.0
0 0.264648 0.559896 0.041016 0.140625 0.0 0.0 0.0 0.0 0.0 0.0 0.0 0.0 0.0 0.0 0.0 0.0 0.0 0.0 0.0
0 0.365234 0.493056 0.066406 0.118056 0.0 0.0 0.0 0.0 0.0 0.0 0.0 0.0 0.0 0.0 0.0 0.0 0.0 0.0 0.0