0 0.044922 0.298456 0.023438 0.048027 0.043073 0.292521 1.0 0.052425 0.292223 1.0 0.048685 0.304168 1.0 0.044604 0.311038 1.0 0.051234 0.311038 1.0
0 0.130859 0.315609 0.019531 0.044597 0.125898 0.310693 1.0 0.137329 0.310693 1.0 0.131531 0.322914 1.0 0.126893 0.327861 1.0 0.135673 0.331062 1.0
0 0.220703 0.281304 0.023438 0.051458 0.21654 0.276494 1.0 0.227038 0.281434 1.0 0.221039 0.28736 1.0 0.214103 0.29263 1.0 0.223288 0.29658 1.0
0 0.29834 0.335334 0.020508 0.046312 0.293579 0.330334 1.0 0.303271 0.330036 1.0 0.30004 0.340189 1.0 0.295109 0.346161 1.0 0.303101 0.345564 1.0
0 0.352051 0.125214 0.041992 0.102916 0.340816 0.116545 1.0 0.361197 0.110038 1.0 0.354156 0.128913 1.0 0.34378 0.148439 1.0 0.36305 0.142581 1.0
0 0.669434 0.326758 0.020508 0.046312 0.664132 0.322991 1.0 0.6749 0.323573 1.0 0.668439 0.33172 1.0 0.664795 0.338413 1.0 0.672084 0.338413 1.0
0 0.742188 0.299314 0.021484 0.046312 0.736075 0.294674 1.0 0.746513 0.294383 1.0 0.740548 0.304858 1.0 0.7374 0.313005 1.0 0.744193 0.312132 1.0
0 0.833008 0.152659 0.037109 0.096055 0.816188 0.145751 1.0 0.827898 0.138492 1.0 0.816532 0.160271 1.0 0.8186 0.174789 1.0 0.828932 0.17116 1.0
0 0.981934 0.311321 0.022461 0.053173 0.975856 0.311321 1.0 0.984488 0.308909 1.0 0.979584 0.319247 1.0 0.976641 0.326482 1.0 0.986058 0.326137 1.0
0 0.564453 0.309605 0.021484 0.046312 0.558594 0.303602 1.0 0.567383 0.303602 1.0 0.563477 0.315609 1.0 0.556641 0.32247 1.0 0.567383 0.32247 1.0
0 0.481934 0.311321 0.018555 0.046312 0.0 0.0 0.0 0.0 0.0 0.0 0.0 0.0 0.0 0.0 0.0 0.0 0.0 0.0 0.0
0 0.661621 0.222985 0.014648 0.034305 0.657227 0.2247 1.0 0.665039 0.2247 1.0 0.661133 0.233276 1.0 0.657227 0.240137 1.0 0.664062 0.240137 1.0
0 0.402344 0.319039 0.013672 0.041166 0.0 0.0 0.0 0.0 0.0 0.0 0.0 0.0 0.0 0.0 0.0 0.0 0.0 0.0 0.0