0 0.110352 0.341505 0.023438 0.037628 0.103516 0.338655 1.0 0.115234 0.337514 1.0 0.109375 0.344356 1.0 0.107422 0.352338 1.0 0.113281 0.351197 1.0
0 0.058594 0.343216 0.023438 0.034208 0.053693 0.34008 1.0 0.063477 0.338735 1.0 0.058681 0.348143 1.0 0.05542 0.354639 1.0 0.062134 0.353742 1.0
0 0.01123 0.355188 0.022461 0.042189 0.007202 0.353569 1.0 0.016906 0.350871 1.0 0.016906 0.358156 1.0 0.012055 0.367869 1.0 0.019218 0.365979 1.0
0 0.116699 0.431585 0.026367 0.037628 0.111576 0.426617 1.0 0.122026 0.423029 1.0 0.118748 0.432359 1.0 0.116699 0.44169 1.0 0.12469 0.438579 1.0
0 0.3125 0.420182 0.025391 0.035348 0.310887 0.414227 1.0 0.321572 0.415977 1.0 0.315948 0.421669 1.0 0.312012 0.428454 1.0 0.318198 0.428892 1.0
0 0.546387 0.303307 0.024414 0.038769 0.540283 0.297498 1.0 0.552246 0.298246 1.0 0.546479 0.306228 1.0 0.541992 0.313712 1.0 0.549683 0.313961 1.0
0 0.814941 0.357469 0.018555 0.030787 0.814453 0.352338 1.0 0.823242 0.354618 1.0 0.818359 0.359179 1.0 0.8125 0.36488 1.0 0.821289 0.366021 1.0
0 0.879883 0.367731 0.023438 0.035348 0.871255 0.362462 1.0 0.883811 0.364295 1.0 0.875571 0.369105 1.0 0.870666 0.376436 1.0 0.880868 0.377352 1.0
0 0.943848 0.330103 0.026367 0.033067 0.938416 0.324616 1.0 0.9505 0.325257 1.0 0.944275 0.334023 1.0 0.940246 0.338512 1.0 0.947205 0.33894 1.0
0 0.89502 0.339225 0.022461 0.033067 0.885742 0.338655 1.0 0.895508 0.336374 1.0 0.890625 0.342075 1.0 0.889648 0.348917 1.0 0.896484 0.346636 1.0
0 0.720703 0.778791 0.078125 0.063854 0.732531 0.797203 1.0 0.731546 0.800655 1.0 0.707898 0.80123 1.0 0.700509 0.783974 1.0 0.698046 0.785699 1.0
0 0.365234 0.344356 0.021484 0.031927 0.366211 0.343216 1.0 0.371094 0.345496 1.0 0.366211 0.348917 1.0 0.359375 0.348917 1.0 0.368164 0.355758 1.0