0 0.133301 0.338558 0.036133 0.062696 0.137773 0.336179 1.0 0.147714 0.335781 1.0 0.143738 0.352133 1.0 0.132059 0.358914 1.0 0.139017 0.357716 1.0
0 0.196289 0.350313 0.009766 0.020376 0.0 0.0 0.0 0.0 0.0 0.0 0.0 0.0 0.0 0.0 0.0 0.0 0.0 0.0 0.0
0 0.177246 0.348746 0.006836 0.014107 0.0 0.0 0.0 0.0 0.0 0.0 0.0 0.0 0.0 0.0 0.0 0.0 0.0 0.0 0.0
0 0.311523 0.345611 0.011719 0.023511 0.0 0.0 0.0 0.0 0.0 0.0 0.0 0.0 0.0 0.0 0.0 0.0 0.0 0.0 0.0
0 0.34375 0.35815 0.009766 0.020376 0.0 0.0 0.0 0.0 0.0 0.0 0.0 0.0 0.0 0.0 0.0 0.0 0.0 0.0 0.0
0 0.361816 0.372257 0.008789 0.020376 0.0 0.0 0.0 0.0 0.0 0.0 0.0 0.0 0.0 0.0 0.0 0.0 0.0 0.0 0.0
0 0.481445 0.366771 0.011719 0.025078 0.0 0.0 0.0 0.0 0.0 0.0 0.0 0.0 0.0 0.0 0.0 0.0 0.0 0.0 0.0
0 0.523438 0.368339 0.009766 0.025078 0.0 0.0 0.0 0.0 0.0 0.0 0.0 0.0 0.0 0.0 0.0 0.0 0.0 0.0 0.0
0 0.529297 0.688871 0.03125 0.03605 0.0 0.0 0.0 0.0 0.0 0.0 0.0 0.0 0.0 0.0 0.0 0.0 0.0 0.0 0.0
0 0.647949 0.37931 0.008789 0.021944 0.0 0.0 0.0 0.0 0.0 0.0 0.0 0.0 0.0 0.0 0.0 0.0 0.0 0.0 0.0
0 0.819824 0.376959 0.016602 0.032915 0.817932 0.376743 1.0 0.824825 0.378478 1.0 0.821176 0.384334 1.0 0.817121 0.387154 1.0 0.822527 0.389323 1.0
0 0.890625 0.398903 0.011719 0.023511 0.0 0.0 0.0 0.0 0.0 0.0 0.0 0.0 0.0 0.0 0.0 0.0 0.0 0.0 0.0
0 0.919434 0.395768 0.014648 0.032915 0.916068 0.387636 1.0 0.922607 0.388056 1.0 0.91973 0.393934 1.0 0.916853 0.399392 1.0 0.922346 0.399392 1.0
0 0.092285 0.347179 0.010742 0.020376 0.0 0.0 0.0 0.0 0.0 0.0 0.0 0.0 0.0 0.0 0.0 0.0 0.0 0.0 0.0
0 0.102051 0.28605 0.004883 0.010972 0.0 0.0 0.0 0.0 0.0 0.0 0.0 0.0 0.0 0.0 0.0 0.0 0.0 0.0 0.0
0 0.302246 0.710031 0.018555 0.021944 0.0 0.0 0.0 0.0 0.0 0.0 0.0 0.0 0.0 0.0 0.0 0.0 0.0 0.0 0.0