0 0.498535 0.245283 0.055664 0.119013 0.492532 0.227419 1.0 0.517099 0.228164 1.0 0.505567 0.252753 1.0 0.489523 0.269147 1.0 0.512085 0.268402 1.0
0 0.585449 0.224238 0.020508 0.036284 0.588885 0.220713 1.0 0.592809 0.219313 1.0 0.593122 0.225145 1.0 0.590925 0.235875 1.0 0.592181 0.235642 1.0
0 0.655273 0.230769 0.029297 0.046444 0.653869 0.223318 1.0 0.666704 0.224212 1.0 0.661892 0.23375 1.0 0.656878 0.240009 1.0 0.664699 0.240605 1.0
0 0.775391 0.213353 0.033203 0.055152 0.764326 0.204554 1.0 0.775391 0.202104 1.0 0.768563 0.2161 1.0 0.766915 0.225547 1.0 0.775391 0.224148 1.0
0 0.290527 0.216981 0.026367 0.044993 0.291992 0.213353 1.0 0.301758 0.213353 1.0 0.300781 0.219158 1.0 0.295898 0.226415 1.0 0.302734 0.229318 1.0
0 0.335938 0.207547 0.023438 0.049347 0.332459 0.201106 1.0 0.34378 0.199837 1.0 0.339936 0.206821 1.0 0.335235 0.218885 1.0 0.343354 0.217617 1.0
0 0.372559 0.179971 0.02832 0.049347 0.362091 0.176388 1.0 0.373413 0.17353 1.0 0.367432 0.182103 1.0 0.366791 0.191945 1.0 0.374054 0.189087 1.0
0 0.418945 0.177794 0.023438 0.039187 0.412506 0.167687 1.0 0.423388 0.167434 1.0 0.417606 0.173498 1.0 0.413017 0.183605 1.0 0.421178 0.184364 1.0
0 0.432129 0.129898 0.018555 0.030479 0.427028 0.127811 1.0 0.436968 0.12684 1.0 0.43226 0.135393 1.0 0.43069 0.140253 1.0 0.435398 0.139864 1.0
0 0.449219 0.124093 0.017578 0.036284 0.444336 0.120464 1.0 0.454102 0.117562 1.0 0.450195 0.129173 1.0 0.446289 0.134978 1.0 0.454102 0.132075 1.0
0 0.01123 0.195936 0.016602 0.03193 0.007812 0.193033 1.0 0.016602 0.193033 1.0 0.012695 0.198839 1.0 0.008789 0.204644 1.0 0.014648 0.203193 1.0
0 0.11377 0.192308 0.014648 0.027576 0.116211 0.193033 1.0 0.119141 0.190131 1.0 0.120117 0.194485 1.0 0.119141 0.20029 1.0 0.121094 0.198839 1.0
0 0.16748 0.193033 0.012695 0.026125 0.166539 0.18899 1.0 0.1713 0.189158 1.0 0.169373 0.194718 1.0 0.166652 0.199604 1.0 0.171187 0.19994 1.0
0 0.197754 0.179245 0.010742 0.024673 0.195312 0.175617 1.0 0.201172 0.175617 1.0 0.197266 0.179971 1.0 0.194336 0.185776 1.0 0.199219 0.184325 1.0
0 0.944336 0.122642 0.013672 0.027576 0.944702 0.118106 1.0 0.948486 0.118287 1.0 0.947021 0.12373 1.0 0.944946 0.128991 1.0 0.948975 0.129717 1.0
0 0.718262 0.13135 0.012695 0.024673 0.716797 0.129173 1.0 0.723633 0.127721 1.0 0.720703 0.134978 1.0 0.716797 0.137881 1.0 0.723633 0.140784 1.0
0 0.602051 0.150943 0.016602 0.023222 0.595703 0.140784 1.0 0.604492 0.140784 1.0 0.599609 0.146589 1.0 0.59668 0.152395 1.0 0.602539 0.150943 1.0
0 0.664062 0.150943 0.013672 0.026125 0.666992 0.146589 1.0 0.670898 0.145138 1.0 0.669922 0.149492 1.0 0.666992 0.153846 1.0 0.668945 0.153846 1.0
0 0.194336 0.130624 0.009766 0.020319 0.191406 0.12627 1.0 0.197266 0.12627 1.0 0.193359 0.133527 1.0 0.191406 0.137881 1.0 0.197266 0.137881 1.0
0 0.564941 0.16836 0.016602 0.029028 0.55957 0.161103 1.0 0.564453 0.161103 1.0 0.561523 0.165457 1.0 0.557617 0.169811 1.0 0.5625 0.169811 1.0
0 0.310059 0.180697 0.020508 0.04209 0.0 0.0 0.0 0.0 0.0 0.0 0.0 0.0 0.0 0.0 0.0 0.0 0.0 0.0 0.0
0 0.069824 0.201016 0.016602 0.033382 0.0 0.0 0.0 0.0 0.0 0.0 0.0 0.0 0.0 0.0 0.0 0.0 0.0 0.0 0.0