0 0.464844 0.674672 0.091797 0.088792 0.443481 0.683588 1.0 0.445221 0.644696 1.0 0.459717 0.633461 1.0 0.478271 0.670624 1.0 0.48175 0.640376 1.0
0 0.122559 0.296943 0.088867 0.154294 0.125479 0.267169 1.0 0.158608 0.267169 1.0 0.15536 0.291374 1.0 0.131326 0.326231 1.0 0.154062 0.324294 1.0
0 0.25 0.181951 0.083984 0.14556 0.256762 0.161066 1.0 0.286883 0.160148 1.0 0.280121 0.191301 1.0 0.256762 0.213291 1.0 0.28258 0.213291 1.0
0 0.29541 0.161572 0.020508 0.049491 0.290039 0.157205 1.0 0.298828 0.15575 1.0 0.294922 0.164483 1.0 0.291016 0.173217 1.0 0.298828 0.173217 1.0
0 0.391113 0.093159 0.040039 0.069869 0.3863 0.084808 1.0 0.401642 0.082566 1.0 0.394723 0.098707 1.0 0.388707 0.109469 1.0 0.40104 0.107675 1.0
0 0.492188 0.149199 0.070312 0.13246 0.500069 0.117696 1.0 0.521833 0.130173 1.0 0.514021 0.141818 1.0 0.490025 0.162611 1.0 0.507882 0.176753 1.0
0 0.586426 0.087336 0.022461 0.040757 0.581612 0.080319 1.0 0.590855 0.079539 1.0 0.586321 0.087856 1.0 0.58388 0.095914 1.0 0.590157 0.095134 1.0
0 0.670898 0.043668 0.029297 0.046579 0.664507 0.030256 1.0 0.674936 0.02936 1.0 0.668919 0.039821 1.0 0.66551 0.050284 1.0 0.673531 0.049387 1.0
0 0.832031 0.069141 0.029297 0.048035 0.826729 0.05968 1.0 0.84096 0.061863 1.0 0.831962 0.068102 1.0 0.826312 0.078083 1.0 0.834264 0.07933 1.0
0 0.862305 0.093886 0.039062 0.056769 0.848157 0.080923 1.0 0.865056 0.084626 1.0 0.85114 0.09685 1.0 0.844927 0.104258 1.0 0.861328 0.107962 1.0
0 0.02832 0.242358 0.017578 0.027656 0.025948 0.234236 1.0 0.033364 0.234236 1.0 0.029716 0.240902 1.0 0.026772 0.245991 1.0 0.033364 0.245991 1.0