0 0.773926 0.188596 0.020508 0.035088 0.76825 0.181927 1.0 0.777404 0.181927 1.0 0.772979 0.191749 1.0 0.770996 0.197689 1.0 0.776489 0.197917 1.0
0 0.682617 0.196637 0.019531 0.03655 0.678711 0.190058 1.0 0.6875 0.19152 1.0 0.683594 0.19883 1.0 0.678711 0.204678 1.0 0.6875 0.204678 1.0
0 0.371582 0.151316 0.018555 0.033626 0.367297 0.1477 1.0 0.37636 0.147269 1.0 0.372476 0.154807 1.0 0.369311 0.158901 1.0 0.375497 0.158469 1.0
0 0.334961 0.17617 0.015625 0.027778 0.330811 0.169591 1.0 0.341187 0.171966 1.0 0.33374 0.177083 1.0 0.330811 0.180921 1.0 0.336792 0.181104 1.0
0 0.266602 0.182018 0.015625 0.030702 0.261309 0.177762 1.0 0.270203 0.175412 1.0 0.265232 0.186181 1.0 0.265102 0.196754 1.0 0.271642 0.196363 1.0
0 0.234863 0.201023 0.016602 0.033626 0.232361 0.194608 1.0 0.239698 0.193962 1.0 0.237108 0.200854 1.0 0.233943 0.206885 1.0 0.239267 0.206238 1.0
0 0.224121 0.16155 0.014648 0.024854 0.220703 0.156433 1.0 0.228516 0.154971 1.0 0.223633 0.160819 1.0 0.220703 0.166667 1.0 0.227539 0.166667 1.0
0 0.112793 0.201754 0.016602 0.02924 0.109375 0.19883 1.0 0.117188 0.19883 1.0 0.113281 0.203216 1.0 0.109375 0.209064 1.0 0.117188 0.209064 1.0
0 0.058105 0.130117 0.016602 0.032164 0.05692 0.121972 1.0 0.063756 0.121763 1.0 0.063616 0.129699 1.0 0.060547 0.134921 1.0 0.064593 0.134503 1.0
0 0.017578 0.381579 0.017578 0.035088 0.015346 0.37782 1.0 0.022252 0.376645 1.0 0.019427 0.383224 1.0 0.015346 0.388627 1.0 0.023193 0.387923 1.0
0 0.861816 0.236842 0.016602 0.035088 0.863281 0.233918 1.0 0.868164 0.233918 1.0 0.869141 0.241228 1.0 0.866211 0.247076 1.0 0.869141 0.247076 1.0