0 0.401855 0.024813 0.12793 0.018006 0.394317 0.022834 1.0 0.447693 0.023513 1.0 0.429565 0.027476 1.0 0.393311 0.029627 1.0 0.435607 0.029627 1.0
0 0.080566 0.029864 0.02832 0.003733 0.0 0.0 0.0 0.0 0.0 0.0 0.0 0.0 0.0 0.0 0.0 0.0 0.0 0.0 0.0
0 0.54834 0.025692 0.125977 0.016908 0.521973 0.021347 1.0 0.58224 0.022088 1.0 0.550224 0.02537 1.0 0.512556 0.028335 1.0 0.578474 0.028758 1.0
0 0.678223 0.028491 0.120117 0.017677 0.642265 0.026443 1.0 0.703352 0.026443 1.0 0.670838 0.030098 1.0 0.644234 0.032314 1.0 0.703352 0.032203 1.0
0 0.908691 0.025637 0.049805 0.006478 0.0 0.0 0.0 0.0 0.0 0.0 0.0 0.0 0.0 0.0 0.0 0.0 0.0 0.0 0.0
0 0.336914 0.100406 0.091797 0.013724 0.313407 0.097591 1.0 0.357143 0.097505 1.0 0.335658 0.100438 1.0 0.314941 0.102508 1.0 0.358678 0.102422 1.0
0 0.643066 0.10617 0.069336 0.011199 0.624634 0.10226 1.0 0.632115 0.102961 1.0 0.609048 0.105204 1.0 0.619022 0.107798 1.0 0.623387 0.107868 1.0
0 0.116211 0.181818 0.09375 0.012956 0.125854 0.180162 1.0 0.156974 0.179593 1.0 0.159145 0.184149 1.0 0.120064 0.184963 1.0 0.15046 0.1848 1.0
0 0.601074 0.185826 0.081055 0.009772 0.600651 0.183771 1.0 0.631657 0.182526 1.0 0.628335 0.185826 1.0 0.602866 0.188067 1.0 0.628889 0.187693 1.0
0 0.43457 0.173968 0.072266 0.01087 0.417721 0.172878 1.0 0.452262 0.173287 1.0 0.433476 0.175399 1.0 0.416508 0.176284 1.0 0.449838 0.176557 1.0
0 0.501953 0.180007 0.039062 0.00538 0.499023 0.178888 1.0 0.514893 0.178922 1.0 0.508789 0.180123 1.0 0.498413 0.181015 1.0 0.512146 0.181015 1.0
0 0.685547 0.184069 0.03125 0.005819 0.680751 0.182561 1.0 0.682076 0.182673 1.0 0.670812 0.183418 1.0 0.673793 0.18502 1.0 0.674787 0.185094 1.0
0 0.193848 0.182861 0.051758 0.007137 0.172682 0.181995 1.0 0.194981 0.181813 1.0 0.179979 0.184274 1.0 0.183224 0.184958 1.0 0.200657 0.184366 1.0
0 0.03418 0.186265 0.046875 0.005819 0.0 0.0 0.0 0.0 0.0 0.0 0.0 0.0 0.0 0.0 0.0 0.0 0.0 0.0 0.0
0 0.810547 0.259113 0.169922 0.023935 0.748491 0.25665 1.0 0.818089 0.255747 1.0 0.760537 0.261917 1.0 0.75786 0.264475 1.0 0.824781 0.263873 1.0
0 0.597656 0.267677 0.095703 0.013834 0.566302 0.265453 1.0 0.605656 0.265713 1.0 0.578648 0.268142 1.0 0.564758 0.270572 1.0 0.596396 0.270745 1.0
0 0.410645 0.278107 0.075195 0.01076 0.388946 0.276622 1.0 0.418641 0.276758 1.0 0.398036 0.27887 1.0 0.388341 0.280164 1.0 0.419246 0.280369 1.0
0 0.144531 0.272727 0.0625 0.008344 0.136579 0.271414 1.0 0.166435 0.271623 1.0 0.154306 0.273354 1.0 0.137979 0.27456 1.0 0.163635 0.274823 1.0
0 0.333984 0.339427 0.070312 0.009113 0.300058 0.337001 1.0 0.326294 0.337232 1.0 0.299028 0.339603 1.0 0.30726 0.341454 1.0 0.325779 0.341454 1.0
0 0.853027 0.334596 0.061523 0.011089 0.840776 0.331061 1.0 0.842634 0.330852 1.0 0.824062 0.334193 1.0 0.833348 0.336699 1.0 0.835205 0.336699 1.0
0 0.447754 0.449824 0.12793 0.016908 0.399521 0.446548 1.0 0.452832 0.447246 1.0 0.418574 0.450259 1.0 0.398291 0.453232 1.0 0.441787 0.453742 1.0
0 0.702148 0.468105 0.201172 0.027339 0.614197 0.464276 1.0 0.687439 0.463761 1.0 0.603516 0.470795 1.0 0.611145 0.475084 1.0 0.663025 0.474569 1.0
0 0.770996 0.434343 0.112305 0.017787 0.73587 0.431618 1.0 0.786342 0.431618 1.0 0.757643 0.435401 1.0 0.73785 0.43796 1.0 0.786342 0.437849 1.0
0 0.463867 0.413428 0.037109 0.004282 0.0 0.0 0.0 0.0 0.0 0.0 0.0 0.0 0.0 0.0 0.0 0.0 0.0 0.0 0.0
0 0.405762 0.422101 0.043945 0.006258 0.0 0.0 0.0 0.0 0.0 0.0 0.0 0.0 0.0 0.0 0.0 0.0 0.0 0.0 0.0
0 0.869629 0.389932 0.061523 0.008235 0.848345 0.389461 1.0 0.869141 0.388318 1.0 0.852967 0.390085 1.0 0.852967 0.391799 1.0 0.871913 0.390916 1.0
0 0.645508 0.386748 0.029297 0.001427 0.0 0.0 0.0 0.0 0.0 0.0 0.0 0.0 0.0 0.0 0.0 0.0 0.0 0.0 0.0
0 0.467285 0.497859 0.067383 0.009332 0.453194 0.495451 1.0 0.484062 0.495451 1.0 0.46889 0.497334 1.0 0.458427 0.499392 1.0 0.478829 0.499451 1.0
0 0.816406 0.499945 0.039062 0.005599 0.803362 0.499149 1.0 0.819685 0.499431 1.0 0.809013 0.50049 1.0 0.801793 0.50102 1.0 0.817487 0.501267 1.0
0 0.37207 0.511254 0.033203 0.004941 0.0 0.0 0.0 0.0 0.0 0.0 0.0 0.0 0.0 0.0 0.0 0.0 0.0 0.0 0.0
0 0.041992 0.50516 0.082031 0.012297 0.025849 0.501335 1.0 0.013528 0.50195 1.0 0.009421 0.505105 1.0 0.038169 0.507645 1.0 0.047066 0.507183 1.0
0 0.538574 0.496047 0.030273 0.004611 0.0 0.0 0.0 0.0 0.0 0.0 0.0 0.0 0.0 0.0 0.0 0.0 0.0 0.0 0.0
0 0.260742 0.567907 0.150391 0.020751 0.213867 0.563941 1.0 0.282287 0.563159 1.0 0.23938 0.567592 1.0 0.223145 0.571764 1.0 0.284607 0.571503 1.0
0 0.606445 0.563022 0.095703 0.012516 0.574371 0.559652 1.0 0.615082 0.560362 1.0 0.583496 0.563203 1.0 0.571563 0.564624 1.0 0.610168 0.565334 1.0
0 0.421875 0.565437 0.050781 0.008125 0.399687 0.563766 1.0 0.421289 0.563714 1.0 0.405049 0.565552 1.0 0.404229 0.567216 1.0 0.42084 0.567132 1.0
0 0.0625 0.650307 0.083984 0.013395 0.024736 0.647906 1.0 0.053065 0.648241 1.0 0.021755 0.650001 1.0 0.026974 0.652935 1.0 0.048593 0.65327 1.0
0 0.307617 0.653382 0.099609 0.014712 0.341736 0.651196 1.0 0.333496 0.650548 1.0 0.347504 0.655272 1.0 0.321137 0.657032 1.0 0.316192 0.656662 1.0
0 0.598633 0.658267 0.064453 0.009332 0.59082 0.656272 1.0 0.618024 0.656213 1.0 0.605469 0.658565 1.0 0.586635 0.659918 1.0 0.615409 0.659742 1.0
0 0.791016 0.665184 0.09375 0.012846 0.762643 0.663683 1.0 0.780518 0.662638 1.0 0.764073 0.666898 1.0 0.788383 0.668104 1.0 0.796247 0.667621 1.0
0 0.718262 0.654534 0.055664 0.006697 0.691981 0.654297 1.0 0.716256 0.653998 1.0 0.69843 0.656045 1.0 0.707153 0.656727 1.0 0.720049 0.656727 1.0
0 0.67334 0.655413 0.038086 0.005819 0.65843 0.654389 1.0 0.680298 0.654427 1.0 0.665057 0.655619 1.0 0.66108 0.656736 1.0 0.683611 0.656662 1.0
0 0.633301 0.650966 0.043945 0.00549 0.0 0.0 0.0 0.0 0.0 0.0 0.0 0.0 0.0 0.0 0.0 0.0 0.0 0.0 0.0
0 0.401855 0.653821 0.036133 0.005051 0.0 0.0 0.0 0.0 0.0 0.0 0.0 0.0 0.0 0.0 0.0 0.0 0.0 0.0 0.0
0 0.17041 0.726175 0.069336 0.009003 0.153878 0.724316 1.0 0.187971 0.724373 1.0 0.167916 0.726458 1.0 0.156887 0.727698 1.0 0.182957 0.727755 1.0
0 0.487793 0.711682 0.094727 0.013834 0.470816 0.709198 1.0 0.512486 0.709198 1.0 0.50014 0.712495 1.0 0.47699 0.71449 1.0 0.517116 0.714143 1.0
0 0.604004 0.719971 0.086914 0.011748 0.574742 0.717784 1.0 0.611363 0.718446 1.0 0.583897 0.720652 1.0 0.575396 0.722196 1.0 0.601554 0.722784 1.0
0 0.495117 0.799242 0.150391 0.020092 0.431885 0.79307 1.0 0.484545 0.79244 1.0 0.436366 0.798739 1.0 0.459896 0.801888 1.0 0.502472 0.801132 1.0
0 0.778809 0.792271 0.206055 0.023715 0.695742 0.788596 1.0 0.777383 0.788015 1.0 0.719541 0.793294 1.0 0.711436 0.797624 1.0 0.775186 0.797099 1.0
0 0.349609 0.880105 0.134766 0.018006 0.330537 0.875926 1.0 0.386396 0.877698 1.0 0.352061 0.880839 1.0 0.317715 0.882718 1.0 0.361973 0.884106 1.0
0 0.473145 0.885211 0.116211 0.013505 0.435342 0.882384 1.0 0.490068 0.882306 1.0 0.459746 0.885995 1.0 0.445283 0.888692 1.0 0.483418 0.888589 1.0
0 0.940918 0.858256 0.045898 0.007246 0.952724 0.856644 1.0 0.958871 0.856183 1.0 0.963379 0.858072 1.0 0.944527 0.859639 1.0 0.946577 0.859547 1.0
0 0.143555 0.945927 0.136719 0.019433 0.145229 0.94259 1.0 0.192802 0.94417 1.0 0.18307 0.947087 1.0 0.13766 0.94964 1.0 0.180908 0.950977 1.0
0 0.342285 0.957894 0.118164 0.017018 0.311384 0.954847 1.0 0.363656 0.954634 1.0 0.331343 0.959869 1.0 0.318037 0.961365 1.0 0.361756 0.961365 1.0
0 0.531738 0.961462 0.110352 0.015591 0.505603 0.958286 1.0 0.562862 0.958872 1.0 0.528159 0.9617 1.0 0.499529 0.963944 1.0 0.555921 0.964626 1.0
0 0.703613 0.96009 0.032227 0.006039 0.0 0.0 0.0 0.0 0.0 0.0 0.0 0.0 0.0 0.0 0.0 0.0 0.0 0.0 0.0
0 0.96875 0.957235 0.046875 0.007795 0.0 0.0 0.0 0.0 0.0 0.0 0.0 0.0 0.0 0.0 0.0 0.0 0.0 0.0 0.0
0 0.038086 0.271025 0.046875 0.007137 0.0433 0.270339 1.0 0.05413 0.27061 1.0 0.050921 0.272188 1.0 0.033272 0.27291 1.0 0.038487 0.273225 1.0
0 0.009766 0.111386 0.019531 0.006917 0.0 0.0 0.0 0.0 0.0 0.0 0.0 0.0 0.0 0.0 0.0 0.0 0.0 0.0 0.0
0 0.936035 0.191864 0.004883 0.000769 0.0 0.0 0.0 0.0 0.0 0.0 0.0 0.0 0.0 0.0 0.0 0.0 0.0 0.0 0.0
0 0.943359 0.191864 0.005859 0.000769 0.0 0.0 0.0 0.0 0.0 0.0 0.0 0.0 0.0 0.0 0.0 0.0 0.0 0.0 0.0
0 0.560547 0.448507 0.060547 0.008125 0.546783 0.448452 1.0 0.565094 0.447011 1.0 0.559601 0.449018 1.0 0.555023 0.450871 1.0 0.572876 0.449739 1.0
0 0.560059 0.495718 0.030273 0.004611 0.0 0.0 0.0 0.0 0.0 0.0 0.0 0.0 0.0 0.0 0.0 0.0 0.0 0.0 0.0
0 0.147461 0.813022 0.0625 0.009003 0.0 0.0 0.0 0.0 0.0 0.0 0.0 0.0 0.0 0.0 0.0 0.0 0.0 0.0 0.0
0 0.961426 0.904754 0.077148 0.016579 0.0 0.0 0.0 0.0 0.0 0.0 0.0 0.0 0.0 0.0 0.0 0.0 0.0 0.0 0.0
0 0.709961 0.955753 0.029297 0.004611 0.0 0.0 0.0 0.0 0.0 0.0 0.0 0.0 0.0 0.0 0.0 0.0 0.0 0.0 0.0