0 0.347168 0.51665 0.022461 0.028254 0.339391 0.515028 1.0 0.348808 0.511604 1.0 0.344622 0.518092 1.0 0.342006 0.524399 1.0 0.350377 0.521154 1.0
0 0.179688 0.606963 0.009766 0.013118 0.0 0.0 0.0 0.0 0.0 0.0 0.0 0.0 0.0 0.0 0.0 0.0 0.0 0.0 0.0
0 0.246582 0.521191 0.032227 0.049445 0.236328 0.518794 1.0 0.251893 0.515326 1.0 0.246094 0.527624 1.0 0.23999 0.534246 1.0 0.253723 0.532353 1.0
0 0.14209 0.497982 0.010742 0.013118 0.143341 0.49764 1.0 0.14508 0.497382 1.0 0.145992 0.500293 1.0 0.143424 0.501748 1.0 0.144832 0.501576 1.0
0 0.329102 0.458628 0.015625 0.019173 0.0 0.0 0.0 0.0 0.0 0.0 0.0 0.0 0.0 0.0 0.0 0.0 0.0 0.0 0.0
0 0.655762 0.737639 0.018555 0.010091 0.0 0.0 0.0 0.0 0.0 0.0 0.0 0.0 0.0 0.0 0.0 0.0 0.0 0.0 0.0
0 0.324219 0.18113 0.007812 0.009082 0.0 0.0 0.0 0.0 0.0 0.0 0.0 0.0 0.0 0.0 0.0 0.0 0.0 0.0 0.0
0 0.441406 0.237639 0.007812 0.0111 0.0 0.0 0.0 0.0 0.0 0.0 0.0 0.0 0.0 0.0 0.0 0.0 0.0 0.0 0.0
0 0.419434 0.240666 0.008789 0.0111 0.0 0.0 0.0 0.0 0.0 0.0 0.0 0.0 0.0 0.0 0.0 0.0 0.0 0.0 0.0
0 0.540527 0.317861 0.024414 0.030272 0.539852 0.315806 1.0 0.55035 0.316387 1.0 0.547163 0.321424 1.0 0.541727 0.327816 1.0 0.547351 0.328204 1.0
0 0.331543 0.317861 0.020508 0.032291 0.0 0.0 0.0 0.0 0.0 0.0 0.0 0.0 0.0 0.0 0.0 0.0 0.0 0.0 0.0
0 0.665527 0.188698 0.012695 0.024218 0.662902 0.188194 1.0 0.667785 0.188036 1.0 0.665039 0.19182 1.0 0.66275 0.195604 1.0 0.66687 0.195447 1.0
0 0.526855 0.462664 0.014648 0.015136 0.526153 0.460695 1.0 0.530265 0.464115 1.0 0.525552 0.464426 1.0 0.523045 0.464218 1.0 0.525953 0.467845 1.0
0 0.245605 0.300706 0.004883 0.010091 0.0 0.0 0.0 0.0 0.0 0.0 0.0 0.0 0.0 0.0 0.0 0.0 0.0 0.0 0.0
0 0.183105 0.040363 0.004883 0.006054 0.0 0.0 0.0 0.0 0.0 0.0 0.0 0.0 0.0 0.0 0.0 0.0 0.0 0.0 0.0
0 0.324219 0.058022 0.005859 0.007064 0.0 0.0 0.0 0.0 0.0 0.0 0.0 0.0 0.0 0.0 0.0 0.0 0.0 0.0 0.0
0 0.420898 0.134712 0.007812 0.009082 0.0 0.0 0.0 0.0 0.0 0.0 0.0 0.0 0.0 0.0 0.0 0.0 0.0 0.0 0.0
0 0.4375 0.13774 0.007812 0.009082 0.0 0.0 0.0 0.0 0.0 0.0 0.0 0.0 0.0 0.0 0.0 0.0 0.0 0.0 0.0