0 0.015137 0.229818 0.030273 0.084635 -0.007604 0.218471 1.0 0.017265 0.218471 1.0 0.005633 0.23291 1.0 -0.004796 0.258046 1.0 0.011649 0.25644 1.0
0 0.294922 0.320312 0.074219 0.111979 0.308149 0.301374 1.0 0.322392 0.307704 1.0 0.319755 0.329508 1.0 0.294961 0.344982 1.0 0.306039 0.349906 1.0
0 0.408691 0.283203 0.045898 0.092448 0.4021 0.273833 1.0 0.426078 0.274995 1.0 0.417358 0.295922 1.0 0.403407 0.30406 1.0 0.419975 0.30406 1.0
0 0.474609 0.426432 0.041016 0.082031 0.464216 0.416365 1.0 0.483834 0.415318 1.0 0.474418 0.431536 1.0 0.46814 0.449846 1.0 0.482265 0.449323 1.0
0 0.911621 0.270182 0.086914 0.128906 0.884277 0.263835 1.0 0.900146 0.255697 1.0 0.886108 0.29069 1.0 0.901367 0.300456 1.0 0.916626 0.292318 1.0
0 0.78125 0.300781 0.064453 0.114583 0.758419 0.296497 1.0 0.774768 0.293591 1.0 0.755693 0.31321 1.0 0.766048 0.337914 1.0 0.774768 0.335008 1.0
0 0.646484 0.263021 0.054688 0.09375 0.625301 0.258848 1.0 0.65128 0.252977 1.0 0.636309 0.28057 1.0 0.635429 0.290551 1.0 0.650399 0.289964 1.0
0 0.56543 0.388021 0.058594 0.09375 0.54953 0.37504 1.0 0.573748 0.372105 1.0 0.560098 0.390892 1.0 0.557456 0.410854 1.0 0.568023 0.410854 1.0
0 0.616211 0.260417 0.037109 0.078125 0.605229 0.250872 1.0 0.621163 0.248896 1.0 0.615976 0.264707 1.0 0.611528 0.278047 1.0 0.624128 0.277059 1.0
0 0.585938 0.264323 0.035156 0.072917 0.578016 0.255865 1.0 0.594203 0.256324 1.0 0.58456 0.268723 1.0 0.579049 0.280663 1.0 0.59627 0.28204 1.0
0 0.52002 0.316406 0.043945 0.070312 0.509277 0.307698 1.0 0.529419 0.305909 1.0 0.518341 0.324707 1.0 0.512635 0.336792 1.0 0.52774 0.337687 1.0
0 0.479492 0.281901 0.044922 0.076823 0.0 0.0 0.0 0.0 0.0 0.0 0.0 0.0 0.0 0.0 0.0 0.0 0.0 0.0 0.0
0 0.334961 0.323568 0.054688 0.079427 0.331438 0.304855 1.0 0.350402 0.324073 1.0 0.338645 0.330648 1.0 0.319681 0.331659 1.0 0.331817 0.344302 1.0
0 0.431152 0.282552 0.018555 0.070312 0.0 0.0 0.0 0.0 0.0 0.0 0.0 0.0 0.0 0.0 0.0 0.0 0.0 0.0 0.0
0 0.45166 0.276042 0.02832 0.0625 0.445757 0.261754 1.0 0.460798 0.268171 1.0 0.453578 0.280203 1.0 0.445456 0.289027 1.0 0.457188 0.291033 1.0