0 0.125 0.090847 0.039062 0.031659 0.114311 0.092899 1.0 0.126212 0.087707 1.0 0.122528 0.095495 1.0 0.125362 0.102685 1.0 0.131312 0.09869 1.0
0 0.027832 0.10117 0.026367 0.024776 0.022774 0.097815 1.0 0.035924 0.093981 1.0 0.032523 0.100691 1.0 0.030029 0.10804 1.0 0.037284 0.105324 1.0
0 0.269531 0.041294 0.046875 0.038541 0.256788 0.038562 1.0 0.274697 0.032252 1.0 0.268498 0.040504 1.0 0.269531 0.051184 1.0 0.282274 0.045602 1.0
0 0.414062 0.122849 0.039062 0.026841 0.0 0.0 0.0 0.0 0.0 0.0 0.0 0.0 0.0 0.0 0.0 0.0 0.0 0.0 0.0
0 0.291992 0.356504 0.03125 0.0234 0.288146 0.351041 1.0 0.300109 0.354654 1.0 0.291352 0.354805 1.0 0.283233 0.359924 1.0 0.290283 0.362483 1.0
0 0.193848 0.28424 0.026367 0.022023 0.190713 0.282789 1.0 0.202092 0.278641 1.0 0.203465 0.28348 1.0 0.197579 0.289703 1.0 0.206408 0.285416 1.0
0 0.179199 0.384033 0.030273 0.020647 0.0 0.0 0.0 0.0 0.0 0.0 0.0 0.0 0.0 0.0 0.0 0.0 0.0 0.0 0.0
0 0.094727 0.402959 0.013672 0.010323 0.0 0.0 0.0 0.0 0.0 0.0 0.0 0.0 0.0 0.0 0.0 0.0 0.0 0.0 0.0
0 0.102539 0.395045 0.013672 0.015141 0.0 0.0 0.0 0.0 0.0 0.0 0.0 0.0 0.0 0.0 0.0 0.0 0.0 0.0 0.0
0 0.413574 0.314866 0.018555 0.014453 0.407462 0.31239 1.0 0.415571 0.311913 1.0 0.41057 0.314485 1.0 0.407732 0.317818 1.0 0.41422 0.317723 1.0
0 0.330566 0.323125 0.010742 0.008947 0.0 0.0 0.0 0.0 0.0 0.0 0.0 0.0 0.0 0.0 0.0 0.0 0.0 0.0 0.0
0 0.26709 0.346869 0.014648 0.012388 0.0 0.0 0.0 0.0 0.0 0.0 0.0 0.0 0.0 0.0 0.0 0.0 0.0 0.0 0.0
0 0.30127 0.336201 0.010742 0.010323 0.0 0.0 0.0 0.0 0.0 0.0 0.0 0.0 0.0 0.0 0.0 0.0 0.0 0.0 0.0
0 0.328613 0.313833 0.008789 0.005506 0.0 0.0 0.0 0.0 0.0 0.0 0.0 0.0 0.0 0.0 0.0 0.0 0.0 0.0 0.0
0 0.394043 0.312801 0.012695 0.010323 0.0 0.0 0.0 0.0 0.0 0.0 0.0 0.0 0.0 0.0 0.0 0.0 0.0 0.0 0.0
0 0.230469 0.100138 0.021484 0.019959 0.0 0.0 0.0 0.0 0.0 0.0 0.0 0.0 0.0 0.0 0.0 0.0 0.0 0.0 0.0
0 0.091309 0.114591 0.014648 0.013076 0.0 0.0 0.0 0.0 0.0 0.0 0.0 0.0 0.0 0.0 0.0 0.0 0.0 0.0 0.0
0 0.351562 0.329663 0.011719 0.011012 0.0 0.0 0.0 0.0 0.0 0.0 0.0 0.0 0.0 0.0 0.0 0.0 0.0 0.0 0.0
0 0.111328 0.379215 0.011719 0.009635 0.0 0.0 0.0 0.0 0.0 0.0 0.0 0.0 0.0 0.0 0.0 0.0 0.0 0.0 0.0
0 0.080566 0.37371 0.008789 0.008259 0.0 0.0 0.0 0.0 0.0 0.0 0.0 0.0 0.0 0.0 0.0 0.0 0.0 0.0 0.0
0 0.433594 0.338266 0.015625 0.015829 0.0 0.0 0.0 0.0 0.0 0.0 0.0 0.0 0.0 0.0 0.0 0.0 0.0 0.0 0.0
0 0.602051 0.884377 0.014648 0.008259 0.0 0.0 0.0 0.0 0.0 0.0 0.0 0.0 0.0 0.0 0.0 0.0 0.0 0.0 0.0