0 0.071289 0.54212 0.033203 0.111413 0.066969 0.520647 1.0 0.081888 0.517068 1.0 0.077258 0.549992 1.0 0.070056 0.57075 1.0 0.080344 0.570033 1.0
0 0.09082 0.411685 0.03125 0.095109 0.083627 0.39213 1.0 0.099321 0.39031 1.0 0.09191 0.407899 1.0 0.086024 0.428522 1.0 0.097578 0.426098 1.0
0 0.041504 0.425272 0.032227 0.095109 0.031634 0.417228 1.0 0.042751 0.414753 1.0 0.036303 0.440739 1.0 0.034302 0.453114 1.0 0.044308 0.451255 1.0
0 0.219238 0.455163 0.036133 0.138587 0.209839 0.435679 1.0 0.228616 0.435679 1.0 0.219705 0.464019 1.0 0.213021 0.482617 1.0 0.226388 0.478188 1.0
0 0.27002 0.716033 0.038086 0.133152 0.259033 0.695141 1.0 0.277039 0.694293 1.0 0.266968 0.724864 1.0 0.261475 0.734207 1.0 0.278564 0.734207 1.0
0 0.272461 0.923913 0.037109 0.125 0.263463 0.923041 1.0 0.282876 0.914899 1.0 0.275695 0.949679 1.0 0.269579 0.971139 1.0 0.281547 0.96522 1.0
0 0.27832 0.407609 0.035156 0.125 0.269047 0.380228 1.0 0.28605 0.382595 1.0 0.275849 0.410193 1.0 0.270748 0.435427 1.0 0.2835 0.434636 1.0
0 0.261719 0.297554 0.029297 0.105978 0.251221 0.294158 1.0 0.265625 0.290761 1.0 0.25708 0.319973 1.0 0.254639 0.334918 1.0 0.262939 0.33356 1.0
0 0.331543 0.358696 0.012695 0.125 0.333984 0.347826 1.0 0.341797 0.350543 1.0 0.337891 0.375 1.0 0.331055 0.391304 1.0 0.338867 0.399457 1.0
0 0.253906 0.184783 0.029297 0.103261 0.24094 0.170929 1.0 0.253653 0.178136 1.0 0.24353 0.201717 1.0 0.245178 0.210234 1.0 0.25177 0.214163 1.0
0 0.060059 0.184783 0.030273 0.103261 0.055098 0.173647 1.0 0.067104 0.16906 1.0 0.063102 0.195918 1.0 0.05698 0.207712 1.0 0.069929 0.198538 1.0
0 0.007324 0.235054 0.014648 0.111413 0.000663 0.216106 1.0 0.004708 0.213291 1.0 0.001168 0.240731 1.0 0.000663 0.263951 1.0 0.008248 0.249878 1.0
0 0.135254 0.232337 0.026367 0.084239 0.129674 0.217052 1.0 0.14195 0.204242 1.0 0.137154 0.228261 1.0 0.135812 0.251212 1.0 0.145787 0.240538 1.0
0 0.153809 0.320652 0.03418 0.119565 0.146668 0.310122 1.0 0.162323 0.303245 1.0 0.154907 0.324644 1.0 0.151337 0.351391 1.0 0.162049 0.349864 1.0
0 0.504395 0.480978 0.155273 0.483696 0.465606 0.41263 1.0 0.532357 0.427856 1.0 0.495152 0.564878 1.0 0.464513 0.598372 1.0 0.526886 0.616641 1.0
0 0.678711 0.122283 0.025391 0.103261 0.677281 0.103842 1.0 0.68811 0.116946 1.0 0.681283 0.126772 1.0 0.673985 0.137908 1.0 0.683166 0.147079 1.0
0 0.727051 0.086957 0.030273 0.092391 0.71875 0.07337 1.0 0.733398 0.067935 1.0 0.726562 0.089674 1.0 0.722656 0.105978 1.0 0.733398 0.100543 1.0
0 0.717773 0.362772 0.037109 0.111413 0.718083 0.353467 1.0 0.732487 0.363486 1.0 0.725542 0.383527 1.0 0.715511 0.391402 1.0 0.726314 0.400707 1.0
0 0.791504 0.399457 0.03418 0.125 0.781664 0.377595 1.0 0.798384 0.376019 1.0 0.789315 0.404405 1.0 0.781947 0.42412 1.0 0.7981 0.42412 1.0
0 0.79248 0.210598 0.026367 0.095109 0.786168 0.187707 1.0 0.800842 0.191418 1.0 0.793061 0.205649 1.0 0.786835 0.226065 1.0 0.798841 0.226065 1.0
0 0.834473 0.225543 0.02832 0.108696 0.826023 0.214505 1.0 0.841431 0.209663 1.0 0.83497 0.233864 1.0 0.829751 0.253228 1.0 0.841183 0.249769 1.0
0 0.882324 0.243207 0.032227 0.116848 0.872306 0.224948 1.0 0.888262 0.218288 1.0 0.88055 0.24419 1.0 0.876295 0.261948 1.0 0.88906 0.25825 1.0
0 0.956543 0.222826 0.036133 0.152174 0.947823 0.207299 1.0 0.96875 0.207299 1.0 0.957938 0.233503 1.0 0.949219 0.256793 1.0 0.964564 0.258734 1.0
0 0.178711 0.091033 0.03125 0.116848 0.168492 0.076136 1.0 0.182277 0.076136 1.0 0.174979 0.101709 1.0 0.169844 0.119758 1.0 0.180926 0.122016 1.0
0 0.282715 0.039402 0.03418 0.0625 0.0 0.0 0.0 0.0 0.0 0.0 0.0 0.0 0.0 0.0 0.0 0.0 0.0 0.0 0.0
0 0.119141 0.017663 0.021484 0.024457 0.0 0.0 0.0 0.0 0.0 0.0 0.0 0.0 0.0 0.0 0.0 0.0 0.0 0.0 0.0
0 0.219238 0.047554 0.02832 0.084239 0.210938 0.032609 1.0 0.225586 0.029891 1.0 0.216797 0.048913 1.0 0.213867 0.065217 1.0 0.223633 0.0625 1.0