0 0.189941 0.374349 0.036133 0.05599 0.181963 0.368792 1.0 0.198983 0.367374 1.0 0.191271 0.378366 1.0 0.185952 0.389358 1.0 0.197122 0.38794 1.0
0 0.375488 0.352865 0.047852 0.075521 0.364145 0.336292 1.0 0.388026 0.335327 1.0 0.376086 0.353661 1.0 0.364145 0.366206 1.0 0.386218 0.364275 1.0
0 0.37207 0.563151 0.052734 0.08724 0.361982 0.564057 1.0 0.384762 0.561849 1.0 0.374821 0.57952 1.0 0.36571 0.591669 1.0 0.383519 0.588908 1.0
0 0.225098 0.519531 0.043945 0.078125 0.219422 0.514927 1.0 0.239062 0.513939 1.0 0.230538 0.529257 1.0 0.226092 0.542596 1.0 0.237579 0.538645 1.0
0 0.266602 0.61849 0.052734 0.083333 0.259051 0.608294 1.0 0.283378 0.609863 1.0 0.273961 0.626081 1.0 0.26062 0.638637 1.0 0.279454 0.640207 1.0
0 0.185059 0.60612 0.057617 0.097656 0.174865 0.598074 1.0 0.200282 0.595611 1.0 0.190116 0.617176 1.0 0.177177 0.632579 1.0 0.19751 0.631964 1.0
0 0.137207 0.526693 0.049805 0.079427 0.127725 0.520118 1.0 0.151241 0.518602 1.0 0.140621 0.532255 1.0 0.132276 0.547932 1.0 0.143655 0.549451 1.0
0 0.521484 0.542969 0.048828 0.085938 0.511719 0.539062 1.0 0.533203 0.539062 1.0 0.521484 0.553385 1.0 0.512695 0.566406 1.0 0.53125 0.566406 1.0
0 0.571289 0.464844 0.041016 0.059896 0.561732 0.458147 1.0 0.581002 0.452479 1.0 0.573635 0.466082 1.0 0.568534 0.479306 1.0 0.582136 0.474395 1.0
0 0.648438 0.497396 0.050781 0.083333 0.639618 0.487753 1.0 0.663025 0.491456 1.0 0.65033 0.504151 1.0 0.638824 0.517375 1.0 0.658661 0.520548 1.0
0 0.692871 0.515625 0.030273 0.059896 0.681977 0.506284 1.0 0.701246 0.508551 1.0 0.699263 0.525931 1.0 0.688494 0.535755 1.0 0.698695 0.535755 1.0
0 0.632812 0.679688 0.052734 0.078125 0.614907 0.667672 1.0 0.627877 0.677555 1.0 0.612684 0.68299 1.0 0.612313 0.696329 1.0 0.623431 0.702753 1.0
0 0.825195 0.678385 0.058594 0.088542 0.812021 0.667021 1.0 0.838662 0.668148 1.0 0.823438 0.685628 1.0 0.814135 0.698596 1.0 0.831896 0.70198 1.0