0 0.300781 0.235026 0.070312 0.121094 0.2933 0.2244 1.0 0.324951 0.227469 1.0 0.310564 0.245884 1.0 0.292725 0.26123 1.0 0.319196 0.266602 1.0
0 0.528809 0.419271 0.073242 0.114583 0.526367 0.411458 1.0 0.555664 0.407552 1.0 0.544922 0.4375 1.0 0.530273 0.455729 1.0 0.548828 0.455729 1.0
0 0.148438 0.077474 0.095703 0.147135 0.154297 0.06901 1.0 0.182617 0.082031 1.0 0.171875 0.106771 1.0 0.142578 0.110677 1.0 0.164062 0.126302 1.0
0 0.127441 0.326172 0.083008 0.123698 0.138725 0.312314 1.0 0.158735 0.313883 1.0 0.158146 0.337426 1.0 0.134016 0.358613 1.0 0.147553 0.363322 1.0
0 0.091797 0.505208 0.076172 0.132812 0.109654 0.477957 1.0 0.115304 0.474609 1.0 0.12786 0.505581 1.0 0.105888 0.532366 1.0 0.111537 0.530691 1.0
0 0.224121 0.570964 0.086914 0.115885 0.224675 0.558414 1.0 0.250697 0.550293 1.0 0.25402 0.565057 1.0 0.242946 0.602707 1.0 0.26011 0.594587 1.0
0 0.274414 0.498047 0.082031 0.123698 0.287463 0.495693 1.0 0.309239 0.487845 1.0 0.312182 0.51688 1.0 0.293937 0.540423 1.0 0.307474 0.535715 1.0
0 0.399902 0.492188 0.079102 0.111979 0.369873 0.483096 1.0 0.394139 0.483096 1.0 0.373565 0.49646 1.0 0.368818 0.521078 1.0 0.383589 0.521781 1.0
0 0.64209 0.32487 0.094727 0.110677 0.612444 0.312273 1.0 0.647086 0.309087 1.0 0.629168 0.346517 1.0 0.634543 0.357667 1.0 0.659031 0.347314 1.0
0 0.768066 0.401693 0.079102 0.134115 0.741211 0.381789 1.0 0.773856 0.385975 1.0 0.746861 0.406901 1.0 0.739955 0.430339 1.0 0.767578 0.432013 1.0
0 0.884766 0.485026 0.066406 0.13151 0.860622 0.47447 1.0 0.879194 0.478596 1.0 0.856288 0.497582 1.0 0.86186 0.519868 1.0 0.873622 0.522345 1.0
0 0.932617 0.505208 0.089844 0.122396 0.0 0.0 0.0 0.0 0.0 0.0 0.0 0.0 0.0 0.0 0.0 0.0 0.0 0.0 0.0
0 0.961914 0.263021 0.076172 0.127604 0.93376 0.253395 1.0 0.958427 0.24778 1.0 0.93376 0.271845 1.0 0.934963 0.289492 1.0 0.953613 0.2919 1.0