0 0.196777 0.235725 0.067383 0.093704 0.210732 0.221044 1.0 0.22511 0.228019 1.0 0.22934 0.240698 1.0 0.216653 0.256549 1.0 0.224688 0.262256 1.0
0 0.567383 0.59224 0.046875 0.101025 0.549068 0.57322 1.0 0.549914 0.57005 1.0 0.546107 0.597312 1.0 0.559217 0.616332 1.0 0.55964 0.613796 1.0
0 0.619141 0.462665 0.025391 0.058565 0.609314 0.454325 1.0 0.618923 0.453946 1.0 0.610831 0.461906 1.0 0.609314 0.478208 1.0 0.616646 0.477449 1.0
0 0.633301 0.513177 0.040039 0.068814 0.0 0.0 0.0 0.0 0.0 0.0 0.0 0.0 0.0 0.0 0.0 0.0 0.0 0.0 0.0
0 0.467285 0.505124 0.02832 0.043924 0.0 0.0 0.0 0.0 0.0 0.0 0.0 0.0 0.0 0.0 0.0 0.0 0.0 0.0 0.0
0 0.540527 0.499268 0.026367 0.043924 0.530064 0.488627 1.0 0.537737 0.489777 1.0 0.53064 0.496968 1.0 0.528338 0.50387 1.0 0.537354 0.50502 1.0
0 0.5625 0.464861 0.013672 0.021962 0.559326 0.462848 1.0 0.564087 0.460789 1.0 0.562439 0.466691 1.0 0.562988 0.470808 1.0 0.56601 0.468612 1.0
0 0.597168 0.433382 0.018555 0.035139 0.591613 0.426931 1.0 0.599243 0.427388 1.0 0.592987 0.433107 1.0 0.590851 0.448206 1.0 0.596954 0.452325 1.0
0 0.799805 0.599561 0.080078 0.153734 0.779803 0.569808 1.0 0.792707 0.582384 1.0 0.762382 0.595927 1.0 0.773351 0.628817 1.0 0.783674 0.641392 1.0
0 0.725586 0.472182 0.03125 0.065886 0.717006 0.463919 1.0 0.724261 0.460572 1.0 0.711146 0.476051 1.0 0.719796 0.487764 1.0 0.726214 0.484836 1.0
0 0.785156 0.40776 0.019531 0.039531 0.779088 0.40572 1.0 0.787981 0.402322 1.0 0.783447 0.408858 1.0 0.782401 0.420624 1.0 0.790423 0.418009 1.0
0 0.709473 0.390922 0.018555 0.029283 0.704162 0.39057 1.0 0.710357 0.387347 1.0 0.706438 0.397015 1.0 0.706817 0.400426 1.0 0.711622 0.399288 1.0
0 0.92627 0.371157 0.030273 0.04246 0.0 0.0 0.0 0.0 0.0 0.0 0.0 0.0 0.0 0.0 0.0 0.0 0.0 0.0 0.0
0 0.902344 0.32284 0.015625 0.02489 0.898586 0.322514 1.0 0.904362 0.319082 1.0 0.900656 0.324965 1.0 0.901311 0.330684 1.0 0.905562 0.330193 1.0
0 0.94043 0.312592 0.019531 0.030747 0.0 0.0 0.0 0.0 0.0 0.0 0.0 0.0 0.0 0.0 0.0 0.0 0.0 0.0 0.0
0 0.518555 0.462665 0.017578 0.023426 0.0 0.0 0.0 0.0 0.0 0.0 0.0 0.0 0.0 0.0 0.0 0.0 0.0 0.0 0.0
0 0.752441 0.393119 0.016602 0.027818 0.0 0.0 0.0 0.0 0.0 0.0 0.0 0.0 0.0 0.0 0.0 0.0 0.0 0.0 0.0