0 0.384766 0.274781 0.027344 0.071429 0.376831 0.269283 1.0 0.391571 0.273324 1.0 0.381945 0.289488 1.0 0.377433 0.297122 1.0 0.386156 0.299367 1.0
0 0.473633 0.287172 0.03125 0.075802 0.461696 0.277058 1.0 0.474278 0.28043 1.0 0.460083 0.290061 1.0 0.460729 0.300656 1.0 0.468148 0.305472 1.0
0 0.555176 0.291545 0.032227 0.078717 0.542938 0.282799 1.0 0.549988 0.287309 1.0 0.537567 0.296328 1.0 0.54126 0.309357 1.0 0.545959 0.310359 1.0
0 0.586914 0.34621 0.041016 0.086006 0.573486 0.335641 1.0 0.583008 0.336735 1.0 0.566528 0.348761 1.0 0.571655 0.37008 1.0 0.574951 0.370627 1.0
0 0.737305 0.457726 0.052734 0.107872 0.727295 0.451531 1.0 0.755859 0.452207 1.0 0.744071 0.467098 1.0 0.730469 0.486048 1.0 0.749965 0.487401 1.0
0 0.622559 0.481778 0.061523 0.138484 0.609985 0.468204 1.0 0.638977 0.475128 1.0 0.621582 0.491573 1.0 0.606506 0.506286 1.0 0.632599 0.51148 1.0
0 0.702637 0.377551 0.036133 0.081633 0.695731 0.366098 1.0 0.699567 0.368701 1.0 0.685616 0.37651 1.0 0.690499 0.390567 1.0 0.693987 0.39369 1.0
0 0.744629 0.26895 0.032227 0.062682 0.73625 0.252889 1.0 0.748413 0.256924 1.0 0.732195 0.267012 1.0 0.732466 0.279519 1.0 0.740034 0.283958 1.0
0 0.727051 0.276968 0.024414 0.072886 0.737549 0.256299 1.0 0.743827 0.259579 1.0 0.733468 0.26895 1.0 0.733782 0.279727 1.0 0.739746 0.283945 1.0
0 0.782227 0.326531 0.033203 0.072886 0.770904 0.312402 1.0 0.778023 0.320719 1.0 0.764714 0.327188 1.0 0.7675 0.34336 1.0 0.772762 0.346593 1.0
0 0.830078 0.400146 0.078125 0.118076 0.0 0.0 0.0 0.0 0.0 0.0 0.0 0.0 0.0 0.0 0.0 0.0 0.0 0.0 0.0
0 0.912598 0.189504 0.032227 0.069971 0.902784 0.188776 1.0 0.917825 0.195061 1.0 0.906995 0.208534 1.0 0.901882 0.213023 1.0 0.911809 0.214819 1.0
0 0.842285 0.196064 0.036133 0.08309 0.831055 0.182216 1.0 0.839844 0.186589 1.0 0.825195 0.199708 1.0 0.828125 0.214286 1.0 0.833984 0.215743 1.0
0 0.882812 0.733236 0.115234 0.233236 0.849466 0.695901 1.0 0.850446 0.70908 1.0 0.829847 0.712009 1.0 0.836714 0.754471 1.0 0.840637 0.763257 1.0
0 0.949707 0.758017 0.100586 0.326531 0.972534 0.677341 1.0 0.994507 0.706041 1.0 0.924469 0.72244 1.0 0.917603 0.790087 1.0 0.935455 0.812637 1.0
0 0.498047 0.834548 0.105469 0.27551 0.47338 0.836045 1.0 0.474457 0.839259 1.0 0.447536 0.848904 1.0 0.470149 0.906771 1.0 0.470149 0.906771 1.0
0 0.374023 0.587464 0.058594 0.067055 0.379094 0.587287 1.0 0.387246 0.587287 1.0 0.391693 0.605542 1.0 0.366124 0.607755 1.0 0.3702 0.609414 1.0
0 0.652832 0.328717 0.036133 0.056851 0.0 0.0 0.0 0.0 0.0 0.0 0.0 0.0 0.0 0.0 0.0 0.0 0.0 0.0 0.0
0 0.962891 0.396501 0.033203 0.067055 0.945967 0.391965 1.0 0.952201 0.397465 1.0 0.946533 0.405079 1.0 0.9471 0.415653 1.0 0.952201 0.416923 1.0