0 0.171387 0.516927 0.036133 0.054688 0.175118 0.514137 1.0 0.181396 0.508208 1.0 0.186366 0.520066 1.0 0.176688 0.532273 1.0 0.180611 0.530529 1.0
0 0.356934 0.751953 0.12207 0.152344 0.390206 0.742095 1.0 0.407087 0.732887 1.0 0.413993 0.772786 1.0 0.382533 0.796316 1.0 0.399414 0.786086 1.0
0 0.459961 0.451823 0.03125 0.041667 0.458008 0.446615 1.0 0.466797 0.454427 1.0 0.459961 0.457031 1.0 0.453125 0.460938 1.0 0.460938 0.470052 1.0
0 0.368652 0.426432 0.040039 0.05599 0.374503 0.419811 1.0 0.384343 0.416266 1.0 0.386204 0.425484 1.0 0.378758 0.43754 1.0 0.383811 0.435413 1.0
0 0.560059 0.438151 0.022461 0.040365 0.553711 0.43099 1.0 0.563477 0.434896 1.0 0.557617 0.441406 1.0 0.554688 0.447917 1.0 0.560547 0.450521 1.0
0 0.897949 0.447917 0.022461 0.041667 0.890625 0.44401 1.0 0.900391 0.445312 1.0 0.892578 0.453125 1.0 0.890625 0.459635 1.0 0.898438 0.459635 1.0
0 0.78125 0.4375 0.023438 0.041667 0.773629 0.431652 1.0 0.782854 0.434059 1.0 0.777039 0.438872 1.0 0.77383 0.447161 1.0 0.782052 0.447964 1.0
0 0.688965 0.411458 0.020508 0.036458 0.681641 0.40625 1.0 0.69043 0.40625 1.0 0.686523 0.415365 1.0 0.683594 0.420573 1.0 0.69043 0.421875 1.0
0 0.816895 0.319661 0.008789 0.014323 0.0 0.0 0.0 0.0 0.0 0.0 0.0 0.0 0.0 0.0 0.0 0.0 0.0 0.0 0.0
0 0.611816 0.322917 0.008789 0.015625 0.0 0.0 0.0 0.0 0.0 0.0 0.0 0.0 0.0 0.0 0.0 0.0 0.0 0.0 0.0
0 0.578125 0.3125 0.011719 0.018229 0.0 0.0 0.0 0.0 0.0 0.0 0.0 0.0 0.0 0.0 0.0 0.0 0.0 0.0 0.0
0 0.677246 0.309896 0.008789 0.015625 0.0 0.0 0.0 0.0 0.0 0.0 0.0 0.0 0.0 0.0 0.0 0.0 0.0 0.0 0.0
0 0.553711 0.330729 0.011719 0.015625 0.0 0.0 0.0 0.0 0.0 0.0 0.0 0.0 0.0 0.0 0.0 0.0 0.0 0.0 0.0
0 0.593262 0.335938 0.012695 0.018229 0.0 0.0 0.0 0.0 0.0 0.0 0.0 0.0 0.0 0.0 0.0 0.0 0.0 0.0 0.0
0 0.699219 0.302734 0.011719 0.022135 0.0 0.0 0.0 0.0 0.0 0.0 0.0 0.0 0.0 0.0 0.0 0.0 0.0 0.0 0.0
0 0.691895 0.332031 0.012695 0.023438 0.0 0.0 0.0 0.0 0.0 0.0 0.0 0.0 0.0 0.0 0.0 0.0 0.0 0.0 0.0
0 0.858398 0.317057 0.013672 0.019531 0.0 0.0 0.0 0.0 0.0 0.0 0.0 0.0 0.0 0.0 0.0 0.0 0.0 0.0 0.0