0 0.893555 0.708029 0.005859 0.018248 0.0 0.0 0.0 0.0 0.0 0.0 0.0 0.0 0.0 0.0 0.0 0.0 0.0 0.0 0.0
0 0.494629 0.803832 0.008789 0.020073 0.0 0.0 0.0 0.0 0.0 0.0 0.0 0.0 0.0 0.0 0.0 0.0 0.0 0.0 0.0
0 0.546387 0.812044 0.008789 0.021898 0.0 0.0 0.0 0.0 0.0 0.0 0.0 0.0 0.0 0.0 0.0 0.0 0.0 0.0 0.0
0 0.506348 0.469891 0.016602 0.04927 0.503209 0.467739 1.0 0.511161 0.466192 1.0 0.507351 0.476407 1.0 0.504699 0.483219 1.0 0.510332 0.482909 1.0
0 0.702148 0.447993 0.009766 0.023723 0.0 0.0 0.0 0.0 0.0 0.0 0.0 0.0 0.0 0.0 0.0 0.0 0.0 0.0 0.0
0 0.65332 0.740876 0.007812 0.021898 0.0 0.0 0.0 0.0 0.0 0.0 0.0 0.0 0.0 0.0 0.0 0.0 0.0 0.0 0.0
0 0.762207 0.770985 0.010742 0.031022 0.759661 0.773984 1.0 0.764056 0.773005 1.0 0.762276 0.777502 1.0 0.761335 0.782391 1.0 0.764579 0.781412 1.0
0 0.745605 0.729015 0.008789 0.027372 0.0 0.0 0.0 0.0 0.0 0.0 0.0 0.0 0.0 0.0 0.0 0.0 0.0 0.0 0.0
0 0.641113 0.814781 0.008789 0.027372 0.0 0.0 0.0 0.0 0.0 0.0 0.0 0.0 0.0 0.0 0.0 0.0 0.0 0.0 0.0
0 0.641602 0.856752 0.007812 0.031022 0.0 0.0 0.0 0.0 0.0 0.0 0.0 0.0 0.0 0.0 0.0 0.0 0.0 0.0 0.0
0 0.745117 0.819343 0.009766 0.029197 0.0 0.0 0.0 0.0 0.0 0.0 0.0 0.0 0.0 0.0 0.0 0.0 0.0 0.0 0.0
0 0.676758 0.902372 0.019531 0.034672 0.0 0.0 0.0 0.0 0.0 0.0 0.0 0.0 0.0 0.0 0.0 0.0 0.0 0.0 0.0
0 0.84668 0.82208 0.013672 0.038321 0.0 0.0 0.0 0.0 0.0 0.0 0.0 0.0 0.0 0.0 0.0 0.0 0.0 0.0 0.0
0 0.87793 0.817518 0.013672 0.032847 0.877694 0.818805 1.0 0.882285 0.816166 1.0 0.881696 0.823425 1.0 0.879342 0.826943 1.0 0.882402 0.825624 1.0
0 0.956543 0.790146 0.012695 0.032847 0.957686 0.790553 1.0 0.961217 0.790553 1.0 0.96051 0.795613 1.0 0.958273 0.800891 1.0 0.960981 0.800672 1.0
0 0.910156 0.921533 0.011719 0.043796 0.0 0.0 0.0 0.0 0.0 0.0 0.0 0.0 0.0 0.0 0.0 0.0 0.0 0.0 0.0
0 0.006348 0.203467 0.012695 0.041971 0.008532 0.199491 1.0 0.011841 0.200568 1.0 0.010689 0.205405 1.0 0.008532 0.212664 1.0 0.011409 0.212934 1.0
0 0.023438 0.199818 0.011719 0.031022 0.025186 0.19677 1.0 0.027802 0.19677 1.0 0.028564 0.201252 1.0 0.025948 0.20675 1.0 0.027147 0.206954 1.0
0 0.064941 0.192518 0.008789 0.023723 0.0 0.0 0.0 0.0 0.0 0.0 0.0 0.0 0.0 0.0 0.0 0.0 0.0 0.0 0.0
0 0.129883 0.234489 0.019531 0.05292 0.124939 0.225022 1.0 0.133911 0.225022 1.0 0.12915 0.236998 1.0 0.126953 0.246237 1.0 0.134277 0.244869 1.0
0 0.194824 0.192518 0.016602 0.041971 0.196158 0.188558 1.0 0.202088 0.187173 1.0 0.202977 0.194099 1.0 0.197789 0.202684 1.0 0.201939 0.202409 1.0
0 0.231445 0.188869 0.007812 0.020073 0.0 0.0 0.0 0.0 0.0 0.0 0.0 0.0 0.0 0.0 0.0 0.0 0.0 0.0 0.0
0 0.256348 0.20438 0.016602 0.047445 0.250881 0.201285 1.0 0.252537 0.202212 1.0 0.248562 0.21088 1.0 0.251212 0.218929 1.0 0.251709 0.21862 1.0
0 0.347168 0.205292 0.012695 0.027372 0.344569 0.204918 1.0 0.34994 0.204737 1.0 0.347159 0.209398 1.0 0.345528 0.214774 1.0 0.349174 0.214595 1.0
0 0.352051 0.179745 0.008789 0.020073 0.0 0.0 0.0 0.0 0.0 0.0 0.0 0.0 0.0 0.0 0.0 0.0 0.0 0.0 0.0
0 0.060547 0.510949 0.017578 0.069343 0.06468 0.50831 1.0 0.065835 0.509173 1.0 0.068377 0.525148 1.0 0.063293 0.53033 1.0 0.06468 0.530761 1.0
0 0.108398 0.538321 0.013672 0.032847 0.0 0.0 0.0 0.0 0.0 0.0 0.0 0.0 0.0 0.0 0.0 0.0 0.0 0.0 0.0
0 0.152344 0.587591 0.015625 0.062044 0.0 0.0 0.0 0.0 0.0 0.0 0.0 0.0 0.0 0.0 0.0 0.0 0.0 0.0 0.0
0 0.14502 0.564781 0.008789 0.020073 0.142997 0.562956 1.0 0.142997 0.562956 1.0 0.142718 0.567389 1.0 0.144043 0.569995 1.0 0.144043 0.569995 1.0
0 0.160156 0.546533 0.015625 0.034672 0.0 0.0 0.0 0.0 0.0 0.0 0.0 0.0 0.0 0.0 0.0 0.0 0.0 0.0 0.0
0 0.236328 0.778285 0.007812 0.023723 0.0 0.0 0.0 0.0 0.0 0.0 0.0 0.0 0.0 0.0 0.0 0.0 0.0 0.0 0.0
0 0.124023 0.739964 0.011719 0.023723 0.0 0.0 0.0 0.0 0.0 0.0 0.0 0.0 0.0 0.0 0.0 0.0 0.0 0.0 0.0
0 0.48291 0.17062 0.022461 0.056569 0.485465 0.169162 1.0 0.491547 0.164763 1.0 0.489192 0.180161 1.0 0.481541 0.186759 1.0 0.486642 0.189325 1.0
0 0.459473 0.101277 0.022461 0.056569 0.0 0.0 0.0 0.0 0.0 0.0 0.0 0.0 0.0 0.0 0.0 0.0 0.0 0.0 0.0
0 0.530273 0.101277 0.015625 0.038321 0.528892 0.095721 1.0 0.536055 0.094206 1.0 0.535108 0.104055 1.0 0.530243 0.113905 1.0 0.535784 0.112389 1.0
0 0.579102 0.15146 0.011719 0.025547 0.578143 0.148495 1.0 0.583636 0.147843 1.0 0.580933 0.15387 1.0 0.579537 0.158432 1.0 0.582938 0.15827 1.0
0 0.5625 0.059307 0.013672 0.038321 0.564758 0.064504 1.0 0.565543 0.06646 1.0 0.564889 0.074279 1.0 0.559919 0.075991 1.0 0.561227 0.077212 1.0
0 0.583984 0.07208 0.013672 0.034672 0.579102 0.067062 1.0 0.584229 0.069115 1.0 0.57959 0.074361 1.0 0.579102 0.07938 1.0 0.583496 0.080292 1.0
0 0.622559 0.074818 0.014648 0.032847 0.621242 0.073971 1.0 0.627477 0.072699 1.0 0.624869 0.079053 1.0 0.621695 0.084772 1.0 0.626796 0.08456 1.0
0 0.67627 0.050182 0.014648 0.038321 0.673427 0.048781 1.0 0.678397 0.04927 1.0 0.674474 0.056113 1.0 0.673296 0.061489 1.0 0.677874 0.061002 1.0
0 0.706543 0.07208 0.010742 0.034672 0.0 0.0 0.0 0.0 0.0 0.0 0.0 0.0 0.0 0.0 0.0 0.0 0.0 0.0 0.0
0 0.727051 0.096715 0.016602 0.040146 0.720843 0.097498 1.0 0.726144 0.097498 1.0 0.722796 0.105318 1.0 0.722377 0.111053 1.0 0.727818 0.110272 1.0
0 0.782227 0.062956 0.019531 0.05292 0.774361 0.060464 1.0 0.778651 0.061465 1.0 0.772753 0.071151 1.0 0.77883 0.077164 1.0 0.779366 0.077498 1.0
0 0.776367 0.119526 0.015625 0.04927 0.773372 0.118255 1.0 0.774563 0.118891 1.0 0.769121 0.123974 1.0 0.771502 0.134776 1.0 0.772182 0.135093 1.0
0 0.42334 0.268248 0.038086 0.116788 0.0 0.0 0.0 0.0 0.0 0.0 0.0 0.0 0.0 0.0 0.0 0.0 0.0 0.0 0.0
0 0.246094 0.52646 0.013672 0.041971 0.247532 0.526192 1.0 0.251561 0.523234 1.0 0.252712 0.531836 1.0 0.249115 0.540708 1.0 0.251705 0.540708 1.0
0 0.282715 0.543796 0.012695 0.036496 0.284267 0.540993 1.0 0.287428 0.540993 1.0 0.288818 0.548318 1.0 0.284899 0.553277 1.0 0.287934 0.553042 1.0
0 0.345215 0.529197 0.014648 0.040146 0.340725 0.523991 1.0 0.342346 0.525759 1.0 0.338832 0.531316 1.0 0.340184 0.53965 1.0 0.3414 0.540153 1.0
0 0.35791 0.544708 0.010742 0.041971 0.0 0.0 0.0 0.0 0.0 0.0 0.0 0.0 0.0 0.0 0.0 0.0 0.0 0.0 0.0
0 0.445312 0.491788 0.021484 0.060219 0.447078 0.490347 1.0 0.454659 0.489964 1.0 0.45261 0.502982 1.0 0.445029 0.506427 1.0 0.451381 0.509491 1.0
0 0.467285 0.478102 0.004883 0.014599 0.0 0.0 0.0 0.0 0.0 0.0 0.0 0.0 0.0 0.0 0.0 0.0 0.0 0.0 0.0
0 0.480469 0.486314 0.005859 0.016423 0.0 0.0 0.0 0.0 0.0 0.0 0.0 0.0 0.0 0.0 0.0 0.0 0.0 0.0 0.0