0 0.144531 0.408854 0.027344 0.039062 0.133658 0.398204 1.0 0.14097 0.398454 1.0 0.132346 0.408453 1.0 0.135721 0.416702 1.0 0.144531 0.416952 1.0
0 0.179688 0.38737 0.033203 0.050781 0.0 0.0 0.0 0.0 0.0 0.0 0.0 0.0 0.0 0.0 0.0 0.0 0.0 0.0 0.0
0 0.256348 0.388672 0.036133 0.053385 0.248021 0.379638 1.0 0.264709 0.379302 1.0 0.255101 0.39009 1.0 0.251308 0.400542 1.0 0.260917 0.400542 1.0
0 0.338379 0.429036 0.024414 0.050781 0.329738 0.416888 1.0 0.341728 0.418167 1.0 0.329498 0.429036 1.0 0.329498 0.438309 1.0 0.337171 0.440227 1.0
0 0.264648 0.257161 0.021484 0.035156 0.256679 0.249965 1.0 0.2628 0.248605 1.0 0.25702 0.255406 1.0 0.256849 0.262434 1.0 0.26314 0.261527 1.0
0 0.334961 0.337891 0.023438 0.040365 0.326232 0.32952 1.0 0.335846 0.333706 1.0 0.326821 0.339983 1.0 0.325448 0.348092 1.0 0.332707 0.348354 1.0
0 0.408203 0.317708 0.021484 0.036458 0.0 0.0 0.0 0.0 0.0 0.0 0.0 0.0 0.0 0.0 0.0 0.0 0.0 0.0 0.0
0 0.441406 0.259766 0.021484 0.03776 0.434814 0.25179 1.0 0.44342 0.254477 1.0 0.434631 0.259359 1.0 0.43335 0.268392 1.0 0.441223 0.268392 1.0
0 0.47168 0.294271 0.025391 0.041667 0.462367 0.286551 1.0 0.475202 0.287086 1.0 0.46698 0.292434 1.0 0.464373 0.303932 1.0 0.470991 0.303664 1.0
0 0.536621 0.315104 0.026367 0.046875 0.0 0.0 0.0 0.0 0.0 0.0 0.0 0.0 0.0 0.0 0.0 0.0 0.0 0.0 0.0
0 0.653809 0.445964 0.022461 0.063802 0.0 0.0 0.0 0.0 0.0 0.0 0.0 0.0 0.0 0.0 0.0 0.0 0.0 0.0 0.0
0 0.627441 0.335286 0.030273 0.05599 0.613922 0.32512 1.0 0.623496 0.322992 1.0 0.614454 0.335758 1.0 0.617379 0.348522 1.0 0.624294 0.347814 1.0
0 0.553711 0.270833 0.027344 0.044271 0.543976 0.265788 1.0 0.552948 0.266357 1.0 0.542908 0.272909 1.0 0.543762 0.280884 1.0 0.550171 0.281453 1.0
0 0.594727 0.266927 0.017578 0.033854 0.0 0.0 0.0 0.0 0.0 0.0 0.0 0.0 0.0 0.0 0.0 0.0 0.0 0.0 0.0
0 0.935547 0.343099 0.035156 0.058594 0.921456 0.334263 1.0 0.935966 0.333892 1.0 0.923968 0.345424 1.0 0.924805 0.355469 1.0 0.93457 0.355096 1.0
0 0.753418 0.29362 0.020508 0.032552 0.747454 0.286272 1.0 0.757027 0.286272 1.0 0.752633 0.293806 1.0 0.749651 0.299456 1.0 0.755929 0.299456 1.0
0 0.936035 0.292969 0.020508 0.033854 0.0 0.0 0.0 0.0 0.0 0.0 0.0 0.0 0.0 0.0 0.0 0.0 0.0 0.0 0.0
0 0.348633 0.283203 0.015625 0.032552 0.0 0.0 0.0 0.0 0.0 0.0 0.0 0.0 0.0 0.0 0.0 0.0 0.0 0.0 0.0