0 0.912109 0.242188 0.083984 0.122396 0.876251 0.234578 1.0 0.900024 0.218344 1.0 0.88089 0.251587 1.0 0.883209 0.281738 1.0 0.905822 0.269368 1.0
0 0.822754 0.322266 0.06543 0.097656 0.795 0.308059 1.0 0.812561 0.300665 1.0 0.790841 0.321615 1.0 0.798235 0.348109 1.0 0.812099 0.339483 1.0
0 0.775391 0.353516 0.046875 0.092448 0.793648 0.308105 1.0 0.810651 0.299967 1.0 0.788854 0.322056 1.0 0.797572 0.345307 1.0 0.810216 0.341238 1.0
0 0.625488 0.406901 0.057617 0.092448 0.603202 0.394624 1.0 0.614537 0.391137 1.0 0.597534 0.406831 1.0 0.607125 0.428921 1.0 0.616717 0.426014 1.0
0 0.44043 0.439453 0.052734 0.084635 0.436332 0.422759 1.0 0.458392 0.423293 1.0 0.451172 0.437198 1.0 0.433925 0.45752 1.0 0.458793 0.458589 1.0
0 0.341309 0.490885 0.051758 0.072917 0.326172 0.481771 1.0 0.347656 0.477865 1.0 0.333008 0.492188 1.0 0.328125 0.511719 1.0 0.34668 0.509115 1.0
0 0.296387 0.468099 0.03418 0.063802 0.285522 0.456055 1.0 0.289795 0.457682 1.0 0.280029 0.464599 1.0 0.283387 0.479247 1.0 0.287658 0.480875 1.0
0 0.19873 0.504557 0.03418 0.048177 0.186681 0.496954 1.0 0.197789 0.498163 1.0 0.183507 0.505116 1.0 0.185547 0.518717 1.0 0.194161 0.518415 1.0
0 0.250488 0.522135 0.032227 0.059896 0.250566 0.505615 1.0 0.248866 0.504482 1.0 0.237248 0.517706 1.0 0.245466 0.529797 1.0 0.247449 0.530552 1.0
0 0.118164 0.53125 0.037109 0.054688 0.103528 0.523397 1.0 0.119991 0.525112 1.0 0.109702 0.533342 1.0 0.103786 0.542603 1.0 0.120248 0.544318 1.0
0 0.06543 0.585938 0.027344 0.039062 0.0 0.0 0.0 0.0 0.0 0.0 0.0 0.0 0.0 0.0 0.0 0.0 0.0 0.0 0.0
0 0.162598 0.561849 0.022461 0.03776 0.0 0.0 0.0 0.0 0.0 0.0 0.0 0.0 0.0 0.0 0.0 0.0 0.0 0.0 0.0
0 0.029297 0.542969 0.011719 0.026042 0.0 0.0 0.0 0.0 0.0 0.0 0.0 0.0 0.0 0.0 0.0 0.0 0.0 0.0 0.0