0 0.800781 0.158 0.037109 0.029143 0.789935 0.156796 1.0 0.805943 0.156429 1.0 0.797468 0.162122 1.0 0.792132 0.166531 1.0 0.803432 0.166347 1.0
0 0.633301 0.144857 0.030273 0.021143 0.626465 0.142714 1.0 0.640974 0.140194 1.0 0.636213 0.146429 1.0 0.631679 0.150541 1.0 0.641654 0.148286 1.0
0 0.947754 0.122571 0.03418 0.02 0.939418 0.117694 1.0 0.950535 0.119352 1.0 0.93811 0.121265 1.0 0.937456 0.125474 1.0 0.940727 0.126112 1.0
0 0.966309 0.276857 0.045898 0.033714 0.951172 0.271 1.0 0.974976 0.272714 1.0 0.960327 0.279357 1.0 0.951904 0.283643 1.0 0.970215 0.284929 1.0
0 0.916016 0.261714 0.046875 0.030857 0.910828 0.256321 1.0 0.930634 0.256911 1.0 0.922241 0.263197 1.0 0.911163 0.2685 1.0 0.926605 0.268697 1.0
0 0.838379 0.25 0.049805 0.037143 0.825056 0.244786 1.0 0.845512 0.245255 1.0 0.832275 0.250653 1.0 0.823451 0.258163 1.0 0.842303 0.259102 1.0
0 0.726074 0.246571 0.055664 0.034857 0.715088 0.238607 1.0 0.736459 0.242995 1.0 0.722961 0.244969 1.0 0.709089 0.251112 1.0 0.727086 0.255939 1.0
0 0.630371 0.212 0.038086 0.030857 0.0 0.0 0.0 0.0 0.0 0.0 0.0 0.0 0.0 0.0 0.0 0.0 0.0 0.0 0.0
0 0.21875 0.159143 0.035156 0.025714 0.203753 0.154286 1.0 0.216309 0.155102 1.0 0.202079 0.159674 1.0 0.202079 0.165388 1.0 0.214635 0.166367 1.0
0 0.188965 0.163429 0.030273 0.024 0.0 0.0 0.0 0.0 0.0 0.0 0.0 0.0 0.0 0.0 0.0 0.0 0.0 0.0 0.0
0 0.989258 0.238571 0.021484 0.029143 0.991176 0.23149 1.0 1.005302 0.231306 1.0 0.999651 0.236449 1.0 0.990234 0.242878 1.0 1.004674 0.24251 1.0
0 0.010254 0.149143 0.020508 0.020571 0.0 0.0 0.0 0.0 0.0 0.0 0.0 0.0 0.0 0.0 0.0 0.0 0.0 0.0 0.0
0 0.006348 0.202857 0.012695 0.028571 0.0 0.0 0.0 0.0 0.0 0.0 0.0 0.0 0.0 0.0 0.0 0.0 0.0 0.0 0.0
0 0.36377 0.094 0.032227 0.024571 0.0 0.0 0.0 0.0 0.0 0.0 0.0 0.0 0.0 0.0 0.0 0.0 0.0 0.0 0.0
0 0.251953 0.232857 0.066406 0.041714 0.0 0.0 0.0 0.0 0.0 0.0 0.0 0.0 0.0 0.0 0.0 0.0 0.0 0.0 0.0
0 0.109863 0.218 0.030273 0.025714 0.0 0.0 0.0 0.0 0.0 0.0 0.0 0.0 0.0 0.0 0.0 0.0 0.0 0.0 0.0