0 0.767578 0.27164 0.064453 0.099089 0.752729 0.259904 1.0 0.78145 0.258664 1.0 0.768153 0.278515 1.0 0.754325 0.294642 1.0 0.78145 0.292781 1.0
0 0.861816 0.292711 0.038086 0.066059 0.844321 0.284967 1.0 0.85192 0.283279 1.0 0.84215 0.301847 1.0 0.852644 0.314508 1.0 0.856624 0.312399 1.0
0 0.275391 0.27221 0.179688 0.271071 0.241312 0.217133 1.0 0.318717 0.247793 1.0 0.251534 0.285267 1.0 0.215022 0.305707 1.0 0.298271 0.339773 1.0
0 0.069824 0.258542 0.073242 0.154897 0.0 0.0 0.0 0.0 0.0 0.0 0.0 0.0 0.0 0.0 0.0 0.0 0.0 0.0 0.0
0 0.23584 0.051253 0.030273 0.047836 0.0 0.0 0.0 0.0 0.0 0.0 0.0 0.0 0.0 0.0 0.0 0.0 0.0 0.0 0.0
0 0.198242 0.051253 0.033203 0.04328 0.0 0.0 0.0 0.0 0.0 0.0 0.0 0.0 0.0 0.0 0.0 0.0 0.0 0.0 0.0
0 0.469238 0.10877 0.026367 0.035308 0.0 0.0 0.0 0.0 0.0 0.0 0.0 0.0 0.0 0.0 0.0 0.0 0.0 0.0 0.0
0 0.956055 0.299544 0.019531 0.034169 0.94683 0.294165 1.0 0.954141 0.294384 1.0 0.947205 0.300943 1.0 0.949829 0.305315 1.0 0.953953 0.305753 1.0
0 0.537109 0.275626 0.033203 0.059226 0.0 0.0 0.0 0.0 0.0 0.0 0.0 0.0 0.0 0.0 0.0 0.0 0.0 0.0 0.0
0 0.660645 0.27164 0.024414 0.042141 0.0 0.0 0.0 0.0 0.0 0.0 0.0 0.0 0.0 0.0 0.0 0.0 0.0 0.0 0.0
0 0.804688 0.182802 0.013672 0.02164 0.803964 0.179329 1.0 0.809967 0.17974 1.0 0.807613 0.184409 1.0 0.804317 0.18839 1.0 0.80879 0.187978 1.0
0 0.852539 0.177677 0.011719 0.015945 0.851593 0.175399 1.0 0.855438 0.175292 1.0 0.853974 0.179136 1.0 0.851593 0.182979 1.0 0.855164 0.182767 1.0
0 0.890137 0.196469 0.010742 0.019362 0.0 0.0 0.0 0.0 0.0 0.0 0.0 0.0 0.0 0.0 0.0 0.0 0.0 0.0 0.0
0 0.924805 0.203303 0.011719 0.017084 0.0 0.0 0.0 0.0 0.0 0.0 0.0 0.0 0.0 0.0 0.0 0.0 0.0 0.0 0.0
0 0.902344 0.18451 0.007812 0.013667 0.0 0.0 0.0 0.0 0.0 0.0 0.0 0.0 0.0 0.0 0.0 0.0 0.0 0.0 0.0
0 0.979004 0.205011 0.008789 0.013667 0.0 0.0 0.0 0.0 0.0 0.0 0.0 0.0 0.0 0.0 0.0 0.0 0.0 0.0 0.0
0 0.990723 0.199317 0.008789 0.013667 0.0 0.0 0.0 0.0 0.0 0.0 0.0 0.0 0.0 0.0 0.0 0.0 0.0 0.0 0.0
0 0.960938 0.161731 0.005859 0.013667 0.0 0.0 0.0 0.0 0.0 0.0 0.0 0.0 0.0 0.0 0.0 0.0 0.0 0.0 0.0
0 0.949219 0.160023 0.007812 0.014806 0.0 0.0 0.0 0.0 0.0 0.0 0.0 0.0 0.0 0.0 0.0 0.0 0.0 0.0 0.0
0 0.882812 0.175399 0.007812 0.013667 0.0 0.0 0.0 0.0 0.0 0.0 0.0 0.0 0.0 0.0 0.0 0.0 0.0 0.0 0.0
0 0.81543 0.160023 0.009766 0.017084 0.0 0.0 0.0 0.0 0.0 0.0 0.0 0.0 0.0 0.0 0.0 0.0 0.0 0.0 0.0
0 0.754395 0.174829 0.012695 0.02164 0.0 0.0 0.0 0.0 0.0 0.0 0.0 0.0 0.0 0.0 0.0 0.0 0.0 0.0 0.0
0 0.717285 0.174829 0.014648 0.023918 0.0 0.0 0.0 0.0 0.0 0.0 0.0 0.0 0.0 0.0 0.0 0.0 0.0 0.0 0.0
0 0.693848 0.165148 0.016602 0.022779 0.0 0.0 0.0 0.0 0.0 0.0 0.0 0.0 0.0 0.0 0.0 0.0 0.0 0.0 0.0
0 0.608887 0.157745 0.014648 0.019362 0.610033 0.150505 1.0 0.614284 0.150251 1.0 0.615265 0.15419 1.0 0.611777 0.160293 1.0 0.615919 0.159784 1.0
0 0.962402 0.211276 0.012695 0.019362 0.0 0.0 0.0 0.0 0.0 0.0 0.0 0.0 0.0 0.0 0.0 0.0 0.0 0.0 0.0
0 0.714844 0.273349 0.029297 0.068337 0.0 0.0 0.0 0.0 0.0 0.0 0.0 0.0 0.0 0.0 0.0 0.0 0.0 0.0 0.0