0 0.200195 0.165537 0.054688 0.075706 0.182495 0.155963 1.0 0.212411 0.15454 1.0 0.198067 0.177774 1.0 0.188643 0.18299 1.0 0.210771 0.181094 1.0
0 0.435059 0.181356 0.051758 0.084746 0.444737 0.172236 1.0 0.458139 0.172236 1.0 0.462298 0.186672 1.0 0.437805 0.200575 1.0 0.450744 0.200575 1.0
0 0.490234 0.249718 0.046875 0.065537 0.483232 0.24036 1.0 0.503858 0.236173 1.0 0.501687 0.254595 1.0 0.487575 0.263388 1.0 0.504582 0.260038 1.0
0 0.611328 0.246328 0.050781 0.076836 0.619298 0.226191 1.0 0.623526 0.224722 1.0 0.637904 0.242827 1.0 0.623104 0.263377 1.0 0.623526 0.262888 1.0
0 0.764648 0.181356 0.060547 0.087006 0.738264 0.172619 1.0 0.752389 0.167171 1.0 0.740147 0.192232 1.0 0.753802 0.203128 1.0 0.76416 0.196045 1.0
0 0.933594 0.282486 0.027344 0.038418 0.926758 0.279096 1.0 0.942383 0.280226 1.0 0.932617 0.287006 1.0 0.927734 0.291525 1.0 0.9375 0.293785 1.0
0 0.705078 0.268362 0.03125 0.050847 0.701756 0.26246 1.0 0.718192 0.262788 1.0 0.712524 0.27328 1.0 0.702039 0.280165 1.0 0.715358 0.280821 1.0
0 0.726562 0.254237 0.025391 0.047458 0.724243 0.249697 1.0 0.734968 0.25 1.0 0.731044 0.25908 1.0 0.726336 0.268765 1.0 0.733398 0.267858 1.0
0 0.755859 0.270621 0.023438 0.039548 0.751447 0.261481 1.0 0.763872 0.262994 1.0 0.760385 0.272327 1.0 0.751665 0.279641 1.0 0.761039 0.281154 1.0
0 0.968262 0.231638 0.022461 0.029379 0.966963 0.227901 1.0 0.975834 0.228461 1.0 0.972124 0.23238 1.0 0.96906 0.237419 1.0 0.973737 0.238166 1.0
0 0.637207 0.214124 0.055664 0.068927 0.0 0.0 0.0 0.0 0.0 0.0 0.0 0.0 0.0 0.0 0.0 0.0 0.0 0.0 0.0