0 0.025879 0.286237 0.051758 0.124451 0.012416 0.282367 1.0 0.037005 0.274524 1.0 0.032296 0.301192 1.0 0.024449 0.323939 1.0 0.04276 0.313742 1.0
0 0.384766 0.363104 0.103516 0.178624 0.367131 0.364608 1.0 0.417825 0.356783 1.0 0.39546 0.393668 1.0 0.379805 0.433905 1.0 0.416334 0.414903 1.0
0 0.678223 0.284041 0.073242 0.158126 0.651721 0.275309 1.0 0.671064 0.271309 1.0 0.642382 0.29931 1.0 0.651054 0.32031 1.0 0.666395 0.32131 1.0
0 0.833496 0.434846 0.12793 0.231332 0.801897 0.383098 1.0 0.812592 0.40059 1.0 0.770787 0.442859 1.0 0.792176 0.48513 1.0 0.801897 0.499706 1.0
0 0.516602 0.392387 0.03125 0.06735 0.509766 0.383602 1.0 0.526367 0.387994 1.0 0.516602 0.398243 1.0 0.508789 0.407028 1.0 0.522461 0.412884 1.0
0 0.616699 0.341874 0.018555 0.098097 0.0 0.0 0.0 0.0 0.0 0.0 0.0 0.0 0.0 0.0 0.0 0.0 0.0 0.0 0.0
0 0.474609 0.371157 0.017578 0.054173 0.0 0.0 0.0 0.0 0.0 0.0 0.0 0.0 0.0 0.0 0.0 0.0 0.0 0.0 0.0
0 0.452637 0.297218 0.014648 0.029283 0.0 0.0 0.0 0.0 0.0 0.0 0.0 0.0 0.0 0.0 0.0 0.0 0.0 0.0 0.0
0 0.452148 0.388726 0.019531 0.04246 0.0 0.0 0.0 0.0 0.0 0.0 0.0 0.0 0.0 0.0 0.0 0.0 0.0 0.0 0.0
0 0.594238 0.388726 0.030273 0.062958 0.0 0.0 0.0 0.0 0.0 0.0 0.0 0.0 0.0 0.0 0.0 0.0 0.0 0.0 0.0
0 0.283691 0.275988 0.069336 0.20937 0.0 0.0 0.0 0.0 0.0 0.0 0.0 0.0 0.0 0.0 0.0 0.0 0.0 0.0 0.0