0 0.296875 0.210835 0.023438 0.043924 0.288086 0.20937 1.0 0.299805 0.213763 1.0 0.293945 0.221083 1.0 0.290039 0.229868 1.0 0.298828 0.231332 1.0
0 0.522461 0.376281 0.033203 0.079063 0.517578 0.371889 1.0 0.530273 0.358712 1.0 0.533203 0.387994 1.0 0.527344 0.402635 1.0 0.536133 0.395315 1.0
0 0.720703 0.250366 0.025391 0.064422 0.0 0.0 0.0 0.0 0.0 0.0 0.0 0.0 0.0 0.0 0.0 0.0 0.0 0.0 0.0
0 0.344727 0.382138 0.068359 0.137628 0.331002 0.371183 1.0 0.361503 0.366006 1.0 0.354597 0.385851 1.0 0.34539 0.417773 1.0 0.365531 0.410871 1.0
0 0.49707 0.548316 0.083984 0.14202 0.489306 0.556703 1.0 0.521559 0.527152 1.0 0.523947 0.574612 1.0 0.512002 0.599685 1.0 0.531712 0.578193 1.0
0 0.797363 0.369693 0.06543 0.144949 0.788879 0.36096 1.0 0.819179 0.371862 1.0 0.804029 0.400936 1.0 0.78585 0.408205 1.0 0.808271 0.411839 1.0
0 0.293457 0.489751 0.041992 0.180088 0.265551 0.470195 1.0 0.291948 0.467933 1.0 0.276864 0.50751 1.0 0.270076 0.539171 1.0 0.291194 0.531256 1.0
0 0.358398 0.252562 0.052734 0.095168 0.354522 0.250504 1.0 0.373963 0.241581 1.0 0.377533 0.257045 1.0 0.370789 0.283218 1.0 0.382294 0.27489 1.0
0 0.663086 0.437775 0.0625 0.131772 0.658722 0.41712 1.0 0.683084 0.405498 1.0 0.687513 0.434552 1.0 0.676439 0.469417 1.0 0.688066 0.461946 1.0
0 0.623047 0.240117 0.03125 0.064422 0.621948 0.238149 1.0 0.635406 0.235268 1.0 0.632935 0.253798 1.0 0.623871 0.263268 1.0 0.63211 0.264504 1.0
0 0.444824 0.27672 0.041992 0.064422 0.448608 0.277936 1.0 0.462123 0.269426 1.0 0.464556 0.283609 1.0 0.461854 0.294552 1.0 0.46861 0.290094 1.0
0 0.463379 0.25183 0.040039 0.076135 0.461601 0.251347 1.0 0.475473 0.245059 1.0 0.474182 0.262471 1.0 0.468053 0.278433 1.0 0.478376 0.272145 1.0
0 0.390137 0.210102 0.026367 0.057101 0.381976 0.208305 1.0 0.395883 0.205789 1.0 0.391327 0.221247 1.0 0.385572 0.228436 1.0 0.397082 0.22628 1.0
0 0.874023 0.355783 0.044922 0.114202 0.874023 0.342842 1.0 0.891288 0.346436 1.0 0.890809 0.358659 1.0 0.871626 0.380228 1.0 0.890809 0.385262 1.0
0 0.939941 0.367496 0.030273 0.06735 0.93457 0.352855 1.0 0.951172 0.346999 1.0 0.953125 0.36896 1.0 0.94043 0.385066 1.0 0.949219 0.382138 1.0
0 0.489746 0.376281 0.047852 0.11713 0.483398 0.380673 1.0 0.503906 0.364568 1.0 0.506836 0.398243 1.0 0.501953 0.418741 1.0 0.510742 0.41142 1.0
0 0.38916 0.367496 0.045898 0.122987 0.383984 0.364714 1.0 0.403857 0.359898 1.0 0.401133 0.383221 1.0 0.386846 0.402518 1.0 0.403975 0.398887 1.0
0 0.503906 0.249634 0.023438 0.060029 0.499878 0.241698 1.0 0.513532 0.238666 1.0 0.509739 0.24587 1.0 0.503671 0.260275 1.0 0.513026 0.259517 1.0
0 0.49707 0.182284 0.023438 0.039531 0.496094 0.185944 1.0 0.504883 0.181552 1.0 0.503906 0.190337 1.0 0.501953 0.199122 1.0 0.507812 0.196193 1.0