0 0.558105 0.410633 0.022461 0.018854 0.55481 0.404681 1.0 0.564384 0.407469 1.0 0.558576 0.41062 1.0 0.55324 0.413408 1.0 0.561872 0.415105 1.0
0 0.614258 0.402338 0.023438 0.023379 0.607979 0.400368 1.0 0.6172 0.399914 1.0 0.611512 0.40461 1.0 0.608176 0.407792 1.0 0.618378 0.407337 1.0
0 0.690918 0.411011 0.030273 0.030166 0.683472 0.408906 1.0 0.69863 0.408906 1.0 0.69043 0.414087 1.0 0.683472 0.417734 1.0 0.696643 0.417734 1.0
0 0.734375 0.415535 0.007812 0.00905 0.0 0.0 0.0 0.0 0.0 0.0 0.0 0.0 0.0 0.0 0.0 0.0 0.0 0.0 0.0
0 0.87207 0.06825 0.021484 0.023379 0.0 0.0 0.0 0.0 0.0 0.0 0.0 0.0 0.0 0.0 0.0 0.0 0.0 0.0 0.0
0 0.892578 0.03356 0.019531 0.018854 0.887739 0.034307 1.0 0.895805 0.030819 1.0 0.893868 0.035926 1.0 0.892256 0.039414 1.0 0.898708 0.036799 1.0
0 0.305176 0.056938 0.008789 0.008296 0.0 0.0 0.0 0.0 0.0 0.0 0.0 0.0 0.0 0.0 0.0 0.0 0.0 0.0 0.0
0 0.402344 0.059578 0.011719 0.010558 0.0 0.0 0.0 0.0 0.0 0.0 0.0 0.0 0.0 0.0 0.0 0.0 0.0 0.0 0.0
0 0.372559 0.060709 0.010742 0.009804 0.0 0.0 0.0 0.0 0.0 0.0 0.0 0.0 0.0 0.0 0.0 0.0 0.0 0.0 0.0
0 0.328613 0.061086 0.008789 0.007541 0.0 0.0 0.0 0.0 0.0 0.0 0.0 0.0 0.0 0.0 0.0 0.0 0.0 0.0 0.0
0 0.084473 0.187029 0.018555 0.013575 0.0 0.0 0.0 0.0 0.0 0.0 0.0 0.0 0.0 0.0 0.0 0.0 0.0 0.0 0.0
0 0.133789 0.182881 0.017578 0.015837 0.132398 0.179198 1.0 0.138594 0.179393 1.0 0.135686 0.182713 1.0 0.132398 0.185544 1.0 0.137708 0.185739 1.0
0 0.022949 0.182881 0.006836 0.011312 0.0 0.0 0.0 0.0 0.0 0.0 0.0 0.0 0.0 0.0 0.0 0.0 0.0 0.0 0.0
0 0.173828 0.19457 0.005859 0.007541 0.0 0.0 0.0 0.0 0.0 0.0 0.0 0.0 0.0 0.0 0.0 0.0 0.0 0.0 0.0
0 0.202148 0.193062 0.003906 0.004525 0.0 0.0 0.0 0.0 0.0 0.0 0.0 0.0 0.0 0.0 0.0 0.0 0.0 0.0 0.0
0 0.047852 0.190045 0.007812 0.007541 0.0 0.0 0.0 0.0 0.0 0.0 0.0 0.0 0.0 0.0 0.0 0.0 0.0 0.0 0.0
0 0.116211 0.562217 0.035156 0.041478 0.107413 0.557901 1.0 0.123396 0.557639 1.0 0.115914 0.566567 1.0 0.107753 0.571819 1.0 0.125436 0.571819 1.0
0 0.1875 0.598416 0.011719 0.012821 0.184675 0.597554 1.0 0.189069 0.597716 1.0 0.187291 0.60014 1.0 0.184884 0.602322 1.0 0.189488 0.602403 1.0
0 0.214844 0.597662 0.007812 0.009804 0.0 0.0 0.0 0.0 0.0 0.0 0.0 0.0 0.0 0.0 0.0 0.0 0.0 0.0 0.0
0 0.024414 0.61463 0.007812 0.00905 0.02397 0.613853 1.0 0.02812 0.613452 1.0 0.025822 0.616028 1.0 0.02397 0.617344 1.0 0.027675 0.617287 1.0
0 0.665527 0.570136 0.030273 0.036199 0.654231 0.56863 1.0 0.658028 0.567278 1.0 0.652479 0.574721 1.0 0.659197 0.58036 1.0 0.662994 0.579232 1.0
0 0.791016 0.588235 0.023438 0.022624 0.780291 0.585831 1.0 0.791352 0.585687 1.0 0.782915 0.589885 1.0 0.780854 0.594662 1.0 0.788352 0.594807 1.0
0 0.895996 0.579186 0.026367 0.025641 0.88623 0.576923 1.0 0.89753 0.576438 1.0 0.889788 0.580317 1.0 0.887067 0.585811 1.0 0.89502 0.585488 1.0
0 0.873535 0.581825 0.014648 0.017345 0.86925 0.579516 1.0 0.877162 0.579627 1.0 0.873278 0.583404 1.0 0.869825 0.585293 1.0 0.87673 0.585293 1.0
0 0.739746 0.588989 0.010742 0.013575 0.0 0.0 0.0 0.0 0.0 0.0 0.0 0.0 0.0 0.0 0.0 0.0 0.0 0.0 0.0
0 0.07373 0.065234 0.014648 0.014329 0.0 0.0 0.0 0.0 0.0 0.0 0.0 0.0 0.0 0.0 0.0 0.0 0.0 0.0 0.0
0 0.106934 0.058446 0.014648 0.014329 0.103738 0.057056 1.0 0.109271 0.057147 1.0 0.106327 0.059056 1.0 0.104797 0.060783 1.0 0.108564 0.060601 1.0
0 0.158691 0.069759 0.012695 0.012821 0.0 0.0 0.0 0.0 0.0 0.0 0.0 0.0 0.0 0.0 0.0 0.0 0.0 0.0 0.0
0 0.21582 0.077677 0.011719 0.010558 0.21106 0.076452 1.0 0.21582 0.075815 1.0 0.213439 0.079068 1.0 0.212891 0.081048 1.0 0.217377 0.080694 1.0
0 0.074219 0.347285 0.025391 0.026395 0.066127 0.341962 1.0 0.080357 0.342477 1.0 0.074132 0.347972 1.0 0.067239 0.352093 1.0 0.079023 0.352436 1.0
0 0.133301 0.356335 0.020508 0.024887 0.128558 0.355904 1.0 0.138812 0.356066 1.0 0.13337 0.360913 1.0 0.128767 0.363661 1.0 0.13651 0.364307 1.0
0 0.312012 0.372172 0.014648 0.015837 0.309818 0.370293 1.0 0.316711 0.370606 1.0 0.314278 0.37332 1.0 0.311035 0.376034 1.0 0.316441 0.376242 1.0
0 0.286621 0.346154 0.006836 0.007541 0.0 0.0 0.0 0.0 0.0 0.0 0.0 0.0 0.0 0.0 0.0 0.0 0.0 0.0 0.0
0 0.298828 0.351433 0.005859 0.006033 0.0 0.0 0.0 0.0 0.0 0.0 0.0 0.0 0.0 0.0 0.0 0.0 0.0 0.0 0.0
0 0.369141 0.349548 0.009766 0.008296 0.0 0.0 0.0 0.0 0.0 0.0 0.0 0.0 0.0 0.0 0.0 0.0 0.0 0.0 0.0
0 0.340332 0.37368 0.012695 0.011312 0.0 0.0 0.0 0.0 0.0 0.0 0.0 0.0 0.0 0.0 0.0 0.0 0.0 0.0 0.0
0 0.425293 0.372172 0.010742 0.014329 0.0 0.0 0.0 0.0 0.0 0.0 0.0 0.0 0.0 0.0 0.0 0.0 0.0 0.0 0.0
0 0.831543 0.492081 0.020508 0.020362 0.0 0.0 0.0 0.0 0.0 0.0 0.0 0.0 0.0 0.0 0.0 0.0 0.0 0.0 0.0
0 0.830566 0.463047 0.014648 0.012066 0.827136 0.46006 1.0 0.829751 0.460397 1.0 0.826809 0.462502 1.0 0.826591 0.465363 1.0 0.828116 0.465447 1.0
0 0.952637 0.493967 0.024414 0.027149 0.0 0.0 0.0 0.0 0.0 0.0 0.0 0.0 0.0 0.0 0.0 0.0 0.0 0.0 0.0
0 0.769043 0.483409 0.012695 0.025641 0.0 0.0 0.0 0.0 0.0 0.0 0.0 0.0 0.0 0.0 0.0 0.0 0.0 0.0 0.0
0 0.396973 0.715686 0.012695 0.0181 0.0 0.0 0.0 0.0 0.0 0.0 0.0 0.0 0.0 0.0 0.0 0.0 0.0 0.0 0.0
0 0.421387 0.710784 0.012695 0.014329 0.421509 0.709182 1.0 0.427002 0.709747 1.0 0.424805 0.711916 1.0 0.421753 0.714555 1.0 0.425171 0.715026 1.0
0 0.462402 0.713047 0.012695 0.015837 0.0 0.0 0.0 0.0 0.0 0.0 0.0 0.0 0.0 0.0 0.0 0.0 0.0 0.0 0.0
0 0.250488 0.718703 0.004883 0.004525 0.0 0.0 0.0 0.0 0.0 0.0 0.0 0.0 0.0 0.0 0.0 0.0 0.0 0.0 0.0
0 0.035156 0.917798 0.015625 0.0181 0.0 0.0 0.0 0.0 0.0 0.0 0.0 0.0 0.0 0.0 0.0 0.0 0.0 0.0 0.0
0 0.160156 0.903092 0.009766 0.009804 0.155273 0.901563 1.0 0.158727 0.901988 1.0 0.156215 0.904048 1.0 0.156137 0.905927 1.0 0.158412 0.906109 1.0
0 0.138184 0.892534 0.004883 0.005279 0.0 0.0 0.0 0.0 0.0 0.0 0.0 0.0 0.0 0.0 0.0 0.0 0.0 0.0 0.0
0 0.322754 0.877451 0.020508 0.018854 0.31944 0.875135 1.0 0.328072 0.874892 1.0 0.323364 0.878892 1.0 0.319598 0.882286 1.0 0.327759 0.882286 1.0
0 0.361816 0.890271 0.018555 0.018854 0.0 0.0 0.0 0.0 0.0 0.0 0.0 0.0 0.0 0.0 0.0 0.0 0.0 0.0 0.0
0 0.413574 0.890649 0.012695 0.012066 0.0 0.0 0.0 0.0 0.0 0.0 0.0 0.0 0.0 0.0 0.0 0.0 0.0 0.0 0.0
0 0.476074 0.884615 0.012695 0.012066 0.471715 0.884912 1.0 0.474121 0.883296 1.0 0.47433 0.886447 1.0 0.475481 0.888548 1.0 0.478411 0.886931 1.0
0 0.440918 0.894419 0.008789 0.012066 0.0 0.0 0.0 0.0 0.0 0.0 0.0 0.0 0.0 0.0 0.0 0.0 0.0 0.0 0.0
0 0.467285 0.891403 0.006836 0.007541 0.0 0.0 0.0 0.0 0.0 0.0 0.0 0.0 0.0 0.0 0.0 0.0 0.0 0.0 0.0
0 0.727051 0.812971 0.040039 0.036199 0.722961 0.804474 1.0 0.740779 0.80515 1.0 0.730556 0.812594 1.0 0.719748 0.816204 1.0 0.736982 0.818008 1.0
0 0.632812 0.838235 0.029297 0.026395 0.629874 0.838026 1.0 0.642299 0.837858 1.0 0.63576 0.842235 1.0 0.632054 0.846443 1.0 0.639247 0.846443 1.0
0 0.660645 0.833333 0.014648 0.015083 0.0 0.0 0.0 0.0 0.0 0.0 0.0 0.0 0.0 0.0 0.0 0.0 0.0 0.0 0.0
0 0.801758 0.830317 0.039062 0.037707 0.790283 0.826681 1.0 0.810059 0.825226 1.0 0.800328 0.833952 1.0 0.794678 0.841468 1.0 0.811314 0.840498 1.0
0 0.77002 0.838989 0.014648 0.018854 0.772199 0.836673 1.0 0.775652 0.836552 1.0 0.777379 0.840916 1.0 0.773455 0.844066 1.0 0.773455 0.844066 1.0
0 0.90625 0.832579 0.005859 0.012066 0.0 0.0 0.0 0.0 0.0 0.0 0.0 0.0 0.0 0.0 0.0 0.0 0.0 0.0 0.0
0 0.915527 0.837481 0.008789 0.011312 0.0 0.0 0.0 0.0 0.0 0.0 0.0 0.0 0.0 0.0 0.0 0.0 0.0 0.0 0.0
0 0.229004 0.234917 0.010742 0.009804 0.0 0.0 0.0 0.0 0.0 0.0 0.0 0.0 0.0 0.0 0.0 0.0 0.0 0.0 0.0
0 0.258301 0.233786 0.006836 0.00905 0.0 0.0 0.0 0.0 0.0 0.0 0.0 0.0 0.0 0.0 0.0 0.0 0.0 0.0 0.0
0 0.243652 0.228884 0.006836 0.008296 0.0 0.0 0.0 0.0 0.0 0.0 0.0 0.0 0.0 0.0 0.0 0.0 0.0 0.0 0.0
0 0.383789 0.239819 0.011719 0.010558 0.0 0.0 0.0 0.0 0.0 0.0 0.0 0.0 0.0 0.0 0.0 0.0 0.0 0.0 0.0
0 0.403809 0.23454 0.010742 0.010558 0.0 0.0 0.0 0.0 0.0 0.0 0.0 0.0 0.0 0.0 0.0 0.0 0.0 0.0 0.0
0 0.462402 0.252262 0.016602 0.015837 0.0 0.0 0.0 0.0 0.0 0.0 0.0 0.0 0.0 0.0 0.0 0.0 0.0 0.0 0.0
0 0.345703 0.236048 0.007812 0.00905 0.0 0.0 0.0 0.0 0.0 0.0 0.0 0.0 0.0 0.0 0.0 0.0 0.0 0.0 0.0
0 0.275391 0.226244 0.005859 0.007541 0.0 0.0 0.0 0.0 0.0 0.0 0.0 0.0 0.0 0.0 0.0 0.0 0.0 0.0 0.0
0 0.477539 0.248115 0.011719 0.013575 0.0 0.0 0.0 0.0 0.0 0.0 0.0 0.0 0.0 0.0 0.0 0.0 0.0 0.0 0.0
0 0.481934 0.230769 0.008789 0.00905 0.0 0.0 0.0 0.0 0.0 0.0 0.0 0.0 0.0 0.0 0.0 0.0 0.0 0.0 0.0
0 0.493164 0.229638 0.005859 0.006787 0.0 0.0 0.0 0.0 0.0 0.0 0.0 0.0 0.0 0.0 0.0 0.0 0.0 0.0 0.0
0 0.614746 0.595023 0.022461 0.025641 0.612274 0.591181 1.0 0.613983 0.591841 1.0 0.612274 0.596296 1.0 0.612061 0.600914 1.0 0.612274 0.601079 1.0
0 0.309082 0.511689 0.008789 0.012821 0.0 0.0 0.0 0.0 0.0 0.0 0.0 0.0 0.0 0.0 0.0 0.0 0.0 0.0 0.0
0 0.360352 0.510558 0.015625 0.015083 0.0 0.0 0.0 0.0 0.0 0.0 0.0 0.0 0.0 0.0 0.0 0.0 0.0 0.0 0.0
0 0.272949 0.510935 0.006836 0.008296 0.0 0.0 0.0 0.0 0.0 0.0 0.0 0.0 0.0 0.0 0.0 0.0 0.0 0.0 0.0
0 0.239746 0.510935 0.006836 0.008296 0.0 0.0 0.0 0.0 0.0 0.0 0.0 0.0 0.0 0.0 0.0 0.0 0.0 0.0 0.0
0 0.430176 0.520362 0.006836 0.007541 0.427674 0.519231 1.0 0.429627 0.519231 1.0 0.428527 0.520833 1.0 0.427551 0.52187 1.0 0.42981 0.522012 1.0
0 0.403809 0.52187 0.006836 0.007541 0.0 0.0 0.0 0.0 0.0 0.0 0.0 0.0 0.0 0.0 0.0 0.0 0.0 0.0 0.0
0 0.052734 0.892911 0.003906 0.006033 0.0 0.0 0.0 0.0 0.0 0.0 0.0 0.0 0.0 0.0 0.0 0.0 0.0 0.0 0.0
0 0.330078 0.720588 0.003906 0.005279 0.0 0.0 0.0 0.0 0.0 0.0 0.0 0.0 0.0 0.0 0.0 0.0 0.0 0.0 0.0
0 0.540527 0.713047 0.008789 0.009804 0.0 0.0 0.0 0.0 0.0 0.0 0.0 0.0 0.0 0.0 0.0 0.0 0.0 0.0 0.0
0 0.583984 0.291855 0.003906 0.004525 0.0 0.0 0.0 0.0 0.0 0.0 0.0 0.0 0.0 0.0 0.0 0.0 0.0 0.0 0.0
0 0.54541 0.28356 0.00293 0.007541 0.0 0.0 0.0 0.0 0.0 0.0 0.0 0.0 0.0 0.0 0.0 0.0 0.0 0.0 0.0
0 0.891113 0.267722 0.00293 0.004525 0.0 0.0 0.0 0.0 0.0 0.0 0.0 0.0 0.0 0.0 0.0 0.0 0.0 0.0 0.0
0 0.741211 0.288839 0.003906 0.006033 0.0 0.0 0.0 0.0 0.0 0.0 0.0 0.0 0.0 0.0 0.0 0.0 0.0 0.0 0.0
0 0.762695 0.288839 0.003906 0.007541 0.0 0.0 0.0 0.0 0.0 0.0 0.0 0.0 0.0 0.0 0.0 0.0 0.0 0.0 0.0
0 0.783691 0.285068 0.00293 0.006033 0.0 0.0 0.0 0.0 0.0 0.0 0.0 0.0 0.0 0.0 0.0 0.0 0.0 0.0 0.0
0 0.626465 0.294872 0.00293 0.003017 0.0 0.0 0.0 0.0 0.0 0.0 0.0 0.0 0.0 0.0 0.0 0.0 0.0 0.0 0.0
0 0.631836 0.310332 0.005859 0.005279 0.0 0.0 0.0 0.0 0.0 0.0 0.0 0.0 0.0 0.0 0.0 0.0 0.0 0.0 0.0
0 0.693359 0.206259 0.003906 0.003771 0.0 0.0 0.0 0.0 0.0 0.0 0.0 0.0 0.0 0.0 0.0 0.0 0.0 0.0 0.0
0 0.821289 0.250377 0.003906 0.004525 0.0 0.0 0.0 0.0 0.0 0.0 0.0 0.0 0.0 0.0 0.0 0.0 0.0 0.0 0.0
0 0.525391 0.307315 0.003906 0.005279 0.0 0.0 0.0 0.0 0.0 0.0 0.0 0.0 0.0 0.0 0.0 0.0 0.0 0.0 0.0
0 0.616699 0.297511 0.00293 0.003771 0.0 0.0 0.0 0.0 0.0 0.0 0.0 0.0 0.0 0.0 0.0 0.0 0.0 0.0 0.0
0 0.651855 0.294495 0.004883 0.005279 0.0 0.0 0.0 0.0 0.0 0.0 0.0 0.0 0.0 0.0 0.0 0.0 0.0 0.0 0.0
0 0.644531 0.312217 0.005859 0.004525 0.0 0.0 0.0 0.0 0.0 0.0 0.0 0.0 0.0 0.0 0.0 0.0 0.0 0.0 0.0
0 0.187988 0.365008 0.006836 0.006033 0.0 0.0 0.0 0.0 0.0 0.0 0.0 0.0 0.0 0.0 0.0 0.0 0.0 0.0 0.0
0 0.013672 0.599925 0.007812 0.009804 0.0 0.0 0.0 0.0 0.0 0.0 0.0 0.0 0.0 0.0 0.0 0.0 0.0 0.0 0.0
0 0.58252 0.849548 0.012695 0.011312 0.579921 0.847986 1.0 0.587498 0.847837 1.0 0.581552 0.851097 1.0 0.582703 0.854281 1.0 0.58558 0.853985 1.0