0 0.713379 0.064086 0.026367 0.046954 0.709264 0.059532 1.0 0.720825 0.059826 1.0 0.716518 0.072788 1.0 0.709037 0.076618 1.0 0.718331 0.076618 1.0
0 0.928711 0.039975 0.029297 0.03934 0.92055 0.031613 1.0 0.938197 0.031613 1.0 0.929565 0.044575 1.0 0.922852 0.050308 1.0 0.937238 0.049311 1.0
0 0.611328 0.109772 0.019531 0.031726 0.0 0.0 0.0 0.0 0.0 0.0 0.0 0.0 0.0 0.0 0.0 0.0 0.0 0.0 0.0
0 0.92627 0.15736 0.016602 0.027919 0.0 0.0 0.0 0.0 0.0 0.0 0.0 0.0 0.0 0.0 0.0 0.0 0.0 0.0 0.0
0 0.882812 0.600888 0.015625 0.041878 0.886501 0.59669 1.0 0.884247 0.596157 1.0 0.890394 0.602548 1.0 0.885886 0.612135 1.0 0.884247 0.611868 1.0
0 0.621094 0.575508 0.015625 0.031726 0.0 0.0 0.0 0.0 0.0 0.0 0.0 0.0 0.0 0.0 0.0 0.0 0.0 0.0 0.0
0 0.118164 0.026015 0.033203 0.036802 0.0 0.0 0.0 0.0 0.0 0.0 0.0 0.0 0.0 0.0 0.0 0.0 0.0 0.0 0.0
0 0.091309 0.246193 0.016602 0.025381 0.0 0.0 0.0 0.0 0.0 0.0 0.0 0.0 0.0 0.0 0.0 0.0 0.0 0.0 0.0
0 0.473633 0.056472 0.033203 0.049492 0.0 0.0 0.0 0.0 0.0 0.0 0.0 0.0 0.0 0.0 0.0 0.0 0.0 0.0 0.0
0 0.366211 0.038706 0.013672 0.021574 0.0 0.0 0.0 0.0 0.0 0.0 0.0 0.0 0.0 0.0 0.0 0.0 0.0 0.0 0.0
0 0.474609 0.158629 0.017578 0.027919 0.0 0.0 0.0 0.0 0.0 0.0 0.0 0.0 0.0 0.0 0.0 0.0 0.0 0.0 0.0
0 0.486816 0.287437 0.02832 0.082487 0.485526 0.275857 1.0 0.503976 0.271687 1.0 0.500366 0.28576 1.0 0.493146 0.299832 1.0 0.505981 0.295141 1.0
0 0.566406 0.229695 0.017578 0.027919 0.0 0.0 0.0 0.0 0.0 0.0 0.0 0.0 0.0 0.0 0.0 0.0 0.0 0.0 0.0
0 0.12207 0.524746 0.027344 0.036802 0.0 0.0 0.0 0.0 0.0 0.0 0.0 0.0 0.0 0.0 0.0 0.0 0.0 0.0 0.0
0 0.373535 0.538071 0.014648 0.022843 0.0 0.0 0.0 0.0 0.0 0.0 0.0 0.0 0.0 0.0 0.0 0.0 0.0 0.0 0.0
0 0.478516 0.551396 0.03125 0.057107 0.471436 0.545844 1.0 0.490937 0.547272 1.0 0.482696 0.559406 1.0 0.471984 0.561905 1.0 0.490662 0.562619 1.0
0 0.480957 0.654188 0.020508 0.029188 0.481803 0.652976 1.0 0.489511 0.65548 1.0 0.486397 0.659332 1.0 0.481951 0.662029 1.0 0.486546 0.662992 1.0
0 0.491211 0.78236 0.019531 0.069797 0.0 0.0 0.0 0.0 0.0 0.0 0.0 0.0 0.0 0.0 0.0 0.0 0.0 0.0 0.0
0 0.585938 0.017132 0.03125 0.031726 0.0 0.0 0.0 0.0 0.0 0.0 0.0 0.0 0.0 0.0 0.0 0.0 0.0 0.0 0.0
0 0.094238 0.615482 0.018555 0.030457 0.0 0.0 0.0 0.0 0.0 0.0 0.0 0.0 0.0 0.0 0.0 0.0 0.0 0.0 0.0
0 0.152832 0.63198 0.014648 0.030457 0.0 0.0 0.0 0.0 0.0 0.0 0.0 0.0 0.0 0.0 0.0 0.0 0.0 0.0 0.0