0 0.869141 0.324749 0.015625 0.028894 0.0 0.0 0.0 0.0 0.0 0.0 0.0 0.0 0.0 0.0 0.0 0.0 0.0 0.0 0.0
0 0.867188 0.300879 0.011719 0.013819 0.0 0.0 0.0 0.0 0.0 0.0 0.0 0.0 0.0 0.0 0.0 0.0 0.0 0.0 0.0
0 0.943359 0.317211 0.009766 0.018844 0.0 0.0 0.0 0.0 0.0 0.0 0.0 0.0 0.0 0.0 0.0 0.0 0.0 0.0 0.0
0 0.931641 0.313442 0.009766 0.016332 0.0 0.0 0.0 0.0 0.0 0.0 0.0 0.0 0.0 0.0 0.0 0.0 0.0 0.0 0.0
0 0.673828 0.057789 0.017578 0.060302 0.669975 0.056533 1.0 0.676793 0.049668 1.0 0.675311 0.064541 1.0 0.673531 0.078652 1.0 0.679164 0.073313 1.0
0 0.325195 0.066583 0.03125 0.067839 0.0 0.0 0.0 0.0 0.0 0.0 0.0 0.0 0.0 0.0 0.0 0.0 0.0 0.0 0.0
0 0.576172 0.02701 0.027344 0.046482 0.569253 0.014761 1.0 0.581957 0.014497 1.0 0.574581 0.021088 1.0 0.570688 0.029523 1.0 0.583187 0.03005 1.0
0 0.819824 0.052764 0.006836 0.017588 0.0 0.0 0.0 0.0 0.0 0.0 0.0 0.0 0.0 0.0 0.0 0.0 0.0 0.0 0.0
0 0.921387 0.074121 0.008789 0.017588 0.0 0.0 0.0 0.0 0.0 0.0 0.0 0.0 0.0 0.0 0.0 0.0 0.0 0.0 0.0
0 0.950195 0.079774 0.007812 0.018844 0.0 0.0 0.0 0.0 0.0 0.0 0.0 0.0 0.0 0.0 0.0 0.0 0.0 0.0 0.0
0 0.837891 0.305276 0.009766 0.020101 0.0 0.0 0.0 0.0 0.0 0.0 0.0 0.0 0.0 0.0 0.0 0.0 0.0 0.0 0.0
0 0.477539 0.332286 0.005859 0.008794 0.0 0.0 0.0 0.0 0.0 0.0 0.0 0.0 0.0 0.0 0.0 0.0 0.0 0.0 0.0
0 0.412598 0.326005 0.006836 0.008794 0.0 0.0 0.0 0.0 0.0 0.0 0.0 0.0 0.0 0.0 0.0 0.0 0.0 0.0 0.0
0 0.179688 0.322236 0.007812 0.011307 0.0 0.0 0.0 0.0 0.0 0.0 0.0 0.0 0.0 0.0 0.0 0.0 0.0 0.0 0.0
0 0.207031 0.352387 0.013672 0.021357 0.0 0.0 0.0 0.0 0.0 0.0 0.0 0.0 0.0 0.0 0.0 0.0 0.0 0.0 0.0
0 0.842773 0.055905 0.005859 0.013819 0.0 0.0 0.0 0.0 0.0 0.0 0.0 0.0 0.0 0.0 0.0 0.0 0.0 0.0 0.0
0 0.719238 0.291457 0.03418 0.050251 0.715528 0.283157 1.0 0.727953 0.294345 1.0 0.718759 0.295624 1.0 0.709067 0.29978 1.0 0.718262 0.306813 1.0