0 0.302246 0.349609 0.079102 0.170573 0.296846 0.332461 1.0 0.330547 0.329427 1.0 0.326592 0.359401 1.0 0.307852 0.394062 1.0 0.330947 0.391315 1.0
0 0.200195 0.407552 0.070312 0.223958 0.223311 0.378883 1.0 0.223311 0.37468 1.0 0.234867 0.398496 1.0 0.228563 0.444725 1.0 0.229614 0.446126 1.0
0 0.157715 0.144531 0.018555 0.036458 0.0 0.0 0.0 0.0 0.0 0.0 0.0 0.0 0.0 0.0 0.0 0.0 0.0 0.0 0.0
0 0.041992 0.13737 0.017578 0.029948 0.0 0.0 0.0 0.0 0.0 0.0 0.0 0.0 0.0 0.0 0.0 0.0 0.0 0.0 0.0
0 0.544922 0.088542 0.023438 0.046875 0.0 0.0 0.0 0.0 0.0 0.0 0.0 0.0 0.0 0.0 0.0 0.0 0.0 0.0 0.0
0 0.428711 0.095052 0.019531 0.039062 0.0 0.0 0.0 0.0 0.0 0.0 0.0 0.0 0.0 0.0 0.0 0.0 0.0 0.0 0.0
0 0.37793 0.141276 0.03125 0.048177 0.0 0.0 0.0 0.0 0.0 0.0 0.0 0.0 0.0 0.0 0.0 0.0 0.0 0.0 0.0
0 0.460449 0.192057 0.047852 0.08724 0.447122 0.175293 1.0 0.462446 0.170875 1.0 0.45292 0.202352 1.0 0.453748 0.213396 1.0 0.465345 0.211188 1.0
0 0.502441 0.198568 0.026367 0.042969 0.0 0.0 0.0 0.0 0.0 0.0 0.0 0.0 0.0 0.0 0.0 0.0 0.0 0.0 0.0
0 0.408203 0.302083 0.070312 0.104167 0.394901 0.275815 1.0 0.428895 0.277129 1.0 0.414607 0.302746 1.0 0.395887 0.321794 1.0 0.422982 0.323766 1.0
0 0.630371 0.149089 0.012695 0.022135 0.0 0.0 0.0 0.0 0.0 0.0 0.0 0.0 0.0 0.0 0.0 0.0 0.0 0.0 0.0
0 0.82373 0.346354 0.112305 0.158854 0.795497 0.319359 1.0 0.847987 0.319359 1.0 0.820243 0.353353 1.0 0.801496 0.383348 1.0 0.83599 0.387346 1.0
0 0.721191 0.266276 0.06543 0.102865 0.705706 0.252727 1.0 0.734741 0.251436 1.0 0.717804 0.281762 1.0 0.707642 0.294021 1.0 0.733289 0.294667 1.0
0 0.619629 0.264974 0.06543 0.097656 0.0 0.0 0.0 0.0 0.0 0.0 0.0 0.0 0.0 0.0 0.0 0.0 0.0 0.0 0.0