0 0.094238 0.503255 0.038086 0.040365 0.081272 0.504203 1.0 0.087747 0.504203 1.0 0.083671 0.514434 1.0 0.088466 0.516991 1.0 0.097099 0.512516 1.0
0 0.082031 0.410807 0.03125 0.061198 0.071808 0.410807 1.0 0.085828 0.408859 1.0 0.077649 0.424049 1.0 0.078234 0.430669 1.0 0.089334 0.43106 1.0
0 0.073242 0.367188 0.025391 0.03125 0.0 0.0 0.0 0.0 0.0 0.0 0.0 0.0 0.0 0.0 0.0 0.0 0.0 0.0 0.0
0 0.041016 0.31901 0.017578 0.028646 0.035924 0.317895 1.0 0.04276 0.318081 1.0 0.038435 0.325707 1.0 0.039551 0.330729 1.0 0.043876 0.330543 1.0
0 0.030273 0.276042 0.015625 0.026042 0.0 0.0 0.0 0.0 0.0 0.0 0.0 0.0 0.0 0.0 0.0 0.0 0.0 0.0 0.0
0 0.040527 0.270182 0.006836 0.014323 0.0 0.0 0.0 0.0 0.0 0.0 0.0 0.0 0.0 0.0 0.0 0.0 0.0 0.0 0.0
0 0.0625 0.285156 0.011719 0.023438 0.059823 0.284854 1.0 0.064697 0.283947 1.0 0.062316 0.288784 1.0 0.060957 0.292108 1.0 0.064244 0.291655 1.0
0 0.083008 0.282552 0.015625 0.020833 0.0 0.0 0.0 0.0 0.0 0.0 0.0 0.0 0.0 0.0 0.0 0.0 0.0 0.0 0.0
0 0.070312 0.283854 0.009766 0.020833 0.0 0.0 0.0 0.0 0.0 0.0 0.0 0.0 0.0 0.0 0.0 0.0 0.0 0.0 0.0
0 0.083984 0.309896 0.017578 0.026042 0.0 0.0 0.0 0.0 0.0 0.0 0.0 0.0 0.0 0.0 0.0 0.0 0.0 0.0 0.0
0 0.131836 0.267578 0.015625 0.027344 0.12834 0.265009 1.0 0.13501 0.265009 1.0 0.130562 0.270589 1.0 0.128209 0.276169 1.0 0.134094 0.276693 1.0
0 0.112305 0.28125 0.009766 0.013021 0.0 0.0 0.0 0.0 0.0 0.0 0.0 0.0 0.0 0.0 0.0 0.0 0.0 0.0 0.0
0 0.141113 0.298177 0.016602 0.03125 0.0 0.0 0.0 0.0 0.0 0.0 0.0 0.0 0.0 0.0 0.0 0.0 0.0 0.0 0.0
0 0.105957 0.341146 0.016602 0.018229 0.0 0.0 0.0 0.0 0.0 0.0 0.0 0.0 0.0 0.0 0.0 0.0 0.0 0.0 0.0
0 0.150879 0.371745 0.026367 0.040365 0.141366 0.368605 1.0 0.153333 0.36756 1.0 0.145094 0.379854 1.0 0.145094 0.384301 1.0 0.153726 0.384562 1.0
0 0.185059 0.44987 0.030273 0.040365 0.175362 0.444475 1.0 0.188215 0.444475 1.0 0.181117 0.458031 1.0 0.179583 0.462891 1.0 0.186104 0.462379 1.0
0 0.23584 0.440104 0.038086 0.052083 0.223921 0.436471 1.0 0.241067 0.437134 1.0 0.231873 0.454694 1.0 0.228146 0.461322 1.0 0.238085 0.461652 1.0
0 0.278809 0.401042 0.030273 0.044271 0.0 0.0 0.0 0.0 0.0 0.0 0.0 0.0 0.0 0.0 0.0 0.0 0.0 0.0 0.0
0 0.234375 0.357422 0.027344 0.042969 0.227125 0.354754 1.0 0.23696 0.35448 1.0 0.230198 0.366501 1.0 0.229174 0.372785 1.0 0.23696 0.373059 1.0
0 0.217285 0.356771 0.018555 0.023438 0.0 0.0 0.0 0.0 0.0 0.0 0.0 0.0 0.0 0.0 0.0 0.0 0.0 0.0 0.0
0 0.178223 0.296224 0.014648 0.022135 0.173811 0.296224 1.0 0.179479 0.294625 1.0 0.176972 0.299566 1.0 0.176535 0.30349 1.0 0.180351 0.302328 1.0
0 0.174316 0.277344 0.012695 0.023438 0.0 0.0 0.0 0.0 0.0 0.0 0.0 0.0 0.0 0.0 0.0 0.0 0.0 0.0 0.0
0 0.195801 0.272135 0.012695 0.020833 0.0 0.0 0.0 0.0 0.0 0.0 0.0 0.0 0.0 0.0 0.0 0.0 0.0 0.0 0.0
0 0.209473 0.278646 0.012695 0.023438 0.208112 0.278855 1.0 0.211854 0.278704 1.0 0.209246 0.284447 1.0 0.207659 0.28747 1.0 0.211626 0.286714 1.0
0 0.257812 0.298828 0.017578 0.029948 0.253496 0.29791 1.0 0.260546 0.295991 1.0 0.255799 0.306542 1.0 0.257812 0.309611 1.0 0.261409 0.30846 1.0
0 0.282715 0.326823 0.022461 0.036458 0.278246 0.326648 1.0 0.285575 0.326648 1.0 0.281464 0.33499 1.0 0.278961 0.338327 1.0 0.285396 0.338327 1.0
0 0.306641 0.367188 0.021484 0.033854 0.299212 0.363741 1.0 0.309052 0.365676 1.0 0.303083 0.373634 1.0 0.299212 0.377076 1.0 0.306471 0.378581 1.0
0 0.304688 0.315104 0.017578 0.026042 0.0 0.0 0.0 0.0 0.0 0.0 0.0 0.0 0.0 0.0 0.0 0.0 0.0 0.0 0.0
0 0.30957 0.263021 0.013672 0.020833 0.305315 0.26037 1.0 0.310966 0.258836 1.0 0.307931 0.264556 1.0 0.307094 0.269159 1.0 0.311593 0.267764 1.0
0 0.286133 0.291016 0.015625 0.016927 0.0 0.0 0.0 0.0 0.0 0.0 0.0 0.0 0.0 0.0 0.0 0.0 0.0 0.0 0.0
0 0.251953 0.273438 0.011719 0.015625 0.0 0.0 0.0 0.0 0.0 0.0 0.0 0.0 0.0 0.0 0.0 0.0 0.0 0.0 0.0
0 0.050781 0.174479 0.009766 0.015625 0.0 0.0 0.0 0.0 0.0 0.0 0.0 0.0 0.0 0.0 0.0 0.0 0.0 0.0 0.0
0 0.092285 0.186849 0.010742 0.019531 0.0 0.0 0.0 0.0 0.0 0.0 0.0 0.0 0.0 0.0 0.0 0.0 0.0 0.0 0.0
0 0.171875 0.186198 0.005859 0.007812 0.0 0.0 0.0 0.0 0.0 0.0 0.0 0.0 0.0 0.0 0.0 0.0 0.0 0.0 0.0
0 0.015137 0.264974 0.006836 0.022135 0.0 0.0 0.0 0.0 0.0 0.0 0.0 0.0 0.0 0.0 0.0 0.0 0.0 0.0 0.0
0 0.243164 0.239583 0.005859 0.007812 0.0 0.0 0.0 0.0 0.0 0.0 0.0 0.0 0.0 0.0 0.0 0.0 0.0 0.0 0.0
0 0.267578 0.236328 0.007812 0.009115 0.0 0.0 0.0 0.0 0.0 0.0 0.0 0.0 0.0 0.0 0.0 0.0 0.0 0.0 0.0
0 0.286621 0.238932 0.006836 0.009115 0.0 0.0 0.0 0.0 0.0 0.0 0.0 0.0 0.0 0.0 0.0 0.0 0.0 0.0 0.0
0 0.324707 0.23763 0.006836 0.009115 0.0 0.0 0.0 0.0 0.0 0.0 0.0 0.0 0.0 0.0 0.0 0.0 0.0 0.0 0.0
0 0.335449 0.234375 0.004883 0.007812 0.0 0.0 0.0 0.0 0.0 0.0 0.0 0.0 0.0 0.0 0.0 0.0 0.0 0.0 0.0
0 0.35498 0.236979 0.006836 0.007812 0.353524 0.236467 1.0 0.356785 0.236595 1.0 0.355011 0.238322 1.0 0.354483 0.240176 1.0 0.355874 0.240176 1.0
0 0.379883 0.236979 0.005859 0.010417 0.0 0.0 0.0 0.0 0.0 0.0 0.0 0.0 0.0 0.0 0.0 0.0 0.0 0.0 0.0
0 0.402344 0.235677 0.007812 0.010417 0.0 0.0 0.0 0.0 0.0 0.0 0.0 0.0 0.0 0.0 0.0 0.0 0.0 0.0 0.0
0 0.391602 0.238281 0.005859 0.007812 0.0 0.0 0.0 0.0 0.0 0.0 0.0 0.0 0.0 0.0 0.0 0.0 0.0 0.0 0.0
0 0.319336 0.189453 0.003906 0.00651 0.0 0.0 0.0 0.0 0.0 0.0 0.0 0.0 0.0 0.0 0.0 0.0 0.0 0.0 0.0
0 0.361328 0.223958 0.003906 0.005208 0.0 0.0 0.0 0.0 0.0 0.0 0.0 0.0 0.0 0.0 0.0 0.0 0.0 0.0 0.0
0 0.314453 0.235026 0.005859 0.00651 0.0 0.0 0.0 0.0 0.0 0.0 0.0 0.0 0.0 0.0 0.0 0.0 0.0 0.0 0.0
0 0.429199 0.759766 0.004883 0.00651 0.0 0.0 0.0 0.0 0.0 0.0 0.0 0.0 0.0 0.0 0.0 0.0 0.0 0.0 0.0
0 0.640137 0.270833 0.012695 0.020833 0.0 0.0 0.0 0.0 0.0 0.0 0.0 0.0 0.0 0.0 0.0 0.0 0.0 0.0 0.0
0 0.625488 0.28776 0.012695 0.015625 0.624215 0.28776 1.0 0.628924 0.287876 1.0 0.626831 0.290783 1.0 0.625523 0.292876 1.0 0.628313 0.293108 1.0
0 0.71582 0.248047 0.009766 0.014323 0.0 0.0 0.0 0.0 0.0 0.0 0.0 0.0 0.0 0.0 0.0 0.0 0.0 0.0 0.0
0 0.78418 0.276693 0.013672 0.022135 0.783199 0.276112 1.0 0.788321 0.275676 1.0 0.785487 0.281634 1.0 0.78298 0.28454 1.0 0.786469 0.28454 1.0
0 0.765137 0.268229 0.010742 0.015625 0.0 0.0 0.0 0.0 0.0 0.0 0.0 0.0 0.0 0.0 0.0 0.0 0.0 0.0 0.0
0 0.769043 0.287109 0.014648 0.019531 0.0 0.0 0.0 0.0 0.0 0.0 0.0 0.0 0.0 0.0 0.0 0.0 0.0 0.0 0.0
0 0.75 0.289062 0.017578 0.028646 0.747559 0.292596 1.0 0.753278 0.288876 1.0 0.752581 0.295759 1.0 0.751884 0.302083 1.0 0.756348 0.299479 1.0
0 0.721191 0.29362 0.018555 0.035156 0.716963 0.290277 1.0 0.726484 0.289824 1.0 0.721894 0.296398 1.0 0.719003 0.302293 1.0 0.725804 0.302293 1.0
0 0.696777 0.29362 0.016602 0.029948 0.694275 0.29573 1.0 0.701324 0.29573 1.0 0.697584 0.30302 1.0 0.694275 0.30628 1.0 0.700317 0.306473 1.0
0 0.711914 0.282552 0.009766 0.018229 0.0 0.0 0.0 0.0 0.0 0.0 0.0 0.0 0.0 0.0 0.0 0.0 0.0 0.0 0.0
0 0.680176 0.296875 0.012695 0.015625 0.0 0.0 0.0 0.0 0.0 0.0 0.0 0.0 0.0 0.0 0.0 0.0 0.0 0.0 0.0
0 0.640137 0.297526 0.016602 0.022135 0.637495 0.298991 1.0 0.644183 0.300352 1.0 0.639988 0.304734 1.0 0.638175 0.30685 1.0 0.642596 0.307605 1.0
0 0.67627 0.352214 0.024414 0.032552 0.672172 0.346958 1.0 0.682687 0.347168 1.0 0.676723 0.357004 1.0 0.6717 0.359724 1.0 0.681117 0.360142 1.0
0 0.656738 0.330078 0.016602 0.02474 0.0 0.0 0.0 0.0 0.0 0.0 0.0 0.0 0.0 0.0 0.0 0.0 0.0 0.0 0.0
0 0.636719 0.335286 0.023438 0.029948 0.63211 0.334595 1.0 0.641876 0.335612 1.0 0.63623 0.343344 1.0 0.632721 0.346191 1.0 0.640503 0.346599 1.0
0 0.634766 0.397786 0.025391 0.029948 0.633605 0.397147 1.0 0.643049 0.396926 1.0 0.638079 0.405983 1.0 0.63576 0.410401 1.0 0.640729 0.41018 1.0
0 0.737305 0.400391 0.025391 0.02474 0.0 0.0 0.0 0.0 0.0 0.0 0.0 0.0 0.0 0.0 0.0 0.0 0.0 0.0 0.0
0 0.614746 0.429688 0.02832 0.036458 0.0 0.0 0.0 0.0 0.0 0.0 0.0 0.0 0.0 0.0 0.0 0.0 0.0 0.0 0.0
0 0.637695 0.482422 0.041016 0.061198 0.630101 0.479695 1.0 0.647335 0.480085 1.0 0.636527 0.497611 1.0 0.631562 0.503453 1.0 0.644121 0.502674 1.0
0 0.739746 0.469401 0.032227 0.029948 0.0 0.0 0.0 0.0 0.0 0.0 0.0 0.0 0.0 0.0 0.0 0.0 0.0 0.0 0.0
0 0.796387 0.479167 0.043945 0.054688 0.788923 0.471168 1.0 0.805385 0.476004 1.0 0.793945 0.490142 1.0 0.787249 0.490885 1.0 0.796735 0.493862 1.0
0 0.843262 0.470703 0.030273 0.032552 0.839129 0.47068 1.0 0.853899 0.467866 1.0 0.846802 0.481934 1.0 0.842582 0.481678 1.0 0.851214 0.479888 1.0
0 0.819824 0.364583 0.026367 0.046875 0.815822 0.362451 1.0 0.826272 0.362451 1.0 0.820491 0.371344 1.0 0.816267 0.376977 1.0 0.82605 0.378458 1.0
0 0.770996 0.349609 0.024414 0.032552 0.767683 0.351865 1.0 0.775687 0.351447 1.0 0.771293 0.360236 1.0 0.769409 0.364211 1.0 0.775844 0.363165 1.0
0 0.836426 0.179688 0.004883 0.005208 0.0 0.0 0.0 0.0 0.0 0.0 0.0 0.0 0.0 0.0 0.0 0.0 0.0 0.0 0.0
0 0.810547 0.283854 0.015625 0.028646 0.0 0.0 0.0 0.0 0.0 0.0 0.0 0.0 0.0 0.0 0.0 0.0 0.0 0.0 0.0
0 0.802734 0.273438 0.011719 0.015625 0.0 0.0 0.0 0.0 0.0 0.0 0.0 0.0 0.0 0.0 0.0 0.0 0.0 0.0 0.0
0 0.876953 0.290365 0.015625 0.026042 0.875327 0.290893 1.0 0.880511 0.291063 1.0 0.878234 0.296794 1.0 0.875453 0.299491 1.0 0.880005 0.299491 1.0
0 0.84375 0.30599 0.015625 0.015625 0.0 0.0 0.0 0.0 0.0 0.0 0.0 0.0 0.0 0.0 0.0 0.0 0.0 0.0 0.0
0 0.831543 0.288411 0.010742 0.016927 0.0 0.0 0.0 0.0 0.0 0.0 0.0 0.0 0.0 0.0 0.0 0.0 0.0 0.0 0.0
0 0.896484 0.311198 0.017578 0.026042 0.0 0.0 0.0 0.0 0.0 0.0 0.0 0.0 0.0 0.0 0.0 0.0 0.0 0.0 0.0
0 0.810059 0.32487 0.012695 0.014323 0.0 0.0 0.0 0.0 0.0 0.0 0.0 0.0 0.0 0.0 0.0 0.0 0.0 0.0 0.0
0 0.863281 0.360677 0.023438 0.036458 0.859619 0.361701 1.0 0.868513 0.36077 1.0 0.864327 0.368676 1.0 0.86084 0.374023 1.0 0.868513 0.374488 1.0
0 0.914062 0.370443 0.025391 0.042969 0.909852 0.366048 1.0 0.921082 0.365246 1.0 0.915065 0.374604 1.0 0.910653 0.379685 1.0 0.919678 0.379418 1.0
0 0.926758 0.33138 0.019531 0.035156 0.923549 0.335292 1.0 0.932561 0.334612 1.0 0.92984 0.34368 1.0 0.92627 0.348668 1.0 0.932051 0.348215 1.0
0 0.933594 0.286458 0.015625 0.023438 0.0 0.0 0.0 0.0 0.0 0.0 0.0 0.0 0.0 0.0 0.0 0.0 0.0 0.0 0.0
0 0.986328 0.278646 0.015625 0.026042 0.0 0.0 0.0 0.0 0.0 0.0 0.0 0.0 0.0 0.0 0.0 0.0 0.0 0.0 0.0
0 0.966309 0.289062 0.012695 0.015625 0.0 0.0 0.0 0.0 0.0 0.0 0.0 0.0 0.0 0.0 0.0 0.0 0.0 0.0 0.0
0 0.964844 0.327474 0.017578 0.032552 0.958565 0.326195 1.0 0.969081 0.326613 1.0 0.963902 0.334775 1.0 0.960606 0.340216 1.0 0.965785 0.340216 1.0
0 0.961426 0.473307 0.041992 0.053385 0.954398 0.46703 1.0 0.969308 0.467378 1.0 0.961723 0.482724 1.0 0.953352 0.486909 1.0 0.967216 0.486561 1.0
0 0.912598 0.279948 0.010742 0.010417 0.0 0.0 0.0 0.0 0.0 0.0 0.0 0.0 0.0 0.0 0.0 0.0 0.0 0.0 0.0
0 0.012207 0.494792 0.016602 0.046875 0.000384 0.501349 1.0 0.003558 0.500743 1.0 0.000384 0.51223 1.0 0.003331 0.515253 1.0 0.006958 0.513742 1.0
0 0.836914 0.276693 0.013672 0.014323 0.0 0.0 0.0 0.0 0.0 0.0 0.0 0.0 0.0 0.0 0.0 0.0 0.0 0.0 0.0
0 0.410645 0.252604 0.008789 0.010417 0.0 0.0 0.0 0.0 0.0 0.0 0.0 0.0 0.0 0.0 0.0 0.0 0.0 0.0 0.0
0 0.874512 0.264323 0.012695 0.013021 0.0 0.0 0.0 0.0 0.0 0.0 0.0 0.0 0.0 0.0 0.0 0.0 0.0 0.0 0.0
0 0.333496 0.271484 0.010742 0.016927 0.0 0.0 0.0 0.0 0.0 0.0 0.0 0.0 0.0 0.0 0.0 0.0 0.0 0.0 0.0
0 0.262207 0.270182 0.012695 0.016927 0.0 0.0 0.0 0.0 0.0 0.0 0.0 0.0 0.0 0.0 0.0 0.0 0.0 0.0 0.0
0 0.344727 0.27474 0.011719 0.018229 0.342346 0.277141 1.0 0.346375 0.275553 1.0 0.344818 0.280924 1.0 0.343536 0.285197 1.0 0.347382 0.284342 1.0
0 0.371094 0.26237 0.011719 0.016927 0.0 0.0 0.0 0.0 0.0 0.0 0.0 0.0 0.0 0.0 0.0 0.0 0.0 0.0 0.0
0 0.389648 0.273438 0.013672 0.023438 0.386745 0.275402 1.0 0.392186 0.274798 1.0 0.389352 0.278727 1.0 0.388445 0.282505 1.0 0.391619 0.282052 1.0
0 0.359375 0.294922 0.017578 0.027344 0.355975 0.29026 1.0 0.362645 0.289563 1.0 0.359637 0.296887 1.0 0.356236 0.30299 1.0 0.361729 0.302467 1.0
0 0.201172 0.309245 0.019531 0.022135 0.0 0.0 0.0 0.0 0.0 0.0 0.0 0.0 0.0 0.0 0.0 0.0 0.0 0.0 0.0
0 0.227051 0.302734 0.012695 0.014323 0.0 0.0 0.0 0.0 0.0 0.0 0.0 0.0 0.0 0.0 0.0 0.0 0.0 0.0 0.0
0 0.350098 0.361328 0.024414 0.032552 0.344587 0.355236 1.0 0.358085 0.355445 1.0 0.348981 0.361095 1.0 0.344744 0.368211 1.0 0.355888 0.367792 1.0
0 0.377441 0.352214 0.022461 0.035156 0.0 0.0 0.0 0.0 0.0 0.0 0.0 0.0 0.0 0.0 0.0 0.0 0.0 0.0 0.0
0 0.380371 0.450521 0.041992 0.0625 0.36792 0.441824 1.0 0.387486 0.439849 1.0 0.377703 0.458822 1.0 0.372663 0.464751 1.0 0.386004 0.464355 1.0
0 0.435059 0.238932 0.006836 0.011719 0.0 0.0 0.0 0.0 0.0 0.0 0.0 0.0 0.0 0.0 0.0 0.0 0.0 0.0 0.0
0 0.462402 0.238932 0.008789 0.011719 0.0 0.0 0.0 0.0 0.0 0.0 0.0 0.0 0.0 0.0 0.0 0.0 0.0 0.0 0.0
0 0.487793 0.232422 0.006836 0.009115 0.0 0.0 0.0 0.0 0.0 0.0 0.0 0.0 0.0 0.0 0.0 0.0 0.0 0.0 0.0
0 0.420898 0.236979 0.007812 0.010417 0.0 0.0 0.0 0.0 0.0 0.0 0.0 0.0 0.0 0.0 0.0 0.0 0.0 0.0 0.0
0 0.474609 0.233073 0.005859 0.010417 0.0 0.0 0.0 0.0 0.0 0.0 0.0 0.0 0.0 0.0 0.0 0.0 0.0 0.0 0.0
0 0.501953 0.225911 0.005859 0.009115 0.0 0.0 0.0 0.0 0.0 0.0 0.0 0.0 0.0 0.0 0.0 0.0 0.0 0.0 0.0
0 0.483887 0.257812 0.006836 0.013021 0.0 0.0 0.0 0.0 0.0 0.0 0.0 0.0 0.0 0.0 0.0 0.0 0.0 0.0 0.0
0 0.412109 0.298177 0.017578 0.026042 0.407593 0.29362 1.0 0.414673 0.29362 1.0 0.410645 0.299642 1.0 0.409058 0.303548 1.0 0.414185 0.30306 1.0
0 0.467773 0.276693 0.017578 0.029948 0.464408 0.276693 1.0 0.471025 0.276693 1.0 0.467285 0.284174 1.0 0.465559 0.287819 1.0 0.46973 0.287626 1.0
0 0.502441 0.279297 0.012695 0.019531 0.0 0.0 0.0 0.0 0.0 0.0 0.0 0.0 0.0 0.0 0.0 0.0 0.0 0.0 0.0
0 0.435547 0.281901 0.013672 0.011719 0.0 0.0 0.0 0.0 0.0 0.0 0.0 0.0 0.0 0.0 0.0 0.0 0.0 0.0 0.0
0 0.420898 0.26888 0.009766 0.011719 0.0 0.0 0.0 0.0 0.0 0.0 0.0 0.0 0.0 0.0 0.0 0.0 0.0 0.0 0.0
0 0.509766 0.241536 0.005859 0.00651 0.0 0.0 0.0 0.0 0.0 0.0 0.0 0.0 0.0 0.0 0.0 0.0 0.0 0.0 0.0
0 0.450195 0.235026 0.003906 0.00651 0.0 0.0 0.0 0.0 0.0 0.0 0.0 0.0 0.0 0.0 0.0 0.0 0.0 0.0 0.0
0 0.427246 0.23112 0.004883 0.00651 0.0 0.0 0.0 0.0 0.0 0.0 0.0 0.0 0.0 0.0 0.0 0.0 0.0 0.0 0.0
0 0.431152 0.223307 0.00293 0.00651 0.0 0.0 0.0 0.0 0.0 0.0 0.0 0.0 0.0 0.0 0.0 0.0 0.0 0.0 0.0
0 0.443359 0.23112 0.003906 0.00651 0.0 0.0 0.0 0.0 0.0 0.0 0.0 0.0 0.0 0.0 0.0 0.0 0.0 0.0 0.0
0 0.375488 0.208333 0.004883 0.005208 0.0 0.0 0.0 0.0 0.0 0.0 0.0 0.0 0.0 0.0 0.0 0.0 0.0 0.0 0.0
0 0.4375 0.326172 0.029297 0.058594 0.427804 0.322173 1.0 0.440918 0.321428 1.0 0.434501 0.331473 1.0 0.429757 0.337426 1.0 0.439244 0.336681 1.0
0 0.483887 0.344401 0.020508 0.029948 0.477932 0.345592 1.0 0.486563 0.346552 1.0 0.482104 0.353074 1.0 0.480233 0.355759 1.0 0.48642 0.354992 1.0
0 0.418945 0.339844 0.013672 0.023438 0.0 0.0 0.0 0.0 0.0 0.0 0.0 0.0 0.0 0.0 0.0 0.0 0.0 0.0 0.0
0 0.529785 0.30599 0.018555 0.015625 0.0 0.0 0.0 0.0 0.0 0.0 0.0 0.0 0.0 0.0 0.0 0.0 0.0 0.0 0.0
0 0.552734 0.286458 0.015625 0.028646 0.0 0.0 0.0 0.0 0.0 0.0 0.0 0.0 0.0 0.0 0.0 0.0 0.0 0.0 0.0
0 0.579102 0.287109 0.013672 0.022135 0.0 0.0 0.0 0.0 0.0 0.0 0.0 0.0 0.0 0.0 0.0 0.0 0.0 0.0 0.0
0 0.603027 0.298177 0.018555 0.033854 0.599068 0.295991 1.0 0.607684 0.296212 1.0 0.602382 0.30306 1.0 0.598737 0.306594 1.0 0.605198 0.306815 1.0
0 0.543945 0.266927 0.011719 0.015625 0.0 0.0 0.0 0.0 0.0 0.0 0.0 0.0 0.0 0.0 0.0 0.0 0.0 0.0 0.0
0 0.519531 0.283854 0.011719 0.013021 0.0 0.0 0.0 0.0 0.0 0.0 0.0 0.0 0.0 0.0 0.0 0.0 0.0 0.0 0.0
0 0.534668 0.255859 0.004883 0.00651 0.0 0.0 0.0 0.0 0.0 0.0 0.0 0.0 0.0 0.0 0.0 0.0 0.0 0.0 0.0
0 0.510254 0.482422 0.043945 0.058594 0.499442 0.485118 1.0 0.520927 0.480655 1.0 0.509486 0.499628 1.0 0.505022 0.500372 1.0 0.520927 0.498139 1.0
0 0.535645 0.402995 0.02832 0.03776 0.0 0.0 0.0 0.0 0.0 0.0 0.0 0.0 0.0 0.0 0.0 0.0 0.0 0.0 0.0
0 0.564453 0.343099 0.023438 0.032552 0.560582 0.341594 1.0 0.571712 0.34568 1.0 0.565905 0.352562 1.0 0.560421 0.356434 1.0 0.566389 0.357724 1.0
0 0.577148 0.329427 0.019531 0.039062 0.0 0.0 0.0 0.0 0.0 0.0 0.0 0.0 0.0 0.0 0.0 0.0 0.0 0.0 0.0
0 0.517578 0.231771 0.005859 0.010417 0.0 0.0 0.0 0.0 0.0 0.0 0.0 0.0 0.0 0.0 0.0 0.0 0.0 0.0 0.0
0 0.533203 0.236979 0.005859 0.010417 0.0 0.0 0.0 0.0 0.0 0.0 0.0 0.0 0.0 0.0 0.0 0.0 0.0 0.0 0.0
0 0.555664 0.240885 0.007812 0.013021 0.0 0.0 0.0 0.0 0.0 0.0 0.0 0.0 0.0 0.0 0.0 0.0 0.0 0.0 0.0
0 0.567871 0.222656 0.006836 0.010417 0.0 0.0 0.0 0.0 0.0 0.0 0.0 0.0 0.0 0.0 0.0 0.0 0.0 0.0 0.0
0 0.579102 0.231771 0.007812 0.010417 0.0 0.0 0.0 0.0 0.0 0.0 0.0 0.0 0.0 0.0 0.0 0.0 0.0 0.0 0.0
0 0.594238 0.230469 0.006836 0.010417 0.0 0.0 0.0 0.0 0.0 0.0 0.0 0.0 0.0 0.0 0.0 0.0 0.0 0.0 0.0
0 0.59668 0.250651 0.005859 0.009115 0.0 0.0 0.0 0.0 0.0 0.0 0.0 0.0 0.0 0.0 0.0 0.0 0.0 0.0 0.0
0 0.540527 0.23763 0.006836 0.011719 0.0 0.0 0.0 0.0 0.0 0.0 0.0 0.0 0.0 0.0 0.0 0.0 0.0 0.0 0.0
0 0.607422 0.235026 0.005859 0.009115 0.0 0.0 0.0 0.0 0.0 0.0 0.0 0.0 0.0 0.0 0.0 0.0 0.0 0.0 0.0
0 0.626953 0.240885 0.005859 0.010417 0.0 0.0 0.0 0.0 0.0 0.0 0.0 0.0 0.0 0.0 0.0 0.0 0.0 0.0 0.0
0 0.644043 0.236328 0.004883 0.009115 0.0 0.0 0.0 0.0 0.0 0.0 0.0 0.0 0.0 0.0 0.0 0.0 0.0 0.0 0.0
0 0.651855 0.244792 0.006836 0.007812 0.0 0.0 0.0 0.0 0.0 0.0 0.0 0.0 0.0 0.0 0.0 0.0 0.0 0.0 0.0
0 0.672852 0.266927 0.013672 0.018229 0.0 0.0 0.0 0.0 0.0 0.0 0.0 0.0 0.0 0.0 0.0 0.0 0.0 0.0 0.0