0 0.100098 0.433215 0.026367 0.039007 0.0 0.0 0.0 0.0 0.0 0.0 0.0 0.0 0.0 0.0 0.0 0.0 0.0 0.0 0.0
0 0.085938 0.471631 0.021484 0.035461 0.086914 0.468085 1.0 0.085938 0.465721 1.0 0.09668 0.469267 1.0 0.091797 0.481087 1.0 0.092773 0.481087 1.0
0 0.101074 0.394799 0.010742 0.018913 0.0 0.0 0.0 0.0 0.0 0.0 0.0 0.0 0.0 0.0 0.0 0.0 0.0 0.0 0.0
0 0.1875 0.415485 0.033203 0.039007 0.0 0.0 0.0 0.0 0.0 0.0 0.0 0.0 0.0 0.0 0.0 0.0 0.0 0.0 0.0
0 0.408691 0.443853 0.032227 0.050827 0.403826 0.439663 1.0 0.407069 0.440318 1.0 0.400313 0.450787 1.0 0.400853 0.460929 1.0 0.408691 0.461584 1.0
0 0.337891 0.406028 0.017578 0.024823 0.0 0.0 0.0 0.0 0.0 0.0 0.0 0.0 0.0 0.0 0.0 0.0 0.0 0.0 0.0
0 0.532227 0.486998 0.017578 0.042553 0.536952 0.478407 1.0 0.538086 0.478132 1.0 0.538539 0.485816 1.0 0.538312 0.492676 1.0 0.53922 0.492676 1.0
0 0.547852 0.456265 0.029297 0.044917 0.557033 0.447716 1.0 0.558445 0.447147 1.0 0.562919 0.4594 1.0 0.554443 0.465953 1.0 0.556798 0.465098 1.0
0 0.636719 0.38948 0.017578 0.01773 0.632812 0.386525 1.0 0.641602 0.386525 1.0 0.636719 0.391253 1.0 0.633789 0.397163 1.0 0.639648 0.398345 1.0
0 0.652832 0.43617 0.026367 0.044917 0.652108 0.43617 1.0 0.662702 0.434175 1.0 0.661055 0.444149 1.0 0.655875 0.453267 1.0 0.662231 0.452697 1.0
0 0.711914 0.525414 0.03125 0.055556 0.704232 0.511936 1.0 0.717756 0.516465 1.0 0.707109 0.522385 1.0 0.700492 0.526564 1.0 0.709987 0.530743 1.0
0 0.724121 0.461584 0.024414 0.039007 0.714425 0.458967 1.0 0.71861 0.456181 1.0 0.71296 0.464792 1.0 0.722796 0.472897 1.0 0.725517 0.471124 1.0
0 0.680176 0.44208 0.018555 0.037825 0.0 0.0 0.0 0.0 0.0 0.0 0.0 0.0 0.0 0.0 0.0 0.0 0.0 0.0 0.0
0 0.798828 0.427305 0.017578 0.022459 0.793945 0.423168 1.0 0.802734 0.423168 1.0 0.797852 0.426714 1.0 0.793945 0.431442 1.0 0.802734 0.432624 1.0
0 0.809082 0.440307 0.018555 0.029551 0.0 0.0 0.0 0.0 0.0 0.0 0.0 0.0 0.0 0.0 0.0 0.0 0.0 0.0 0.0
0 0.859375 0.442671 0.021484 0.027187 0.862305 0.439716 1.0 0.863281 0.440898 1.0 0.868164 0.450355 1.0 0.861328 0.455083 1.0 0.863281 0.455083 1.0
0 0.845703 0.487589 0.021484 0.050827 0.838789 0.486728 1.0 0.84065 0.486085 1.0 0.835863 0.495741 1.0 0.84198 0.503145 1.0 0.843575 0.50218 1.0
0 0.92334 0.447991 0.020508 0.033097 0.916016 0.445626 1.0 0.922852 0.446809 1.0 0.916992 0.451537 1.0 0.919922 0.458629 1.0 0.920898 0.458629 1.0
0 0.585449 0.419622 0.012695 0.01182 0.0 0.0 0.0 0.0 0.0 0.0 0.0 0.0 0.0 0.0 0.0 0.0 0.0 0.0 0.0
0 0.047852 0.363475 0.007812 0.010638 0.0 0.0 0.0 0.0 0.0 0.0 0.0 0.0 0.0 0.0 0.0 0.0 0.0 0.0 0.0
0 0.519531 0.439125 0.023438 0.034279 0.0 0.0 0.0 0.0 0.0 0.0 0.0 0.0 0.0 0.0 0.0 0.0 0.0 0.0 0.0
0 0.935547 0.478132 0.021484 0.036643 0.0 0.0 0.0 0.0 0.0 0.0 0.0 0.0 0.0 0.0 0.0 0.0 0.0 0.0 0.0