0 0.033691 0.257182 0.016602 0.035568 0.0 0.0 0.0 0.0 0.0 0.0 0.0 0.0 0.0 0.0 0.0 0.0 0.0 0.0 0.0
0 0.265137 0.237346 0.038086 0.04788 0.259844 0.222555 1.0 0.277828 0.220539 1.0 0.271833 0.231624 1.0 0.263201 0.245731 1.0 0.277108 0.245395 1.0
0 0.451172 0.229138 0.041016 0.072503 0.448229 0.209907 1.0 0.45673 0.207617 1.0 0.468828 0.221357 1.0 0.459673 0.242427 1.0 0.465231 0.237847 1.0
0 0.613281 0.254446 0.029297 0.049248 0.619141 0.242379 1.0 0.623901 0.241743 1.0 0.625941 0.256034 1.0 0.610753 0.264609 1.0 0.613927 0.263973 1.0
0 0.677734 0.214774 0.033203 0.05472 0.667969 0.202462 1.0 0.683594 0.199726 1.0 0.676758 0.214774 1.0 0.671875 0.228454 1.0 0.68457 0.225718 1.0
0 0.588867 0.158003 0.003906 0.004104 0.0 0.0 0.0 0.0 0.0 0.0 0.0 0.0 0.0 0.0 0.0 0.0 0.0 0.0 0.0
0 0.826172 0.23461 0.025391 0.039672 0.817997 0.225731 1.0 0.828365 0.224979 1.0 0.818713 0.234494 1.0 0.819249 0.24426 1.0 0.82622 0.242756 1.0
0 0.864258 0.240766 0.005859 0.008208 0.0 0.0 0.0 0.0 0.0 0.0 0.0 0.0 0.0 0.0 0.0 0.0 0.0 0.0 0.0
0 0.916992 0.233242 0.007812 0.009576 0.0 0.0 0.0 0.0 0.0 0.0 0.0 0.0 0.0 0.0 0.0 0.0 0.0 0.0 0.0
0 0.932129 0.232558 0.006836 0.01368 0.0 0.0 0.0 0.0 0.0 0.0 0.0 0.0 0.0 0.0 0.0 0.0 0.0 0.0 0.0
0 0.876465 0.239398 0.004883 0.010944 0.0 0.0 0.0 0.0 0.0 0.0 0.0 0.0 0.0 0.0 0.0 0.0 0.0 0.0 0.0
0 0.565918 0.632011 0.040039 0.035568 0.0 0.0 0.0 0.0 0.0 0.0 0.0 0.0 0.0 0.0 0.0 0.0 0.0 0.0 0.0
0 0.489746 0.229822 0.006836 0.01368 0.0 0.0 0.0 0.0 0.0 0.0 0.0 0.0 0.0 0.0 0.0 0.0 0.0 0.0 0.0
0 0.517578 0.236662 0.007812 0.010944 0.0 0.0 0.0 0.0 0.0 0.0 0.0 0.0 0.0 0.0 0.0 0.0 0.0 0.0 0.0
0 0.49707 0.235978 0.005859 0.009576 0.0 0.0 0.0 0.0 0.0 0.0 0.0 0.0 0.0 0.0 0.0 0.0 0.0 0.0 0.0