0 0.023438 0.419154 0.023438 0.057214 0.021424 0.406206 1.0 0.02839 0.404318 1.0 0.029131 0.413756 1.0 0.025277 0.431881 1.0 0.031799 0.430371 1.0
0 0.041504 0.400498 0.020508 0.064677 0.038862 0.387838 1.0 0.047477 0.387838 1.0 0.043832 0.399231 1.0 0.03969 0.416112 1.0 0.048305 0.416112 1.0
0 0.060547 0.379353 0.021484 0.077114 0.060059 0.367361 1.0 0.066197 0.365893 1.0 0.065046 0.382995 1.0 0.063128 0.401075 1.0 0.067924 0.401075 1.0
0 0.076172 0.371891 0.021484 0.077114 0.060041 0.366739 1.0 0.063686 0.364294 1.0 0.066947 0.381396 1.0 0.063878 0.400453 1.0 0.066755 0.39801 1.0
0 0.098145 0.35199 0.026367 0.087065 0.096619 0.335199 1.0 0.10512 0.33409 1.0 0.102068 0.348525 1.0 0.09749 0.371291 1.0 0.107518 0.370179 1.0
0 0.121582 0.343284 0.030273 0.099502 0.11513 0.326848 1.0 0.129543 0.324316 1.0 0.124076 0.340774 1.0 0.119105 0.367993 1.0 0.130537 0.36546 1.0
0 0.149902 0.322139 0.032227 0.09204 0.1441 0.298597 1.0 0.158656 0.297418 1.0 0.15288 0.315077 1.0 0.147335 0.339796 1.0 0.158888 0.338619 1.0
0 0.19043 0.320896 0.03125 0.094527 0.186824 0.303771 1.0 0.20217 0.30255 1.0 0.195456 0.326371 1.0 0.188023 0.34897 1.0 0.198334 0.348358 1.0
0 0.228027 0.25 0.041992 0.116915 0.22515 0.228968 1.0 0.240687 0.2275 1.0 0.235796 0.24949 1.0 0.228603 0.277341 1.0 0.240112 0.277341 1.0
0 0.253906 0.338308 0.021484 0.054726 0.249093 0.321229 1.0 0.259094 0.321918 1.0 0.254364 0.337754 1.0 0.25058 0.344983 1.0 0.256256 0.347393 1.0
0 0.287109 0.248756 0.044922 0.139303 0.280553 0.229211 1.0 0.299037 0.226545 1.0 0.294503 0.250532 1.0 0.285087 0.285182 1.0 0.299735 0.283405 1.0
0 0.374023 0.205224 0.046875 0.141791 0.367745 0.169331 1.0 0.390416 0.171998 1.0 0.381348 0.202204 1.0 0.370536 0.233299 1.0 0.387626 0.234187 1.0
0 0.394043 0.303483 0.016602 0.054726 0.0 0.0 0.0 0.0 0.0 0.0 0.0 0.0 0.0 0.0 0.0 0.0 0.0 0.0 0.0
0 0.43457 0.266169 0.037109 0.114428 0.431043 0.249766 1.0 0.444646 0.249045 1.0 0.441812 0.264925 1.0 0.433027 0.29452 1.0 0.447196 0.295244 1.0
0 0.507812 0.310945 0.029297 0.084577 0.0 0.0 0.0 0.0 0.0 0.0 0.0 0.0 0.0 0.0 0.0 0.0 0.0 0.0 0.0
0 0.520508 0.262438 0.042969 0.131841 0.513153 0.234132 1.0 0.534733 0.233299 1.0 0.526559 0.257453 1.0 0.519039 0.288269 1.0 0.534406 0.285769 1.0
0 0.572266 0.28607 0.033203 0.089552 0.0 0.0 0.0 0.0 0.0 0.0 0.0 0.0 0.0 0.0 0.0 0.0 0.0 0.0 0.0
0 0.608887 0.211443 0.043945 0.124378 0.605888 0.178659 1.0 0.625977 0.174662 1.0 0.620954 0.201047 1.0 0.60934 0.23703 1.0 0.623466 0.233032 1.0
0 0.637695 0.273632 0.03125 0.079602 0.63208 0.255818 1.0 0.646318 0.255308 1.0 0.640102 0.271144 1.0 0.635891 0.283915 1.0 0.642709 0.284425 1.0
0 0.762207 0.232587 0.043945 0.136816 0.759369 0.203512 1.0 0.777496 0.205224 1.0 0.771118 0.225746 1.0 0.761383 0.260806 1.0 0.775482 0.260806 1.0
0 0.880859 0.19403 0.044922 0.134328 0.877533 0.164567 1.0 0.899018 0.162858 1.0 0.895996 0.187657 1.0 0.881896 0.221005 1.0 0.897339 0.217585 1.0
0 0.007812 0.455224 0.013672 0.044776 0.006836 0.435323 1.0 0.015625 0.435323 1.0 0.012695 0.445274 1.0 0.008789 0.460199 1.0 0.016602 0.460199 1.0
0 0.453613 0.327114 0.022461 0.09204 0.450404 0.315475 1.0 0.457886 0.313744 1.0 0.455392 0.328759 1.0 0.452672 0.344928 1.0 0.459473 0.343771 1.0