0 0.686035 0.461914 0.022461 0.025391 0.682617 0.461914 1.0 0.693359 0.459961 1.0 0.689453 0.466797 1.0 0.6875 0.470703 1.0 0.694336 0.469727 1.0
0 0.824219 0.408691 0.017578 0.020508 0.821289 0.404297 1.0 0.829102 0.405273 1.0 0.825195 0.408203 1.0 0.822266 0.413086 1.0 0.829102 0.414062 1.0
0 0.151855 0.413086 0.024414 0.03125 0.147051 0.409655 1.0 0.157841 0.409459 1.0 0.153329 0.417306 1.0 0.149798 0.422015 1.0 0.15588 0.421426 1.0
0 0.149902 0.459961 0.030273 0.03125 0.143886 0.458156 1.0 0.154916 0.455549 1.0 0.150304 0.462969 1.0 0.150103 0.469186 1.0 0.155919 0.467782 1.0
0 0.168945 0.439453 0.023438 0.029297 0.165009 0.435216 1.0 0.173819 0.433903 1.0 0.16932 0.44084 1.0 0.16707 0.445901 1.0 0.173819 0.444589 1.0
0 0.299316 0.425293 0.02832 0.036133 0.297673 0.422289 1.0 0.305529 0.42691 1.0 0.299983 0.431994 1.0 0.292127 0.433149 1.0 0.298828 0.437539 1.0
0 0.328125 0.444824 0.021484 0.02832 0.324598 0.442322 1.0 0.33282 0.443395 1.0 0.329066 0.44679 1.0 0.322811 0.451259 1.0 0.331748 0.452689 1.0
0 0.352539 0.435547 0.027344 0.037109 0.346653 0.434841 1.0 0.358189 0.430367 1.0 0.354423 0.437901 1.0 0.352068 0.446376 1.0 0.359131 0.443315 1.0
0 0.482422 0.436035 0.023438 0.03418 0.480469 0.435547 1.0 0.488281 0.433594 1.0 0.485352 0.439453 1.0 0.483398 0.445312 1.0 0.490234 0.443359 1.0
0 0.505859 0.416504 0.023438 0.024414 0.5 0.411133 1.0 0.509766 0.40918 1.0 0.505859 0.415039 1.0 0.50293 0.421875 1.0 0.511719 0.419922 1.0
0 0.628906 0.424316 0.015625 0.022461 0.626491 0.420318 1.0 0.632965 0.42075 1.0 0.630231 0.424203 1.0 0.626635 0.428663 1.0 0.633253 0.428807 1.0
0 0.651855 0.446777 0.018555 0.016602 0.648438 0.444336 1.0 0.655273 0.443359 1.0 0.65332 0.448242 1.0 0.650391 0.452148 1.0 0.657227 0.451172 1.0
0 0.648926 0.418457 0.018555 0.018555 0.648193 0.414917 1.0 0.653198 0.41687 1.0 0.649902 0.419189 1.0 0.64563 0.420898 1.0 0.650024 0.424316 1.0
0 0.679688 0.418457 0.021484 0.024414 0.674316 0.417341 1.0 0.681536 0.416085 1.0 0.677926 0.421578 1.0 0.6762 0.425188 1.0 0.680908 0.424247 1.0