0 0.171875 0.394668 0.023438 0.037711 0.174133 0.390117 1.0 0.183654 0.389142 1.0 0.181274 0.398895 1.0 0.174133 0.404991 1.0 0.183105 0.404502 1.0
0 0.080566 0.421977 0.018555 0.035111 0.077148 0.417425 1.0 0.077148 0.417425 1.0 0.073242 0.426528 1.0 0.077148 0.43173 1.0 0.077148 0.43173 1.0
0 0.032715 0.435631 0.016602 0.031209 0.0 0.0 0.0 0.0 0.0 0.0 0.0 0.0 0.0 0.0 0.0 0.0 0.0 0.0 0.0
0 0.300293 0.410923 0.014648 0.031209 0.0 0.0 0.0 0.0 0.0 0.0 0.0 0.0 0.0 0.0 0.0 0.0 0.0 0.0 0.0
0 0.395996 0.492848 0.020508 0.03381 0.389648 0.487646 1.0 0.397461 0.488947 1.0 0.391602 0.494148 1.0 0.388672 0.50065 1.0 0.396484 0.503251 1.0
0 0.452148 0.436281 0.019531 0.037711 0.447266 0.435631 1.0 0.456055 0.43433 1.0 0.449219 0.444733 1.0 0.449219 0.451235 1.0 0.457031 0.447334 1.0
0 0.551758 0.395969 0.025391 0.045514 0.548052 0.39619 1.0 0.559387 0.39619 1.0 0.553065 0.406638 1.0 0.549142 0.413025 1.0 0.557207 0.413025 1.0
0 0.711426 0.411573 0.026367 0.048114 0.702646 0.411811 1.0 0.702877 0.41212 1.0 0.702877 0.420735 1.0 0.706805 0.423503 1.0 0.706805 0.423811 1.0
0 0.818848 0.444733 0.022461 0.044213 0.819336 0.442133 1.0 0.828125 0.442133 1.0 0.825195 0.453836 1.0 0.816406 0.459038 1.0 0.823242 0.459038 1.0
0 0.917969 0.422627 0.021484 0.041612 0.0 0.0 0.0 0.0 0.0 0.0 0.0 0.0 0.0 0.0 0.0 0.0 0.0 0.0 0.0
0 0.285156 0.420676 0.017578 0.03251 0.0 0.0 0.0 0.0 0.0 0.0 0.0 0.0 0.0 0.0 0.0 0.0 0.0 0.0 0.0