0 0.651367 0.447094 0.025391 0.053651 0.0 0.0 0.0 0.0 0.0 0.0 0.0 0.0 0.0 0.0 0.0 0.0 0.0 0.0 0.0
0 0.631348 0.45082 0.020508 0.061103 0.0 0.0 0.0 0.0 0.0 0.0 0.0 0.0 0.0 0.0 0.0 0.0 0.0 0.0 0.0
0 0.768555 0.424739 0.039062 0.083458 0.0 0.0 0.0 0.0 0.0 0.0 0.0 0.0 0.0 0.0 0.0 0.0 0.0 0.0 0.0
0 0.715332 0.38301 0.036133 0.071535 0.711774 0.367948 1.0 0.719779 0.369306 1.0 0.715629 0.383782 1.0 0.707328 0.39645 1.0 0.720372 0.397355 1.0
0 0.664551 0.372578 0.018555 0.038748 0.0 0.0 0.0 0.0 0.0 0.0 0.0 0.0 0.0 0.0 0.0 0.0 0.0 0.0 0.0
0 0.831543 0.406855 0.02832 0.053651 0.82448 0.397408 1.0 0.837402 0.398446 1.0 0.830147 0.404674 1.0 0.824934 0.419896 1.0 0.832642 0.419896 1.0
0 0.80957 0.329359 0.023438 0.041729 0.0 0.0 0.0 0.0 0.0 0.0 0.0 0.0 0.0 0.0 0.0 0.0 0.0 0.0 0.0
0 0.681641 0.386736 0.013672 0.028316 0.681885 0.38506 1.0 0.686279 0.383569 1.0 0.685181 0.389903 1.0 0.681519 0.395306 1.0 0.686768 0.394001 1.0
0 0.634766 0.352459 0.017578 0.031297 0.632577 0.347721 1.0 0.638332 0.347323 1.0 0.636763 0.356104 1.0 0.632577 0.36389 1.0 0.638201 0.36389 1.0
0 0.896973 0.383756 0.018555 0.040238 0.893337 0.377449 1.0 0.900626 0.379218 1.0 0.896484 0.384781 1.0 0.893834 0.388319 1.0 0.898473 0.389077 1.0
0 0.932617 0.365127 0.017578 0.035768 0.929199 0.359258 1.0 0.936828 0.362286 1.0 0.932251 0.367176 1.0 0.928131 0.373696 1.0 0.933472 0.375559 1.0
0 0.949219 0.348733 0.015625 0.029806 0.0 0.0 0.0 0.0 0.0 0.0 0.0 0.0 0.0 0.0 0.0 0.0 0.0 0.0 0.0
0 0.97998 0.396423 0.014648 0.020864 0.0 0.0 0.0 0.0 0.0 0.0 0.0 0.0 0.0 0.0 0.0 0.0 0.0 0.0 0.0
0 0.985352 0.600596 0.029297 0.184799 0.989074 0.585879 1.0 1.018829 0.5917 1.0 0.993652 0.627794 1.0 0.98526 0.654574 1.0 1.013488 0.662724 1.0
0 0.037109 0.321162 0.017578 0.052161 0.0 0.0 0.0 0.0 0.0 0.0 0.0 0.0 0.0 0.0 0.0 0.0 0.0 0.0 0.0
0 0.984863 0.357675 0.018555 0.026826 0.0 0.0 0.0 0.0 0.0 0.0 0.0 0.0 0.0 0.0 0.0 0.0 0.0 0.0 0.0
0 0.354492 0.509687 0.091797 0.19076 0.329542 0.490878 1.0 0.369786 0.494492 1.0 0.346902 0.5258 1.0 0.329542 0.561928 1.0 0.36663 0.561928 1.0
0 0.507324 0.486587 0.09082 0.180328 0.494209 0.472429 1.0 0.53333 0.482697 1.0 0.514785 0.502608 1.0 0.493564 0.53307 1.0 0.523975 0.541416 1.0
0 0.141113 0.497765 0.075195 0.172876 0.131387 0.487259 1.0 0.161943 0.481836 1.0 0.154838 0.520878 1.0 0.150574 0.544736 1.0 0.164075 0.53823 1.0
0 0.28418 0.460507 0.085938 0.152012 0.281475 0.43614 1.0 0.309287 0.443607 1.0 0.301475 0.463964 1.0 0.282734 0.496066 1.0 0.303975 0.501788 1.0
0 0.224609 0.379285 0.048828 0.090909 0.0 0.0 0.0 0.0 0.0 0.0 0.0 0.0 0.0 0.0 0.0 0.0 0.0 0.0 0.0
0 0.468262 0.40611 0.047852 0.117735 0.0 0.0 0.0 0.0 0.0 0.0 0.0 0.0 0.0 0.0 0.0 0.0 0.0 0.0 0.0
0 0.695312 0.76304 0.074219 0.169896 0.673065 0.744085 1.0 0.673768 0.740872 1.0 0.678681 0.780505 1.0 0.690613 0.82228 1.0 0.692017 0.821209 1.0
0 0.6875 0.467958 0.03125 0.059613 0.688023 0.467958 1.0 0.69662 0.469888 1.0 0.692827 0.480693 1.0 0.682966 0.489568 1.0 0.693839 0.492268 1.0
0 0.860352 0.386736 0.023438 0.040238 0.0 0.0 0.0 0.0 0.0 0.0 0.0 0.0 0.0 0.0 0.0 0.0 0.0 0.0 0.0
0 0.462891 0.143815 0.011719 0.025335 0.463057 0.144314 1.0 0.465563 0.144979 1.0 0.462075 0.14814 1.0 0.462838 0.151966 1.0 0.465454 0.15263 1.0
0 0.752441 0.396423 0.02832 0.04769 0.0 0.0 0.0 0.0 0.0 0.0 0.0 0.0 0.0 0.0 0.0 0.0 0.0 0.0 0.0