0 0.781738 0.052443 0.018555 0.017241 0.776581 0.050848 1.0 0.783752 0.050287 1.0 0.779937 0.053767 1.0 0.777648 0.056573 1.0 0.782379 0.056573 1.0
0 0.112793 0.741739 0.018555 0.029454 0.116839 0.739892 1.0 0.117851 0.739519 1.0 0.121643 0.744542 1.0 0.116839 0.748448 1.0 0.117598 0.748075 1.0
0 0.068848 0.762572 0.022461 0.01796 0.0 0.0 0.0 0.0 0.0 0.0 0.0 0.0 0.0 0.0 0.0 0.0 0.0 0.0 0.0
0 0.143555 0.874641 0.023438 0.019397 0.148298 0.870946 1.0 0.151437 0.87069 1.0 0.153878 0.876078 1.0 0.147252 0.880311 1.0 0.150042 0.879926 1.0
0 0.365234 0.764368 0.011719 0.015805 0.0 0.0 0.0 0.0 0.0 0.0 0.0 0.0 0.0 0.0 0.0 0.0 0.0 0.0 0.0
0 0.534668 0.781609 0.022461 0.021552 0.528381 0.777254 1.0 0.529113 0.777389 1.0 0.526367 0.781026 1.0 0.526001 0.785336 1.0 0.526733 0.785336 1.0
0 0.666504 0.77658 0.012695 0.011494 0.0 0.0 0.0 0.0 0.0 0.0 0.0 0.0 0.0 0.0 0.0 0.0 0.0 0.0 0.0
0 0.676758 0.774784 0.015625 0.013649 0.676169 0.773746 1.0 0.683468 0.774265 1.0 0.680054 0.777122 1.0 0.675581 0.779374 1.0 0.680172 0.779634 1.0
0 0.76709 0.773348 0.016602 0.016523 0.0 0.0 0.0 0.0 0.0 0.0 0.0 0.0 0.0 0.0 0.0 0.0 0.0 0.0 0.0
0 0.875 0.770474 0.015625 0.019397 0.0 0.0 0.0 0.0 0.0 0.0 0.0 0.0 0.0 0.0 0.0 0.0 0.0 0.0 0.0
0 0.827637 0.747486 0.008789 0.007902 0.0 0.0 0.0 0.0 0.0 0.0 0.0 0.0 0.0 0.0 0.0 0.0 0.0 0.0 0.0
0 0.821289 0.747845 0.009766 0.007184 0.0 0.0 0.0 0.0 0.0 0.0 0.0 0.0 0.0 0.0 0.0 0.0 0.0 0.0 0.0
0 0.556152 0.107759 0.012695 0.014368 0.0 0.0 0.0 0.0 0.0 0.0 0.0 0.0 0.0 0.0 0.0 0.0 0.0 0.0 0.0
0 0.353516 0.665948 0.025391 0.021552 0.355277 0.662417 1.0 0.362025 0.661866 1.0 0.359964 0.666693 1.0 0.357714 0.670416 1.0 0.361838 0.67014 1.0
0 0.628906 0.649784 0.023438 0.019397 0.63065 0.647033 1.0 0.63303 0.647658 1.0 0.637451 0.652536 1.0 0.63065 0.655413 1.0 0.63303 0.655913 1.0
0 0.377441 0.485632 0.022461 0.018678 0.370658 0.482069 1.0 0.374207 0.481357 1.0 0.368399 0.486222 1.0 0.369852 0.492037 1.0 0.373723 0.491325 1.0
0 0.558594 0.632902 0.013672 0.018678 0.0 0.0 0.0 0.0 0.0 0.0 0.0 0.0 0.0 0.0 0.0 0.0 0.0 0.0 0.0
0 0.274902 0.698635 0.020508 0.015086 0.0 0.0 0.0 0.0 0.0 0.0 0.0 0.0 0.0 0.0 0.0 0.0 0.0 0.0 0.0
0 0.066895 0.077945 0.022461 0.01796 0.064522 0.0762 1.0 0.071899 0.075854 1.0 0.068604 0.078972 1.0 0.066563 0.082205 1.0 0.071271 0.082089 1.0
0 0.112793 0.742098 0.018555 0.028736 0.117763 0.739545 1.0 0.119006 0.738631 1.0 0.12323 0.744297 1.0 0.117763 0.749417 1.0 0.119751 0.748502 1.0
0 0.365234 0.766882 0.011719 0.020833 0.0 0.0 0.0 0.0 0.0 0.0 0.0 0.0 0.0 0.0 0.0 0.0 0.0 0.0 0.0
0 0.665527 0.77658 0.014648 0.011494 0.0 0.0 0.0 0.0 0.0 0.0 0.0 0.0 0.0 0.0 0.0 0.0 0.0 0.0 0.0
0 0.766602 0.773348 0.017578 0.016523 0.0 0.0 0.0 0.0 0.0 0.0 0.0 0.0 0.0 0.0 0.0 0.0 0.0 0.0 0.0
0 0.466797 0.064296 0.019531 0.019397 0.462058 0.06342 1.0 0.47056 0.06342 1.0 0.465969 0.067423 1.0 0.461718 0.0703 1.0 0.469879 0.070675 1.0
0 0.899902 0.101652 0.012695 0.012213 0.0 0.0 0.0 0.0 0.0 0.0 0.0 0.0 0.0 0.0 0.0 0.0 0.0 0.0 0.0
0 0.162598 0.077945 0.018555 0.015086 0.160758 0.074665 1.0 0.169272 0.074764 1.0 0.165759 0.078144 1.0 0.163326 0.08232 1.0 0.167245 0.082221 1.0
0 0.339844 0.509339 0.025391 0.020115 0.333287 0.505798 1.0 0.341657 0.505927 1.0 0.335902 0.512213 1.0 0.336077 0.514265 1.0 0.344099 0.514778 1.0
0 0.373535 0.510417 0.022461 0.019397 0.0 0.0 0.0 0.0 0.0 0.0 0.0 0.0 0.0 0.0 0.0 0.0 0.0 0.0 0.0
0 0.46582 0.525503 0.023438 0.012213 0.0 0.0 0.0 0.0 0.0 0.0 0.0 0.0 0.0 0.0 0.0 0.0 0.0 0.0 0.0
0 0.446289 0.52658 0.023438 0.017241 0.441711 0.522517 1.0 0.451782 0.523751 1.0 0.445221 0.527456 1.0 0.440186 0.530487 1.0 0.447814 0.531497 1.0
0 0.322266 0.506106 0.023438 0.01796 0.314069 0.502399 1.0 0.318307 0.501822 1.0 0.315482 0.507133 1.0 0.318621 0.509672 1.0 0.321289 0.509326 1.0
0 0.283691 0.516523 0.026367 0.020115 0.279401 0.51524 1.0 0.289864 0.515112 1.0 0.284808 0.520115 1.0 0.280273 0.52268 1.0 0.28847 0.522552 1.0
0 0.304688 0.559626 0.027344 0.020115 0.302665 0.559652 1.0 0.310512 0.561063 1.0 0.306327 0.564527 1.0 0.299874 0.565297 1.0 0.299874 0.565297 1.0
0 0.201172 0.530891 0.023438 0.014368 0.195936 0.529621 1.0 0.199101 0.528986 1.0 0.197087 0.534172 1.0 0.203561 0.535547 1.0 0.206007 0.53396 1.0
0 0.250977 0.530172 0.023438 0.012931 0.0 0.0 0.0 0.0 0.0 0.0 0.0 0.0 0.0 0.0 0.0 0.0 0.0 0.0 0.0
0 0.333008 0.566451 0.027344 0.013649 0.0 0.0 0.0 0.0 0.0 0.0 0.0 0.0 0.0 0.0 0.0 0.0 0.0 0.0 0.0
0 0.367676 0.643678 0.018555 0.015805 0.362187 0.647793 1.0 0.363538 0.647494 1.0 0.364755 0.653559 1.0 0.368269 0.654255 1.0 0.369891 0.654156 1.0