0 0.814453 0.338542 0.013672 0.023438 0.0 0.0 0.0 0.0 0.0 0.0 0.0 0.0 0.0 0.0 0.0 0.0 0.0 0.0 0.0
0 0.772461 0.339193 0.015625 0.02474 0.771851 0.334147 1.0 0.777832 0.33431 1.0 0.775635 0.338867 1.0 0.772705 0.344564 1.0 0.776855 0.344564 1.0
0 0.655762 0.412109 0.016602 0.027344 0.65645 0.411458 1.0 0.662205 0.411458 1.0 0.65959 0.41669 1.0 0.656581 0.421049 1.0 0.660767 0.421224 1.0
0 0.625 0.376302 0.017578 0.028646 0.0 0.0 0.0 0.0 0.0 0.0 0.0 0.0 0.0 0.0 0.0 0.0 0.0 0.0 0.0
0 0.666504 0.350911 0.020508 0.029948 0.665353 0.348074 1.0 0.672834 0.346924 1.0 0.670244 0.354789 1.0 0.667511 0.359392 1.0 0.674417 0.358434 1.0
0 0.562988 0.374349 0.014648 0.022135 0.560975 0.37057 1.0 0.566751 0.37028 1.0 0.56468 0.377111 1.0 0.562609 0.38176 1.0 0.565552 0.38176 1.0
0 0.512207 0.41862 0.016602 0.029948 0.510132 0.411447 1.0 0.518433 0.411842 1.0 0.515616 0.419747 1.0 0.511614 0.427456 1.0 0.519915 0.427654 1.0
0 0.541016 0.44401 0.017578 0.026042 0.0 0.0 0.0 0.0 0.0 0.0 0.0 0.0 0.0 0.0 0.0 0.0 0.0 0.0 0.0
0 0.496582 0.296875 0.012695 0.028646 0.496094 0.292596 1.0 0.500697 0.291294 1.0 0.49986 0.297991 1.0 0.49735 0.302827 1.0 0.50014 0.30227 1.0
0 0.518066 0.376953 0.022461 0.027344 0.515333 0.376302 1.0 0.522526 0.372658 1.0 0.520225 0.379371 1.0 0.518066 0.385318 1.0 0.523965 0.382633 1.0
0 0.535645 0.326823 0.014648 0.020833 0.0 0.0 0.0 0.0 0.0 0.0 0.0 0.0 0.0 0.0 0.0 0.0 0.0 0.0 0.0
0 0.467773 0.282552 0.013672 0.020833 0.466784 0.2815 1.0 0.4726 0.281634 1.0 0.469792 0.287516 1.0 0.467085 0.290324 1.0 0.471496 0.290591 1.0
0 0.544434 0.255859 0.010742 0.02474 0.0 0.0 0.0 0.0 0.0 0.0 0.0 0.0 0.0 0.0 0.0 0.0 0.0 0.0 0.0
0 0.57666 0.311198 0.012695 0.026042 0.57346 0.311547 1.0 0.579738 0.311198 1.0 0.57686 0.315906 1.0 0.575029 0.32044 1.0 0.579084 0.320091 1.0
0 0.558594 0.304688 0.011719 0.020833 0.558219 0.301362 1.0 0.56253 0.301362 1.0 0.561026 0.304437 1.0 0.55872 0.307914 1.0 0.561929 0.308047 1.0
0 0.615723 0.324219 0.018555 0.020833 0.61792 0.322103 1.0 0.623901 0.319661 1.0 0.623535 0.325358 1.0 0.622192 0.331055 1.0 0.625732 0.329915 1.0
0 0.982422 0.26237 0.009766 0.016927 0.980451 0.261021 1.0 0.985596 0.261835 1.0 0.983416 0.266021 1.0 0.9808 0.269973 1.0 0.98455 0.27009 1.0
0 0.106934 0.532552 0.030273 0.046875 0.109166 0.526204 1.0 0.117327 0.522879 1.0 0.120954 0.532854 1.0 0.113927 0.544341 1.0 0.120048 0.54162 1.0
0 0.116699 0.615234 0.02832 0.05599 0.0 0.0 0.0 0.0 0.0 0.0 0.0 0.0 0.0 0.0 0.0 0.0 0.0 0.0 0.0
0 0.192871 0.552083 0.030273 0.046875 0.193062 0.546852 1.0 0.205078 0.545038 1.0 0.201225 0.557129 1.0 0.193517 0.565592 1.0 0.202357 0.565592 1.0
0 0.078125 0.31901 0.050781 0.130208 0.084887 0.29541 1.0 0.092264 0.29541 1.0 0.09964 0.315081 1.0 0.088575 0.345406 1.0 0.092878 0.345406 1.0
0 0.395508 0.40625 0.033203 0.046875 0.0 0.0 0.0 0.0 0.0 0.0 0.0 0.0 0.0 0.0 0.0 0.0 0.0 0.0 0.0
0 0.433105 0.33724 0.018555 0.044271 0.0 0.0 0.0 0.0 0.0 0.0 0.0 0.0 0.0 0.0 0.0 0.0 0.0 0.0 0.0
0 0.162598 0.35026 0.012695 0.018229 0.0 0.0 0.0 0.0 0.0 0.0 0.0 0.0 0.0 0.0 0.0 0.0 0.0 0.0 0.0
0 0.194336 0.341146 0.011719 0.015625 0.193142 0.339112 1.0 0.197929 0.339007 1.0 0.196202 0.343087 1.0 0.194396 0.347168 1.0 0.197065 0.346854 1.0
0 0.177246 0.333984 0.010742 0.019531 0.177437 0.330648 1.0 0.181754 0.330648 1.0 0.180507 0.334868 1.0 0.178397 0.338704 1.0 0.18185 0.338704 1.0
0 0.373047 0.240885 0.011719 0.018229 0.0 0.0 0.0 0.0 0.0 0.0 0.0 0.0 0.0 0.0 0.0 0.0 0.0 0.0 0.0
0 0.393066 0.257161 0.010742 0.016927 0.390259 0.252546 1.0 0.396057 0.250448 1.0 0.394234 0.25597 1.0 0.392992 0.260497 1.0 0.396223 0.259615 1.0
0 0.432617 0.241536 0.011719 0.019531 0.42926 0.236538 1.0 0.434631 0.236409 1.0 0.432138 0.238456 1.0 0.430699 0.240246 1.0 0.433385 0.240118 1.0
0 0.513672 0.302083 0.013672 0.020833 0.0 0.0 0.0 0.0 0.0 0.0 0.0 0.0 0.0 0.0 0.0 0.0 0.0 0.0 0.0
0 0.10498 0.240234 0.008789 0.016927 0.0 0.0 0.0 0.0 0.0 0.0 0.0 0.0 0.0 0.0 0.0 0.0 0.0 0.0 0.0
0 0.571289 0.0625 0.003906 0.007812 0.0 0.0 0.0 0.0 0.0 0.0 0.0 0.0 0.0 0.0 0.0 0.0 0.0 0.0 0.0
0 0.581543 0.063802 0.004883 0.007812 0.0 0.0 0.0 0.0 0.0 0.0 0.0 0.0 0.0 0.0 0.0 0.0 0.0 0.0 0.0
0 0.590332 0.073568 0.004883 0.00651 0.0 0.0 0.0 0.0 0.0 0.0 0.0 0.0 0.0 0.0 0.0 0.0 0.0 0.0 0.0
0 0.190918 0.13737 0.004883 0.00651 0.0 0.0 0.0 0.0 0.0 0.0 0.0 0.0 0.0 0.0 0.0 0.0 0.0 0.0 0.0
0 0.063965 0.151693 0.004883 0.00651 0.0 0.0 0.0 0.0 0.0 0.0 0.0 0.0 0.0 0.0 0.0 0.0 0.0 0.0 0.0
0 0.020508 0.156901 0.003906 0.00651 0.0 0.0 0.0 0.0 0.0 0.0 0.0 0.0 0.0 0.0 0.0 0.0 0.0 0.0 0.0
0 0.319824 0.068359 0.00293 0.00651 0.0 0.0 0.0 0.0 0.0 0.0 0.0 0.0 0.0 0.0 0.0 0.0 0.0 0.0 0.0
0 0.335938 0.05599 0.001953 0.005208 0.0 0.0 0.0 0.0 0.0 0.0 0.0 0.0 0.0 0.0 0.0 0.0 0.0 0.0 0.0
0 0.629883 0.332682 0.013672 0.027344 0.626778 0.330637 1.0 0.633318 0.329939 1.0 0.630311 0.335345 1.0 0.627563 0.342146 1.0 0.633711 0.341797 1.0
0 0.682129 0.349609 0.016602 0.02474 0.0 0.0 0.0 0.0 0.0 0.0 0.0 0.0 0.0 0.0 0.0 0.0 0.0 0.0 0.0
0 0.70459 0.334635 0.016602 0.020833 0.0 0.0 0.0 0.0 0.0 0.0 0.0 0.0 0.0 0.0 0.0 0.0 0.0 0.0 0.0
0 0.685059 0.335938 0.012695 0.020833 0.0 0.0 0.0 0.0 0.0 0.0 0.0 0.0 0.0 0.0 0.0 0.0 0.0 0.0 0.0
0 0.711914 0.378906 0.015625 0.026042 0.0 0.0 0.0 0.0 0.0 0.0 0.0 0.0 0.0 0.0 0.0 0.0 0.0 0.0 0.0
0 0.731934 0.335286 0.014648 0.02474 0.0 0.0 0.0 0.0 0.0 0.0 0.0 0.0 0.0 0.0 0.0 0.0 0.0 0.0 0.0
0 0.596191 0.304688 0.012695 0.020833 0.594975 0.301362 1.0 0.600991 0.301229 1.0 0.598686 0.305507 1.0 0.596278 0.311257 1.0 0.601493 0.310587 1.0
0 0.776855 0.291667 0.008789 0.010417 0.0 0.0 0.0 0.0 0.0 0.0 0.0 0.0 0.0 0.0 0.0 0.0 0.0 0.0 0.0
0 0.771973 0.25651 0.006836 0.010417 0.0 0.0 0.0 0.0 0.0 0.0 0.0 0.0 0.0 0.0 0.0 0.0 0.0 0.0 0.0
0 0.802246 0.263672 0.006836 0.009115 0.0 0.0 0.0 0.0 0.0 0.0 0.0 0.0 0.0 0.0 0.0 0.0 0.0 0.0 0.0
0 0.811523 0.280599 0.007812 0.009115 0.0 0.0 0.0 0.0 0.0 0.0 0.0 0.0 0.0 0.0 0.0 0.0 0.0 0.0 0.0
0 0.858398 0.267578 0.007812 0.011719 0.0 0.0 0.0 0.0 0.0 0.0 0.0 0.0 0.0 0.0 0.0 0.0 0.0 0.0 0.0
0 0.864258 0.281901 0.007812 0.011719 0.0 0.0 0.0 0.0 0.0 0.0 0.0 0.0 0.0 0.0 0.0 0.0 0.0 0.0 0.0
0 0.908691 0.276693 0.008789 0.011719 0.0 0.0 0.0 0.0 0.0 0.0 0.0 0.0 0.0 0.0 0.0 0.0 0.0 0.0 0.0
0 0.895508 0.253906 0.007812 0.010417 0.0 0.0 0.0 0.0 0.0 0.0 0.0 0.0 0.0 0.0 0.0 0.0 0.0 0.0 0.0
0 0.9375 0.268229 0.007812 0.013021 0.0 0.0 0.0 0.0 0.0 0.0 0.0 0.0 0.0 0.0 0.0 0.0 0.0 0.0 0.0
0 0.944336 0.283203 0.009766 0.014323 0.0 0.0 0.0 0.0 0.0 0.0 0.0 0.0 0.0 0.0 0.0 0.0 0.0 0.0 0.0
0 0.969238 0.281901 0.010742 0.016927 0.0 0.0 0.0 0.0 0.0 0.0 0.0 0.0 0.0 0.0 0.0 0.0 0.0 0.0 0.0
0 0.581543 0.235026 0.008789 0.016927 0.581229 0.232283 1.0 0.585327 0.232283 1.0 0.583583 0.235538 1.0 0.582014 0.239025 1.0 0.584979 0.239025 1.0
0 0.607422 0.238281 0.011719 0.018229 0.0 0.0 0.0 0.0 0.0 0.0 0.0 0.0 0.0 0.0 0.0 0.0 0.0 0.0 0.0
0 0.623047 0.26888 0.011719 0.016927 0.0 0.0 0.0 0.0 0.0 0.0 0.0 0.0 0.0 0.0 0.0 0.0 0.0 0.0 0.0
0 0.664062 0.239583 0.015625 0.020833 0.661268 0.235189 1.0 0.667484 0.235055 1.0 0.664577 0.240805 1.0 0.661869 0.24428 1.0 0.667084 0.244681 1.0
0 0.713867 0.257161 0.011719 0.022135 0.0 0.0 0.0 0.0 0.0 0.0 0.0 0.0 0.0 0.0 0.0 0.0 0.0 0.0 0.0
0 0.743164 0.261068 0.011719 0.019531 0.743251 0.256324 1.0 0.747472 0.257348 1.0 0.746033 0.261313 1.0 0.742004 0.265021 1.0 0.745841 0.265533 1.0
0 0.758789 0.377604 0.011719 0.018229 0.758697 0.374755 1.0 0.763824 0.373901 1.0 0.763184 0.379883 1.0 0.758605 0.384521 1.0 0.762268 0.3844 1.0
0 0.729004 0.363932 0.014648 0.019531 0.729945 0.361107 1.0 0.734933 0.361363 1.0 0.73311 0.366223 1.0 0.729658 0.369292 1.0 0.733303 0.369419 1.0
0 0.491211 0.344401 0.013672 0.022135 0.0 0.0 0.0 0.0 0.0 0.0 0.0 0.0 0.0 0.0 0.0 0.0 0.0 0.0 0.0
0 0.552734 0.339844 0.013672 0.020833 0.551618 0.338589 1.0 0.557164 0.338589 1.0 0.554548 0.342913 1.0 0.552142 0.347098 1.0 0.556327 0.346958 1.0
0 0.59375 0.32487 0.013672 0.02474 0.59338 0.321685 1.0 0.599029 0.321685 1.0 0.597028 0.326236 1.0 0.592437 0.330159 1.0 0.599147 0.329845 1.0
0 0.504395 0.235677 0.010742 0.015625 0.0 0.0 0.0 0.0 0.0 0.0 0.0 0.0 0.0 0.0 0.0 0.0 0.0 0.0 0.0
0 0.489258 0.236979 0.011719 0.015625 0.0 0.0 0.0 0.0 0.0 0.0 0.0 0.0 0.0 0.0 0.0 0.0 0.0 0.0 0.0
0 0.529297 0.246745 0.011719 0.019531 0.527754 0.244176 1.0 0.532646 0.244687 1.0 0.530439 0.248651 1.0 0.528425 0.252104 1.0 0.531782 0.252232 1.0
0 0.447266 0.235026 0.011719 0.016927 0.0 0.0 0.0 0.0 0.0 0.0 0.0 0.0 0.0 0.0 0.0 0.0 0.0 0.0 0.0
0 0.468262 0.236979 0.010742 0.020833 0.469666 0.234858 1.0 0.473376 0.234724 1.0 0.472272 0.238734 1.0 0.469866 0.241275 1.0 0.473476 0.241409 1.0
0 0.419434 0.244141 0.010742 0.019531 0.42 0.241827 1.0 0.424508 0.242723 1.0 0.423453 0.245792 1.0 0.420097 0.2495 1.0 0.423453 0.250651 1.0
0 0.408691 0.254557 0.010742 0.022135 0.406241 0.253255 1.0 0.41071 0.250493 1.0 0.409947 0.256888 1.0 0.40853 0.260813 1.0 0.412018 0.258777 1.0
0 0.353516 0.251302 0.011719 0.018229 0.0 0.0 0.0 0.0 0.0 0.0 0.0 0.0 0.0 0.0 0.0 0.0 0.0 0.0 0.0
0 0.319824 0.363932 0.026367 0.045573 0.0 0.0 0.0 0.0 0.0 0.0 0.0 0.0 0.0 0.0 0.0 0.0 0.0 0.0 0.0
0 0.319824 0.248047 0.010742 0.016927 0.0 0.0 0.0 0.0 0.0 0.0 0.0 0.0 0.0 0.0 0.0 0.0 0.0 0.0 0.0
0 0.296387 0.253906 0.008789 0.015625 0.0 0.0 0.0 0.0 0.0 0.0 0.0 0.0 0.0 0.0 0.0 0.0 0.0 0.0 0.0
0 0.25293 0.244141 0.011719 0.019531 0.0 0.0 0.0 0.0 0.0 0.0 0.0 0.0 0.0 0.0 0.0 0.0 0.0 0.0 0.0
0 0.20752 0.244141 0.014648 0.016927 0.0 0.0 0.0 0.0 0.0 0.0 0.0 0.0 0.0 0.0 0.0 0.0 0.0 0.0 0.0
0 0.112305 0.239583 0.009766 0.015625 0.0 0.0 0.0 0.0 0.0 0.0 0.0 0.0 0.0 0.0 0.0 0.0 0.0 0.0 0.0
0 0.13916 0.246745 0.010742 0.016927 0.138912 0.245001 1.0 0.142971 0.245001 1.0 0.141479 0.248535 1.0 0.140071 0.251628 1.0 0.142225 0.251628 1.0
0 0.149902 0.242188 0.008789 0.015625 0.0 0.0 0.0 0.0 0.0 0.0 0.0 0.0 0.0 0.0 0.0 0.0 0.0 0.0 0.0
0 0.179199 0.222005 0.010742 0.019531 0.0 0.0 0.0 0.0 0.0 0.0 0.0 0.0 0.0 0.0 0.0 0.0 0.0 0.0 0.0
0 0.122559 0.340495 0.012695 0.019531 0.0 0.0 0.0 0.0 0.0 0.0 0.0 0.0 0.0 0.0 0.0 0.0 0.0 0.0 0.0