0 0.330078 0.433649 0.017578 0.07109 0.326704 0.42655 1.0 0.334577 0.426095 1.0 0.331016 0.439287 1.0 0.327079 0.448841 1.0 0.333265 0.449296 1.0
0 0.399902 0.439573 0.018555 0.054502 0.396598 0.432275 1.0 0.404009 0.431915 1.0 0.4006 0.446661 1.0 0.396301 0.450976 1.0 0.404009 0.450976 1.0
0 0.54834 0.409953 0.018555 0.066351 0.545279 0.403405 1.0 0.55361 0.403818 1.0 0.54953 0.414957 1.0 0.545619 0.423621 1.0 0.55225 0.424445 1.0
0 0.605957 0.409953 0.018555 0.066351 0.601357 0.407467 1.0 0.609044 0.409201 1.0 0.604754 0.420912 1.0 0.601536 0.430021 1.0 0.607613 0.430021 1.0
0 0.661621 0.405213 0.020508 0.061611 0.655509 0.401194 1.0 0.663958 0.400791 1.0 0.659319 0.415263 1.0 0.657331 0.419685 1.0 0.663461 0.419284 1.0
0 0.729004 0.408768 0.018555 0.06872 0.723153 0.408566 1.0 0.731197 0.405097 1.0 0.727086 0.418109 1.0 0.725655 0.427652 1.0 0.733521 0.422445 1.0
0 0.314941 0.799763 0.020508 0.06872 0.313738 0.797161 1.0 0.321424 0.794126 1.0 0.319101 0.810173 1.0 0.311771 0.816244 1.0 0.32053 0.815377 1.0
0 0.384277 0.700237 0.020508 0.063981 0.381068 0.697761 1.0 0.38991 0.697348 1.0 0.385999 0.712201 1.0 0.381408 0.719216 1.0 0.38906 0.718803 1.0
0 0.629395 0.731043 0.020508 0.06872 0.626893 0.726706 1.0 0.633327 0.728441 1.0 0.628501 0.74232 1.0 0.625819 0.752296 1.0 0.632612 0.754031 1.0
0 0.719727 0.799763 0.023438 0.06872 0.717773 0.7891 1.0 0.725586 0.803318 1.0 0.720703 0.805687 1.0 0.712891 0.808057 1.0 0.72168 0.819905 1.0
0 0.472656 0.407583 0.019531 0.061611 0.470232 0.404832 1.0 0.47733 0.40405 1.0 0.473942 0.416182 1.0 0.470232 0.42323 1.0 0.47862 0.420488 1.0