0 0.235352 0.348958 0.023438 0.041667 0.229736 0.340669 1.0 0.243373 0.341471 1.0 0.23475 0.354306 1.0 0.229536 0.359654 1.0 0.241568 0.359387 1.0
0 0.293457 0.408203 0.024414 0.040365 0.287406 0.401926 1.0 0.29834 0.401158 1.0 0.29201 0.410366 1.0 0.28894 0.417271 1.0 0.297381 0.417271 1.0
0 0.262207 0.625 0.026367 0.039062 0.255231 0.6181 1.0 0.267792 0.6186 1.0 0.25973 0.627349 1.0 0.255419 0.633848 1.0 0.265354 0.632848 1.0
0 0.348145 0.576823 0.022461 0.044271 0.341029 0.570499 1.0 0.353376 0.570499 1.0 0.346889 0.579427 1.0 0.342704 0.586961 1.0 0.354004 0.585286 1.0
0 0.358398 0.424479 0.017578 0.039062 0.353298 0.419829 1.0 0.364171 0.421828 1.0 0.357047 0.428827 1.0 0.354048 0.436076 1.0 0.362483 0.436576 1.0
0 0.404785 0.40625 0.022461 0.039062 0.399462 0.404349 1.0 0.40921 0.4016 1.0 0.405461 0.410848 1.0 0.403961 0.418846 1.0 0.410522 0.415598 1.0
0 0.467285 0.404948 0.022461 0.041667 0.459979 0.3991 1.0 0.470607 0.400704 1.0 0.463789 0.407924 1.0 0.461182 0.415678 1.0 0.4678 0.415143 1.0
0 0.539062 0.410807 0.021484 0.040365 0.531563 0.40453 1.0 0.541347 0.405297 1.0 0.536552 0.413482 1.0 0.532906 0.419108 1.0 0.540196 0.419363 1.0
0 0.599609 0.404297 0.023438 0.040365 0.590293 0.39724 1.0 0.601083 0.397501 1.0 0.5899 0.406656 1.0 0.592255 0.415812 1.0 0.600102 0.415812 1.0
0 0.661133 0.41862 0.025391 0.045573 0.6521 0.413331 1.0 0.662994 0.411906 1.0 0.656586 0.424154 1.0 0.6521 0.428426 1.0 0.665344 0.428711 1.0
0 0.448242 0.536458 0.023438 0.041667 0.441337 0.530576 1.0 0.451765 0.530844 1.0 0.444946 0.541271 1.0 0.444545 0.548224 1.0 0.451163 0.548224 1.0
0 0.506348 0.531901 0.022461 0.040365 0.500069 0.522746 1.0 0.511841 0.523792 1.0 0.503797 0.531116 1.0 0.500266 0.538178 1.0 0.509094 0.537918 1.0
0 0.600098 0.544922 0.026367 0.040365 0.589604 0.537598 1.0 0.600786 0.536813 1.0 0.591565 0.548323 1.0 0.590978 0.555909 1.0 0.599609 0.5546 1.0
0 0.719727 0.335286 0.03125 0.053385 0.709207 0.329182 1.0 0.720268 0.327125 1.0 0.712551 0.338786 1.0 0.710493 0.348388 1.0 0.723097 0.345645 1.0