0 0.567383 0.387026 0.035156 0.068513 0.561515 0.381143 1.0 0.57734 0.382431 1.0 0.568708 0.395318 1.0 0.560363 0.403478 1.0 0.5736 0.405195 1.0
0 0.182129 0.26312 0.036133 0.068513 0.174142 0.258759 1.0 0.190792 0.256143 1.0 0.181444 0.270968 1.0 0.177063 0.285356 1.0 0.189915 0.282741 1.0
0 0.15918 0.357143 0.035156 0.058309 0.148503 0.348254 1.0 0.164904 0.347512 1.0 0.154467 0.355672 1.0 0.148503 0.369397 1.0 0.162419 0.369397 1.0
0 0.247559 0.379738 0.03418 0.062682 0.239049 0.367959 1.0 0.255803 0.368752 1.0 0.245697 0.375898 1.0 0.24091 0.39138 1.0 0.253144 0.39138 1.0
0 0.320312 0.234694 0.033203 0.067055 0.324228 0.228251 1.0 0.333147 0.229111 1.0 0.334874 0.241996 1.0 0.322213 0.250586 1.0 0.331996 0.250586 1.0
0 0.328613 0.395044 0.03418 0.067055 0.318207 0.385431 1.0 0.336343 0.384586 1.0 0.326142 0.395585 1.0 0.320474 0.408697 1.0 0.334643 0.408697 1.0
0 0.246582 0.650146 0.043945 0.072886 0.233887 0.635022 1.0 0.252808 0.640488 1.0 0.236938 0.651421 1.0 0.232361 0.660988 1.0 0.247925 0.665999 1.0
0 0.312012 0.601312 0.03418 0.065598 0.305943 0.593503 1.0 0.323521 0.593503 1.0 0.315709 0.604331 1.0 0.306222 0.617243 1.0 0.322405 0.617659 1.0
0 0.38623 0.635569 0.040039 0.075802 0.376063 0.623035 1.0 0.396065 0.623516 1.0 0.385742 0.638445 1.0 0.377031 0.651929 1.0 0.392518 0.653373 1.0
0 0.419922 0.282799 0.035156 0.075802 0.410558 0.271723 1.0 0.428946 0.272204 1.0 0.418945 0.288096 1.0 0.41088 0.300136 1.0 0.425397 0.300136 1.0
0 0.442383 0.242711 0.03125 0.062682 0.43457 0.228863 1.0 0.452148 0.233236 1.0 0.443359 0.240525 1.0 0.439453 0.253644 1.0 0.450195 0.255102 1.0
0 0.521484 0.366618 0.037109 0.068513 0.511261 0.360077 1.0 0.52791 0.357462 1.0 0.517979 0.373595 1.0 0.514767 0.383187 1.0 0.527326 0.380134 1.0
0 0.571289 0.29519 0.029297 0.056851 0.564566 0.284069 1.0 0.580871 0.286573 1.0 0.57128 0.296238 1.0 0.565286 0.308048 1.0 0.574638 0.309838 1.0
0 0.535156 0.612974 0.037109 0.056851 0.52274 0.600733 1.0 0.537153 0.603329 1.0 0.525474 0.611862 1.0 0.523237 0.624102 1.0 0.535662 0.624472 1.0
0 0.598145 0.611516 0.040039 0.062682 0.587655 0.596262 1.0 0.604144 0.599894 1.0 0.59171 0.611191 1.0 0.587385 0.622085 1.0 0.60063 0.626523 1.0
0 0.64502 0.325802 0.03418 0.059767 0.637817 0.314745 1.0 0.653251 0.314362 1.0 0.645534 0.326647 1.0 0.639875 0.338551 1.0 0.652222 0.338551 1.0
0 0.722168 0.360787 0.030273 0.059767 0.714194 0.355411 1.0 0.729885 0.354259 1.0 0.721653 0.36309 1.0 0.717023 0.376529 1.0 0.728084 0.376913 1.0
0 0.791504 0.657434 0.043945 0.078717 0.775421 0.648187 1.0 0.790863 0.649691 1.0 0.776428 0.660213 1.0 0.7771 0.675246 1.0 0.789521 0.675246 1.0
0 0.891113 0.602041 0.043945 0.072886 0.878243 0.589859 1.0 0.900216 0.591733 1.0 0.889229 0.607195 1.0 0.882952 0.62172 1.0 0.896764 0.622188 1.0