0 0.039551 0.298828 0.055664 0.140625 0.025277 0.263969 1.0 0.047956 0.26041 1.0 0.035505 0.281756 1.0 0.030169 0.322666 1.0 0.046178 0.319998 1.0
0 0.097656 0.061523 0.042969 0.103516 0.088745 0.030684 1.0 0.111307 0.04392 1.0 0.094762 0.061367 1.0 0.084232 0.078213 1.0 0.100777 0.086635 1.0
0 0.102539 0.453125 0.054688 0.140625 0.094936 0.412039 1.0 0.119838 0.421822 1.0 0.105164 0.446725 1.0 0.094491 0.478742 1.0 0.114946 0.476963 1.0
0 0.171387 0.145508 0.045898 0.103516 0.158639 0.127205 1.0 0.1812 0.129168 1.0 0.168448 0.148133 1.0 0.160274 0.176906 1.0 0.177276 0.178215 1.0
0 0.181152 0.334961 0.049805 0.130859 0.168448 0.304984 1.0 0.191397 0.312361 1.0 0.179104 0.343506 1.0 0.166809 0.359078 1.0 0.181972 0.369734 1.0
0 0.231934 0.102539 0.040039 0.103516 0.0 0.0 0.0 0.0 0.0 0.0 0.0 0.0 0.0 0.0 0.0 0.0 0.0 0.0 0.0
0 0.292969 0.12793 0.054688 0.115234 0.2771 0.097656 1.0 0.304932 0.102783 1.0 0.287354 0.124023 1.0 0.277466 0.161377 1.0 0.294678 0.15918 1.0
0 0.378906 0.167969 0.052734 0.136719 0.360233 0.134189 1.0 0.385267 0.138506 1.0 0.368435 0.159223 1.0 0.361097 0.197205 1.0 0.376203 0.198932 1.0
0 0.280762 0.321289 0.047852 0.119141 0.271279 0.290945 1.0 0.295934 0.300049 1.0 0.280383 0.318254 1.0 0.268245 0.337979 1.0 0.289106 0.344805 1.0
0 0.228516 0.493164 0.060547 0.158203 0.219569 0.456404 1.0 0.245414 0.459385 1.0 0.233485 0.489205 1.0 0.221558 0.52499 1.0 0.239946 0.528965 1.0
0 0.083496 0.665039 0.05957 0.146484 0.069145 0.64835 1.0 0.095023 0.629865 1.0 0.090401 0.675154 1.0 0.087629 0.705654 1.0 0.102417 0.689941 1.0
0 0.194336 0.633789 0.058594 0.126953 0.185023 0.600725 1.0 0.209892 0.586287 1.0 0.204276 0.635219 1.0 0.191842 0.656076 1.0 0.211896 0.648855 1.0
0 0.348145 0.746094 0.063477 0.160156 0.328944 0.712717 1.0 0.354736 0.706648 1.0 0.340576 0.742049 1.0 0.336024 0.771379 1.0 0.358782 0.763289 1.0
0 0.17334 0.977539 0.061523 0.044922 0.0 0.0 0.0 0.0 0.0 0.0 0.0 0.0 0.0 0.0 0.0 0.0 0.0 0.0 0.0
0 0.413574 0.967773 0.053711 0.064453 0.398804 0.961793 1.0 0.425328 0.964512 1.0 0.404244 0.997158 1.0 0.398464 0.999197 1.0 0.418867 0.998518 1.0
0 0.351074 0.543945 0.051758 0.123047 0.335453 0.518711 1.0 0.362614 0.51716 1.0 0.347481 0.539664 1.0 0.33817 0.576137 1.0 0.36145 0.575361 1.0
0 0.428711 0.056641 0.048828 0.105469 0.419556 0.015285 1.0 0.443699 0.020857 1.0 0.428842 0.046238 1.0 0.41677 0.071621 1.0 0.434413 0.077191 1.0
0 0.45752 0.219727 0.040039 0.103516 0.441537 0.207781 1.0 0.463798 0.211652 1.0 0.447344 0.238752 1.0 0.444764 0.249076 1.0 0.45799 0.249721 1.0
0 0.500488 0.053711 0.043945 0.099609 0.485491 0.009766 1.0 0.50279 0.006418 1.0 0.494698 0.029855 1.0 0.491071 0.065012 1.0 0.508929 0.061662 1.0
0 0.514648 0.25293 0.058594 0.126953 0.496913 0.234305 1.0 0.526192 0.238316 1.0 0.510951 0.257568 1.0 0.497314 0.300887 1.0 0.516968 0.304896 1.0
0 0.545898 0.367188 0.066406 0.171875 0.523556 0.329154 1.0 0.555163 0.330244 1.0 0.535544 0.353133 1.0 0.52628 0.404357 1.0 0.551893 0.403268 1.0
0 0.60791 0.291992 0.053711 0.119141 0.595664 0.278338 1.0 0.621835 0.274545 1.0 0.605525 0.29351 1.0 0.598319 0.310197 1.0 0.611594 0.310957 1.0
0 0.632324 0.458984 0.05957 0.125 0.611206 0.417113 1.0 0.637787 0.418701 1.0 0.619537 0.436156 1.0 0.611603 0.485352 1.0 0.633819 0.487732 1.0
0 0.739746 0.164062 0.051758 0.128906 0.723354 0.12718 1.0 0.749581 0.12718 1.0 0.734828 0.141934 1.0 0.726223 0.183732 1.0 0.744664 0.182094 1.0
0 0.759766 0.28418 0.060547 0.134766 0.745117 0.251832 1.0 0.772461 0.266357 1.0 0.753662 0.277465 1.0 0.739136 0.315063 1.0 0.760498 0.322754 1.0
0 0.761719 0.431641 0.058594 0.117188 0.740496 0.415895 1.0 0.764491 0.418893 1.0 0.742371 0.441389 1.0 0.734497 0.460135 1.0 0.756243 0.463885 1.0
0 0.729004 0.669922 0.06543 0.125 0.708845 0.63698 1.0 0.733434 0.63698 1.0 0.713763 0.662389 1.0 0.712123 0.703369 1.0 0.726057 0.70091 1.0
0 0.845215 0.516602 0.057617 0.115234 0.824219 0.485352 1.0 0.848022 0.489014 1.0 0.827515 0.505127 1.0 0.823486 0.54541 1.0 0.841064 0.546143 1.0
0 0.864258 0.699219 0.066406 0.140625 0.838278 0.682391 1.0 0.865139 0.683271 1.0 0.84048 0.718498 1.0 0.84048 0.742275 1.0 0.858974 0.744035 1.0
0 0.635254 0.977539 0.057617 0.044922 0.617188 0.984375 1.0 0.646484 0.980469 1.0 0.631836 0.996094 1.0 0.624023 0.998047 1.0 0.641602 0.998047 1.0
0 0.866699 0.117188 0.057617 0.105469 0.846802 0.092773 1.0 0.871704 0.094238 1.0 0.854492 0.118408 1.0 0.850098 0.138916 1.0 0.865112 0.144043 1.0
0 0.858887 0.306641 0.053711 0.136719 0.844155 0.272861 1.0 0.866167 0.271135 1.0 0.852787 0.290127 1.0 0.845019 0.328107 1.0 0.865304 0.332424 1.0
0 0.982422 0.143555 0.035156 0.111328 0.97379 0.121119 1.0 0.998509 0.122533 1.0 0.983324 0.148664 1.0 0.979793 0.190334 1.0 0.992859 0.188215 1.0
0 0.962402 0.34082 0.061523 0.119141 0.938363 0.310146 1.0 0.961609 0.313895 1.0 0.943612 0.343889 1.0 0.940238 0.367135 1.0 0.956734 0.367885 1.0
0 0.967285 0.466797 0.061523 0.128906 0.952506 0.430951 1.0 0.973995 0.437439 1.0 0.953316 0.452846 1.0 0.945613 0.495012 1.0 0.96548 0.499879 1.0
0 0.994629 0.594727 0.010742 0.115234 0.0 0.0 0.0 0.0 0.0 0.0 0.0 0.0 0.0 0.0 0.0 0.0 0.0 0.0 0.0
0 0.992188 0.662109 0.015625 0.121094 0.992188 0.623047 1.0 0.998047 0.625 1.0 0.987305 0.650391 1.0 0.987305 0.681641 1.0 0.999023 0.6875 1.0
0 0.42627 0.455078 0.06543 0.167969 0.411538 0.416121 1.0 0.435804 0.439332 1.0 0.414176 0.453047 1.0 0.400988 0.466762 1.0 0.428419 0.489973 1.0
0 0.507812 0.467773 0.056641 0.142578 0.494629 0.435059 1.0 0.515032 0.434152 1.0 0.499616 0.455008 1.0 0.494176 0.475865 1.0 0.504604 0.474051 1.0
0 0.132324 0.080078 0.040039 0.113281 0.125977 0.046875 1.0 0.145508 0.052734 1.0 0.130859 0.066406 1.0 0.12207 0.087891 1.0 0.133789 0.09375 1.0