0 0.278809 0.580402 0.018555 0.060302 0.275948 0.574075 1.0 0.282915 0.571407 1.0 0.280099 0.583611 1.0 0.276245 0.591236 1.0 0.283212 0.589332 1.0
0 0.30957 0.497487 0.019531 0.055276 0.304766 0.489198 1.0 0.313254 0.488457 1.0 0.310089 0.501784 1.0 0.30678 0.510296 1.0 0.312822 0.509927 1.0
0 0.304688 0.430905 0.017578 0.052764 0.300834 0.426957 1.0 0.307635 0.425611 1.0 0.303973 0.436379 1.0 0.302403 0.445802 1.0 0.307111 0.444791 1.0
0 0.266113 0.432161 0.014648 0.055276 0.0 0.0 0.0 0.0 0.0 0.0 0.0 0.0 0.0 0.0 0.0 0.0 0.0 0.0 0.0
0 0.230469 0.492462 0.017578 0.060302 0.226379 0.488043 1.0 0.233198 0.484611 1.0 0.229937 0.497196 1.0 0.228455 0.510163 1.0 0.234087 0.507111 1.0
0 0.199707 0.520101 0.018555 0.070352 0.203753 0.516063 1.0 0.208287 0.51696 1.0 0.208461 0.527279 1.0 0.204974 0.536701 1.0 0.207938 0.537151 1.0
0 0.146973 0.512563 0.022461 0.060302 0.141754 0.508558 1.0 0.151062 0.502276 1.0 0.1474 0.515626 1.0 0.144959 0.528972 1.0 0.153198 0.521513 1.0
0 0.103516 0.473618 0.021484 0.067839 0.097621 0.464286 1.0 0.107213 0.462043 1.0 0.103027 0.477296 1.0 0.100062 0.489859 1.0 0.106515 0.488065 1.0
0 0.052246 0.508794 0.020508 0.052764 0.050188 0.501626 1.0 0.058297 0.500932 1.0 0.055324 0.513101 1.0 0.051675 0.519709 1.0 0.057621 0.519709 1.0
0 0.062988 0.430905 0.020508 0.062814 0.0 0.0 0.0 0.0 0.0 0.0 0.0 0.0 0.0 0.0 0.0 0.0 0.0 0.0 0.0
0 0.006836 0.408291 0.011719 0.067839 0.007315 0.406183 1.0 0.009801 0.404905 1.0 0.010629 0.413854 1.0 0.008641 0.419397 1.0 0.009635 0.419822 1.0
0 0.146484 0.405779 0.017578 0.057789 0.142369 0.400216 1.0 0.1506 0.396626 1.0 0.146693 0.409907 1.0 0.144462 0.41852 1.0 0.149902 0.417085 1.0
0 0.106934 0.336683 0.022461 0.060302 0.103363 0.331503 1.0 0.110535 0.325613 1.0 0.108246 0.33896 1.0 0.107178 0.350347 1.0 0.112519 0.347206 1.0
0 0.166016 0.354271 0.015625 0.050251 0.168013 0.343839 1.0 0.173244 0.345186 1.0 0.172328 0.352925 1.0 0.168013 0.363357 1.0 0.171413 0.36403 1.0
0 0.225098 0.427136 0.016602 0.055276 0.224749 0.41852 1.0 0.232282 0.420676 1.0 0.228795 0.430726 1.0 0.224889 0.438621 1.0 0.230748 0.439698 1.0
0 0.191406 0.339196 0.013672 0.035176 0.188568 0.338646 1.0 0.192779 0.334171 1.0 0.190674 0.343593 1.0 0.191314 0.350658 1.0 0.194794 0.34595 1.0
0 0.220703 0.336683 0.015625 0.045226 0.217625 0.329068 1.0 0.2241 0.329673 1.0 0.221039 0.339668 1.0 0.218566 0.346935 1.0 0.224335 0.346028 1.0
0 0.256348 0.31407 0.010742 0.050251 0.0 0.0 0.0 0.0 0.0 0.0 0.0 0.0 0.0 0.0 0.0 0.0 0.0 0.0 0.0
0 0.288086 0.319095 0.013672 0.045226 0.0 0.0 0.0 0.0 0.0 0.0 0.0 0.0 0.0 0.0 0.0 0.0 0.0 0.0 0.0
0 0.319336 0.331658 0.009766 0.040201 0.0 0.0 0.0 0.0 0.0 0.0 0.0 0.0 0.0 0.0 0.0 0.0 0.0 0.0 0.0
0 0.308594 0.258794 0.009766 0.045226 0.0 0.0 0.0 0.0 0.0 0.0 0.0 0.0 0.0 0.0 0.0 0.0 0.0 0.0 0.0
0 0.34375 0.531407 0.017578 0.062814 0.339447 0.526304 1.0 0.349213 0.527874 1.0 0.344482 0.537296 1.0 0.341583 0.546719 1.0 0.346771 0.547503 1.0
0 0.405273 0.526382 0.019531 0.057789 0.401045 0.525721 1.0 0.408957 0.521279 1.0 0.406512 0.534234 1.0 0.404785 0.541636 1.0 0.410108 0.537935 1.0
0 0.475586 0.567839 0.019531 0.055276 0.0 0.0 0.0 0.0 0.0 0.0 0.0 0.0 0.0 0.0 0.0 0.0 0.0 0.0 0.0
0 0.46582 0.454774 0.013672 0.050251 0.464447 0.45059 1.0 0.470137 0.452543 1.0 0.467354 0.464578 1.0 0.463814 0.470759 1.0 0.468619 0.471083 1.0
0 0.437012 0.430905 0.014648 0.047739 0.43396 0.42902 1.0 0.440063 0.427136 1.0 0.436646 0.439384 1.0 0.435303 0.444724 1.0 0.44104 0.441269 1.0
0 0.382812 0.398241 0.015625 0.047739 0.386444 0.393307 1.0 0.389622 0.386643 1.0 0.390328 0.39906 1.0 0.387268 0.410266 1.0 0.389151 0.407842 1.0
0 0.378418 0.479899 0.014648 0.050251 0.375244 0.476131 1.0 0.381836 0.476131 1.0 0.378784 0.48995 1.0 0.377075 0.497487 1.0 0.381226 0.49843 1.0
0 0.353516 0.427136 0.015625 0.050251 0.355809 0.425879 1.0 0.358211 0.424578 1.0 0.359729 0.433686 1.0 0.356693 0.443121 1.0 0.35897 0.441819 1.0
0 0.398438 0.389447 0.013672 0.045226 0.396136 0.382447 1.0 0.402257 0.381864 1.0 0.399876 0.394113 1.0 0.397609 0.402862 1.0 0.401689 0.403153 1.0
0 0.360352 0.312814 0.013672 0.042714 0.358119 0.30301 1.0 0.365312 0.302731 1.0 0.361389 0.312824 1.0 0.358119 0.321239 1.0 0.364223 0.320116 1.0
0 0.348633 0.275126 0.013672 0.042714 0.0 0.0 0.0 0.0 0.0 0.0 0.0 0.0 0.0 0.0 0.0 0.0 0.0 0.0 0.0
0 0.341309 0.174623 0.012695 0.047739 0.338113 0.169776 1.0 0.34341 0.169776 1.0 0.340938 0.177349 1.0 0.338937 0.182799 1.0 0.343057 0.183103 1.0
0 0.384277 0.222362 0.016602 0.052764 0.0 0.0 0.0 0.0 0.0 0.0 0.0 0.0 0.0 0.0 0.0 0.0 0.0 0.0 0.0
0 0.416504 0.330402 0.014648 0.052764 0.413635 0.325804 1.0 0.419853 0.323716 1.0 0.417149 0.334148 1.0 0.415393 0.344231 1.0 0.419987 0.342146 1.0
0 0.429199 0.268844 0.016602 0.050251 0.426562 0.267264 1.0 0.431619 0.264661 1.0 0.428711 0.277671 1.0 0.427573 0.28548 1.0 0.432757 0.281575 1.0
0 0.452148 0.194724 0.013672 0.047739 0.449585 0.187814 1.0 0.454834 0.187186 1.0 0.452759 0.196922 1.0 0.449707 0.202889 1.0 0.456055 0.202889 1.0
0 0.513672 0.20603 0.011719 0.045226 0.0 0.0 0.0 0.0 0.0 0.0 0.0 0.0 0.0 0.0 0.0 0.0 0.0 0.0 0.0
0 0.529785 0.267588 0.012695 0.052764 0.528028 0.262025 1.0 0.53411 0.261676 1.0 0.531271 0.274193 1.0 0.528704 0.280106 1.0 0.534786 0.279759 1.0
0 0.542969 0.516332 0.015625 0.062814 0.54044 0.513055 1.0 0.546718 0.511844 1.0 0.54405 0.524766 1.0 0.541382 0.534055 1.0 0.545776 0.533651 1.0
0 0.564453 0.217337 0.011719 0.042714 0.562003 0.213412 1.0 0.567562 0.210887 1.0 0.564728 0.221543 1.0 0.562221 0.229394 1.0 0.567997 0.227151 1.0
0 0.580078 0.25 0.017578 0.057789 0.574642 0.244819 1.0 0.581835 0.242598 1.0 0.578238 0.254812 1.0 0.57608 0.262955 1.0 0.58241 0.261106 1.0
0 0.626953 0.198492 0.013672 0.040201 0.0 0.0 0.0 0.0 0.0 0.0 0.0 0.0 0.0 0.0 0.0 0.0 0.0 0.0 0.0
0 0.5625 0.492462 0.013672 0.055276 0.560429 0.488616 1.0 0.567047 0.490095 1.0 0.563307 0.502681 1.0 0.560573 0.506013 1.0 0.567335 0.508603 1.0
0 0.595215 0.516332 0.014648 0.047739 0.593994 0.505025 1.0 0.598633 0.505339 1.0 0.598145 0.515075 1.0 0.594238 0.52544 1.0 0.597168 0.52544 1.0
0 0.619629 0.531407 0.014648 0.047739 0.0 0.0 0.0 0.0 0.0 0.0 0.0 0.0 0.0 0.0 0.0 0.0 0.0 0.0 0.0
0 0.65332 0.438442 0.015625 0.052764 0.650399 0.429402 1.0 0.657292 0.430445 1.0 0.653913 0.44192 1.0 0.650399 0.45096 1.0 0.656887 0.451309 1.0
0 0.728516 0.174623 0.015625 0.057789 0.72447 0.171683 1.0 0.731881 0.170922 1.0 0.727583 0.181601 1.0 0.725508 0.189226 1.0 0.731585 0.189226 1.0
0 0.743652 0.340452 0.014648 0.047739 0.0 0.0 0.0 0.0 0.0 0.0 0.0 0.0 0.0 0.0 0.0 0.0 0.0 0.0 0.0
0 0.714844 0.538945 0.015625 0.057789 0.712398 0.536724 1.0 0.72103 0.536354 1.0 0.716857 0.546719 1.0 0.71283 0.555972 1.0 0.71844 0.555972 1.0
0 0.760742 0.535176 0.017578 0.055276 0.757904 0.528626 1.0 0.766283 0.528626 1.0 0.762635 0.541839 1.0 0.75912 0.547055 1.0 0.763851 0.546359 1.0
0 0.765625 0.361809 0.017578 0.060302 0.761779 0.355842 1.0 0.769562 0.35545 1.0 0.765595 0.366834 1.0 0.762543 0.375864 1.0 0.768341 0.376256 1.0
0 0.783691 0.263819 0.012695 0.040201 0.0 0.0 0.0 0.0 0.0 0.0 0.0 0.0 0.0 0.0 0.0 0.0 0.0 0.0 0.0
0 0.807129 0.339196 0.018555 0.055276 0.0 0.0 0.0 0.0 0.0 0.0 0.0 0.0 0.0 0.0 0.0 0.0 0.0 0.0 0.0
0 0.794922 0.43593 0.013672 0.052764 0.0 0.0 0.0 0.0 0.0 0.0 0.0 0.0 0.0 0.0 0.0 0.0 0.0 0.0 0.0
0 0.823242 0.555276 0.015625 0.050251 0.819467 0.555972 1.0 0.82642 0.555972 1.0 0.822754 0.566382 1.0 0.820984 0.574188 1.0 0.825662 0.574188 1.0
0 0.849609 0.477387 0.019531 0.060302 0.847748 0.470633 1.0 0.856293 0.473382 1.0 0.851258 0.48045 1.0 0.847748 0.491834 1.0 0.851562 0.493405 1.0
0 0.870117 0.55402 0.015625 0.057789 0.863499 0.541143 1.0 0.869542 0.548176 1.0 0.863644 0.556688 1.0 0.863644 0.561872 1.0 0.86911 0.565945 1.0
0 0.909668 0.547739 0.014648 0.060302 0.905334 0.538239 1.0 0.908996 0.544126 1.0 0.904113 0.550015 1.0 0.904725 0.558261 1.0 0.907166 0.561794 1.0
0 0.932617 0.552764 0.019531 0.070352 0.92484 0.541726 1.0 0.928851 0.546214 1.0 0.923444 0.557879 1.0 0.926409 0.569095 1.0 0.930595 0.569992 1.0
0 0.976074 0.493719 0.020508 0.062814 0.969762 0.485193 1.0 0.977608 0.485598 1.0 0.972115 0.499327 1.0 0.970546 0.508211 1.0 0.97808 0.508616 1.0
0 0.955566 0.373116 0.018555 0.067839 0.950945 0.365892 1.0 0.9584 0.364186 1.0 0.954921 0.378678 1.0 0.952602 0.386779 1.0 0.958731 0.387204 1.0
0 0.897461 0.353015 0.019531 0.057789 0.891933 0.342224 1.0 0.899492 0.342987 1.0 0.895046 0.354809 1.0 0.892229 0.362437 1.0 0.900382 0.362819 1.0
0 0.864746 0.384422 0.016602 0.055276 0.859724 0.372937 1.0 0.867118 0.376884 1.0 0.862514 0.386935 1.0 0.859584 0.392319 1.0 0.86656 0.39555 1.0
0 0.899414 0.262563 0.015625 0.047739 0.897984 0.256113 1.0 0.904105 0.259445 1.0 0.900221 0.265198 1.0 0.896925 0.274889 1.0 0.90128 0.274889 1.0
0 0.836426 0.306533 0.012695 0.040201 0.834146 0.302955 1.0 0.83946 0.303214 1.0 0.836953 0.311726 1.0 0.834647 0.316887 1.0 0.838558 0.316628 1.0
0 0.992676 0.410804 0.014648 0.047739 0.992606 0.401327 1.0 0.999551 0.405869 1.0 0.99496 0.411623 1.0 0.989898 0.417681 1.0 0.996608 0.423736 1.0
0 0.665527 0.579146 0.012695 0.047739 0.661255 0.574121 1.0 0.668579 0.573807 1.0 0.664673 0.585113 1.0 0.662476 0.591394 1.0 0.666992 0.591394 1.0