0 0.879883 0.538114 0.029297 0.04522 0.868277 0.528239 1.0 0.878305 0.526221 1.0 0.870457 0.537756 1.0 0.870675 0.547561 1.0 0.875471 0.547561 1.0
0 0.156738 0.327519 0.016602 0.029716 0.152108 0.323563 1.0 0.160021 0.322421 1.0 0.156856 0.328512 1.0 0.15369 0.335173 1.0 0.160597 0.334222 1.0
0 0.212402 0.324289 0.016602 0.02584 0.208984 0.322997 1.0 0.21582 0.321705 1.0 0.212891 0.328165 1.0 0.209961 0.333333 1.0 0.216797 0.332041 1.0
0 0.199707 0.284238 0.014648 0.028424 0.196638 0.282946 1.0 0.205706 0.282946 1.0 0.201103 0.286822 1.0 0.197196 0.292544 1.0 0.204311 0.292727 1.0
0 0.136719 0.287468 0.015625 0.021964 0.134417 0.282669 1.0 0.141218 0.282669 1.0 0.137556 0.287652 1.0 0.136091 0.292774 1.0 0.140067 0.292774 1.0
0 0.077637 0.324289 0.018555 0.031008 0.070435 0.318597 1.0 0.075623 0.320212 1.0 0.069824 0.324652 1.0 0.07074 0.328891 1.0 0.074249 0.331315 1.0
0 0.02002 0.328165 0.014648 0.023256 0.015625 0.325581 1.0 0.022461 0.325581 1.0 0.019531 0.330749 1.0 0.016602 0.334625 1.0 0.022461 0.334625 1.0
0 0.076172 0.29522 0.015625 0.029716 0.072266 0.288114 1.0 0.078125 0.288114 1.0 0.075195 0.293282 1.0 0.072266 0.29845 1.0 0.078125 0.29845 1.0
0 0.017578 0.289406 0.019531 0.02584 0.016458 0.284099 1.0 0.024676 0.284099 1.0 0.02063 0.290121 1.0 0.01709 0.295306 1.0 0.023917 0.29514 1.0
0 0.068848 0.266796 0.016602 0.024548 0.06543 0.264858 1.0 0.074219 0.26615 1.0 0.069336 0.271318 1.0 0.06543 0.276486 1.0 0.072266 0.276486 1.0
0 0.172363 0.284884 0.016602 0.021964 0.168945 0.28553 1.0 0.173828 0.281654 1.0 0.173828 0.286822 1.0 0.172852 0.293282 1.0 0.176758 0.290698 1.0
0 0.248047 0.242248 0.017578 0.027132 0.246094 0.236434 1.0 0.253906 0.235142 1.0 0.25 0.241602 1.0 0.246094 0.248062 1.0 0.25293 0.248062 1.0
0 0.138184 0.135013 0.016602 0.0323 0.13269 0.133092 1.0 0.140917 0.132239 1.0 0.13511 0.138641 1.0 0.13511 0.145683 1.0 0.139143 0.145043 1.0
0 0.095215 0.134367 0.014648 0.02584 0.092451 0.131713 1.0 0.098898 0.13138 1.0 0.095611 0.137568 1.0 0.093209 0.14108 1.0 0.099278 0.140747 1.0
0 0.053223 0.209302 0.014648 0.028424 0.052037 0.207088 1.0 0.057896 0.207826 1.0 0.054269 0.213178 1.0 0.050502 0.217239 1.0 0.057338 0.218531 1.0
0 0.120117 0.093023 0.013672 0.02584 0.116071 0.091207 1.0 0.123404 0.090203 1.0 0.120243 0.094886 1.0 0.118727 0.100239 1.0 0.123531 0.099736 1.0
0 0.103027 0.091085 0.014648 0.01938 0.0 0.0 0.0 0.0 0.0 0.0 0.0 0.0 0.0 0.0 0.0 0.0 0.0 0.0 0.0
0 0.007812 0.091085 0.013672 0.027132 0.003602 0.088581 1.0 0.010899 0.088403 1.0 0.007521 0.09341 1.0 0.005493 0.098058 1.0 0.010224 0.097702 1.0
0 0.004395 0.168605 0.008789 0.029716 0.000977 0.166667 1.0 0.005859 0.166667 1.0 0.001953 0.173127 1.0 0.000977 0.178295 1.0 0.00293 0.178295 1.0
0 0.02002 0.204134 0.010742 0.02584 0.020939 0.200143 1.0 0.025238 0.201649 1.0 0.023974 0.207001 1.0 0.020055 0.209176 1.0 0.022836 0.210848 1.0
0 0.038086 0.130491 0.013672 0.023256 0.03411 0.12624 1.0 0.041739 0.12624 1.0 0.038252 0.130278 1.0 0.03629 0.135036 1.0 0.040867 0.13518 1.0
0 0.069336 0.093023 0.013672 0.02584 0.072266 0.090439 1.0 0.077148 0.089147 1.0 0.076172 0.095607 1.0 0.072266 0.100775 1.0 0.076172 0.100775 1.0
0 0.158203 0.065891 0.013672 0.02584 0.154571 0.061063 1.0 0.160388 0.060729 1.0 0.157479 0.065412 1.0 0.155962 0.071769 1.0 0.160388 0.071434 1.0
0 0.200684 0.074289 0.014648 0.024548 0.196289 0.071059 1.0 0.204102 0.071059 1.0 0.200195 0.074935 1.0 0.198242 0.078811 1.0 0.204102 0.078811 1.0
0 0.177246 0.173127 0.012695 0.020672 0.174037 0.167307 1.0 0.180455 0.16691 1.0 0.176243 0.172348 1.0 0.174739 0.17593 1.0 0.179051 0.17593 1.0
0 0.183594 0.204134 0.015625 0.02584 0.178192 0.200143 1.0 0.183755 0.200813 1.0 0.179836 0.204659 1.0 0.177687 0.208339 1.0 0.181353 0.209176 1.0
0 0.196289 0.142765 0.013672 0.024548 0.191311 0.139448 1.0 0.199785 0.140227 1.0 0.193782 0.14599 1.0 0.191546 0.149415 1.0 0.196607 0.150194 1.0
0 0.23291 0.167313 0.012695 0.024548 0.232056 0.16376 1.0 0.237305 0.165213 1.0 0.234253 0.169251 1.0 0.230713 0.17135 1.0 0.237427 0.174096 1.0
0 0.088867 0.020672 0.015625 0.023256 0.083008 0.015504 1.0 0.088867 0.014212 1.0 0.085938 0.020672 1.0 0.083984 0.02584 1.0 0.088867 0.02584 1.0
0 0.053711 0.013566 0.013672 0.01938 0.052734 0.00646 1.0 0.060547 0.005168 1.0 0.056641 0.010336 1.0 0.052734 0.015504 1.0 0.05957 0.015504 1.0
0 0.250488 0.0323 0.012695 0.023256 0.250977 0.029716 1.0 0.256836 0.029716 1.0 0.253906 0.033592 1.0 0.25 0.037468 1.0 0.255859 0.037468 1.0
0 0.259277 0.060724 0.012695 0.02584 0.257416 0.05807 1.0 0.263863 0.058572 1.0 0.26045 0.063256 1.0 0.258175 0.067103 1.0 0.262473 0.067103 1.0
0 0.285645 0.0323 0.014648 0.023256 0.28125 0.027132 1.0 0.285156 0.02584 1.0 0.28125 0.033592 1.0 0.283203 0.037468 1.0 0.285156 0.037468 1.0
0 0.299316 0.067183 0.012695 0.028424 0.295619 0.065891 1.0 0.303432 0.065337 1.0 0.299805 0.071244 1.0 0.298409 0.076412 1.0 0.303711 0.074935 1.0
0 0.288086 0.102713 0.015625 0.024548 0.28418 0.095607 1.0 0.293945 0.095607 1.0 0.289062 0.100775 1.0 0.285156 0.107235 1.0 0.291016 0.107235 1.0
0 0.240234 0.138243 0.013672 0.023256 0.235352 0.135659 1.0 0.243164 0.135659 1.0 0.239258 0.140827 1.0 0.237305 0.145995 1.0 0.243164 0.145995 1.0
0 0.295898 0.144057 0.017578 0.027132 0.293841 0.139408 1.0 0.299652 0.140302 1.0 0.296949 0.144593 1.0 0.294381 0.148169 1.0 0.298706 0.148527 1.0
0 0.294434 0.171189 0.014648 0.029716 0.291012 0.166049 1.0 0.297485 0.167762 1.0 0.292882 0.170807 1.0 0.290148 0.176708 1.0 0.296047 0.179373 1.0
0 0.640137 0.073643 0.014648 0.02584 0.636963 0.070252 1.0 0.640381 0.069767 1.0 0.633179 0.074128 1.0 0.634644 0.080749 1.0 0.638062 0.080749 1.0
0 0.671387 0.131783 0.012695 0.023256 0.668073 0.128333 1.0 0.673724 0.128178 1.0 0.670545 0.133318 1.0 0.667603 0.136276 1.0 0.674194 0.136276 1.0
0 0.696289 0.156977 0.013672 0.027132 0.699219 0.153747 1.0 0.704102 0.153747 1.0 0.703125 0.158915 1.0 0.699219 0.164083 1.0 0.702148 0.164083 1.0
0 0.670898 0.239018 0.017578 0.031008 0.668823 0.237057 1.0 0.675938 0.236469 1.0 0.672529 0.24196 1.0 0.668675 0.247451 1.0 0.674752 0.247451 1.0
0 0.716309 0.122093 0.016602 0.027132 0.711896 0.117814 1.0 0.718437 0.117468 1.0 0.714251 0.122831 1.0 0.711766 0.127504 1.0 0.717259 0.127158 1.0
0 0.695801 0.083979 0.014648 0.02584 0.691267 0.079988 1.0 0.698347 0.07982 1.0 0.694301 0.085341 1.0 0.693037 0.091195 1.0 0.697715 0.091027 1.0
0 0.681152 0.031654 0.016602 0.029716 0.676692 0.028459 1.0 0.683166 0.027888 1.0 0.680001 0.033978 1.0 0.678562 0.037786 1.0 0.682591 0.037214 1.0
0 0.660645 0.010982 0.014648 0.021964 0.65625 0.00646 1.0 0.663086 0.00646 1.0 0.660156 0.009044 1.0 0.65625 0.015504 1.0 0.663086 0.016796 1.0
0 0.708984 0.00969 0.015625 0.01938 0.704346 0.00037 1.0 0.711042 0.000231 1.0 0.70738 0.006875 1.0 0.705706 0.011581 1.0 0.710624 0.011167 1.0
0 0.726074 0.045866 0.016602 0.027132 0.72168 0.043928 1.0 0.727539 0.043928 1.0 0.724609 0.046512 1.0 0.723633 0.052972 1.0 0.727539 0.05168 1.0
0 0.740723 0.084625 0.012695 0.027132 0.73768 0.08173 1.0 0.744088 0.081037 1.0 0.740818 0.086056 1.0 0.738987 0.091247 1.0 0.743827 0.090901 1.0
0 0.737305 0.147287 0.017578 0.028424 0.731981 0.143596 1.0 0.739606 0.142264 1.0 0.73601 0.148735 1.0 0.733852 0.155776 1.0 0.73975 0.155016 1.0
0 0.719727 0.231912 0.017578 0.029716 0.715637 0.229698 1.0 0.723345 0.228717 1.0 0.71875 0.234992 1.0 0.716378 0.240876 1.0 0.722011 0.24068 1.0
0 0.697266 0.268734 0.017578 0.028424 0.692174 0.267072 1.0 0.700963 0.267257 1.0 0.69622 0.272425 1.0 0.693568 0.2787 1.0 0.698312 0.278332 1.0
0 0.743652 0.18863 0.014648 0.028424 0.738651 0.18566 1.0 0.745814 0.184766 1.0 0.74122 0.190667 1.0 0.740409 0.197282 1.0 0.74622 0.196388 1.0
0 0.706055 0.319121 0.017578 0.028424 0.702497 0.313769 1.0 0.709333 0.31543 1.0 0.705287 0.319676 1.0 0.700684 0.324474 1.0 0.70724 0.327243 1.0
0 0.740234 0.322997 0.017578 0.02584 0.735038 0.317114 1.0 0.738046 0.316941 1.0 0.73216 0.321959 1.0 0.734122 0.328881 1.0 0.737 0.328708 1.0
0 0.779297 0.271964 0.017578 0.029716 0.773438 0.267442 1.0 0.777344 0.267442 1.0 0.771484 0.27261 1.0 0.773438 0.27907 1.0 0.776367 0.27907 1.0
0 0.795898 0.229974 0.017578 0.028424 0.794922 0.225216 1.0 0.801273 0.228792 1.0 0.797489 0.233262 1.0 0.793436 0.235407 1.0 0.797625 0.237911 1.0
0 0.828125 0.213824 0.015625 0.027132 0.823242 0.209302 1.0 0.832031 0.209302 1.0 0.827148 0.21447 1.0 0.824219 0.22093 1.0 0.831055 0.22093 1.0
0 0.855469 0.189276 0.015625 0.024548 0.849365 0.184593 1.0 0.85437 0.185239 1.0 0.849976 0.188792 1.0 0.849243 0.194606 1.0 0.852661 0.195413 1.0
0 0.836426 0.152455 0.014648 0.028424 0.832559 0.148769 1.0 0.838505 0.149305 1.0 0.835667 0.155385 1.0 0.833505 0.159676 1.0 0.8381 0.159676 1.0
0 0.785645 0.145995 0.016602 0.028424 0.780967 0.142488 1.0 0.78813 0.143203 1.0 0.78367 0.148389 1.0 0.781372 0.151607 1.0 0.786913 0.151786 1.0
0 0.908691 0.148579 0.016602 0.033592 0.909816 0.146012 1.0 0.916591 0.148574 1.0 0.91272 0.154549 1.0 0.908364 0.156897 1.0 0.912397 0.158817 1.0
0 0.916992 0.184755 0.017578 0.033592 0.910549 0.18322 1.0 0.918666 0.183001 1.0 0.912868 0.189138 1.0 0.911046 0.19396 1.0 0.916679 0.19396 1.0
0 0.949219 0.148579 0.013672 0.02584 0.944937 0.147097 1.0 0.952776 0.146428 1.0 0.94873 0.151111 1.0 0.94519 0.154289 1.0 0.953535 0.153955 1.0
0 0.870605 0.040052 0.014648 0.02584 0.867065 0.036395 1.0 0.874146 0.035558 1.0 0.870479 0.041413 1.0 0.869341 0.046432 1.0 0.871996 0.046432 1.0
0 0.818848 0.037468 0.014648 0.02584 0.815343 0.034313 1.0 0.821664 0.034481 1.0 0.817871 0.038495 1.0 0.815849 0.044181 1.0 0.819641 0.044349 1.0
0 0.771484 0.040052 0.013672 0.02584 0.766602 0.037468 1.0 0.773438 0.036176 1.0 0.770508 0.041344 1.0 0.767578 0.046512 1.0 0.773438 0.04522 1.0
0 0.248047 0.209948 0.015625 0.029716 0.24292 0.208518 1.0 0.250924 0.208322 1.0 0.246773 0.213225 1.0 0.244402 0.218716 1.0 0.250628 0.218519 1.0
0 0.300293 0.21124 0.014648 0.024548 0.297315 0.208593 1.0 0.302612 0.208593 1.0 0.299081 0.214355 1.0 0.297786 0.217469 1.0 0.302494 0.217314 1.0
0 0.265625 0.290052 0.017578 0.027132 0.261832 0.284734 1.0 0.269287 0.283695 1.0 0.265625 0.290098 1.0 0.263532 0.296846 1.0 0.266541 0.297019 1.0
0 0.304688 0.277132 0.017578 0.0323 0.298863 0.275032 1.0 0.306554 0.27524 1.0 0.301061 0.280016 1.0 0.29902 0.285829 1.0 0.303886 0.286037 1.0
0 0.29834 0.250646 0.014648 0.028424 0.293178 0.249354 1.0 0.300153 0.24714 1.0 0.295968 0.25286 1.0 0.294853 0.258767 1.0 0.299596 0.257291 1.0
0 0.263184 0.325581 0.016602 0.028424 0.26048 0.325114 1.0 0.267509 0.323863 1.0 0.26413 0.329226 1.0 0.261427 0.336021 1.0 0.266833 0.335306 1.0
0 0.375977 0.327519 0.015625 0.029716 0.371486 0.322755 1.0 0.378305 0.32354 1.0 0.373116 0.329815 1.0 0.372228 0.33609 1.0 0.376525 0.33609 1.0
0 0.432129 0.312016 0.018555 0.0323 0.427699 0.307424 1.0 0.435704 0.308048 1.0 0.430839 0.314068 1.0 0.427229 0.320505 1.0 0.434135 0.321336 1.0
0 0.416992 0.275194 0.015625 0.031008 0.41394 0.276566 1.0 0.420463 0.272841 1.0 0.418535 0.279508 1.0 0.418239 0.285588 1.0 0.421944 0.283037 1.0
0 0.366699 0.277132 0.020508 0.029716 0.363046 0.274508 1.0 0.371822 0.274127 1.0 0.367506 0.278885 1.0 0.365491 0.284975 1.0 0.371534 0.285167 1.0
0 0.359863 0.204134 0.016602 0.028424 0.358747 0.199521 1.0 0.366002 0.200628 1.0 0.361956 0.205611 1.0 0.35791 0.209118 1.0 0.363351 0.21004 1.0
0 0.400879 0.206072 0.016602 0.029716 0.396131 0.204549 1.0 0.404764 0.203978 1.0 0.400447 0.208547 1.0 0.398721 0.214637 1.0 0.403037 0.214447 1.0
0 0.453613 0.239018 0.016602 0.031008 0.448242 0.23385 1.0 0.456055 0.229974 1.0 0.452148 0.236434 1.0 0.452148 0.245478 1.0 0.458008 0.244186 1.0
0 0.451172 0.213178 0.015625 0.028424 0.448242 0.20801 1.0 0.455078 0.20801 1.0 0.452148 0.211886 1.0 0.450195 0.217054 1.0 0.454102 0.215762 1.0
0 0.431152 0.174419 0.014648 0.023256 0.425781 0.171835 1.0 0.429688 0.171835 1.0 0.425781 0.178295 1.0 0.427734 0.180879 1.0 0.430664 0.180879 1.0
0 0.393066 0.170543 0.016602 0.028424 0.388672 0.167959 1.0 0.395508 0.167959 1.0 0.392578 0.173127 1.0 0.391602 0.178295 1.0 0.395508 0.178295 1.0
0 0.339844 0.168605 0.017578 0.029716 0.335471 0.165599 1.0 0.342664 0.164078 1.0 0.33878 0.169977 1.0 0.337485 0.176258 1.0 0.342377 0.175307 1.0
0 0.175293 0.026486 0.010742 0.024548 0.174805 0.020672 1.0 0.176758 0.018088 1.0 0.180664 0.023256 1.0 0.178711 0.031008 1.0 0.180664 0.029716 1.0
0 0.194336 0.024548 0.013672 0.023256 0.1875 0.023256 1.0 0.191406 0.024548 1.0 0.188477 0.027132 1.0 0.189453 0.0323 1.0 0.191406 0.031008 1.0
0 0.331055 0.127261 0.013672 0.029716 0.0 0.0 0.0 0.0 0.0 0.0 0.0 0.0 0.0 0.0 0.0 0.0 0.0 0.0 0.0
0 0.352051 0.093669 0.014648 0.024548 0.348633 0.094315 1.0 0.357422 0.093023 1.0 0.352539 0.098191 1.0 0.350586 0.103359 1.0 0.356445 0.100775 1.0
0 0.349121 0.063953 0.012695 0.021964 0.345703 0.063307 1.0 0.353516 0.063307 1.0 0.349609 0.065891 1.0 0.347656 0.071059 1.0 0.352539 0.071059 1.0
0 0.380371 0.021318 0.014648 0.021964 0.375977 0.018088 1.0 0.381836 0.018088 1.0 0.37793 0.021964 1.0 0.375977 0.028424 1.0 0.380859 0.028424 1.0
0 0.402344 0.091085 0.013672 0.021964 0.399414 0.091731 1.0 0.408203 0.089147 1.0 0.404297 0.095607 1.0 0.400391 0.100775 1.0 0.407227 0.099483 1.0
0 0.419434 0.135013 0.012695 0.024548 0.414673 0.134528 1.0 0.421021 0.134044 1.0 0.417847 0.138566 1.0 0.416748 0.143088 1.0 0.420166 0.142765 1.0
0 0.447754 0.089793 0.014648 0.024548 0.444336 0.086563 1.0 0.451172 0.086563 1.0 0.448242 0.090439 1.0 0.445312 0.094315 1.0 0.450195 0.094315 1.0
0 0.448242 0.049742 0.015625 0.024548 0.448242 0.047804 1.0 0.455078 0.049096 1.0 0.452148 0.052972 1.0 0.448242 0.055556 1.0 0.454102 0.05814 1.0
0 0.439941 0.017442 0.012695 0.024548 0.436523 0.018088 1.0 0.444336 0.016796 1.0 0.441406 0.020672 1.0 0.439453 0.028424 1.0 0.445312 0.027132 1.0
0 0.468262 0.120155 0.014648 0.028424 0.464233 0.113609 1.0 0.472002 0.113609 1.0 0.466967 0.118938 1.0 0.464953 0.125028 1.0 0.47042 0.124839 1.0
0 0.486328 0.158915 0.015625 0.028424 0.481864 0.153562 1.0 0.4887 0.153377 1.0 0.483538 0.158545 1.0 0.482841 0.164083 1.0 0.488142 0.163713 1.0
0 0.476562 0.017442 0.013672 0.024548 0.472656 0.018411 1.0 0.477905 0.017442 1.0 0.474976 0.023579 1.0 0.473999 0.027455 1.0 0.477173 0.026486 1.0
0 0.490234 0.042636 0.013672 0.031008 0.487305 0.042636 1.0 0.496094 0.041344 1.0 0.493164 0.046512 1.0 0.490234 0.052972 1.0 0.495117 0.05168 1.0
0 0.49707 0.197674 0.013672 0.023256 0.494463 0.190955 1.0 0.50129 0.191422 1.0 0.496347 0.195938 1.0 0.493757 0.201857 1.0 0.498348 0.202479 1.0
0 0.507812 0.241602 0.017578 0.023256 0.501953 0.236434 1.0 0.508789 0.235142 1.0 0.504883 0.24031 1.0 0.50293 0.248062 1.0 0.508789 0.248062 1.0
0 0.561523 0.27907 0.015625 0.031008 0.557329 0.277305 1.0 0.566223 0.276717 1.0 0.561332 0.282012 1.0 0.557329 0.287503 1.0 0.565482 0.287503 1.0
0 0.595215 0.319121 0.018555 0.02584 0.592931 0.314796 1.0 0.600124 0.313065 1.0 0.596984 0.321371 1.0 0.592931 0.326908 1.0 0.59947 0.326389 1.0
0 0.572266 0.240956 0.017578 0.027132 0.570021 0.236982 1.0 0.576913 0.238412 1.0 0.572048 0.243776 1.0 0.568939 0.246637 1.0 0.577048 0.248067 1.0
0 0.557129 0.198966 0.014648 0.02584 0.558663 0.194138 1.0 0.560939 0.194138 1.0 0.561951 0.198655 1.0 0.556894 0.203339 1.0 0.559802 0.203171 1.0
0 0.528809 0.127907 0.016602 0.02584 0.522758 0.12492 1.0 0.529205 0.123916 1.0 0.525033 0.128934 1.0 0.524654 0.136628 1.0 0.529458 0.135624 1.0
0 0.586426 0.155685 0.012695 0.027132 0.582049 0.154866 1.0 0.588065 0.154866 1.0 0.584795 0.160057 1.0 0.582703 0.164036 1.0 0.587149 0.163863 1.0
0 0.595215 0.193152 0.016602 0.0323 0.589844 0.189922 1.0 0.592773 0.189922 1.0 0.588867 0.196382 1.0 0.588867 0.20155 1.0 0.591797 0.200258 1.0
0 0.602051 0.240956 0.014648 0.024548 0.59668 0.236434 1.0 0.601562 0.236434 1.0 0.59668 0.242894 1.0 0.599609 0.24677 1.0 0.602539 0.244186 1.0
0 0.624023 0.26938 0.019531 0.024548 0.618164 0.262274 1.0 0.62793 0.262274 1.0 0.62207 0.267442 1.0 0.618164 0.273902 1.0 0.62793 0.273902 1.0
0 0.635742 0.157623 0.013672 0.023256 0.631479 0.152282 1.0 0.637939 0.152132 1.0 0.634539 0.159481 1.0 0.633745 0.164279 1.0 0.6376 0.163829 1.0
0 0.618652 0.124031 0.014648 0.020672 0.613281 0.121447 1.0 0.620117 0.121447 1.0 0.617188 0.125323 1.0 0.615234 0.129199 1.0 0.620117 0.129199 1.0
0 0.578613 0.123385 0.012695 0.027132 0.574201 0.121274 1.0 0.581918 0.120928 1.0 0.578256 0.125599 1.0 0.576425 0.131137 1.0 0.580871 0.130791 1.0
0 0.507812 0.091085 0.015625 0.029716 0.504591 0.088991 1.0 0.511641 0.088801 1.0 0.507756 0.093749 1.0 0.506749 0.098128 1.0 0.510921 0.097938 1.0
0 0.530273 0.050388 0.013672 0.028424 0.525391 0.047804 1.0 0.52832 0.049096 1.0 0.525391 0.055556 1.0 0.527344 0.060724 1.0 0.529297 0.059432 1.0
0 0.525879 0.012274 0.014648 0.024548 0.520778 0.007031 1.0 0.529401 0.006898 1.0 0.524989 0.011806 1.0 0.52158 0.014858 1.0 0.528699 0.014725 1.0
0 0.583008 0.043282 0.015625 0.027132 0.579119 0.038656 1.0 0.586574 0.03831 1.0 0.582389 0.044019 1.0 0.579773 0.049557 1.0 0.584874 0.049384 1.0
0 0.566895 0.012274 0.014648 0.024548 0.5625 0.01292 1.0 0.568359 0.011628 1.0 0.56543 0.016796 1.0 0.563477 0.020672 1.0 0.568359 0.020672 1.0
0 0.622559 0.040052 0.014648 0.023256 0.619141 0.036176 1.0 0.623047 0.034884 1.0 0.621094 0.040052 1.0 0.621094 0.046512 1.0 0.624023 0.043928 1.0
0 0.600098 0.100129 0.014648 0.01938 0.595703 0.098191 1.0 0.602539 0.098191 1.0 0.598633 0.103359 1.0 0.595703 0.107235 1.0 0.602539 0.107235 1.0
0 0.545898 0.090439 0.013672 0.023256 0.541216 0.08834 1.0 0.547224 0.08819 1.0 0.543257 0.091789 1.0 0.541443 0.097037 1.0 0.545977 0.096888 1.0