0 0.34668 0.272358 0.033203 0.062331 0.336696 0.268764 1.0 0.352234 0.267966 1.0 0.34389 0.277947 1.0 0.336983 0.286331 1.0 0.353097 0.286331 1.0
0 0.253418 0.27981 0.038086 0.066396 0.243957 0.27278 1.0 0.261658 0.273629 1.0 0.254334 0.290989 1.0 0.24823 0.298187 1.0 0.261658 0.298611 1.0
0 0.149414 0.262873 0.037109 0.062331 0.143825 0.255511 1.0 0.157427 0.257477 1.0 0.150909 0.267699 1.0 0.141274 0.274385 1.0 0.157427 0.27753 1.0
0 0.325684 0.525068 0.040039 0.066396 0.315382 0.517554 1.0 0.335536 0.52006 1.0 0.324406 0.534668 1.0 0.315382 0.543434 1.0 0.330724 0.543851 1.0
0 0.220215 0.508808 0.043945 0.071816 0.209917 0.495657 1.0 0.231171 0.495203 1.0 0.221361 0.512443 1.0 0.209591 0.52197 1.0 0.231824 0.52197 1.0
0 0.097656 0.51355 0.050781 0.078591 0.084786 0.506606 1.0 0.107666 0.50363 1.0 0.097656 0.523967 1.0 0.086574 0.531904 1.0 0.108738 0.530911 1.0
0 0.833984 0.26897 0.035156 0.066396 0.825988 0.259908 1.0 0.843994 0.260332 1.0 0.832703 0.276 1.0 0.824158 0.284045 1.0 0.840332 0.286163 1.0
0 0.727051 0.22832 0.038086 0.071816 0.714809 0.223504 1.0 0.734026 0.223504 1.0 0.722761 0.234079 1.0 0.715472 0.244653 1.0 0.733032 0.245572 1.0
0 0.629395 0.266938 0.036133 0.065041 0.617345 0.262824 1.0 0.636317 0.259944 1.0 0.626534 0.271874 1.0 0.621198 0.282157 1.0 0.636021 0.280923 1.0
0 0.523438 0.245935 0.035156 0.060976 0.516811 0.237901 1.0 0.532436 0.239064 1.0 0.524345 0.253 1.0 0.516532 0.262291 1.0 0.532436 0.262291 1.0
0 0.424316 0.28252 0.03418 0.058266 0.413827 0.275322 1.0 0.430315 0.272696 1.0 0.422747 0.288449 1.0 0.418963 0.299325 1.0 0.432207 0.298199 1.0
0 0.428711 0.497967 0.037109 0.071816 0.420048 0.486625 1.0 0.43934 0.487533 1.0 0.429857 0.501144 1.0 0.419722 0.511579 1.0 0.438032 0.514301 1.0
0 0.527832 0.501355 0.041992 0.075881 0.515276 0.492741 1.0 0.53411 0.490805 1.0 0.524345 0.509679 1.0 0.517369 0.517421 1.0 0.535505 0.516938 1.0
0 0.63916 0.527778 0.041992 0.074526 0.628195 0.521087 1.0 0.648516 0.522522 1.0 0.637839 0.533512 1.0 0.629229 0.548327 1.0 0.644728 0.548805 1.0
0 0.769531 0.558943 0.044922 0.071816 0.757752 0.551103 1.0 0.778398 0.54976 1.0 0.766462 0.570352 1.0 0.75872 0.577514 1.0 0.778722 0.577514 1.0
0 0.895508 0.5271 0.052734 0.086721 0.879229 0.516211 1.0 0.90081 0.513489 1.0 0.887469 0.533633 1.0 0.88276 0.546699 1.0 0.903948 0.544522 1.0