0 0.120117 0.289714 0.027344 0.053385 0.112671 0.283111 1.0 0.128326 0.28543 1.0 0.117641 0.29073 1.0 0.113913 0.299345 1.0 0.122114 0.30034 1.0
0 0.006836 0.621094 0.011719 0.028646 0.000907 0.618117 1.0 0.008998 0.616815 1.0 0.006487 0.622396 1.0 0.002441 0.62965 1.0 0.007882 0.628348 1.0
0 0.070801 0.626302 0.014648 0.028646 0.072266 0.622396 1.0 0.076172 0.622396 1.0 0.076172 0.627604 1.0 0.073242 0.632812 1.0 0.076172 0.632812 1.0
0 0.182129 0.568359 0.018555 0.027344 0.178798 0.563174 1.0 0.187038 0.564918 1.0 0.182853 0.569452 1.0 0.179452 0.575207 1.0 0.184553 0.575905 1.0
0 0.223633 0.565104 0.015625 0.026042 0.219622 0.56007 1.0 0.226449 0.560913 1.0 0.22215 0.566307 1.0 0.219875 0.572039 1.0 0.225312 0.57187 1.0
0 0.28125 0.546875 0.017578 0.023438 0.279297 0.541667 1.0 0.287109 0.542969 1.0 0.283203 0.548177 1.0 0.28125 0.554688 1.0 0.286133 0.554688 1.0
0 0.339844 0.544922 0.015625 0.027344 0.335654 0.541638 1.0 0.344845 0.541818 1.0 0.339844 0.546503 1.0 0.337276 0.55281 1.0 0.342682 0.55281 1.0
0 0.402832 0.509766 0.018555 0.027344 0.397461 0.505208 1.0 0.407227 0.503906 1.0 0.401367 0.509115 1.0 0.399414 0.515625 1.0 0.40625 0.514323 1.0
0 0.499023 0.175781 0.03125 0.049479 0.49255 0.165539 1.0 0.507655 0.166499 1.0 0.499743 0.17577 1.0 0.493748 0.187599 1.0 0.504778 0.188557 1.0
0 0.625488 0.604167 0.016602 0.026042 0.622925 0.598633 1.0 0.629517 0.598958 1.0 0.627197 0.603353 1.0 0.624023 0.609212 1.0 0.628662 0.609375 1.0
0 0.672363 0.636719 0.016602 0.03125 0.667145 0.630982 1.0 0.675689 0.630574 1.0 0.672333 0.638306 1.0 0.669738 0.644816 1.0 0.674316 0.644409 1.0
0 0.762207 0.359375 0.038086 0.059896 0.7692 0.3494 1.0 0.77553 0.347482 1.0 0.780422 0.359375 1.0 0.768624 0.373186 1.0 0.774667 0.370884 1.0
0 0.862305 0.295573 0.033203 0.052083 0.853864 0.288626 1.0 0.86952 0.288296 1.0 0.860325 0.297904 1.0 0.856598 0.307844 1.0 0.86778 0.307181 1.0
0 0.931641 0.51237 0.019531 0.035156 0.926671 0.505534 1.0 0.936942 0.505312 1.0 0.930646 0.511277 1.0 0.927499 0.519229 1.0 0.935616 0.519008 1.0
0 0.82666 0.629557 0.012695 0.022135 0.822196 0.626076 1.0 0.829716 0.625639 1.0 0.826556 0.63247 1.0 0.823612 0.63712 1.0 0.82928 0.636829 1.0