0 0.125488 0.475912 0.016602 0.037956 0.123047 0.470073 1.0 0.130859 0.470073 1.0 0.12793 0.477372 1.0 0.123047 0.484672 1.0 0.129883 0.483212 1.0
0 0.259277 0.308029 0.032227 0.061314 0.263497 0.306961 1.0 0.273438 0.306569 1.0 0.269775 0.320255 1.0 0.257743 0.327293 1.0 0.266375 0.329641 1.0
0 0.28418 0.461314 0.015625 0.032117 0.28125 0.459854 1.0 0.288086 0.461314 1.0 0.285156 0.465693 1.0 0.282227 0.472993 1.0 0.287109 0.471533 1.0
0 0.36084 0.448905 0.012695 0.030657 0.358878 0.445438 1.0 0.365418 0.445829 1.0 0.361756 0.452867 1.0 0.358354 0.457755 1.0 0.364633 0.458342 1.0
0 0.466797 0.457664 0.017578 0.030657 0.461766 0.453219 1.0 0.468306 0.453219 1.0 0.46412 0.461235 1.0 0.462289 0.464755 1.0 0.468437 0.464755 1.0
0 0.552734 0.436496 0.011719 0.029197 0.550781 0.432117 1.0 0.556641 0.435036 1.0 0.552734 0.437956 1.0 0.548828 0.442336 1.0 0.554688 0.443796 1.0
0 0.624023 0.436496 0.011719 0.029197 0.619507 0.434254 1.0 0.626587 0.434066 1.0 0.622288 0.441058 1.0 0.620266 0.447295 1.0 0.625449 0.447295 1.0
0 0.632324 0.481752 0.016602 0.032117 0.62786 0.480709 1.0 0.636649 0.479874 1.0 0.631348 0.489469 1.0 0.629813 0.494057 1.0 0.635673 0.492804 1.0
0 0.687012 0.265693 0.020508 0.037956 0.679104 0.258212 1.0 0.687976 0.257006 1.0 0.683459 0.270028 1.0 0.682813 0.275574 1.0 0.689911 0.274609 1.0
0 0.782715 0.446715 0.018555 0.029197 0.778687 0.445419 1.0 0.785008 0.442772 1.0 0.781721 0.449765 1.0 0.781342 0.455813 1.0 0.786904 0.453168 1.0
0 0.745117 0.470803 0.015625 0.039416 0.738499 0.466606 1.0 0.746782 0.469082 1.0 0.741481 0.476264 1.0 0.737671 0.480969 1.0 0.741646 0.481218 1.0
0 0.850098 0.386861 0.010742 0.026277 0.845372 0.383667 1.0 0.850669 0.38402 1.0 0.848079 0.387891 1.0 0.845489 0.393346 1.0 0.850551 0.393521 1.0
0 0.943848 0.278832 0.010742 0.020438 0.941441 0.275286 1.0 0.946149 0.275677 1.0 0.943534 0.280109 1.0 0.942139 0.283889 1.0 0.945016 0.28415 1.0
0 0.001465 0.449635 0.00293 0.035036 0.0 0.0 0.0 0.0 0.0 0.0 0.0 0.0 0.0 0.0 0.0 0.0 0.0 0.0 0.0