0 0.107422 0.497738 0.044922 0.253394 0.09419 0.460367 1.0 0.115889 0.460367 1.0 0.104522 0.524199 1.0 0.095912 0.548136 1.0 0.115889 0.549733 1.0
0 0.01123 0.414027 0.022461 0.167421 0.002812 0.399041 1.0 0.015289 0.395828 1.0 0.009281 0.434371 1.0 0.003505 0.463276 1.0 0.01344 0.464348 1.0
0 0.171875 0.355204 0.021484 0.158371 0.167079 0.33981 1.0 0.177106 0.343851 1.0 0.172311 0.374154 1.0 0.168823 0.391321 1.0 0.173837 0.393344 1.0
0 0.217773 0.411765 0.017578 0.108597 0.215105 0.401059 1.0 0.223999 0.401059 1.0 0.219849 0.423036 1.0 0.217625 0.436086 1.0 0.222813 0.436086 1.0
0 0.260742 0.386878 0.017578 0.104072 0.0 0.0 0.0 0.0 0.0 0.0 0.0 0.0 0.0 0.0 0.0 0.0 0.0 0.0 0.0
0 0.318848 0.527149 0.026367 0.176471 0.31693 0.501597 1.0 0.327959 0.499376 1.0 0.322924 0.544928 1.0 0.315971 0.569367 1.0 0.325802 0.57048 1.0
0 0.296875 0.309955 0.013672 0.095023 0.298515 0.304054 1.0 0.299953 0.304661 1.0 0.300477 0.333145 1.0 0.294198 0.328299 1.0 0.295375 0.332538 1.0
0 0.142578 0.285068 0.013672 0.081448 0.0 0.0 0.0 0.0 0.0 0.0 0.0 0.0 0.0 0.0 0.0 0.0 0.0 0.0 0.0
0 0.192383 0.278281 0.009766 0.076923 0.19015 0.271231 1.0 0.191459 0.271738 1.0 0.189715 0.288905 1.0 0.190914 0.298502 1.0 0.191785 0.298502 1.0
0 0.200684 0.192308 0.012695 0.076923 0.0 0.0 0.0 0.0 0.0 0.0 0.0 0.0 0.0 0.0 0.0 0.0 0.0 0.0 0.0
0 0.240723 0.300905 0.012695 0.067873 0.0 0.0 0.0 0.0 0.0 0.0 0.0 0.0 0.0 0.0 0.0 0.0 0.0 0.0 0.0
0 0.255371 0.223982 0.012695 0.076923 0.0 0.0 0.0 0.0 0.0 0.0 0.0 0.0 0.0 0.0 0.0 0.0 0.0 0.0 0.0
0 0.269043 0.21267 0.008789 0.063348 0.0 0.0 0.0 0.0 0.0 0.0 0.0 0.0 0.0 0.0 0.0 0.0 0.0 0.0 0.0
0 0.313965 0.260181 0.012695 0.095023 0.0 0.0 0.0 0.0 0.0 0.0 0.0 0.0 0.0 0.0 0.0 0.0 0.0 0.0 0.0
0 0.249023 0.886878 0.056641 0.226244 0.256627 0.916045 1.0 0.273071 0.897828 1.0 0.273071 0.954145 1.0 0.260559 0.997213 1.0 0.273071 0.987276 1.0
0 0.383301 0.622172 0.032227 0.19457 0.375854 0.624638 1.0 0.391545 0.618475 1.0 0.385429 0.680086 1.0 0.378514 0.682552 1.0 0.391545 0.67762 1.0
0 0.442871 0.538462 0.026367 0.162896 0.439767 0.520805 1.0 0.451974 0.524846 1.0 0.446742 0.560199 1.0 0.438459 0.577367 1.0 0.450666 0.579389 1.0
0 0.39502 0.19457 0.012695 0.063348 0.0 0.0 0.0 0.0 0.0 0.0 0.0 0.0 0.0 0.0 0.0 0.0 0.0 0.0 0.0
0 0.429688 0.233032 0.011719 0.076923 0.0 0.0 0.0 0.0 0.0 0.0 0.0 0.0 0.0 0.0 0.0 0.0 0.0 0.0 0.0
0 0.40332 0.31448 0.017578 0.104072 0.0 0.0 0.0 0.0 0.0 0.0 0.0 0.0 0.0 0.0 0.0 0.0 0.0 0.0 0.0
0 0.459473 0.294118 0.016602 0.099548 0.0 0.0 0.0 0.0 0.0 0.0 0.0 0.0 0.0 0.0 0.0 0.0 0.0 0.0 0.0
0 0.469727 0.373303 0.013672 0.095023 0.0 0.0 0.0 0.0 0.0 0.0 0.0 0.0 0.0 0.0 0.0 0.0 0.0 0.0 0.0
0 0.476074 0.280543 0.016602 0.099548 0.469796 0.270199 1.0 0.475377 0.266968 1.0 0.47161 0.290887 1.0 0.47454 0.306398 1.0 0.475655 0.305751 1.0
0 0.500977 0.522624 0.03125 0.176471 0.0 0.0 0.0 0.0 0.0 0.0 0.0 0.0 0.0 0.0 0.0 0.0 0.0 0.0 0.0
0 0.555664 0.816742 0.048828 0.285068 0.547416 0.793267 1.0 0.567287 0.80543 1.0 0.557164 0.857548 1.0 0.547791 0.894027 1.0 0.563163 0.894027 1.0
0 0.593262 0.393665 0.016602 0.117647 0.0 0.0 0.0 0.0 0.0 0.0 0.0 0.0 0.0 0.0 0.0 0.0 0.0 0.0 0.0
0 0.566895 0.339367 0.012695 0.081448 0.0 0.0 0.0 0.0 0.0 0.0 0.0 0.0 0.0 0.0 0.0 0.0 0.0 0.0 0.0
0 0.604492 0.382353 0.017578 0.113122 0.0 0.0 0.0 0.0 0.0 0.0 0.0 0.0 0.0 0.0 0.0 0.0 0.0 0.0 0.0
0 0.672852 0.319005 0.015625 0.104072 0.0 0.0 0.0 0.0 0.0 0.0 0.0 0.0 0.0 0.0 0.0 0.0 0.0 0.0 0.0
0 0.781738 0.332579 0.024414 0.131222 0.775709 0.319774 1.0 0.783932 0.312317 1.0 0.778568 0.347104 1.0 0.779284 0.368638 1.0 0.785897 0.36367 1.0
0 0.731445 0.633484 0.058594 0.361991 0.0 0.0 0.0 0.0 0.0 0.0 0.0 0.0 0.0 0.0 0.0 0.0 0.0 0.0 0.0
0 0.814453 0.495475 0.011719 0.113122 0.0 0.0 0.0 0.0 0.0 0.0 0.0 0.0 0.0 0.0 0.0 0.0 0.0 0.0 0.0
0 0.845703 0.522624 0.013672 0.113122 0.0 0.0 0.0 0.0 0.0 0.0 0.0 0.0 0.0 0.0 0.0 0.0 0.0 0.0 0.0
0 0.866211 0.334842 0.011719 0.135747 0.0 0.0 0.0 0.0 0.0 0.0 0.0 0.0 0.0 0.0 0.0 0.0 0.0 0.0 0.0
0 0.645508 0.278281 0.017578 0.095023 0.0 0.0 0.0 0.0 0.0 0.0 0.0 0.0 0.0 0.0 0.0 0.0 0.0 0.0 0.0