0 0.007324 0.386719 0.014648 0.070312 0.00293 0.376302 1.0 0.006836 0.376302 1.0 0.00293 0.385417 1.0 0.00293 0.397135 1.0 0.005859 0.397135 1.0
0 0.151855 0.64388 0.022461 0.032552 0.152344 0.638021 1.0 0.161133 0.638021 1.0 0.158203 0.647135 1.0 0.154297 0.653646 1.0 0.161133 0.653646 1.0
0 0.23584 0.645182 0.022461 0.03776 0.227539 0.643229 1.0 0.231445 0.643229 1.0 0.226562 0.64974 1.0 0.227539 0.657552 1.0 0.230469 0.657552 1.0
0 0.382324 0.457682 0.036133 0.076823 0.38916 0.451172 1.0 0.390991 0.450684 1.0 0.399414 0.462891 1.0 0.388794 0.479492 1.0 0.390259 0.480469 1.0
0 0.462891 0.351562 0.041016 0.049479 0.450666 0.345378 1.0 0.468977 0.348168 1.0 0.457206 0.360724 1.0 0.449358 0.362467 1.0 0.465053 0.367699 1.0
0 0.521973 0.667969 0.020508 0.03125 0.518119 0.662319 1.0 0.527309 0.663109 1.0 0.522565 0.669038 1.0 0.519156 0.676352 1.0 0.525826 0.676944 1.0
0 0.774414 0.692057 0.021484 0.032552 0.766863 0.686802 1.0 0.777692 0.687849 1.0 0.771415 0.695591 1.0 0.768119 0.703125 1.0 0.773612 0.702707 1.0
0 0.703613 0.705729 0.014648 0.033854 0.0 0.0 0.0 0.0 0.0 0.0 0.0 0.0 0.0 0.0 0.0 0.0 0.0 0.0 0.0
0 0.958984 0.417318 0.044922 0.06901 0.959961 0.40625 1.0 0.975586 0.404948 1.0 0.976562 0.419271 1.0 0.969727 0.4375 1.0 0.978516 0.436198 1.0
0 0.830078 0.682943 0.027344 0.035156 0.821289 0.675781 1.0 0.833008 0.675781 1.0 0.824219 0.683594 1.0 0.822266 0.690104 1.0 0.828125 0.690104 1.0
0 0.908691 0.76888 0.022461 0.035156 0.903591 0.761457 1.0 0.913792 0.762591 1.0 0.908182 0.770753 1.0 0.903591 0.7805 1.0 0.912772 0.7805 1.0