0 0.525391 0.423125 0.095703 0.16625 0.502772 0.420401 1.0 0.554408 0.419353 1.0 0.529 0.464464 1.0 0.50769 0.471808 1.0 0.541295 0.471808 1.0
0 0.4375 0.50375 0.091797 0.1575 0.454477 0.476456 1.0 0.463736 0.486334 1.0 0.464508 0.525842 1.0 0.4375 0.536708 1.0 0.44213 0.541646 1.0
0 0.418457 0.275625 0.102539 0.17375 0.431083 0.254788 1.0 0.443835 0.263494 1.0 0.442135 0.304844 1.0 0.403878 0.320078 1.0 0.41578 0.325519 1.0
0 0.25293 0.2825 0.109375 0.1325 0.0 0.0 0.0 0.0 0.0 0.0 0.0 0.0 0.0 0.0 0.0 0.0 0.0 0.0 0.0
0 0.173828 0.29125 0.087891 0.145 0.181867 0.270614 1.0 0.19679 0.273342 1.0 0.198922 0.309726 1.0 0.163391 0.331557 1.0 0.175472 0.334286 1.0
0 0.891602 0.280625 0.101562 0.15375 0.882865 0.248326 1.0 0.927106 0.243526 1.0 0.914359 0.263682 1.0 0.891863 0.311674 1.0 0.924857 0.306875 1.0
0 0.676758 0.3625 0.074219 0.17 0.658783 0.341624 1.0 0.665444 0.341624 1.0 0.66711 0.38106 1.0 0.692091 0.40664 1.0 0.696254 0.40664 1.0
0 0.146484 0.098125 0.023438 0.03875 0.0 0.0 0.0 0.0 0.0 0.0 0.0 0.0 0.0 0.0 0.0 0.0 0.0 0.0 0.0
0 0.178711 0.10625 0.017578 0.0375 0.0 0.0 0.0 0.0 0.0 0.0 0.0 0.0 0.0 0.0 0.0 0.0 0.0 0.0 0.0
0 0.067383 0.113125 0.019531 0.03375 0.0 0.0 0.0 0.0 0.0 0.0 0.0 0.0 0.0 0.0 0.0 0.0 0.0 0.0 0.0
0 0.02002 0.09125 0.014648 0.04 0.019331 0.085892 1.0 0.024745 0.087432 1.0 0.02635 0.092824 1.0 0.021136 0.099755 1.0 0.024345 0.100781 1.0
0 0.334473 0.118125 0.020508 0.03625 0.0 0.0 0.0 0.0 0.0 0.0 0.0 0.0 0.0 0.0 0.0 0.0 0.0 0.0 0.0
0 0.491211 0.24875 0.025391 0.035 0.48849 0.244732 1.0 0.497035 0.2425 1.0 0.495466 0.250759 1.0 0.491106 0.257009 1.0 0.5 0.254554 1.0
0 0.475098 0.21125 0.016602 0.035 0.472517 0.206116 1.0 0.481062 0.20567 1.0 0.476527 0.214375 1.0 0.473389 0.220849 1.0 0.478969 0.220849 1.0
0 0.516602 0.185625 0.019531 0.03625 0.0 0.0 0.0 0.0 0.0 0.0 0.0 0.0 0.0 0.0 0.0 0.0 0.0 0.0 0.0
0 0.541992 0.22 0.019531 0.035 0.540074 0.215982 1.0 0.549491 0.216429 1.0 0.545306 0.224018 1.0 0.541295 0.229375 1.0 0.548096 0.230267 1.0
0 0.559082 0.26625 0.020508 0.035 0.0 0.0 0.0 0.0 0.0 0.0 0.0 0.0 0.0 0.0 0.0 0.0 0.0 0.0 0.0
0 0.590332 0.261875 0.018555 0.03375 0.585545 0.256373 1.0 0.593 0.253616 1.0 0.592338 0.260401 1.0 0.588858 0.267611 1.0 0.594988 0.266975 1.0
0 0.596191 0.384375 0.020508 0.03375 0.593005 0.380675 1.0 0.600315 0.380458 1.0 0.598785 0.384592 1.0 0.596405 0.391339 1.0 0.602016 0.391121 1.0
0 0.600098 0.226875 0.020508 0.03125 0.0 0.0 0.0 0.0 0.0 0.0 0.0 0.0 0.0 0.0 0.0 0.0 0.0 0.0 0.0
0 0.62207 0.1875 0.019531 0.0325 0.0 0.0 0.0 0.0 0.0 0.0 0.0 0.0 0.0 0.0 0.0 0.0 0.0 0.0 0.0
0 0.577637 0.164375 0.020508 0.03375 0.0 0.0 0.0 0.0 0.0 0.0 0.0 0.0 0.0 0.0 0.0 0.0 0.0 0.0 0.0
0 0.630371 0.129375 0.016602 0.03375 0.626674 0.125675 1.0 0.635176 0.126764 1.0 0.631435 0.13264 1.0 0.626334 0.137427 1.0 0.633646 0.13721 1.0
0 0.592285 0.124375 0.018555 0.03375 0.593136 0.118281 1.0 0.600446 0.118499 1.0 0.598916 0.125464 1.0 0.595346 0.131121 1.0 0.600786 0.130686 1.0
0 0.513672 0.13125 0.019531 0.0375 0.507812 0.122634 1.0 0.519706 0.120424 1.0 0.516253 0.131227 1.0 0.510498 0.142031 1.0 0.521432 0.138594 1.0
0 0.46582 0.12 0.019531 0.035 0.0 0.0 0.0 0.0 0.0 0.0 0.0 0.0 0.0 0.0 0.0 0.0 0.0 0.0 0.0
0 0.831543 0.158125 0.022461 0.04125 0.0 0.0 0.0 0.0 0.0 0.0 0.0 0.0 0.0 0.0 0.0 0.0 0.0 0.0 0.0
0 0.75293 0.129375 0.019531 0.03375 0.0 0.0 0.0 0.0 0.0 0.0 0.0 0.0 0.0 0.0 0.0 0.0 0.0 0.0 0.0
0 0.68457 0.14125 0.019531 0.0325 0.0 0.0 0.0 0.0 0.0 0.0 0.0 0.0 0.0 0.0 0.0 0.0 0.0 0.0 0.0
0 0.952148 0.085625 0.017578 0.02875 0.0 0.0 0.0 0.0 0.0 0.0 0.0 0.0 0.0 0.0 0.0 0.0 0.0 0.0 0.0
0 0.962402 0.04375 0.018555 0.0325 0.0 0.0 0.0 0.0 0.0 0.0 0.0 0.0 0.0 0.0 0.0 0.0 0.0 0.0 0.0
0 0.837891 0.033125 0.017578 0.02875 0.0 0.0 0.0 0.0 0.0 0.0 0.0 0.0 0.0 0.0 0.0 0.0 0.0 0.0 0.0
0 0.912109 0.083125 0.017578 0.03125 0.0 0.0 0.0 0.0 0.0 0.0 0.0 0.0 0.0 0.0 0.0 0.0 0.0 0.0 0.0
0 0.621582 0.34375 0.020508 0.04 0.619777 0.339676 1.0 0.627799 0.341986 1.0 0.623187 0.34789 1.0 0.619376 0.353795 1.0 0.62459 0.354821 1.0
0 0.675781 0.410625 0.029297 0.04875 0.0 0.0 0.0 0.0 0.0 0.0 0.0 0.0 0.0 0.0 0.0 0.0 0.0 0.0 0.0