0 0.178223 0.419094 0.020508 0.048544 0.179348 0.417353 1.0 0.184784 0.418906 1.0 0.181597 0.426672 1.0 0.17766 0.433194 1.0 0.182722 0.435058 1.0
0 0.204102 0.398867 0.017578 0.043689 0.202955 0.39415 1.0 0.210096 0.395558 1.0 0.207886 0.403165 1.0 0.203976 0.413026 1.0 0.208906 0.413589 1.0
0 0.212402 0.436893 0.020508 0.038835 0.0 0.0 0.0 0.0 0.0 0.0 0.0 0.0 0.0 0.0 0.0 0.0 0.0 0.0 0.0
0 0.303223 0.470065 0.020508 0.050162 0.0 0.0 0.0 0.0 0.0 0.0 0.0 0.0 0.0 0.0 0.0 0.0 0.0 0.0 0.0
0 0.477051 0.5089 0.018555 0.050162 0.474505 0.504998 1.0 0.482744 0.503374 1.0 0.480194 0.511175 1.0 0.477251 0.521252 1.0 0.482156 0.519303 1.0
0 0.384277 0.504854 0.016602 0.048544 0.0 0.0 0.0 0.0 0.0 0.0 0.0 0.0 0.0 0.0 0.0 0.0 0.0 0.0 0.0
0 0.338867 0.518608 0.019531 0.037217 0.33694 0.517799 1.0 0.348354 0.515097 1.0 0.344944 0.531799 1.0 0.337089 0.537448 1.0 0.34865 0.536712 1.0
0 0.234375 0.456311 0.021484 0.048544 0.0 0.0 0.0 0.0 0.0 0.0 0.0 0.0 0.0 0.0 0.0 0.0 0.0 0.0 0.0
0 0.399414 0.484628 0.015625 0.037217 0.0 0.0 0.0 0.0 0.0 0.0 0.0 0.0 0.0 0.0 0.0 0.0 0.0 0.0 0.0
0 0.460449 0.470065 0.012695 0.030744 0.0 0.0 0.0 0.0 0.0 0.0 0.0 0.0 0.0 0.0 0.0 0.0 0.0 0.0 0.0
0 0.469238 0.453883 0.010742 0.033981 0.0 0.0 0.0 0.0 0.0 0.0 0.0 0.0 0.0 0.0 0.0 0.0 0.0 0.0 0.0
0 0.480957 0.449838 0.010742 0.038835 0.0 0.0 0.0 0.0 0.0 0.0 0.0 0.0 0.0 0.0 0.0 0.0 0.0 0.0 0.0
0 0.506836 0.498382 0.011719 0.035599 0.0 0.0 0.0 0.0 0.0 0.0 0.0 0.0 0.0 0.0 0.0 0.0 0.0 0.0 0.0
0 0.53125 0.4911 0.019531 0.050162 0.526737 0.491426 1.0 0.53537 0.4911 1.0 0.529877 0.499552 1.0 0.528896 0.507029 1.0 0.533016 0.506379 1.0
0 0.553711 0.498382 0.015625 0.045307 0.550921 0.492892 1.0 0.56086 0.495204 1.0 0.557024 0.500115 1.0 0.551444 0.50994 1.0 0.560338 0.51254 1.0
0 0.577148 0.496764 0.023438 0.05178 0.0 0.0 0.0 0.0 0.0 0.0 0.0 0.0 0.0 0.0 0.0 0.0 0.0 0.0 0.0
0 0.345703 0.486246 0.019531 0.040453 0.0 0.0 0.0 0.0 0.0 0.0 0.0 0.0 0.0 0.0 0.0 0.0 0.0 0.0 0.0
0 0.331543 0.445793 0.014648 0.027508 0.0 0.0 0.0 0.0 0.0 0.0 0.0 0.0 0.0 0.0 0.0 0.0 0.0 0.0 0.0
0 0.381348 0.444984 0.012695 0.032362 0.378174 0.441545 1.0 0.384033 0.442759 1.0 0.380615 0.446602 1.0 0.37915 0.449231 1.0 0.381958 0.450647 1.0
0 0.513184 0.453883 0.018555 0.037217 0.0 0.0 0.0 0.0 0.0 0.0 0.0 0.0 0.0 0.0 0.0 0.0 0.0 0.0 0.0
0 0.601074 0.5 0.018555 0.045307 0.597308 0.497515 1.0 0.606201 0.499537 1.0 0.60219 0.50705 1.0 0.597831 0.513696 1.0 0.605155 0.51543 1.0
0 0.624023 0.503236 0.015625 0.035599 0.620814 0.502312 1.0 0.628767 0.502773 1.0 0.624442 0.508322 1.0 0.623047 0.513408 1.0 0.625419 0.513176 1.0
0 0.641602 0.462783 0.019531 0.035599 0.637734 0.459735 1.0 0.646249 0.459063 1.0 0.642194 0.467348 1.0 0.639086 0.473843 1.0 0.645573 0.472947 1.0
0 0.604004 0.45712 0.016602 0.033981 0.0 0.0 0.0 0.0 0.0 0.0 0.0 0.0 0.0 0.0 0.0 0.0 0.0 0.0 0.0
0 0.665039 0.523463 0.013672 0.040453 0.0 0.0 0.0 0.0 0.0 0.0 0.0 0.0 0.0 0.0 0.0 0.0 0.0 0.0 0.0
0 0.729492 0.522654 0.019531 0.042071 0.726746 0.514361 1.0 0.736908 0.517568 1.0 0.73223 0.522379 1.0 0.724648 0.529862 1.0 0.733359 0.532803 1.0
0 0.75293 0.515372 0.019531 0.040453 0.752319 0.509456 1.0 0.756744 0.510214 1.0 0.75354 0.51704 1.0 0.752014 0.52235 1.0 0.755981 0.523108 1.0
0 0.779297 0.530744 0.017578 0.045307 0.777588 0.529877 1.0 0.786481 0.532477 1.0 0.781773 0.539413 1.0 0.77567 0.543748 1.0 0.786133 0.546636 1.0
0 0.826172 0.539644 0.019531 0.043689 0.821433 0.536053 1.0 0.829765 0.534081 1.0 0.826534 0.541125 1.0 0.824663 0.552676 1.0 0.831124 0.55183 1.0
0 0.683105 0.487055 0.012695 0.035599 0.0 0.0 0.0 0.0 0.0 0.0 0.0 0.0 0.0 0.0 0.0 0.0 0.0 0.0 0.0
0 0.874023 0.550971 0.021484 0.050162 0.871041 0.54762 1.0 0.879481 0.548573 1.0 0.875262 0.555883 1.0 0.871233 0.564464 1.0 0.876988 0.5651 1.0
0 0.917969 0.544498 0.021484 0.046926 0.912354 0.540958 1.0 0.921875 0.541566 1.0 0.91748 0.549453 1.0 0.913086 0.558557 1.0 0.920044 0.558859 1.0
0 0.958496 0.556634 0.022461 0.042071 0.954041 0.548977 1.0 0.962821 0.550074 1.0 0.958183 0.556115 1.0 0.953212 0.565722 1.0 0.96133 0.567369 1.0
0 0.991211 0.549353 0.017578 0.043689 0.98996 0.544845 1.0 0.997781 0.549916 1.0 0.99251 0.556115 1.0 0.986389 0.56034 1.0 0.9937 0.565129 1.0
0 0.842285 0.5 0.014648 0.035599 0.84004 0.500311 1.0 0.845852 0.500982 1.0 0.843014 0.506358 1.0 0.840311 0.510835 1.0 0.844635 0.511283 1.0
0 0.835449 0.529935 0.016602 0.040453 0.0 0.0 0.0 0.0 0.0 0.0 0.0 0.0 0.0 0.0 0.0 0.0 0.0 0.0 0.0
0 0.91748 0.517799 0.018555 0.038835 0.914703 0.510163 1.0 0.921112 0.510417 1.0 0.917755 0.515472 1.0 0.913635 0.523058 1.0 0.922027 0.52407 1.0
0 0.131348 0.482201 0.018555 0.067961 0.0 0.0 0.0 0.0 0.0 0.0 0.0 0.0 0.0 0.0 0.0 0.0 0.0 0.0 0.0
0 0.287109 0.519417 0.025391 0.061489 0.287101 0.512251 1.0 0.296452 0.513841 1.0 0.293095 0.526555 1.0 0.285422 0.537282 1.0 0.293335 0.538076 1.0
0 0.030273 0.435275 0.023438 0.061489 0.02437 0.428586 1.0 0.038496 0.432097 1.0 0.03261 0.441848 1.0 0.024842 0.45199 1.0 0.033552 0.453942 1.0
0 0.008789 0.427184 0.015625 0.05178 0.0 0.0 0.0 0.0 0.0 0.0 0.0 0.0 0.0 0.0 0.0 0.0 0.0 0.0 0.0
0 0.008301 0.494337 0.014648 0.059871 0.010689 0.486896 1.0 0.013279 0.485337 1.0 0.015163 0.500159 1.0 0.011632 0.511861 1.0 0.013279 0.511081 1.0
0 0.097168 0.445793 0.022461 0.056634 0.087433 0.439927 1.0 0.10025 0.440989 1.0 0.092773 0.448068 1.0 0.089355 0.455502 1.0 0.097687 0.455147 1.0
0 0.16748 0.456311 0.022461 0.055016 0.0 0.0 0.0 0.0 0.0 0.0 0.0 0.0 0.0 0.0 0.0 0.0 0.0 0.0 0.0
0 0.145996 0.415858 0.022461 0.048544 0.141479 0.410772 1.0 0.151454 0.410455 1.0 0.147426 0.419672 1.0 0.143206 0.426029 1.0 0.151263 0.42571 1.0
0 0.137207 0.456311 0.022461 0.058252 0.136274 0.452555 1.0 0.146279 0.452922 1.0 0.140943 0.461396 1.0 0.137163 0.473186 1.0 0.144723 0.473922 1.0
0 0.05127 0.449838 0.020508 0.048544 0.050145 0.44499 1.0 0.056706 0.445612 1.0 0.051832 0.453688 1.0 0.04902 0.458659 1.0 0.055769 0.458348 1.0
0 0.200195 0.483819 0.021484 0.055016 0.0 0.0 0.0 0.0 0.0 0.0 0.0 0.0 0.0 0.0 0.0 0.0 0.0 0.0 0.0
0 0.425293 0.478155 0.022461 0.040453 0.42184 0.475786 1.0 0.431728 0.470584 1.0 0.427961 0.481248 1.0 0.426392 0.49321 1.0 0.433141 0.49035 1.0