0 0.167969 0.527426 0.03125 0.056259 0.155518 0.52391 1.0 0.166748 0.522855 1.0 0.161377 0.541139 1.0 0.165039 0.546062 1.0 0.172119 0.543249 1.0
0 0.059082 0.386779 0.012695 0.022504 0.0 0.0 0.0 0.0 0.0 0.0 0.0 0.0 0.0 0.0 0.0 0.0 0.0 0.0 0.0
0 0.10791 0.398734 0.012695 0.026723 0.0 0.0 0.0 0.0 0.0 0.0 0.0 0.0 0.0 0.0 0.0 0.0 0.0 0.0 0.0
0 0.277344 0.463432 0.015625 0.046414 0.281468 0.463307 1.0 0.283072 0.46215 1.0 0.28568 0.468505 1.0 0.281669 0.478903 1.0 0.282069 0.478903 1.0
0 0.372559 0.537975 0.036133 0.066104 0.361942 0.543023 1.0 0.377132 0.540499 1.0 0.370706 0.560271 1.0 0.371874 0.562795 1.0 0.383266 0.560271 1.0
0 0.414062 0.637131 0.033203 0.090014 0.401581 0.635857 1.0 0.405151 0.632428 1.0 0.3992 0.652997 1.0 0.413879 0.663854 1.0 0.417053 0.661568 1.0
0 0.46582 0.495077 0.017578 0.042194 0.458095 0.492754 1.0 0.466156 0.492214 1.0 0.459032 0.499774 1.0 0.459782 0.510844 1.0 0.466344 0.510844 1.0
0 0.499023 0.481013 0.017578 0.036568 0.0 0.0 0.0 0.0 0.0 0.0 0.0 0.0 0.0 0.0 0.0 0.0 0.0 0.0 0.0
0 0.541016 0.447961 0.013672 0.029536 0.540361 0.448577 1.0 0.54664 0.451589 1.0 0.543108 0.456111 1.0 0.539185 0.457994 1.0 0.542978 0.459689 1.0
0 0.352539 0.434599 0.019531 0.028129 0.0 0.0 0.0 0.0 0.0 0.0 0.0 0.0 0.0 0.0 0.0 0.0 0.0 0.0 0.0
0 0.771484 0.486639 0.019531 0.030942 0.768764 0.487041 1.0 0.776158 0.487041 1.0 0.771973 0.494073 1.0 0.768903 0.498494 1.0 0.77546 0.498494 1.0
0 0.837891 0.471871 0.021484 0.052039 0.833967 0.465617 1.0 0.844622 0.467575 1.0 0.842128 0.48488 1.0 0.832833 0.487492 1.0 0.840768 0.490104 1.0
0 0.695801 0.412096 0.014648 0.033755 0.0 0.0 0.0 0.0 0.0 0.0 0.0 0.0 0.0 0.0 0.0 0.0 0.0 0.0 0.0
0 0.867676 0.561181 0.03418 0.067511 0.0 0.0 0.0 0.0 0.0 0.0 0.0 0.0 0.0 0.0 0.0 0.0 0.0 0.0 0.0
0 0.517578 0.480309 0.011719 0.032349 0.0 0.0 0.0 0.0 0.0 0.0 0.0 0.0 0.0 0.0 0.0 0.0 0.0 0.0 0.0