0 0.313965 0.631994 0.043945 0.119082 0.316049 0.61465 1.0 0.323251 0.61465 1.0 0.334054 0.627498 1.0 0.324279 0.655462 1.0 0.328396 0.656218 1.0
0 0.712402 0.963415 0.030273 0.053085 0.0 0.0 0.0 0.0 0.0 0.0 0.0 0.0 0.0 0.0 0.0 0.0 0.0 0.0 0.0
0 0.780762 0.944046 0.02832 0.054519 0.0 0.0 0.0 0.0 0.0 0.0 0.0 0.0 0.0 0.0 0.0 0.0 0.0 0.0 0.0
0 0.812012 0.903156 0.024414 0.050215 0.0 0.0 0.0 0.0 0.0 0.0 0.0 0.0 0.0 0.0 0.0 0.0 0.0 0.0 0.0
0 0.702637 0.829986 0.026367 0.047346 0.0 0.0 0.0 0.0 0.0 0.0 0.0 0.0 0.0 0.0 0.0 0.0 0.0 0.0 0.0
0 0.964355 0.893831 0.02832 0.060258 0.954974 0.887016 1.0 0.967006 0.888937 1.0 0.958112 0.899697 1.0 0.95445 0.908537 1.0 0.962036 0.911227 1.0
0 0.830566 0.964132 0.02832 0.057389 0.824175 0.9623 1.0 0.836652 0.962646 1.0 0.831238 0.971638 1.0 0.826765 0.978209 1.0 0.835711 0.978902 1.0
0 0.879395 0.920373 0.026367 0.053085 0.0 0.0 0.0 0.0 0.0 0.0 0.0 0.0 0.0 0.0 0.0 0.0 0.0 0.0 0.0
0 0.842285 0.849354 0.024414 0.060258 0.0 0.0 0.0 0.0 0.0 0.0 0.0 0.0 0.0 0.0 0.0 0.0 0.0 0.0 0.0
0 0.877441 0.860832 0.026367 0.05165 0.0 0.0 0.0 0.0 0.0 0.0 0.0 0.0 0.0 0.0 0.0 0.0 0.0 0.0 0.0
0 0.923828 0.83429 0.021484 0.044476 0.0 0.0 0.0 0.0 0.0 0.0 0.0 0.0 0.0 0.0 0.0 0.0 0.0 0.0 0.0
0 0.949219 0.977762 0.027344 0.044476 0.0 0.0 0.0 0.0 0.0 0.0 0.0 0.0 0.0 0.0 0.0 0.0 0.0 0.0 0.0
0 0.980469 0.822812 0.015625 0.032999 0.0 0.0 0.0 0.0 0.0 0.0 0.0 0.0 0.0 0.0 0.0 0.0 0.0 0.0 0.0
0 0.112793 0.930416 0.026367 0.053085 0.102975 0.933696 1.0 0.116351 0.930364 1.0 0.110683 0.944353 1.0 0.107056 0.953346 1.0 0.118391 0.951347 1.0
0 0.15332 0.829268 0.017578 0.037303 0.0 0.0 0.0 0.0 0.0 0.0 0.0 0.0 0.0 0.0 0.0 0.0 0.0 0.0 0.0
0 0.208008 0.917504 0.021484 0.038737 0.0 0.0 0.0 0.0 0.0 0.0 0.0 0.0 0.0 0.0 0.0 0.0 0.0 0.0 0.0
0 0.21582 0.873027 0.015625 0.032999 0.0 0.0 0.0 0.0 0.0 0.0 0.0 0.0 0.0 0.0 0.0 0.0 0.0 0.0 0.0
0 0.176758 0.812052 0.017578 0.034433 0.0 0.0 0.0 0.0 0.0 0.0 0.0 0.0 0.0 0.0 0.0 0.0 0.0 0.0 0.0