0 0.023438 0.765007 0.015625 0.027818 0.019653 0.76336 1.0 0.027222 0.759334 1.0 0.025513 0.767387 1.0 0.022461 0.774158 1.0 0.029907 0.770315 1.0
0 0.141602 0.699122 0.013672 0.021962 0.142639 0.694363 1.0 0.145133 0.693356 1.0 0.148106 0.697095 1.0 0.145229 0.703423 1.0 0.147339 0.703278 1.0
0 0.080566 0.639092 0.010742 0.021962 0.0 0.0 0.0 0.0 0.0 0.0 0.0 0.0 0.0 0.0 0.0 0.0 0.0 0.0 0.0
0 0.394043 0.800878 0.012695 0.032211 0.390529 0.799539 1.0 0.39134 0.799539 1.0 0.388231 0.806428 1.0 0.3908 0.812507 1.0 0.391881 0.812305 1.0
0 0.30127 0.593704 0.008789 0.02489 0.0 0.0 0.0 0.0 0.0 0.0 0.0 0.0 0.0 0.0 0.0 0.0 0.0 0.0 0.0
0 0.353516 0.594436 0.009766 0.023426 0.355748 0.59428 1.0 0.35805 0.593966 1.0 0.358363 0.598829 1.0 0.354806 0.603064 1.0 0.35648 0.602593 1.0
0 0.418457 0.603221 0.012695 0.023426 0.41748 0.60181 1.0 0.422607 0.601338 1.0 0.421038 0.606829 1.0 0.418108 0.610438 1.0 0.422607 0.61028 1.0
0 0.652344 0.570278 0.009766 0.019034 0.652353 0.571272 1.0 0.655666 0.571148 1.0 0.655086 0.575493 1.0 0.653181 0.578599 1.0 0.655086 0.578227 1.0
0 0.603516 0.559297 0.007812 0.020498 0.603302 0.557467 1.0 0.608979 0.557192 1.0 0.607605 0.56378 1.0 0.604584 0.566114 1.0 0.608338 0.565977 1.0
0 0.940918 0.465593 0.006836 0.014641 0.941511 0.464665 1.0 0.943407 0.463488 1.0 0.943996 0.466429 1.0 0.942688 0.470155 1.0 0.943146 0.470155 1.0
0 0.962891 0.464129 0.007812 0.014641 0.96331 0.464442 1.0 0.966169 0.464548 1.0 0.965053 0.466848 1.0 0.964076 0.470299 1.0 0.965681 0.470299 1.0
0 0.935547 0.498536 0.005859 0.013177 0.0 0.0 0.0 0.0 0.0 0.0 0.0 0.0 0.0 0.0 0.0 0.0 0.0 0.0 0.0
0 0.838379 0.532211 0.006836 0.016105 0.0 0.0 0.0 0.0 0.0 0.0 0.0 0.0 0.0 0.0 0.0 0.0 0.0 0.0 0.0
0 0.121094 0.641288 0.011719 0.01757 0.0 0.0 0.0 0.0 0.0 0.0 0.0 0.0 0.0 0.0 0.0 0.0 0.0 0.0 0.0
0 0.24707 0.170571 0.011719 0.02489 0.243801 0.167637 1.0 0.249032 0.166982 1.0 0.24598 0.172375 1.0 0.249468 0.179075 1.0 0.249577 0.178748 1.0
0 0.400391 0.186676 0.009766 0.02489 0.396741 0.182754 1.0 0.399575 0.184716 1.0 0.395651 0.188146 1.0 0.396415 0.192233 1.0 0.398595 0.19305 1.0
0 0.438477 0.160322 0.011719 0.02489 0.434675 0.15912 1.0 0.440534 0.15912 1.0 0.437709 0.165081 1.0 0.435303 0.168845 1.0 0.439488 0.168688 1.0
0 0.488281 0.182284 0.011719 0.02489 0.48594 0.181958 1.0 0.491172 0.183101 1.0 0.488338 0.18784 1.0 0.485831 0.191925 1.0 0.4903 0.192416 1.0
0 0.508789 0.155198 0.009766 0.020498 0.0 0.0 0.0 0.0 0.0 0.0 0.0 0.0 0.0 0.0 0.0 0.0 0.0 0.0 0.0
0 0.539551 0.153734 0.010742 0.026354 0.535924 0.152884 1.0 0.540571 0.152714 1.0 0.536377 0.157303 1.0 0.536377 0.16172 1.0 0.539438 0.16172 1.0
0 0.72998 0.161786 0.008789 0.019034 0.731323 0.160447 1.0 0.732648 0.160322 1.0 0.733146 0.164545 1.0 0.731406 0.168518 1.0 0.732648 0.168518 1.0
0 0.739746 0.173499 0.006836 0.016105 0.739389 0.173408 1.0 0.741089 0.172918 1.0 0.740631 0.176152 1.0 0.739258 0.178801 1.0 0.740565 0.178605 1.0
0 0.849121 0.167643 0.006836 0.019034 0.849121 0.165146 1.0 0.852888 0.165734 1.0 0.851161 0.170911 1.0 0.849906 0.172794 1.0 0.850063 0.173146 1.0
0 0.880859 0.154466 0.007812 0.016105 0.0 0.0 0.0 0.0 0.0 0.0 0.0 0.0 0.0 0.0 0.0 0.0 0.0 0.0 0.0
0 0.900391 0.18448 0.007812 0.014641 0.0 0.0 0.0 0.0 0.0 0.0 0.0 0.0 0.0 0.0 0.0 0.0 0.0 0.0 0.0
0 0.854004 0.15593 0.006836 0.016105 0.0 0.0 0.0 0.0 0.0 0.0 0.0 0.0 0.0 0.0 0.0 0.0 0.0 0.0 0.0
0 0.949219 0.170571 0.007812 0.019034 0.0 0.0 0.0 0.0 0.0 0.0 0.0 0.0 0.0 0.0 0.0 0.0 0.0 0.0 0.0
0 0.964355 0.158126 0.006836 0.014641 0.0 0.0 0.0 0.0 0.0 0.0 0.0 0.0 0.0 0.0 0.0 0.0 0.0 0.0 0.0
0 0.697754 0.174963 0.008789 0.019034 0.0 0.0 0.0 0.0 0.0 0.0 0.0 0.0 0.0 0.0 0.0 0.0 0.0 0.0 0.0
0 0.665039 0.168375 0.011719 0.020498 0.0 0.0 0.0 0.0 0.0 0.0 0.0 0.0 0.0 0.0 0.0 0.0 0.0 0.0 0.0
0 0.47998 0.168375 0.008789 0.01757 0.0 0.0 0.0 0.0 0.0 0.0 0.0 0.0 0.0 0.0 0.0 0.0 0.0 0.0 0.0
0 0.385254 0.137628 0.008789 0.020498 0.0 0.0 0.0 0.0 0.0 0.0 0.0 0.0 0.0 0.0 0.0 0.0 0.0 0.0 0.0
0 0.34375 0.173499 0.011719 0.021962 0.0 0.0 0.0 0.0 0.0 0.0 0.0 0.0 0.0 0.0 0.0 0.0 0.0 0.0 0.0
0 0.319336 0.183748 0.007812 0.016105 0.0 0.0 0.0 0.0 0.0 0.0 0.0 0.0 0.0 0.0 0.0 0.0 0.0 0.0 0.0
0 0.294922 0.15593 0.009766 0.02489 0.0 0.0 0.0 0.0 0.0 0.0 0.0 0.0 0.0 0.0 0.0 0.0 0.0 0.0 0.0
0 0.203125 0.162518 0.011719 0.023426 0.198486 0.161107 1.0 0.202567 0.161734 1.0 0.1988 0.167381 1.0 0.199742 0.170048 1.0 0.202044 0.170675 1.0
0 0.141113 0.175695 0.012695 0.023426 0.139753 0.172714 1.0 0.145089 0.171931 1.0 0.142683 0.178048 1.0 0.139753 0.181971 1.0 0.144147 0.181814 1.0
0 0.102539 0.179356 0.011719 0.021962 0.097456 0.176611 1.0 0.104073 0.177329 1.0 0.100333 0.184376 1.0 0.099182 0.18869 1.0 0.10273 0.18869 1.0
0 0.994629 0.469985 0.006836 0.014641 0.0 0.0 0.0 0.0 0.0 0.0 0.0 0.0 0.0 0.0 0.0 0.0 0.0 0.0 0.0
0 0.806641 0.506589 0.009766 0.014641 0.0 0.0 0.0 0.0 0.0 0.0 0.0 0.0 0.0 0.0 0.0 0.0 0.0 0.0 0.0
0 0.836426 0.505124 0.008789 0.014641 0.0 0.0 0.0 0.0 0.0 0.0 0.0 0.0 0.0 0.0 0.0 0.0 0.0 0.0 0.0
0 0.708008 0.524158 0.009766 0.01757 0.0 0.0 0.0 0.0 0.0 0.0 0.0 0.0 0.0 0.0 0.0 0.0 0.0 0.0 0.0
0 0.620117 0.56369 0.009766 0.020498 0.0 0.0 0.0 0.0 0.0 0.0 0.0 0.0 0.0 0.0 0.0 0.0 0.0 0.0 0.0
0 0.547363 0.586384 0.008789 0.019034 0.0 0.0 0.0 0.0 0.0 0.0 0.0 0.0 0.0 0.0 0.0 0.0 0.0 0.0 0.0
0 0.510254 0.592972 0.010742 0.01757 0.0 0.0 0.0 0.0 0.0 0.0 0.0 0.0 0.0 0.0 0.0 0.0 0.0 0.0 0.0
0 0.471191 0.605417 0.010742 0.019034 0.472395 0.60364 1.0 0.474487 0.602202 1.0 0.475621 0.60547 1.0 0.474052 0.611483 1.0 0.474487 0.611483 1.0
0 0.463379 0.646413 0.010742 0.016105 0.0 0.0 0.0 0.0 0.0 0.0 0.0 0.0 0.0 0.0 0.0 0.0 0.0 0.0 0.0
0 0.469727 0.775988 0.017578 0.029283 0.466431 0.771413 1.0 0.473267 0.77123 1.0 0.469482 0.777818 1.0 0.466797 0.783492 1.0 0.473999 0.783309 1.0
0 0.272461 0.61347 0.013672 0.023426 0.276192 0.611536 1.0 0.27839 0.610751 1.0 0.278913 0.61734 1.0 0.27546 0.621419 1.0 0.277553 0.621104 1.0
0 0.236328 0.640556 0.009766 0.019034 0.0 0.0 0.0 0.0 0.0 0.0 0.0 0.0 0.0 0.0 0.0 0.0 0.0 0.0 0.0
0 0.174316 0.643485 0.012695 0.02489 0.173065 0.64202 1.0 0.177534 0.643001 1.0 0.175463 0.64676 1.0 0.172193 0.650518 1.0 0.177098 0.651662 1.0
0 0.181152 0.781845 0.014648 0.023426 0.0 0.0 0.0 0.0 0.0 0.0 0.0 0.0 0.0 0.0 0.0 0.0 0.0 0.0 0.0
0 0.170898 0.86896 0.015625 0.033675 0.175646 0.869823 1.0 0.176222 0.868529 1.0 0.177229 0.873921 1.0 0.172193 0.878883 1.0 0.172912 0.877804 1.0
0 0.244141 0.765739 0.015625 0.020498 0.0 0.0 0.0 0.0 0.0 0.0 0.0 0.0 0.0 0.0 0.0 0.0 0.0 0.0 0.0
0 0.305664 0.745974 0.011719 0.021962 0.0 0.0 0.0 0.0 0.0 0.0 0.0 0.0 0.0 0.0 0.0 0.0 0.0 0.0 0.0
0 0.584961 0.805271 0.017578 0.029283 0.579224 0.799597 1.0 0.582153 0.799963 1.0 0.576416 0.804905 1.0 0.579834 0.811676 1.0 0.581909 0.812408 1.0
0 0.59082 0.845534 0.015625 0.030747 0.585331 0.838599 1.0 0.586277 0.840625 1.0 0.582898 0.842246 1.0 0.585602 0.850149 1.0 0.586413 0.851163 1.0
0 0.684082 0.808199 0.012695 0.029283 0.0 0.0 0.0 0.0 0.0 0.0 0.0 0.0 0.0 0.0 0.0 0.0 0.0 0.0 0.0
0 0.800293 0.72328 0.016602 0.029283 0.796679 0.718378 1.0 0.804518 0.717999 1.0 0.800978 0.727476 1.0 0.797438 0.731836 1.0 0.803759 0.730887 1.0
0 0.766113 0.854319 0.016602 0.033675 0.758858 0.851287 1.0 0.762904 0.854633 1.0 0.758161 0.858816 1.0 0.759138 0.863627 1.0 0.761649 0.865719 1.0
0 0.881348 0.847731 0.012695 0.026354 0.0 0.0 0.0 0.0 0.0 0.0 0.0 0.0 0.0 0.0 0.0 0.0 0.0 0.0 0.0
0 0.916992 0.741581 0.013672 0.027818 0.911255 0.735908 1.0 0.911865 0.737555 1.0 0.910034 0.74213 1.0 0.910156 0.745059 1.0 0.910767 0.745791 1.0
0 0.975098 0.918009 0.020508 0.035139 0.976166 0.914531 1.0 0.980438 0.915218 1.0 0.975098 0.922081 1.0 0.975556 0.929631 1.0 0.976014 0.929401 1.0
0 0.602051 0.164714 0.010742 0.021962 0.0 0.0 0.0 0.0 0.0 0.0 0.0 0.0 0.0 0.0 0.0 0.0 0.0 0.0 0.0