0 0.759277 0.137628 0.079102 0.175695 0.738159 0.128059 1.0 0.775735 0.133583 1.0 0.752158 0.162303 1.0 0.733002 0.192127 1.0 0.766894 0.198755 1.0
0 0.95459 0.155198 0.081055 0.158126 0.931566 0.146466 1.0 0.96892 0.155466 1.0 0.937569 0.190467 1.0 0.924229 0.203469 1.0 0.952244 0.210469 1.0
0 0.562012 0.147145 0.06543 0.118594 0.552577 0.136726 1.0 0.580906 0.13449 1.0 0.567984 0.160571 1.0 0.55556 0.18516 1.0 0.576931 0.18218 1.0
0 0.394043 0.161054 0.051758 0.105417 0.38651 0.158341 1.0 0.412488 0.15042 1.0 0.404122 0.174186 1.0 0.396637 0.19531 1.0 0.41425 0.188709 1.0
0 0.175293 0.080527 0.032227 0.073206 0.166757 0.076082 1.0 0.180686 0.070978 1.0 0.179139 0.08954 1.0 0.174186 0.103927 1.0 0.186258 0.099286 1.0
0 0.296387 0.169839 0.038086 0.064422 0.283539 0.168284 1.0 0.302216 0.162107 1.0 0.295074 0.17899 1.0 0.292328 0.194225 1.0 0.304962 0.189284 1.0
0 0.315918 0.126647 0.030273 0.062958 0.314453 0.124451 1.0 0.326172 0.128843 1.0 0.322266 0.139092 1.0 0.318359 0.150805 1.0 0.326172 0.153734 1.0
0 0.038574 0.041728 0.077148 0.083455 0.015625 0.005857 1.0 0.057617 0.004392 1.0 0.044922 0.020498 1.0 0.030273 0.055637 1.0 0.064453 0.054173 1.0
0 0.48291 0.11713 0.022461 0.070278 0.486935 0.106476 1.0 0.490243 0.105574 1.0 0.495658 0.121359 1.0 0.491446 0.143909 1.0 0.495057 0.141204 1.0
0 0.650391 0.09224 0.011719 0.038067 0.0 0.0 0.0 0.0 0.0 0.0 0.0 0.0 0.0 0.0 0.0 0.0 0.0 0.0 0.0
0 0.866211 0.171303 0.019531 0.046852 0.869058 0.16616 1.0 0.874354 0.163512 1.0 0.873374 0.17616 1.0 0.868273 0.183512 1.0 0.871805 0.181454 1.0
0 0.536133 0.092972 0.03125 0.060029 0.0 0.0 0.0 0.0 0.0 0.0 0.0 0.0 0.0 0.0 0.0 0.0 0.0 0.0 0.0