0 0.473145 0.392229 0.040039 0.077713 0.460065 0.389009 1.0 0.483922 0.390003 1.0 0.473319 0.40443 1.0 0.465367 0.42035 1.0 0.477626 0.419355 1.0
0 0.422852 0.39956 0.039062 0.077713 0.415405 0.39634 1.0 0.43396 0.395345 1.0 0.422363 0.410767 1.0 0.41673 0.424696 1.0 0.430978 0.425691 1.0
0 0.540039 0.398094 0.029297 0.060117 0.532471 0.394324 1.0 0.546378 0.393944 1.0 0.54132 0.404195 1.0 0.534746 0.414826 1.0 0.545366 0.415585 1.0
0 0.612793 0.398827 0.02832 0.061584 0.60253 0.391528 1.0 0.618735 0.390757 1.0 0.61179 0.404273 1.0 0.605874 0.416245 1.0 0.616678 0.417405 1.0
0 0.664551 0.35044 0.03418 0.076246 0.651332 0.341584 1.0 0.665972 0.339194 1.0 0.658652 0.354007 1.0 0.652605 0.367387 1.0 0.669154 0.367865 1.0
0 0.744141 0.342375 0.037109 0.080645 0.73311 0.336537 1.0 0.754534 0.333984 1.0 0.746033 0.353386 1.0 0.736852 0.364107 1.0 0.751813 0.362576 1.0
0 0.812988 0.358504 0.040039 0.089443 0.805376 0.344824 1.0 0.825997 0.349327 1.0 0.823373 0.358334 1.0 0.811 0.3786 1.0 0.822998 0.380289 1.0
0 0.90625 0.397361 0.060547 0.108504 0.888824 0.387692 1.0 0.919037 0.384255 1.0 0.904389 0.406937 1.0 0.895233 0.427557 1.0 0.917664 0.426182 1.0
0 0.162598 0.324047 0.092773 0.175953 0.145163 0.298977 1.0 0.18716 0.307827 1.0 0.168004 0.339908 1.0 0.142216 0.362032 1.0 0.182003 0.373095 1.0
0 0.361816 0.375367 0.063477 0.129032 0.345524 0.358268 1.0 0.379856 0.364815 1.0 0.361873 0.384452 1.0 0.347159 0.406544 1.0 0.373862 0.409818 1.0
0 0.48877 0.47654 0.049805 0.117302 0.478921 0.463972 1.0 0.502567 0.476545 1.0 0.491237 0.494299 1.0 0.471039 0.505394 1.0 0.494193 0.517229 1.0