0 0.366699 0.436609 0.049805 0.118859 0.348358 0.421651 1.0 0.373535 0.424624 1.0 0.355683 0.447653 1.0 0.348358 0.465482 1.0 0.371246 0.46771 1.0
0 0.459473 0.46355 0.036133 0.103011 0.455688 0.451041 1.0 0.45609 0.451693 1.0 0.44165 0.463409 1.0 0.443656 0.48684 1.0 0.444057 0.48684 1.0
0 0.407227 0.284469 0.029297 0.064976 0.397221 0.275285 1.0 0.41394 0.275704 1.0 0.403651 0.288643 1.0 0.397993 0.295322 1.0 0.411625 0.300748 1.0
0 0.437012 0.328843 0.030273 0.064976 0.432713 0.320254 1.0 0.440046 0.326819 1.0 0.430185 0.330513 1.0 0.426897 0.341182 1.0 0.431196 0.346106 1.0
0 0.488281 0.352615 0.019531 0.049128 0.0 0.0 0.0 0.0 0.0 0.0 0.0 0.0 0.0 0.0 0.0 0.0 0.0 0.0 0.0
0 0.510742 0.345483 0.013672 0.041204 0.0 0.0 0.0 0.0 0.0 0.0 0.0 0.0 0.0 0.0 0.0 0.0 0.0 0.0 0.0
0 0.253906 0.370048 0.033203 0.087163 0.0 0.0 0.0 0.0 0.0 0.0 0.0 0.0 0.0 0.0 0.0 0.0 0.0 0.0 0.0
0 0.144043 0.370048 0.022461 0.071315 0.0 0.0 0.0 0.0 0.0 0.0 0.0 0.0 0.0 0.0 0.0 0.0 0.0 0.0 0.0
0 0.79541 0.363708 0.038086 0.103011 0.785296 0.353803 1.0 0.810966 0.354455 1.0 0.802543 0.37333 1.0 0.788505 0.395461 1.0 0.804548 0.398065 1.0
0 0.838867 0.39065 0.039062 0.099842 0.826738 0.376472 1.0 0.849631 0.381509 1.0 0.838767 0.394732 1.0 0.831395 0.412363 1.0 0.842259 0.418659 1.0
0 0.736816 0.345483 0.026367 0.060222 0.728088 0.337404 1.0 0.741271 0.339696 1.0 0.731148 0.351539 1.0 0.727146 0.360708 1.0 0.735857 0.361854 1.0
0 0.693359 0.473851 0.039062 0.104596 0.680167 0.463875 1.0 0.685494 0.469195 1.0 0.670741 0.484491 1.0 0.6732 0.501117 1.0 0.676889 0.507103 1.0
0 0.680664 0.401743 0.027344 0.064976 0.0 0.0 0.0 0.0 0.0 0.0 0.0 0.0 0.0 0.0 0.0 0.0 0.0 0.0 0.0
0 0.655273 0.379556 0.017578 0.042789 0.650896 0.378729 1.0 0.659908 0.379832 1.0 0.656167 0.387558 1.0 0.651406 0.394456 1.0 0.659737 0.394181 1.0
0 0.697266 0.318542 0.017578 0.038035 0.0 0.0 0.0 0.0 0.0 0.0 0.0 0.0 0.0 0.0 0.0 0.0 0.0 0.0 0.0
0 0.664551 0.327258 0.014648 0.033281 0.658792 0.322823 1.0 0.665414 0.32041 1.0 0.66217 0.33006 1.0 0.660549 0.336859 1.0 0.66636 0.334008 1.0
0 0.616211 0.318542 0.009766 0.025357 0.0 0.0 0.0 0.0 0.0 0.0 0.0 0.0 0.0 0.0 0.0 0.0 0.0 0.0 0.0
0 0.64209 0.337559 0.012695 0.025357 0.0 0.0 0.0 0.0 0.0 0.0 0.0 0.0 0.0 0.0 0.0 0.0 0.0 0.0 0.0
0 0.527344 0.309826 0.011719 0.026941 0.0 0.0 0.0 0.0 0.0 0.0 0.0 0.0 0.0 0.0 0.0 0.0 0.0 0.0 0.0
0 0.513184 0.315372 0.012695 0.034865 0.0 0.0 0.0 0.0 0.0 0.0 0.0 0.0 0.0 0.0 0.0 0.0 0.0 0.0 0.0
0 0.560547 0.517433 0.041016 0.106181 0.0 0.0 0.0 0.0 0.0 0.0 0.0 0.0 0.0 0.0 0.0 0.0 0.0 0.0 0.0