0 0.838867 0.259854 0.066406 0.119708 0.833365 0.257625 1.0 0.862945 0.260623 1.0 0.847904 0.280109 1.0 0.834368 0.289104 1.0 0.854924 0.290601 1.0
0 0.928223 0.154745 0.05957 0.137226 0.902222 0.14968 1.0 0.930634 0.14448 1.0 0.912658 0.173083 1.0 0.90686 0.19562 1.0 0.931213 0.19302 1.0
0 0.750977 0.128467 0.0625 0.140146 0.726946 0.11718 1.0 0.750488 0.11366 1.0 0.731066 0.137415 1.0 0.731654 0.169089 1.0 0.748134 0.16645 1.0
0 0.676758 0.148905 0.044922 0.093431 0.65683 0.137501 1.0 0.674286 0.148175 1.0 0.660797 0.162409 1.0 0.661591 0.173677 1.0 0.671509 0.17605 1.0
0 0.200195 0.178832 0.013672 0.027737 0.0 0.0 0.0 0.0 0.0 0.0 0.0 0.0 0.0 0.0 0.0 0.0 0.0 0.0 0.0
0 0.431152 0.145985 0.02832 0.067153 0.426052 0.140407 1.0 0.440787 0.139559 1.0 0.435119 0.152269 1.0 0.428035 0.164977 1.0 0.439087 0.16413 1.0
0 0.595215 0.172993 0.043945 0.080292 0.585205 0.180905 1.0 0.607648 0.178872 1.0 0.596767 0.20378 1.0 0.588945 0.208863 1.0 0.602888 0.206321 1.0
0 0.546875 0.158394 0.033203 0.083212 0.533103 0.162213 1.0 0.551112 0.159574 1.0 0.539459 0.17066 1.0 0.53381 0.190191 1.0 0.549347 0.187552 1.0
0 0.493164 0.246715 0.025391 0.061314 0.0 0.0 0.0 0.0 0.0 0.0 0.0 0.0 0.0 0.0 0.0 0.0 0.0 0.0 0.0
0 0.495605 0.175912 0.030273 0.054015 0.48734 0.174166 1.0 0.500941 0.173826 1.0 0.493007 0.183315 1.0 0.48734 0.191111 1.0 0.500035 0.192127 1.0
0 0.337891 0.217518 0.021484 0.043796 0.33909 0.213985 1.0 0.347338 0.214546 1.0 0.345838 0.220432 1.0 0.338902 0.229959 1.0 0.34565 0.23108 1.0
0 0.350586 0.158394 0.019531 0.045255 0.343959 0.152216 1.0 0.353358 0.15365 1.0 0.347987 0.161965 1.0 0.344151 0.170282 1.0 0.35144 0.170282 1.0
0 0.450684 0.140146 0.018555 0.052555 0.446594 0.134124 1.0 0.454441 0.13445 1.0 0.449646 0.145855 1.0 0.446158 0.154327 1.0 0.453134 0.154327 1.0
0 0.338379 0.172263 0.022461 0.037956 0.343697 0.152483 1.0 0.352408 0.152965 1.0 0.347892 0.161888 1.0 0.344182 0.170809 1.0 0.350473 0.172257 1.0
0 0.626953 0.151095 0.025391 0.074453 0.0 0.0 0.0 0.0 0.0 0.0 0.0 0.0 0.0 0.0 0.0 0.0 0.0 0.0 0.0