0 0.234863 0.345315 0.018555 0.046213 0.234819 0.335498 1.0 0.235932 0.334621 1.0 0.243046 0.34485 1.0 0.235932 0.35391 1.0 0.236599 0.353619 1.0
0 0.290527 0.265083 0.016602 0.029525 0.286674 0.26153 1.0 0.294011 0.259828 1.0 0.290846 0.268339 1.0 0.287824 0.273255 1.0 0.295737 0.271365 1.0
0 0.511719 0.562901 0.019531 0.037227 0.507812 0.557125 1.0 0.510742 0.557125 1.0 0.503906 0.567394 1.0 0.510742 0.573813 1.0 0.512695 0.573813 1.0
0 0.820312 0.390244 0.039062 0.079589 0.810233 0.370576 1.0 0.813686 0.371584 1.0 0.805245 0.391253 1.0 0.814453 0.405878 1.0 0.814453 0.405878 1.0
0 0.467285 0.325417 0.020508 0.032092 0.461617 0.312397 1.0 0.468366 0.311571 1.0 0.462402 0.319617 1.0 0.461932 0.327457 1.0 0.468837 0.327045 1.0
0 0.378418 0.331194 0.018555 0.030809 0.373963 0.320322 1.0 0.381744 0.323531 1.0 0.373657 0.328747 1.0 0.371063 0.335366 1.0 0.379455 0.338375 1.0
0 0.449219 0.257381 0.021484 0.03466 0.442758 0.253582 1.0 0.449389 0.248665 1.0 0.444628 0.258499 1.0 0.446498 0.266544 1.0 0.453129 0.261628 1.0
0 0.583984 0.248395 0.019531 0.029525 0.580078 0.240051 1.0 0.588867 0.238768 1.0 0.583984 0.245186 1.0 0.580078 0.254172 1.0 0.589844 0.254172 1.0
0 0.651855 0.313864 0.026367 0.032092 0.647557 0.306689 1.0 0.658325 0.306036 1.0 0.652858 0.314311 1.0 0.647226 0.321933 1.0 0.657166 0.321497 1.0
0 0.708984 0.301669 0.021484 0.041078 0.700187 0.294322 1.0 0.706203 0.294585 1.0 0.698182 0.302757 1.0 0.703797 0.310666 1.0 0.704197 0.310929 1.0
0 0.120605 0.408858 0.012695 0.039795 0.123047 0.397946 1.0 0.120117 0.397946 1.0 0.12793 0.403081 1.0 0.121094 0.419769 1.0 0.12207 0.415918 1.0
0 0.138672 0.383184 0.017578 0.026958 0.138815 0.375751 1.0 0.144885 0.376083 1.0 0.141977 0.384226 1.0 0.137805 0.387384 1.0 0.142735 0.388381 1.0