0 0.115234 0.47651 0.017578 0.053691 0.111625 0.472376 1.0 0.114231 0.473753 1.0 0.107814 0.482023 1.0 0.110021 0.491671 1.0 0.112627 0.492705 1.0
0 0.176758 0.313758 0.013672 0.033557 0.173784 0.313534 1.0 0.180455 0.312185 1.0 0.178101 0.317354 1.0 0.1764 0.321847 1.0 0.180062 0.321399 1.0
0 0.271484 0.337248 0.011719 0.036913 0.271672 0.33548 1.0 0.273834 0.333856 1.0 0.276808 0.341518 1.0 0.271401 0.349413 1.0 0.273429 0.348716 1.0
0 0.294922 0.334732 0.013672 0.041946 0.296723 0.332792 1.0 0.297027 0.332267 1.0 0.299621 0.341443 1.0 0.294738 0.345376 1.0 0.295196 0.345376 1.0
0 0.334961 0.340604 0.015625 0.036913 0.0 0.0 0.0 0.0 0.0 0.0 0.0 0.0 0.0 0.0 0.0 0.0 0.0 0.0 0.0
0 0.367676 0.287752 0.024414 0.068792 0.0 0.0 0.0 0.0 0.0 0.0 0.0 0.0 0.0 0.0 0.0 0.0 0.0 0.0 0.0
0 0.229492 0.322987 0.009766 0.038591 0.0 0.0 0.0 0.0 0.0 0.0 0.0 0.0 0.0 0.0 0.0 0.0 0.0 0.0 0.0
0 0.159668 0.294463 0.012695 0.028523 0.0 0.0 0.0 0.0 0.0 0.0 0.0 0.0 0.0 0.0 0.0 0.0 0.0 0.0 0.0
0 0.092285 0.293624 0.012695 0.030201 0.089382 0.293505 1.0 0.095503 0.292141 1.0 0.093122 0.299542 1.0 0.090288 0.30402 1.0 0.094482 0.303826 1.0
0 0.114258 0.293624 0.011719 0.026846 0.114049 0.291466 1.0 0.118339 0.292545 1.0 0.116769 0.2965 1.0 0.113839 0.300455 1.0 0.118339 0.302253 1.0
0 0.189453 0.279362 0.007812 0.015101 0.0 0.0 0.0 0.0 0.0 0.0 0.0 0.0 0.0 0.0 0.0 0.0 0.0 0.0 0.0
0 0.067871 0.288591 0.010742 0.02349 0.063808 0.279423 1.0 0.070086 0.278673 1.0 0.070958 0.284366 1.0 0.067208 0.293505 1.0 0.072004 0.292904 1.0
0 0.053711 0.301174 0.009766 0.021812 0.051558 0.298898 1.0 0.055699 0.299181 1.0 0.053214 0.304305 1.0 0.051889 0.308433 1.0 0.055533 0.30829 1.0
0 0.125977 0.286074 0.007812 0.021812 0.0 0.0 0.0 0.0 0.0 0.0 0.0 0.0 0.0 0.0 0.0 0.0 0.0 0.0 0.0
0 0.32666 0.268456 0.006836 0.013423 0.0 0.0 0.0 0.0 0.0 0.0 0.0 0.0 0.0 0.0 0.0 0.0 0.0 0.0 0.0
0 0.591797 0.314597 0.021484 0.045302 0.59232 0.308366 1.0 0.598772 0.308965 1.0 0.597028 0.31975 1.0 0.591972 0.325144 1.0 0.597203 0.324545 1.0
0 0.51709 0.340604 0.018555 0.040268 0.513192 0.336379 1.0 0.522086 0.335106 1.0 0.518528 0.346312 1.0 0.514823 0.353951 1.0 0.522827 0.353188 1.0
0 0.429688 0.272651 0.013672 0.031879 0.427315 0.270973 1.0 0.432495 0.27077 1.0 0.429788 0.276433 1.0 0.427669 0.283107 1.0 0.431554 0.283107 1.0
0 0.602539 0.346477 0.015625 0.052013 0.0 0.0 0.0 0.0 0.0 0.0 0.0 0.0 0.0 0.0 0.0 0.0 0.0 0.0 0.0
0 0.685059 0.294463 0.012695 0.035235 0.0 0.0 0.0 0.0 0.0 0.0 0.0 0.0 0.0 0.0 0.0 0.0 0.0 0.0 0.0
0 0.693848 0.253356 0.008789 0.02349 0.0 0.0 0.0 0.0 0.0 0.0 0.0 0.0 0.0 0.0 0.0 0.0 0.0 0.0 0.0
0 0.74707 0.264262 0.005859 0.015101 0.0 0.0 0.0 0.0 0.0 0.0 0.0 0.0 0.0 0.0 0.0 0.0 0.0 0.0 0.0
0 0.849121 0.361577 0.016602 0.035235 0.0 0.0 0.0 0.0 0.0 0.0 0.0 0.0 0.0 0.0 0.0 0.0 0.0 0.0 0.0
0 0.870117 0.332215 0.011719 0.033557 0.868003 0.331159 1.0 0.874071 0.330941 1.0 0.872807 0.338544 1.0 0.868509 0.344409 1.0 0.873439 0.344191 1.0
0 0.922852 0.306208 0.015625 0.041946 0.0 0.0 0.0 0.0 0.0 0.0 0.0 0.0 0.0 0.0 0.0 0.0 0.0 0.0 0.0
0 0.988281 0.328859 0.017578 0.043624 0.987793 0.326081 1.0 0.997472 0.327466 1.0 0.992471 0.336057 1.0 0.985535 0.344372 1.0 0.994568 0.344649 1.0
0 0.945312 0.258389 0.007812 0.020134 0.0 0.0 0.0 0.0 0.0 0.0 0.0 0.0 0.0 0.0 0.0 0.0 0.0 0.0 0.0
0 0.917969 0.256711 0.005859 0.016779 0.0 0.0 0.0 0.0 0.0 0.0 0.0 0.0 0.0 0.0 0.0 0.0 0.0 0.0 0.0
0 0.766602 0.284396 0.009766 0.028523 0.0 0.0 0.0 0.0 0.0 0.0 0.0 0.0 0.0 0.0 0.0 0.0 0.0 0.0 0.0
0 0.84375 0.247483 0.007812 0.015101 0.0 0.0 0.0 0.0 0.0 0.0 0.0 0.0 0.0 0.0 0.0 0.0 0.0 0.0 0.0
0 0.87793 0.25755 0.007812 0.015101 0.0 0.0 0.0 0.0 0.0 0.0 0.0 0.0 0.0 0.0 0.0 0.0 0.0 0.0 0.0
0 0.720703 0.272651 0.005859 0.015101 0.0 0.0 0.0 0.0 0.0 0.0 0.0 0.0 0.0 0.0 0.0 0.0 0.0 0.0 0.0
0 0.861816 0.263423 0.006836 0.016779 0.0 0.0 0.0 0.0 0.0 0.0 0.0 0.0 0.0 0.0 0.0 0.0 0.0 0.0 0.0
0 0.443359 0.276007 0.009766 0.018456 0.0 0.0 0.0 0.0 0.0 0.0 0.0 0.0 0.0 0.0 0.0 0.0 0.0 0.0 0.0
0 0.494141 0.26594 0.007812 0.018456 0.0 0.0 0.0 0.0 0.0 0.0 0.0 0.0 0.0 0.0 0.0 0.0 0.0 0.0 0.0
0 0.519531 0.28104 0.009766 0.018456 0.0 0.0 0.0 0.0 0.0 0.0 0.0 0.0 0.0 0.0 0.0 0.0 0.0 0.0 0.0
0 0.568848 0.245805 0.006836 0.018456 0.0 0.0 0.0 0.0 0.0 0.0 0.0 0.0 0.0 0.0 0.0 0.0 0.0 0.0 0.0
0 0.633789 0.248322 0.009766 0.020134 0.0 0.0 0.0 0.0 0.0 0.0 0.0 0.0 0.0 0.0 0.0 0.0 0.0 0.0 0.0
0 0.734375 0.297819 0.015625 0.041946 0.730656 0.295047 1.0 0.737431 0.295324 1.0 0.732592 0.304747 1.0 0.731463 0.30946 1.0 0.738076 0.308628 1.0
0 0.594238 0.255872 0.004883 0.011745 0.0 0.0 0.0 0.0 0.0 0.0 0.0 0.0 0.0 0.0 0.0 0.0 0.0 0.0 0.0
0 0.547363 0.272651 0.014648 0.031879 0.542969 0.270973 1.0 0.548096 0.270134 1.0 0.544922 0.277475 1.0 0.545288 0.285235 1.0 0.548584 0.284606 1.0
0 0.611816 0.260906 0.006836 0.018456 0.0 0.0 0.0 0.0 0.0 0.0 0.0 0.0 0.0 0.0 0.0 0.0 0.0 0.0 0.0
0 0.520508 0.250839 0.005859 0.015101 0.0 0.0 0.0 0.0 0.0 0.0 0.0 0.0 0.0 0.0 0.0 0.0 0.0 0.0 0.0