0 0.750488 0.415081 0.043945 0.115666 0.746129 0.405649 1.0 0.764518 0.411452 1.0 0.759679 0.433218 1.0 0.741289 0.449906 1.0 0.753871 0.453533 1.0
0 0.905762 0.498536 0.067383 0.14202 0.900007 0.484208 1.0 0.928079 0.481521 1.0 0.924495 0.510177 1.0 0.902993 0.531668 1.0 0.929273 0.532564 1.0
0 0.702637 0.629575 0.067383 0.137628 0.705139 0.604502 1.0 0.724854 0.59494 1.0 0.730652 0.622758 1.0 0.705719 0.658401 1.0 0.721954 0.654922 1.0
0 0.67627 0.349927 0.036133 0.070278 0.671155 0.340625 1.0 0.687399 0.341527 1.0 0.679578 0.359117 1.0 0.667245 0.365881 1.0 0.686798 0.36498 1.0
0 0.710938 0.31552 0.025391 0.048316 0.704102 0.313324 1.0 0.713867 0.308931 1.0 0.709961 0.320644 1.0 0.708008 0.332357 1.0 0.717773 0.327965 1.0
0 0.777832 0.332357 0.032227 0.061493 0.771685 0.32854 1.0 0.784031 0.323527 1.0 0.780687 0.344736 1.0 0.775801 0.353993 1.0 0.789176 0.350521 1.0
0 0.59375 0.306003 0.019531 0.046852 0.589853 0.304539 1.0 0.60008 0.303937 1.0 0.595668 0.312657 1.0 0.591056 0.319572 1.0 0.59988 0.319572 1.0
0 0.476562 0.387262 0.041016 0.083455 0.464913 0.377641 1.0 0.482701 0.374504 1.0 0.473284 0.391236 1.0 0.467006 0.405354 1.0 0.488281 0.400126 1.0
0 0.532715 0.310395 0.014648 0.035139 0.53418 0.307467 1.0 0.540039 0.304539 1.0 0.540039 0.313324 1.0 0.532227 0.320644 1.0 0.539062 0.320644 1.0
0 0.504883 0.374817 0.023438 0.055637 0.500977 0.358712 1.0 0.510742 0.358712 1.0 0.504883 0.36896 1.0 0.5 0.382138 1.0 0.507812 0.382138 1.0
0 0.493164 0.316984 0.025391 0.060029 0.497589 0.309271 1.0 0.504534 0.308499 1.0 0.504276 0.317755 1.0 0.498618 0.330482 1.0 0.50582 0.328167 1.0
0 0.638672 0.31918 0.015625 0.040996 0.636266 0.309611 1.0 0.636266 0.309611 1.0 0.630336 0.318239 1.0 0.636963 0.325037 1.0 0.636963 0.325037 1.0
0 0.377441 0.633968 0.084961 0.190337 0.387813 0.609313 1.0 0.398185 0.603332 1.0 0.418928 0.630843 1.0 0.386218 0.67869 1.0 0.3926 0.676297 1.0
0 0.328125 0.314056 0.035156 0.074671 0.320731 0.305324 1.0 0.33517 0.298735 1.0 0.330462 0.308618 1.0 0.32387 0.323206 1.0 0.337995 0.317559 1.0
0 0.224609 0.343338 0.048828 0.103953 0.211352 0.330795 1.0 0.235129 0.328814 1.0 0.224121 0.355221 1.0 0.215755 0.369085 1.0 0.236891 0.368425 1.0
0 0.027832 0.371157 0.047852 0.098097 0.012952 0.357496 1.0 0.036561 0.349423 1.0 0.029105 0.374883 1.0 0.019993 0.390406 1.0 0.039459 0.383575 1.0
0 0.135742 0.448755 0.044922 0.106881 0.119838 0.426271 1.0 0.142509 0.423552 1.0 0.130267 0.444625 1.0 0.125279 0.45822 1.0 0.144775 0.454821 1.0
0 0.191406 0.538067 0.035156 0.106881 0.196307 0.521119 1.0 0.197653 0.519772 1.0 0.207532 0.537277 1.0 0.193163 0.559493 1.0 0.195408 0.55882 1.0
0 0.004883 0.444363 0.009766 0.101025 0.000977 0.423133 1.0 0.001953 0.423133 1.0 0.004883 0.455344 1.0 0.000977 0.472914 1.0 0.004883 0.472914 1.0
0 0.046875 0.35798 0.023438 0.057101 0.026245 0.351123 1.0 0.037035 0.350044 1.0 0.029602 0.373411 1.0 0.026965 0.388511 1.0 0.039673 0.384196 1.0
0 0.144043 0.366764 0.024414 0.045388 0.0 0.0 0.0 0.0 0.0 0.0 0.0 0.0 0.0 0.0 0.0 0.0 0.0 0.0 0.0