0 0.639648 0.501989 0.015625 0.011936 0.0 0.0 0.0 0.0 0.0 0.0 0.0 0.0 0.0 0.0 0.0 0.0 0.0 0.0 0.0
0 0.486816 0.54244 0.012695 0.023873 0.488028 0.539113 1.0 0.491202 0.538959 1.0 0.492109 0.543577 1.0 0.488822 0.546964 1.0 0.491769 0.54758 1.0
0 0.501465 0.527188 0.010742 0.022546 0.0 0.0 0.0 0.0 0.0 0.0 0.0 0.0 0.0 0.0 0.0 0.0 0.0 0.0 0.0
0 0.47998 0.397878 0.008789 0.02122 0.0 0.0 0.0 0.0 0.0 0.0 0.0 0.0 0.0 0.0 0.0 0.0 0.0 0.0 0.0
0 0.487793 0.371353 0.010742 0.013263 0.0 0.0 0.0 0.0 0.0 0.0 0.0 0.0 0.0 0.0 0.0 0.0 0.0 0.0 0.0
0 0.271973 0.370027 0.008789 0.02122 0.271937 0.368416 1.0 0.274658 0.368275 1.0 0.274345 0.372537 1.0 0.271624 0.377369 1.0 0.274135 0.376942 1.0
0 0.217285 0.358753 0.006836 0.017241 0.0 0.0 0.0 0.0 0.0 0.0 0.0 0.0 0.0 0.0 0.0 0.0 0.0 0.0 0.0
0 0.22168 0.507294 0.013672 0.022546 0.220268 0.504779 1.0 0.226371 0.502854 1.0 0.225717 0.511143 1.0 0.221684 0.514103 1.0 0.225607 0.514548 1.0
0 0.258301 0.405172 0.006836 0.017241 0.0 0.0 0.0 0.0 0.0 0.0 0.0 0.0 0.0 0.0 0.0 0.0 0.0 0.0 0.0
0 0.30957 0.414456 0.005859 0.017241 0.0 0.0 0.0 0.0 0.0 0.0 0.0 0.0 0.0 0.0 0.0 0.0 0.0 0.0 0.0
0 0.287598 0.47878 0.008789 0.018568 0.0 0.0 0.0 0.0 0.0 0.0 0.0 0.0 0.0 0.0 0.0 0.0 0.0 0.0 0.0
0 0.130371 0.451592 0.010742 0.019894 0.128846 0.45126 1.0 0.134155 0.449643 1.0 0.132416 0.454741 1.0 0.130768 0.45872 1.0 0.133697 0.457725 1.0
0 0.100586 0.346817 0.011719 0.022546 0.0 0.0 0.0 0.0 0.0 0.0 0.0 0.0 0.0 0.0 0.0 0.0 0.0 0.0 0.0
0 0.064453 0.417772 0.007812 0.023873 0.0 0.0 0.0 0.0 0.0 0.0 0.0 0.0 0.0 0.0 0.0 0.0 0.0 0.0 0.0
0 0.007812 0.535809 0.011719 0.026525 0.009382 0.53492 1.0 0.012521 0.53492 1.0 0.013175 0.540072 1.0 0.008205 0.545401 1.0 0.010167 0.546822 1.0
0 0.386719 0.384615 0.005859 0.018568 0.0 0.0 0.0 0.0 0.0 0.0 0.0 0.0 0.0 0.0 0.0 0.0 0.0 0.0 0.0
0 0.233887 0.427056 0.006836 0.015915 0.0 0.0 0.0 0.0 0.0 0.0 0.0 0.0 0.0 0.0 0.0 0.0 0.0 0.0 0.0