0 0.103516 0.132159 0.021484 0.044053 0.096653 0.123532 1.0 0.100216 0.126069 1.0 0.093842 0.135372 1.0 0.100402 0.142137 1.0 0.10209 0.141291 1.0
0 0.18457 0.215125 0.013672 0.030837 0.181466 0.209278 1.0 0.183036 0.209278 1.0 0.18042 0.215571 1.0 0.181205 0.220488 1.0 0.182382 0.220488 1.0
0 0.258789 0.249633 0.023438 0.026432 0.261658 0.23215 1.0 0.262268 0.232837 1.0 0.253418 0.244999 1.0 0.256164 0.254176 1.0 0.256622 0.254176 1.0
0 0.035156 0.151982 0.017578 0.045521 0.030252 0.149924 1.0 0.032214 0.150809 1.0 0.026916 0.159954 1.0 0.031625 0.164674 1.0 0.033391 0.164969 1.0
0 0.146973 0.347283 0.020508 0.033774 0.140407 0.341646 1.0 0.14352 0.341646 1.0 0.138925 0.353905 1.0 0.143224 0.357693 1.0 0.143965 0.356134 1.0
0 0.144043 0.433921 0.014648 0.036711 0.0 0.0 0.0 0.0 0.0 0.0 0.0 0.0 0.0 0.0 0.0 0.0 0.0 0.0 0.0
0 0.185059 0.451542 0.016602 0.024963 0.0 0.0 0.0 0.0 0.0 0.0 0.0 0.0 0.0 0.0 0.0 0.0 0.0 0.0 0.0
0 0.201172 0.449339 0.017578 0.026432 0.0 0.0 0.0 0.0 0.0 0.0 0.0 0.0 0.0 0.0 0.0 0.0 0.0 0.0 0.0
0 0.242676 0.43025 0.016602 0.035242 0.237457 0.423091 1.0 0.237457 0.423091 1.0 0.235016 0.428827 1.0 0.239594 0.434793 1.0 0.239594 0.434793 1.0
0 0.272461 0.436123 0.019531 0.035242 0.26545 0.435455 1.0 0.27049 0.435455 1.0 0.265303 0.441696 1.0 0.267525 0.447267 1.0 0.270936 0.446822 1.0
0 0.341309 0.478708 0.022461 0.026432 0.0 0.0 0.0 0.0 0.0 0.0 0.0 0.0 0.0 0.0 0.0 0.0 0.0 0.0 0.0
0 0.524414 0.165932 0.023438 0.049927 0.524354 0.159416 1.0 0.532898 0.158452 1.0 0.530976 0.167125 1.0 0.525849 0.177084 1.0 0.533325 0.176762 1.0
0 0.591309 0.232746 0.022461 0.045521 0.586321 0.229128 1.0 0.588239 0.228261 1.0 0.58517 0.238646 1.0 0.589007 0.245568 1.0 0.589774 0.244991 1.0
0 0.469727 0.239354 0.019531 0.035242 0.0 0.0 0.0 0.0 0.0 0.0 0.0 0.0 0.0 0.0 0.0 0.0 0.0 0.0 0.0
0 0.414551 0.202643 0.022461 0.038179 0.408744 0.199994 1.0 0.41047 0.199286 1.0 0.409686 0.207075 1.0 0.412354 0.211558 1.0 0.413923 0.210615 1.0
0 0.402344 0.218062 0.015625 0.039648 0.0 0.0 0.0 0.0 0.0 0.0 0.0 0.0 0.0 0.0 0.0 0.0 0.0 0.0 0.0
0 0.373535 0.337739 0.010742 0.032305 0.0 0.0 0.0 0.0 0.0 0.0 0.0 0.0 0.0 0.0 0.0 0.0 0.0 0.0 0.0
0 0.524902 0.371512 0.020508 0.035242 0.0 0.0 0.0 0.0 0.0 0.0 0.0 0.0 0.0 0.0 0.0 0.0 0.0 0.0 0.0
0 0.606445 0.309104 0.017578 0.042584 0.0 0.0 0.0 0.0 0.0 0.0 0.0 0.0 0.0 0.0 0.0 0.0 0.0 0.0 0.0
0 0.674805 0.193098 0.021484 0.042584 0.665963 0.184767 1.0 0.670432 0.187185 1.0 0.661137 0.19686 1.0 0.668466 0.205463 1.0 0.673113 0.206269 1.0
0 0.669434 0.218796 0.026367 0.035242 0.0 0.0 0.0 0.0 0.0 0.0 0.0 0.0 0.0 0.0 0.0 0.0 0.0 0.0 0.0
0 0.728027 0.187959 0.026367 0.052863 0.717533 0.179869 1.0 0.721313 0.178198 1.0 0.715978 0.189899 1.0 0.722203 0.200598 1.0 0.725761 0.198927 1.0
0 0.800781 0.232012 0.023438 0.0558 0.792995 0.227711 1.0 0.794643 0.227357 1.0 0.790405 0.236561 1.0 0.796056 0.247535 1.0 0.797468 0.247181 1.0
0 0.927734 0.155653 0.019531 0.04699 0.926017 0.151838 1.0 0.936672 0.150298 1.0 0.933394 0.158308 1.0 0.92909 0.168167 1.0 0.936672 0.167859 1.0
0 0.881348 0.226872 0.020508 0.036711 0.882551 0.224486 1.0 0.889143 0.223542 1.0 0.888201 0.231802 1.0 0.883021 0.237231 1.0 0.887573 0.237231 1.0
0 0.868164 0.15859 0.005859 0.038179 0.0 0.0 0.0 0.0 0.0 0.0 0.0 0.0 0.0 0.0 0.0 0.0 0.0 0.0 0.0
0 0.895508 0.297357 0.021484 0.042584 0.891492 0.296013 1.0 0.902396 0.296282 1.0 0.896676 0.302195 1.0 0.892387 0.310258 1.0 0.901145 0.310527 1.0
0 0.854004 0.449339 0.024414 0.038179 0.845729 0.44264 1.0 0.85219 0.443885 1.0 0.843741 0.452853 1.0 0.847552 0.458831 1.0 0.850865 0.459828 1.0
0 0.770996 0.455947 0.020508 0.030837 0.764426 0.453101 1.0 0.765777 0.453101 1.0 0.763345 0.461028 1.0 0.76375 0.468546 1.0 0.765777 0.468546 1.0
0 0.941895 0.32746 0.022461 0.041116 0.936 0.317862 1.0 0.936698 0.318125 1.0 0.931641 0.328875 1.0 0.937396 0.33648 1.0 0.938093 0.336742 1.0
0 0.913086 0.310573 0.013672 0.033774 0.0 0.0 0.0 0.0 0.0 0.0 0.0 0.0 0.0 0.0 0.0 0.0 0.0 0.0 0.0
0 0.995117 0.293686 0.009766 0.038179 0.99462 0.288586 1.0 0.999459 0.288344 1.0 0.997847 0.295377 1.0 0.995588 0.304595 1.0 0.999298 0.304595 1.0
0 0.773438 0.199706 0.023438 0.038179 0.0 0.0 0.0 0.0 0.0 0.0 0.0 0.0 0.0 0.0 0.0 0.0 0.0 0.0 0.0
0 0.462891 0.45815 0.021484 0.038179 0.452026 0.449129 1.0 0.458618 0.44795 1.0 0.454694 0.459041 1.0 0.457206 0.464233 1.0 0.461443 0.461401 1.0
0 0.414062 0.376652 0.013672 0.030837 0.0 0.0 0.0 0.0 0.0 0.0 0.0 0.0 0.0 0.0 0.0 0.0 0.0 0.0 0.0
0 0.327148 0.419236 0.013672 0.01909 0.0 0.0 0.0 0.0 0.0 0.0 0.0 0.0 0.0 0.0 0.0 0.0 0.0 0.0 0.0