0 0.953613 0.149242 0.018555 0.037879 0.951729 0.144589 1.0 0.960048 0.14605 1.0 0.956281 0.151894 1.0 0.951887 0.159686 1.0 0.957851 0.160417 1.0
0 0.916016 0.096212 0.015625 0.025758 0.0 0.0 0.0 0.0 0.0 0.0 0.0 0.0 0.0 0.0 0.0 0.0 0.0 0.0 0.0
0 0.991211 0.064394 0.017578 0.034848 0.987475 0.061938 1.0 0.996395 0.06127 1.0 0.992078 0.068412 1.0 0.989201 0.075777 1.0 0.9951 0.074885 1.0
0 0.953125 0.026515 0.019531 0.025758 0.0 0.0 0.0 0.0 0.0 0.0 0.0 0.0 0.0 0.0 0.0 0.0 0.0 0.0 0.0
0 0.867676 0.041667 0.014648 0.028788 0.86377 0.036553 1.0 0.871216 0.036742 1.0 0.866943 0.043561 1.0 0.864502 0.048485 1.0 0.869019 0.048485 1.0
0 0.827637 0.399242 0.038086 0.095455 0.832158 0.391697 1.0 0.844795 0.392697 1.0 0.844756 0.410364 1.0 0.832012 0.426576 1.0 0.840996 0.427727 1.0
0 0.798828 0.284848 0.021484 0.039394 0.794853 0.277652 1.0 0.803964 0.277138 1.0 0.798994 0.283306 1.0 0.794189 0.295902 1.0 0.803301 0.295644 1.0
0 0.762695 0.195455 0.023438 0.039394 0.0 0.0 0.0 0.0 0.0 0.0 0.0 0.0 0.0 0.0 0.0 0.0 0.0 0.0 0.0
0 0.775391 0.339394 0.021484 0.051515 0.771424 0.3393 1.0 0.781891 0.3393 1.0 0.778687 0.348911 1.0 0.774414 0.358191 1.0 0.780396 0.357861 1.0
0 0.728516 0.27803 0.021484 0.043939 0.724988 0.274703 1.0 0.734283 0.273592 1.0 0.729814 0.281358 1.0 0.726776 0.290233 1.0 0.733568 0.289956 1.0
0 0.687988 0.204545 0.020508 0.042424 0.0 0.0 0.0 0.0 0.0 0.0 0.0 0.0 0.0 0.0 0.0 0.0 0.0 0.0 0.0
0 0.686523 0.354545 0.021484 0.048485 0.681423 0.352874 1.0 0.691036 0.351353 1.0 0.687504 0.360485 1.0 0.684562 0.371442 1.0 0.69084 0.36992 1.0
0 0.665039 0.282576 0.021484 0.040909 0.666251 0.278355 1.0 0.674072 0.276509 1.0 0.671862 0.283895 1.0 0.669481 0.293391 1.0 0.673052 0.291809 1.0
0 0.688965 0.084091 0.018555 0.040909 0.0 0.0 0.0 0.0 0.0 0.0 0.0 0.0 0.0 0.0 0.0 0.0 0.0 0.0 0.0
0 0.637695 0.098485 0.017578 0.033333 0.635742 0.095671 1.0 0.643834 0.094805 1.0 0.641881 0.101732 1.0 0.638253 0.108658 1.0 0.643275 0.107792 1.0
0 0.670898 0.032576 0.017578 0.028788 0.0 0.0 0.0 0.0 0.0 0.0 0.0 0.0 0.0 0.0 0.0 0.0 0.0 0.0 0.0
0 0.614746 0.026515 0.018555 0.037879 0.0 0.0 0.0 0.0 0.0 0.0 0.0 0.0 0.0 0.0 0.0 0.0 0.0 0.0 0.0
0 0.571289 0.1 0.017578 0.030303 0.568634 0.094927 1.0 0.575208 0.094927 1.0 0.572301 0.101988 1.0 0.569646 0.107089 1.0 0.575461 0.105715 1.0
0 0.52832 0.149242 0.023438 0.034848 0.525207 0.139908 1.0 0.532915 0.139679 1.0 0.529357 0.147727 1.0 0.525504 0.156926 1.0 0.533953 0.156926 1.0
0 0.513184 0.092424 0.018555 0.033333 0.507882 0.089827 1.0 0.516532 0.089177 1.0 0.512486 0.094373 1.0 0.508998 0.101515 1.0 0.516532 0.10065 1.0
0 0.541992 0.04697 0.015625 0.030303 0.539935 0.044535 1.0 0.546343 0.043723 1.0 0.543989 0.05042 1.0 0.539411 0.058942 1.0 0.545166 0.058333 1.0
0 0.491699 0.042424 0.018555 0.036364 0.0 0.0 0.0 0.0 0.0 0.0 0.0 0.0 0.0 0.0 0.0 0.0 0.0 0.0 0.0
0 0.623535 0.356061 0.026367 0.051515 0.62619 0.352983 1.0 0.634094 0.350994 1.0 0.634094 0.360606 1.0 0.627899 0.367567 1.0 0.633026 0.366573 1.0
0 0.541016 0.365152 0.023438 0.036364 0.539123 0.361789 1.0 0.545838 0.360133 1.0 0.54599 0.365815 1.0 0.544006 0.373864 1.0 0.547974 0.372206 1.0
0 0.496094 0.365909 0.021484 0.037879 0.0 0.0 0.0 0.0 0.0 0.0 0.0 0.0 0.0 0.0 0.0 0.0 0.0 0.0 0.0
0 0.372559 0.174242 0.036133 0.057576 0.0 0.0 0.0 0.0 0.0 0.0 0.0 0.0 0.0 0.0 0.0 0.0 0.0 0.0 0.0
0 0.45752 0.157576 0.016602 0.027273 0.0 0.0 0.0 0.0 0.0 0.0 0.0 0.0 0.0 0.0 0.0 0.0 0.0 0.0 0.0
0 0.446777 0.090909 0.020508 0.045455 0.0 0.0 0.0 0.0 0.0 0.0 0.0 0.0 0.0 0.0 0.0 0.0 0.0 0.0 0.0
0 0.433105 0.034091 0.018555 0.034848 0.0 0.0 0.0 0.0 0.0 0.0 0.0 0.0 0.0 0.0 0.0 0.0 0.0 0.0 0.0
0 0.37207 0.100758 0.017578 0.031818 0.373317 0.096347 1.0 0.379726 0.096347 1.0 0.378418 0.10345 1.0 0.371225 0.110755 1.0 0.379987 0.109538 1.0
0 0.332031 0.090909 0.019531 0.042424 0.331948 0.089042 1.0 0.338025 0.088211 1.0 0.336417 0.095698 1.0 0.334094 0.102355 1.0 0.338025 0.1018 1.0
0 0.291504 0.156061 0.016602 0.033333 0.288644 0.152597 1.0 0.297015 0.15238 1.0 0.294225 0.158009 1.0 0.290597 0.166667 1.0 0.296317 0.166667 1.0
0 0.268066 0.362879 0.022461 0.05303 0.2658 0.36012 1.0 0.274915 0.355635 1.0 0.274248 0.369433 1.0 0.268689 0.378403 1.0 0.278028 0.373227 1.0
0 0.313477 0.020455 0.019531 0.031818 0.0 0.0 0.0 0.0 0.0 0.0 0.0 0.0 0.0 0.0 0.0 0.0 0.0 0.0 0.0
0 0.263184 0.044697 0.018555 0.037879 0.262067 0.040774 1.0 0.270229 0.040774 1.0 0.267403 0.045888 1.0 0.263637 0.054167 1.0 0.269758 0.05368 1.0
0 0.259277 0.090909 0.016602 0.033333 0.0 0.0 0.0 0.0 0.0 0.0 0.0 0.0 0.0 0.0 0.0 0.0 0.0 0.0 0.0
0 0.197266 0.032576 0.017578 0.037879 0.0 0.0 0.0 0.0 0.0 0.0 0.0 0.0 0.0 0.0 0.0 0.0 0.0 0.0 0.0
0 0.134277 0.083333 0.041992 0.072727 0.140106 0.069508 1.0 0.150334 0.072774 1.0 0.151838 0.090511 1.0 0.138 0.096577 1.0 0.144017 0.099844 1.0
0 0.031738 0.095455 0.018555 0.042424 0.029994 0.087986 1.0 0.038365 0.088258 1.0 0.034877 0.096105 1.0 0.032087 0.10368 1.0 0.038539 0.10368 1.0
0 0.022461 0.143939 0.021484 0.054545 0.024467 0.144994 1.0 0.030134 0.143939 1.0 0.030134 0.15238 1.0 0.02356 0.162582 1.0 0.028773 0.161877 1.0
0 0.012207 0.215909 0.014648 0.043939 0.0 0.0 0.0 0.0 0.0 0.0 0.0 0.0 0.0 0.0 0.0 0.0 0.0 0.0 0.0
0 0.160156 0.149242 0.015625 0.031818 0.0 0.0 0.0 0.0 0.0 0.0 0.0 0.0 0.0 0.0 0.0 0.0 0.0 0.0 0.0
0 0.084473 0.035606 0.014648 0.022727 0.0 0.0 0.0 0.0 0.0 0.0 0.0 0.0 0.0 0.0 0.0 0.0 0.0 0.0 0.0
0 0.01709 0.305303 0.016602 0.040909 0.0 0.0 0.0 0.0 0.0 0.0 0.0 0.0 0.0 0.0 0.0 0.0 0.0 0.0 0.0
0 0.016113 0.380303 0.020508 0.033333 0.017229 0.380303 1.0 0.024065 0.379653 1.0 0.02281 0.389177 1.0 0.018764 0.395021 1.0 0.023926 0.394373 1.0