0 0.907715 0.391583 0.024414 0.041369 0.900077 0.384795 1.0 0.909729 0.384011 1.0 0.9024 0.394194 1.0 0.900435 0.401766 1.0 0.909014 0.401244 1.0
0 0.835449 0.393723 0.022461 0.03709 0.82948 0.388534 1.0 0.84045 0.388297 1.0 0.833514 0.396545 1.0 0.828836 0.404084 1.0 0.838191 0.403378 1.0
0 0.772461 0.499287 0.023438 0.03709 0.767665 0.495415 1.0 0.778765 0.495415 1.0 0.773629 0.503884 1.0 0.770813 0.509934 1.0 0.777439 0.509693 1.0
0 0.780762 0.391583 0.022461 0.041369 0.773254 0.386763 1.0 0.783622 0.386502 1.0 0.776829 0.394335 1.0 0.775757 0.401907 1.0 0.780404 0.402951 1.0
0 0.728516 0.388017 0.021484 0.034237 0.722412 0.378833 1.0 0.732025 0.37928 1.0 0.725464 0.386635 1.0 0.723175 0.395328 1.0 0.72882 0.395551 1.0
0 0.692871 0.486448 0.020508 0.03709 0.688673 0.481964 1.0 0.698352 0.481964 1.0 0.694157 0.488327 1.0 0.689963 0.499165 1.0 0.696899 0.498695 1.0
0 0.674805 0.365906 0.021484 0.044223 0.667354 0.359034 1.0 0.677948 0.359608 1.0 0.670493 0.367345 1.0 0.668335 0.375083 1.0 0.673043 0.375656 1.0
0 0.620117 0.363766 0.023438 0.042796 0.613142 0.355933 1.0 0.62439 0.356481 1.0 0.616891 0.36716 1.0 0.615392 0.373459 1.0 0.621391 0.373733 1.0
0 0.620117 0.495007 0.025391 0.048502 0.616071 0.489913 1.0 0.627372 0.489913 1.0 0.621931 0.498777 1.0 0.617955 0.506725 1.0 0.624023 0.506725 1.0
0 0.567383 0.376605 0.021484 0.042796 0.562583 0.372331 1.0 0.572331 0.370689 1.0 0.567645 0.378631 1.0 0.564832 0.386298 1.0 0.571206 0.38575 1.0
0 0.533691 0.484308 0.020508 0.047076 0.527388 0.478029 1.0 0.538417 0.47715 1.0 0.533604 0.486817 1.0 0.530596 0.495312 1.0 0.536813 0.49502 1.0
0 0.416504 0.380884 0.022461 0.039943 0.412842 0.37477 1.0 0.422607 0.375026 1.0 0.418073 0.38012 1.0 0.414237 0.389291 1.0 0.421038 0.389291 1.0
0 0.450684 0.501427 0.024414 0.044223 0.445976 0.49623 1.0 0.456909 0.49623 1.0 0.451538 0.504916 1.0 0.44751 0.511642 1.0 0.454032 0.511922 1.0
0 0.370605 0.497147 0.024414 0.038516 0.365208 0.491746 1.0 0.375069 0.492989 1.0 0.369289 0.4987 1.0 0.365889 0.505655 1.0 0.371499 0.505903 1.0
0 0.277832 0.383738 0.022461 0.045649 0.275774 0.380445 1.0 0.284603 0.379013 1.0 0.283033 0.386464 1.0 0.278913 0.395347 1.0 0.285584 0.394488 1.0
0 0.347168 0.377318 0.020508 0.038516 0.34464 0.375331 1.0 0.354161 0.375083 1.0 0.35178 0.381292 1.0 0.34753 0.388743 1.0 0.354161 0.388495 1.0
0 0.210938 0.417974 0.025391 0.03709 0.208029 0.412548 1.0 0.217869 0.410428 1.0 0.214644 0.417496 1.0 0.211256 0.427864 1.0 0.218515 0.427158 1.0
0 0.15918 0.392297 0.023438 0.03709 0.153529 0.384515 1.0 0.162886 0.384278 1.0 0.158853 0.393705 1.0 0.155465 0.39983 1.0 0.16224 0.398889 1.0
0 0.065918 0.420827 0.026367 0.039943 0.061279 0.417516 1.0 0.072963 0.415987 1.0 0.067731 0.42312 1.0 0.063721 0.43331 1.0 0.07244 0.432545 1.0
0 0.495117 0.367332 0.019531 0.038516 0.494267 0.364104 1.0 0.503278 0.363854 1.0 0.500558 0.37081 1.0 0.496308 0.37975 1.0 0.501578 0.379254 1.0