0 0.777344 0.39959 0.025391 0.069672 0.772521 0.390945 1.0 0.784698 0.390945 1.0 0.777862 0.407082 1.0 0.772949 0.416496 1.0 0.781922 0.416496 1.0
0 0.76416 0.170082 0.024414 0.053279 0.757703 0.164658 1.0 0.768834 0.162627 1.0 0.763994 0.176166 1.0 0.761252 0.189029 1.0 0.769641 0.186996 1.0
0 0.864258 0.170082 0.025391 0.069672 0.85907 0.161885 1.0 0.869965 0.161436 1.0 0.864197 0.175781 1.0 0.858856 0.184299 1.0 0.868896 0.184746 1.0
0 0.659668 0.170082 0.024414 0.057377 0.656041 0.162764 1.0 0.665458 0.162398 1.0 0.661272 0.172643 1.0 0.656738 0.184352 1.0 0.665108 0.184719 1.0
0 0.660156 0.362705 0.025391 0.069672 0.653198 0.355852 1.0 0.664521 0.355406 1.0 0.657471 0.36975 1.0 0.653412 0.379611 1.0 0.663452 0.379611 1.0
0 0.564453 0.391393 0.025391 0.065574 0.55964 0.380928 1.0 0.570269 0.383453 1.0 0.563852 0.395236 1.0 0.560442 0.405336 1.0 0.567461 0.406176 1.0
0 0.576172 0.171107 0.023438 0.059426 0.57074 0.163166 1.0 0.581359 0.163166 1.0 0.5766 0.177381 1.0 0.572021 0.188139 1.0 0.580811 0.188139 1.0
0 0.494629 0.184426 0.024414 0.057377 0.490923 0.176275 1.0 0.500933 0.17365 1.0 0.498431 0.187152 1.0 0.492711 0.198404 1.0 0.500396 0.196904 1.0
0 0.43457 0.147541 0.023438 0.057377 0.429896 0.13949 1.0 0.440709 0.140588 1.0 0.433907 0.153031 1.0 0.43042 0.162178 1.0 0.437744 0.162178 1.0
0 0.369141 0.367828 0.023438 0.059426 0.3636 0.357527 1.0 0.374503 0.356027 1.0 0.368426 0.369529 1.0 0.366102 0.381533 1.0 0.372537 0.382283 1.0
0 0.492676 0.379098 0.024414 0.065574 0.489341 0.372311 1.0 0.501111 0.376016 1.0 0.494638 0.387543 1.0 0.488752 0.395365 1.0 0.49758 0.397834 1.0
0 0.613281 0.625 0.027344 0.069672 0.605888 0.61285 1.0 0.618652 0.621633 1.0 0.609026 0.633928 1.0 0.604841 0.641832 1.0 0.61363 0.646662 1.0
0 0.703125 0.633197 0.027344 0.04918 0.696006 0.620041 1.0 0.708248 0.610408 1.0 0.701957 0.623967 1.0 0.701106 0.642518 1.0 0.708248 0.636096 1.0
0 0.353516 0.167008 0.021484 0.067623 0.346802 0.15808 1.0 0.356022 0.15765 1.0 0.35131 0.169689 1.0 0.348031 0.182158 1.0 0.355817 0.181727 1.0
0 0.285156 0.167008 0.021484 0.063525 0.282279 0.157129 1.0 0.291679 0.157531 1.0 0.28669 0.170814 1.0 0.281512 0.180072 1.0 0.290911 0.181682 1.0
0 0.196289 0.158811 0.027344 0.059426 0.191223 0.154328 1.0 0.202026 0.154328 1.0 0.196899 0.166623 1.0 0.191223 0.178535 1.0 0.200379 0.178918 1.0
0 0.23291 0.401639 0.030273 0.081967 0.228516 0.385246 1.0 0.241211 0.387295 1.0 0.234375 0.397541 1.0 0.228516 0.407787 1.0 0.239258 0.411885 1.0
0 0.135254 0.410861 0.026367 0.067623 0.127372 0.402809 1.0 0.1393 0.402371 1.0 0.133649 0.416863 1.0 0.128627 0.428717 1.0 0.137626 0.428717 1.0
0 0.106445 0.191598 0.027344 0.071721 0.102325 0.178342 1.0 0.114074 0.17924 1.0 0.108947 0.194033 1.0 0.105103 0.205686 1.0 0.111512 0.205238 1.0