0 0.672363 0.287701 0.041992 0.080527 0.660121 0.263007 1.0 0.679845 0.265047 1.0 0.667603 0.285439 1.0 0.662842 0.296146 1.0 0.676104 0.298186 1.0
0 0.789062 0.122255 0.035156 0.057101 0.0 0.0 0.0 0.0 0.0 0.0 0.0 0.0 0.0 0.0 0.0 0.0 0.0 0.0 0.0
0 0.753906 0.062225 0.029297 0.039531 0.0 0.0 0.0 0.0 0.0 0.0 0.0 0.0 0.0 0.0 0.0 0.0 0.0 0.0 0.0
0 0.689941 0.068814 0.024414 0.040996 0.0 0.0 0.0 0.0 0.0 0.0 0.0 0.0 0.0 0.0 0.0 0.0 0.0 0.0 0.0
0 0.49707 0.239385 0.048828 0.071742 0.481689 0.226887 1.0 0.495501 0.219357 1.0 0.487653 0.245242 1.0 0.49456 0.258419 1.0 0.50429 0.253242 1.0
0 0.438477 0.105417 0.03125 0.055637 0.0 0.0 0.0 0.0 0.0 0.0 0.0 0.0 0.0 0.0 0.0 0.0 0.0 0.0 0.0
0 0.496094 0.039531 0.03125 0.052709 0.491604 0.031466 1.0 0.506056 0.031799 1.0 0.499386 0.042466 1.0 0.494271 0.050799 1.0 0.502942 0.053133 1.0
0 0.618164 0.038799 0.023438 0.039531 0.614354 0.032107 1.0 0.622306 0.032354 1.0 0.618495 0.043283 1.0 0.615182 0.048003 1.0 0.621643 0.047258 1.0
0 0.522461 0.070278 0.027344 0.055637 0.0 0.0 0.0 0.0 0.0 0.0 0.0 0.0 0.0 0.0 0.0 0.0 0.0 0.0 0.0
0 0.266113 0.14202 0.036133 0.079063 0.262604 0.133236 1.0 0.276703 0.132732 1.0 0.273682 0.143805 1.0 0.27066 0.160917 1.0 0.277039 0.160917 1.0
0 0.273926 0.04978 0.036133 0.073206 0.275242 0.043747 1.0 0.288779 0.042845 1.0 0.283665 0.053669 1.0 0.277648 0.069906 1.0 0.287275 0.068552 1.0
0 0.384766 0.015373 0.03125 0.027818 0.0 0.0 0.0 0.0 0.0 0.0 0.0 0.0 0.0 0.0 0.0 0.0 0.0 0.0 0.0
0 0.313965 0.221083 0.03418 0.061493 0.312962 0.202612 1.0 0.327109 0.204155 1.0 0.321193 0.21958 1.0 0.312705 0.234234 1.0 0.323508 0.234621 1.0
0 0.216797 0.182284 0.037109 0.057101 0.214355 0.164714 1.0 0.229492 0.165447 1.0 0.223389 0.183016 1.0 0.211182 0.194363 1.0 0.222656 0.198023 1.0
0 0.118652 0.20571 0.03418 0.057101 0.119385 0.188873 1.0 0.131348 0.190337 1.0 0.127686 0.206442 1.0 0.114746 0.217423 1.0 0.125732 0.219619 1.0
0 0.083008 0.141288 0.039062 0.071742 0.0 0.0 0.0 0.0 0.0 0.0 0.0 0.0 0.0 0.0 0.0 0.0 0.0 0.0 0.0
0 0.012695 0.153734 0.023438 0.06735 0.006017 0.138204 1.0 0.020691 0.137341 1.0 0.017238 0.152007 1.0 0.008318 0.168832 1.0 0.017525 0.168832 1.0
0 0.742676 0.166911 0.026367 0.046852 0.0 0.0 0.0 0.0 0.0 0.0 0.0 0.0 0.0 0.0 0.0 0.0 0.0 0.0 0.0
0 0.838379 0.062225 0.020508 0.036603 0.0 0.0 0.0 0.0 0.0 0.0 0.0 0.0 0.0 0.0 0.0 0.0 0.0 0.0 0.0
0 0.862305 0.114934 0.019531 0.039531 0.0 0.0 0.0 0.0 0.0 0.0 0.0 0.0 0.0 0.0 0.0 0.0 0.0 0.0 0.0
0 0.563965 0.183016 0.022461 0.046852 0.0 0.0 0.0 0.0 0.0 0.0 0.0 0.0 0.0 0.0 0.0 0.0 0.0 0.0 0.0
0 0.145996 0.040996 0.030273 0.058565 0.0 0.0 0.0 0.0 0.0 0.0 0.0 0.0 0.0 0.0 0.0 0.0 0.0 0.0 0.0
0 0.230469 0.04612 0.021484 0.045388 0.0 0.0 0.0 0.0 0.0 0.0 0.0 0.0 0.0 0.0 0.0 0.0 0.0 0.0 0.0
0 0.582031 0.199854 0.019531 0.036603 0.0 0.0 0.0 0.0 0.0 0.0 0.0 0.0 0.0 0.0 0.0 0.0 0.0 0.0 0.0
0 0.554199 0.034407 0.024414 0.045388 0.0 0.0 0.0 0.0 0.0 0.0 0.0 0.0 0.0 0.0 0.0 0.0 0.0 0.0 0.0
0 0.660156 0.021962 0.027344 0.032211 0.0 0.0 0.0 0.0 0.0 0.0 0.0 0.0 0.0 0.0 0.0 0.0 0.0 0.0 0.0
0 0.694824 0.110542 0.022461 0.036603 0.0 0.0 0.0 0.0 0.0 0.0 0.0 0.0 0.0 0.0 0.0 0.0 0.0 0.0 0.0
0 0.95752 0.22328 0.024414 0.04246 0.0 0.0 0.0 0.0 0.0 0.0 0.0 0.0 0.0 0.0 0.0 0.0 0.0 0.0 0.0