0 0.876465 0.880952 0.05957 0.022711 0.0 0.0 0.0 0.0 0.0 0.0 0.0 0.0 0.0 0.0 0.0 0.0 0.0 0.0 0.0
0 0.684082 0.62674 0.040039 0.046154 0.683594 0.612768 1.0 0.70183 0.615097 1.0 0.701054 0.620336 1.0 0.68825 0.633144 1.0 0.699502 0.633726 1.0
0 0.131836 0.086447 0.085938 0.083516 0.109235 0.074725 1.0 0.143415 0.074725 1.0 0.125279 0.09147 1.0 0.115514 0.105599 1.0 0.145508 0.106122 1.0
0 0.217773 0.209524 0.029297 0.024908 0.2131 0.202982 1.0 0.223563 0.202355 1.0 0.216448 0.207378 1.0 0.212682 0.213971 1.0 0.220634 0.213344 1.0
0 0.350586 0.210256 0.037109 0.032234 0.34082 0.203663 1.0 0.353516 0.20293 1.0 0.345703 0.208059 1.0 0.341797 0.215385 1.0 0.349609 0.215385 1.0
0 0.350586 0.058608 0.025391 0.026374 0.345703 0.054945 1.0 0.353516 0.054945 1.0 0.349609 0.058608 1.0 0.345703 0.062271 1.0 0.353516 0.062271 1.0
0 0.270996 0.265568 0.041992 0.046154 0.263741 0.264612 1.0 0.277867 0.263141 1.0 0.270805 0.27256 1.0 0.267273 0.278153 1.0 0.279437 0.276681 1.0
0 0.116699 0.274359 0.038086 0.035897 0.111886 0.272949 1.0 0.127528 0.273401 1.0 0.119105 0.279268 1.0 0.11309 0.28491 1.0 0.123017 0.284684 1.0
0 0.37793 0.295604 0.039062 0.035897 0.36383 0.288599 1.0 0.381836 0.288141 1.0 0.373901 0.296612 1.0 0.37207 0.30348 1.0 0.383973 0.303022 1.0
0 0.393555 0.404029 0.037109 0.028571 0.386112 0.399533 1.0 0.405535 0.398993 1.0 0.397383 0.408347 1.0 0.389709 0.412843 1.0 0.401219 0.412304 1.0
0 0.407715 0.449451 0.038086 0.038828 0.400853 0.439642 1.0 0.416548 0.441114 1.0 0.408373 0.447492 1.0 0.397583 0.457303 1.0 0.414913 0.458775 1.0
0 0.369629 0.461172 0.026367 0.035897 0.37207 0.457143 1.0 0.375977 0.457875 1.0 0.379883 0.461538 1.0 0.369141 0.469597 1.0 0.37207 0.469597 1.0
0 0.125977 0.339927 0.037109 0.030769 0.116595 0.332862 1.0 0.132289 0.333059 1.0 0.121826 0.340711 1.0 0.117902 0.346206 1.0 0.128104 0.346402 1.0
0 0.089355 0.515385 0.020508 0.028571 0.0 0.0 0.0 0.0 0.0 0.0 0.0 0.0 0.0 0.0 0.0 0.0 0.0 0.0 0.0
0 0.705566 0.220147 0.032227 0.032967 0.69346 0.216745 1.0 0.707062 0.217383 1.0 0.698561 0.223548 1.0 0.69601 0.226311 1.0 0.708479 0.226311 1.0
0 0.828613 0.203297 0.03418 0.027106 0.819336 0.194872 1.0 0.834961 0.192674 1.0 0.822266 0.2 1.0 0.821289 0.208059 1.0 0.838867 0.208059 1.0
0 0.726562 0.272161 0.039062 0.032967 0.716309 0.271795 1.0 0.72998 0.270958 1.0 0.720215 0.276818 1.0 0.716309 0.283726 1.0 0.731097 0.283307 1.0
0 0.616699 0.317582 0.030273 0.025641 0.0 0.0 0.0 0.0 0.0 0.0 0.0 0.0 0.0 0.0 0.0 0.0 0.0 0.0 0.0
0 0.861328 0.273993 0.041016 0.035165 0.853027 0.267098 1.0 0.866368 0.269322 1.0 0.857475 0.274215 1.0 0.84947 0.281332 1.0 0.862514 0.282666 1.0
0 0.952637 0.204762 0.036133 0.030037 0.943359 0.196337 1.0 0.957031 0.195604 1.0 0.949219 0.20293 1.0 0.943359 0.208059 1.0 0.955078 0.208791 1.0
0 0.929199 0.371062 0.03418 0.032967 0.918317 0.364626 1.0 0.932269 0.365882 1.0 0.921944 0.372161 1.0 0.918876 0.378232 1.0 0.933385 0.378232 1.0
0 0.773926 0.381319 0.03418 0.031502 0.769531 0.372894 1.0 0.776367 0.372161 1.0 0.771484 0.381685 1.0 0.768555 0.386081 1.0 0.779297 0.385348 1.0
0 0.630859 0.376923 0.035156 0.031502 0.621992 0.368243 1.0 0.633614 0.369459 1.0 0.626857 0.377571 1.0 0.622803 0.382437 1.0 0.632533 0.383856 1.0
0 0.534668 0.378388 0.036133 0.028571 0.527344 0.372161 1.0 0.542969 0.372161 1.0 0.536133 0.378755 1.0 0.529297 0.385348 1.0 0.540039 0.384615 1.0
0 0.547852 0.275092 0.019531 0.01685 0.0 0.0 0.0 0.0 0.0 0.0 0.0 0.0 0.0 0.0 0.0 0.0 0.0 0.0 0.0
0 0.918945 0.347253 0.019531 0.021978 0.0 0.0 0.0 0.0 0.0 0.0 0.0 0.0 0.0 0.0 0.0 0.0 0.0 0.0 0.0
0 0.982422 0.355311 0.019531 0.026374 0.989537 0.345539 1.0 0.990871 0.345705 1.0 0.991982 0.351043 1.0 0.986646 0.355881 1.0 0.988203 0.355881 1.0
0 0.42627 0.198168 0.02832 0.022711 0.0 0.0 0.0 0.0 0.0 0.0 0.0 0.0 0.0 0.0 0.0 0.0 0.0 0.0 0.0
0 0.450195 0.052381 0.029297 0.024176 0.0 0.0 0.0 0.0 0.0 0.0 0.0 0.0 0.0 0.0 0.0 0.0 0.0 0.0 0.0