0 0.90332 0.143951 0.046875 0.085758 0.892451 0.132113 1.0 0.913281 0.132603 1.0 0.902002 0.148836 1.0 0.894102 0.164472 1.0 0.910996 0.164916 1.0
0 0.806152 0.143185 0.041992 0.084227 0.796334 0.13602 1.0 0.815037 0.132821 1.0 0.806196 0.152018 1.0 0.798375 0.165349 1.0 0.814697 0.164816 1.0
0 0.706543 0.104135 0.041992 0.082695 0.698766 0.094003 1.0 0.716108 0.095069 1.0 0.707267 0.11 1.0 0.697745 0.122265 1.0 0.715428 0.123332 1.0
0 0.6875 0.351455 0.042969 0.096478 0.68083 0.338998 1.0 0.699663 0.34392 1.0 0.688285 0.358688 1.0 0.676906 0.367917 1.0 0.69574 0.372839 1.0
0 0.598633 0.090352 0.039062 0.088821 0.584917 0.074245 1.0 0.603149 0.073685 1.0 0.589564 0.092744 1.0 0.587063 0.113487 1.0 0.60172 0.111806 1.0
0 0.580566 0.351455 0.041992 0.081164 0.568473 0.338636 1.0 0.587437 0.339149 1.0 0.576974 0.356582 1.0 0.567818 0.371452 1.0 0.586129 0.372478 1.0
0 0.458984 0.228178 0.041016 0.082695 0.450104 0.215832 1.0 0.469574 0.216357 1.0 0.459503 0.233202 1.0 0.450104 0.24373 1.0 0.467896 0.244784 1.0
0 0.477051 0.075038 0.038086 0.082695 0.467616 0.068283 1.0 0.485177 0.064127 1.0 0.479545 0.082312 1.0 0.471593 0.095821 1.0 0.488822 0.090626 1.0
0 0.416992 0.35758 0.048828 0.099541 0.408081 0.342977 1.0 0.426933 0.342977 1.0 0.417306 0.361217 1.0 0.406878 0.373168 1.0 0.42613 0.373168 1.0
0 0.307129 0.356049 0.043945 0.096478 0.305367 0.344824 1.0 0.323417 0.347285 1.0 0.317531 0.364513 1.0 0.302621 0.374357 1.0 0.319885 0.376204 1.0
0 0.280762 0.103369 0.041992 0.093415 0.273036 0.096136 1.0 0.291408 0.095548 1.0 0.283159 0.114949 1.0 0.272286 0.126121 1.0 0.290283 0.124945 1.0
0 0.367188 0.091884 0.039062 0.082695 0.357818 0.081642 1.0 0.377289 0.081642 1.0 0.368561 0.097962 1.0 0.35849 0.107963 1.0 0.376281 0.109017 1.0
0 0.211914 0.361409 0.044922 0.104135 0.20724 0.348064 1.0 0.226911 0.352002 1.0 0.220215 0.373003 1.0 0.205566 0.381536 1.0 0.223145 0.385473 1.0
0 0.161133 0.12098 0.041016 0.079632 0.155962 0.111354 1.0 0.176287 0.109836 1.0 0.169189 0.127544 1.0 0.159188 0.140697 1.0 0.174674 0.139179 1.0
0 0.108398 0.139357 0.041016 0.079632 0.103394 0.130757 1.0 0.123073 0.130251 1.0 0.115976 0.144922 1.0 0.105975 0.157063 1.0 0.12146 0.156557 1.0