0 0.960449 0.283101 0.026367 0.06446 0.96378 0.276972 1.0 0.969901 0.276164 1.0 0.971488 0.290723 1.0 0.963554 0.302047 1.0 0.969901 0.301643 1.0
0 0.895508 0.308362 0.027344 0.062718 0.896606 0.303105 1.0 0.906128 0.3027 1.0 0.904768 0.316451 1.0 0.89774 0.325753 1.0 0.905448 0.326157 1.0
0 0.835449 0.310105 0.026367 0.062718 0.838554 0.305251 1.0 0.843541 0.304038 1.0 0.845808 0.316575 1.0 0.838326 0.328709 1.0 0.8415 0.327899 1.0
0 0.79248 0.362369 0.024414 0.062718 0.798174 0.356739 1.0 0.802621 0.357136 1.0 0.804399 0.369828 1.0 0.797729 0.378951 1.0 0.797729 0.378951 1.0
0 0.755371 0.401568 0.026367 0.043554 0.754564 0.404639 1.0 0.757795 0.40828 1.0 0.755925 0.417986 1.0 0.747764 0.416774 1.0 0.747764 0.416774 1.0
0 0.623535 0.325784 0.032227 0.04878 0.623466 0.323171 1.0 0.631417 0.323544 1.0 0.628278 0.339223 1.0 0.615514 0.33997 1.0 0.618652 0.340716 1.0
0 0.530762 0.302265 0.032227 0.074913 0.518572 0.292777 1.0 0.531869 0.292301 1.0 0.522827 0.308906 1.0 0.521764 0.321716 1.0 0.533465 0.319819 1.0
0 0.485352 0.350174 0.029297 0.066202 0.488177 0.339613 1.0 0.497358 0.342132 1.0 0.495945 0.352632 1.0 0.486764 0.361871 1.0 0.496416 0.364812 1.0
0 0.406738 0.358014 0.026367 0.06446 0.407646 0.350423 1.0 0.415885 0.350003 1.0 0.416591 0.363023 1.0 0.409293 0.375202 1.0 0.415649 0.373943 1.0
0 0.330566 0.3223 0.030273 0.066202 0.329625 0.314678 1.0 0.340454 0.312578 1.0 0.339748 0.326437 1.0 0.332215 0.336937 1.0 0.342102 0.336937 1.0
0 0.257812 0.343206 0.027344 0.073171 0.260201 0.339005 1.0 0.268572 0.337139 1.0 0.269096 0.351139 1.0 0.259417 0.365138 1.0 0.265434 0.364206 1.0
0 0.177734 0.333624 0.027344 0.071429 0.180516 0.329596 1.0 0.186079 0.324632 1.0 0.188607 0.339519 1.0 0.183045 0.353955 1.0 0.186837 0.35215 1.0
0 0.106934 0.341463 0.02832 0.066202 0.109803 0.331181 1.0 0.116996 0.329899 1.0 0.118914 0.344443 1.0 0.110762 0.359415 1.0 0.110762 0.359415 1.0
0 0.054688 0.358014 0.021484 0.060976 0.057713 0.344131 1.0 0.05838 0.344131 1.0 0.063717 0.355237 1.0 0.057269 0.368723 1.0 0.057936 0.36912 1.0
0 0.14502 0.127178 0.014648 0.031359 0.0 0.0 0.0 0.0 0.0 0.0 0.0 0.0 0.0 0.0 0.0 0.0 0.0 0.0 0.0
0 0.284668 0.311847 0.020508 0.045296 0.0 0.0 0.0 0.0 0.0 0.0 0.0 0.0 0.0 0.0 0.0 0.0 0.0 0.0 0.0