0 0.92627 0.237537 0.032227 0.058651 0.913845 0.228221 1.0 0.927512 0.227103 1.0 0.917572 0.239415 1.0 0.915087 0.251355 1.0 0.926767 0.251355 1.0
0 0.818359 0.217009 0.03125 0.052786 0.809064 0.204479 1.0 0.821773 0.205521 1.0 0.8123 0.217317 1.0 0.808141 0.224603 1.0 0.822235 0.226683 1.0
0 0.663574 0.122434 0.02832 0.07478 0.655866 0.111333 1.0 0.654297 0.111804 1.0 0.653041 0.126886 1.0 0.66183 0.13961 1.0 0.660575 0.140082 1.0
0 0.638184 0.164223 0.038086 0.064516 0.629883 0.159824 1.0 0.644531 0.153959 1.0 0.637695 0.165689 1.0 0.637695 0.184751 1.0 0.648438 0.177419 1.0
0 0.544922 0.140762 0.039062 0.085044 0.55038 0.134321 1.0 0.560747 0.133248 1.0 0.561104 0.148277 1.0 0.550022 0.162233 1.0 0.558245 0.162233 1.0
0 0.788574 0.475806 0.053711 0.104106 0.777078 0.463245 1.0 0.800855 0.463906 1.0 0.788526 0.478452 1.0 0.776197 0.498946 1.0 0.800415 0.498284 1.0
0 0.505371 0.516862 0.051758 0.109971 0.486372 0.507109 1.0 0.503008 0.509884 1.0 0.484062 0.52168 1.0 0.483137 0.544578 1.0 0.496076 0.545965 1.0
0 0.384766 0.131965 0.054688 0.099707 0.391044 0.132501 1.0 0.404576 0.129962 1.0 0.401192 0.152185 1.0 0.383432 0.159805 1.0 0.393158 0.15917 1.0
0 0.408203 0.153959 0.025391 0.058651 0.400391 0.152493 1.0 0.414062 0.148094 1.0 0.408203 0.16129 1.0 0.40332 0.174487 1.0 0.416016 0.173021 1.0
0 0.14502 0.159091 0.032227 0.068915 0.133628 0.161284 1.0 0.141515 0.161284 1.0 0.131875 0.173125 1.0 0.13392 0.182774 1.0 0.13947 0.183651 1.0
0 0.108398 0.019795 0.025391 0.033724 0.097316 0.002853 1.0 0.104605 0.003849 1.0 0.095162 0.015789 1.0 0.099305 0.024993 1.0 0.104439 0.024246 1.0
0 0.047852 0.096041 0.025391 0.039589 0.040876 0.092428 1.0 0.052734 0.0885 1.0 0.045934 0.103686 1.0 0.045235 0.110757 1.0 0.053258 0.107875 1.0
0 0.063965 0.168622 0.024414 0.058651 0.058258 0.167142 1.0 0.059501 0.167142 1.0 0.052294 0.176097 1.0 0.059252 0.184305 1.0 0.058258 0.184305 1.0
0 0.075684 0.570381 0.032227 0.105572 0.085824 0.555025 1.0 0.084045 0.553689 1.0 0.091605 0.567043 1.0 0.084045 0.603097 1.0 0.082711 0.601762 1.0