0 0.949219 0.373373 0.015625 0.024852 0.945312 0.369231 1.0 0.955078 0.369231 1.0 0.949219 0.371598 1.0 0.945312 0.377515 1.0 0.953125 0.377515 1.0
0 0.944824 0.42426 0.014648 0.022485 0.941406 0.422485 1.0 0.948242 0.422485 1.0 0.945312 0.426036 1.0 0.943359 0.430769 1.0 0.948242 0.430769 1.0
0 0.870605 0.42426 0.014648 0.024852 0.868382 0.421767 1.0 0.874791 0.421925 1.0 0.871651 0.426363 1.0 0.86812 0.42985 1.0 0.873875 0.429691 1.0
0 0.893066 0.372189 0.014648 0.024852 0.890224 0.369537 1.0 0.896371 0.369379 1.0 0.892971 0.373499 1.0 0.889962 0.379047 1.0 0.896371 0.37873 1.0
0 0.844238 0.364497 0.014648 0.021302 0.841256 0.361665 1.0 0.848624 0.361665 1.0 0.844997 0.366885 1.0 0.841597 0.370457 1.0 0.84749 0.370457 1.0
0 0.814453 0.333728 0.013672 0.018935 0.811371 0.331678 1.0 0.816484 0.331434 1.0 0.813978 0.335809 1.0 0.811771 0.338118 1.0 0.815983 0.338847 1.0
0 0.787109 0.35503 0.013672 0.021302 0.782209 0.351796 1.0 0.788749 0.351928 1.0 0.785152 0.356155 1.0 0.782536 0.359986 1.0 0.787658 0.359986 1.0
0 0.749023 0.326627 0.015625 0.023669 0.74588 0.324657 1.0 0.751569 0.324196 1.0 0.748409 0.329099 1.0 0.746133 0.332776 1.0 0.751822 0.33293 1.0
0 0.723633 0.352663 0.013672 0.021302 0.719971 0.350518 1.0 0.726092 0.350793 1.0 0.722805 0.354089 1.0 0.721218 0.35876 1.0 0.724958 0.358897 1.0
0 0.753418 0.430769 0.012695 0.021302 0.751229 0.427335 1.0 0.756783 0.427609 1.0 0.753723 0.431181 1.0 0.751456 0.435164 1.0 0.755424 0.435302 1.0
0 0.810547 0.424852 0.015625 0.023669 0.807656 0.424108 1.0 0.81423 0.42426 1.0 0.81069 0.428244 1.0 0.808541 0.432227 1.0 0.813093 0.432381 1.0
0 0.698242 0.426036 0.013672 0.026036 0.695187 0.423643 1.0 0.702214 0.423806 1.0 0.698971 0.428555 1.0 0.696132 0.432486 1.0 0.701403 0.432486 1.0
0 0.685059 0.320118 0.012695 0.022485 0.682617 0.315976 1.0 0.689453 0.315976 1.0 0.685547 0.319527 1.0 0.681641 0.325444 1.0 0.689453 0.325444 1.0
0 0.661621 0.349112 0.012695 0.023669 0.65918 0.346746 1.0 0.666992 0.346746 1.0 0.663086 0.350296 1.0 0.660156 0.356213 1.0 0.666016 0.356213 1.0
0 0.622559 0.312426 0.014648 0.021302 0.619698 0.309551 1.0 0.625584 0.309551 1.0 0.622171 0.313689 1.0 0.62017 0.317254 1.0 0.623818 0.317112 1.0
0 0.644531 0.41716 0.013672 0.022485 0.641602 0.414201 1.0 0.648438 0.414201 1.0 0.645508 0.417751 1.0 0.642578 0.422485 1.0 0.648438 0.423669 1.0
0 0.597168 0.346154 0.012695 0.022485 0.594727 0.343195 1.0 0.602539 0.343195 1.0 0.598633 0.346746 1.0 0.594727 0.352663 1.0 0.601562 0.353846 1.0
0 0.595703 0.422485 0.013672 0.021302 0.593175 0.420288 1.0 0.599068 0.420288 1.0 0.596349 0.425232 1.0 0.593175 0.428666 1.0 0.598389 0.428804 1.0
0 0.562012 0.313018 0.012695 0.020118 0.559836 0.311961 1.0 0.565831 0.31183 1.0 0.562343 0.316188 1.0 0.559618 0.319357 1.0 0.564632 0.31949 1.0
0 0.500488 0.426627 0.012695 0.022485 0.497978 0.424483 1.0 0.504552 0.424636 1.0 0.501518 0.429385 1.0 0.499115 0.43245 1.0 0.50354 0.43245 1.0
0 0.549805 0.428994 0.013672 0.022485 0.54834 0.427663 1.0 0.554199 0.427959 1.0 0.552124 0.431953 1.0 0.54895 0.435355 1.0 0.553345 0.435355 1.0
0 0.536133 0.346746 0.013672 0.021302 0.533203 0.343195 1.0 0.541016 0.344379 1.0 0.537109 0.346746 1.0 0.53418 0.351479 1.0 0.540039 0.352663 1.0
0 0.506348 0.306509 0.014648 0.021302 0.503218 0.30354 1.0 0.509338 0.303128 1.0 0.506392 0.307935 1.0 0.503897 0.311095 1.0 0.508205 0.310957 1.0
0 0.445801 0.309467 0.014648 0.020118 0.442731 0.306593 1.0 0.448905 0.306086 1.0 0.445452 0.310143 1.0 0.444405 0.314581 1.0 0.447858 0.314836 1.0
0 0.470215 0.346154 0.012695 0.022485 0.469238 0.342899 1.0 0.475464 0.343639 1.0 0.47229 0.349112 1.0 0.469482 0.351479 1.0 0.473877 0.351775 1.0
0 0.406738 0.346154 0.012695 0.017751 0.40482 0.344865 1.0 0.409903 0.344632 1.0 0.407122 0.348817 1.0 0.405012 0.351257 1.0 0.409328 0.351025 1.0
0 0.44873 0.433136 0.014648 0.023669 0.445967 0.42994 1.0 0.452414 0.429633 1.0 0.449254 0.434689 1.0 0.446852 0.438826 1.0 0.451782 0.438826 1.0
0 0.396973 0.421302 0.014648 0.023669 0.394392 0.419484 1.0 0.400932 0.419484 1.0 0.397923 0.424239 1.0 0.395177 0.427727 1.0 0.400408 0.427727 1.0
0 0.341797 0.423077 0.013672 0.020118 0.338867 0.417751 1.0 0.345703 0.417751 1.0 0.341797 0.422485 1.0 0.338867 0.424852 1.0 0.345703 0.426036 1.0
0 0.353516 0.348521 0.013672 0.022485 0.349714 0.346767 1.0 0.356659 0.346624 1.0 0.35301 0.351475 1.0 0.350538 0.355611 1.0 0.355717 0.355611 1.0
0 0.336914 0.314793 0.013672 0.021302 0.335065 0.311824 1.0 0.3413 0.311961 1.0 0.33756 0.314709 1.0 0.335065 0.31883 1.0 0.338807 0.319104 1.0
0 0.381836 0.310059 0.015625 0.021302 0.380362 0.306541 1.0 0.387391 0.306541 1.0 0.38331 0.310799 1.0 0.380589 0.315331 1.0 0.38637 0.315469 1.0
0 0.283691 0.320118 0.014648 0.022485 0.282349 0.318343 1.0 0.288452 0.318195 1.0 0.285767 0.322633 1.0 0.283081 0.327071 1.0 0.287842 0.326775 1.0
0 0.299316 0.350296 0.014648 0.021302 0.296238 0.347564 1.0 0.302359 0.347564 1.0 0.300123 0.354697 1.0 0.297887 0.356693 1.0 0.301889 0.356693 1.0
0 0.287598 0.427811 0.014648 0.022485 0.28418 0.424852 1.0 0.291992 0.424852 1.0 0.288086 0.427219 1.0 0.285156 0.431953 1.0 0.291992 0.433136 1.0
0 0.244629 0.359763 0.012695 0.018935 0.242013 0.359002 1.0 0.247768 0.358876 1.0 0.245152 0.363314 1.0 0.242955 0.366991 1.0 0.246826 0.366991 1.0
0 0.23877 0.323669 0.014648 0.020118 0.235774 0.321159 1.0 0.242423 0.320763 1.0 0.239262 0.324462 1.0 0.237082 0.328951 1.0 0.241333 0.328951 1.0
0 0.23584 0.430769 0.014648 0.021302 0.232422 0.428402 1.0 0.240234 0.428402 1.0 0.237305 0.431953 1.0 0.232422 0.436686 1.0 0.239258 0.436686 1.0
0 0.183594 0.426627 0.013672 0.020118 0.179688 0.420118 1.0 0.188477 0.421302 1.0 0.183594 0.424852 1.0 0.180664 0.429586 1.0 0.1875 0.429586 1.0
0 0.196777 0.369231 0.014648 0.023669 0.193446 0.367646 1.0 0.200248 0.367329 1.0 0.196847 0.371767 1.0 0.194624 0.375888 1.0 0.19907 0.375253 1.0
0 0.20166 0.323077 0.012695 0.021302 0.200605 0.321428 1.0 0.206499 0.32184 1.0 0.204006 0.325275 1.0 0.201172 0.329258 1.0 0.205933 0.329533 1.0
0 0.148926 0.372781 0.014648 0.021302 0.146205 0.370858 1.0 0.153347 0.370858 1.0 0.149833 0.375666 1.0 0.147226 0.379374 1.0 0.1521 0.379374 1.0
0 0.126953 0.416568 0.015625 0.023669 0.124695 0.414137 1.0 0.131396 0.414291 1.0 0.127982 0.419653 1.0 0.125959 0.423484 1.0 0.130258 0.423484 1.0
0 0.05957 0.41716 0.013672 0.022485 0.056963 0.415162 1.0 0.064025 0.414877 1.0 0.060142 0.420155 1.0 0.057552 0.423722 1.0 0.063319 0.423722 1.0