0 0.904297 0.149089 0.011719 0.016927 0.899336 0.147565 1.0 0.903478 0.147234 1.0 0.899833 0.150548 1.0 0.899915 0.153971 1.0 0.902897 0.15353 1.0
0 0.891602 0.117839 0.011719 0.016927 0.887695 0.115885 1.0 0.892578 0.115885 1.0 0.888672 0.119792 1.0 0.886719 0.123698 1.0 0.891602 0.123698 1.0
0 0.868164 0.123047 0.009766 0.016927 0.866211 0.122396 1.0 0.870117 0.122396 1.0 0.868164 0.126302 1.0 0.866211 0.128906 1.0 0.871094 0.127604 1.0
0 0.848633 0.150391 0.011719 0.016927 0.8445 0.151938 1.0 0.848393 0.148072 1.0 0.846984 0.15282 1.0 0.847067 0.156576 1.0 0.849387 0.153924 1.0
0 0.826172 0.158854 0.009766 0.015625 0.826425 0.156721 1.0 0.830278 0.154448 1.0 0.830724 0.159092 1.0 0.828648 0.162848 1.0 0.830501 0.161958 1.0
0 0.837402 0.124349 0.010742 0.016927 0.833984 0.122396 1.0 0.836914 0.121094 1.0 0.834961 0.125 1.0 0.834961 0.128906 1.0 0.836914 0.127604 1.0
0 0.848633 0.173828 0.011719 0.016927 0.845337 0.173607 1.0 0.849479 0.172613 1.0 0.847159 0.176036 1.0 0.845337 0.179572 1.0 0.849396 0.17924 1.0
0 0.875 0.207682 0.011719 0.019531 0.871674 0.203695 1.0 0.876343 0.203206 1.0 0.873413 0.206991 1.0 0.872314 0.209676 1.0 0.875336 0.209432 1.0
0 0.888184 0.184896 0.010742 0.018229 0.0 0.0 0.0 0.0 0.0 0.0 0.0 0.0 0.0 0.0 0.0 0.0 0.0 0.0 0.0
0 0.916016 0.182943 0.011719 0.011719 0.913086 0.179688 1.0 0.917969 0.179688 1.0 0.916016 0.183594 1.0 0.913086 0.1875 1.0 0.917969 0.1875 1.0
0 0.92334 0.205078 0.010742 0.014323 0.0 0.0 0.0 0.0 0.0 0.0 0.0 0.0 0.0 0.0 0.0 0.0 0.0 0.0 0.0
0 0.949219 0.179036 0.009766 0.019531 0.945312 0.178385 1.0 0.950195 0.178385 1.0 0.947266 0.182292 1.0 0.945312 0.184896 1.0 0.949219 0.186198 1.0
0 0.958984 0.180339 0.011719 0.019531 0.956055 0.179688 1.0 0.961914 0.178385 1.0 0.958008 0.182292 1.0 0.958008 0.1875 1.0 0.960938 0.186198 1.0
0 0.964844 0.144531 0.011719 0.015625 0.961914 0.140625 1.0 0.966797 0.139323 1.0 0.963867 0.143229 1.0 0.961914 0.147135 1.0 0.966797 0.147135 1.0
0 0.990723 0.213542 0.008789 0.015625 0.0 0.0 0.0 0.0 0.0 0.0 0.0 0.0 0.0 0.0 0.0 0.0 0.0 0.0 0.0
0 0.975586 0.099609 0.011719 0.016927 0.97168 0.096354 1.0 0.976562 0.096354 1.0 0.973633 0.10026 1.0 0.97168 0.104167 1.0 0.975586 0.102865 1.0
0 0.936035 0.126302 0.010742 0.015625 0.0 0.0 0.0 0.0 0.0 0.0 0.0 0.0 0.0 0.0 0.0 0.0 0.0 0.0 0.0
0 0.890625 0.156901 0.009766 0.019531 0.888397 0.154134 1.0 0.894715 0.154745 1.0 0.89151 0.158406 1.0 0.888855 0.161703 1.0 0.893707 0.162435 1.0
0 0.852539 0.138672 0.009766 0.014323 0.0 0.0 0.0 0.0 0.0 0.0 0.0 0.0 0.0 0.0 0.0 0.0 0.0 0.0 0.0
0 0.862305 0.070312 0.009766 0.015625 0.860352 0.070312 1.0 0.864258 0.070312 1.0 0.861328 0.072917 1.0 0.859375 0.075521 1.0 0.861328 0.075521 1.0
0 0.889648 0.064453 0.011719 0.016927 0.0 0.0 0.0 0.0 0.0 0.0 0.0 0.0 0.0 0.0 0.0 0.0 0.0 0.0 0.0
0 0.921875 0.067708 0.009766 0.013021 0.917969 0.066406 1.0 0.921875 0.065104 1.0 0.919922 0.06901 1.0 0.918945 0.072917 1.0 0.921875 0.071615 1.0
0 0.935547 0.063802 0.009766 0.015625 0.933594 0.063802 1.0 0.9375 0.0625 1.0 0.935547 0.066406 1.0 0.933594 0.070312 1.0 0.936523 0.06901 1.0
0 0.981445 0.039062 0.009766 0.015625 0.978516 0.039062 1.0 0.985352 0.039062 1.0 0.982422 0.041667 1.0 0.979492 0.045573 1.0 0.984375 0.045573 1.0
0 0.991211 0.042969 0.009766 0.015625 0.0 0.0 0.0 0.0 0.0 0.0 0.0 0.0 0.0 0.0 0.0 0.0 0.0 0.0 0.0
0 0.996094 0.090495 0.007812 0.016927 0.994141 0.089844 1.0 0.998047 0.088542 1.0 0.996094 0.092448 1.0 0.993164 0.096354 1.0 0.996094 0.097656 1.0
0 0.981445 0.011068 0.011719 0.014323 0.978516 0.00651 1.0 0.983398 0.00651 1.0 0.979492 0.009115 1.0 0.978516 0.013021 1.0 0.981445 0.013021 1.0
0 0.939453 0.020182 0.009766 0.011719 0.9375 0.020833 1.0 0.941406 0.018229 1.0 0.94043 0.022135 1.0 0.9375 0.026042 1.0 0.942383 0.02474 1.0
0 0.911621 0.019531 0.010742 0.013021 0.90918 0.020833 1.0 0.914062 0.018229 1.0 0.913086 0.022135 1.0 0.911133 0.02474 1.0 0.915039 0.022135 1.0
0 0.865234 0.020182 0.009766 0.011719 0.862305 0.019531 1.0 0.866211 0.015625 1.0 0.864258 0.020833 1.0 0.863281 0.023438 1.0 0.867188 0.020833 1.0
0 0.846191 0.042318 0.008789 0.016927 0.84375 0.041667 1.0 0.84668 0.040365 1.0 0.844727 0.044271 1.0 0.844727 0.046875 1.0 0.84668 0.045573 1.0
0 0.833008 0.020833 0.009766 0.015625 0.830479 0.019531 1.0 0.834246 0.019531 1.0 0.832284 0.022565 1.0 0.831107 0.024553 1.0 0.833854 0.024659 1.0
0 0.813965 0.05013 0.010742 0.014323 0.813477 0.049479 1.0 0.818359 0.048177 1.0 0.81543 0.052083 1.0 0.8125 0.054688 1.0 0.816406 0.054688 1.0
0 0.803711 0.078125 0.009766 0.015625 0.802106 0.077393 1.0 0.805324 0.076974 1.0 0.804226 0.080637 1.0 0.802656 0.08252 1.0 0.805638 0.082206 1.0
0 0.791016 0.100911 0.009766 0.022135 0.786133 0.10026 1.0 0.790039 0.10026 1.0 0.788086 0.104167 1.0 0.788086 0.106771 1.0 0.791016 0.106771 1.0
0 0.804688 0.123698 0.011719 0.020833 0.803886 0.124651 1.0 0.807996 0.122379 1.0 0.806793 0.126523 1.0 0.806593 0.130267 1.0 0.808999 0.128796 1.0
0 0.693359 0.164062 0.007812 0.015625 0.690617 0.161633 1.0 0.695286 0.161336 1.0 0.692915 0.164103 1.0 0.691507 0.167365 1.0 0.694396 0.167464 1.0
0 0.726074 0.153646 0.010742 0.015625 0.722368 0.151763 1.0 0.727313 0.150402 1.0 0.724723 0.154273 1.0 0.724017 0.159401 1.0 0.727313 0.158668 1.0
0 0.742188 0.129557 0.009766 0.014323 0.739258 0.126302 1.0 0.743164 0.126302 1.0 0.741211 0.130208 1.0 0.740234 0.134115 1.0 0.743164 0.134115 1.0
0 0.766602 0.138672 0.009766 0.014323 0.764648 0.135417 1.0 0.767578 0.135417 1.0 0.765625 0.138021 1.0 0.763672 0.140625 1.0 0.766602 0.140625 1.0
0 0.78418 0.148438 0.009766 0.015625 0.779297 0.14974 1.0 0.782227 0.14974 1.0 0.78125 0.153646 1.0 0.779297 0.15625 1.0 0.782227 0.15625 1.0
0 0.76123 0.101562 0.010742 0.013021 0.0 0.0 0.0 0.0 0.0 0.0 0.0 0.0 0.0 0.0 0.0 0.0 0.0 0.0 0.0
0 0.774414 0.129557 0.009766 0.011719 0.0 0.0 0.0 0.0 0.0 0.0 0.0 0.0 0.0 0.0 0.0 0.0 0.0 0.0 0.0
0 0.760254 0.070312 0.010742 0.018229 0.756836 0.067708 1.0 0.759766 0.066406 1.0 0.757812 0.071615 1.0 0.756836 0.074219 1.0 0.759766 0.074219 1.0
0 0.728516 0.047526 0.009766 0.014323 0.726214 0.045665 1.0 0.729841 0.045387 1.0 0.727818 0.048642 1.0 0.726911 0.050874 1.0 0.729353 0.050967 1.0
0 0.734375 0.03125 0.009766 0.015625 0.731445 0.029948 1.0 0.734375 0.029948 1.0 0.731445 0.032552 1.0 0.730469 0.036458 1.0 0.733398 0.036458 1.0
0 0.709961 0.038411 0.009766 0.014323 0.708984 0.039062 1.0 0.712891 0.039062 1.0 0.709961 0.041667 1.0 0.708008 0.044271 1.0 0.711914 0.042969 1.0
0 0.700684 0.056641 0.008789 0.014323 0.698242 0.054688 1.0 0.703125 0.054688 1.0 0.701172 0.057292 1.0 0.698242 0.059896 1.0 0.702148 0.059896 1.0
0 0.692871 0.100911 0.010742 0.016927 0.690465 0.101074 1.0 0.694562 0.101074 1.0 0.691598 0.104329 1.0 0.690116 0.107352 1.0 0.693342 0.107352 1.0
0 0.698242 0.132161 0.009766 0.016927 0.69386 0.132051 1.0 0.699742 0.131499 1.0 0.696263 0.13448 1.0 0.694771 0.137353 1.0 0.698914 0.137132 1.0
0 0.724121 0.108073 0.008789 0.015625 0.0 0.0 0.0 0.0 0.0 0.0 0.0 0.0 0.0 0.0 0.0 0.0 0.0 0.0 0.0
0 0.666016 0.138021 0.009766 0.015625 0.666094 0.137289 1.0 0.669939 0.13666 1.0 0.668526 0.139799 1.0 0.666879 0.143462 1.0 0.669625 0.143357 1.0
0 0.674805 0.077474 0.009766 0.019531 0.671875 0.075521 1.0 0.675781 0.075521 1.0 0.672852 0.080729 1.0 0.671875 0.084635 1.0 0.676758 0.084635 1.0
0 0.686035 0.007812 0.010742 0.013021 0.683594 0.005208 1.0 0.688477 0.005208 1.0 0.685547 0.009115 1.0 0.682617 0.010417 1.0 0.6875 0.010417 1.0
0 0.644531 0.107422 0.009766 0.014323 0.641602 0.106771 1.0 0.646484 0.106771 1.0 0.643555 0.109375 1.0 0.641602 0.113281 1.0 0.647461 0.110677 1.0
0 0.618164 0.022786 0.007812 0.014323 0.615932 0.020926 1.0 0.620048 0.021392 1.0 0.617536 0.024367 1.0 0.616142 0.02632 1.0 0.619071 0.026414 1.0
0 0.594238 0.036458 0.008789 0.013021 0.591797 0.033854 1.0 0.594727 0.033854 1.0 0.592773 0.039062 1.0 0.591797 0.041667 1.0 0.59375 0.042969 1.0
0 0.566895 0.039714 0.008789 0.014323 0.563477 0.039062 1.0 0.567383 0.03776 1.0 0.56543 0.042969 1.0 0.564453 0.045573 1.0 0.567383 0.044271 1.0
0 0.572754 0.111328 0.010742 0.016927 0.571289 0.109375 1.0 0.576172 0.108073 1.0 0.573242 0.113281 1.0 0.571289 0.117188 1.0 0.576172 0.115885 1.0
0 0.602539 0.132161 0.011719 0.019531 0.600795 0.129465 1.0 0.605879 0.129465 1.0 0.603673 0.133301 1.0 0.601851 0.137648 1.0 0.605687 0.137648 1.0
0 0.638672 0.133464 0.009766 0.014323 0.634766 0.13151 1.0 0.637695 0.13151 1.0 0.635742 0.134115 1.0 0.634766 0.136719 1.0 0.638672 0.136719 1.0
0 0.617188 0.123698 0.009766 0.015625 0.0 0.0 0.0 0.0 0.0 0.0 0.0 0.0 0.0 0.0 0.0 0.0 0.0 0.0 0.0
0 0.570801 0.161458 0.008789 0.015625 0.569336 0.164062 1.0 0.574219 0.16276 1.0 0.571289 0.166667 1.0 0.569336 0.169271 1.0 0.573242 0.167969 1.0
0 0.561035 0.140625 0.010742 0.013021 0.55957 0.139323 1.0 0.563477 0.138021 1.0 0.561523 0.143229 1.0 0.55957 0.145833 1.0 0.563477 0.144531 1.0
0 0.527344 0.134766 0.009766 0.014323 0.525194 0.134173 1.0 0.529196 0.133876 1.0 0.527344 0.137335 1.0 0.526084 0.139509 1.0 0.528604 0.139509 1.0
0 0.541504 0.16862 0.008789 0.016927 0.540039 0.167969 1.0 0.542969 0.166667 1.0 0.542969 0.170573 1.0 0.540039 0.173177 1.0 0.542969 0.173177 1.0
0 0.470215 0.015625 0.008789 0.015625 0.46875 0.014323 1.0 0.474609 0.013021 1.0 0.47168 0.018229 1.0 0.46875 0.020833 1.0 0.473633 0.020833 1.0
0 0.520508 0.015625 0.009766 0.015625 0.517491 0.013951 1.0 0.520865 0.013637 1.0 0.519374 0.017927 1.0 0.517569 0.020229 1.0 0.521022 0.020124 1.0
0 0.560547 0.007812 0.009766 0.013021 0.557617 0.005208 1.0 0.561523 0.005208 1.0 0.55957 0.010417 1.0 0.557617 0.013021 1.0 0.560547 0.013021 1.0
0 0.520508 0.038411 0.009766 0.014323 0.518555 0.033854 1.0 0.522461 0.033854 1.0 0.519531 0.036458 1.0 0.517578 0.040365 1.0 0.522461 0.039062 1.0
0 0.538086 0.056641 0.009766 0.014323 0.537005 0.052984 1.0 0.540933 0.052589 1.0 0.539599 0.056443 1.0 0.536634 0.059111 1.0 0.540858 0.059012 1.0
0 0.556152 0.113932 0.008789 0.014323 0.556152 0.112538 1.0 0.558733 0.112538 1.0 0.559222 0.11635 1.0 0.556361 0.119141 1.0 0.558314 0.119419 1.0
0 0.505859 0.113932 0.009766 0.014323 0.501953 0.113281 1.0 0.507812 0.113281 1.0 0.503906 0.117188 1.0 0.500977 0.121094 1.0 0.506836 0.121094 1.0
0 0.478516 0.115234 0.009766 0.014323 0.475586 0.114583 1.0 0.480469 0.113281 1.0 0.478516 0.117188 1.0 0.476562 0.119792 1.0 0.480469 0.119792 1.0
0 0.467773 0.136068 0.009766 0.016927 0.46875 0.136719 1.0 0.47168 0.138021 1.0 0.46875 0.140625 1.0 0.466797 0.144531 1.0 0.470703 0.145833 1.0
0 0.500977 0.138672 0.009766 0.016927 0.498047 0.136719 1.0 0.501953 0.136719 1.0 0.499023 0.140625 1.0 0.496094 0.144531 1.0 0.500977 0.144531 1.0
0 0.512695 0.220703 0.009766 0.019531 0.511257 0.218389 1.0 0.515956 0.218517 1.0 0.513175 0.221458 1.0 0.510777 0.225551 1.0 0.514709 0.225423 1.0
0 0.554199 0.194661 0.008789 0.014323 0.549931 0.192982 1.0 0.552896 0.192191 1.0 0.55045 0.196638 1.0 0.552747 0.198615 1.0 0.553044 0.198615 1.0
0 0.492676 0.19401 0.008789 0.018229 0.491455 0.192243 1.0 0.494855 0.192128 1.0 0.493461 0.195964 1.0 0.491542 0.198405 1.0 0.49442 0.198638 1.0
0 0.470703 0.169922 0.007812 0.014323 0.469727 0.166667 1.0 0.474609 0.166667 1.0 0.47168 0.170573 1.0 0.469727 0.174479 1.0 0.473633 0.173177 1.0
0 0.48584 0.173828 0.006836 0.014323 0.0 0.0 0.0 0.0 0.0 0.0 0.0 0.0 0.0 0.0 0.0 0.0 0.0 0.0 0.0
0 0.544434 0.219401 0.008789 0.014323 0.541016 0.220052 1.0 0.544922 0.21875 1.0 0.542969 0.221354 1.0 0.542969 0.226562 1.0 0.545898 0.223958 1.0
0 0.476562 0.216797 0.009766 0.016927 0.473633 0.213542 1.0 0.478516 0.21224 1.0 0.475586 0.217448 1.0 0.473633 0.222656 1.0 0.477539 0.221354 1.0
0 0.453613 0.188802 0.008789 0.015625 0.453125 0.190104 1.0 0.457031 0.1875 1.0 0.457031 0.191406 1.0 0.455078 0.195312 1.0 0.458008 0.19401 1.0
0 0.775879 0.013021 0.006836 0.013021 0.0 0.0 0.0 0.0 0.0 0.0 0.0 0.0 0.0 0.0 0.0 0.0 0.0 0.0 0.0
0 0.762695 0.008464 0.007812 0.014323 0.0 0.0 0.0 0.0 0.0 0.0 0.0 0.0 0.0 0.0 0.0 0.0 0.0 0.0 0.0
0 0.916016 0.046224 0.007812 0.014323 0.0 0.0 0.0 0.0 0.0 0.0 0.0 0.0 0.0 0.0 0.0 0.0 0.0 0.0 0.0
0 0.338867 0.152344 0.066406 0.083333 0.336635 0.136719 1.0 0.358398 0.139509 1.0 0.353376 0.160715 1.0 0.334124 0.167969 1.0 0.348772 0.168527 1.0
0 0.227051 0.085286 0.008789 0.014323 0.223633 0.084635 1.0 0.227539 0.084635 1.0 0.225586 0.088542 1.0 0.223633 0.091146 1.0 0.227539 0.091146 1.0
0 0.231934 0.050781 0.008789 0.010417 0.230469 0.050781 1.0 0.233398 0.048177 1.0 0.232422 0.053385 1.0 0.230469 0.054688 1.0 0.235352 0.053385 1.0
0 0.278809 0.06901 0.008789 0.013021 0.276367 0.066406 1.0 0.280273 0.066406 1.0 0.27832 0.071615 1.0 0.275391 0.072917 1.0 0.280273 0.072917 1.0
0 0.292969 0.065755 0.009766 0.014323 0.0 0.0 0.0 0.0 0.0 0.0 0.0 0.0 0.0 0.0 0.0 0.0 0.0 0.0 0.0
0 0.297363 0.020182 0.006836 0.011719 0.299805 0.020833 1.0 0.301758 0.020833 1.0 0.301758 0.02474 1.0 0.299805 0.028646 1.0 0.300781 0.028646 1.0
0 0.239746 0.018229 0.008789 0.015625 0.240234 0.016927 1.0 0.244141 0.015625 1.0 0.243164 0.020833 1.0 0.241211 0.02474 1.0 0.244141 0.02474 1.0
0 0.201172 0.033203 0.007812 0.011719 0.199219 0.029948 1.0 0.202148 0.029948 1.0 0.200195 0.033854 1.0 0.198242 0.036458 1.0 0.201172 0.036458 1.0
0 0.169922 0.02474 0.009766 0.010417 0.167969 0.02474 1.0 0.172852 0.02474 1.0 0.169922 0.027344 1.0 0.167969 0.029948 1.0 0.170898 0.029948 1.0
0 0.15918 0.046875 0.009766 0.015625 0.157728 0.046816 1.0 0.160544 0.046915 1.0 0.159062 0.04909 1.0 0.158173 0.05156 1.0 0.159729 0.051461 1.0
0 0.162109 0.066406 0.011719 0.018229 0.162231 0.065592 1.0 0.165719 0.064198 1.0 0.165719 0.067685 1.0 0.163976 0.071987 1.0 0.166155 0.07094 1.0
0 0.193359 0.093099 0.009766 0.014323 0.192383 0.092448 1.0 0.196289 0.092448 1.0 0.194336 0.095052 1.0 0.192383 0.098958 1.0 0.196289 0.098958 1.0
0 0.199707 0.072917 0.008789 0.010417 0.197266 0.06901 1.0 0.202148 0.06901 1.0 0.199219 0.074219 1.0 0.197266 0.076823 1.0 0.201172 0.075521 1.0
0 0.223633 0.06901 0.007812 0.013021 0.222656 0.063802 1.0 0.225586 0.063802 1.0 0.223633 0.067708 1.0 0.222656 0.070312 1.0 0.226562 0.070312 1.0
0 0.150879 0.097656 0.010742 0.013021 0.147461 0.096354 1.0 0.152344 0.095052 1.0 0.150391 0.10026 1.0 0.149414 0.105469 1.0 0.15332 0.102865 1.0
0 0.125977 0.065104 0.009766 0.018229 0.123047 0.065104 1.0 0.129883 0.063802 1.0 0.125977 0.067708 1.0 0.124023 0.072917 1.0 0.12793 0.072917 1.0
0 0.116699 0.093099 0.010742 0.016927 0.116211 0.095052 1.0 0.121094 0.095052 1.0 0.118164 0.096354 1.0 0.116211 0.101562 1.0 0.121094 0.101562 1.0
0 0.117188 0.120443 0.009766 0.014323 0.114258 0.11849 1.0 0.119141 0.117188 1.0 0.117188 0.122396 1.0 0.116211 0.125 1.0 0.121094 0.123698 1.0
0 0.146484 0.119792 0.007812 0.010417 0.147461 0.11849 1.0 0.152344 0.117188 1.0 0.149414 0.122396 1.0 0.147461 0.125 1.0 0.152344 0.125 1.0
0 0.100586 0.203776 0.019531 0.035156 0.101562 0.197917 1.0 0.108398 0.197917 1.0 0.103516 0.208333 1.0 0.097656 0.210938 1.0 0.103516 0.213542 1.0
0 0.090332 0.067708 0.008789 0.010417 0.087891 0.06901 1.0 0.091797 0.066406 1.0 0.09082 0.070312 1.0 0.088867 0.072917 1.0 0.09375 0.070312 1.0
0 0.07666 0.147135 0.010742 0.013021 0.074219 0.145833 1.0 0.079102 0.143229 1.0 0.077148 0.148438 1.0 0.074219 0.152344 1.0 0.079102 0.151042 1.0
0 0.052246 0.122396 0.010742 0.015625 0.051758 0.119792 1.0 0.055664 0.123698 1.0 0.051758 0.125 1.0 0.048828 0.125 1.0 0.051758 0.127604 1.0
0 0.066895 0.066406 0.010742 0.015625 0.06543 0.066406 1.0 0.069336 0.066406 1.0 0.067383 0.06901 1.0 0.06543 0.071615 1.0 0.069336 0.071615 1.0
0 0.073242 0.05013 0.007812 0.014323 0.074219 0.050781 1.0 0.077148 0.050781 1.0 0.076172 0.053385 1.0 0.074219 0.05599 1.0 0.077148 0.054688 1.0
0 0.091309 0.054036 0.008789 0.011719 0.087891 0.053385 1.0 0.091797 0.053385 1.0 0.089844 0.05599 1.0 0.088867 0.057292 1.0 0.091797 0.057292 1.0
0 0.05957 0.021484 0.009766 0.014323 0.056641 0.022135 1.0 0.060547 0.019531 1.0 0.05957 0.022135 1.0 0.058594 0.027344 1.0 0.0625 0.023438 1.0
0 0.041504 0.019531 0.010742 0.015625 0.039062 0.018229 1.0 0.042969 0.018229 1.0 0.040039 0.022135 1.0 0.038086 0.02474 1.0 0.041016 0.02474 1.0
0 0.033691 0.045573 0.008789 0.013021 0.0 0.0 0.0 0.0 0.0 0.0 0.0 0.0 0.0 0.0 0.0 0.0 0.0 0.0 0.0
0 0.025391 0.180339 0.011719 0.016927 0.023438 0.179688 1.0 0.030273 0.179688 1.0 0.027344 0.184896 1.0 0.023438 0.190104 1.0 0.029297 0.190104 1.0
0 0.064941 0.192057 0.010742 0.014323 0.0625 0.19401 1.0 0.067383 0.19401 1.0 0.064453 0.197917 1.0 0.0625 0.201823 1.0 0.06543 0.201823 1.0
0 0.003906 0.024089 0.007812 0.016927 0.001953 0.02474 1.0 0.004883 0.023438 1.0 0.00293 0.027344 1.0 0.00293 0.029948 1.0 0.004883 0.029948 1.0
0 0.272949 0.052083 0.008789 0.013021 0.0 0.0 0.0 0.0 0.0 0.0 0.0 0.0 0.0 0.0 0.0 0.0 0.0 0.0 0.0
0 0.881836 0.090495 0.007812 0.014323 0.0 0.0 0.0 0.0 0.0 0.0 0.0 0.0 0.0 0.0 0.0 0.0 0.0 0.0 0.0
0 0.976562 0.066406 0.009766 0.018229 0.973633 0.066406 1.0 0.978516 0.065104 1.0 0.975586 0.06901 1.0 0.973633 0.072917 1.0 0.977539 0.071615 1.0
0 0.58252 0.017578 0.008789 0.016927 0.0 0.0 0.0 0.0 0.0 0.0 0.0 0.0 0.0 0.0 0.0 0.0 0.0 0.0 0.0
0 0.526367 0.198568 0.007812 0.016927 0.52832 0.195312 1.0 0.53125 0.19401 1.0 0.530273 0.199219 1.0 0.529297 0.203125 1.0 0.530273 0.200521 1.0