0 0.894531 0.403367 0.027344 0.04246 0.892613 0.397615 1.0 0.90441 0.398152 1.0 0.897618 0.405924 1.0 0.890289 0.412622 1.0 0.901192 0.413428 1.0
0 0.838867 0.352855 0.023438 0.040996 0.835065 0.347627 1.0 0.845703 0.350502 1.0 0.838902 0.358083 1.0 0.834542 0.360438 1.0 0.841692 0.364881 1.0
0 0.769043 0.334553 0.024414 0.045388 0.766396 0.330436 1.0 0.776402 0.330436 1.0 0.77189 0.338083 1.0 0.7662 0.345142 1.0 0.776795 0.344259 1.0
0 0.72168 0.349927 0.025391 0.046852 0.716579 0.346619 1.0 0.72801 0.344816 1.0 0.725002 0.355338 1.0 0.718584 0.362255 1.0 0.727007 0.362555 1.0
0 0.825684 0.423133 0.026367 0.04978 0.822266 0.417597 1.0 0.834656 0.415675 1.0 0.829956 0.427526 1.0 0.822479 0.433931 1.0 0.833801 0.433291 1.0
0 0.838379 0.521962 0.02832 0.054173 0.835323 0.516687 1.0 0.847107 0.515649 1.0 0.842948 0.527773 1.0 0.836479 0.535394 1.0 0.846645 0.534009 1.0
0 0.741211 0.484627 0.023438 0.038067 0.738948 0.474221 1.0 0.749434 0.474704 1.0 0.746368 0.482685 1.0 0.738626 0.490908 1.0 0.747659 0.491392 1.0
0 0.669922 0.352855 0.023438 0.046852 0.664629 0.350946 1.0 0.6764 0.350946 1.0 0.671104 0.360653 1.0 0.665021 0.365359 1.0 0.675419 0.366242 1.0
0 0.666992 0.311859 0.023438 0.040996 0.664765 0.30952 1.0 0.675132 0.310056 1.0 0.671021 0.317559 1.0 0.666194 0.326671 1.0 0.673165 0.326939 1.0
0 0.624023 0.343338 0.021484 0.04246 0.619019 0.339037 1.0 0.629455 0.338763 1.0 0.625061 0.348372 1.0 0.619385 0.353587 1.0 0.62909 0.353312 1.0
0 0.614258 0.4041 0.025391 0.043924 0.609924 0.394673 1.0 0.621826 0.39687 1.0 0.616516 0.404283 1.0 0.609009 0.412243 1.0 0.620361 0.413616 1.0
0 0.700684 0.540996 0.02832 0.045388 0.697841 0.537767 1.0 0.709023 0.534237 1.0 0.705885 0.546003 1.0 0.699803 0.554533 1.0 0.708239 0.553944 1.0
0 0.797363 0.589312 0.024414 0.057101 0.792799 0.583534 1.0 0.804548 0.581736 1.0 0.800712 0.596116 1.0 0.793518 0.602227 1.0 0.803829 0.60007 1.0
0 0.597656 0.481698 0.025391 0.046852 0.598058 0.475423 1.0 0.607482 0.473018 1.0 0.605879 0.486247 1.0 0.597656 0.492261 1.0 0.606079 0.491059 1.0
0 0.445312 0.401903 0.023438 0.054173 0.444646 0.397668 1.0 0.455274 0.395936 1.0 0.452732 0.407714 1.0 0.445107 0.413603 1.0 0.455274 0.412218 1.0
0 0.465332 0.385798 0.020508 0.045388 0.462293 0.381092 1.0 0.472691 0.383151 1.0 0.467982 0.392564 1.0 0.460527 0.398445 1.0 0.468768 0.399034 1.0
0 0.499512 0.355783 0.020508 0.040996 0.499023 0.350555 1.0 0.507568 0.349247 1.0 0.505824 0.358659 1.0 0.499721 0.366242 1.0 0.507917 0.366502 1.0
0 0.555664 0.360176 0.021484 0.043924 0.551915 0.356411 1.0 0.563808 0.355548 1.0 0.55767 0.364464 1.0 0.553065 0.372228 1.0 0.563232 0.371653 1.0
0 0.529297 0.418741 0.025391 0.046852 0.524789 0.412126 1.0 0.536364 0.416539 1.0 0.529301 0.423597 1.0 0.523416 0.428597 1.0 0.53244 0.432422 1.0
0 0.518066 0.479502 0.026367 0.048316 0.515172 0.474861 1.0 0.526201 0.474561 1.0 0.522993 0.482078 1.0 0.516174 0.490796 1.0 0.525399 0.490796 1.0
0 0.462891 0.505124 0.027344 0.052709 0.459908 0.498223 1.0 0.471924 0.495504 1.0 0.47011 0.50604 1.0 0.462855 0.519296 1.0 0.472377 0.516917 1.0
0 0.387207 0.547584 0.02832 0.064422 0.388611 0.542722 1.0 0.399693 0.544747 1.0 0.395639 0.554878 1.0 0.385367 0.560958 1.0 0.393206 0.564605 1.0
0 0.38623 0.352855 0.024414 0.046852 0.385742 0.347142 1.0 0.395568 0.347142 1.0 0.393563 0.357666 1.0 0.383937 0.364581 1.0 0.394767 0.364581 1.0
0 0.381348 0.413616 0.024414 0.054173 0.380859 0.407303 1.0 0.390102 0.40557 1.0 0.388022 0.419773 1.0 0.380397 0.427048 1.0 0.388946 0.423584 1.0
0 0.315918 0.400439 0.030273 0.060029 0.316424 0.39402 1.0 0.328309 0.39402 1.0 0.325526 0.406911 1.0 0.313643 0.414113 1.0 0.325273 0.413354 1.0
0 0.429199 0.355783 0.006836 0.011713 0.0 0.0 0.0 0.0 0.0 0.0 0.0 0.0 0.0 0.0 0.0 0.0 0.0 0.0 0.0
0 0.413574 0.349195 0.006836 0.010249 0.0 0.0 0.0 0.0 0.0 0.0 0.0 0.0 0.0 0.0 0.0 0.0 0.0 0.0 0.0
0 0.118652 0.344802 0.03418 0.062958 0.119193 0.339612 1.0 0.131896 0.338802 1.0 0.127843 0.35177 1.0 0.119463 0.364332 1.0 0.128924 0.364738 1.0
0 0.1875 0.363104 0.033203 0.061493 0.187273 0.360463 1.0 0.197475 0.354189 1.0 0.199044 0.365953 1.0 0.190412 0.378504 1.0 0.200875 0.373406 1.0
0 0.161621 0.309663 0.030273 0.048316 0.158469 0.304748 1.0 0.170968 0.304133 1.0 0.1681 0.312735 1.0 0.160313 0.321337 1.0 0.170354 0.320416 1.0
0 0.23291 0.349195 0.02832 0.054173 0.230835 0.345064 1.0 0.243077 0.342685 1.0 0.239677 0.354581 1.0 0.230835 0.363757 1.0 0.24149 0.361378 1.0
0 0.248047 0.333089 0.023438 0.051245 0.231262 0.34543 1.0 0.242598 0.343142 1.0 0.23802 0.355561 1.0 0.231916 0.362425 1.0 0.241943 0.359157 1.0
0 0.23584 0.479502 0.030273 0.068814 0.236128 0.468246 1.0 0.247925 0.466521 1.0 0.24476 0.482051 1.0 0.232387 0.491974 1.0 0.242745 0.493698 1.0
0 0.17627 0.548316 0.03418 0.074671 0.178179 0.543035 1.0 0.191546 0.535401 1.0 0.190591 0.552578 1.0 0.179452 0.565939 1.0 0.189637 0.563552 1.0
0 0.128906 0.431918 0.033203 0.073206 0.124965 0.423865 1.0 0.141288 0.423865 1.0 0.135951 0.437512 1.0 0.125907 0.45069 1.0 0.138148 0.451161 1.0
0 0.790039 0.735725 0.03125 0.060029 0.789799 0.732398 1.0 0.801976 0.729045 1.0 0.799491 0.748419 1.0 0.790793 0.752517 1.0 0.799739 0.752143 1.0
0 0.680176 0.754758 0.030273 0.04246 0.673741 0.739072 1.0 0.687936 0.737921 1.0 0.683332 0.7523 1.0 0.676811 0.759779 1.0 0.687553 0.758628 1.0
0 0.608887 0.701318 0.030273 0.061493 0.605961 0.688624 1.0 0.620322 0.696599 1.0 0.611015 0.706567 1.0 0.600908 0.708959 1.0 0.612078 0.716136 1.0
0 0.062012 0.369693 0.006836 0.010249 0.0 0.0 0.0 0.0 0.0 0.0 0.0 0.0 0.0 0.0 0.0 0.0 0.0 0.0 0.0
0 0.086426 0.366764 0.006836 0.010249 0.0 0.0 0.0 0.0 0.0 0.0 0.0 0.0 0.0 0.0 0.0 0.0 0.0 0.0 0.0