0 0.67627 0.174574 0.038086 0.062044 0.667934 0.166927 1.0 0.685198 0.166927 1.0 0.67484 0.181787 1.0 0.670445 0.190389 1.0 0.680804 0.191172 1.0
0 0.643066 0.164234 0.036133 0.060827 0.63453 0.164782 1.0 0.649697 0.161311 1.0 0.644436 0.179436 1.0 0.638863 0.186762 1.0 0.652483 0.182134 1.0
0 0.613281 0.155718 0.03125 0.053528 0.602304 0.147431 1.0 0.619062 0.147766 1.0 0.609602 0.160899 1.0 0.606088 0.166623 1.0 0.617711 0.16595 1.0
0 0.578125 0.138078 0.03125 0.045012 0.567383 0.135036 1.0 0.583984 0.13382 1.0 0.573242 0.143552 1.0 0.571289 0.152068 1.0 0.581055 0.150852 1.0
0 0.579102 0.060219 0.025391 0.037713 0.575073 0.056504 1.0 0.586391 0.055071 1.0 0.580636 0.064391 1.0 0.577184 0.070364 1.0 0.585048 0.068691 1.0
0 0.546875 0.11618 0.029297 0.045012 0.539106 0.110586 1.0 0.553702 0.11 1.0 0.546404 0.121144 1.0 0.542638 0.127596 1.0 0.552525 0.126717 1.0
0 0.522461 0.099757 0.027344 0.048662 0.514404 0.096607 1.0 0.526542 0.094717 1.0 0.519967 0.104797 1.0 0.517944 0.110152 1.0 0.527806 0.109522 1.0
0 0.501953 0.077251 0.027344 0.045012 0.492188 0.074209 1.0 0.504883 0.068127 1.0 0.5 0.077859 1.0 0.498047 0.087591 1.0 0.506836 0.082725 1.0
0 0.465332 0.054136 0.02832 0.042579 0.464844 0.049878 1.0 0.473633 0.054745 1.0 0.46875 0.058394 1.0 0.462891 0.06326 1.0 0.470703 0.06691 1.0
0 0.458984 0.082725 0.027344 0.043796 0.459142 0.078489 1.0 0.46685 0.081595 1.0 0.463222 0.08922 1.0 0.454381 0.095999 1.0 0.462315 0.097693 1.0
0 0.440918 0.104015 0.030273 0.052311 0.437849 0.097541 1.0 0.451974 0.099822 1.0 0.44648 0.110575 1.0 0.437849 0.11579 1.0 0.44648 0.120352 1.0
0 0.414551 0.110097 0.02832 0.054745 0.411133 0.107056 1.0 0.421875 0.109489 1.0 0.416992 0.118005 1.0 0.408203 0.124088 1.0 0.418945 0.127737 1.0
0 0.379883 0.048662 0.025391 0.036496 0.375793 0.0422 1.0 0.387879 0.042427 1.0 0.382935 0.04927 1.0 0.376709 0.058394 1.0 0.386779 0.057482 1.0
0 0.387207 0.131387 0.03418 0.058394 0.0 0.0 0.0 0.0 0.0 0.0 0.0 0.0 0.0 0.0 0.0 0.0 0.0 0.0 0.0
0 0.352539 0.14781 0.037109 0.054745 0.346959 0.138512 1.0 0.367606 0.142684 1.0 0.356166 0.153111 1.0 0.347796 0.160062 1.0 0.357282 0.161106 1.0
0 0.315918 0.180049 0.036133 0.060827 0.30957 0.173966 1.0 0.327148 0.176399 1.0 0.319336 0.188564 1.0 0.307617 0.194647 1.0 0.322266 0.198297 1.0
0 0.498047 0.277372 0.042969 0.06326 0.489258 0.273723 1.0 0.508789 0.274939 1.0 0.499023 0.288321 1.0 0.491211 0.296837 1.0 0.506836 0.296837 1.0
0 0.277832 0.200122 0.040039 0.064477 0.273438 0.195864 1.0 0.292969 0.199513 1.0 0.285156 0.210462 1.0 0.273438 0.217762 1.0 0.286133 0.220195 1.0
0 0.224121 0.229927 0.041992 0.06326 0.216701 0.221487 1.0 0.237349 0.223095 1.0 0.227024 0.237563 1.0 0.216378 0.242787 1.0 0.233154 0.243993 1.0
0 0.117676 0.225669 0.051758 0.069343 0.106515 0.219064 1.0 0.131627 0.216023 1.0 0.118722 0.23123 1.0 0.110352 0.242961 1.0 0.129186 0.242092 1.0
0 0.802246 0.268856 0.049805 0.07056 0.787646 0.262839 1.0 0.806824 0.259684 1.0 0.797416 0.278616 1.0 0.791988 0.286279 1.0 0.808633 0.284927 1.0
0 0.739258 0.213504 0.039062 0.062044 0.72954 0.207161 1.0 0.747681 0.207557 1.0 0.73686 0.219847 1.0 0.731449 0.229363 1.0 0.745135 0.228966 1.0