0 0.651367 0.67522 0.041016 0.065982 0.641881 0.672811 1.0 0.655273 0.662757 1.0 0.649414 0.677839 1.0 0.647461 0.692082 1.0 0.660575 0.683284 1.0
0 0.692871 0.56085 0.038086 0.060117 0.683585 0.557761 1.0 0.695932 0.550422 1.0 0.691044 0.568188 1.0 0.690787 0.57823 1.0 0.701333 0.570891 1.0
0 0.639648 0.459677 0.033203 0.060117 0.630799 0.455528 1.0 0.643441 0.450592 1.0 0.635855 0.465399 1.0 0.633074 0.47527 1.0 0.645211 0.471853 1.0
0 0.596191 0.574047 0.03418 0.05132 0.585894 0.560221 1.0 0.600063 0.558258 1.0 0.591125 0.571023 1.0 0.58851 0.583132 1.0 0.599627 0.581169 1.0
0 0.518066 0.491202 0.032227 0.064516 0.507089 0.483897 1.0 0.521415 0.48268 1.0 0.513306 0.497696 1.0 0.50844 0.504595 1.0 0.523307 0.502566 1.0
0 0.512207 0.617302 0.03418 0.067449 0.504635 0.608485 1.0 0.52022 0.612314 1.0 0.511152 0.623377 1.0 0.503784 0.634865 1.0 0.514836 0.638694 1.0
0 0.459961 0.674487 0.033203 0.061584 0.449633 0.668164 1.0 0.464791 0.668563 1.0 0.45442 0.679743 1.0 0.449633 0.691323 1.0 0.463462 0.692521 1.0
0 0.412598 0.664223 0.038086 0.067449 0.402413 0.653252 1.0 0.417088 0.660164 1.0 0.404428 0.665349 1.0 0.398673 0.674421 1.0 0.410758 0.680902 1.0
0 0.43457 0.470674 0.029297 0.046921 0.427856 0.461327 1.0 0.441175 0.461327 1.0 0.435028 0.473018 1.0 0.429905 0.481632 1.0 0.440766 0.481324 1.0
0 0.295898 0.247801 0.027344 0.046921 0.289328 0.236463 1.0 0.304042 0.236758 1.0 0.298156 0.244416 1.0 0.291486 0.254726 1.0 0.302473 0.255021 1.0
0 0.312012 0.328446 0.032227 0.058651 0.309278 0.32137 1.0 0.323442 0.319877 1.0 0.319218 0.334802 1.0 0.309775 0.340771 1.0 0.323194 0.339652 1.0
0 0.352051 0.281525 0.030273 0.052786 0.346894 0.271647 1.0 0.360456 0.27365 1.0 0.354453 0.280327 1.0 0.346448 0.29368 1.0 0.359122 0.295016 1.0
0 0.416992 0.291789 0.033203 0.055718 0.409659 0.28896 1.0 0.424727 0.283658 1.0 0.418841 0.294617 1.0 0.414367 0.307695 1.0 0.423784 0.303806 1.0
0 0.48584 0.306452 0.032227 0.052786 0.478358 0.295559 1.0 0.491508 0.292836 1.0 0.48584 0.308154 1.0 0.483119 0.315982 1.0 0.490601 0.314962 1.0
0 0.579102 0.280059 0.029297 0.058651 0.572152 0.271864 1.0 0.586316 0.272982 1.0 0.578365 0.282683 1.0 0.571655 0.292384 1.0 0.586068 0.294251 1.0
0 0.560547 0.245601 0.019531 0.033724 0.554277 0.245535 1.0 0.559762 0.245535 1.0 0.553981 0.252657 1.0 0.556057 0.25978 1.0 0.560355 0.257999 1.0
0 0.535645 0.303519 0.018555 0.032258 0.530064 0.300587 1.0 0.538017 0.302472 1.0 0.532854 0.306032 1.0 0.529646 0.313154 1.0 0.534947 0.313783 1.0
0 0.529297 0.245601 0.017578 0.039589 0.52356 0.244581 1.0 0.530021 0.245601 1.0 0.52543 0.249941 1.0 0.52135 0.256834 1.0 0.529 0.259387 1.0
0 0.385254 0.22434 0.020508 0.038123 0.38041 0.219248 1.0 0.388314 0.217795 1.0 0.384443 0.225302 1.0 0.380733 0.232811 1.0 0.389443 0.232326 1.0
0 0.671875 0.258798 0.017578 0.033724 0.666983 0.256468 1.0 0.673889 0.254308 1.0 0.669717 0.261868 1.0 0.66871 0.268565 1.0 0.674177 0.268132 1.0
0 0.695801 0.236804 0.014648 0.030792 0.687727 0.228216 1.0 0.694396 0.228805 1.0 0.688643 0.233321 1.0 0.687596 0.240979 1.0 0.691389 0.24039 1.0
0 0.719238 0.264663 0.010742 0.036657 0.718432 0.257154 1.0 0.718754 0.257154 1.0 0.713593 0.262482 1.0 0.717142 0.271686 1.0 0.717464 0.271686 1.0
0 0.245605 0.296188 0.02832 0.058651 0.248588 0.292097 1.0 0.259521 0.293216 1.0 0.257533 0.302916 1.0 0.248091 0.313364 1.0 0.257533 0.314856 1.0
0 0.176758 0.318182 0.029297 0.052786 0.171282 0.311034 1.0 0.184657 0.314779 1.0 0.178764 0.32533 1.0 0.170375 0.331798 1.0 0.180123 0.336563 1.0
0 0.15332 0.297654 0.033203 0.061584 0.149955 0.290585 1.0 0.164604 0.294905 1.0 0.157802 0.307081 1.0 0.14577 0.311007 1.0 0.16068 0.31572 1.0
0 0.758301 0.203812 0.022461 0.032258 0.75293 0.197947 1.0 0.758789 0.195015 1.0 0.753906 0.202346 1.0 0.753906 0.209677 1.0 0.758789 0.208211 1.0
0 0.804199 0.071114 0.018555 0.027859 0.803955 0.070015 1.0 0.809448 0.070015 1.0 0.807739 0.075696 1.0 0.804199 0.080095 1.0 0.808472 0.080095 1.0
0 0.862793 0.111437 0.012695 0.029326 0.859523 0.106717 1.0 0.866224 0.107097 1.0 0.862431 0.112603 1.0 0.860029 0.118107 1.0 0.865086 0.118107 1.0
0 0.931641 0.118768 0.013672 0.020528 0.927734 0.11437 1.0 0.93457 0.112903 1.0 0.931641 0.117302 1.0 0.930664 0.124633 1.0 0.935547 0.123167 1.0
0 0.977051 0.133431 0.016602 0.026393 0.973311 0.130433 1.0 0.979998 0.130262 1.0 0.97569 0.135368 1.0 0.973877 0.139793 1.0 0.978185 0.140133 1.0
0 0.982422 0.180352 0.019531 0.032258 0.977203 0.177387 1.0 0.984231 0.174545 1.0 0.980447 0.184286 1.0 0.978825 0.188547 1.0 0.985313 0.186315 1.0
0 0.937988 0.201613 0.016602 0.021994 0.933088 0.195152 1.0 0.938864 0.194334 1.0 0.936249 0.200553 1.0 0.93396 0.205135 1.0 0.939736 0.204317 1.0
0 0.935059 0.269062 0.014648 0.033724 0.930673 0.262543 1.0 0.936157 0.262987 1.0 0.928598 0.267661 1.0 0.931858 0.27545 1.0 0.934972 0.27545 1.0
0 0.868652 0.293255 0.016602 0.029326 0.861607 0.291762 1.0 0.869951 0.289674 1.0 0.864515 0.297078 1.0 0.863504 0.303721 1.0 0.869572 0.303152 1.0
0 0.976074 0.061584 0.014648 0.02346 0.971575 0.059685 1.0 0.977592 0.059084 1.0 0.97358 0.062545 1.0 0.971575 0.067966 1.0 0.97699 0.067815 1.0
0 0.671387 0.178152 0.016602 0.036657 0.665719 0.173413 1.0 0.671997 0.173177 1.0 0.667916 0.178833 1.0 0.666504 0.186846 1.0 0.672782 0.185667 1.0
0 0.617188 0.151026 0.015625 0.029326 0.614424 0.146497 1.0 0.620492 0.146877 1.0 0.616952 0.151433 1.0 0.615056 0.156748 1.0 0.618849 0.156937 1.0
0 0.564453 0.16129 0.019531 0.032258 0.561942 0.155845 1.0 0.568639 0.156054 1.0 0.56529 0.162757 1.0 0.560966 0.169459 1.0 0.569336 0.169669 1.0
0 0.558105 0.130499 0.014648 0.02346 0.0 0.0 0.0 0.0 0.0 0.0 0.0 0.0 0.0 0.0 0.0 0.0 0.0 0.0 0.0
0 0.45166 0.192082 0.018555 0.032258 0.448521 0.188103 1.0 0.455954 0.188305 1.0 0.452846 0.192566 1.0 0.449737 0.198248 1.0 0.454603 0.198248 1.0
0 0.443848 0.127566 0.016602 0.029326 0.438477 0.124633 1.0 0.447266 0.124633 1.0 0.443359 0.129032 1.0 0.44043 0.134897 1.0 0.447266 0.133431 1.0
0 0.363281 0.103372 0.017578 0.030792 0.360665 0.102443 1.0 0.368382 0.102836 1.0 0.364851 0.108138 1.0 0.362365 0.112654 1.0 0.367467 0.11285 1.0
0 0.291016 0.133431 0.017578 0.032258 0.288365 0.131128 1.0 0.294364 0.130708 1.0 0.292132 0.13406 1.0 0.288783 0.140553 1.0 0.294922 0.140133 1.0
0 0.248535 0.117302 0.014648 0.029326 0.245117 0.11437 1.0 0.25293 0.115836 1.0 0.249023 0.118768 1.0 0.246094 0.123167 1.0 0.251953 0.123167 1.0
0 0.237305 0.134897 0.013672 0.026393 0.234175 0.130198 1.0 0.240749 0.129856 1.0 0.237575 0.135304 1.0 0.234968 0.140579 1.0 0.240182 0.139387 1.0
0 0.202148 0.210411 0.017578 0.033724 0.0 0.0 0.0 0.0 0.0 0.0 0.0 0.0 0.0 0.0 0.0 0.0 0.0 0.0 0.0
0 0.256836 0.331378 0.023438 0.049853 0.251953 0.328446 1.0 0.262695 0.331378 1.0 0.258789 0.341642 1.0 0.253906 0.351906 1.0 0.260742 0.35044 1.0
0 0.498047 0.219941 0.019531 0.032258 0.0 0.0 0.0 0.0 0.0 0.0 0.0 0.0 0.0 0.0 0.0 0.0 0.0 0.0 0.0
0 0.17334 0.119501 0.016602 0.033724 0.17082 0.112314 1.0 0.178527 0.112537 1.0 0.175267 0.11632 1.0 0.172154 0.126557 1.0 0.177046 0.126557 1.0
0 0.03125 0.379032 0.019531 0.036657 0.032018 0.375943 1.0 0.038609 0.375 1.0 0.03908 0.380655 1.0 0.034843 0.38961 1.0 0.039864 0.388433 1.0
0 0.041016 0.416422 0.017578 0.035191 0.0 0.0 0.0 0.0 0.0 0.0 0.0 0.0 0.0 0.0 0.0 0.0 0.0 0.0 0.0
0 0.032715 0.437683 0.018555 0.039589 0.029145 0.434875 1.0 0.039346 0.434875 1.0 0.034415 0.440491 1.0 0.031015 0.447384 1.0 0.037306 0.447129 1.0