0 0.65625 0.3482 0.048828 0.098592 0.638985 0.3259 1.0 0.653948 0.325285 1.0 0.640521 0.353567 1.0 0.649345 0.370781 1.0 0.661237 0.368936 1.0
0 0.167969 0.258216 0.041016 0.075117 0.152553 0.230997 1.0 0.172119 0.240499 1.0 0.157296 0.256175 1.0 0.153442 0.270429 1.0 0.164411 0.276604 1.0
0 0.087891 0.201095 0.025391 0.039124 0.083008 0.195618 1.0 0.095703 0.194053 1.0 0.089844 0.201878 1.0 0.084961 0.215962 1.0 0.09375 0.214397 1.0
0 0.094238 0.106416 0.026367 0.050078 0.086617 0.099989 1.0 0.101258 0.099989 1.0 0.09484 0.109951 1.0 0.089024 0.122163 1.0 0.09865 0.122806 1.0
0 0.019043 0.117371 0.024414 0.050078 0.014042 0.114074 1.0 0.024244 0.114074 1.0 0.019731 0.124762 1.0 0.015809 0.134194 1.0 0.023067 0.133879 1.0
0 0.077637 0.023474 0.024414 0.034429 0.074166 0.009865 1.0 0.080915 0.007601 1.0 0.079503 0.01741 1.0 0.076363 0.026967 1.0 0.082171 0.024955 1.0
0 0.171387 0.030516 0.022461 0.042254 0.16752 0.021798 1.0 0.177041 0.023704 1.0 0.17262 0.034332 1.0 0.167689 0.041415 1.0 0.174831 0.042778 1.0
0 0.250488 0.042254 0.026367 0.056338 0.244219 0.036482 1.0 0.255781 0.038264 1.0 0.25 0.047884 1.0 0.245108 0.055723 1.0 0.253335 0.05608 1.0
0 0.348145 0.108764 0.022461 0.057903 0.343349 0.105438 1.0 0.353097 0.105438 1.0 0.347883 0.117427 1.0 0.344482 0.127236 1.0 0.35219 0.127236 1.0
0 0.412598 0.111111 0.024414 0.050078 0.40625 0.106416 1.0 0.417969 0.104851 1.0 0.412109 0.115806 1.0 0.40918 0.123631 1.0 0.416016 0.123631 1.0
0 0.409668 0.029734 0.022461 0.043818 0.404872 0.025221 1.0 0.414481 0.02177 1.0 0.410505 0.033451 1.0 0.409014 0.042477 1.0 0.414979 0.040088 1.0
0 0.352051 0.021909 0.024414 0.031299 0.346069 0.008327 1.0 0.356271 0.009837 1.0 0.351562 0.015873 1.0 0.347953 0.024676 1.0 0.354545 0.02543 1.0
0 0.631836 0.056338 0.021484 0.046948 0.625 0.051643 1.0 0.633789 0.050078 1.0 0.629883 0.059468 1.0 0.62793 0.068858 1.0 0.634766 0.067293 1.0
0 0.699707 0.033646 0.024414 0.042254 0.0 0.0 0.0 0.0 0.0 0.0 0.0 0.0 0.0 0.0 0.0 0.0 0.0 0.0 0.0
0 0.484375 0.118153 0.021484 0.045383 0.479492 0.112676 1.0 0.489258 0.111111 1.0 0.484375 0.120501 1.0 0.480469 0.12989 1.0 0.489258 0.12989 1.0
0 0.385742 0.241002 0.03125 0.056338 0.0 0.0 0.0 0.0 0.0 0.0 0.0 0.0 0.0 0.0 0.0 0.0 0.0 0.0 0.0