0 0.280273 0.250651 0.021484 0.029948 0.274598 0.244268 1.0 0.284677 0.244466 1.0 0.279637 0.251383 1.0 0.277266 0.258103 1.0 0.282898 0.257708 1.0
0 0.289551 0.211589 0.018555 0.027344 0.283212 0.200997 1.0 0.287658 0.206229 1.0 0.280727 0.209543 1.0 0.283866 0.214773 1.0 0.286351 0.215995 1.0
0 0.350586 0.064453 0.019531 0.027344 0.346989 0.061889 1.0 0.354017 0.06171 1.0 0.350908 0.068197 1.0 0.346989 0.072882 1.0 0.353611 0.072161 1.0
0 0.32373 0.054036 0.012695 0.019531 0.0 0.0 0.0 0.0 0.0 0.0 0.0 0.0 0.0 0.0 0.0 0.0 0.0 0.0 0.0
0 0.360352 0.214844 0.017578 0.028646 0.0 0.0 0.0 0.0 0.0 0.0 0.0 0.0 0.0 0.0 0.0 0.0 0.0 0.0 0.0
0 0.384277 0.10612 0.018555 0.035156 0.0 0.0 0.0 0.0 0.0 0.0 0.0 0.0 0.0 0.0 0.0 0.0 0.0 0.0 0.0
0 0.421875 0.065104 0.015625 0.03125 0.419713 0.059454 1.0 0.426234 0.060245 1.0 0.424308 0.066965 1.0 0.419713 0.070719 1.0 0.42668 0.073882 1.0
0 0.40332 0.020182 0.015625 0.027344 0.0 0.0 0.0 0.0 0.0 0.0 0.0 0.0 0.0 0.0 0.0 0.0 0.0 0.0 0.0
0 0.5 0.027995 0.019531 0.032552 0.495919 0.025669 1.0 0.504552 0.023159 1.0 0.499687 0.029855 1.0 0.498744 0.036133 1.0 0.504552 0.035296 1.0
0 0.501953 0.10612 0.017578 0.032552 0.499878 0.102749 1.0 0.507098 0.102749 1.0 0.503959 0.109654 1.0 0.499721 0.114258 1.0 0.507098 0.11363 1.0
0 0.473145 0.080729 0.016602 0.026042 0.469238 0.075033 1.0 0.478394 0.075033 1.0 0.473022 0.078939 1.0 0.469727 0.087077 1.0 0.47583 0.087077 1.0
0 0.43457 0.108724 0.011719 0.032552 0.0 0.0 0.0 0.0 0.0 0.0 0.0 0.0 0.0 0.0 0.0 0.0 0.0 0.0 0.0
0 0.45752 0.148438 0.014648 0.03125 0.455296 0.145275 1.0 0.462707 0.146659 1.0 0.458261 0.151204 1.0 0.454406 0.157331 1.0 0.460336 0.158122 1.0
0 0.427734 0.194661 0.019531 0.035156 0.423113 0.189814 1.0 0.432888 0.190034 1.0 0.428083 0.194452 1.0 0.424438 0.204172 1.0 0.43123 0.204392 1.0
0 0.519531 0.160156 0.025391 0.036458 0.515172 0.151553 1.0 0.524763 0.152018 1.0 0.519008 0.159227 1.0 0.515521 0.166667 1.0 0.522845 0.1669 1.0
0 0.556152 0.110026 0.018555 0.032552 0.551793 0.105509 1.0 0.560987 0.105509 1.0 0.557922 0.111962 1.0 0.552761 0.120565 1.0 0.560181 0.120134 1.0
0 0.534668 0.065755 0.020508 0.029948 0.531808 0.061745 1.0 0.539367 0.061547 1.0 0.535811 0.067475 1.0 0.532846 0.073009 1.0 0.540108 0.073603 1.0
0 0.460449 0.03125 0.014648 0.023438 0.0 0.0 0.0 0.0 0.0 0.0 0.0 0.0 0.0 0.0 0.0 0.0 0.0 0.0 0.0
0 0.235352 0.208984 0.015625 0.027344 0.0 0.0 0.0 0.0 0.0 0.0 0.0 0.0 0.0 0.0 0.0 0.0 0.0 0.0 0.0
0 0.634766 0.220052 0.013672 0.020833 0.0 0.0 0.0 0.0 0.0 0.0 0.0 0.0 0.0 0.0 0.0 0.0 0.0 0.0 0.0
0 0.635254 0.273438 0.018555 0.03125 0.631505 0.270868 1.0 0.638916 0.270473 1.0 0.634914 0.276204 1.0 0.632394 0.284505 1.0 0.637879 0.284109 1.0
0 0.5625 0.264323 0.019531 0.028646 0.0 0.0 0.0 0.0 0.0 0.0 0.0 0.0 0.0 0.0 0.0 0.0 0.0 0.0 0.0
0 0.499512 0.200521 0.020508 0.03125 0.499363 0.199417 1.0 0.500549 0.199615 1.0 0.499956 0.20831 1.0 0.495064 0.209891 1.0 0.496547 0.210484 1.0
0 0.729004 0.184896 0.020508 0.03125 0.0 0.0 0.0 0.0 0.0 0.0 0.0 0.0 0.0 0.0 0.0 0.0 0.0 0.0 0.0
0 0.602539 0.067708 0.017578 0.028646 0.598454 0.063993 1.0 0.606969 0.064534 1.0 0.602509 0.068319 1.0 0.59994 0.073725 1.0 0.605076 0.074266 1.0
0 0.763184 0.149089 0.018555 0.032552 0.0 0.0 0.0 0.0 0.0 0.0 0.0 0.0 0.0 0.0 0.0 0.0 0.0 0.0 0.0
0 0.799316 0.109375 0.018555 0.028646 0.794225 0.106212 1.0 0.802315 0.106398 1.0 0.797294 0.111049 1.0 0.795062 0.117374 1.0 0.801061 0.117188 1.0
0 0.782227 0.197917 0.019531 0.03125 0.775757 0.195027 1.0 0.783539 0.193604 1.0 0.779419 0.201538 1.0 0.779267 0.207642 1.0 0.783691 0.206217 1.0
0 0.754395 0.259766 0.020508 0.03776 0.747066 0.257034 1.0 0.756896 0.257272 1.0 0.750283 0.26466 1.0 0.749568 0.27181 1.0 0.754395 0.272286 1.0
0 0.141113 0.110677 0.014648 0.026042 0.0 0.0 0.0 0.0 0.0 0.0 0.0 0.0 0.0 0.0 0.0 0.0 0.0 0.0 0.0
0 0.131348 0.14974 0.016602 0.033854 0.128121 0.146723 1.0 0.136832 0.147368 1.0 0.131509 0.15296 1.0 0.127799 0.159628 1.0 0.134412 0.160272 1.0
0 0.066895 0.116536 0.016602 0.029948 0.0 0.0 0.0 0.0 0.0 0.0 0.0 0.0 0.0 0.0 0.0 0.0 0.0 0.0 0.0
0 0.064941 0.16276 0.016602 0.028646 0.0 0.0 0.0 0.0 0.0 0.0 0.0 0.0 0.0 0.0 0.0 0.0 0.0 0.0 0.0
0 0.013672 0.113932 0.015625 0.02474 0.010376 0.108887 1.0 0.017822 0.108887 1.0 0.014038 0.112956 1.0 0.009888 0.11735 1.0 0.016846 0.118164 1.0
0 0.04834 0.028646 0.018555 0.026042 0.043949 0.026815 1.0 0.051915 0.025466 1.0 0.047995 0.031535 1.0 0.045973 0.03676 1.0 0.051029 0.036086 1.0
0 0.101562 0.033203 0.017578 0.019531 0.098603 0.032418 1.0 0.106018 0.031948 1.0 0.102251 0.037126 1.0 0.09919 0.041992 1.0 0.105547 0.041678 1.0
0 0.158203 0.026042 0.017578 0.028646 0.155971 0.023624 1.0 0.164342 0.022508 1.0 0.160017 0.029204 1.0 0.157784 0.033482 1.0 0.162667 0.032924 1.0
0 0.187012 0.150391 0.016602 0.02474 0.182861 0.146973 1.0 0.189453 0.147135 1.0 0.187012 0.15153 1.0 0.184937 0.156901 1.0 0.189209 0.156901 1.0
0 0.203125 0.152995 0.017578 0.029948 0.0 0.0 0.0 0.0 0.0 0.0 0.0 0.0 0.0 0.0 0.0 0.0 0.0 0.0 0.0
0 0.148438 0.204427 0.017578 0.03125 0.0 0.0 0.0 0.0 0.0 0.0 0.0 0.0 0.0 0.0 0.0 0.0 0.0 0.0 0.0
0 0.087402 0.210286 0.018555 0.029948 0.0 0.0 0.0 0.0 0.0 0.0 0.0 0.0 0.0 0.0 0.0 0.0 0.0 0.0 0.0
0 0.030273 0.205729 0.017578 0.03125 0.026153 0.199585 1.0 0.034088 0.199382 1.0 0.029969 0.206299 1.0 0.026916 0.21281 1.0 0.032867 0.212605 1.0
0 0.020996 0.277344 0.016602 0.03125 0.017762 0.274659 1.0 0.025543 0.272827 1.0 0.022187 0.281779 1.0 0.019287 0.287475 1.0 0.024322 0.286661 1.0
0 0.277832 0.026042 0.016602 0.03125 0.274126 0.023671 1.0 0.28139 0.023275 1.0 0.27798 0.029204 1.0 0.274719 0.03375 1.0 0.282575 0.032762 1.0
0 0.29541 0.077474 0.016602 0.027344 0.29221 0.073161 1.0 0.300581 0.072115 1.0 0.29718 0.077346 1.0 0.294434 0.082753 1.0 0.299796 0.08188 1.0
0 0.249023 0.14974 0.017578 0.028646 0.244307 0.14506 1.0 0.251212 0.143717 1.0 0.248479 0.14928 1.0 0.246608 0.155035 1.0 0.2515 0.154268 1.0
0 0.305176 0.110026 0.016602 0.027344 0.0 0.0 0.0 0.0 0.0 0.0 0.0 0.0 0.0 0.0 0.0 0.0 0.0 0.0 0.0
0 0.335449 0.159505 0.016602 0.032552 0.331996 0.156342 1.0 0.340314 0.155924 1.0 0.33592 0.163249 1.0 0.333409 0.170573 1.0 0.338902 0.170573 1.0
0 0.85791 0.10026 0.016602 0.028646 0.853655 0.096168 1.0 0.861607 0.095238 1.0 0.857143 0.101935 1.0 0.853376 0.109003 1.0 0.860212 0.109561 1.0
0 0.85791 0.146484 0.020508 0.035156 0.0 0.0 0.0 0.0 0.0 0.0 0.0 0.0 0.0 0.0 0.0 0.0 0.0 0.0 0.0
0 0.828125 0.079427 0.013672 0.015625 0.0 0.0 0.0 0.0 0.0 0.0 0.0 0.0 0.0 0.0 0.0 0.0 0.0 0.0 0.0
0 0.575195 0.02474 0.017578 0.020833 0.0 0.0 0.0 0.0 0.0 0.0 0.0 0.0 0.0 0.0 0.0 0.0 0.0 0.0 0.0
0 0.960938 0.0625 0.019531 0.028646 0.0 0.0 0.0 0.0 0.0 0.0 0.0 0.0 0.0 0.0 0.0 0.0 0.0 0.0 0.0
0 0.912109 0.098958 0.019531 0.033854 0.907985 0.096109 1.0 0.916103 0.096772 1.0 0.911299 0.103178 1.0 0.907985 0.108701 1.0 0.914446 0.109363 1.0
0 0.980957 0.154297 0.020508 0.032552 0.978302 0.145467 1.0 0.987457 0.146078 1.0 0.981812 0.152181 1.0 0.978149 0.158691 1.0 0.984253 0.158284 1.0
0 0.932129 0.205078 0.020508 0.035156 0.927368 0.201962 1.0 0.935359 0.202189 1.0 0.930938 0.208083 1.0 0.927368 0.214884 1.0 0.93451 0.215792 1.0
0 0.871094 0.209635 0.015625 0.03125 0.865082 0.206746 1.0 0.871186 0.206746 1.0 0.868896 0.213257 1.0 0.865234 0.217326 1.0 0.87027 0.217326 1.0
0 0.864258 0.014974 0.019531 0.02474 0.861873 0.008353 1.0 0.869712 0.007341 1.0 0.864528 0.013917 1.0 0.862885 0.020659 1.0 0.868194 0.020322 1.0
0 0.919922 0.013672 0.017578 0.02474 0.0 0.0 0.0 0.0 0.0 0.0 0.0 0.0 0.0 0.0 0.0 0.0 0.0 0.0 0.0
0 0.995605 0.01888 0.008789 0.029948 0.995483 0.010987 1.0 0.999276 0.010987 1.0 0.998884 0.016043 1.0 0.99496 0.020404 1.0 0.999146 0.020055 1.0
0 0.530273 0.270182 0.039062 0.050781 0.519775 0.256836 1.0 0.540771 0.253581 1.0 0.531738 0.275391 1.0 0.523926 0.285807 1.0 0.54126 0.283203 1.0
0 0.161133 0.393229 0.027344 0.039062 0.0 0.0 0.0 0.0 0.0 0.0 0.0 0.0 0.0 0.0 0.0 0.0 0.0 0.0 0.0