0 0.866211 0.40176 0.033203 0.058651 0.85652 0.381251 1.0 0.868944 0.398041 1.0 0.859501 0.398415 1.0 0.852543 0.405504 1.0 0.860495 0.41707 1.0
0 0.479492 0.36437 0.041016 0.05132 0.476175 0.351277 1.0 0.491865 0.353208 1.0 0.486206 0.372133 1.0 0.478232 0.379085 1.0 0.489293 0.379085 1.0
0 0.253906 0.367302 0.033203 0.060117 0.255859 0.356305 1.0 0.269531 0.356305 1.0 0.265625 0.370968 1.0 0.25293 0.381232 1.0 0.269531 0.379765 1.0
0 0.723145 0.06305 0.022461 0.032258 0.717773 0.054252 1.0 0.727539 0.05132 1.0 0.724609 0.058651 1.0 0.71875 0.070381 1.0 0.727539 0.068915 1.0
0 0.643066 0.074047 0.024414 0.030792 0.639282 0.063652 1.0 0.645874 0.063652 1.0 0.643363 0.0719 1.0 0.638341 0.078026 1.0 0.646973 0.078262 1.0
0 0.894531 0.010264 0.021484 0.014663 0.886719 0.004399 1.0 0.901367 0.005865 1.0 0.894531 0.005865 1.0 0.890625 0.01173 1.0 0.898438 0.01173 1.0
0 0.36377 0.096041 0.022461 0.033724 0.360352 0.085044 1.0 0.371094 0.08651 1.0 0.366211 0.092375 1.0 0.361328 0.104106 1.0 0.370117 0.104106 1.0
0 0.318848 0.107771 0.020508 0.030792 0.3125 0.096774 1.0 0.325195 0.096774 1.0 0.318359 0.104106 1.0 0.313477 0.117302 1.0 0.324219 0.117302 1.0
0 0.239746 0.103372 0.020508 0.030792 0.233398 0.090909 1.0 0.246094 0.092375 1.0 0.240234 0.099707 1.0 0.232422 0.111437 1.0 0.245117 0.111437 1.0
0 0.148438 0.115836 0.021484 0.029326 0.146484 0.108504 1.0 0.15918 0.108504 1.0 0.154297 0.118768 1.0 0.146484 0.1261 1.0 0.15625 0.127566 1.0
0 0.066406 0.107038 0.023438 0.029326 0.0625 0.09824 1.0 0.074219 0.096774 1.0 0.069336 0.104106 1.0 0.064453 0.115836 1.0 0.073242 0.115836 1.0
0 0.422363 0.119501 0.022461 0.030792 0.415039 0.109971 1.0 0.428711 0.111437 1.0 0.422852 0.120235 1.0 0.416016 0.129032 1.0 0.425781 0.129032 1.0
0 0.519043 0.131232 0.020508 0.033724 0.513672 0.120235 1.0 0.525391 0.120235 1.0 0.519531 0.130499 1.0 0.513672 0.140762 1.0 0.524414 0.140762 1.0