0 0.921387 0.173981 0.022461 0.047022 0.91523 0.173365 1.0 0.925206 0.173674 1.0 0.918108 0.180447 1.0 0.91523 0.190299 1.0 0.922712 0.190299 1.0
0 0.889648 0.054075 0.019531 0.039185 0.884766 0.051025 1.0 0.893712 0.05052 1.0 0.88916 0.055558 1.0 0.886335 0.064627 1.0 0.892299 0.064627 1.0
0 0.95166 0.046238 0.018555 0.029781 0.947266 0.04232 1.0 0.955078 0.040752 1.0 0.952148 0.050157 1.0 0.947266 0.059561 1.0 0.956055 0.059561 1.0
0 0.94873 0.249216 0.022461 0.047022 0.943359 0.244514 1.0 0.951172 0.244514 1.0 0.946289 0.253918 1.0 0.942383 0.263323 1.0 0.950195 0.263323 1.0
0 0.833008 0.239028 0.033203 0.057994 0.82605 0.222997 1.0 0.837834 0.220773 1.0 0.831133 0.238944 1.0 0.826281 0.25044 1.0 0.83691 0.249699 1.0
0 0.788086 0.181818 0.021484 0.050157 0.779297 0.172414 1.0 0.790039 0.173981 1.0 0.78418 0.184953 1.0 0.779297 0.19279 1.0 0.790039 0.191223 1.0
0 0.421875 0.134796 0.035156 0.068966 0.415658 0.117611 1.0 0.431065 0.12195 1.0 0.421604 0.137567 1.0 0.414848 0.148414 1.0 0.42647 0.150149 1.0
0 0.554688 0.232759 0.039062 0.070533 0.0 0.0 0.0 0.0 0.0 0.0 0.0 0.0 0.0 0.0 0.0 0.0 0.0 0.0 0.0
0 0.171875 0.170846 0.027344 0.047022 0.167638 0.168691 1.0 0.177037 0.169614 1.0 0.172816 0.182545 1.0 0.168788 0.187472 1.0 0.174159 0.189936 1.0
0 0.161133 0.260972 0.025391 0.048589 0.155187 0.258033 1.0 0.166888 0.257726 1.0 0.160558 0.270964 1.0 0.157296 0.280508 1.0 0.163435 0.279585 1.0
0 0.5625 0.014107 0.019531 0.025078 0.557617 0.004702 1.0 0.567383 0.003135 1.0 0.5625 0.00627 1.0 0.557617 0.017241 1.0 0.566406 0.017241 1.0
0 0.443848 0.012539 0.018555 0.018809 0.439453 0.001567 1.0 0.448242 0.0 1.0 0.444336 0.003135 1.0 0.44043 0.012539 1.0 0.446289 0.012539 1.0
0 0.623047 0.010188 0.019531 0.017241 0.0 0.0 0.0 0.0 0.0 0.0 0.0 0.0 0.0 0.0 0.0 0.0 0.0 0.0 0.0