0 0.780762 0.363304 0.041992 0.062865 0.767029 0.340395 1.0 0.783787 0.343633 1.0 0.769731 0.362652 1.0 0.76865 0.370339 1.0 0.785409 0.370339 1.0
0 0.705566 0.278509 0.047852 0.086257 0.692052 0.272009 1.0 0.712315 0.270383 1.0 0.703992 0.290968 1.0 0.698203 0.300177 1.0 0.716296 0.296386 1.0
0 0.614258 0.241959 0.041016 0.071637 0.60155 0.221693 1.0 0.622907 0.219442 1.0 0.612379 0.241959 1.0 0.602753 0.250966 1.0 0.622306 0.250516 1.0
0 0.515137 0.224415 0.036133 0.080409 0.504299 0.206376 1.0 0.522321 0.207393 1.0 0.5111 0.224702 1.0 0.506679 0.240484 1.0 0.521301 0.239466 1.0
0 0.400879 0.383041 0.041992 0.067251 0.387434 0.373825 1.0 0.407837 0.372553 1.0 0.397636 0.392915 1.0 0.391117 0.397158 1.0 0.40982 0.39631 1.0
0 0.319336 0.388158 0.046875 0.092105 0.3106 0.376822 1.0 0.332328 0.376822 1.0 0.32418 0.395409 1.0 0.3106 0.407026 1.0 0.33388 0.404703 1.0
0 0.320312 0.174708 0.017578 0.033626 0.316516 0.170231 1.0 0.323421 0.16743 1.0 0.322126 0.174753 1.0 0.320831 0.183583 1.0 0.325436 0.179708 1.0
0 0.478027 0.179094 0.024414 0.03655 0.471418 0.175073 1.0 0.480992 0.174838 1.0 0.475813 0.184942 1.0 0.472831 0.190345 1.0 0.481463 0.19058 1.0
0 0.868164 0.278509 0.023438 0.048246 0.863578 0.273275 1.0 0.876012 0.271474 1.0 0.8718 0.281981 1.0 0.865783 0.293089 1.0 0.874809 0.292488 1.0
0 0.811035 0.199561 0.02832 0.054094 0.811035 0.197472 1.0 0.823051 0.19917 1.0 0.81829 0.212406 1.0 0.810355 0.213763 1.0 0.82237 0.213085 1.0
0 0.839844 0.160819 0.019531 0.026316 0.836068 0.151975 1.0 0.845424 0.150839 1.0 0.841378 0.159924 1.0 0.83708 0.16352 1.0 0.844666 0.162763 1.0
0 0.751953 0.168129 0.019531 0.02924 0.748553 0.159566 1.0 0.757185 0.15937 1.0 0.752084 0.167006 1.0 0.748945 0.173664 1.0 0.756139 0.173664 1.0
0 0.751465 0.248538 0.018555 0.055556 0.751953 0.239766 1.0 0.749023 0.245614 1.0 0.74707 0.25731 1.0 0.754883 0.263158 1.0 0.750977 0.266082 1.0
0 0.949707 0.211988 0.03418 0.049708 0.944423 0.192982 1.0 0.95881 0.196246 1.0 0.949437 0.210278 1.0 0.94159 0.218111 1.0 0.954887 0.220395 1.0
0 0.993652 0.163012 0.008789 0.030702 0.994141 0.159357 1.0 0.996094 0.160819 1.0 0.99707 0.165205 1.0 0.994141 0.171053 1.0 0.996094 0.172515 1.0
0 0.9375 0.105994 0.011719 0.02193 0.932617 0.102339 1.0 0.94043 0.102339 1.0 0.936523 0.106725 1.0 0.93457 0.112573 1.0 0.939453 0.112573 1.0
0 0.97168 0.081871 0.009766 0.020468 0.97372 0.078974 1.0 0.975551 0.078712 1.0 0.976598 0.083151 1.0 0.972587 0.086806 1.0 0.974156 0.086675 1.0
0 0.936035 0.076023 0.008789 0.017544 0.936785 0.074143 1.0 0.939453 0.074731 1.0 0.939296 0.078491 1.0 0.937413 0.081662 1.0 0.939453 0.082485 1.0
0 0.799316 0.138158 0.014648 0.024854 0.796431 0.133263 1.0 0.803406 0.131794 1.0 0.801662 0.138974 1.0 0.797738 0.14599 1.0 0.803624 0.1455 1.0
0 0.833984 0.101608 0.007812 0.019006 0.832031 0.097953 1.0 0.835938 0.099415 1.0 0.832031 0.102339 1.0 0.832031 0.106725 1.0 0.833008 0.106725 1.0
0 0.882812 0.119152 0.009766 0.019006 0.880859 0.115497 1.0 0.887695 0.118421 1.0 0.883789 0.121345 1.0 0.880859 0.125731 1.0 0.884766 0.125731 1.0
0 0.88623 0.097953 0.008789 0.011696 0.884766 0.096491 1.0 0.887695 0.096491 1.0 0.885742 0.100877 1.0 0.884766 0.103801 1.0 0.887695 0.103801 1.0
0 0.753906 0.120614 0.011719 0.019006 0.751596 0.120118 1.0 0.7564 0.120118 1.0 0.753832 0.125946 1.0 0.751679 0.127807 1.0 0.755903 0.128303 1.0
0 0.760254 0.102339 0.010742 0.023392 0.760742 0.103801 1.0 0.764648 0.103801 1.0 0.763672 0.109649 1.0 0.761719 0.114035 1.0 0.764648 0.112573 1.0
0 0.770996 0.094298 0.008789 0.013158 0.768555 0.089181 1.0 0.773438 0.086257 1.0 0.771484 0.092105 1.0 0.769531 0.096491 1.0 0.773438 0.095029 1.0
0 0.738281 0.112573 0.007812 0.01462 0.736616 0.11331 1.0 0.741193 0.113115 1.0 0.739101 0.116737 1.0 0.737858 0.119576 1.0 0.740082 0.11987 1.0
0 0.708008 0.104532 0.007812 0.016082 0.708077 0.101921 1.0 0.711217 0.101608 1.0 0.710101 0.104845 1.0 0.708984 0.107038 1.0 0.711146 0.106934 1.0
0 0.67627 0.115497 0.016602 0.026316 0.672869 0.112782 1.0 0.680917 0.111933 1.0 0.676609 0.115667 1.0 0.673775 0.122624 1.0 0.680236 0.122115 1.0
0 0.654297 0.100877 0.009766 0.017544 0.65326 0.098528 1.0 0.656241 0.098645 1.0 0.655378 0.102053 1.0 0.65326 0.105811 1.0 0.656084 0.105928 1.0
0 0.644043 0.099415 0.006836 0.020468 0.641602 0.096491 1.0 0.643555 0.096491 1.0 0.640625 0.100877 1.0 0.640625 0.106725 1.0 0.642578 0.103801 1.0
0 0.373047 0.142544 0.019531 0.03655 0.36901 0.141336 1.0 0.376753 0.138921 1.0 0.374172 0.149547 1.0 0.372397 0.15486 1.0 0.378204 0.152203 1.0
0 0.392578 0.122807 0.013672 0.026316 0.389971 0.119256 1.0 0.396681 0.119608 1.0 0.393149 0.125776 1.0 0.389147 0.129301 1.0 0.395739 0.129477 1.0
0 0.405762 0.143275 0.016602 0.02924 0.403931 0.139254 1.0 0.411011 0.138523 1.0 0.408691 0.144554 1.0 0.406372 0.150402 1.0 0.409912 0.150037 1.0
0 0.458496 0.169591 0.014648 0.02924 0.456238 0.166399 1.0 0.461927 0.166211 1.0 0.459904 0.17132 1.0 0.45687 0.177566 1.0 0.461927 0.177377 1.0
0 0.505859 0.099415 0.007812 0.011696 0.505859 0.096491 1.0 0.509766 0.096491 1.0 0.507812 0.100877 1.0 0.506836 0.103801 1.0 0.509766 0.103801 1.0
0 0.411133 0.11038 0.011719 0.019006 0.410156 0.108187 1.0 0.414062 0.108187 1.0 0.414062 0.114035 1.0 0.412109 0.118421 1.0 0.414062 0.118421 1.0
0 0.375488 0.097222 0.010742 0.016082 0.372659 0.098332 1.0 0.376513 0.098886 1.0 0.374142 0.102215 1.0 0.372807 0.104212 1.0 0.37592 0.104434 1.0
0 0.345703 0.105994 0.011719 0.02193 0.34375 0.103801 1.0 0.349609 0.103801 1.0 0.348633 0.109649 1.0 0.345703 0.114035 1.0 0.348633 0.114035 1.0
0 0.246094 0.106725 0.009766 0.017544 0.0 0.0 0.0 0.0 0.0 0.0 0.0 0.0 0.0 0.0 0.0 0.0 0.0 0.0 0.0
0 0.215332 0.172515 0.012695 0.032164 0.216797 0.166667 1.0 0.219727 0.163743 1.0 0.220703 0.173977 1.0 0.219727 0.181287 1.0 0.220703 0.179825 1.0
0 0.166992 0.21345 0.027344 0.049708 0.0 0.0 0.0 0.0 0.0 0.0 0.0 0.0 0.0 0.0 0.0 0.0 0.0 0.0 0.0
0 0.136719 0.222953 0.037109 0.062865 0.133257 0.213725 1.0 0.149205 0.209678 1.0 0.145961 0.228697 1.0 0.138393 0.238408 1.0 0.151908 0.235576 1.0
0 0.08252 0.244883 0.032227 0.048246 0.083077 0.237573 1.0 0.096052 0.237886 1.0 0.090192 0.247911 1.0 0.08245 0.25543 1.0 0.092285 0.256057 1.0
0 0.05957 0.17617 0.015625 0.033626 0.0625 0.173977 1.0 0.06543 0.171053 1.0 0.06543 0.178363 1.0 0.063477 0.184211 1.0 0.066406 0.184211 1.0
0 0.036621 0.127924 0.006836 0.02193 0.030273 0.125731 1.0 0.036133 0.125731 1.0 0.032227 0.130117 1.0 0.030273 0.134503 1.0 0.03418 0.134503 1.0
0 0.097168 0.108187 0.006836 0.01462 0.095703 0.106725 1.0 0.099609 0.106725 1.0 0.09668 0.109649 1.0 0.095703 0.114035 1.0 0.098633 0.114035 1.0
0 0.144531 0.103801 0.009766 0.017544 0.0 0.0 0.0 0.0 0.0 0.0 0.0 0.0 0.0 0.0 0.0 0.0 0.0 0.0 0.0
0 0.154297 0.116228 0.007812 0.019006 0.151367 0.115497 1.0 0.154297 0.115497 1.0 0.151367 0.119883 1.0 0.151367 0.122807 1.0 0.15332 0.122807 1.0
0 0.432617 0.119883 0.013672 0.026316 0.431641 0.115497 1.0 0.4375 0.118421 1.0 0.43457 0.121345 1.0 0.429688 0.125731 1.0 0.432617 0.127193 1.0
0 0.617676 0.096491 0.008789 0.017544 0.61744 0.096844 1.0 0.621835 0.097079 1.0 0.619638 0.100368 1.0 0.618146 0.102601 1.0 0.620736 0.102482 1.0
0 0.626953 0.100877 0.007812 0.01462 0.624023 0.099415 1.0 0.625977 0.100877 1.0 0.625 0.103801 1.0 0.625 0.108187 1.0 0.625977 0.108187 1.0
0 0.689941 0.099415 0.008789 0.020468 0.685547 0.096491 1.0 0.692383 0.097953 1.0 0.686523 0.100877 1.0 0.685547 0.105263 1.0 0.688477 0.106725 1.0
0 0.746094 0.084795 0.007812 0.01462 0.0 0.0 0.0 0.0 0.0 0.0 0.0 0.0 0.0 0.0 0.0 0.0 0.0 0.0 0.0