0 0.663086 0.237435 0.037109 0.076256 0.654219 0.216515 1.0 0.670437 0.215555 1.0 0.66503 0.238101 1.0 0.659895 0.254411 1.0 0.670437 0.251052 1.0
0 0.606934 0.04766 0.020508 0.043328 0.602539 0.045061 1.0 0.612305 0.046794 1.0 0.606445 0.055459 1.0 0.601562 0.062392 1.0 0.609375 0.062392 1.0
0 0.487793 0.133449 0.022461 0.045061 0.481981 0.125697 1.0 0.491176 0.125983 1.0 0.485208 0.137433 1.0 0.482466 0.146594 1.0 0.488272 0.147166 1.0
0 0.495117 0.054593 0.019531 0.036395 0.489815 0.046144 1.0 0.49833 0.046624 1.0 0.494275 0.057657 1.0 0.491032 0.063653 1.0 0.496573 0.064612 1.0
0 0.41748 0.067591 0.018555 0.045061 0.416508 0.058995 1.0 0.423768 0.059854 1.0 0.421187 0.068156 1.0 0.418121 0.075026 1.0 0.422799 0.0756 1.0
0 0.404785 0.124783 0.024414 0.045061 0.398974 0.115615 1.0 0.40962 0.115901 1.0 0.404458 0.127924 1.0 0.400103 0.136227 1.0 0.408975 0.135941 1.0
0 0.337402 0.051993 0.020508 0.045061 0.335467 0.045114 1.0 0.344016 0.044256 1.0 0.339822 0.05313 1.0 0.336112 0.063437 1.0 0.343048 0.063723 1.0
0 0.324219 0.161179 0.041016 0.07279 0.327148 0.147314 1.0 0.335938 0.155979 1.0 0.336914 0.169844 1.0 0.322266 0.188908 1.0 0.333008 0.190641 1.0
0 0.921387 0.196707 0.024414 0.046794 0.91514 0.191879 1.0 0.926531 0.191577 1.0 0.9182 0.200328 1.0 0.915819 0.210588 1.0 0.92228 0.210588 1.0
0 0.15332 0.121317 0.021484 0.048527 0.148821 0.114014 1.0 0.159808 0.114322 1.0 0.154576 0.124536 1.0 0.150914 0.13382 1.0 0.158063 0.13413 1.0
0 0.070312 0.143847 0.023438 0.041594 0.066772 0.135941 1.0 0.076538 0.135399 1.0 0.072724 0.146501 1.0 0.06952 0.155709 1.0 0.076538 0.154626 1.0
0 0.012695 0.114385 0.021484 0.048527 0.00858 0.108504 1.0 0.017647 0.108196 1.0 0.01416 0.118099 1.0 0.008754 0.125527 1.0 0.017474 0.125835 1.0