0 0.894043 0.406901 0.032227 0.048177 0.885551 0.404681 1.0 0.898263 0.400286 1.0 0.892143 0.410958 1.0 0.890259 0.42163 1.0 0.900853 0.416922 1.0
0 0.829102 0.419271 0.027344 0.039062 0.822052 0.409621 1.0 0.83555 0.409621 1.0 0.828238 0.41662 1.0 0.823552 0.426868 1.0 0.832925 0.427118 1.0
0 0.836426 0.530599 0.032227 0.053385 0.830536 0.526827 1.0 0.843396 0.526827 1.0 0.83851 0.533342 1.0 0.831822 0.54466 1.0 0.843396 0.544318 1.0
0 0.756348 0.396484 0.026367 0.042969 0.749917 0.388352 1.0 0.762007 0.389172 1.0 0.755449 0.396822 1.0 0.750122 0.40529 1.0 0.759957 0.405564 1.0
0 0.702637 0.414062 0.024414 0.041667 0.696616 0.406309 1.0 0.7085 0.405762 1.0 0.701534 0.41423 1.0 0.697641 0.422701 1.0 0.707681 0.422154 1.0
0 0.728027 0.527995 0.032227 0.053385 0.722652 0.520449 1.0 0.736542 0.525251 1.0 0.728311 0.531424 1.0 0.719565 0.53897 1.0 0.730626 0.542742 1.0
0 0.642578 0.542969 0.03125 0.049479 0.63501 0.539202 1.0 0.648664 0.537633 1.0 0.641602 0.550503 1.0 0.638306 0.558349 1.0 0.647252 0.557408 1.0
0 0.621094 0.401042 0.029297 0.044271 0.616142 0.393322 1.0 0.627022 0.395555 1.0 0.620326 0.403924 1.0 0.614467 0.411458 1.0 0.625349 0.412853 1.0
0 0.537598 0.395182 0.026367 0.050781 0.530627 0.389427 1.0 0.542136 0.388788 1.0 0.535422 0.3971 1.0 0.532065 0.407651 1.0 0.541417 0.407331 1.0
0 0.512207 0.396484 0.026367 0.042969 0.503627 0.390533 1.0 0.514718 0.388579 1.0 0.506348 0.398902 1.0 0.506976 0.407831 1.0 0.515765 0.404483 1.0
0 0.509766 0.551432 0.029297 0.050781 0.503418 0.546549 1.0 0.516357 0.547526 1.0 0.509521 0.553711 1.0 0.503906 0.564779 1.0 0.513184 0.564453 1.0
0 0.464844 0.391276 0.027344 0.050781 0.459473 0.387044 1.0 0.471191 0.387695 1.0 0.464355 0.397786 1.0 0.45874 0.403646 1.0 0.470459 0.403971 1.0
0 0.432617 0.384766 0.029297 0.045573 0.424971 0.380319 1.0 0.437199 0.37943 1.0 0.42875 0.388917 1.0 0.425638 0.396031 1.0 0.43631 0.395142 1.0
0 0.394043 0.412109 0.026367 0.045573 0.387787 0.40682 1.0 0.399963 0.404826 1.0 0.393769 0.414794 1.0 0.390137 0.423909 1.0 0.400604 0.420776 1.0
0 0.414551 0.545573 0.02832 0.046875 0.408504 0.537807 1.0 0.422289 0.537214 1.0 0.415174 0.549368 1.0 0.409394 0.554704 1.0 0.420955 0.554112 1.0
0 0.316895 0.537109 0.030273 0.050781 0.3125 0.530273 1.0 0.325684 0.52832 1.0 0.320312 0.539388 1.0 0.314697 0.548503 1.0 0.324951 0.547201 1.0
0 0.334961 0.399089 0.027344 0.042969 0.328325 0.394991 1.0 0.34185 0.391439 1.0 0.337546 0.400728 1.0 0.330579 0.409743 1.0 0.343078 0.407012 1.0
0 0.292969 0.39388 0.027344 0.042969 0.289062 0.390625 1.0 0.300781 0.389323 1.0 0.297852 0.397135 1.0 0.291016 0.407552 1.0 0.301758 0.404948 1.0
0 0.267578 0.417318 0.027344 0.035156 0.264313 0.407372 1.0 0.27611 0.406656 1.0 0.271463 0.415237 1.0 0.266637 0.424293 1.0 0.275216 0.423578 1.0
0 0.229004 0.436849 0.026367 0.045573 0.225669 0.433292 1.0 0.238564 0.430624 1.0 0.234785 0.439814 1.0 0.229671 0.449893 1.0 0.239677 0.448115 1.0
0 0.182617 0.397786 0.029297 0.042969 0.178571 0.394066 1.0 0.19029 0.392671 1.0 0.185268 0.402436 1.0 0.17899 0.409691 1.0 0.191127 0.408854 1.0
0 0.15332 0.407552 0.029297 0.049479 0.149301 0.400646 1.0 0.16272 0.400332 1.0 0.159424 0.411633 1.0 0.149771 0.41791 1.0 0.162014 0.418539 1.0
0 0.19873 0.525391 0.030273 0.053385 0.192932 0.521706 1.0 0.205575 0.521368 1.0 0.198748 0.532493 1.0 0.19268 0.540249 1.0 0.205322 0.538225 1.0