0 0.917969 0.228682 0.035156 0.081395 0.905291 0.224547 1.0 0.921247 0.224019 1.0 0.909812 0.239324 1.0 0.907152 0.254101 1.0 0.917258 0.253574 1.0
0 0.844727 0.21124 0.033203 0.077519 0.834961 0.207364 1.0 0.848633 0.205426 1.0 0.84082 0.22093 1.0 0.836914 0.234496 1.0 0.847656 0.234496 1.0
0 0.812012 0.189922 0.030273 0.069767 0.803698 0.179688 1.0 0.816371 0.18057 1.0 0.809257 0.194248 1.0 0.803253 0.207926 1.0 0.81437 0.207926 1.0
0 0.760742 0.232558 0.029297 0.069767 0.751983 0.224087 1.0 0.763101 0.223647 1.0 0.757987 0.239973 1.0 0.753763 0.253209 1.0 0.762879 0.253209 1.0
0 0.712891 0.19186 0.029297 0.069767 0.707415 0.181824 1.0 0.719884 0.182725 1.0 0.713536 0.198021 1.0 0.707415 0.210167 1.0 0.717163 0.210167 1.0
0 0.6875 0.175388 0.025391 0.060078 0.68093 0.163328 1.0 0.692701 0.16099 1.0 0.686031 0.169946 1.0 0.683088 0.188634 1.0 0.693485 0.187076 1.0
0 0.658203 0.236434 0.027344 0.054264 0.652797 0.226052 1.0 0.663609 0.225705 1.0 0.657331 0.243355 1.0 0.65332 0.251316 1.0 0.661517 0.250969 1.0
0 0.620117 0.217054 0.025391 0.065891 0.613434 0.210151 1.0 0.624328 0.210151 1.0 0.618134 0.223293 1.0 0.614074 0.234738 1.0 0.622192 0.234738 1.0
0 0.587402 0.178295 0.026367 0.062016 0.580078 0.172481 1.0 0.591797 0.172481 1.0 0.584961 0.186047 1.0 0.580078 0.197674 1.0 0.59082 0.197674 1.0
0 0.556152 0.216085 0.02832 0.060078 0.553018 0.209857 1.0 0.564593 0.207519 1.0 0.56008 0.220758 1.0 0.554783 0.233605 1.0 0.563416 0.232438 1.0
0 0.531738 0.174419 0.026367 0.065891 0.527344 0.166938 1.0 0.538135 0.170407 1.0 0.532373 0.183043 1.0 0.526143 0.193682 1.0 0.53418 0.196473 1.0
0 0.506348 0.184109 0.026367 0.065891 0.500837 0.177188 1.0 0.512556 0.17511 1.0 0.507533 0.187984 1.0 0.50293 0.200027 1.0 0.511928 0.200027 1.0
0 0.475586 0.246124 0.025391 0.062016 0.469112 0.238926 1.0 0.481079 0.238926 1.0 0.474997 0.253331 1.0 0.471662 0.266178 1.0 0.47951 0.265789 1.0
0 0.440918 0.218023 0.026367 0.063953 0.434897 0.206733 1.0 0.448011 0.206733 1.0 0.44043 0.224217 1.0 0.435512 0.233977 1.0 0.445553 0.234384 1.0
0 0.404785 0.249031 0.024414 0.060078 0.399117 0.240829 1.0 0.409859 0.240068 1.0 0.406023 0.25225 1.0 0.400652 0.26405 1.0 0.409093 0.263671 1.0
0 0.379395 0.22093 0.026367 0.065891 0.37265 0.214027 1.0 0.381622 0.216994 1.0 0.375641 0.22844 1.0 0.373719 0.239039 1.0 0.379699 0.239461 1.0
0 0.333984 0.196705 0.027344 0.067829 0.329137 0.190112 1.0 0.340907 0.188816 1.0 0.335676 0.206118 1.0 0.328482 0.216068 1.0 0.340035 0.212607 1.0
0 0.294922 0.22093 0.027344 0.069767 0.289708 0.211795 1.0 0.302856 0.214043 1.0 0.296056 0.22799 1.0 0.289027 0.236539 1.0 0.30059 0.239236 1.0
0 0.248047 0.171512 0.029297 0.067829 0.246277 0.160671 1.0 0.257812 0.162791 1.0 0.252258 0.174236 1.0 0.24585 0.186955 1.0 0.255676 0.18738 1.0
0 0.228027 0.23062 0.032227 0.073643 0.224609 0.22093 1.0 0.239258 0.22093 1.0 0.233398 0.236434 1.0 0.226562 0.25 1.0 0.239258 0.25 1.0
0 0.144531 0.217054 0.03125 0.077519 0.140307 0.207209 1.0 0.155714 0.205729 1.0 0.149253 0.223975 1.0 0.144034 0.233839 1.0 0.153975 0.233345 1.0
0 0.07373 0.156008 0.03418 0.079457 0.066415 0.149017 1.0 0.08184 0.148014 1.0 0.075771 0.165076 1.0 0.068943 0.177118 1.0 0.083862 0.175612 1.0