0 0.151367 0.601074 0.035156 0.053711 0.139657 0.592521 1.0 0.153089 0.594242 1.0 0.141035 0.605608 1.0 0.141379 0.614563 1.0 0.1524 0.614219 1.0
0 0.274902 0.574707 0.030273 0.043945 0.282784 0.567243 1.0 0.285017 0.567522 1.0 0.285575 0.580915 1.0 0.27274 0.58817 1.0 0.273856 0.58817 1.0
0 0.231445 0.5625 0.017578 0.019531 0.0 0.0 0.0 0.0 0.0 0.0 0.0 0.0 0.0 0.0 0.0 0.0 0.0 0.0 0.0
0 0.194336 0.570312 0.015625 0.025391 0.0 0.0 0.0 0.0 0.0 0.0 0.0 0.0 0.0 0.0 0.0 0.0 0.0 0.0 0.0
0 0.058105 0.553223 0.020508 0.030273 0.0 0.0 0.0 0.0 0.0 0.0 0.0 0.0 0.0 0.0 0.0 0.0 0.0 0.0 0.0
0 0.359863 0.558594 0.022461 0.029297 0.0 0.0 0.0 0.0 0.0 0.0 0.0 0.0 0.0 0.0 0.0 0.0 0.0 0.0 0.0
0 0.342285 0.571289 0.014648 0.025391 0.0 0.0 0.0 0.0 0.0 0.0 0.0 0.0 0.0 0.0 0.0 0.0 0.0 0.0 0.0
0 0.330078 0.562988 0.013672 0.020508 0.0 0.0 0.0 0.0 0.0 0.0 0.0 0.0 0.0 0.0 0.0 0.0 0.0 0.0 0.0
0 0.321289 0.580078 0.015625 0.017578 0.0 0.0 0.0 0.0 0.0 0.0 0.0 0.0 0.0 0.0 0.0 0.0 0.0 0.0 0.0
0 0.380859 0.534668 0.033203 0.040039 0.372785 0.522077 1.0 0.378602 0.519802 1.0 0.366211 0.532444 1.0 0.371269 0.544329 1.0 0.378096 0.541801 1.0
0 0.143066 0.555176 0.014648 0.018555 0.0 0.0 0.0 0.0 0.0 0.0 0.0 0.0 0.0 0.0 0.0 0.0 0.0 0.0 0.0
0 0.813965 0.869629 0.057617 0.032227 0.0 0.0 0.0 0.0 0.0 0.0 0.0 0.0 0.0 0.0 0.0 0.0 0.0 0.0 0.0
0 0.760254 0.884766 0.016602 0.027344 0.0 0.0 0.0 0.0 0.0 0.0 0.0 0.0 0.0 0.0 0.0 0.0 0.0 0.0 0.0
0 0.73584 0.924316 0.020508 0.024414 0.734253 0.925397 1.0 0.741158 0.925555 1.0 0.739903 0.931205 1.0 0.733782 0.932304 1.0 0.738961 0.933873 1.0
0 0.705078 0.843262 0.017578 0.024414 0.699864 0.841518 1.0 0.704259 0.84089 1.0 0.697667 0.847011 1.0 0.69955 0.85015 1.0 0.702375 0.849365 1.0
0 0.631348 0.881836 0.026367 0.033203 0.619489 0.879604 1.0 0.626813 0.879395 1.0 0.620954 0.885882 1.0 0.621791 0.892787 1.0 0.626813 0.892369 1.0
0 0.521973 0.916016 0.026367 0.029297 0.0 0.0 0.0 0.0 0.0 0.0 0.0 0.0 0.0 0.0 0.0 0.0 0.0 0.0 0.0
0 0.587891 0.881836 0.017578 0.019531 0.0 0.0 0.0 0.0 0.0 0.0 0.0 0.0 0.0 0.0 0.0 0.0 0.0 0.0 0.0
0 0.563477 0.765625 0.013672 0.015625 0.56379 0.765102 1.0 0.568185 0.764684 1.0 0.567243 0.768974 1.0 0.564209 0.77253 1.0 0.568708 0.772426 1.0
0 0.650391 0.832031 0.009766 0.015625 0.0 0.0 0.0 0.0 0.0 0.0 0.0 0.0 0.0 0.0 0.0 0.0 0.0 0.0 0.0
0 0.859375 0.765137 0.011719 0.012695 0.0 0.0 0.0 0.0 0.0 0.0 0.0 0.0 0.0 0.0 0.0 0.0 0.0 0.0 0.0
0 0.885254 0.772461 0.010742 0.011719 0.0 0.0 0.0 0.0 0.0 0.0 0.0 0.0 0.0 0.0 0.0 0.0 0.0 0.0 0.0
0 0.881836 0.750977 0.007812 0.013672 0.0 0.0 0.0 0.0 0.0 0.0 0.0 0.0 0.0 0.0 0.0 0.0 0.0 0.0 0.0
0 0.631836 0.731445 0.009766 0.009766 0.0 0.0 0.0 0.0 0.0 0.0 0.0 0.0 0.0 0.0 0.0 0.0 0.0 0.0 0.0