0 0.693848 0.201592 0.024414 0.047745 0.683986 0.200265 1.0 0.690743 0.198785 1.0 0.684422 0.21033 1.0 0.690743 0.215068 1.0 0.695976 0.21329 1.0
0 0.630859 0.21618 0.015625 0.023873 0.630145 0.212947 1.0 0.637059 0.211716 1.0 0.633658 0.218028 1.0 0.629918 0.222338 1.0 0.633658 0.222184 1.0
0 0.583496 0.18435 0.026367 0.047745 0.585053 0.182178 1.0 0.595058 0.182178 1.0 0.590611 0.191236 1.0 0.584386 0.196973 1.0 0.5915 0.197879 1.0
0 0.609375 0.307692 0.017578 0.037135 0.608398 0.30793 1.0 0.617118 0.306745 1.0 0.613805 0.313139 1.0 0.609794 0.320244 1.0 0.614327 0.320244 1.0
0 0.520996 0.242042 0.012695 0.022546 0.0 0.0 0.0 0.0 0.0 0.0 0.0 0.0 0.0 0.0 0.0 0.0 0.0 0.0 0.0
0 0.989746 0.219496 0.010742 0.017241 0.0 0.0 0.0 0.0 0.0 0.0 0.0 0.0 0.0 0.0 0.0 0.0 0.0 0.0 0.0
0 0.817383 0.261273 0.009766 0.018568 0.815186 0.258171 1.0 0.818848 0.257934 1.0 0.816231 0.261605 1.0 0.815186 0.265987 1.0 0.817627 0.265631 1.0
0 0.849121 0.258621 0.004883 0.015915 0.0 0.0 0.0 0.0 0.0 0.0 0.0 0.0 0.0 0.0 0.0 0.0 0.0 0.0 0.0
0 0.457031 0.379973 0.029297 0.057029 0.0 0.0 0.0 0.0 0.0 0.0 0.0 0.0 0.0 0.0 0.0 0.0 0.0 0.0 0.0
0 0.300293 0.419098 0.024414 0.047745 0.0 0.0 0.0 0.0 0.0 0.0 0.0 0.0 0.0 0.0 0.0 0.0 0.0 0.0 0.0
0 0.397461 0.223475 0.017578 0.025199 0.0 0.0 0.0 0.0 0.0 0.0 0.0 0.0 0.0 0.0 0.0 0.0 0.0 0.0 0.0
0 0.42627 0.230769 0.006836 0.01061 0.0 0.0 0.0 0.0 0.0 0.0 0.0 0.0 0.0 0.0 0.0 0.0 0.0 0.0 0.0
0 0.042969 0.246684 0.009766 0.018568 0.039952 0.24595 1.0 0.04466 0.24524 1.0 0.042916 0.247845 1.0 0.04187 0.251752 1.0 0.044486 0.251279 1.0
0 0.14502 0.245358 0.004883 0.007958 0.0 0.0 0.0 0.0 0.0 0.0 0.0 0.0 0.0 0.0 0.0 0.0 0.0 0.0 0.0
0 0.258301 0.231432 0.006836 0.014589 0.0 0.0 0.0 0.0 0.0 0.0 0.0 0.0 0.0 0.0 0.0 0.0 0.0 0.0 0.0
0 0.253418 0.238064 0.006836 0.011936 0.0 0.0 0.0 0.0 0.0 0.0 0.0 0.0 0.0 0.0 0.0 0.0 0.0 0.0 0.0
0 0.178711 0.231432 0.003906 0.011936 0.0 0.0 0.0 0.0 0.0 0.0 0.0 0.0 0.0 0.0 0.0 0.0 0.0 0.0 0.0
0 0.191895 0.242706 0.004883 0.005305 0.0 0.0 0.0 0.0 0.0 0.0 0.0 0.0 0.0 0.0 0.0 0.0 0.0 0.0 0.0
0 0.182617 0.237401 0.003906 0.01061 0.0 0.0 0.0 0.0 0.0 0.0 0.0 0.0 0.0 0.0 0.0 0.0 0.0 0.0 0.0