0 0.346191 0.019929 0.022461 0.025686 0.347352 0.015334 1.0 0.355591 0.014836 1.0 0.352661 0.019653 1.0 0.350646 0.024801 1.0 0.356323 0.024136 1.0
0 0.165039 0.014172 0.023438 0.023029 0.0 0.0 0.0 0.0 0.0 0.0 0.0 0.0 0.0 0.0 0.0 0.0 0.0 0.0 0.0
0 0.233887 0.026572 0.020508 0.023029 0.0 0.0 0.0 0.0 0.0 0.0 0.0 0.0 0.0 0.0 0.0 0.0 0.0 0.0 0.0
0 0.049805 0.025686 0.017578 0.023029 0.0 0.0 0.0 0.0 0.0 0.0 0.0 0.0 0.0 0.0 0.0 0.0 0.0 0.0 0.0
0 0.027344 0.027901 0.019531 0.023915 0.0 0.0 0.0 0.0 0.0 0.0 0.0 0.0 0.0 0.0 0.0 0.0 0.0 0.0 0.0
0 0.40918 0.017715 0.017578 0.021258 0.0 0.0 0.0 0.0 0.0 0.0 0.0 0.0 0.0 0.0 0.0 0.0 0.0 0.0 0.0
0 0.209473 0.018601 0.024414 0.024801 0.0 0.0 0.0 0.0 0.0 0.0 0.0 0.0 0.0 0.0 0.0 0.0 0.0 0.0 0.0
0 0.255371 0.011957 0.018555 0.020372 0.0 0.0 0.0 0.0 0.0 0.0 0.0 0.0 0.0 0.0 0.0 0.0 0.0 0.0 0.0
0 0.294922 0.011957 0.017578 0.022143 0.0 0.0 0.0 0.0 0.0 0.0 0.0 0.0 0.0 0.0 0.0 0.0 0.0 0.0 0.0
0 0.272949 0.016386 0.014648 0.016829 0.0 0.0 0.0 0.0 0.0 0.0 0.0 0.0 0.0 0.0 0.0 0.0 0.0 0.0 0.0
0 0.316406 0.012843 0.017578 0.022143 0.0 0.0 0.0 0.0 0.0 0.0 0.0 0.0 0.0 0.0 0.0 0.0 0.0 0.0 0.0
0 0.384766 0.014615 0.023438 0.027458 0.0 0.0 0.0 0.0 0.0 0.0 0.0 0.0 0.0 0.0 0.0 0.0 0.0 0.0 0.0
0 0.119141 0.011957 0.017578 0.018601 0.0 0.0 0.0 0.0 0.0 0.0 0.0 0.0 0.0 0.0 0.0 0.0 0.0 0.0 0.0
0 0.492676 0.018158 0.020508 0.027458 0.0 0.0 0.0 0.0 0.0 0.0 0.0 0.0 0.0 0.0 0.0 0.0 0.0 0.0 0.0
0 0.561523 0.025686 0.027344 0.031887 0.554988 0.020324 1.0 0.567217 0.020929 1.0 0.55899 0.028593 1.0 0.556545 0.033231 1.0 0.564994 0.033231 1.0
0 0.640137 0.021701 0.026367 0.032772 0.0 0.0 0.0 0.0 0.0 0.0 0.0 0.0 0.0 0.0 0.0 0.0 0.0 0.0 0.0
0 0.703613 0.06023 0.022461 0.026572 0.0 0.0 0.0 0.0 0.0 0.0 0.0 0.0 0.0 0.0 0.0 0.0 0.0 0.0 0.0
0 0.731445 0.031444 0.025391 0.025686 0.734741 0.027015 1.0 0.723205 0.026517 1.0 0.728332 0.029672 1.0 0.722473 0.035651 1.0 0.733094 0.035983 1.0
0 0.816895 0.029229 0.020508 0.028344 0.0 0.0 0.0 0.0 0.0 0.0 0.0 0.0 0.0 0.0 0.0 0.0 0.0 0.0 0.0
0 0.852539 0.018601 0.029297 0.037201 0.861389 0.012705 1.0 0.861834 0.012705 1.0 0.868504 0.019763 1.0 0.857609 0.025611 1.0 0.858054 0.02541 1.0
0 0.347168 0.021258 0.020508 0.023029 0.0 0.0 0.0 0.0 0.0 0.0 0.0 0.0 0.0 0.0 0.0 0.0 0.0 0.0 0.0
0 0.368652 0.015943 0.016602 0.019486 0.0 0.0 0.0 0.0 0.0 0.0 0.0 0.0 0.0 0.0 0.0 0.0 0.0 0.0 0.0
0 0.966309 0.06333 0.047852 0.045173 0.95295 0.06061 1.0 0.970215 0.057478 1.0 0.963623 0.070005 1.0 0.959856 0.076838 1.0 0.973354 0.072568 1.0
0 0.881836 0.036315 0.027344 0.028344 0.0 0.0 0.0 0.0 0.0 0.0 0.0 0.0 0.0 0.0 0.0 0.0 0.0 0.0 0.0
0 0.918945 0.045173 0.025391 0.026572 0.0 0.0 0.0 0.0 0.0 0.0 0.0 0.0 0.0 0.0 0.0 0.0 0.0 0.0 0.0