0 0.149414 0.222135 0.019531 0.042386 0.148438 0.215071 1.0 0.155273 0.21978 1.0 0.15332 0.22135 1.0 0.146484 0.229199 1.0 0.15332 0.230769 1.0
0 0.313477 0.316327 0.019531 0.045526 0.308594 0.312402 1.0 0.310547 0.310832 1.0 0.306641 0.321821 1.0 0.311523 0.3281 1.0 0.31543 0.326531 1.0
0 0.278809 0.317896 0.020508 0.048666 0.275391 0.312402 1.0 0.288086 0.312402 1.0 0.28125 0.321821 1.0 0.27832 0.3281 1.0 0.285156 0.32967 1.0
0 0.318359 0.223705 0.015625 0.045526 0.313477 0.21821 1.0 0.324219 0.216641 1.0 0.31543 0.22606 1.0 0.316406 0.237049 1.0 0.322266 0.235479 1.0
0 0.207031 0.306122 0.011719 0.025118 0.205078 0.306122 1.0 0.210938 0.304553 1.0 0.208984 0.312402 1.0 0.206055 0.317111 1.0 0.211914 0.315542 1.0
0 0.189453 0.308477 0.011719 0.026688 0.189453 0.306122 1.0 0.195312 0.306122 1.0 0.193359 0.312402 1.0 0.19043 0.317111 1.0 0.194336 0.317111 1.0
0 0.253906 0.417582 0.019531 0.047096 0.249006 0.410799 1.0 0.257063 0.413882 1.0 0.250349 0.423441 1.0 0.248238 0.432075 1.0 0.253802 0.434543 1.0
0 0.32373 0.395604 0.012695 0.028257 0.322266 0.394035 1.0 0.328125 0.394035 1.0 0.324219 0.398744 1.0 0.321289 0.405024 1.0 0.328125 0.403454 1.0
0 0.217285 0.416013 0.018555 0.037677 0.214844 0.409733 1.0 0.22168 0.412873 1.0 0.217773 0.422292 1.0 0.211914 0.428571 1.0 0.22168 0.431711 1.0
0 0.154785 0.430141 0.026367 0.062794 0.146476 0.417133 1.0 0.159119 0.423231 1.0 0.147487 0.429328 1.0 0.143694 0.442336 1.0 0.153303 0.446807 1.0
0 0.09082 0.402669 0.011719 0.026688 0.088867 0.400314 1.0 0.094727 0.400314 1.0 0.091797 0.406593 1.0 0.089844 0.408163 1.0 0.092773 0.409733 1.0
0 0.085449 0.328885 0.020508 0.039246 0.082031 0.324961 1.0 0.084961 0.324961 1.0 0.081055 0.33595 1.0 0.085938 0.339089 1.0 0.085938 0.339089 1.0
0 0.13916 0.301413 0.008789 0.018838 0.137695 0.296703 1.0 0.141602 0.296703 1.0 0.138672 0.301413 1.0 0.136719 0.304553 1.0 0.142578 0.306122 1.0
0 0.165039 0.505495 0.023438 0.047096 0.169189 0.49686 1.0 0.172852 0.49686 1.0 0.174865 0.507457 1.0 0.166626 0.513932 1.0 0.170288 0.513344 1.0
0 0.196289 0.507849 0.015625 0.039246 0.197266 0.502355 1.0 0.197266 0.502355 1.0 0.192383 0.508634 1.0 0.192383 0.516484 1.0 0.192383 0.516484 1.0
0 0.250977 0.209576 0.011719 0.026688 0.253906 0.205651 1.0 0.256836 0.205651 1.0 0.255859 0.213501 1.0 0.251953 0.21821 1.0 0.256836 0.21821 1.0