0 0.274902 0.252121 0.014648 0.031515 0.274911 0.247392 1.0 0.281206 0.246364 1.0 0.277562 0.254177 1.0 0.274083 0.261168 1.0 0.281538 0.25829 1.0
0 0.297852 0.242424 0.015625 0.019394 0.0 0.0 0.0 0.0 0.0 0.0 0.0 0.0 0.0 0.0 0.0 0.0 0.0 0.0 0.0
0 0.320312 0.234545 0.021484 0.027879 0.321263 0.228333 1.0 0.328888 0.229583 1.0 0.325867 0.235476 1.0 0.320976 0.240655 1.0 0.327449 0.241548 1.0
0 0.348633 0.229697 0.027344 0.04 0.336983 0.223377 1.0 0.347237 0.224156 1.0 0.33803 0.233507 1.0 0.342843 0.240259 1.0 0.348493 0.241039 1.0
0 0.402344 0.233333 0.023438 0.030303 0.405309 0.227857 1.0 0.4119 0.228247 1.0 0.407819 0.236429 1.0 0.402641 0.239156 1.0 0.408918 0.240325 1.0
0 0.374023 0.238788 0.015625 0.026667 0.0 0.0 0.0 0.0 0.0 0.0 0.0 0.0 0.0 0.0 0.0 0.0 0.0 0.0 0.0
0 0.42627 0.251515 0.026367 0.04 0.424962 0.250753 1.0 0.433978 0.252278 1.0 0.430904 0.260672 1.0 0.423527 0.265758 1.0 0.431313 0.26652 1.0
0 0.494141 0.269091 0.023438 0.026667 0.0 0.0 0.0 0.0 0.0 0.0 0.0 0.0 0.0 0.0 0.0 0.0 0.0 0.0 0.0
0 0.471191 0.240606 0.014648 0.020606 0.0 0.0 0.0 0.0 0.0 0.0 0.0 0.0 0.0 0.0 0.0 0.0 0.0 0.0 0.0
0 0.486328 0.240606 0.019531 0.02303 0.0 0.0 0.0 0.0 0.0 0.0 0.0 0.0 0.0 0.0 0.0 0.0 0.0 0.0 0.0
0 0.529297 0.231515 0.019531 0.026667 0.52288 0.227359 1.0 0.533063 0.225628 1.0 0.529018 0.232381 1.0 0.52567 0.240173 1.0 0.533622 0.238788 1.0
0 0.630371 0.228485 0.016602 0.027879 0.0 0.0 0.0 0.0 0.0 0.0 0.0 0.0 0.0 0.0 0.0 0.0 0.0 0.0 0.0
0 0.667969 0.243636 0.015625 0.024242 0.0 0.0 0.0 0.0 0.0 0.0 0.0 0.0 0.0 0.0 0.0 0.0 0.0 0.0 0.0