0 0.076172 0.270864 0.021484 0.038067 0.071006 0.262151 1.0 0.080685 0.2607 1.0 0.075361 0.272792 1.0 0.074716 0.278837 1.0 0.08262 0.277145 1.0
0 0.16748 0.241581 0.008789 0.029283 0.0 0.0 0.0 0.0 0.0 0.0 0.0 0.0 0.0 0.0 0.0 0.0 0.0 0.0 0.0
0 0.180176 0.222548 0.014648 0.032211 0.0 0.0 0.0 0.0 0.0 0.0 0.0 0.0 0.0 0.0 0.0 0.0 0.0 0.0 0.0
0 0.279297 0.273792 0.011719 0.023426 0.0 0.0 0.0 0.0 0.0 0.0 0.0 0.0 0.0 0.0 0.0 0.0 0.0 0.0 0.0
0 0.296875 0.243045 0.007812 0.014641 0.0 0.0 0.0 0.0 0.0 0.0 0.0 0.0 0.0 0.0 0.0 0.0 0.0 0.0 0.0
0 0.328613 0.270132 0.010742 0.019034 0.0 0.0 0.0 0.0 0.0 0.0 0.0 0.0 0.0 0.0 0.0 0.0 0.0 0.0 0.0
0 0.355957 0.262079 0.008789 0.01757 0.0 0.0 0.0 0.0 0.0 0.0 0.0 0.0 0.0 0.0 0.0 0.0 0.0 0.0 0.0
0 0.386719 0.259151 0.011719 0.020498 0.0 0.0 0.0 0.0 0.0 0.0 0.0 0.0 0.0 0.0 0.0 0.0 0.0 0.0 0.0
0 0.39209 0.2306 0.006836 0.013177 0.0 0.0 0.0 0.0 0.0 0.0 0.0 0.0 0.0 0.0 0.0 0.0 0.0 0.0 0.0
0 0.472656 0.282577 0.007812 0.020498 0.0 0.0 0.0 0.0 0.0 0.0 0.0 0.0 0.0 0.0 0.0 0.0 0.0 0.0 0.0
0 0.484863 0.246706 0.004883 0.013177 0.0 0.0 0.0 0.0 0.0 0.0 0.0 0.0 0.0 0.0 0.0 0.0 0.0 0.0 0.0
0 0.432129 0.229136 0.006836 0.013177 0.0 0.0 0.0 0.0 0.0 0.0 0.0 0.0 0.0 0.0 0.0 0.0 0.0 0.0 0.0
0 0.499023 0.238653 0.005859 0.011713 0.0 0.0 0.0 0.0 0.0 0.0 0.0 0.0 0.0 0.0 0.0 0.0 0.0 0.0 0.0
0 0.501465 0.254026 0.004883 0.010249 0.0 0.0 0.0 0.0 0.0 0.0 0.0 0.0 0.0 0.0 0.0 0.0 0.0 0.0 0.0
0 0.520996 0.261347 0.014648 0.027818 0.518188 0.257504 1.0 0.523926 0.256955 1.0 0.520874 0.263177 1.0 0.519409 0.268302 1.0 0.522583 0.268302 1.0
0 0.553223 0.273792 0.012695 0.023426 0.551243 0.270354 1.0 0.556457 0.270053 1.0 0.553851 0.274864 1.0 0.552246 0.279073 1.0 0.556156 0.278922 1.0
0 0.550293 0.233529 0.006836 0.013177 0.0 0.0 0.0 0.0 0.0 0.0 0.0 0.0 0.0 0.0 0.0 0.0 0.0 0.0 0.0
0 0.567383 0.285505 0.013672 0.023426 0.566079 0.281466 1.0 0.571193 0.280413 1.0 0.568887 0.285675 1.0 0.567082 0.293643 1.0 0.572196 0.293492 1.0
0 0.562988 0.261347 0.008789 0.019034 0.0 0.0 0.0 0.0 0.0 0.0 0.0 0.0 0.0 0.0 0.0 0.0 0.0 0.0 0.0
0 0.57666 0.265007 0.010742 0.020498 0.0 0.0 0.0 0.0 0.0 0.0 0.0 0.0 0.0 0.0 0.0 0.0 0.0 0.0 0.0
0 0.602539 0.25183 0.011719 0.023426 0.601074 0.249738 1.0 0.607038 0.249268 1.0 0.603795 0.25413 1.0 0.601074 0.257425 1.0 0.605992 0.257896 1.0
0 0.614746 0.298682 0.018555 0.040996 0.617571 0.294081 1.0 0.620885 0.293035 1.0 0.6235 0.301141 1.0 0.618443 0.308984 1.0 0.622454 0.308199 1.0
0 0.62793 0.271596 0.013672 0.02489 0.0 0.0 0.0 0.0 0.0 0.0 0.0 0.0 0.0 0.0 0.0 0.0 0.0 0.0 0.0
0 0.646484 0.270864 0.011719 0.023426 0.0 0.0 0.0 0.0 0.0 0.0 0.0 0.0 0.0 0.0 0.0 0.0 0.0 0.0 0.0
0 0.621582 0.243777 0.008789 0.019034 0.0 0.0 0.0 0.0 0.0 0.0 0.0 0.0 0.0 0.0 0.0 0.0 0.0 0.0 0.0
0 0.635254 0.243045 0.010742 0.020498 0.636779 0.240392 1.0 0.638794 0.240255 1.0 0.640351 0.245196 1.0 0.638428 0.248215 1.0 0.639068 0.248079 1.0
0 0.664062 0.289898 0.019531 0.035139 0.657929 0.287107 1.0 0.66449 0.286192 1.0 0.658691 0.294884 1.0 0.660675 0.300833 1.0 0.665405 0.299231 1.0
0 0.70752 0.316984 0.020508 0.030747 0.0 0.0 0.0 0.0 0.0 0.0 0.0 0.0 0.0 0.0 0.0 0.0 0.0 0.0 0.0
0 0.692383 0.257687 0.011719 0.020498 0.689393 0.254758 1.0 0.69452 0.255034 1.0 0.691681 0.2597 1.0 0.689758 0.262307 1.0 0.693055 0.26217 1.0
0 0.786133 0.304539 0.015625 0.032211 0.0 0.0 0.0 0.0 0.0 0.0 0.0 0.0 0.0 0.0 0.0 0.0 0.0 0.0 0.0
0 0.864258 0.291362 0.015625 0.029283 0.859375 0.283675 1.0 0.866333 0.285871 1.0 0.859619 0.290813 1.0 0.858521 0.296486 1.0 0.862427 0.298133 1.0
0 0.92334 0.308199 0.020508 0.036603 0.924626 0.302395 1.0 0.931078 0.299493 1.0 0.931885 0.310859 1.0 0.925755 0.318114 1.0 0.929788 0.31618 1.0
0 0.967285 0.308199 0.022461 0.045388 0.961339 0.302578 1.0 0.972272 0.302865 1.0 0.965367 0.314082 1.0 0.961723 0.322135 1.0 0.97093 0.321846 1.0
0 0.881836 0.313324 0.019531 0.026354 0.0 0.0 0.0 0.0 0.0 0.0 0.0 0.0 0.0 0.0 0.0 0.0 0.0 0.0 0.0
0 0.961426 0.257687 0.010742 0.020498 0.0 0.0 0.0 0.0 0.0 0.0 0.0 0.0 0.0 0.0 0.0 0.0 0.0 0.0 0.0
0 0.993652 0.232796 0.008789 0.014641 0.0 0.0 0.0 0.0 0.0 0.0 0.0 0.0 0.0 0.0 0.0 0.0 0.0 0.0 0.0
0 0.83252 0.263543 0.008789 0.01757 0.830227 0.261779 1.0 0.833915 0.262249 1.0 0.831561 0.266367 1.0 0.830854 0.268485 1.0 0.83313 0.268249 1.0
0 0.76709 0.2694 0.012695 0.026354 0.0 0.0 0.0 0.0 0.0 0.0 0.0 0.0 0.0 0.0 0.0 0.0 0.0 0.0 0.0
0 0.725586 0.245242 0.009766 0.016105 0.0 0.0 0.0 0.0 0.0 0.0 0.0 0.0 0.0 0.0 0.0 0.0 0.0 0.0 0.0
0 0.685059 0.25549 0.008789 0.019034 0.0 0.0 0.0 0.0 0.0 0.0 0.0 0.0 0.0 0.0 0.0 0.0 0.0 0.0 0.0
0 0.468262 0.207906 0.004883 0.008785 0.0 0.0 0.0 0.0 0.0 0.0 0.0 0.0 0.0 0.0 0.0 0.0 0.0 0.0 0.0
0 0.478027 0.20937 0.004883 0.008785 0.0 0.0 0.0 0.0 0.0 0.0 0.0 0.0 0.0 0.0 0.0 0.0 0.0 0.0 0.0
0 0.493164 0.210102 0.003906 0.007321 0.0 0.0 0.0 0.0 0.0 0.0 0.0 0.0 0.0 0.0 0.0 0.0 0.0 0.0 0.0
0 0.500977 0.203514 0.003906 0.008785 0.0 0.0 0.0 0.0 0.0 0.0 0.0 0.0 0.0 0.0 0.0 0.0 0.0 0.0 0.0
0 0.494141 0.20205 0.003906 0.005857 0.0 0.0 0.0 0.0 0.0 0.0 0.0 0.0 0.0 0.0 0.0 0.0 0.0 0.0 0.0
0 0.512695 0.201318 0.003906 0.007321 0.0 0.0 0.0 0.0 0.0 0.0 0.0 0.0 0.0 0.0 0.0 0.0 0.0 0.0 0.0
0 0.51416 0.229136 0.004883 0.010249 0.0 0.0 0.0 0.0 0.0 0.0 0.0 0.0 0.0 0.0 0.0 0.0 0.0 0.0 0.0
0 0.544434 0.206442 0.00293 0.005857 0.0 0.0 0.0 0.0 0.0 0.0 0.0 0.0 0.0 0.0 0.0 0.0 0.0 0.0 0.0
0 0.413574 0.235725 0.004883 0.008785 0.0 0.0 0.0 0.0 0.0 0.0 0.0 0.0 0.0 0.0 0.0 0.0 0.0 0.0 0.0