0 0.980469 0.599545 0.013672 0.022753 0.0 0.0 0.0 0.0 0.0 0.0 0.0 0.0 0.0 0.0 0.0 0.0 0.0 0.0 0.0
0 0.964355 0.622867 0.014648 0.023891 0.0 0.0 0.0 0.0 0.0 0.0 0.0 0.0 0.0 0.0 0.0 0.0 0.0 0.0 0.0
0 0.945801 0.646189 0.018555 0.029579 0.946599 0.641298 1.0 0.9516 0.639043 1.0 0.95289 0.646184 1.0 0.948856 0.655016 1.0 0.951276 0.654452 1.0
0 0.919434 0.52901 0.016602 0.022753 0.0 0.0 0.0 0.0 0.0 0.0 0.0 0.0 0.0 0.0 0.0 0.0 0.0 0.0 0.0
0 0.900391 0.542662 0.017578 0.018203 0.0 0.0 0.0 0.0 0.0 0.0 0.0 0.0 0.0 0.0 0.0 0.0 0.0 0.0 0.0
0 0.804688 0.468714 0.015625 0.015927 0.0 0.0 0.0 0.0 0.0 0.0 0.0 0.0 0.0 0.0 0.0 0.0 0.0 0.0 0.0
0 0.847168 0.571104 0.014648 0.022753 0.0 0.0 0.0 0.0 0.0 0.0 0.0 0.0 0.0 0.0 0.0 0.0 0.0 0.0 0.0
0 0.834473 0.585893 0.018555 0.025028 0.835868 0.582805 1.0 0.841309 0.580205 1.0 0.84089 0.584755 1.0 0.839216 0.589956 1.0 0.842843 0.589631 1.0
0 0.831543 0.612628 0.018555 0.023891 0.0 0.0 0.0 0.0 0.0 0.0 0.0 0.0 0.0 0.0 0.0 0.0 0.0 0.0 0.0
0 0.79541 0.627986 0.018555 0.025028 0.797852 0.623924 1.0 0.801758 0.622786 1.0 0.801897 0.628312 1.0 0.800502 0.632212 1.0 0.803711 0.631562 1.0
0 0.685059 0.457338 0.012695 0.018203 0.0 0.0 0.0 0.0 0.0 0.0 0.0 0.0 0.0 0.0 0.0 0.0 0.0 0.0 0.0
0 0.560547 0.448805 0.015625 0.017065 0.0 0.0 0.0 0.0 0.0 0.0 0.0 0.0 0.0 0.0 0.0 0.0 0.0 0.0 0.0
0 0.553223 0.684869 0.020508 0.025028 0.0 0.0 0.0 0.0 0.0 0.0 0.0 0.0 0.0 0.0 0.0 0.0 0.0 0.0 0.0
0 0.385254 0.641069 0.022461 0.030717 0.0 0.0 0.0 0.0 0.0 0.0 0.0 0.0 0.0 0.0 0.0 0.0 0.0 0.0 0.0
0 0.461426 0.441411 0.012695 0.018203 0.0 0.0 0.0 0.0 0.0 0.0 0.0 0.0 0.0 0.0 0.0 0.0 0.0 0.0 0.0
0 0.366211 0.440273 0.013672 0.020478 0.0 0.0 0.0 0.0 0.0 0.0 0.0 0.0 0.0 0.0 0.0 0.0 0.0 0.0 0.0
0 0.291016 0.434016 0.011719 0.017065 0.0 0.0 0.0 0.0 0.0 0.0 0.0 0.0 0.0 0.0 0.0 0.0 0.0 0.0 0.0
0 0.241211 0.621729 0.021484 0.026166 0.243888 0.617372 1.0 0.248491 0.616701 1.0 0.250506 0.624243 1.0 0.245614 0.630445 1.0 0.248923 0.630109 1.0
0 0.109375 0.610353 0.021484 0.021615 0.0 0.0 0.0 0.0 0.0 0.0 0.0 0.0 0.0 0.0 0.0 0.0 0.0 0.0 0.0
0 0.206543 0.439135 0.014648 0.015927 0.0 0.0 0.0 0.0 0.0 0.0 0.0 0.0 0.0 0.0 0.0 0.0 0.0 0.0 0.0
0 0.191406 0.426052 0.013672 0.01479 0.0 0.0 0.0 0.0 0.0 0.0 0.0 0.0 0.0 0.0 0.0 0.0 0.0 0.0 0.0
0 0.185547 0.458476 0.013672 0.018203 0.0 0.0 0.0 0.0 0.0 0.0 0.0 0.0 0.0 0.0 0.0 0.0 0.0 0.0 0.0
0 0.151855 0.465301 0.012695 0.018203 0.0 0.0 0.0 0.0 0.0 0.0 0.0 0.0 0.0 0.0 0.0 0.0 0.0 0.0 0.0
0 0.136719 0.444255 0.015625 0.01479 0.0 0.0 0.0 0.0 0.0 0.0 0.0 0.0 0.0 0.0 0.0 0.0 0.0 0.0 0.0
0 0.099121 0.447099 0.014648 0.018203 0.0 0.0 0.0 0.0 0.0 0.0 0.0 0.0 0.0 0.0 0.0 0.0 0.0 0.0 0.0
0 0.118652 0.41752 0.014648 0.018203 0.0 0.0 0.0 0.0 0.0 0.0 0.0 0.0 0.0 0.0 0.0 0.0 0.0 0.0 0.0
0 0.118164 0.477247 0.013672 0.021615 0.0 0.0 0.0 0.0 0.0 0.0 0.0 0.0 0.0 0.0 0.0 0.0 0.0 0.0 0.0
0 0.078125 0.487486 0.017578 0.01934 0.080278 0.485901 1.0 0.083339 0.484712 1.0 0.08538 0.489071 1.0 0.082433 0.492504 1.0 0.084699 0.492107 1.0
0 0.05127 0.494881 0.016602 0.020478 0.0 0.0 0.0 0.0 0.0 0.0 0.0 0.0 0.0 0.0 0.0 0.0 0.0 0.0 0.0
0 0.061523 0.4562 0.015625 0.022753 0.0 0.0 0.0 0.0 0.0 0.0 0.0 0.0 0.0 0.0 0.0 0.0 0.0 0.0 0.0
0 0.049316 0.411832 0.014648 0.015927 0.0 0.0 0.0 0.0 0.0 0.0 0.0 0.0 0.0 0.0 0.0 0.0 0.0 0.0 0.0
0 0.083496 0.384528 0.012695 0.015927 0.0 0.0 0.0 0.0 0.0 0.0 0.0 0.0 0.0 0.0 0.0 0.0 0.0 0.0 0.0
0 0.025879 0.46587 0.012695 0.01934 0.0 0.0 0.0 0.0 0.0 0.0 0.0 0.0 0.0 0.0 0.0 0.0 0.0 0.0 0.0
0 0.716309 0.67008 0.024414 0.03868 0.0 0.0 0.0 0.0 0.0 0.0 0.0 0.0 0.0 0.0 0.0 0.0 0.0 0.0 0.0
0 0.018555 0.502275 0.015625 0.021615 0.018433 0.5 1.0 0.024658 0.499858 1.0 0.022339 0.504266 1.0 0.019287 0.507253 1.0 0.023926 0.50711 1.0
0 0.010742 0.436291 0.013672 0.01934 0.0 0.0 0.0 0.0 0.0 0.0 0.0 0.0 0.0 0.0 0.0 0.0 0.0 0.0 0.0