0 0.052246 0.235766 0.045898 0.080292 0.035775 0.228428 1.0 0.053798 0.229953 1.0 0.041216 0.247745 1.0 0.038155 0.258928 1.0 0.052098 0.258928 1.0
0 0.118652 0.239416 0.043945 0.090511 0.123365 0.233825 1.0 0.136641 0.230422 1.0 0.135502 0.242896 1.0 0.129055 0.257638 1.0 0.139295 0.253669 1.0
0 0.168945 0.19781 0.044922 0.089051 0.163146 0.191247 1.0 0.183629 0.191815 1.0 0.176422 0.210526 1.0 0.165802 0.223566 1.0 0.183629 0.224133 1.0
0 0.260742 0.238686 0.025391 0.077372 0.253553 0.23185 1.0 0.25061 0.233315 1.0 0.24963 0.245536 1.0 0.255842 0.258244 1.0 0.253553 0.258733 1.0
0 0.324219 0.221168 0.03125 0.048175 0.319018 0.214429 1.0 0.333565 0.212898 1.0 0.327419 0.226069 1.0 0.321887 0.234339 1.0 0.331722 0.234032 1.0
0 0.286133 0.331387 0.033203 0.075912 0.292263 0.318848 1.0 0.292908 0.318848 1.0 0.303231 0.33428 1.0 0.29323 0.349714 1.0 0.293876 0.349231 1.0
0 0.377441 0.259124 0.041992 0.077372 0.375 0.249635 1.0 0.393555 0.249635 1.0 0.387695 0.264234 1.0 0.37793 0.278832 1.0 0.390625 0.277372 1.0
0 0.508789 0.170073 0.046875 0.09781 0.5016 0.16366 1.0 0.523551 0.167375 1.0 0.512782 0.184092 1.0 0.499943 0.195855 1.0 0.521065 0.19895 1.0
0 0.586426 0.227737 0.041992 0.075912 0.57656 0.221774 1.0 0.597564 0.219396 1.0 0.588653 0.235095 1.0 0.580697 0.251272 1.0 0.597883 0.249368 1.0
0 0.737305 0.256934 0.041016 0.072993 0.728899 0.248339 1.0 0.7484 0.250188 1.0 0.739424 0.265458 1.0 0.72859 0.276564 1.0 0.744995 0.277489 1.0
0 0.742676 0.157664 0.040039 0.078832 0.748901 0.148403 1.0 0.760314 0.148403 1.0 0.761658 0.162454 1.0 0.75058 0.179015 1.0 0.758637 0.178012 1.0