0 0.844238 0.658088 0.088867 0.154412 0.814069 0.62626 1.0 0.841169 0.637921 1.0 0.803101 0.654438 1.0 0.803746 0.688446 1.0 0.823748 0.702049 1.0
0 0.84082 0.470588 0.058594 0.091176 0.817574 0.456716 1.0 0.839194 0.460715 1.0 0.817195 0.478991 1.0 0.817574 0.496697 1.0 0.831608 0.500125 1.0
0 0.959473 0.483088 0.063477 0.098529 0.0 0.0 0.0 0.0 0.0 0.0 0.0 0.0 0.0 0.0 0.0 0.0 0.0 0.0 0.0
0 0.986328 0.569853 0.027344 0.113235 0.988996 0.539338 1.0 0.996529 0.543593 1.0 0.9744 0.562737 1.0 0.977696 0.590388 1.0 0.987113 0.594643 1.0
0 0.943848 0.441912 0.040039 0.083824 0.925224 0.425421 1.0 0.940569 0.423844 1.0 0.928362 0.435925 1.0 0.925572 0.453781 1.0 0.934989 0.453781 1.0
0 0.887695 0.443382 0.015625 0.042647 0.0 0.0 0.0 0.0 0.0 0.0 0.0 0.0 0.0 0.0 0.0 0.0 0.0 0.0 0.0
0 0.749023 0.463235 0.044922 0.076471 0.737078 0.444768 1.0 0.755219 0.459146 1.0 0.737396 0.4625 1.0 0.72753 0.474481 1.0 0.74408 0.489818 1.0
0 0.682617 0.497059 0.0625 0.091176 0.671814 0.481388 1.0 0.695617 0.495129 1.0 0.678955 0.504688 1.0 0.663879 0.517234 1.0 0.682922 0.529779 1.0
0 0.574219 0.577941 0.070312 0.108824 0.552674 0.547565 1.0 0.577851 0.559282 1.0 0.553589 0.577896 1.0 0.545807 0.597197 1.0 0.56366 0.606159 1.0
0 0.424805 0.689706 0.087891 0.141176 0.40666 0.670359 1.0 0.446682 0.661496 1.0 0.432557 0.703151 1.0 0.417254 0.734172 1.0 0.449624 0.724422 1.0
0 0.29834 0.373529 0.069336 0.117647 0.299824 0.357456 1.0 0.326162 0.360559 1.0 0.318164 0.38475 1.0 0.299365 0.405603 1.0 0.319893 0.408574 1.0
0 0.381836 0.3875 0.023438 0.039706 0.374224 0.382274 1.0 0.383998 0.382524 1.0 0.374887 0.38876 1.0 0.371739 0.39375 1.0 0.378034 0.395247 1.0
0 0.034668 0.569853 0.043945 0.080882 0.044913 0.548122 1.0 0.047634 0.543513 1.0 0.056135 0.55734 1.0 0.048313 0.582432 1.0 0.051034 0.579359 1.0
0 0.130859 0.560294 0.046875 0.073529 0.120466 0.553032 1.0 0.144919 0.563754 1.0 0.129133 0.579601 1.0 0.11768 0.579135 1.0 0.134705 0.586128 1.0
0 0.227539 0.397794 0.017578 0.030882 0.22389 0.393113 1.0 0.232675 0.391485 1.0 0.229701 0.398404 1.0 0.227269 0.4039 1.0 0.231999 0.403696 1.0
0 0.195312 0.416912 0.017578 0.027941 0.189941 0.415625 1.0 0.196777 0.410294 1.0 0.19458 0.417279 1.0 0.193359 0.425 1.0 0.199951 0.421324 1.0
0 0.07666 0.455882 0.024414 0.038235 0.076669 0.450171 1.0 0.085946 0.447676 1.0 0.085118 0.454412 1.0 0.080811 0.466885 1.0 0.087935 0.463891 1.0
0 0.09082 0.441176 0.013672 0.026471 0.089957 0.435438 1.0 0.097212 0.437657 1.0 0.093697 0.443119 1.0 0.089844 0.449094 1.0 0.094378 0.450288 1.0
0 0.106934 0.455882 0.018555 0.035294 0.102888 0.448071 1.0 0.111337 0.447847 1.0 0.107928 0.454321 1.0 0.104222 0.459676 1.0 0.108224 0.459676 1.0
0 0.033691 0.444853 0.020508 0.030882 0.029014 0.441393 1.0 0.037393 0.439154 1.0 0.033744 0.445463 1.0 0.032933 0.451976 1.0 0.041042 0.450551 1.0
0 0.131348 0.448529 0.016602 0.032353 0.0 0.0 0.0 0.0 0.0 0.0 0.0 0.0 0.0 0.0 0.0 0.0 0.0 0.0 0.0
0 0.328125 0.420588 0.029297 0.047059 0.319789 0.409513 1.0 0.326852 0.410104 1.0 0.319789 0.420444 1.0 0.317043 0.429307 1.0 0.322732 0.429307 1.0
0 0.076172 0.413971 0.015625 0.027941 0.0 0.0 0.0 0.0 0.0 0.0 0.0 0.0 0.0 0.0 0.0 0.0 0.0 0.0 0.0