0 0.613281 0.062419 0.023438 0.039012 0.609044 0.058077 1.0 0.620361 0.058588 1.0 0.615374 0.064973 1.0 0.610771 0.07187 1.0 0.618827 0.072636 1.0
0 0.65625 0.040962 0.027344 0.048114 0.648137 0.039732 1.0 0.663618 0.040039 1.0 0.656686 0.046501 1.0 0.651141 0.056039 1.0 0.660383 0.055424 1.0
0 0.714355 0.050715 0.024414 0.041612 0.710859 0.047511 1.0 0.720284 0.047243 1.0 0.715873 0.053653 1.0 0.71126 0.05926 1.0 0.719683 0.058727 1.0
0 0.76416 0.083875 0.024414 0.042913 0.757812 0.080624 1.0 0.771484 0.079324 1.0 0.766602 0.085826 1.0 0.762695 0.097529 1.0 0.770508 0.097529 1.0
0 0.812012 0.098179 0.016602 0.055917 0.0 0.0 0.0 0.0 0.0 0.0 0.0 0.0 0.0 0.0 0.0 0.0 0.0 0.0 0.0
0 0.583984 0.079324 0.03125 0.057217 0.581055 0.075423 1.0 0.59375 0.074122 1.0 0.588867 0.083225 1.0 0.583008 0.094928 1.0 0.594727 0.094928 1.0
0 0.564941 0.141092 0.032227 0.055917 0.564131 0.134324 1.0 0.575753 0.135043 1.0 0.571969 0.147641 1.0 0.562779 0.15412 1.0 0.575213 0.153759 1.0
0 0.526367 0.150845 0.033203 0.054616 0.522818 0.146085 1.0 0.53568 0.147112 1.0 0.531563 0.158073 1.0 0.524361 0.165265 1.0 0.533364 0.164923 1.0
0 0.411621 0.104031 0.036133 0.070221 0.409271 0.098017 1.0 0.423706 0.09891 1.0 0.417664 0.107404 1.0 0.407929 0.120814 1.0 0.422027 0.121261 1.0
0 0.529785 0.227568 0.043945 0.080624 0.0 0.0 0.0 0.0 0.0 0.0 0.0 0.0 0.0 0.0 0.0 0.0 0.0 0.0 0.0
0 0.507812 0.245774 0.041016 0.078023 0.516479 0.243498 1.0 0.521973 0.241547 1.0 0.524902 0.260566 1.0 0.509521 0.269831 1.0 0.511353 0.271782 1.0
0 0.768066 0.247074 0.032227 0.083225 0.756104 0.233757 1.0 0.76042 0.235847 1.0 0.751787 0.250476 1.0 0.758458 0.265105 1.0 0.761597 0.265628 1.0
0 0.814453 0.214564 0.035156 0.072822 0.0 0.0 0.0 0.0 0.0 0.0 0.0 0.0 0.0 0.0 0.0 0.0 0.0 0.0 0.0
0 0.95459 0.138492 0.036133 0.053316 0.947274 0.132791 1.0 0.96017 0.133464 1.0 0.953343 0.143229 1.0 0.946769 0.154341 1.0 0.961435 0.155013 1.0
0 0.211426 0.137191 0.036133 0.068921 0.208618 0.13257 1.0 0.223197 0.132129 1.0 0.217232 0.144042 1.0 0.210274 0.155512 1.0 0.222865 0.156395 1.0
0 0.353027 0.098179 0.038086 0.063719 0.346131 0.090622 1.0 0.363525 0.087371 1.0 0.356812 0.102406 1.0 0.349793 0.114597 1.0 0.363221 0.113378 1.0
0 0.354492 0.206112 0.046875 0.079324 0.354653 0.200557 1.0 0.369825 0.19904 1.0 0.368688 0.212173 1.0 0.354274 0.23187 1.0 0.371342 0.230355 1.0
0 0.319336 0.282185 0.042969 0.075423 0.330061 0.278505 1.0 0.334351 0.277553 1.0 0.337211 0.289928 1.0 0.320051 0.298498 1.0 0.323269 0.29945 1.0