0 0.232422 0.068414 0.03125 0.05243 0.239267 0.059873 1.0 0.241795 0.057887 1.0 0.247105 0.068483 1.0 0.236991 0.080403 1.0 0.236991 0.080403 1.0
0 0.229004 0.191816 0.022461 0.046036 0.237305 0.179028 1.0 0.240234 0.179028 1.0 0.242188 0.190537 1.0 0.235352 0.203325 1.0 0.238281 0.203325 1.0
0 0.36084 0.079923 0.032227 0.054987 0.352596 0.078645 1.0 0.364563 0.077948 1.0 0.357648 0.088743 1.0 0.354724 0.096404 1.0 0.365893 0.094315 1.0
0 0.466309 0.094629 0.03418 0.053708 0.463239 0.090953 1.0 0.475272 0.091295 1.0 0.469256 0.103969 1.0 0.462716 0.110134 1.0 0.472133 0.110134 1.0
0 0.53125 0.123402 0.025391 0.039642 0.527623 0.120325 1.0 0.537235 0.120325 1.0 0.531938 0.127004 1.0 0.527427 0.13394 1.0 0.53547 0.134197 1.0
0 0.561035 0.120844 0.02832 0.049872 0.55542 0.118926 1.0 0.567871 0.119565 1.0 0.562256 0.130435 1.0 0.555908 0.136189 1.0 0.565674 0.137148 1.0
0 0.614746 0.108696 0.026367 0.038363 0.604771 0.101428 1.0 0.615457 0.101674 1.0 0.607958 0.109775 1.0 0.605896 0.118857 1.0 0.614895 0.119102 1.0
0 0.531738 0.216752 0.032227 0.037084 0.524 0.212728 1.0 0.535885 0.212995 1.0 0.529122 0.227216 1.0 0.526459 0.228826 1.0 0.531991 0.229363 1.0
0 0.413574 0.211637 0.030273 0.057545 0.405482 0.211363 1.0 0.41748 0.215382 1.0 0.408831 0.226343 1.0 0.403251 0.227439 1.0 0.413854 0.232554 1.0
0 0.382324 0.234015 0.040039 0.069054 0.377372 0.232714 1.0 0.387643 0.231847 1.0 0.383004 0.247899 1.0 0.377703 0.254407 1.0 0.390625 0.254407 1.0
0 0.209961 0.292839 0.035156 0.056266 0.219024 0.290041 1.0 0.219574 0.290041 1.0 0.223693 0.300472 1.0 0.210235 0.304068 1.0 0.210785 0.304068 1.0
0 0.245117 0.289642 0.019531 0.044757 0.0 0.0 0.0 0.0 0.0 0.0 0.0 0.0 0.0 0.0 0.0 0.0 0.0 0.0 0.0
0 0.399902 0.326726 0.036133 0.054987 0.404732 0.319876 1.0 0.416435 0.313955 1.0 0.416168 0.330671 1.0 0.403935 0.339029 1.0 0.411913 0.337636 1.0
0 0.398438 0.432864 0.041016 0.060102 0.404472 0.426014 1.0 0.417219 0.425238 1.0 0.414551 0.438049 1.0 0.400024 0.448141 1.0 0.412179 0.448141 1.0
0 0.637207 0.444373 0.047852 0.054987 0.620239 0.43854 1.0 0.634277 0.439338 1.0 0.624512 0.456921 1.0 0.629699 0.458919 1.0 0.641297 0.45932 1.0
0 0.683594 0.384271 0.037109 0.044757 0.675319 0.379316 1.0 0.694152 0.384556 1.0 0.681205 0.396271 1.0 0.673906 0.394422 1.0 0.687561 0.39812 1.0
0 0.611816 0.29156 0.038086 0.046036 0.599091 0.297212 1.0 0.61084 0.28999 1.0 0.605085 0.30726 1.0 0.614677 0.30726 1.0 0.617794 0.304747 1.0
0 0.660156 0.179668 0.033203 0.057545 0.653351 0.173353 1.0 0.667633 0.171916 1.0 0.660217 0.185223 1.0 0.654449 0.193494 1.0 0.667633 0.192416 1.0
0 0.65918 0.127877 0.027344 0.046036 0.65121 0.124018 1.0 0.664132 0.125503 1.0 0.656425 0.133221 1.0 0.652344 0.140642 1.0 0.660731 0.14183 1.0
0 0.710938 0.108696 0.023438 0.046036 0.702223 0.103106 1.0 0.703112 0.103106 1.0 0.699332 0.115043 1.0 0.702445 0.12174 1.0 0.703779 0.121449 1.0
0 0.76416 0.117647 0.02832 0.046036 0.752337 0.112601 1.0 0.764806 0.114679 1.0 0.755284 0.122991 1.0 0.753017 0.129225 1.0 0.757551 0.130115 1.0
0 0.797852 0.12532 0.021484 0.040921 0.791992 0.116368 1.0 0.794922 0.116368 1.0 0.789062 0.12532 1.0 0.791992 0.134271 1.0 0.794922 0.134271 1.0
0 0.836426 0.296036 0.036133 0.060102 0.825204 0.294266 1.0 0.834987 0.292005 1.0 0.827506 0.306324 1.0 0.834412 0.312352 1.0 0.843044 0.307077 1.0