0 0.987793 0.214834 0.024414 0.046036 0.0 0.0 0.0 0.0 0.0 0.0 0.0 0.0 0.0 0.0 0.0 0.0 0.0 0.0 0.0
0 0.966797 0.057545 0.044922 0.066496 0.958788 0.045774 1.0 0.979061 0.04406 1.0 0.967943 0.062472 1.0 0.960423 0.074032 1.0 0.976118 0.07232 1.0
0 0.902344 0.071611 0.041016 0.061381 0.0 0.0 0.0 0.0 0.0 0.0 0.0 0.0 0.0 0.0 0.0 0.0 0.0 0.0 0.0
0 0.914062 0.193734 0.058594 0.103581 0.901141 0.185936 1.0 0.927481 0.185285 1.0 0.916548 0.204809 1.0 0.908099 0.224985 1.0 0.925493 0.224334 1.0
0 0.962891 0.181586 0.027344 0.048593 0.0 0.0 0.0 0.0 0.0 0.0 0.0 0.0 0.0 0.0 0.0 0.0 0.0 0.0 0.0
0 0.818848 0.068414 0.030273 0.057545 0.0 0.0 0.0 0.0 0.0 0.0 0.0 0.0 0.0 0.0 0.0 0.0 0.0 0.0 0.0
0 0.843262 0.168159 0.053711 0.103581 0.828866 0.15971 1.0 0.856698 0.161662 1.0 0.83831 0.183138 1.0 0.830357 0.202012 1.0 0.84974 0.201361 1.0
0 0.769043 0.092711 0.036133 0.065217 0.0 0.0 0.0 0.0 0.0 0.0 0.0 0.0 0.0 0.0 0.0 0.0 0.0 0.0 0.0
0 0.797852 0.205243 0.044922 0.06266 0.0 0.0 0.0 0.0 0.0 0.0 0.0 0.0 0.0 0.0 0.0 0.0 0.0 0.0 0.0
0 0.66748 0.089514 0.061523 0.109974 0.653163 0.08046 1.0 0.678693 0.08046 1.0 0.665929 0.097175 1.0 0.654228 0.118766 1.0 0.673375 0.118766 1.0
0 0.57373 0.017903 0.03418 0.035806 0.0 0.0 0.0 0.0 0.0 0.0 0.0 0.0 0.0 0.0 0.0 0.0 0.0 0.0 0.0
0 0.59082 0.080563 0.039062 0.058824 0.0 0.0 0.0 0.0 0.0 0.0 0.0 0.0 0.0 0.0 0.0 0.0 0.0 0.0 0.0
0 0.458984 0.10422 0.052734 0.085678 0.446411 0.091552 1.0 0.468776 0.089382 1.0 0.454694 0.111077 1.0 0.446411 0.13277 1.0 0.466705 0.133854 1.0
0 0.520996 0.115729 0.045898 0.088235 0.0 0.0 0.0 0.0 0.0 0.0 0.0 0.0 0.0 0.0 0.0 0.0 0.0 0.0 0.0
0 0.489258 0.018542 0.035156 0.037084 0.0 0.0 0.0 0.0 0.0 0.0 0.0 0.0 0.0 0.0 0.0 0.0 0.0 0.0 0.0
0 0.435547 0.017263 0.03125 0.034527 0.0 0.0 0.0 0.0 0.0 0.0 0.0 0.0 0.0 0.0 0.0 0.0 0.0 0.0 0.0
0 0.459473 0.235934 0.057617 0.075448 0.449951 0.216592 1.0 0.476685 0.214674 1.0 0.463501 0.235774 1.0 0.452515 0.246324 1.0 0.471558 0.245844 1.0
0 0.375977 0.015985 0.035156 0.031969 0.0 0.0 0.0 0.0 0.0 0.0 0.0 0.0 0.0 0.0 0.0 0.0 0.0 0.0 0.0
0 0.279785 0.03133 0.043945 0.06266 0.0 0.0 0.0 0.0 0.0 0.0 0.0 0.0 0.0 0.0 0.0 0.0 0.0 0.0 0.0
0 0.313965 0.057545 0.043945 0.053708 0.0 0.0 0.0 0.0 0.0 0.0 0.0 0.0 0.0 0.0 0.0 0.0 0.0 0.0 0.0
0 0.313965 0.141304 0.043945 0.08312 0.0 0.0 0.0 0.0 0.0 0.0 0.0 0.0 0.0 0.0 0.0 0.0 0.0 0.0 0.0
0 0.267578 0.161125 0.052734 0.092072 0.260908 0.146454 1.0 0.287589 0.149948 1.0 0.272914 0.167999 1.0 0.263131 0.185468 1.0 0.276916 0.188962 1.0
0 0.187012 0.172634 0.041992 0.063939 0.0 0.0 0.0 0.0 0.0 0.0 0.0 0.0 0.0 0.0 0.0 0.0 0.0 0.0 0.0
0 0.205078 0.019821 0.039062 0.039642 0.0 0.0 0.0 0.0 0.0 0.0 0.0 0.0 0.0 0.0 0.0 0.0 0.0 0.0 0.0
0 0.140625 0.034527 0.03125 0.056266 0.0 0.0 0.0 0.0 0.0 0.0 0.0 0.0 0.0 0.0 0.0 0.0 0.0 0.0 0.0
0 0.115234 0.065857 0.039062 0.054987 0.0 0.0 0.0 0.0 0.0 0.0 0.0 0.0 0.0 0.0 0.0 0.0 0.0 0.0 0.0
0 0.135254 0.144501 0.043945 0.089514 0.126622 0.134254 1.0 0.148634 0.133689 1.0 0.139139 0.152904 1.0 0.131369 0.17099 1.0 0.144749 0.170425 1.0
0 0.044922 0.136829 0.054688 0.084399 0.0 0.0 0.0 0.0 0.0 0.0 0.0 0.0 0.0 0.0 0.0 0.0 0.0 0.0 0.0
0 0.652832 0.44821 0.040039 0.067775 0.0 0.0 0.0 0.0 0.0 0.0 0.0 0.0 0.0 0.0 0.0 0.0 0.0 0.0 0.0
0 0.369141 0.445013 0.007812 0.015345 0.0 0.0 0.0 0.0 0.0 0.0 0.0 0.0 0.0 0.0 0.0 0.0 0.0 0.0 0.0