0 0.035156 0.405564 0.019531 0.038067 0.038378 0.399982 1.0 0.038539 0.399982 1.0 0.044669 0.405302 1.0 0.039507 0.415218 1.0 0.040152 0.415218 1.0
0 0.074707 0.396047 0.020508 0.030747 0.0 0.0 0.0 0.0 0.0 0.0 0.0 0.0 0.0 0.0 0.0 0.0 0.0 0.0 0.0
0 0.108398 0.403367 0.019531 0.030747 0.110208 0.394858 1.0 0.113992 0.394452 1.0 0.117641 0.401543 1.0 0.113046 0.409243 1.0 0.115479 0.409243 1.0
0 0.147461 0.387994 0.019531 0.029283 0.151524 0.378732 1.0 0.156455 0.377215 1.0 0.15734 0.385177 1.0 0.153041 0.393896 1.0 0.156075 0.392758 1.0
0 0.172363 0.379941 0.02832 0.057101 0.162842 0.375549 1.0 0.173584 0.375915 1.0 0.165039 0.381406 1.0 0.162598 0.396779 1.0 0.170654 0.396779 1.0
0 0.212891 0.404832 0.015625 0.033675 0.0 0.0 0.0 0.0 0.0 0.0 0.0 0.0 0.0 0.0 0.0 0.0 0.0 0.0 0.0
0 0.242676 0.378477 0.020508 0.036603 0.235656 0.372438 1.0 0.243744 0.373581 1.0 0.235962 0.377928 1.0 0.235047 0.386164 1.0 0.242065 0.387307 1.0
0 0.007812 0.377745 0.007812 0.01757 0.0 0.0 0.0 0.0 0.0 0.0 0.0 0.0 0.0 0.0 0.0 0.0 0.0 0.0 0.0
0 0.26416 0.394583 0.014648 0.02489 0.0 0.0 0.0 0.0 0.0 0.0 0.0 0.0 0.0 0.0 0.0 0.0 0.0 0.0 0.0
0 0.283203 0.396047 0.021484 0.039531 0.276742 0.391458 1.0 0.284903 0.391458 1.0 0.278272 0.398086 1.0 0.276402 0.406498 1.0 0.282693 0.406243 1.0
0 0.331055 0.396779 0.015625 0.035139 0.325867 0.3917 1.0 0.33258 0.393073 1.0 0.328003 0.400851 1.0 0.32663 0.407943 1.0 0.332123 0.407943 1.0
0 0.350586 0.387994 0.021484 0.040996 0.0 0.0 0.0 0.0 0.0 0.0 0.0 0.0 0.0 0.0 0.0 0.0 0.0 0.0 0.0
0 0.473145 0.388726 0.022461 0.048316 0.464948 0.381981 1.0 0.473572 0.383183 1.0 0.466151 0.391302 1.0 0.464748 0.398518 1.0 0.471968 0.399119 1.0
0 0.504883 0.394583 0.019531 0.036603 0.49827 0.388294 1.0 0.505689 0.388779 1.0 0.498753 0.392649 1.0 0.497946 0.401837 1.0 0.502786 0.402081 1.0
0 0.528809 0.396779 0.020508 0.040996 0.522601 0.39149 1.0 0.530465 0.392564 1.0 0.524209 0.397922 1.0 0.521707 0.408375 1.0 0.52832 0.407839 1.0
0 0.491211 0.393119 0.011719 0.033675 0.0 0.0 0.0 0.0 0.0 0.0 0.0 0.0 0.0 0.0 0.0 0.0 0.0 0.0 0.0
0 0.552246 0.410688 0.014648 0.027818 0.549194 0.409773 1.0 0.553833 0.410139 1.0 0.550659 0.413982 1.0 0.549072 0.41929 1.0 0.554199 0.419839 1.0
0 0.57373 0.396047 0.014648 0.02489 0.570081 0.392458 1.0 0.576185 0.392296 1.0 0.572479 0.396381 1.0 0.570408 0.401936 1.0 0.575313 0.401936 1.0
0 0.57666 0.377745 0.012695 0.020498 0.0 0.0 0.0 0.0 0.0 0.0 0.0 0.0 0.0 0.0 0.0 0.0 0.0 0.0 0.0
0 0.604492 0.373353 0.023438 0.046852 0.596697 0.369745 1.0 0.605722 0.368843 1.0 0.599505 0.375458 1.0 0.596897 0.385981 1.0 0.604117 0.385681 1.0
0 0.629395 0.399707 0.020508 0.038067 0.624394 0.398492 1.0 0.633266 0.399458 1.0 0.626168 0.403813 1.0 0.624394 0.411067 1.0 0.630201 0.413969 1.0
0 0.651855 0.385066 0.018555 0.032211 0.0 0.0 0.0 0.0 0.0 0.0 0.0 0.0 0.0 0.0 0.0 0.0 0.0 0.0 0.0
0 0.663574 0.398975 0.018555 0.039531 0.657305 0.394452 1.0 0.665296 0.394962 1.0 0.660025 0.400315 1.0 0.656965 0.408728 1.0 0.664106 0.408982 1.0
0 0.714844 0.415813 0.015625 0.029283 0.709961 0.416179 1.0 0.716919 0.415813 1.0 0.712646 0.422767 1.0 0.71106 0.428075 1.0 0.715942 0.428258 1.0
0 0.727539 0.408492 0.013672 0.029283 0.0 0.0 0.0 0.0 0.0 0.0 0.0 0.0 0.0 0.0 0.0 0.0 0.0 0.0 0.0
0 0.775879 0.388726 0.014648 0.030747 0.772988 0.386883 1.0 0.777919 0.386883 1.0 0.774885 0.390673 1.0 0.772988 0.395602 1.0 0.778046 0.395981 1.0
0 0.806152 0.397511 0.014648 0.030747 0.0 0.0 0.0 0.0 0.0 0.0 0.0 0.0 0.0 0.0 0.0 0.0 0.0 0.0 0.0
0 0.820312 0.401171 0.015625 0.029283 0.817169 0.397975 1.0 0.823743 0.398354 1.0 0.818939 0.403283 1.0 0.817296 0.409158 1.0 0.822227 0.409158 1.0
0 0.845703 0.398975 0.015625 0.027818 0.842237 0.395394 1.0 0.847652 0.39504 1.0 0.843414 0.400511 1.0 0.840589 0.405982 1.0 0.84671 0.406158 1.0