0 0.925781 0.137155 0.0625 0.12627 0.900826 0.12062 1.0 0.931144 0.123782 1.0 0.905082 0.142753 1.0 0.89923 0.17121 1.0 0.919442 0.172792 1.0
0 0.847656 0.130624 0.0625 0.127721 0.824825 0.107221 1.0 0.854252 0.116939 1.0 0.82755 0.147717 1.0 0.822645 0.158245 1.0 0.845533 0.165536 1.0
0 0.755371 0.122642 0.071289 0.123367 0.733956 0.108698 1.0 0.76273 0.100145 1.0 0.743373 0.132801 1.0 0.74128 0.160015 1.0 0.763776 0.153794 1.0
0 0.671387 0.124093 0.057617 0.132075 0.651925 0.116733 1.0 0.68485 0.104292 1.0 0.668666 0.140784 1.0 0.661412 0.165665 1.0 0.684291 0.156541 1.0
0 0.592773 0.129898 0.060547 0.149492 0.588466 0.111199 1.0 0.619019 0.111199 1.0 0.612653 0.144309 1.0 0.593559 0.173634 1.0 0.613927 0.172688 1.0
0 0.771484 0.359216 0.070312 0.152395 0.752284 0.354655 1.0 0.790998 0.338353 1.0 0.776803 0.380546 1.0 0.769061 0.410274 1.0 0.791644 0.399726 1.0
0 0.495605 0.70029 0.045898 0.105951 0.483782 0.695521 1.0 0.507359 0.687435 1.0 0.499198 0.715064 1.0 0.491036 0.735952 1.0 0.509173 0.729888 1.0
0 0.379883 0.456459 0.017578 0.033382 0.378444 0.451968 1.0 0.386069 0.452824 1.0 0.382904 0.458383 1.0 0.377581 0.464157 1.0 0.385781 0.464583 1.0
0 0.417969 0.451379 0.017578 0.034833 0.412737 0.444861 1.0 0.418814 0.442437 1.0 0.416591 0.450588 1.0 0.413774 0.457637 1.0 0.421779 0.455435 1.0
0 0.350098 0.470247 0.016602 0.03193 0.351419 0.464856 1.0 0.357906 0.464856 1.0 0.355067 0.472689 1.0 0.352095 0.4751 1.0 0.356555 0.474698 1.0
0 0.058594 0.037736 0.048828 0.072569 0.047271 0.02238 1.0 0.069868 0.024221 1.0 0.056867 0.02882 1.0 0.049129 0.050441 1.0 0.064296 0.049522 1.0
0 0.075195 0.235123 0.068359 0.113208 0.069902 0.212316 1.0 0.097237 0.221582 1.0 0.085729 0.245814 1.0 0.069423 0.26292 1.0 0.088126 0.268621 1.0
0 0.388184 0.058055 0.018555 0.046444 0.394531 0.050798 1.0 0.396484 0.044993 1.0 0.397461 0.058055 1.0 0.391602 0.069666 1.0 0.394531 0.068215 1.0
0 0.407227 0.055878 0.029297 0.053701 0.395177 0.04875 1.0 0.395177 0.048077 1.0 0.396083 0.059869 1.0 0.392909 0.06863 1.0 0.393136 0.068293 1.0