0 0.986328 0.043478 0.009766 0.032984 0.0 0.0 0.0 0.0 0.0 0.0 0.0 0.0 0.0 0.0 0.0 0.0 0.0 0.0 0.0
0 0.945312 0.022489 0.019531 0.032984 0.943556 0.018466 1.0 0.951935 0.017222 1.0 0.948962 0.025729 1.0 0.945854 0.032783 1.0 0.951259 0.031745 1.0
0 0.897949 0.038231 0.018555 0.034483 0.899937 0.034067 1.0 0.906163 0.033385 1.0 0.904384 0.039757 1.0 0.90142 0.046811 1.0 0.905866 0.046129 1.0
0 0.836426 0.016492 0.020508 0.032984 0.828221 0.011003 1.0 0.837769 0.010601 1.0 0.832275 0.018634 1.0 0.836199 0.026264 1.0 0.830575 0.026465 1.0
0 0.790039 0.035982 0.017578 0.032984 0.786041 0.031256 1.0 0.794098 0.032582 1.0 0.790069 0.039649 1.0 0.784891 0.044067 1.0 0.792803 0.044951 1.0
0 0.76123 0.02024 0.014648 0.037481 0.0 0.0 0.0 0.0 0.0 0.0 0.0 0.0 0.0 0.0 0.0 0.0 0.0 0.0 0.0
0 0.691895 0.044978 0.020508 0.035982 0.684248 0.039837 1.0 0.691808 0.03961 1.0 0.687509 0.045298 1.0 0.685285 0.053264 1.0 0.69077 0.054174 1.0
0 0.648926 0.031484 0.014648 0.038981 0.0 0.0 0.0 0.0 0.0 0.0 0.0 0.0 0.0 0.0 0.0 0.0 0.0 0.0 0.0
0 0.593262 0.035982 0.018555 0.038981 0.0 0.0 0.0 0.0 0.0 0.0 0.0 0.0 0.0 0.0 0.0 0.0 0.0 0.0 0.0
0 0.549316 0.047226 0.016602 0.031484 0.542851 0.040955 1.0 0.547581 0.042615 1.0 0.543526 0.048424 1.0 0.543662 0.054649 1.0 0.546229 0.055271 1.0
0 0.571289 0.055472 0.017578 0.038981 0.566288 0.050994 1.0 0.567257 0.050994 1.0 0.564676 0.059166 1.0 0.568225 0.063873 1.0 0.569031 0.063625 1.0
0 0.45166 0.092204 0.020508 0.037481 0.444092 0.08254 1.0 0.452724 0.081334 1.0 0.445976 0.090973 1.0 0.445504 0.099888 1.0 0.451782 0.099165 1.0
0 0.373047 0.050975 0.019531 0.035982 0.0 0.0 0.0 0.0 0.0 0.0 0.0 0.0 0.0 0.0 0.0 0.0 0.0 0.0 0.0
0 0.297363 0.063718 0.010742 0.031484 0.0 0.0 0.0 0.0 0.0 0.0 0.0 0.0 0.0 0.0 0.0 0.0 0.0 0.0 0.0
0 0.209961 0.107196 0.013672 0.037481 0.0 0.0 0.0 0.0 0.0 0.0 0.0 0.0 0.0 0.0 0.0 0.0 0.0 0.0 0.0
0 0.212891 0.12069 0.015625 0.031484 0.0 0.0 0.0 0.0 0.0 0.0 0.0 0.0 0.0 0.0 0.0 0.0 0.0 0.0 0.0
0 0.159668 0.078711 0.014648 0.037481 0.160278 0.076033 1.0 0.164045 0.07531 1.0 0.164202 0.083744 1.0 0.15965 0.090732 1.0 0.163417 0.088804 1.0
0 0.288086 0.137181 0.021484 0.04048 0.288993 0.133487 1.0 0.296143 0.135628 1.0 0.291957 0.143124 1.0 0.287772 0.14848 1.0 0.293701 0.150354 1.0
0 0.294922 0.216642 0.023438 0.046477 0.0 0.0 0.0 0.0 0.0 0.0 0.0 0.0 0.0 0.0 0.0 0.0 0.0 0.0 0.0
0 0.229004 0.222639 0.026367 0.052474 0.2211 0.214909 1.0 0.230285 0.215892 1.0 0.222596 0.228027 1.0 0.223663 0.238193 1.0 0.229432 0.236882 1.0
0 0.205566 0.211394 0.020508 0.047976 0.0 0.0 0.0 0.0 0.0 0.0 0.0 0.0 0.0 0.0 0.0 0.0 0.0 0.0 0.0
0 0.181152 0.192654 0.020508 0.043478 0.17722 0.18594 1.0 0.186157 0.184568 1.0 0.182225 0.195546 1.0 0.179187 0.205699 1.0 0.187408 0.20515 1.0
0 0.204102 0.253373 0.027344 0.050975 0.203033 0.246064 1.0 0.213074 0.247048 1.0 0.20816 0.256888 1.0 0.200684 0.265085 1.0 0.212006 0.264102 1.0
0 0.252441 0.284108 0.02832 0.052474 0.250885 0.28479 1.0 0.261112 0.286498 1.0 0.255332 0.298786 1.0 0.250885 0.304247 1.0 0.255109 0.30493 1.0
0 0.309082 0.277361 0.02832 0.053973 0.308105 0.266813 1.0 0.31944 0.269249 1.0 0.31468 0.278994 1.0 0.310146 0.291175 1.0 0.317854 0.291175 1.0
0 0.339844 0.269115 0.029297 0.049475 0.33149 0.262268 1.0 0.342965 0.258493 1.0 0.337023 0.267931 1.0 0.334154 0.282715 1.0 0.34399 0.279255 1.0
0 0.377441 0.304348 0.030273 0.05997 0.0 0.0 0.0 0.0 0.0 0.0 0.0 0.0 0.0 0.0 0.0 0.0 0.0 0.0 0.0
0 0.415039 0.287106 0.029297 0.052474 0.408992 0.282669 1.0 0.420776 0.281303 1.0 0.414995 0.293934 1.0 0.411883 0.30315 1.0 0.420109 0.302126 1.0
0 0.450684 0.32009 0.026367 0.052474 0.44567 0.309301 1.0 0.459185 0.310304 1.0 0.452646 0.320009 1.0 0.446105 0.329045 1.0 0.455915 0.330384 1.0
0 0.142578 0.238381 0.019531 0.041979 0.134382 0.231795 1.0 0.145368 0.229654 1.0 0.140485 0.241165 1.0 0.137347 0.251339 1.0 0.144671 0.25 1.0
0 0.175293 0.312594 0.030273 0.046477 0.169508 0.304763 1.0 0.180887 0.300847 1.0 0.177355 0.314702 1.0 0.17147 0.325244 1.0 0.183633 0.32163 1.0
0 0.063477 0.030735 0.017578 0.031484 0.058311 0.026793 1.0 0.065338 0.025547 1.0 0.061959 0.033847 1.0 0.060067 0.039034 1.0 0.064798 0.039448 1.0
0 0.029785 0.06072 0.014648 0.037481 0.0 0.0 0.0 0.0 0.0 0.0 0.0 0.0 0.0 0.0 0.0 0.0 0.0 0.0 0.0
0 0.025879 0.094453 0.018555 0.038981 0.024101 0.090484 1.0 0.032488 0.089493 1.0 0.030392 0.098657 1.0 0.025391 0.10658 1.0 0.030553 0.105591 1.0
0 0.05127 0.098201 0.018555 0.037481 0.048741 0.094319 1.0 0.057373 0.095523 1.0 0.053136 0.10227 1.0 0.047799 0.109981 1.0 0.055804 0.110463 1.0
0 0.056152 0.135682 0.010742 0.034483 0.0 0.0 0.0 0.0 0.0 0.0 0.0 0.0 0.0 0.0 0.0 0.0 0.0 0.0 0.0
0 0.120605 0.112444 0.012695 0.038981 0.125584 0.107639 1.0 0.124259 0.107639 1.0 0.126578 0.11425 1.0 0.122603 0.123153 1.0 0.123762 0.123406 1.0
0 0.086914 0.206147 0.025391 0.049475 0.08589 0.20276 1.0 0.0947 0.201187 1.0 0.091217 0.211568 1.0 0.0863 0.218174 1.0 0.093266 0.216916 1.0
0 0.123047 0.208396 0.023438 0.044978 0.0 0.0 0.0 0.0 0.0 0.0 0.0 0.0 0.0 0.0 0.0 0.0 0.0 0.0 0.0
0 0.136719 0.1994 0.023438 0.038981 0.0 0.0 0.0 0.0 0.0 0.0 0.0 0.0 0.0 0.0 0.0 0.0 0.0 0.0 0.0
0 0.029785 0.274363 0.026367 0.044978 0.023298 0.266994 1.0 0.034546 0.263252 1.0 0.029859 0.273613 1.0 0.026859 0.285126 1.0 0.035108 0.282247 1.0
0 0.021973 0.194153 0.012695 0.043478 0.0 0.0 0.0 0.0 0.0 0.0 0.0 0.0 0.0 0.0 0.0 0.0 0.0 0.0 0.0
0 0.058105 0.268366 0.018555 0.053973 0.0 0.0 0.0 0.0 0.0 0.0 0.0 0.0 0.0 0.0 0.0 0.0 0.0 0.0 0.0
0 0.095703 0.281859 0.025391 0.056972 0.0 0.0 0.0 0.0 0.0 0.0 0.0 0.0 0.0 0.0 0.0 0.0 0.0 0.0 0.0
0 0.121582 0.294603 0.036133 0.052474 0.0 0.0 0.0 0.0 0.0 0.0 0.0 0.0 0.0 0.0 0.0 0.0 0.0 0.0 0.0
0 0.122559 0.323838 0.022461 0.056972 0.126308 0.316918 1.0 0.131252 0.317279 1.0 0.132899 0.328483 1.0 0.125366 0.338603 1.0 0.126778 0.338964 1.0
0 0.102051 0.346327 0.020508 0.056972 0.107448 0.339768 1.0 0.108625 0.338684 1.0 0.113098 0.350972 1.0 0.107919 0.365067 1.0 0.10886 0.364345 1.0
0 0.377441 0.347076 0.022461 0.058471 0.385354 0.343027 1.0 0.388711 0.343763 1.0 0.391828 0.354807 1.0 0.384155 0.365114 1.0 0.386793 0.364747 1.0
0 0.475586 0.297601 0.027344 0.046477 0.0 0.0 0.0 0.0 0.0 0.0 0.0 0.0 0.0 0.0 0.0 0.0 0.0 0.0 0.0
0 0.501953 0.288606 0.027344 0.058471 0.506491 0.284556 1.0 0.512966 0.285661 1.0 0.513445 0.295232 1.0 0.504334 0.302594 1.0 0.511287 0.306276 1.0
0 0.546875 0.3006 0.029297 0.052474 0.543553 0.291148 1.0 0.55685 0.290145 1.0 0.550746 0.300855 1.0 0.546822 0.313906 1.0 0.553145 0.313906 1.0
0 0.573242 0.313343 0.029297 0.053973 0.568342 0.304481 1.0 0.580331 0.301469 1.0 0.575535 0.316195 1.0 0.570958 0.324561 1.0 0.580767 0.322219 1.0
0 0.437012 0.374813 0.032227 0.053973 0.431763 0.368789 1.0 0.444458 0.36148 1.0 0.441284 0.375054 1.0 0.43879 0.387931 1.0 0.447179 0.383406 1.0
0 0.47168 0.383058 0.033203 0.052474 0.4646 0.376619 1.0 0.476589 0.373273 1.0 0.470703 0.385321 1.0 0.467216 0.397033 1.0 0.477679 0.394021 1.0
0 0.505371 0.415292 0.032227 0.062969 0.493796 0.406726 1.0 0.505886 0.407514 1.0 0.49714 0.420942 1.0 0.494825 0.433577 1.0 0.505628 0.435157 1.0
0 0.567383 0.404048 0.033203 0.064468 0.568446 0.397924 1.0 0.576957 0.397516 1.0 0.574829 0.407315 1.0 0.568181 0.419154 1.0 0.57669 0.41793 1.0
0 0.57959 0.373313 0.036133 0.056972 0.0 0.0 0.0 0.0 0.0 0.0 0.0 0.0 0.0 0.0 0.0 0.0 0.0 0.0 0.0
0 0.597168 0.351574 0.030273 0.058471 0.0 0.0 0.0 0.0 0.0 0.0 0.0 0.0 0.0 0.0 0.0 0.0 0.0 0.0 0.0
0 0.641113 0.350075 0.038086 0.058471 0.629639 0.341079 1.0 0.644775 0.336207 1.0 0.637451 0.35045 1.0 0.633545 0.365067 1.0 0.64502 0.361694 1.0
0 0.603027 0.485757 0.03418 0.068966 0.599139 0.475436 1.0 0.614725 0.474132 1.0 0.609057 0.488487 1.0 0.601122 0.50154 1.0 0.612457 0.500669 1.0
0 0.391113 0.490255 0.036133 0.062969 0.385869 0.483913 1.0 0.401572 0.484843 1.0 0.394893 0.497031 1.0 0.387637 0.508621 1.0 0.399014 0.509385 1.0
0 0.476074 0.471514 0.03418 0.064468 0.481262 0.466615 1.0 0.490993 0.463711 1.0 0.491533 0.478234 1.0 0.480992 0.490684 1.0 0.489912 0.490268 1.0
0 0.525391 0.488006 0.037109 0.064468 0.526742 0.479787 1.0 0.538905 0.478127 1.0 0.535933 0.493066 1.0 0.528364 0.508835 1.0 0.537824 0.508004 1.0
0 0.620117 0.469265 0.033203 0.062969 0.621425 0.462037 1.0 0.626918 0.462438 1.0 0.62221 0.474888 1.0 0.621163 0.488541 1.0 0.626656 0.488943 1.0
0 0.632324 0.441529 0.024414 0.061469 0.618718 0.460879 1.0 0.626435 0.461669 1.0 0.621547 0.477859 1.0 0.619232 0.484967 1.0 0.62592 0.484573 1.0
0 0.662598 0.4003 0.03418 0.062969 0.651646 0.390769 1.0 0.663679 0.388762 1.0 0.65714 0.401612 1.0 0.656354 0.414061 1.0 0.663679 0.412454 1.0
0 0.677246 0.463268 0.036133 0.062969 0.674369 0.454541 1.0 0.68954 0.451328 1.0 0.684047 0.470604 1.0 0.675938 0.480643 1.0 0.68614 0.479439 1.0
0 0.699707 0.428036 0.03418 0.058471 0.69043 0.422039 1.0 0.700684 0.419415 1.0 0.696777 0.435532 1.0 0.696045 0.448651 1.0 0.705078 0.443403 1.0
0 0.737793 0.431784 0.032227 0.062969 0.739389 0.433403 1.0 0.751992 0.433799 1.0 0.749163 0.44525 1.0 0.744275 0.457097 1.0 0.751221 0.456703 1.0
0 0.779785 0.454273 0.036133 0.053973 0.767762 0.444876 1.0 0.783063 0.444153 1.0 0.775295 0.458249 1.0 0.771764 0.471259 1.0 0.784005 0.470175 1.0
0 0.853516 0.392804 0.033203 0.05997 0.842599 0.384805 1.0 0.858503 0.384042 1.0 0.848563 0.39625 1.0 0.845581 0.409222 1.0 0.855521 0.408459 1.0
0 0.916504 0.441529 0.03418 0.046477 0.0 0.0 0.0 0.0 0.0 0.0 0.0 0.0 0.0 0.0 0.0 0.0 0.0 0.0 0.0
0 0.828613 0.458771 0.03418 0.065967 0.0 0.0 0.0 0.0 0.0 0.0 0.0 0.0 0.0 0.0 0.0 0.0 0.0 0.0 0.0
0 0.84082 0.514993 0.041016 0.064468 0.83262 0.512676 1.0 0.849374 0.506144 1.0 0.844055 0.5237 1.0 0.837141 0.533907 1.0 0.851768 0.529417 1.0
0 0.962891 0.427286 0.039062 0.071964 0.949951 0.417595 1.0 0.96685 0.415774 1.0 0.954991 0.430793 1.0 0.952619 0.443537 1.0 0.962699 0.441717 1.0
0 0.98877 0.413043 0.022461 0.064468 0.98349 0.406511 1.0 0.999712 0.402837 1.0 0.991734 0.417943 1.0 0.990404 0.429783 1.0 1.001042 0.427742 1.0
0 0.973633 0.503748 0.027344 0.068966 0.964225 0.495355 1.0 0.968253 0.494913 1.0 0.961635 0.510375 1.0 0.966526 0.521418 1.0 0.969691 0.520534 1.0
0 0.72998 0.517991 0.036133 0.064468 0.7163 0.511847 1.0 0.729274 0.508942 1.0 0.723058 0.525955 1.0 0.723598 0.53716 1.0 0.73414 0.533426 1.0
0 0.794434 0.514243 0.012695 0.065967 0.0 0.0 0.0 0.0 0.0 0.0 0.0 0.0 0.0 0.0 0.0 0.0 0.0 0.0 0.0
0 0.862793 0.784108 0.014648 0.08096 0.0 0.0 0.0 0.0 0.0 0.0 0.0 0.0 0.0 0.0 0.0 0.0 0.0 0.0 0.0