0 0.072266 0.101906 0.03125 0.054252 0.079102 0.101173 1.0 0.086914 0.102639 1.0 0.086914 0.115836 1.0 0.074219 0.118768 1.0 0.079102 0.121701 1.0
0 0.01416 0.065249 0.02832 0.06305 0.008711 0.060051 1.0 0.021145 0.060864 1.0 0.018441 0.076286 1.0 0.010063 0.083591 1.0 0.021415 0.082779 1.0
0 0.101562 0.127566 0.03125 0.038123 0.105469 0.130499 1.0 0.112305 0.131965 1.0 0.110352 0.140762 1.0 0.097656 0.140762 1.0 0.103516 0.142229 1.0
0 0.149902 0.134897 0.024414 0.046921 0.145395 0.129746 1.0 0.155988 0.134164 1.0 0.149122 0.142117 1.0 0.143433 0.147125 1.0 0.15128 0.150365 1.0
0 0.158203 0.102639 0.021484 0.041056 0.154297 0.09824 1.0 0.164062 0.099707 1.0 0.15918 0.107038 1.0 0.155273 0.115836 1.0 0.164062 0.115836 1.0
0 0.203613 0.090176 0.022461 0.042522 0.210266 0.088619 1.0 0.213562 0.086968 1.0 0.21521 0.096041 1.0 0.212463 0.103739 1.0 0.21466 0.102915 1.0
0 0.250488 0.139296 0.02832 0.052786 0.254046 0.142235 1.0 0.260049 0.141233 1.0 0.260271 0.153252 1.0 0.252045 0.159595 1.0 0.252045 0.159595 1.0
0 0.296875 0.105572 0.025391 0.052786 0.291591 0.107509 1.0 0.301339 0.105808 1.0 0.297712 0.115679 1.0 0.294085 0.123507 1.0 0.301566 0.122487 1.0
0 0.335449 0.096041 0.026367 0.048387 0.329346 0.092296 1.0 0.339774 0.093802 1.0 0.332955 0.103739 1.0 0.329546 0.110062 1.0 0.335562 0.110664 1.0
0 0.387207 0.116569 0.022461 0.05132 0.382743 0.114199 1.0 0.392988 0.114526 1.0 0.390154 0.125 1.0 0.384486 0.131874 1.0 0.392552 0.132528 1.0
0 0.431152 0.096041 0.024414 0.045455 0.425293 0.092716 1.0 0.437762 0.093579 1.0 0.431815 0.10366 1.0 0.426636 0.107692 1.0 0.437187 0.108268 1.0
0 0.477051 0.121701 0.020508 0.046921 0.471147 0.119031 1.0 0.479972 0.119331 1.0 0.474156 0.127462 1.0 0.472752 0.135591 1.0 0.477967 0.135893 1.0
0 0.50293 0.15176 0.027344 0.05132 0.49312 0.146117 1.0 0.502058 0.146444 1.0 0.494864 0.156918 1.0 0.494429 0.166082 1.0 0.500313 0.168701 1.0
0 0.532715 0.118035 0.024414 0.033724 0.525391 0.115836 1.0 0.533203 0.115836 1.0 0.526367 0.127566 1.0 0.529297 0.134897 1.0 0.53418 0.134897 1.0
0 0.601074 0.127566 0.024414 0.049853 0.592682 0.124267 1.0 0.601227 0.128437 1.0 0.593536 0.136455 1.0 0.592041 0.141587 1.0 0.596313 0.143512 1.0
0 0.605469 0.10044 0.021484 0.033724 0.0 0.0 0.0 0.0 0.0 0.0 0.0 0.0 0.0 0.0 0.0 0.0 0.0 0.0 0.0
0 0.632812 0.118768 0.017578 0.041056 0.629359 0.112223 1.0 0.637556 0.114056 1.0 0.632324 0.119031 1.0 0.628487 0.122696 1.0 0.636684 0.12322 1.0
0 0.663086 0.08871 0.021484 0.05132 0.653778 0.084999 1.0 0.662323 0.084999 1.0 0.655914 0.095903 1.0 0.653992 0.103282 1.0 0.660614 0.103282 1.0
0 0.713379 0.085044 0.024414 0.043988 0.703705 0.080089 1.0 0.711578 0.079245 1.0 0.706892 0.089658 1.0 0.706892 0.096977 1.0 0.711203 0.096413 1.0
0 0.719727 0.1239 0.025391 0.06305 0.0 0.0 0.0 0.0 0.0 0.0 0.0 0.0 0.0 0.0 0.0 0.0 0.0 0.0 0.0
0 0.775391 0.075513 0.023438 0.045455 0.0 0.0 0.0 0.0 0.0 0.0 0.0 0.0 0.0 0.0 0.0 0.0 0.0 0.0 0.0
0 0.794922 0.075513 0.021484 0.045455 0.786782 0.069622 1.0 0.793845 0.071683 1.0 0.78796 0.079931 1.0 0.785213 0.087001 1.0 0.792275 0.089063 1.0
0 0.865723 0.052786 0.024414 0.041056 0.858085 0.044512 1.0 0.868722 0.046868 1.0 0.859306 0.056295 1.0 0.858434 0.060746 1.0 0.866106 0.06284 1.0
0 0.834473 0.280059 0.020508 0.038123 0.828125 0.27566 1.0 0.835938 0.27566 1.0 0.832031 0.284457 1.0 0.830078 0.290323 1.0 0.833984 0.290323 1.0
0 0.879395 0.248534 0.024414 0.039589 0.870043 0.243238 1.0 0.877185 0.243238 1.0 0.870724 0.255236 1.0 0.873273 0.261364 1.0 0.878885 0.260598 1.0
0 0.943848 0.263196 0.030273 0.060117 0.931475 0.262463 1.0 0.939566 0.264742 1.0 0.931475 0.275372 1.0 0.941084 0.280688 1.0 0.945129 0.283724 1.0
0 0.908691 0.065982 0.024414 0.046921 0.898394 0.064955 1.0 0.906438 0.062893 1.0 0.89859 0.076148 1.0 0.899571 0.084396 1.0 0.903887 0.08204 1.0
0 0.933594 0.077713 0.027344 0.049853 0.922084 0.071848 1.0 0.929827 0.070277 1.0 0.921456 0.083474 1.0 0.926479 0.090386 1.0 0.930873 0.089757 1.0
0 0.989746 0.045455 0.020508 0.049853 0.982282 0.037286 1.0 0.990025 0.036343 1.0 0.981864 0.04954 1.0 0.982701 0.057708 1.0 0.988979 0.057708 1.0
0 0.973145 0.074047 0.018555 0.033724 0.0 0.0 0.0 0.0 0.0 0.0 0.0 0.0 0.0 0.0 0.0 0.0 0.0 0.0 0.0
0 0.449707 0.365836 0.024414 0.024927 0.0 0.0 0.0 0.0 0.0 0.0 0.0 0.0 0.0 0.0 0.0 0.0 0.0 0.0 0.0
0 0.299316 0.777126 0.038086 0.055718 0.305664 0.77566 1.0 0.317383 0.765396 1.0 0.317383 0.784457 1.0 0.304688 0.796188 1.0 0.310547 0.793255 1.0
0 0.474609 0.895161 0.054688 0.083578 0.463867 0.900189 1.0 0.488281 0.895999 1.0 0.475726 0.920088 1.0 0.469796 0.924801 1.0 0.487584 0.923754 1.0
0 0.567383 0.891496 0.029297 0.090909 0.56573 0.882607 1.0 0.56573 0.884353 1.0 0.553702 0.881441 1.0 0.557194 0.907657 1.0 0.557194 0.907657 1.0