0 0.075684 0.385393 0.053711 0.069663 0.077471 0.383085 1.0 0.096814 0.385267 1.0 0.093021 0.397924 1.0 0.079367 0.407524 1.0 0.095677 0.406652 1.0
0 0.146973 0.39382 0.053711 0.073034 0.151367 0.388764 1.0 0.169922 0.386517 1.0 0.169922 0.4 1.0 0.157227 0.414607 1.0 0.173828 0.41236 1.0
0 0.21875 0.389326 0.056641 0.093258 0.219304 0.388789 1.0 0.241747 0.388789 1.0 0.236646 0.403461 1.0 0.226444 0.417546 1.0 0.241747 0.417546 1.0
0 0.308105 0.413483 0.057617 0.092135 0.317731 0.408246 1.0 0.333915 0.407664 1.0 0.335938 0.419883 1.0 0.322283 0.440248 1.0 0.33442 0.439085 1.0
0 0.331055 0.395506 0.023438 0.049438 0.331055 0.393258 1.0 0.34082 0.389888 1.0 0.337891 0.406742 1.0 0.335938 0.413483 1.0 0.341797 0.41236 1.0
0 0.436035 0.425843 0.026367 0.047191 0.430891 0.416402 1.0 0.441951 0.416107 1.0 0.436035 0.422026 1.0 0.432691 0.430903 1.0 0.441437 0.430903 1.0
0 0.489258 0.440449 0.03125 0.047191 0.48141 0.438945 1.0 0.495274 0.436236 1.0 0.487688 0.447372 1.0 0.486903 0.455197 1.0 0.494489 0.454293 1.0
0 0.580566 0.421348 0.053711 0.089888 0.0 0.0 0.0 0.0 0.0 0.0 0.0 0.0 0.0 0.0 0.0 0.0 0.0 0.0 0.0
0 0.63623 0.411236 0.026367 0.040449 0.629203 0.408106 1.0 0.640765 0.408889 1.0 0.633283 0.415931 1.0 0.630563 0.425061 1.0 0.639857 0.424799 1.0
0 0.592285 0.376404 0.02832 0.044944 0.59668 0.373034 1.0 0.600586 0.373034 1.0 0.605469 0.382022 1.0 0.599609 0.389888 1.0 0.603516 0.389888 1.0
0 0.69873 0.396629 0.038086 0.062921 0.700653 0.390124 1.0 0.713741 0.388935 1.0 0.716151 0.398842 1.0 0.706164 0.4139 1.0 0.716841 0.411918 1.0
0 0.665527 0.400562 0.030273 0.048315 0.657227 0.397753 1.0 0.665039 0.396629 1.0 0.663086 0.405618 1.0 0.662109 0.41573 1.0 0.669922 0.414607 1.0
0 0.74707 0.388764 0.025391 0.040449 0.744141 0.385393 1.0 0.756836 0.385393 1.0 0.751953 0.394382 1.0 0.748047 0.401124 1.0 0.756836 0.4 1.0
0 0.766602 0.42809 0.037109 0.060674 0.762695 0.425843 1.0 0.77832 0.422472 1.0 0.776367 0.434831 1.0 0.770508 0.446067 1.0 0.780273 0.444944 1.0
0 0.773438 0.405056 0.027344 0.037079 0.0 0.0 0.0 0.0 0.0 0.0 0.0 0.0 0.0 0.0 0.0 0.0 0.0 0.0 0.0
0 0.858887 0.401685 0.043945 0.064045 0.865234 0.394382 1.0 0.879883 0.393258 1.0 0.879883 0.402247 1.0 0.867188 0.421348 1.0 0.876953 0.416854 1.0
0 0.918945 0.406742 0.023438 0.038202 0.0 0.0 0.0 0.0 0.0 0.0 0.0 0.0 0.0 0.0 0.0 0.0 0.0 0.0 0.0
0 0.944824 0.396629 0.03418 0.044944 0.947021 0.411517 1.0 0.965576 0.413202 1.0 0.954834 0.423034 1.0 0.946045 0.426404 1.0 0.962646 0.426404 1.0
0 0.956055 0.415169 0.041016 0.059551 0.945565 0.411266 1.0 0.964922 0.413122 1.0 0.954276 0.422773 1.0 0.945888 0.432424 1.0 0.958793 0.433537 1.0
0 0.129395 0.060674 0.036133 0.062921 0.126953 0.05618 1.0 0.144531 0.060674 1.0 0.139648 0.070787 1.0 0.129883 0.076404 1.0 0.140625 0.079775 1.0
0 0.373535 0.508989 0.004883 0.008989 0.0 0.0 0.0 0.0 0.0 0.0 0.0 0.0 0.0 0.0 0.0 0.0 0.0 0.0 0.0
0 0.387207 0.484831 0.006836 0.010112 0.0 0.0 0.0 0.0 0.0 0.0 0.0 0.0 0.0 0.0 0.0 0.0 0.0 0.0 0.0
0 0.781738 0.590449 0.008789 0.014607 0.0 0.0 0.0 0.0 0.0 0.0 0.0 0.0 0.0 0.0 0.0 0.0 0.0 0.0 0.0
0 0.820312 0.573596 0.011719 0.021348 0.0 0.0 0.0 0.0 0.0 0.0 0.0 0.0 0.0 0.0 0.0 0.0 0.0 0.0 0.0
0 0.382812 0.526404 0.005859 0.007865 0.0 0.0 0.0 0.0 0.0 0.0 0.0 0.0 0.0 0.0 0.0 0.0 0.0 0.0 0.0