0 0.217773 0.151596 0.0625 0.129433 0.197488 0.128626 1.0 0.22488 0.12944 1.0 0.207816 0.144115 1.0 0.199284 0.176727 1.0 0.215001 0.178358 1.0
0 0.301758 0.140957 0.042969 0.115248 0.296875 0.131206 1.0 0.311523 0.125887 1.0 0.307617 0.152482 1.0 0.300781 0.171986 1.0 0.311523 0.16844 1.0
0 0.338379 0.140957 0.055664 0.115248 0.326747 0.130605 1.0 0.350011 0.133518 1.0 0.337577 0.15245 1.0 0.328352 0.171385 1.0 0.346 0.172112 1.0
0 0.37793 0.289007 0.050781 0.117021 0.368348 0.268918 1.0 0.392936 0.27859 1.0 0.380231 0.294959 1.0 0.365889 0.31505 1.0 0.38351 0.323977 1.0
0 0.547852 0.16844 0.052734 0.099291 0.531721 0.15067 1.0 0.556863 0.145043 1.0 0.54412 0.171931 1.0 0.539986 0.193816 1.0 0.555141 0.19194 1.0
0 0.476562 0.269504 0.054688 0.131206 0.462342 0.257812 1.0 0.487977 0.250333 1.0 0.475158 0.276929 1.0 0.46875 0.311004 1.0 0.487061 0.305186 1.0
0 0.905762 0.454787 0.061523 0.147163 0.88058 0.437089 1.0 0.90373 0.433353 1.0 0.882638 0.46044 1.0 0.884696 0.493129 1.0 0.901672 0.491261 1.0
0 0.907227 0.77039 0.072266 0.143617 0.878409 0.752358 1.0 0.902266 0.74153 1.0 0.883379 0.773113 1.0 0.880397 0.803793 1.0 0.895805 0.798379 1.0
0 0.885742 0.924645 0.064453 0.140071 0.861084 0.915369 1.0 0.884822 0.908316 1.0 0.865832 0.942796 1.0 0.868853 0.974924 1.0 0.885254 0.974924 1.0
0 0.873535 0.405142 0.049805 0.143617 0.858634 0.389817 1.0 0.865095 0.388012 1.0 0.848693 0.424106 1.0 0.85764 0.448472 1.0 0.865095 0.449372 1.0
0 0.691895 0.31383 0.043945 0.099291 0.672808 0.308566 1.0 0.696917 0.294184 1.0 0.685896 0.32545 1.0 0.68624 0.347961 1.0 0.701395 0.339832 1.0
0 0.80127 0.31117 0.043945 0.093972 0.803101 0.302463 1.0 0.816354 0.300658 1.0 0.814366 0.325323 1.0 0.802438 0.336754 1.0 0.812378 0.336754 1.0
0 0.711426 0.264184 0.038086 0.092199 0.708984 0.260638 1.0 0.72168 0.253546 1.0 0.71875 0.274823 1.0 0.714844 0.299645 1.0 0.724609 0.292553 1.0
0 0.600098 0.281028 0.049805 0.115248 0.585973 0.267762 1.0 0.608032 0.268491 1.0 0.593994 0.284511 1.0 0.587176 0.312911 1.0 0.602818 0.31364 1.0
0 0.083496 0.316489 0.032227 0.093972 0.0 0.0 0.0 0.0 0.0 0.0 0.0 0.0 0.0 0.0 0.0 0.0 0.0 0.0 0.0
0 0.507324 0.189716 0.043945 0.085106 0.0 0.0 0.0 0.0 0.0 0.0 0.0 0.0 0.0 0.0 0.0 0.0 0.0 0.0 0.0
0 0.421875 0.266844 0.037109 0.072695 0.0 0.0 0.0 0.0 0.0 0.0 0.0 0.0 0.0 0.0 0.0 0.0 0.0 0.0 0.0