0 0.602539 0.752601 0.023438 0.017555 0.599226 0.748856 1.0 0.610988 0.749849 1.0 0.605024 0.75404 1.0 0.5979 0.756137 1.0 0.609166 0.757239 1.0
0 0.291016 0.742848 0.023438 0.018856 0.285701 0.739103 1.0 0.295532 0.740412 1.0 0.288383 0.743031 1.0 0.283199 0.745768 1.0 0.290885 0.747672 1.0
0 0.171875 0.723017 0.019531 0.015605 0.168029 0.720559 1.0 0.176728 0.72198 1.0 0.170318 0.724317 1.0 0.165131 0.727162 1.0 0.174438 0.728178 1.0
0 0.406738 0.779909 0.02832 0.016255 0.0 0.0 0.0 0.0 0.0 0.0 0.0 0.0 0.0 0.0 0.0 0.0 0.0 0.0 0.0
0 0.12207 0.680754 0.013672 0.011704 0.0 0.0 0.0 0.0 0.0 0.0 0.0 0.0 0.0 0.0 0.0 0.0 0.0 0.0 0.0
0 0.328125 0.672627 0.009766 0.008453 0.0 0.0 0.0 0.0 0.0 0.0 0.0 0.0 0.0 0.0 0.0 0.0 0.0 0.0 0.0
0 0.373535 0.684655 0.010742 0.009103 0.0 0.0 0.0 0.0 0.0 0.0 0.0 0.0 0.0 0.0 0.0 0.0 0.0 0.0 0.0
0 0.369629 0.662549 0.006836 0.006502 0.0 0.0 0.0 0.0 0.0 0.0 0.0 0.0 0.0 0.0 0.0 0.0 0.0 0.0 0.0
0 0.241211 0.674577 0.011719 0.009753 0.0 0.0 0.0 0.0 0.0 0.0 0.0 0.0 0.0 0.0 0.0 0.0 0.0 0.0 0.0
0 0.467773 0.66645 0.009766 0.009103 0.0 0.0 0.0 0.0 0.0 0.0 0.0 0.0 0.0 0.0 0.0 0.0 0.0 0.0 0.0
0 0.052246 0.727568 0.022461 0.014304 0.0 0.0 0.0 0.0 0.0 0.0 0.0 0.0 0.0 0.0 0.0 0.0 0.0 0.0 0.0
0 0.03125 0.660598 0.011719 0.009103 0.0 0.0 0.0 0.0 0.0 0.0 0.0 0.0 0.0 0.0 0.0 0.0 0.0 0.0 0.0
0 0.569824 0.68238 0.012695 0.009753 0.0 0.0 0.0 0.0 0.0 0.0 0.0 0.0 0.0 0.0 0.0 0.0 0.0 0.0 0.0
0 0.725586 0.695709 0.011719 0.010403 0.0 0.0 0.0 0.0 0.0 0.0 0.0 0.0 0.0 0.0 0.0 0.0 0.0 0.0 0.0
0 0.652344 0.699935 0.011719 0.009753 0.0 0.0 0.0 0.0 0.0 0.0 0.0 0.0 0.0 0.0 0.0 0.0 0.0 0.0 0.0
0 0.870605 0.681079 0.010742 0.009753 0.0 0.0 0.0 0.0 0.0 0.0 0.0 0.0 0.0 0.0 0.0 0.0 0.0 0.0 0.0
0 0.890625 0.675228 0.011719 0.008453 0.0 0.0 0.0 0.0 0.0 0.0 0.0 0.0 0.0 0.0 0.0 0.0 0.0 0.0 0.0
0 0.603516 0.645319 0.009766 0.007152 0.0 0.0 0.0 0.0 0.0 0.0 0.0 0.0 0.0 0.0 0.0 0.0 0.0 0.0 0.0