0 0.09375 0.251129 0.052734 0.073363 0.089251 0.239903 1.0 0.110909 0.238511 1.0 0.104492 0.2552 1.0 0.090454 0.266789 1.0 0.107701 0.266325 1.0
0 0.21875 0.306998 0.046875 0.06772 0.214844 0.299944 1.0 0.234619 0.297827 1.0 0.228394 0.311371 1.0 0.217041 0.323646 1.0 0.233521 0.321953 1.0
0 0.264648 0.262415 0.011719 0.021445 0.0 0.0 0.0 0.0 0.0 0.0 0.0 0.0 0.0 0.0 0.0 0.0 0.0 0.0 0.0
0 0.269531 0.297404 0.013672 0.023702 0.271171 0.294421 1.0 0.274048 0.293816 1.0 0.274833 0.297747 1.0 0.271955 0.303642 1.0 0.273917 0.303188 1.0
0 0.394531 0.278781 0.048828 0.074492 0.392826 0.270719 1.0 0.411883 0.272594 1.0 0.405396 0.287589 1.0 0.394854 0.297429 1.0 0.406206 0.298835 1.0
0 0.426758 0.232506 0.025391 0.040632 0.0 0.0 0.0 0.0 0.0 0.0 0.0 0.0 0.0 0.0 0.0 0.0 0.0 0.0 0.0
0 0.523926 0.235892 0.040039 0.058691 0.511178 0.225441 1.0 0.516018 0.225441 1.0 0.506017 0.24222 1.0 0.515372 0.250423 1.0 0.520534 0.248932 1.0
0 0.474609 0.250564 0.015625 0.020316 0.0 0.0 0.0 0.0 0.0 0.0 0.0 0.0 0.0 0.0 0.0 0.0 0.0 0.0 0.0
0 0.334961 0.254515 0.007812 0.012415 0.0 0.0 0.0 0.0 0.0 0.0 0.0 0.0 0.0 0.0 0.0 0.0 0.0 0.0 0.0
0 0.65332 0.213883 0.058594 0.064334 0.641715 0.198036 1.0 0.663949 0.205745 1.0 0.643938 0.204888 1.0 0.63208 0.22202 1.0 0.649497 0.228445 1.0
0 0.861816 0.248871 0.053711 0.08465 0.854858 0.23709 1.0 0.856707 0.23709 1.0 0.837298 0.253648 1.0 0.850237 0.271807 1.0 0.850237 0.270205 1.0
0 0.973145 0.280474 0.024414 0.053047 0.0 0.0 0.0 0.0 0.0 0.0 0.0 0.0 0.0 0.0 0.0 0.0 0.0 0.0 0.0
0 0.119629 0.281038 0.016602 0.031603 0.0 0.0 0.0 0.0 0.0 0.0 0.0 0.0 0.0 0.0 0.0 0.0 0.0 0.0 0.0
0 0.181152 0.265801 0.006836 0.012415 0.0 0.0 0.0 0.0 0.0 0.0 0.0 0.0 0.0 0.0 0.0 0.0 0.0 0.0 0.0