0 0.791016 0.322049 0.089844 0.227431 0.777692 0.276972 1.0 0.809779 0.29551 1.0 0.786517 0.318328 1.0 0.762451 0.359686 1.0 0.796143 0.375372 1.0
0 0.252441 0.318576 0.036133 0.081597 0.24381 0.315151 1.0 0.261649 0.314639 1.0 0.254168 0.320778 1.0 0.248988 0.34175 1.0 0.260498 0.34175 1.0
0 0.546875 0.103299 0.037109 0.095486 0.539246 0.08913 1.0 0.554888 0.090944 1.0 0.547066 0.110894 1.0 0.540946 0.127821 1.0 0.552168 0.12903 1.0
0 0.648926 0.219618 0.024414 0.067708 0.646484 0.212674 1.0 0.659424 0.217448 1.0 0.652588 0.226997 1.0 0.642578 0.235243 1.0 0.656494 0.242188 1.0
0 0.708008 0.126736 0.03125 0.072917 0.705204 0.123125 1.0 0.716008 0.123582 1.0 0.710606 0.138672 1.0 0.700832 0.143245 1.0 0.717551 0.145988 1.0
0 0.736816 0.107639 0.020508 0.055556 0.0 0.0 0.0 0.0 0.0 0.0 0.0 0.0 0.0 0.0 0.0 0.0 0.0 0.0 0.0
0 0.774902 0.064236 0.026367 0.055556 0.771092 0.054656 1.0 0.781721 0.055014 1.0 0.777309 0.066422 1.0 0.771293 0.078899 1.0 0.779716 0.080326 1.0
0 0.854004 0.059896 0.024414 0.053819 0.853616 0.053967 1.0 0.862641 0.054665 1.0 0.858913 0.065127 1.0 0.855578 0.069661 1.0 0.862248 0.069661 1.0
0 0.819336 0.097222 0.025391 0.059028 0.0 0.0 0.0 0.0 0.0 0.0 0.0 0.0 0.0 0.0 0.0 0.0 0.0 0.0 0.0
0 0.021484 0.114583 0.042969 0.166667 0.013123 0.094835 1.0 0.035156 0.098958 1.0 0.027039 0.112359 1.0 0.016021 0.131944 1.0 0.032837 0.130913 1.0
0 0.194824 0.277778 0.024414 0.041667 0.0 0.0 0.0 0.0 0.0 0.0 0.0 0.0 0.0 0.0 0.0 0.0 0.0 0.0 0.0
0 0.304688 0.326389 0.033203 0.079861 0.300459 0.315135 1.0 0.315996 0.315646 1.0 0.310529 0.322809 1.0 0.304487 0.342759 1.0 0.314558 0.342247 1.0
0 0.689941 0.059896 0.018555 0.039931 0.0 0.0 0.0 0.0 0.0 0.0 0.0 0.0 0.0 0.0 0.0 0.0 0.0 0.0 0.0
0 0.456055 0.404514 0.107422 0.194444 0.433663 0.387826 1.0 0.475416 0.419465 1.0 0.4453 0.460837 1.0 0.417236 0.449885 1.0 0.45146 0.477872 1.0
0 0.29834 0.231771 0.016602 0.043403 0.0 0.0 0.0 0.0 0.0 0.0 0.0 0.0 0.0 0.0 0.0 0.0 0.0 0.0 0.0
0 0.381836 0.302083 0.029297 0.065972 0.372637 0.293295 1.0 0.388175 0.28576 1.0 0.383231 0.299153 1.0 0.381583 0.312547 1.0 0.390529 0.305851 1.0
0 0.090332 0.350694 0.03418 0.086806 0.0 0.0 0.0 0.0 0.0 0.0 0.0 0.0 0.0 0.0 0.0 0.0 0.0 0.0 0.0