0 0.086426 0.330042 0.014648 0.028209 0.0 0.0 0.0 0.0 0.0 0.0 0.0 0.0 0.0 0.0 0.0 0.0 0.0 0.0 0.0
0 0.020508 0.468265 0.019531 0.036671 0.019356 0.463027 1.0 0.025486 0.464223 1.0 0.023167 0.470444 1.0 0.019522 0.475708 1.0 0.024989 0.476904 1.0
0 0.088379 0.45275 0.018555 0.036671 0.087729 0.447619 1.0 0.095472 0.44692 1.0 0.093536 0.454608 1.0 0.089504 0.461131 1.0 0.096439 0.460666 1.0
0 0.181152 0.454161 0.016602 0.028209 0.0 0.0 0.0 0.0 0.0 0.0 0.0 0.0 0.0 0.0 0.0 0.0 0.0 0.0 0.0
0 0.197266 0.320874 0.015625 0.029619 0.194589 0.318092 1.0 0.200997 0.318659 1.0 0.197989 0.323948 1.0 0.194981 0.327536 1.0 0.199951 0.328103 1.0
0 0.179199 0.333568 0.014648 0.026798 0.0 0.0 0.0 0.0 0.0 0.0 0.0 0.0 0.0 0.0 0.0 0.0 0.0 0.0 0.0
0 0.264648 0.315938 0.025391 0.039492 0.262242 0.309642 1.0 0.27288 0.310145 1.0 0.267474 0.318708 1.0 0.262939 0.326516 1.0 0.269218 0.326769 1.0
0 0.310547 0.352609 0.013672 0.028209 0.0 0.0 0.0 0.0 0.0 0.0 0.0 0.0 0.0 0.0 0.0 0.0 0.0 0.0 0.0
0 0.350586 0.341326 0.009766 0.019746 0.0 0.0 0.0 0.0 0.0 0.0 0.0 0.0 0.0 0.0 0.0 0.0 0.0 0.0 0.0
0 0.498535 0.335684 0.020508 0.036671 0.494236 0.328532 1.0 0.502188 0.328532 1.0 0.49755 0.340495 1.0 0.494402 0.345519 1.0 0.501029 0.345519 1.0
0 0.52002 0.330042 0.018555 0.050776 0.0 0.0 0.0 0.0 0.0 0.0 0.0 0.0 0.0 0.0 0.0 0.0 0.0 0.0 0.0
0 0.856445 0.301834 0.025391 0.045134 0.84556 0.295461 1.0 0.855957 0.293195 1.0 0.848895 0.303395 1.0 0.846736 0.312463 1.0 0.852033 0.312463 1.0
0 0.142578 0.464739 0.021484 0.029619 0.137975 0.462925 1.0 0.145368 0.459501 1.0 0.143136 0.467762 1.0 0.142578 0.475417 1.0 0.14788 0.470784 1.0
0 0.131348 0.328632 0.014648 0.025388 0.129987 0.325408 1.0 0.135873 0.326667 1.0 0.133476 0.331705 1.0 0.130097 0.335797 1.0 0.134892 0.336427 1.0
0 0.375977 0.325106 0.011719 0.023977 0.0 0.0 0.0 0.0 0.0 0.0 0.0 0.0 0.0 0.0 0.0 0.0 0.0 0.0 0.0
0 0.299805 0.327221 0.013672 0.025388 0.0 0.0 0.0 0.0 0.0 0.0 0.0 0.0 0.0 0.0 0.0 0.0 0.0 0.0 0.0
0 0.658691 0.366008 0.014648 0.029619 0.0 0.0 0.0 0.0 0.0 0.0 0.0 0.0 0.0 0.0 0.0 0.0 0.0 0.0 0.0
0 0.64502 0.413258 0.014648 0.028209 0.0 0.0 0.0 0.0 0.0 0.0 0.0 0.0 0.0 0.0 0.0 0.0 0.0 0.0 0.0
0 0.813477 0.361072 0.021484 0.036671 0.0 0.0 0.0 0.0 0.0 0.0 0.0 0.0 0.0 0.0 0.0 0.0 0.0 0.0 0.0
0 0.711914 0.358956 0.013672 0.026798 0.707764 0.356135 1.0 0.713257 0.356841 1.0 0.709961 0.36213 1.0 0.707153 0.366714 1.0 0.712158 0.36689 1.0
0 0.730469 0.353315 0.013672 0.023977 0.0 0.0 0.0 0.0 0.0 0.0 0.0 0.0 0.0 0.0 0.0 0.0 0.0 0.0 0.0
0 0.621094 0.351904 0.005859 0.012694 0.0 0.0 0.0 0.0 0.0 0.0 0.0 0.0 0.0 0.0 0.0 0.0 0.0 0.0 0.0
0 0.393555 0.351199 0.013672 0.025388 0.0 0.0 0.0 0.0 0.0 0.0 0.0 0.0 0.0 0.0 0.0 0.0 0.0 0.0 0.0
0 0.951172 0.349083 0.015625 0.023977 0.0 0.0 0.0 0.0 0.0 0.0 0.0 0.0 0.0 0.0 0.0 0.0 0.0 0.0 0.0
0 0.913086 0.37024 0.013672 0.023977 0.908129 0.365518 1.0 0.914123 0.365518 1.0 0.910745 0.371341 1.0 0.908565 0.372759 1.0 0.914232 0.372286 1.0
0 0.75 0.545839 0.015625 0.025388 0.746791 0.543711 1.0 0.752686 0.545185 1.0 0.748945 0.549769 1.0 0.745885 0.552551 1.0 0.750532 0.553697 1.0
0 0.963379 0.489422 0.020508 0.03385 0.960327 0.483867 1.0 0.968109 0.486072 1.0 0.963989 0.491581 1.0 0.961396 0.49687 1.0 0.967651 0.497972 1.0
0 0.966309 0.364598 0.016602 0.029619 0.959469 0.363231 1.0 0.967848 0.363231 1.0 0.963253 0.369282 1.0 0.96136 0.372601 1.0 0.967037 0.372016 1.0
0 0.984863 0.364598 0.012695 0.026798 0.0 0.0 0.0 0.0 0.0 0.0 0.0 0.0 0.0 0.0 0.0 0.0 0.0 0.0 0.0
0 0.928223 0.48519 0.014648 0.03103 0.0 0.0 0.0 0.0 0.0 0.0 0.0 0.0 0.0 0.0 0.0 0.0 0.0 0.0 0.0
0 0.298828 0.458392 0.013672 0.022567 0.0 0.0 0.0 0.0 0.0 0.0 0.0 0.0 0.0 0.0 0.0 0.0 0.0 0.0 0.0
0 0.222656 0.317348 0.013672 0.025388 0.221798 0.312394 1.0 0.227095 0.314773 1.0 0.223799 0.319024 1.0 0.220974 0.321574 1.0 0.223916 0.323783 1.0
0 0.237793 0.332863 0.014648 0.028209 0.0 0.0 0.0 0.0 0.0 0.0 0.0 0.0 0.0 0.0 0.0 0.0 0.0 0.0 0.0
0 0.157227 0.351904 0.015625 0.03244 0.155012 0.347585 1.0 0.162062 0.346546 1.0 0.160335 0.351948 1.0 0.157458 0.357351 1.0 0.162493 0.356312 1.0
0 0.151367 0.328632 0.013672 0.028209 0.0 0.0 0.0 0.0 0.0 0.0 0.0 0.0 0.0 0.0 0.0 0.0 0.0 0.0 0.0
0 0.035645 0.312412 0.020508 0.035261 0.034075 0.307173 1.0 0.042864 0.31012 1.0 0.038627 0.315107 1.0 0.03329 0.320774 1.0 0.039726 0.323267 1.0
0 0.058594 0.315233 0.013672 0.026798 0.05542 0.31347 1.0 0.061279 0.313293 1.0 0.05835 0.318583 1.0 0.055664 0.322461 1.0 0.060059 0.322814 1.0
0 0.284668 0.336389 0.014648 0.026798 0.0 0.0 0.0 0.0 0.0 0.0 0.0 0.0 0.0 0.0 0.0 0.0 0.0 0.0 0.0
0 0.411621 0.354725 0.012695 0.023977 0.0 0.0 0.0 0.0 0.0 0.0 0.0 0.0 0.0 0.0 0.0 0.0 0.0 0.0 0.0
0 0.431152 0.358251 0.012695 0.022567 0.0 0.0 0.0 0.0 0.0 0.0 0.0 0.0 0.0 0.0 0.0 0.0 0.0 0.0 0.0
0 0.429688 0.33921 0.011719 0.021157 0.0 0.0 0.0 0.0 0.0 0.0 0.0 0.0 0.0 0.0 0.0 0.0 0.0 0.0 0.0
0 0.415039 0.327927 0.011719 0.023977 0.0 0.0 0.0 0.0 0.0 0.0 0.0 0.0 0.0 0.0 0.0 0.0 0.0 0.0 0.0
0 0.463867 0.352609 0.011719 0.022567 0.0 0.0 0.0 0.0 0.0 0.0 0.0 0.0 0.0 0.0 0.0 0.0 0.0 0.0 0.0
0 0.468262 0.330042 0.010742 0.022567 0.0 0.0 0.0 0.0 0.0 0.0 0.0 0.0 0.0 0.0 0.0 0.0 0.0 0.0 0.0
0 0.487305 0.334274 0.013672 0.025388 0.0 0.0 0.0 0.0 0.0 0.0 0.0 0.0 0.0 0.0 0.0 0.0 0.0 0.0 0.0
0 0.333984 0.444993 0.013672 0.021157 0.0 0.0 0.0 0.0 0.0 0.0 0.0 0.0 0.0 0.0 0.0 0.0 0.0 0.0 0.0
0 0.47168 0.5 0.013672 0.026798 0.0 0.0 0.0 0.0 0.0 0.0 0.0 0.0 0.0 0.0 0.0 0.0 0.0 0.0 0.0
0 0.599121 0.359661 0.012695 0.022567 0.0 0.0 0.0 0.0 0.0 0.0 0.0 0.0 0.0 0.0 0.0 0.0 0.0 0.0 0.0
0 0.709473 0.460508 0.016602 0.026798 0.0 0.0 0.0 0.0 0.0 0.0 0.0 0.0 0.0 0.0 0.0 0.0 0.0 0.0 0.0
0 0.753906 0.385049 0.011719 0.022567 0.0 0.0 0.0 0.0 0.0 0.0 0.0 0.0 0.0 0.0 0.0 0.0 0.0 0.0 0.0
0 0.643555 0.359661 0.011719 0.022567 0.0 0.0 0.0 0.0 0.0 0.0 0.0 0.0 0.0 0.0 0.0 0.0 0.0 0.0 0.0
0 0.994141 0.46897 0.011719 0.026798 0.990967 0.464034 1.0 0.998169 0.465621 1.0 0.993774 0.469852 1.0 0.990967 0.476551 1.0 0.995728 0.478138 1.0
0 0.758789 0.353315 0.009766 0.015515 0.0 0.0 0.0 0.0 0.0 0.0 0.0 0.0 0.0 0.0 0.0 0.0 0.0 0.0 0.0
0 0.650879 0.476023 0.016602 0.029619 0.0 0.0 0.0 0.0 0.0 0.0 0.0 0.0 0.0 0.0 0.0 0.0 0.0 0.0 0.0