0 0.097656 0.270597 0.037109 0.066761 0.092276 0.262771 1.0 0.110404 0.261935 1.0 0.100045 0.274909 1.0 0.091988 0.286209 1.0 0.109253 0.28872 1.0
0 0.174805 0.372869 0.017578 0.038352 0.170672 0.367581 1.0 0.178789 0.367581 1.0 0.175311 0.375291 1.0 0.171334 0.380594 1.0 0.177464 0.381075 1.0
0 0.224121 0.395597 0.016602 0.02983 0.220756 0.390131 1.0 0.229257 0.38994 1.0 0.225071 0.39755 1.0 0.221933 0.404969 1.0 0.227295 0.404778 1.0
0 0.585938 0.230824 0.037109 0.100852 0.599836 0.213626 1.0 0.600272 0.21426 1.0 0.605067 0.24343 1.0 0.594169 0.258016 1.0 0.594604 0.258649 1.0
0 0.811523 0.244318 0.042969 0.073864 0.797852 0.235795 1.0 0.816406 0.232955 1.0 0.804688 0.247159 1.0 0.799805 0.265625 1.0 0.816406 0.264205 1.0
0 0.852051 0.189631 0.038086 0.09517 0.840907 0.178787 1.0 0.844596 0.17521 1.0 0.833121 0.197266 1.0 0.838858 0.216341 1.0 0.840088 0.214553 1.0
0 0.150879 0.383523 0.018555 0.036932 0.152344 0.377841 1.0 0.15918 0.377841 1.0 0.157227 0.384943 1.0 0.15332 0.390625 1.0 0.160156 0.393466 1.0
0 0.986816 0.294744 0.022461 0.038352 0.982422 0.294034 1.0 0.989258 0.289773 1.0 0.987305 0.299716 1.0 0.982422 0.308239 1.0 0.992188 0.309659 1.0
0 0.250488 0.372869 0.012695 0.024148 0.253906 0.372159 1.0 0.253906 0.372159 1.0 0.254883 0.379261 1.0 0.25 0.380682 1.0 0.25 0.380682 1.0
0 0.962402 0.287642 0.016602 0.03267 0.958984 0.27983 1.0 0.967773 0.28125 1.0 0.961914 0.289773 1.0 0.958984 0.298295 1.0 0.966797 0.298295 1.0
0 0.638672 0.348011 0.03125 0.059659 0.635742 0.335227 1.0 0.645508 0.333807 1.0 0.639648 0.34375 1.0 0.638672 0.350852 1.0 0.645508 0.350852 1.0