0 0.831543 0.421144 0.055664 0.124783 0.806837 0.409338 1.0 0.829733 0.410899 1.0 0.8108 0.435906 1.0 0.812561 0.460132 1.0 0.829733 0.460912 1.0
0 0.64502 0.493068 0.05957 0.133449 0.62146 0.483009 1.0 0.641706 0.488023 1.0 0.621931 0.511419 1.0 0.62711 0.53064 1.0 0.641706 0.53231 1.0
0 0.95459 0.548527 0.049805 0.112652 0.0 0.0 0.0 0.0 0.0 0.0 0.0 0.0 0.0 0.0 0.0 0.0 0.0 0.0 0.0
0 0.98291 0.404679 0.03418 0.136915 0.972168 0.389081 1.0 0.974121 0.389948 1.0 0.967285 0.425477 1.0 0.978027 0.446274 1.0 0.979004 0.445407 1.0
0 0.45166 0.659445 0.053711 0.119584 0.0 0.0 0.0 0.0 0.0 0.0 0.0 0.0 0.0 0.0 0.0 0.0 0.0 0.0 0.0
0 0.155273 0.551993 0.037109 0.091854 0.0 0.0 0.0 0.0 0.0 0.0 0.0 0.0 0.0 0.0 0.0 0.0 0.0 0.0 0.0
0 0.157227 0.479203 0.044922 0.105719 0.154863 0.461036 1.0 0.178109 0.457709 1.0 0.172485 0.473014 1.0 0.163112 0.492974 1.0 0.179234 0.489648 1.0
0 0.017578 0.570191 0.035156 0.093588 0.022675 0.553834 1.0 0.033417 0.553239 1.0 0.035096 0.57409 1.0 0.02301 0.596728 1.0 0.031402 0.595537 1.0
0 0.27002 0.92461 0.040039 0.112652 0.263253 0.896246 1.0 0.25776 0.896943 1.0 0.251875 0.922707 1.0 0.262469 0.947775 1.0 0.260507 0.947775 1.0
0 0.887207 0.710572 0.041992 0.142114 0.0 0.0 0.0 0.0 0.0 0.0 0.0 0.0 0.0 0.0 0.0 0.0 0.0 0.0 0.0
0 0.76416 0.585789 0.049805 0.135182 0.0 0.0 0.0 0.0 0.0 0.0 0.0 0.0 0.0 0.0 0.0 0.0 0.0 0.0 0.0