0 0.071289 0.18649 0.025391 0.111601 0.0 0.0 0.0 0.0 0.0 0.0 0.0 0.0 0.0 0.0 0.0 0.0 0.0 0.0 0.0
0 0.123535 0.192364 0.038086 0.0558 0.129002 0.17667 1.0 0.139937 0.175549 1.0 0.142173 0.187507 1.0 0.131735 0.204322 1.0 0.137948 0.2032 1.0
0 0.193359 0.218796 0.03125 0.049927 0.197614 0.209985 1.0 0.204729 0.207783 1.0 0.207868 0.220684 1.0 0.199707 0.232956 1.0 0.205566 0.232326 1.0
0 0.244629 0.209251 0.02832 0.048458 0.24816 0.201313 1.0 0.255946 0.204085 1.0 0.255127 0.213329 1.0 0.246111 0.221031 1.0 0.253692 0.22288 1.0
0 0.275391 0.23862 0.019531 0.036711 0.0 0.0 0.0 0.0 0.0 0.0 0.0 0.0 0.0 0.0 0.0 0.0 0.0 0.0 0.0
0 0.251465 0.249633 0.014648 0.032305 0.0 0.0 0.0 0.0 0.0 0.0 0.0 0.0 0.0 0.0 0.0 0.0 0.0 0.0 0.0
0 0.317871 0.25257 0.020508 0.038179 0.0 0.0 0.0 0.0 0.0 0.0 0.0 0.0 0.0 0.0 0.0 0.0 0.0 0.0 0.0
0 0.335938 0.234949 0.013672 0.032305 0.334856 0.228524 1.0 0.342425 0.230354 1.0 0.339316 0.236653 1.0 0.334181 0.242953 1.0 0.338911 0.244781 1.0
0 0.361328 0.220264 0.015625 0.035242 0.360143 0.215007 1.0 0.369332 0.216344 1.0 0.365479 0.22147 1.0 0.362218 0.229718 1.0 0.366961 0.229718 1.0
0 0.415527 0.187225 0.018555 0.033774 0.411926 0.182479 1.0 0.420227 0.181809 1.0 0.416225 0.190725 1.0 0.412667 0.197634 1.0 0.419486 0.196966 1.0
0 0.428223 0.203377 0.012695 0.022026 0.0 0.0 0.0 0.0 0.0 0.0 0.0 0.0 0.0 0.0 0.0 0.0 0.0 0.0 0.0
0 0.467773 0.218796 0.023438 0.038179 0.464865 0.214909 1.0 0.475512 0.215151 1.0 0.470027 0.221943 1.0 0.466156 0.228492 1.0 0.474222 0.229219 1.0
0 0.488281 0.199706 0.019531 0.032305 0.483468 0.195314 1.0 0.491172 0.191859 1.0 0.486712 0.201818 1.0 0.485226 0.209134 1.0 0.492118 0.207507 1.0
0 0.521973 0.230543 0.022461 0.041116 0.515067 0.221733 1.0 0.525355 0.222257 1.0 0.518555 0.231173 1.0 0.516113 0.239564 1.0 0.522914 0.239564 1.0
0 0.549316 0.204112 0.016602 0.032305 0.0 0.0 0.0 0.0 0.0 0.0 0.0 0.0 0.0 0.0 0.0 0.0 0.0 0.0 0.0
0 0.570801 0.201909 0.016602 0.033774 0.565761 0.199746 1.0 0.57332 0.199523 1.0 0.568429 0.20621 1.0 0.566206 0.212896 1.0 0.572579 0.213342 1.0
0 0.592773 0.20558 0.011719 0.023495 0.0 0.0 0.0 0.0 0.0 0.0 0.0 0.0 0.0 0.0 0.0 0.0 0.0 0.0 0.0
0 0.605957 0.188693 0.022461 0.033774 0.597569 0.17806 1.0 0.608094 0.180734 1.0 0.597272 0.186975 1.0 0.596087 0.198789 1.0 0.603646 0.198342 1.0
0 0.652344 0.26138 0.017578 0.032305 0.652901 0.256137 1.0 0.65332 0.255717 1.0 0.650948 0.262219 1.0 0.65346 0.267674 1.0 0.65332 0.268302 1.0
0 0.958008 0.28928 0.068359 0.108664 0.937402 0.260529 1.0 0.947725 0.264772 1.0 0.92248 0.289897 1.0 0.934971 0.319677 1.0 0.941621 0.321997 1.0
0 0.883789 0.228341 0.066406 0.0837 0.855608 0.215545 1.0 0.866071 0.213656 1.0 0.853516 0.2382 1.0 0.859375 0.256451 1.0 0.865234 0.256451 1.0
0 0.82373 0.202643 0.043945 0.061674 0.806222 0.194253 1.0 0.813477 0.194253 1.0 0.803711 0.208937 1.0 0.80957 0.221943 1.0 0.814593 0.220684 1.0
0 0.774414 0.185756 0.027344 0.057269 0.766492 0.178159 1.0 0.768891 0.178159 1.0 0.760738 0.19258 1.0 0.764095 0.205561 1.0 0.766492 0.20484 1.0
0 0.75293 0.175477 0.021484 0.045521 0.74707 0.165512 1.0 0.751482 0.166954 1.0 0.743426 0.178204 1.0 0.746495 0.18657 1.0 0.748988 0.187722 1.0
0 0.724609 0.23348 0.017578 0.041116 0.0 0.0 0.0 0.0 0.0 0.0 0.0 0.0 0.0 0.0 0.0 0.0 0.0 0.0 0.0
0 0.734863 0.259912 0.012695 0.026432 0.0 0.0 0.0 0.0 0.0 0.0 0.0 0.0 0.0 0.0 0.0 0.0 0.0 0.0 0.0
0 0.674805 0.21072 0.021484 0.030837 0.671038 0.202119 1.0 0.671735 0.201909 1.0 0.665876 0.213446 1.0 0.672991 0.218482 1.0 0.673409 0.218692 1.0