0 0.220703 0.221751 0.042969 0.079096 0.212149 0.20909 1.0 0.232125 0.211082 1.0 0.221793 0.229016 1.0 0.213871 0.240472 1.0 0.226959 0.24097 1.0
0 0.355469 0.312147 0.039062 0.062147 0.34256 0.299523 1.0 0.361236 0.299126 1.0 0.350525 0.315412 1.0 0.348328 0.328124 1.0 0.359314 0.328124 1.0
0 0.300293 0.184322 0.030273 0.077684 0.311523 0.177966 1.0 0.313477 0.175141 1.0 0.314453 0.187853 1.0 0.307617 0.204802 1.0 0.311523 0.204802 1.0
0 0.341309 0.089689 0.041992 0.088983 0.0 0.0 0.0 0.0 0.0 0.0 0.0 0.0 0.0 0.0 0.0 0.0 0.0 0.0 0.0
0 0.493164 0.25565 0.042969 0.084746 0.477565 0.245346 1.0 0.496312 0.246431 1.0 0.481689 0.267037 1.0 0.479064 0.276256 1.0 0.491438 0.27734 1.0
0 0.580566 0.197034 0.036133 0.074859 0.568795 0.185691 1.0 0.585798 0.185691 1.0 0.572065 0.199877 1.0 0.568142 0.213592 1.0 0.583183 0.216429 1.0
0 0.67627 0.172316 0.040039 0.079096 0.661805 0.16364 1.0 0.678681 0.164636 1.0 0.662493 0.184064 1.0 0.663526 0.194524 1.0 0.67627 0.192531 1.0
0 0.572754 0.092514 0.041992 0.083333 0.561175 0.089008 1.0 0.57782 0.084822 1.0 0.56624 0.106802 1.0 0.565155 0.118839 1.0 0.575648 0.11727 1.0
0 0.343262 0.024011 0.040039 0.048023 0.334682 0.024201 1.0 0.353646 0.023835 1.0 0.344796 0.038097 1.0 0.337463 0.044681 1.0 0.351876 0.045047 1.0
0 0.436035 0.035311 0.038086 0.070621 0.447091 0.031023 1.0 0.455724 0.030267 1.0 0.451538 0.046157 1.0 0.448399 0.064695 1.0 0.460693 0.062047 1.0
0 0.461426 0.043785 0.043945 0.076271 0.447301 0.032158 1.0 0.46657 0.030444 1.0 0.453822 0.046736 1.0 0.450562 0.063459 1.0 0.461234 0.061743 1.0
0 0.647461 0.042373 0.039062 0.084746 0.635358 0.038136 1.0 0.649798 0.041314 1.0 0.640381 0.059928 1.0 0.6363 0.068554 1.0 0.646031 0.071277 1.0
0 0.702148 0.019774 0.019531 0.036723 0.696289 0.015537 1.0 0.698242 0.015537 1.0 0.696289 0.025424 1.0 0.698242 0.033898 1.0 0.700195 0.033898 1.0
0 0.980469 0.027542 0.025391 0.04661 0.974487 0.023571 1.0 0.97522 0.024099 1.0 0.967163 0.03178 1.0 0.973022 0.041314 1.0 0.973755 0.042107 1.0
0 0.907227 0.063559 0.017578 0.036723 0.902344 0.062147 1.0 0.904297 0.063559 1.0 0.901367 0.070621 1.0 0.900391 0.076271 1.0 0.902344 0.076271 1.0
0 0.803711 0.019068 0.023438 0.038136 0.793945 0.007062 1.0 0.796875 0.007062 1.0 0.792969 0.015537 1.0 0.793945 0.026836 1.0 0.797852 0.026836 1.0