0 0.108887 0.33138 0.016602 0.035156 0.0 0.0 0.0 0.0 0.0 0.0 0.0 0.0 0.0 0.0 0.0 0.0 0.0 0.0 0.0
0 0.162598 0.339193 0.014648 0.029948 0.168483 0.335775 1.0 0.168779 0.335775 1.0 0.169373 0.347633 1.0 0.164481 0.350796 1.0 0.164926 0.350796 1.0
0 0.374023 0.369141 0.015625 0.029948 0.377764 0.365345 1.0 0.381505 0.365154 1.0 0.381073 0.369757 1.0 0.377332 0.375512 1.0 0.380929 0.375512 1.0
0 0.626953 0.383464 0.013672 0.02474 0.630005 0.380046 1.0 0.632812 0.380859 1.0 0.634521 0.387533 1.0 0.630615 0.391276 1.0 0.631958 0.390625 1.0
0 0.719727 0.399089 0.011719 0.022135 0.0 0.0 0.0 0.0 0.0 0.0 0.0 0.0 0.0 0.0 0.0 0.0 0.0 0.0 0.0
0 0.810547 0.385417 0.005859 0.020833 0.0 0.0 0.0 0.0 0.0 0.0 0.0 0.0 0.0 0.0 0.0 0.0 0.0 0.0 0.0
0 0.819824 0.311849 0.040039 0.095052 0.806353 0.296776 1.0 0.820273 0.29498 1.0 0.802761 0.315935 1.0 0.808598 0.335693 1.0 0.819824 0.334496 1.0
0 0.899902 0.396484 0.040039 0.076823 0.0 0.0 0.0 0.0 0.0 0.0 0.0 0.0 0.0 0.0 0.0 0.0 0.0 0.0 0.0
0 0.938477 0.276042 0.025391 0.106771 0.0 0.0 0.0 0.0 0.0 0.0 0.0 0.0 0.0 0.0 0.0 0.0 0.0 0.0 0.0
0 0.65625 0.380208 0.009766 0.028646 0.0 0.0 0.0 0.0 0.0 0.0 0.0 0.0 0.0 0.0 0.0 0.0 0.0 0.0 0.0
0 0.223633 0.344401 0.019531 0.027344 0.229767 0.342779 1.0 0.230442 0.343139 1.0 0.229632 0.348546 1.0 0.226118 0.353051 1.0 0.226929 0.35269 1.0