0 0.067871 0.118718 0.03418 0.07799 0.060407 0.10349 1.0 0.074638 0.103986 1.0 0.067104 0.115374 1.0 0.06236 0.129239 1.0 0.071289 0.129239 1.0
0 0.144043 0.120451 0.047852 0.095321 0.143555 0.111135 1.0 0.161237 0.112946 1.0 0.155457 0.138293 1.0 0.142194 0.146742 1.0 0.151376 0.152173 1.0
0 0.160156 0.151646 0.037109 0.095321 0.145386 0.110347 1.0 0.160688 0.112759 1.0 0.154907 0.138107 1.0 0.141646 0.146555 1.0 0.152187 0.15078 1.0
0 0.192871 0.158579 0.026367 0.064125 0.0 0.0 0.0 0.0 0.0 0.0 0.0 0.0 0.0 0.0 0.0 0.0 0.0 0.0 0.0
0 0.229492 0.112652 0.029297 0.076256 0.219727 0.103986 1.0 0.226562 0.103986 1.0 0.21875 0.114385 1.0 0.219727 0.12825 1.0 0.223633 0.129983 1.0
0 0.23291 0.169844 0.030273 0.076256 0.220062 0.161179 1.0 0.232422 0.158742 1.0 0.223633 0.176776 1.0 0.224182 0.192374 1.0 0.233521 0.188962 1.0
0 0.203125 0.232236 0.041016 0.093588 0.197937 0.223029 1.0 0.217407 0.22422 1.0 0.207672 0.246263 1.0 0.19693 0.257582 1.0 0.214051 0.259965 1.0
0 0.270508 0.163778 0.035156 0.074523 0.26191 0.158594 1.0 0.278669 0.157156 1.0 0.269749 0.167709 1.0 0.265694 0.182579 1.0 0.275155 0.18162 1.0
0 0.319824 0.10052 0.03418 0.076256 0.309723 0.095754 1.0 0.322357 0.09478 1.0 0.315766 0.108915 1.0 0.310821 0.124024 1.0 0.322632 0.122563 1.0
0 0.324219 0.202773 0.03125 0.062392 0.0 0.0 0.0 0.0 0.0 0.0 0.0 0.0 0.0 0.0 0.0 0.0 0.0 0.0 0.0
0 0.37793 0.105719 0.03125 0.079723 0.372907 0.095298 1.0 0.386227 0.096303 1.0 0.380275 0.112397 1.0 0.37149 0.127484 1.0 0.385659 0.127484 1.0
0 0.35791 0.345754 0.043945 0.112652 0.350202 0.339905 1.0 0.368251 0.338482 1.0 0.361031 0.361258 1.0 0.348598 0.374783 1.0 0.370257 0.375496 1.0
0 0.458984 0.253899 0.035156 0.091854 0.447894 0.239508 1.0 0.465454 0.240097 1.0 0.457833 0.258913 1.0 0.451207 0.277142 1.0 0.463466 0.278906 1.0
0 0.499512 0.17851 0.036133 0.079723 0.492789 0.166579 1.0 0.508941 0.168591 1.0 0.499307 0.182672 1.0 0.490806 0.197759 1.0 0.505541 0.199771 1.0
0 0.566406 0.161179 0.052734 0.110919 0.550049 0.137782 1.0 0.567901 0.138485 1.0 0.557587 0.154679 1.0 0.551239 0.169464 1.0 0.565125 0.17017 1.0
0 0.643066 0.171577 0.038086 0.093588 0.637695 0.154246 1.0 0.650391 0.154246 1.0 0.646484 0.171577 1.0 0.639648 0.188908 1.0 0.651367 0.188908 1.0
0 0.673828 0.142981 0.042969 0.109185 0.660392 0.12749 1.0 0.678833 0.128884 1.0 0.665492 0.149775 1.0 0.659215 0.164397 1.0 0.671378 0.165094 1.0
0 0.675293 0.243501 0.040039 0.109185 0.0 0.0 0.0 0.0 0.0 0.0 0.0 0.0 0.0 0.0 0.0 0.0 0.0 0.0 0.0
0 0.773926 0.217504 0.043945 0.088388 0.756357 0.205927 1.0 0.773125 0.208492 1.0 0.761777 0.225927 1.0 0.757275 0.238891 1.0 0.770537 0.240815 1.0
0 0.760742 0.199307 0.037109 0.079723 0.756003 0.208499 1.0 0.772156 0.209002 1.0 0.761671 0.227106 1.0 0.756854 0.241187 1.0 0.770739 0.241187 1.0
0 0.816895 0.212305 0.045898 0.112652 0.801967 0.202896 1.0 0.824027 0.205744 1.0 0.811593 0.232792 1.0 0.804374 0.246317 1.0 0.822423 0.245605 1.0
0 0.849121 0.207106 0.024414 0.074523 0.848633 0.195841 1.0 0.856445 0.197574 1.0 0.855469 0.211438 1.0 0.848633 0.225303 1.0 0.856445 0.227036 1.0
0 0.92334 0.168977 0.041992 0.091854 0.928815 0.160466 1.0 0.942731 0.161643 1.0 0.938756 0.173991 1.0 0.925834 0.195159 1.0 0.93975 0.193984 1.0
0 0.955566 0.168111 0.032227 0.069324 0.937744 0.155546 1.0 0.942383 0.156846 1.0 0.937012 0.177643 1.0 0.939453 0.195407 1.0 0.940186 0.194974 1.0