0 0.027832 0.366406 0.02832 0.051562 0.027344 0.361272 1.0 0.036761 0.358594 1.0 0.03404 0.366295 1.0 0.029854 0.379017 1.0 0.040108 0.37567 1.0
0 0.004883 0.347656 0.009766 0.026562 0.0 0.0 0.0 0.0 0.0 0.0 0.0 0.0 0.0 0.0 0.0 0.0 0.0 0.0 0.0
0 0.046387 0.380469 0.012695 0.026562 0.0 0.0 0.0 0.0 0.0 0.0 0.0 0.0 0.0 0.0 0.0 0.0 0.0 0.0 0.0
0 0.09082 0.3375 0.015625 0.03125 0.089189 0.336872 1.0 0.095599 0.337081 1.0 0.093113 0.343359 1.0 0.090105 0.348591 1.0 0.095599 0.3488 1.0
0 0.171387 0.279687 0.022461 0.0625 0.0 0.0 0.0 0.0 0.0 0.0 0.0 0.0 0.0 0.0 0.0 0.0 0.0 0.0 0.0
0 0.188477 0.348438 0.019531 0.04375 0.187465 0.340736 1.0 0.192871 0.338505 1.0 0.194789 0.347991 1.0 0.188337 0.35692 1.0 0.190255 0.357198 1.0
0 0.237793 0.345313 0.018555 0.0625 0.0 0.0 0.0 0.0 0.0 0.0 0.0 0.0 0.0 0.0 0.0 0.0 0.0 0.0 0.0
0 0.283691 0.363281 0.018555 0.045312 0.285641 0.353983 1.0 0.292014 0.355483 1.0 0.289765 0.364481 1.0 0.284703 0.36778 1.0 0.291451 0.367481 1.0
0 0.32373 0.374219 0.02832 0.067187 0.327807 0.363156 1.0 0.330732 0.36273 1.0 0.334189 0.375495 1.0 0.32568 0.384431 1.0 0.327009 0.384431 1.0
0 0.418945 0.358594 0.035156 0.067187 0.416063 0.349233 1.0 0.428031 0.349658 1.0 0.424308 0.360722 1.0 0.41367 0.370933 1.0 0.428031 0.370508 1.0
0 0.322754 0.310937 0.010742 0.021875 0.0 0.0 0.0 0.0 0.0 0.0 0.0 0.0 0.0 0.0 0.0 0.0 0.0 0.0 0.0
0 0.337402 0.328125 0.010742 0.015625 0.0 0.0 0.0 0.0 0.0 0.0 0.0 0.0 0.0 0.0 0.0 0.0 0.0 0.0 0.0
0 0.263184 0.342969 0.012695 0.035937 0.0 0.0 0.0 0.0 0.0 0.0 0.0 0.0 0.0 0.0 0.0 0.0 0.0 0.0 0.0
0 0.456055 0.174219 0.007812 0.017188 0.0 0.0 0.0 0.0 0.0 0.0 0.0 0.0 0.0 0.0 0.0 0.0 0.0 0.0 0.0
0 0.468262 0.161719 0.006836 0.014063 0.0 0.0 0.0 0.0 0.0 0.0 0.0 0.0 0.0 0.0 0.0 0.0 0.0 0.0 0.0
0 0.54248 0.134375 0.006836 0.015625 0.0 0.0 0.0 0.0 0.0 0.0 0.0 0.0 0.0 0.0 0.0 0.0 0.0 0.0 0.0
0 0.584961 0.129688 0.007812 0.015625 0.0 0.0 0.0 0.0 0.0 0.0 0.0 0.0 0.0 0.0 0.0 0.0 0.0 0.0 0.0
0 0.630859 0.097656 0.007812 0.017188 0.0 0.0 0.0 0.0 0.0 0.0 0.0 0.0 0.0 0.0 0.0 0.0 0.0 0.0 0.0
0 0.649414 0.092969 0.007812 0.014063 0.649414 0.090625 1.0 0.65332 0.090625 1.0 0.651367 0.09375 1.0 0.649414 0.096875 1.0 0.652344 0.096875 1.0
0 0.458496 0.385937 0.020508 0.034375 0.0 0.0 0.0 0.0 0.0 0.0 0.0 0.0 0.0 0.0 0.0 0.0 0.0 0.0 0.0
0 0.484863 0.396875 0.022461 0.040625 0.483568 0.394288 1.0 0.489859 0.397642 1.0 0.484536 0.398933 1.0 0.482923 0.403578 1.0 0.486956 0.405902 1.0
0 0.515137 0.401562 0.020508 0.03125 0.0 0.0 0.0 0.0 0.0 0.0 0.0 0.0 0.0 0.0 0.0 0.0 0.0 0.0 0.0
0 0.552246 0.365625 0.030273 0.06875 0.553327 0.364063 1.0 0.563599 0.362766 1.0 0.560625 0.376172 1.0 0.552787 0.384822 1.0 0.559273 0.385253 1.0
0 0.586914 0.410938 0.019531 0.05 0.583984 0.398438 1.0 0.594727 0.396875 1.0 0.592773 0.407813 1.0 0.583984 0.415625 1.0 0.592773 0.41875 1.0
0 0.570312 0.376563 0.015625 0.03125 0.0 0.0 0.0 0.0 0.0 0.0 0.0 0.0 0.0 0.0 0.0 0.0 0.0 0.0 0.0
0 0.647949 0.403125 0.024414 0.046875 0.641649 0.396645 1.0 0.650835 0.396945 1.0 0.644462 0.406544 1.0 0.640899 0.410442 1.0 0.651022 0.411642 1.0
0 0.663574 0.463281 0.024414 0.054688 0.665039 0.457813 1.0 0.672852 0.459375 1.0 0.668945 0.467187 1.0 0.662109 0.475 1.0 0.671875 0.475 1.0
0 0.690918 0.490625 0.030273 0.059375 0.6909 0.480398 1.0 0.701729 0.487556 1.0 0.697963 0.490569 1.0 0.689018 0.496219 1.0 0.697257 0.501492 1.0
0 0.702148 0.453125 0.021484 0.040625 0.697266 0.45 1.0 0.705078 0.451562 1.0 0.697266 0.45625 1.0 0.693359 0.4625 1.0 0.701172 0.464062 1.0
0 0.714844 0.432031 0.017578 0.032813 0.0 0.0 0.0 0.0 0.0 0.0 0.0 0.0 0.0 0.0 0.0 0.0 0.0 0.0 0.0
0 0.739258 0.4125 0.025391 0.046875 0.732321 0.39972 1.0 0.740008 0.40272 1.0 0.729135 0.40692 1.0 0.730072 0.418917 1.0 0.736071 0.419817 1.0
0 0.614258 0.423438 0.017578 0.0375 0.0 0.0 0.0 0.0 0.0 0.0 0.0 0.0 0.0 0.0 0.0 0.0 0.0 0.0 0.0
0 0.813477 0.396094 0.029297 0.064062 0.8045 0.388686 1.0 0.810159 0.389509 1.0 0.801928 0.40062 1.0 0.806815 0.412556 1.0 0.811445 0.413378 1.0
0 0.786621 0.403906 0.016602 0.035937 0.0 0.0 0.0 0.0 0.0 0.0 0.0 0.0 0.0 0.0 0.0 0.0 0.0 0.0 0.0
0 0.851074 0.378906 0.010742 0.020313 0.848633 0.375 1.0 0.854492 0.376563 1.0 0.850586 0.379688 1.0 0.848633 0.384375 1.0 0.852539 0.384375 1.0
0 0.969727 0.366406 0.013672 0.026562 0.967773 0.364063 1.0 0.972656 0.3625 1.0 0.969727 0.36875 1.0 0.967773 0.375 1.0 0.972656 0.371875 1.0
0 0.887207 0.392188 0.010742 0.028125 0.883789 0.390625 1.0 0.887695 0.392188 1.0 0.884766 0.395313 1.0 0.883789 0.4 1.0 0.886719 0.4 1.0
0 0.891113 0.452344 0.016602 0.032813 0.886788 0.448236 1.0 0.892735 0.448019 1.0 0.887734 0.453425 1.0 0.887059 0.462506 1.0 0.893411 0.460561 1.0
0 0.866699 0.389844 0.010742 0.026562 0.865234 0.3875 1.0 0.871094 0.389062 1.0 0.867188 0.392188 1.0 0.864258 0.395313 1.0 0.868164 0.396875 1.0
0 0.824707 0.3375 0.004883 0.0125 0.0 0.0 0.0 0.0 0.0 0.0 0.0 0.0 0.0 0.0 0.0 0.0 0.0 0.0 0.0