0 0.130371 0.428258 0.055664 0.10981 0.117867 0.42129 1.0 0.140974 0.418518 1.0 0.128959 0.441382 1.0 0.120641 0.453854 1.0 0.142822 0.450389 1.0
0 0.191895 0.45022 0.049805 0.101025 0.177307 0.447567 1.0 0.197388 0.437318 1.0 0.190552 0.459736 1.0 0.186279 0.474469 1.0 0.203797 0.464861 1.0
0 0.207031 0.169839 0.042969 0.079063 0.190948 0.166088 1.0 0.212433 0.153505 1.0 0.205719 0.174141 1.0 0.199005 0.190246 1.0 0.218811 0.178669 1.0
0 0.312012 0.166911 0.045898 0.070278 0.298287 0.163473 1.0 0.315434 0.149943 1.0 0.311824 0.170688 1.0 0.30671 0.185122 1.0 0.322954 0.173846 1.0
0 0.334961 0.429722 0.046875 0.098097 0.318809 0.420807 1.0 0.339931 0.417701 1.0 0.327506 0.437572 1.0 0.322536 0.450612 1.0 0.342416 0.44875 1.0
0 0.45166 0.446559 0.047852 0.090776 0.43457 0.43631 1.0 0.452148 0.43631 1.0 0.4375 0.458272 1.0 0.435547 0.467057 1.0 0.447266 0.467057 1.0
0 0.495117 0.314056 0.056641 0.089312 0.493992 0.290839 1.0 0.507865 0.311637 1.0 0.493617 0.306578 1.0 0.48087 0.316697 1.0 0.488743 0.331874 1.0
0 0.602051 0.237921 0.045898 0.089312 0.592189 0.237189 1.0 0.609811 0.23213 1.0 0.602688 0.25349 1.0 0.598188 0.268668 1.0 0.609811 0.265294 1.0
0 0.720215 0.173499 0.045898 0.077599 0.707467 0.161341 1.0 0.727679 0.160845 1.0 0.716744 0.177239 1.0 0.7131 0.192141 1.0 0.722709 0.191644 1.0
0 0.79248 0.367496 0.047852 0.087848 0.774205 0.355097 1.0 0.793475 0.355097 1.0 0.779022 0.371764 1.0 0.775687 0.381209 1.0 0.791992 0.383432 1.0
0 0.682129 0.435578 0.047852 0.09224 0.667908 0.430141 1.0 0.690272 0.424846 1.0 0.678895 0.441905 1.0 0.674578 0.457201 1.0 0.69145 0.453082 1.0
0 0.530762 0.515373 0.041992 0.090776 0.521449 0.506745 1.0 0.541016 0.513073 1.0 0.527588 0.529753 1.0 0.520299 0.536081 1.0 0.532575 0.543558 1.0