0 0.455566 0.038231 0.008789 0.013493 0.0 0.0 0.0 0.0 0.0 0.0 0.0 0.0 0.0 0.0 0.0 0.0 0.0 0.0 0.0
0 0.464844 0.036732 0.007812 0.016492 0.0 0.0 0.0 0.0 0.0 0.0 0.0 0.0 0.0 0.0 0.0 0.0 0.0 0.0 0.0
0 0.449219 0.065217 0.005859 0.016492 0.0 0.0 0.0 0.0 0.0 0.0 0.0 0.0 0.0 0.0 0.0 0.0 0.0 0.0 0.0
0 0.466309 0.068966 0.006836 0.014993 0.0 0.0 0.0 0.0 0.0 0.0 0.0 0.0 0.0 0.0 0.0 0.0 0.0 0.0 0.0
0 0.464355 0.084708 0.006836 0.016492 0.0 0.0 0.0 0.0 0.0 0.0 0.0 0.0 0.0 0.0 0.0 0.0 0.0 0.0 0.0
0 0.478027 0.038231 0.006836 0.010495 0.0 0.0 0.0 0.0 0.0 0.0 0.0 0.0 0.0 0.0 0.0 0.0 0.0 0.0 0.0
0 0.501953 0.044978 0.007812 0.014993 0.502019 0.044127 1.0 0.505746 0.043927 1.0 0.504177 0.047943 1.0 0.502149 0.051055 1.0 0.505026 0.051156 1.0
0 0.485352 0.08021 0.009766 0.016492 0.482353 0.078496 1.0 0.484724 0.077747 1.0 0.481934 0.081495 1.0 0.482422 0.084814 1.0 0.484306 0.084064 1.0
0 0.479004 0.098201 0.008789 0.016492 0.0 0.0 0.0 0.0 0.0 0.0 0.0 0.0 0.0 0.0 0.0 0.0 0.0 0.0 0.0
0 0.484375 0.116192 0.009766 0.01949 0.0 0.0 0.0 0.0 0.0 0.0 0.0 0.0 0.0 0.0 0.0 0.0 0.0 0.0 0.0
0 0.462891 0.137181 0.009766 0.01949 0.0 0.0 0.0 0.0 0.0 0.0 0.0 0.0 0.0 0.0 0.0 0.0 0.0 0.0 0.0
0 0.485352 0.164168 0.009766 0.022489 0.483817 0.162535 1.0 0.487749 0.162387 1.0 0.485831 0.16651 1.0 0.484104 0.169603 1.0 0.487558 0.169603 1.0
0 0.525879 0.048726 0.004883 0.016492 0.0 0.0 0.0 0.0 0.0 0.0 0.0 0.0 0.0 0.0 0.0 0.0 0.0 0.0 0.0
0 0.525391 0.072714 0.007812 0.01949 0.0 0.0 0.0 0.0 0.0 0.0 0.0 0.0 0.0 0.0 0.0 0.0 0.0 0.0 0.0
0 0.556152 0.056222 0.008789 0.01949 0.0 0.0 0.0 0.0 0.0 0.0 0.0 0.0 0.0 0.0 0.0 0.0 0.0 0.0 0.0
0 0.554199 0.098201 0.008789 0.022489 0.0 0.0 0.0 0.0 0.0 0.0 0.0 0.0 0.0 0.0 0.0 0.0 0.0 0.0 0.0
0 0.519043 0.092204 0.006836 0.013493 0.0 0.0 0.0 0.0 0.0 0.0 0.0 0.0 0.0 0.0 0.0 0.0 0.0 0.0 0.0
0 0.520996 0.109445 0.008789 0.017991 0.519409 0.108481 1.0 0.523333 0.107397 1.0 0.521999 0.111132 1.0 0.520586 0.114264 1.0 0.523333 0.113421 1.0
0 0.526855 0.134933 0.008789 0.014993 0.0 0.0 0.0 0.0 0.0 0.0 0.0 0.0 0.0 0.0 0.0 0.0 0.0 0.0 0.0
0 0.528809 0.161919 0.010742 0.02099 0.0 0.0 0.0 0.0 0.0 0.0 0.0 0.0 0.0 0.0 0.0 0.0 0.0 0.0 0.0
0 0.55957 0.141679 0.007812 0.01949 0.558346 0.140535 1.0 0.561741 0.139898 1.0 0.56083 0.143586 1.0 0.559091 0.147657 1.0 0.561658 0.147402 1.0
0 0.007812 0.053223 0.015625 0.016492 0.0 0.0 0.0 0.0 0.0 0.0 0.0 0.0 0.0 0.0 0.0 0.0 0.0 0.0 0.0
0 0.037598 0.05997 0.008789 0.014993 0.0 0.0 0.0 0.0 0.0 0.0 0.0 0.0 0.0 0.0 0.0 0.0 0.0 0.0 0.0
0 0.030762 0.10045 0.008789 0.017991 0.0 0.0 0.0 0.0 0.0 0.0 0.0 0.0 0.0 0.0 0.0 0.0 0.0 0.0 0.0
0 0.016602 0.105697 0.009766 0.016492 0.013881 0.108696 1.0 0.016741 0.106876 1.0 0.015974 0.110945 1.0 0.015765 0.113514 1.0 0.017438 0.11255 1.0
0 0.005859 0.122939 0.007812 0.017991 0.005192 0.122189 1.0 0.008379 0.122189 1.0 0.006896 0.125717 1.0 0.005859 0.127651 1.0 0.008157 0.127651 1.0
0 0.059082 0.084708 0.008789 0.016492 0.0 0.0 0.0 0.0 0.0 0.0 0.0 0.0 0.0 0.0 0.0 0.0 0.0 0.0 0.0
0 0.0625 0.065217 0.007812 0.013493 0.0 0.0 0.0 0.0 0.0 0.0 0.0 0.0 0.0 0.0 0.0 0.0 0.0 0.0 0.0
0 0.072266 0.095202 0.007812 0.016492 0.0 0.0 0.0 0.0 0.0 0.0 0.0 0.0 0.0 0.0 0.0 0.0 0.0 0.0 0.0
0 0.092773 0.064468 0.005859 0.011994 0.0 0.0 0.0 0.0 0.0 0.0 0.0 0.0 0.0 0.0 0.0 0.0 0.0 0.0 0.0
0 0.101562 0.067466 0.005859 0.017991 0.0 0.0 0.0 0.0 0.0 0.0 0.0 0.0 0.0 0.0 0.0 0.0 0.0 0.0 0.0
0 0.108887 0.062219 0.006836 0.016492 0.0 0.0 0.0 0.0 0.0 0.0 0.0 0.0 0.0 0.0 0.0 0.0 0.0 0.0 0.0
0 0.104492 0.092954 0.007812 0.017991 0.0 0.0 0.0 0.0 0.0 0.0 0.0 0.0 0.0 0.0 0.0 0.0 0.0 0.0 0.0
0 0.115723 0.089205 0.006836 0.016492 0.115116 0.091481 1.0 0.117414 0.089319 1.0 0.116673 0.092163 1.0 0.115487 0.096601 1.0 0.118674 0.095919 1.0
0 0.092773 0.126687 0.009766 0.01949 0.092451 0.126586 1.0 0.096013 0.125823 1.0 0.095185 0.130019 1.0 0.092616 0.132564 1.0 0.094771 0.132436 1.0
0 0.10791 0.136432 0.010742 0.02099 0.106049 0.135261 1.0 0.110168 0.133996 1.0 0.108338 0.138493 1.0 0.106598 0.142711 1.0 0.109711 0.14257 1.0
0 0.131348 0.129685 0.008789 0.01949 0.130031 0.128286 1.0 0.133593 0.128031 1.0 0.132185 0.131592 1.0 0.130693 0.134517 1.0 0.133096 0.134264 1.0
0 0.137695 0.158171 0.009766 0.01949 0.135302 0.159342 1.0 0.139112 0.15718 1.0 0.137952 0.162012 1.0 0.136627 0.16621 1.0 0.139278 0.165192 1.0
0 0.11084 0.169415 0.008789 0.02099 0.0 0.0 0.0 0.0 0.0 0.0 0.0 0.0 0.0 0.0 0.0 0.0 0.0 0.0 0.0
0 0.060547 0.138681 0.009766 0.022489 0.059579 0.138373 1.0 0.063512 0.137342 1.0 0.063032 0.144115 1.0 0.059867 0.14706 1.0 0.064183 0.146913 1.0
0 0.067871 0.184408 0.008789 0.02099 0.0 0.0 0.0 0.0 0.0 0.0 0.0 0.0 0.0 0.0 0.0 0.0 0.0 0.0 0.0
0 0.067871 0.206897 0.012695 0.02099 0.067505 0.208102 1.0 0.07108 0.206361 1.0 0.070121 0.21118 1.0 0.068464 0.215061 1.0 0.071603 0.212652 1.0
0 0.031738 0.209145 0.010742 0.025487 0.031848 0.210658 1.0 0.035008 0.208985 1.0 0.034572 0.21367 1.0 0.033373 0.217016 1.0 0.035335 0.216514 1.0
0 0.258301 0.212144 0.010742 0.022489 0.258771 0.20948 1.0 0.262896 0.209333 1.0 0.261266 0.214192 1.0 0.259251 0.219198 1.0 0.262129 0.219346 1.0
0 0.251465 0.122939 0.008789 0.02099 0.0 0.0 0.0 0.0 0.0 0.0 0.0 0.0 0.0 0.0 0.0 0.0 0.0 0.0 0.0
0 0.294434 0.106447 0.008789 0.02099 0.295079 0.105376 1.0 0.299525 0.104439 1.0 0.298218 0.108052 1.0 0.296212 0.111667 1.0 0.299525 0.111534 1.0
0 0.299805 0.066717 0.007812 0.022489 0.0 0.0 0.0 0.0 0.0 0.0 0.0 0.0 0.0 0.0 0.0 0.0 0.0 0.0 0.0
0 0.325684 0.071964 0.006836 0.017991 0.0 0.0 0.0 0.0 0.0 0.0 0.0 0.0 0.0 0.0 0.0 0.0 0.0 0.0 0.0
0 0.309082 0.021739 0.010742 0.022489 0.0 0.0 0.0 0.0 0.0 0.0 0.0 0.0 0.0 0.0 0.0 0.0 0.0 0.0 0.0
0 0.376465 0.038981 0.008789 0.017991 0.0 0.0 0.0 0.0 0.0 0.0 0.0 0.0 0.0 0.0 0.0 0.0 0.0 0.0 0.0
0 0.39209 0.006747 0.008789 0.013493 0.389893 0.005997 1.0 0.392395 0.005904 1.0 0.391662 0.008808 1.0 0.390503 0.011619 1.0 0.392518 0.011526 1.0
0 0.385254 0.026987 0.008789 0.017991 0.0 0.0 0.0 0.0 0.0 0.0 0.0 0.0 0.0 0.0 0.0 0.0 0.0 0.0 0.0
0 0.405762 0.041229 0.008789 0.025487 0.0 0.0 0.0 0.0 0.0 0.0 0.0 0.0 0.0 0.0 0.0 0.0 0.0 0.0 0.0
0 0.359375 0.070465 0.009766 0.017991 0.360295 0.073021 1.0 0.362862 0.071622 1.0 0.362697 0.076582 1.0 0.36104 0.078235 1.0 0.363359 0.077727 1.0
0 0.347656 0.086957 0.009766 0.017991 0.0 0.0 0.0 0.0 0.0 0.0 0.0 0.0 0.0 0.0 0.0 0.0 0.0 0.0 0.0
0 0.349121 0.122189 0.006836 0.022489 0.347931 0.120831 1.0 0.352051 0.120831 1.0 0.349945 0.124906 1.0 0.348022 0.127718 1.0 0.351135 0.127999 1.0
0 0.270508 0.137181 0.007812 0.022489 0.0 0.0 0.0 0.0 0.0 0.0 0.0 0.0 0.0 0.0 0.0 0.0 0.0 0.0 0.0
0 0.320312 0.146177 0.007812 0.016492 0.0 0.0 0.0 0.0 0.0 0.0 0.0 0.0 0.0 0.0 0.0 0.0 0.0 0.0 0.0
0 0.312988 0.170165 0.008789 0.01949 0.312408 0.168666 1.0 0.315971 0.168793 1.0 0.314396 0.172226 1.0 0.312408 0.175787 1.0 0.314811 0.175915 1.0
0 0.303223 0.17991 0.010742 0.017991 0.30501 0.178946 1.0 0.306188 0.178585 1.0 0.30807 0.183042 1.0 0.305638 0.187862 1.0 0.307207 0.187138 1.0
0 0.309082 0.204648 0.008789 0.022489 0.0 0.0 0.0 0.0 0.0 0.0 0.0 0.0 0.0 0.0 0.0 0.0 0.0 0.0 0.0
0 0.302246 0.218141 0.010742 0.01949 0.30151 0.215088 1.0 0.304574 0.215216 1.0 0.304822 0.219159 1.0 0.303 0.222592 1.0 0.305485 0.222465 1.0
0 0.337891 0.188156 0.011719 0.022489 0.0 0.0 0.0 0.0 0.0 0.0 0.0 0.0 0.0 0.0 0.0 0.0 0.0 0.0 0.0
0 0.346191 0.173913 0.010742 0.017991 0.344727 0.174415 1.0 0.347691 0.173049 1.0 0.347246 0.177943 1.0 0.344727 0.180901 1.0 0.34858 0.180103 1.0
0 0.341309 0.155172 0.008789 0.013493 0.0 0.0 0.0 0.0 0.0 0.0 0.0 0.0 0.0 0.0 0.0 0.0 0.0 0.0 0.0
0 0.356934 0.145427 0.010742 0.017991 0.0 0.0 0.0 0.0 0.0 0.0 0.0 0.0 0.0 0.0 0.0 0.0 0.0 0.0 0.0
0 0.373047 0.178411 0.011719 0.02099 0.0 0.0 0.0 0.0 0.0 0.0 0.0 0.0 0.0 0.0 0.0 0.0 0.0 0.0 0.0
0 0.387207 0.165667 0.012695 0.01949 0.0 0.0 0.0 0.0 0.0 0.0 0.0 0.0 0.0 0.0 0.0 0.0 0.0 0.0 0.0
0 0.392578 0.2009 0.009766 0.02099 0.0 0.0 0.0 0.0 0.0 0.0 0.0 0.0 0.0 0.0 0.0 0.0 0.0 0.0 0.0
0 0.347656 0.224138 0.007812 0.022489 0.347138 0.223154 1.0 0.3508 0.223295 1.0 0.348877 0.22709 1.0 0.347138 0.230322 1.0 0.349976 0.230885 1.0
0 0.374023 0.234633 0.009766 0.022489 0.37793 0.233274 1.0 0.380219 0.233133 1.0 0.379761 0.237069 1.0 0.378204 0.240864 1.0 0.380127 0.240301 1.0
0 0.38623 0.226387 0.008789 0.017991 0.385682 0.225972 1.0 0.388898 0.224768 1.0 0.389526 0.228984 1.0 0.387486 0.23296 1.0 0.389919 0.232237 1.0
0 0.323242 0.251124 0.011719 0.022489 0.323883 0.251171 1.0 0.328003 0.249484 1.0 0.326172 0.255106 1.0 0.325439 0.259463 1.0 0.328003 0.259183 1.0
0 0.356445 0.272864 0.009766 0.02099 0.0 0.0 0.0 0.0 0.0 0.0 0.0 0.0 0.0 0.0 0.0 0.0 0.0 0.0 0.0
0 0.340332 0.269115 0.010742 0.01949 0.0 0.0 0.0 0.0 0.0 0.0 0.0 0.0 0.0 0.0 0.0 0.0 0.0 0.0 0.0
0 0.30127 0.266117 0.010742 0.025487 0.0 0.0 0.0 0.0 0.0 0.0 0.0 0.0 0.0 0.0 0.0 0.0 0.0 0.0 0.0
0 0.341797 0.313343 0.011719 0.014993 0.0 0.0 0.0 0.0 0.0 0.0 0.0 0.0 0.0 0.0 0.0 0.0 0.0 0.0 0.0
0 0.355957 0.348576 0.010742 0.01949 0.0 0.0 0.0 0.0 0.0 0.0 0.0 0.0 0.0 0.0 0.0 0.0 0.0 0.0 0.0
0 0.385742 0.297601 0.011719 0.028486 0.384277 0.294603 1.0 0.388306 0.292916 1.0 0.38855 0.296289 1.0 0.38623 0.303411 1.0 0.38855 0.302849 1.0
0 0.410645 0.295352 0.010742 0.02099 0.0 0.0 0.0 0.0 0.0 0.0 0.0 0.0 0.0 0.0 0.0 0.0 0.0 0.0 0.0
0 0.406738 0.328336 0.012695 0.023988 0.0 0.0 0.0 0.0 0.0 0.0 0.0 0.0 0.0 0.0 0.0 0.0 0.0 0.0 0.0
0 0.427734 0.252624 0.011719 0.022489 0.0 0.0 0.0 0.0 0.0 0.0 0.0 0.0 0.0 0.0 0.0 0.0 0.0 0.0 0.0
0 0.415039 0.137931 0.011719 0.023988 0.0 0.0 0.0 0.0 0.0 0.0 0.0 0.0 0.0 0.0 0.0 0.0 0.0 0.0 0.0
0 0.436523 0.150675 0.011719 0.01949 0.432548 0.145373 1.0 0.43682 0.144972 1.0 0.434553 0.149121 1.0 0.434117 0.155012 1.0 0.436559 0.154477 1.0
0 0.453125 0.183658 0.009766 0.025487 0.0 0.0 0.0 0.0 0.0 0.0 0.0 0.0 0.0 0.0 0.0 0.0 0.0 0.0 0.0
0 0.447754 0.212144 0.010742 0.025487 0.447998 0.210109 1.0 0.452184 0.209466 1.0 0.451347 0.213322 1.0 0.449254 0.218784 1.0 0.451869 0.218622 1.0
0 0.453613 0.269115 0.012695 0.025487 0.449035 0.267114 1.0 0.452523 0.267448 1.0 0.450344 0.273138 1.0 0.450889 0.276987 1.0 0.452851 0.276987 1.0
0 0.458008 0.242129 0.011719 0.022489 0.0 0.0 0.0 0.0 0.0 0.0 0.0 0.0 0.0 0.0 0.0 0.0 0.0 0.0 0.0
0 0.446777 0.329085 0.012695 0.031484 0.0 0.0 0.0 0.0 0.0 0.0 0.0 0.0 0.0 0.0 0.0 0.0 0.0 0.0 0.0
0 0.472656 0.263868 0.011719 0.023988 0.0 0.0 0.0 0.0 0.0 0.0 0.0 0.0 0.0 0.0 0.0 0.0 0.0 0.0 0.0
0 0.483887 0.277361 0.010742 0.029985 0.0 0.0 0.0 0.0 0.0 0.0 0.0 0.0 0.0 0.0 0.0 0.0 0.0 0.0 0.0
0 0.519043 0.014243 0.012695 0.013493 0.0 0.0 0.0 0.0 0.0 0.0 0.0 0.0 0.0 0.0 0.0 0.0 0.0 0.0 0.0
0 0.48877 0.005997 0.010742 0.011994 0.0 0.0 0.0 0.0 0.0 0.0 0.0 0.0 0.0 0.0 0.0 0.0 0.0 0.0 0.0
0 0.493164 0.024738 0.007812 0.013493 0.0 0.0 0.0 0.0 0.0 0.0 0.0 0.0 0.0 0.0 0.0 0.0 0.0 0.0 0.0
0 0.431152 0.034483 0.010742 0.014993 0.0 0.0 0.0 0.0 0.0 0.0 0.0 0.0 0.0 0.0 0.0 0.0 0.0 0.0 0.0
0 0.418457 0.071964 0.008789 0.017991 0.417829 0.072687 1.0 0.423009 0.072205 1.0 0.422146 0.077505 1.0 0.420026 0.082927 1.0 0.423244 0.082687 1.0
0 0.429199 0.061469 0.008789 0.017991 0.428318 0.063397 1.0 0.431065 0.063156 1.0 0.43028 0.066168 1.0 0.428946 0.069541 1.0 0.431771 0.069783 1.0
0 0.432617 0.086207 0.007812 0.01949 0.430538 0.083309 1.0 0.433354 0.083181 1.0 0.431283 0.085343 1.0 0.430703 0.088268 1.0 0.432691 0.088396 1.0
0 0.40918 0.0997 0.007812 0.016492 0.0 0.0 0.0 0.0 0.0 0.0 0.0 0.0 0.0 0.0 0.0 0.0 0.0 0.0 0.0
0 0.427734 0.126687 0.009766 0.01949 0.424456 0.127543 1.0 0.426549 0.127811 1.0 0.42524 0.130756 1.0 0.425066 0.133031 1.0 0.426723 0.133433 1.0
0 0.541016 0.014243 0.007812 0.01949 0.0 0.0 0.0 0.0 0.0 0.0 0.0 0.0 0.0 0.0 0.0 0.0 0.0 0.0 0.0
0 0.60498 0.02024 0.006836 0.016492 0.0 0.0 0.0 0.0 0.0 0.0 0.0 0.0 0.0 0.0 0.0 0.0 0.0 0.0 0.0
0 0.586914 0.041229 0.007812 0.01949 0.586988 0.039703 1.0 0.590467 0.039576 1.0 0.588645 0.042628 1.0 0.58765 0.045426 1.0 0.589474 0.045553 1.0
0 0.566895 0.078711 0.008789 0.01949 0.0 0.0 0.0 0.0 0.0 0.0 0.0 0.0 0.0 0.0 0.0 0.0 0.0 0.0 0.0
0 0.572266 0.111694 0.009766 0.01949 0.0 0.0 0.0 0.0 0.0 0.0 0.0 0.0 0.0 0.0 0.0 0.0 0.0 0.0 0.0
0 0.588379 0.11994 0.008789 0.017991 0.589931 0.122055 1.0 0.59048 0.122055 1.0 0.590088 0.126271 1.0 0.588519 0.126513 1.0 0.589067 0.126633 1.0
0 0.598633 0.097451 0.009766 0.014993 0.0 0.0 0.0 0.0 0.0 0.0 0.0 0.0 0.0 0.0 0.0 0.0 0.0 0.0 0.0
0 0.600098 0.063718 0.008789 0.01949 0.599029 0.063618 1.0 0.602426 0.06349 1.0 0.600604 0.066034 1.0 0.599857 0.06934 1.0 0.601598 0.06934 1.0
0 0.612305 0.08021 0.007812 0.01949 0.0 0.0 0.0 0.0 0.0 0.0 0.0 0.0 0.0 0.0 0.0 0.0 0.0 0.0 0.0
0 0.625488 0.062969 0.008789 0.014993 0.0 0.0 0.0 0.0 0.0 0.0 0.0 0.0 0.0 0.0 0.0 0.0 0.0 0.0 0.0
0 0.624023 0.038231 0.005859 0.013493 0.0 0.0 0.0 0.0 0.0 0.0 0.0 0.0 0.0 0.0 0.0 0.0 0.0 0.0 0.0
0 0.649414 0.071964 0.007812 0.017991 0.647514 0.071121 1.0 0.650338 0.070759 1.0 0.648612 0.074012 1.0 0.647592 0.07618 1.0 0.649632 0.07618 1.0
0 0.641113 0.08096 0.008789 0.02099 0.0 0.0 0.0 0.0 0.0 0.0 0.0 0.0 0.0 0.0 0.0 0.0 0.0 0.0 0.0
0 0.637207 0.088456 0.010742 0.023988 0.0 0.0 0.0 0.0 0.0 0.0 0.0 0.0 0.0 0.0 0.0 0.0 0.0 0.0 0.0
0 0.629883 0.10045 0.007812 0.017991 0.627982 0.099673 1.0 0.632062 0.099673 1.0 0.629865 0.100879 1.0 0.628139 0.105817 1.0 0.631356 0.105697 1.0
0 0.626465 0.134933 0.010742 0.017991 0.0 0.0 0.0 0.0 0.0 0.0 0.0 0.0 0.0 0.0 0.0 0.0 0.0 0.0 0.0
0 0.601562 0.144678 0.011719 0.022489 0.0 0.0 0.0 0.0 0.0 0.0 0.0 0.0 0.0 0.0 0.0 0.0 0.0 0.0 0.0
0 0.57959 0.168666 0.010742 0.022489 0.579089 0.167126 1.0 0.5831 0.16728 1.0 0.581295 0.170975 1.0 0.579188 0.174669 1.0 0.582197 0.174669 1.0
0 0.617188 0.170915 0.009766 0.02099 0.0 0.0 0.0 0.0 0.0 0.0 0.0 0.0 0.0 0.0 0.0 0.0 0.0 0.0 0.0
0 0.666504 0.113943 0.008789 0.017991 0.0 0.0 0.0 0.0 0.0 0.0 0.0 0.0 0.0 0.0 0.0 0.0 0.0 0.0 0.0
0 0.657227 0.108696 0.007812 0.016492 0.0 0.0 0.0 0.0 0.0 0.0 0.0 0.0 0.0 0.0 0.0 0.0 0.0 0.0 0.0
0 0.668457 0.088456 0.008789 0.017991 0.0 0.0 0.0 0.0 0.0 0.0 0.0 0.0 0.0 0.0 0.0 0.0 0.0 0.0 0.0
0 0.675781 0.064468 0.007812 0.014993 0.0 0.0 0.0 0.0 0.0 0.0 0.0 0.0 0.0 0.0 0.0 0.0 0.0 0.0 0.0
0 0.77832 0.068216 0.011719 0.025487 0.0 0.0 0.0 0.0 0.0 0.0 0.0 0.0 0.0 0.0 0.0 0.0 0.0 0.0 0.0
0 0.75293 0.088456 0.005859 0.017991 0.0 0.0 0.0 0.0 0.0 0.0 0.0 0.0 0.0 0.0 0.0 0.0 0.0 0.0 0.0
0 0.72168 0.042729 0.007812 0.01949 0.0 0.0 0.0 0.0 0.0 0.0 0.0 0.0 0.0 0.0 0.0 0.0 0.0 0.0 0.0
0 0.719238 0.122189 0.010742 0.01949 0.0 0.0 0.0 0.0 0.0 0.0 0.0 0.0 0.0 0.0 0.0 0.0 0.0 0.0 0.0
0 0.731934 0.144678 0.012695 0.025487 0.0 0.0 0.0 0.0 0.0 0.0 0.0 0.0 0.0 0.0 0.0 0.0 0.0 0.0 0.0
0 0.76123 0.143928 0.010742 0.02099 0.0 0.0 0.0 0.0 0.0 0.0 0.0 0.0 0.0 0.0 0.0 0.0 0.0 0.0 0.0
0 0.774902 0.136432 0.008789 0.02099 0.774506 0.135261 1.0 0.778168 0.134417 1.0 0.776337 0.13779 1.0 0.774963 0.141445 1.0 0.77716 0.141304 1.0
0 0.773438 0.155172 0.009766 0.022489 0.0 0.0 0.0 0.0 0.0 0.0 0.0 0.0 0.0 0.0 0.0 0.0 0.0 0.0 0.0
0 0.785156 0.197151 0.013672 0.022489 0.784755 0.19537 1.0 0.788687 0.194487 1.0 0.788208 0.198906 1.0 0.786193 0.203322 1.0 0.789551 0.203028 1.0
0 0.806152 0.167166 0.012695 0.025487 0.0 0.0 0.0 0.0 0.0 0.0 0.0 0.0 0.0 0.0 0.0 0.0 0.0 0.0 0.0
0 0.808105 0.194903 0.010742 0.023988 0.0 0.0 0.0 0.0 0.0 0.0 0.0 0.0 0.0 0.0 0.0 0.0 0.0 0.0 0.0
0 0.799805 0.245877 0.015625 0.026987 0.80079 0.244552 1.0 0.803511 0.24403 1.0 0.803964 0.248555 1.0 0.801924 0.252556 1.0 0.803624 0.252208 1.0
0 0.759766 0.218891 0.011719 0.023988 0.755681 0.21891 1.0 0.759992 0.21891 1.0 0.757485 0.223067 1.0 0.756182 0.227223 1.0 0.759591 0.227223 1.0
0 0.750488 0.233133 0.012695 0.025487 0.0 0.0 0.0 0.0 0.0 0.0 0.0 0.0 0.0 0.0 0.0 0.0 0.0 0.0 0.0
0 0.72168 0.188906 0.007812 0.017991 0.721427 0.189937 1.0 0.725586 0.188973 1.0 0.724958 0.194273 1.0 0.723231 0.197768 1.0 0.725979 0.197285 1.0
0 0.69043 0.129685 0.003906 0.013493 0.0 0.0 0.0 0.0 0.0 0.0 0.0 0.0 0.0 0.0 0.0 0.0 0.0 0.0 0.0
0 0.697754 0.168666 0.008789 0.01949 0.697929 0.167139 1.0 0.701241 0.167012 1.0 0.700165 0.171591 1.0 0.697432 0.175787 1.0 0.700827 0.175787 1.0
0 0.670898 0.151424 0.011719 0.023988 0.668592 0.149444 1.0 0.673305 0.149135 1.0 0.671601 0.153445 1.0 0.669796 0.158372 1.0 0.672804 0.157756 1.0
0 0.699707 0.244378 0.010742 0.029985 0.700684 0.243441 1.0 0.704224 0.243253 1.0 0.703857 0.248688 1.0 0.702026 0.252436 1.0 0.703857 0.252624 1.0
0 0.67041 0.218891 0.012695 0.023988 0.0 0.0 0.0 0.0 0.0 0.0 0.0 0.0 0.0 0.0 0.0 0.0 0.0 0.0 0.0
0 0.680176 0.202399 0.010742 0.02099 0.0 0.0 0.0 0.0 0.0 0.0 0.0 0.0 0.0 0.0 0.0 0.0 0.0 0.0 0.0
0 0.656738 0.194903 0.012695 0.023988 0.656263 0.192654 1.0 0.660775 0.192654 1.0 0.659572 0.197733 1.0 0.657667 0.200043 1.0 0.660475 0.200043 1.0
0 0.629395 0.204648 0.012695 0.028486 0.0 0.0 0.0 0.0 0.0 0.0 0.0 0.0 0.0 0.0 0.0 0.0 0.0 0.0 0.0
0 0.63623 0.247376 0.010742 0.023988 0.0 0.0 0.0 0.0 0.0 0.0 0.0 0.0 0.0 0.0 0.0 0.0 0.0 0.0 0.0
0 0.647949 0.264618 0.012695 0.01949 0.0 0.0 0.0 0.0 0.0 0.0 0.0 0.0 0.0 0.0 0.0 0.0 0.0 0.0 0.0
0 0.650879 0.287856 0.014648 0.023988 0.0 0.0 0.0 0.0 0.0 0.0 0.0 0.0 0.0 0.0 0.0 0.0 0.0 0.0 0.0
0 0.620605 0.278861 0.012695 0.02099 0.0 0.0 0.0 0.0 0.0 0.0 0.0 0.0 0.0 0.0 0.0 0.0 0.0 0.0 0.0
0 0.601562 0.254873 0.011719 0.023988 0.601274 0.251312 1.0 0.602905 0.251018 1.0 0.604248 0.25676 1.0 0.600124 0.261766 1.0 0.60022 0.261619 1.0
0 0.589355 0.218891 0.010742 0.023988 0.587664 0.216756 1.0 0.591273 0.216294 1.0 0.590672 0.22122 1.0 0.587563 0.224298 1.0 0.591374 0.223991 1.0
0 0.57373 0.213643 0.010742 0.01949 0.0 0.0 0.0 0.0 0.0 0.0 0.0 0.0 0.0 0.0 0.0 0.0 0.0 0.0 0.0
0 0.592285 0.282609 0.012695 0.022489 0.592381 0.281565 1.0 0.596122 0.281859 1.0 0.595354 0.286424 1.0 0.592285 0.291724 1.0 0.595834 0.291873 1.0
0 0.394531 0.074213 0.009766 0.01949 0.393795 0.072432 1.0 0.396776 0.072306 1.0 0.396114 0.075612 1.0 0.394291 0.078792 1.0 0.396445 0.078537 1.0
0 0.382812 0.087706 0.009766 0.01949 0.0 0.0 0.0 0.0 0.0 0.0 0.0 0.0 0.0 0.0 0.0 0.0 0.0 0.0 0.0
0 0.391113 0.105697 0.008789 0.025487 0.0 0.0 0.0 0.0 0.0 0.0 0.0 0.0 0.0 0.0 0.0 0.0 0.0 0.0 0.0
0 0.369141 0.114693 0.009766 0.01949 0.0 0.0 0.0 0.0 0.0 0.0 0.0 0.0 0.0 0.0 0.0 0.0 0.0 0.0 0.0
0 0.362305 0.122189 0.009766 0.016492 0.0 0.0 0.0 0.0 0.0 0.0 0.0 0.0 0.0 0.0 0.0 0.0 0.0 0.0 0.0
0 0.402344 0.128936 0.011719 0.017991 0.0 0.0 0.0 0.0 0.0 0.0 0.0 0.0 0.0 0.0 0.0 0.0 0.0 0.0 0.0
0 0.504395 0.178411 0.012695 0.026987 0.0 0.0 0.0 0.0 0.0 0.0 0.0 0.0 0.0 0.0 0.0 0.0 0.0 0.0 0.0
0 0.498047 0.213643 0.013672 0.025487 0.0 0.0 0.0 0.0 0.0 0.0 0.0 0.0 0.0 0.0 0.0 0.0 0.0 0.0 0.0
0 0.522461 0.267616 0.009766 0.025487 0.523891 0.265742 1.0 0.526192 0.265582 1.0 0.526402 0.27024 1.0 0.523682 0.276183 1.0 0.526402 0.275862 1.0
0 0.540527 0.23913 0.014648 0.025487 0.0 0.0 0.0 0.0 0.0 0.0 0.0 0.0 0.0 0.0 0.0 0.0 0.0 0.0 0.0
0 0.538086 0.266117 0.011719 0.022489 0.539045 0.264484 1.0 0.542785 0.264484 1.0 0.541539 0.267576 1.0 0.539141 0.270669 1.0 0.542882 0.270522 1.0
0 0.539551 0.297601 0.016602 0.025487 0.541948 0.295426 1.0 0.545981 0.294087 1.0 0.545764 0.299274 1.0 0.543257 0.30396 1.0 0.546309 0.302621 1.0
0 0.559082 0.286357 0.014648 0.026987 0.562714 0.284162 1.0 0.563537 0.283981 1.0 0.564479 0.28904 1.0 0.562243 0.292474 1.0 0.562831 0.292474 1.0
0 0.494629 0.317841 0.014648 0.032984 0.493583 0.318055 1.0 0.498744 0.316985 1.0 0.498187 0.323409 1.0 0.49456 0.327693 1.0 0.498466 0.326837 1.0
0 0.52002 0.35982 0.014648 0.026987 0.520552 0.353274 1.0 0.524519 0.3531 1.0 0.525426 0.358495 1.0 0.520778 0.363541 1.0 0.524632 0.363193 1.0
0 0.549316 0.353823 0.014648 0.029985 0.547816 0.349774 1.0 0.551483 0.347639 1.0 0.553 0.35152 1.0 0.550219 0.35909 1.0 0.553633 0.358897 1.0
0 0.591309 0.330585 0.014648 0.028486 0.589391 0.327693 1.0 0.594923 0.326609 1.0 0.592804 0.332573 1.0 0.590921 0.336187 1.0 0.594688 0.335645 1.0
0 0.667969 0.32009 0.013672 0.028486 0.667603 0.317466 1.0 0.671387 0.315967 1.0 0.671753 0.320277 1.0 0.670654 0.3259 1.0 0.672607 0.325525 1.0
0 0.469238 0.384558 0.012695 0.025487 0.468437 0.383487 1.0 0.473458 0.380595 1.0 0.472517 0.386217 1.0 0.47168 0.392804 1.0 0.474505 0.390394 1.0
0 0.423828 0.408546 0.013672 0.034483 0.0 0.0 0.0 0.0 0.0 0.0 0.0 0.0 0.0 0.0 0.0 0.0 0.0 0.0 0.0
0 0.364746 0.370315 0.014648 0.029985 0.362379 0.368207 1.0 0.367563 0.367235 1.0 0.366172 0.372865 1.0 0.362885 0.376942 1.0 0.3687 0.375388 1.0
0 0.343262 0.437781 0.012695 0.032984 0.342564 0.440136 1.0 0.346331 0.43821 1.0 0.345772 0.444421 1.0 0.343262 0.448705 1.0 0.345634 0.448276 1.0
0 0.35498 0.478261 0.012695 0.023988 0.355782 0.4781 1.0 0.357979 0.474727 1.0 0.361642 0.48067 1.0 0.358189 0.488862 1.0 0.35934 0.487577 1.0
0 0.372559 0.470765 0.010742 0.032984 0.373505 0.470637 1.0 0.377153 0.464828 1.0 0.378505 0.471883 1.0 0.374451 0.478729 1.0 0.378505 0.476447 1.0
0 0.393555 0.452024 0.013672 0.022489 0.391628 0.453483 1.0 0.396424 0.450096 1.0 0.396327 0.458195 1.0 0.394218 0.462612 1.0 0.397766 0.459373 1.0
0 0.400879 0.473763 0.000977 0.005997 0.0 0.0 0.0 0.0 0.0 0.0 0.0 0.0 0.0 0.0 0.0 0.0 0.0 0.0 0.0
0 0.400879 0.475262 0.000977 0.008996 0.0 0.0 0.0 0.0 0.0 0.0 0.0 0.0 0.0 0.0 0.0 0.0 0.0 0.0 0.0
0 0.401367 0.476012 0.001953 0.010495 0.0 0.0 0.0 0.0 0.0 0.0 0.0 0.0 0.0 0.0 0.0 0.0 0.0 0.0 0.0
0 0.401855 0.476762 0.00293 0.011994 0.0 0.0 0.0 0.0 0.0 0.0 0.0 0.0 0.0 0.0 0.0 0.0 0.0 0.0 0.0
0 0.401855 0.476762 0.00293 0.011994 0.0 0.0 0.0 0.0 0.0 0.0 0.0 0.0 0.0 0.0 0.0 0.0 0.0 0.0 0.0
0 0.401855 0.477511 0.00293 0.013493 0.0 0.0 0.0 0.0 0.0 0.0 0.0 0.0 0.0 0.0 0.0 0.0 0.0 0.0 0.0
0 0.403809 0.47976 0.006836 0.017991 0.0 0.0 0.0 0.0 0.0 0.0 0.0 0.0 0.0 0.0 0.0 0.0 0.0 0.0 0.0
0 0.405762 0.482009 0.010742 0.022489 0.0 0.0 0.0 0.0 0.0 0.0 0.0 0.0 0.0 0.0 0.0 0.0 0.0 0.0 0.0
0 0.40625 0.482009 0.011719 0.022489 0.407784 0.482142 1.0 0.411621 0.481553 1.0 0.412005 0.487444 1.0 0.407401 0.489948 1.0 0.411813 0.490388 1.0
0 0.407227 0.482009 0.013672 0.022489 0.0 0.0 0.0 0.0 0.0 0.0 0.0 0.0 0.0 0.0 0.0 0.0 0.0 0.0 0.0
0 0.38916 0.481259 0.010742 0.023988 0.0 0.0 0.0 0.0 0.0 0.0 0.0 0.0 0.0 0.0 0.0 0.0 0.0 0.0 0.0
0 0.459473 0.448276 0.012695 0.032984 0.0 0.0 0.0 0.0 0.0 0.0 0.0 0.0 0.0 0.0 0.0 0.0 0.0 0.0 0.0
0 0.496582 0.444528 0.012695 0.028486 0.0 0.0 0.0 0.0 0.0 0.0 0.0 0.0 0.0 0.0 0.0 0.0 0.0 0.0 0.0
0 0.48877 0.485757 0.014648 0.029985 0.0 0.0 0.0 0.0 0.0 0.0 0.0 0.0 0.0 0.0 0.0 0.0 0.0 0.0 0.0
0 0.526367 0.469265 0.015625 0.029985 0.0 0.0 0.0 0.0 0.0 0.0 0.0 0.0 0.0 0.0 0.0 0.0 0.0 0.0 0.0
0 0.546875 0.445277 0.015625 0.032984 0.545092 0.442097 1.0 0.550847 0.440774 1.0 0.550559 0.446295 1.0 0.5484 0.451595 1.0 0.551278 0.450492 1.0
0 0.565918 0.398051 0.014648 0.031484 0.0 0.0 0.0 0.0 0.0 0.0 0.0 0.0 0.0 0.0 0.0 0.0 0.0 0.0 0.0
0 0.635254 0.4003 0.014648 0.029985 0.63453 0.395669 1.0 0.638829 0.394309 1.0 0.639335 0.398385 1.0 0.637186 0.406927 1.0 0.639335 0.405373 1.0
0 0.629395 0.467016 0.012695 0.031484 0.0 0.0 0.0 0.0 0.0 0.0 0.0 0.0 0.0 0.0 0.0 0.0 0.0 0.0 0.0
0 0.678711 0.387556 0.011719 0.031484 0.677534 0.385 1.0 0.682373 0.383795 1.0 0.681065 0.389819 1.0 0.678711 0.396043 1.0 0.682373 0.39524 1.0
0 0.695801 0.435532 0.014648 0.037481 0.696254 0.430687 1.0 0.700178 0.429723 1.0 0.701434 0.432615 1.0 0.69751 0.441529 1.0 0.700963 0.441048 1.0
0 0.280273 0.221139 0.009766 0.01949 0.0 0.0 0.0 0.0 0.0 0.0 0.0 0.0 0.0 0.0 0.0 0.0 0.0 0.0 0.0
0 0.389648 0.52099 0.015625 0.031484 0.0 0.0 0.0 0.0 0.0 0.0 0.0 0.0 0.0 0.0 0.0 0.0 0.0 0.0 0.0
0 0.009277 0.5997 0.014648 0.029985 0.006604 0.597786 1.0 0.00926 0.595651 1.0 0.010777 0.599921 1.0 0.010019 0.607685 1.0 0.011662 0.605939 1.0
0 0.061523 0.611694 0.019531 0.038981 0.062134 0.609714 1.0 0.066215 0.607303 1.0 0.06794 0.612604 1.0 0.065587 0.619834 1.0 0.068412 0.618387 1.0
0 0.084473 0.604198 0.016602 0.032984 0.08531 0.601628 1.0 0.089913 0.601628 1.0 0.090053 0.608267 1.0 0.087123 0.61255 1.0 0.090611 0.61255 1.0
0 0.083496 0.543478 0.014648 0.025487 0.083117 0.540298 1.0 0.086604 0.536618 1.0 0.086822 0.541973 1.0 0.08606 0.547829 1.0 0.088349 0.545319 1.0
0 0.110352 0.553973 0.015625 0.031484 0.112645 0.55242 1.0 0.112645 0.55242 1.0 0.115522 0.555633 1.0 0.114476 0.561657 1.0 0.114476 0.561657 1.0
0 0.12793 0.613943 0.017578 0.034483 0.0 0.0 0.0 0.0 0.0 0.0 0.0 0.0 0.0 0.0 0.0 0.0 0.0 0.0 0.0
0 0.14502 0.64018 0.020508 0.035982 0.145264 0.638963 1.0 0.148468 0.635448 1.0 0.151825 0.639898 1.0 0.150299 0.650207 1.0 0.152283 0.647394 1.0
0 0.15332 0.597451 0.017578 0.031484 0.151346 0.594132 1.0 0.158103 0.591849 1.0 0.157157 0.597244 1.0 0.154589 0.605129 1.0 0.159049 0.604298 1.0
0 0.171387 0.55922 0.014648 0.029985 0.174313 0.556141 1.0 0.17545 0.554589 1.0 0.177473 0.559441 1.0 0.176714 0.564876 1.0 0.1776 0.563324 1.0
0 0.20459 0.535232 0.012695 0.026987 0.205575 0.531297 1.0 0.209656 0.528339 1.0 0.209883 0.5353 1.0 0.206709 0.54052 1.0 0.209315 0.539823 1.0
0 0.120117 0.693403 0.017578 0.037481 0.12027 0.690264 1.0 0.120575 0.689327 1.0 0.12561 0.693075 1.0 0.124084 0.701742 1.0 0.124542 0.701274 1.0
0 0.190918 0.732384 0.014648 0.04048 0.187857 0.732712 1.0 0.195679 0.730363 1.0 0.192958 0.740021 1.0 0.188197 0.743675 1.0 0.195509 0.74237 1.0
0 0.220215 0.68066 0.014648 0.035982 0.2211 0.676162 1.0 0.222778 0.675694 1.0 0.225372 0.681316 1.0 0.221252 0.687874 1.0 0.222931 0.68764 1.0
0 0.02832 0.67916 0.011719 0.026987 0.0 0.0 0.0 0.0 0.0 0.0 0.0 0.0 0.0 0.0 0.0 0.0 0.0 0.0 0.0
0 0.012695 0.690405 0.009766 0.022489 0.0 0.0 0.0 0.0 0.0 0.0 0.0 0.0 0.0 0.0 0.0 0.0 0.0 0.0 0.0
0 0.040527 0.774363 0.018555 0.034483 0.043291 0.771981 1.0 0.048327 0.769993 1.0 0.049334 0.77684 1.0 0.044011 0.783024 1.0 0.047464 0.782582 1.0
0 0.087891 0.814093 0.015625 0.032984 0.088448 0.814736 1.0 0.09375 0.809595 1.0 0.095424 0.81752 1.0 0.09096 0.826301 1.0 0.095843 0.823303 1.0
0 0.101074 0.889805 0.020508 0.043478 0.098693 0.887931 1.0 0.106567 0.8854 1.0 0.104553 0.895802 1.0 0.101258 0.903391 1.0 0.108765 0.9003 1.0
0 0.022461 0.911544 0.019531 0.035982 0.0 0.0 0.0 0.0 0.0 0.0 0.0 0.0 0.0 0.0 0.0 0.0 0.0 0.0 0.0
0 0.043945 0.94078 0.015625 0.04048 0.0 0.0 0.0 0.0 0.0 0.0 0.0 0.0 0.0 0.0 0.0 0.0 0.0 0.0 0.0
0 0.129395 0.958771 0.014648 0.043478 0.133018 0.95096 1.0 0.141239 0.94849 1.0 0.139631 0.958369 1.0 0.137129 0.967424 1.0 0.143921 0.966327 1.0
0 0.163086 0.984258 0.019531 0.031484 0.0 0.0 0.0 0.0 0.0 0.0 0.0 0.0 0.0 0.0 0.0 0.0 0.0 0.0 0.0
0 0.179199 0.847076 0.018555 0.035982 0.179443 0.848904 1.0 0.184631 0.84375 1.0 0.186768 0.850075 1.0 0.182953 0.858978 1.0 0.185395 0.857337 1.0
0 0.262207 0.949775 0.016602 0.043478 0.262564 0.946355 1.0 0.264709 0.942787 1.0 0.270072 0.949922 1.0 0.266676 0.963094 1.0 0.267391 0.963094 1.0
0 0.312988 0.928036 0.018555 0.044978 0.314074 0.930741 1.0 0.314449 0.929877 1.0 0.317636 0.935633 1.0 0.316323 0.94513 1.0 0.316886 0.944843 1.0
0 0.395996 0.95952 0.020508 0.050975 0.392883 0.96369 1.0 0.402283 0.963361 1.0 0.398651 0.969265 1.0 0.392029 0.975496 1.0 0.401642 0.975169 1.0
0 0.385742 0.801349 0.019531 0.034483 0.386117 0.802501 1.0 0.388131 0.79742 1.0 0.392016 0.804046 1.0 0.389714 0.813102 1.0 0.39144 0.811777 1.0
0 0.382324 0.764618 0.012695 0.029985 0.0 0.0 0.0 0.0 0.0 0.0 0.0 0.0 0.0 0.0 0.0 0.0 0.0 0.0 0.0
0 0.414062 0.70015 0.015625 0.035982 0.414337 0.698792 1.0 0.418152 0.697151 1.0 0.421661 0.703711 1.0 0.417389 0.711207 1.0 0.419982 0.709802 1.0
0 0.379395 0.704648 0.012695 0.038981 0.375916 0.701595 1.0 0.378566 0.700832 1.0 0.374259 0.708717 1.0 0.376744 0.714822 1.0 0.378234 0.714058 1.0
0 0.368652 0.649925 0.012695 0.031484 0.0 0.0 0.0 0.0 0.0 0.0 0.0 0.0 0.0 0.0 0.0 0.0 0.0 0.0 0.0
0 0.413574 0.625187 0.016602 0.026987 0.410984 0.625703 1.0 0.417576 0.623715 1.0 0.415223 0.633835 1.0 0.410749 0.63528 1.0 0.418282 0.631666 1.0
0 0.311523 0.852324 0.015625 0.04048 0.309356 0.854934 1.0 0.314287 0.851802 1.0 0.315308 0.857805 1.0 0.310887 0.864853 1.0 0.313098 0.863286 1.0
0 0.276367 0.631934 0.015625 0.034483 0.0 0.0 0.0 0.0 0.0 0.0 0.0 0.0 0.0 0.0 0.0 0.0 0.0 0.0 0.0
0 0.267578 0.57946 0.011719 0.031484 0.267713 0.577178 1.0 0.272579 0.574481 1.0 0.271768 0.579667 1.0 0.267983 0.58693 1.0 0.271092 0.585685 1.0
0 0.342285 0.55922 0.018555 0.035982 0.340088 0.556363 1.0 0.345123 0.553082 1.0 0.345733 0.560111 1.0 0.343292 0.56667 1.0 0.346802 0.566435 1.0
0 0.291016 0.518741 0.011719 0.032984 0.0 0.0 0.0 0.0 0.0 0.0 0.0 0.0 0.0 0.0 0.0 0.0 0.0 0.0 0.0
0 0.451172 0.513493 0.015625 0.031484 0.0 0.0 0.0 0.0 0.0 0.0 0.0 0.0 0.0 0.0 0.0 0.0 0.0 0.0 0.0
0 0.4375 0.56072 0.013672 0.035982 0.0 0.0 0.0 0.0 0.0 0.0 0.0 0.0 0.0 0.0 0.0 0.0 0.0 0.0 0.0
0 0.476562 0.574213 0.013672 0.029985 0.0 0.0 0.0 0.0 0.0 0.0 0.0 0.0 0.0 0.0 0.0 0.0 0.0 0.0 0.0
0 0.512207 0.602699 0.022461 0.02099 0.50831 0.605429 1.0 0.511274 0.606567 1.0 0.508754 0.610208 1.0 0.504159 0.609526 1.0 0.505049 0.611118 1.0
0 0.566406 0.566717 0.011719 0.032984 0.56543 0.56736 1.0 0.570731 0.564789 1.0 0.569894 0.569501 1.0 0.567662 0.576783 1.0 0.571289 0.575069 1.0
0 0.513184 0.670915 0.014648 0.043478 0.512146 0.670165 1.0 0.514709 0.667916 1.0 0.516541 0.672696 1.0 0.514893 0.682534 1.0 0.516906 0.681409 1.0
0 0.448242 0.645427 0.017578 0.031484 0.444223 0.63745 1.0 0.451678 0.636847 1.0 0.448539 0.646484 1.0 0.445661 0.651103 1.0 0.452201 0.651103 1.0
0 0.470703 0.634183 0.017578 0.035982 0.465058 0.628279 1.0 0.470398 0.629685 1.0 0.464904 0.634136 1.0 0.46872 0.641633 1.0 0.46872 0.641633 1.0
0 0.515625 0.751874 0.013672 0.034483 0.0 0.0 0.0 0.0 0.0 0.0 0.0 0.0 0.0 0.0 0.0 0.0 0.0 0.0 0.0
0 0.529785 0.811094 0.018555 0.038981 0.532527 0.815546 1.0 0.535431 0.808612 1.0 0.537366 0.815049 1.0 0.534141 0.823469 1.0 0.537689 0.819259 1.0
0 0.508301 0.832084 0.018555 0.044978 0.507477 0.827304 1.0 0.511414 0.822988 1.0 0.514038 0.833637 1.0 0.508789 0.843997 1.0 0.511414 0.842271 1.0
0 0.305664 0.37931 0.013672 0.029985 0.303911 0.373903 1.0 0.30821 0.370408 1.0 0.308842 0.374679 1.0 0.308084 0.381666 1.0 0.310106 0.379531 1.0
0 0.293945 0.325337 0.007812 0.023988 0.0 0.0 0.0 0.0 0.0 0.0 0.0 0.0 0.0 0.0 0.0 0.0 0.0 0.0 0.0
0 0.20166 0.043478 0.004883 0.011994 0.0 0.0 0.0 0.0 0.0 0.0 0.0 0.0 0.0 0.0 0.0 0.0 0.0 0.0 0.0
0 0.223633 0.032234 0.005859 0.010495 0.0 0.0 0.0 0.0 0.0 0.0 0.0 0.0 0.0 0.0 0.0 0.0 0.0 0.0 0.0
0 0.23291 0.034483 0.006836 0.017991 0.0 0.0 0.0 0.0 0.0 0.0 0.0 0.0 0.0 0.0 0.0 0.0 0.0 0.0 0.0
0 0.44873 0.97901 0.022461 0.041979 0.451225 0.983615 1.0 0.457188 0.978555 1.0 0.457502 0.988193 1.0 0.452479 0.993735 1.0 0.453422 0.993495 1.0
0 0.536133 0.904048 0.015625 0.041979 0.536983 0.903298 1.0 0.539703 0.8986 1.0 0.544124 0.90643 1.0 0.541403 0.915567 1.0 0.544124 0.912435 1.0
0 0.968262 0.005247 0.006836 0.010495 0.0 0.0 0.0 0.0 0.0 0.0 0.0 0.0 0.0 0.0 0.0 0.0 0.0 0.0 0.0
0 0.979004 0.026987 0.008789 0.017991 0.977513 0.024885 1.0 0.980573 0.024885 1.0 0.978847 0.027415 1.0 0.97767 0.030667 1.0 0.979789 0.030667 1.0
0 0.914062 0.038981 0.007812 0.014993 0.0 0.0 0.0 0.0 0.0 0.0 0.0 0.0 0.0 0.0 0.0 0.0 0.0 0.0 0.0
0 0.92041 0.063718 0.010742 0.01949 0.919312 0.062433 1.0 0.92245 0.061094 1.0 0.921928 0.065511 1.0 0.920445 0.068591 1.0 0.923322 0.067385 1.0
0 0.930664 0.048726 0.007812 0.01949 0.0 0.0 0.0 0.0 0.0 0.0 0.0 0.0 0.0 0.0 0.0 0.0 0.0 0.0 0.0
0 0.991699 0.057721 0.006836 0.016492 0.0 0.0 0.0 0.0 0.0 0.0 0.0 0.0 0.0 0.0 0.0 0.0 0.0 0.0 0.0
0 0.98291 0.062969 0.006836 0.017991 0.0 0.0 0.0 0.0 0.0 0.0 0.0 0.0 0.0 0.0 0.0 0.0 0.0 0.0 0.0
0 0.980957 0.075712 0.010742 0.022489 0.981916 0.073048 1.0 0.984794 0.072901 1.0 0.984602 0.077466 1.0 0.982204 0.080558 1.0 0.985369 0.080558 1.0
0 0.966797 0.086207 0.009766 0.022489 0.966064 0.083442 1.0 0.969269 0.083442 1.0 0.968262 0.086816 1.0 0.96698 0.090612 1.0 0.968994 0.090751 1.0
0 0.952148 0.074963 0.007812 0.02099 0.0 0.0 0.0 0.0 0.0 0.0 0.0 0.0 0.0 0.0 0.0 0.0 0.0 0.0 0.0
0 0.951172 0.106447 0.009766 0.02099 0.0 0.0 0.0 0.0 0.0 0.0 0.0 0.0 0.0 0.0 0.0 0.0 0.0 0.0 0.0
0 0.931152 0.092204 0.008789 0.022489 0.929992 0.090718 1.0 0.933541 0.090571 1.0 0.932198 0.094105 1.0 0.930473 0.097933 1.0 0.933158 0.097933 1.0
0 0.937012 0.127436 0.008789 0.02099 0.0 0.0 0.0 0.0 0.0 0.0 0.0 0.0 0.0 0.0 0.0 0.0 0.0 0.0 0.0
0 0.898438 0.086957 0.009766 0.023988 0.0 0.0 0.0 0.0 0.0 0.0 0.0 0.0 0.0 0.0 0.0 0.0 0.0 0.0 0.0
0 0.910645 0.14093 0.012695 0.023988 0.909969 0.140796 1.0 0.913879 0.140334 1.0 0.912576 0.142951 1.0 0.912074 0.146183 1.0 0.913578 0.14603 1.0
0 0.858398 0.05922 0.007812 0.01949 0.0 0.0 0.0 0.0 0.0 0.0 0.0 0.0 0.0 0.0 0.0 0.0 0.0 0.0 0.0
0 0.895996 0.062219 0.006836 0.01949 0.0 0.0 0.0 0.0 0.0 0.0 0.0 0.0 0.0 0.0 0.0 0.0 0.0 0.0 0.0
0 0.88623 0.158171 0.010742 0.022489 0.0 0.0 0.0 0.0 0.0 0.0 0.0 0.0 0.0 0.0 0.0 0.0 0.0 0.0 0.0
0 0.867188 0.175412 0.007812 0.017991 0.0 0.0 0.0 0.0 0.0 0.0 0.0 0.0 0.0 0.0 0.0 0.0 0.0 0.0 0.0
0 0.859863 0.17916 0.008789 0.01949 0.0 0.0 0.0 0.0 0.0 0.0 0.0 0.0 0.0 0.0 0.0 0.0 0.0 0.0 0.0
0 0.817383 0.137931 0.009766 0.02099 0.816633 0.1371 1.0 0.819511 0.137369 1.0 0.818726 0.140582 1.0 0.81672 0.142858 1.0 0.8189 0.142991 1.0
0 0.855957 0.109445 0.006836 0.014993 0.0 0.0 0.0 0.0 0.0 0.0 0.0 0.0 0.0 0.0 0.0 0.0 0.0 0.0 0.0
0 0.818359 0.104948 0.009766 0.014993 0.0 0.0 0.0 0.0 0.0 0.0 0.0 0.0 0.0 0.0 0.0 0.0 0.0 0.0 0.0
0 0.814941 0.230135 0.008789 0.016492 0.0 0.0 0.0 0.0 0.0 0.0 0.0 0.0 0.0 0.0 0.0 0.0 0.0 0.0 0.0
0 0.853516 0.228636 0.011719 0.01949 0.0 0.0 0.0 0.0 0.0 0.0 0.0 0.0 0.0 0.0 0.0 0.0 0.0 0.0 0.0
0 0.836914 0.251124 0.011719 0.01949 0.0 0.0 0.0 0.0 0.0 0.0 0.0 0.0 0.0 0.0 0.0 0.0 0.0 0.0 0.0
0 0.85498 0.26012 0.010742 0.022489 0.854292 0.260777 1.0 0.858202 0.259699 1.0 0.8573 0.2637 1.0 0.854191 0.267549 1.0 0.8573 0.267396 1.0
0 0.888184 0.224138 0.008789 0.01949 0.886945 0.222585 1.0 0.890869 0.222451 1.0 0.888951 0.227805 1.0 0.887643 0.230081 1.0 0.890259 0.230349 1.0
0 0.909668 0.246627 0.012695 0.025487 0.907052 0.246198 1.0 0.912179 0.246358 1.0 0.909354 0.250054 1.0 0.907366 0.253748 1.0 0.910609 0.253748 1.0
0 0.958008 0.26012 0.009766 0.022489 0.956421 0.256934 1.0 0.960449 0.257075 1.0 0.958526 0.262556 1.0 0.95578 0.265789 1.0 0.9599 0.26607 1.0
0 0.975586 0.215142 0.011719 0.022489 0.0 0.0 0.0 0.0 0.0 0.0 0.0 0.0 0.0 0.0 0.0 0.0 0.0 0.0 0.0
0 0.992676 0.151424 0.010742 0.02099 0.989532 0.148426 1.0 0.995666 0.148004 1.0 0.992371 0.152924 1.0 0.990539 0.157984 1.0 0.994568 0.157843 1.0
0 0.998535 0.181409 0.00293 0.014993 0.0 0.0 0.0 0.0 0.0 0.0 0.0 0.0 0.0 0.0 0.0 0.0 0.0 0.0 0.0
0 0.910156 0.176162 0.009766 0.025487 0.0 0.0 0.0 0.0 0.0 0.0 0.0 0.0 0.0 0.0 0.0 0.0 0.0 0.0 0.0
0 0.917969 0.173163 0.007812 0.022489 0.916905 0.173003 1.0 0.919975 0.173003 1.0 0.919111 0.176979 1.0 0.916905 0.180366 1.0 0.919975 0.180366 1.0
0 0.878418 0.065217 0.008789 0.016492 0.0 0.0 0.0 0.0 0.0 0.0 0.0 0.0 0.0 0.0 0.0 0.0 0.0 0.0 0.0
0 0.916016 0.194153 0.009766 0.016492 0.0 0.0 0.0 0.0 0.0 0.0 0.0 0.0 0.0 0.0 0.0 0.0 0.0 0.0 0.0
0 0.981445 0.141679 0.009766 0.022489 0.979566 0.14091 1.0 0.982574 0.140601 1.0 0.981472 0.145373 1.0 0.979968 0.147682 1.0 0.982374 0.147837 1.0
0 0.604004 0.51949 0.014648 0.031484 0.606571 0.515963 1.0 0.610086 0.512643 1.0 0.611437 0.519075 1.0 0.608464 0.525507 1.0 0.612248 0.523225 1.0
0 0.683594 0.525487 0.011719 0.031484 0.68471 0.520721 1.0 0.689156 0.518513 1.0 0.689156 0.525742 1.0 0.686672 0.532769 1.0 0.689549 0.532367 1.0
0 0.747559 0.461019 0.014648 0.031484 0.0 0.0 0.0 0.0 0.0 0.0 0.0 0.0 0.0 0.0 0.0 0.0 0.0 0.0 0.0
0 0.721191 0.410795 0.016602 0.035982 0.721252 0.410279 1.0 0.724914 0.408639 1.0 0.72583 0.413793 1.0 0.723847 0.419415 1.0 0.72583 0.418478 1.0
0 0.599609 0.653673 0.011719 0.038981 0.600411 0.645246 1.0 0.602186 0.64178 1.0 0.605412 0.647475 1.0 0.602992 0.660601 1.0 0.604122 0.657133 1.0
0 0.585938 0.691904 0.013672 0.028486 0.586426 0.693028 1.0 0.589111 0.691154 1.0 0.590332 0.69584 1.0 0.585571 0.701274 1.0 0.587524 0.7009 1.0
0 0.692871 0.666417 0.018555 0.037481 0.694092 0.668559 1.0 0.697858 0.663499 1.0 0.700997 0.672655 1.0 0.696132 0.680606 1.0 0.6988 0.67916 1.0
0 0.759766 0.313343 0.011719 0.032984 0.0 0.0 0.0 0.0 0.0 0.0 0.0 0.0 0.0 0.0 0.0 0.0 0.0 0.0 0.0
0 0.827637 0.323088 0.012695 0.025487 0.828474 0.320772 1.0 0.832555 0.32025 1.0 0.831761 0.324949 1.0 0.82836 0.330517 1.0 0.831647 0.330517 1.0
0 0.840332 0.296852 0.008789 0.02099 0.0 0.0 0.0 0.0 0.0 0.0 0.0 0.0 0.0 0.0 0.0 0.0 0.0 0.0 0.0
0 0.844238 0.362069 0.012695 0.025487 0.845712 0.361238 1.0 0.848654 0.360235 1.0 0.848437 0.365255 1.0 0.846692 0.370108 1.0 0.849091 0.369438 1.0
0 0.791992 0.356072 0.015625 0.037481 0.0 0.0 0.0 0.0 0.0 0.0 0.0 0.0 0.0 0.0 0.0 0.0 0.0 0.0 0.0
0 0.80127 0.425787 0.014648 0.029985 0.803955 0.41979 1.0 0.807739 0.418291 1.0 0.808716 0.424475 1.0 0.805298 0.431222 1.0 0.808228 0.42991 1.0
0 0.811523 0.423538 0.011719 0.025487 0.0 0.0 0.0 0.0 0.0 0.0 0.0 0.0 0.0 0.0 0.0 0.0 0.0 0.0 0.0
0 0.828125 0.406297 0.013672 0.029985 0.827654 0.403606 1.0 0.830814 0.402442 1.0 0.831826 0.40807 1.0 0.828413 0.413117 1.0 0.831194 0.411564 1.0
0 0.866211 0.44003 0.011719 0.031484 0.0 0.0 0.0 0.0 0.0 0.0 0.0 0.0 0.0 0.0 0.0 0.0 0.0 0.0 0.0
0 0.745605 0.344078 0.014648 0.025487 0.0 0.0 0.0 0.0 0.0 0.0 0.0 0.0 0.0 0.0 0.0 0.0 0.0 0.0 0.0
0 0.735352 0.366567 0.015625 0.031484 0.0 0.0 0.0 0.0 0.0 0.0 0.0 0.0 0.0 0.0 0.0 0.0 0.0 0.0 0.0
0 0.693359 0.31934 0.007812 0.026987 0.0 0.0 0.0 0.0 0.0 0.0 0.0 0.0 0.0 0.0 0.0 0.0 0.0 0.0 0.0
0 0.894043 0.286357 0.010742 0.023988 0.0 0.0 0.0 0.0 0.0 0.0 0.0 0.0 0.0 0.0 0.0 0.0 0.0 0.0 0.0
0 0.917969 0.274363 0.009766 0.023988 0.0 0.0 0.0 0.0 0.0 0.0 0.0 0.0 0.0 0.0 0.0 0.0 0.0 0.0 0.0
0 0.935059 0.269115 0.004883 0.016492 0.0 0.0 0.0 0.0 0.0 0.0 0.0 0.0 0.0 0.0 0.0 0.0 0.0 0.0 0.0
0 0.875488 0.332084 0.008789 0.022489 0.876491 0.330391 1.0 0.876491 0.330391 1.0 0.878096 0.334702 1.0 0.876992 0.337625 1.0 0.876992 0.33778 1.0
0 0.888184 0.409295 0.010742 0.026987 0.0 0.0 0.0 0.0 0.0 0.0 0.0 0.0 0.0 0.0 0.0 0.0 0.0 0.0 0.0
0 0.891113 0.464018 0.016602 0.034483 0.891515 0.46213 1.0 0.895813 0.4594 1.0 0.897443 0.465316 1.0 0.894775 0.47237 1.0 0.897592 0.470322 1.0
0 0.912598 0.476012 0.014648 0.031484 0.0 0.0 0.0 0.0 0.0 0.0 0.0 0.0 0.0 0.0 0.0 0.0 0.0 0.0 0.0
0 0.83252 0.5 0.012695 0.031484 0.834682 0.49834 1.0 0.83779 0.497718 1.0 0.839007 0.50166 1.0 0.83725 0.509129 1.0 0.838602 0.509337 1.0
0 0.933105 0.365817 0.010742 0.02099 0.0 0.0 0.0 0.0 0.0 0.0 0.0 0.0 0.0 0.0 0.0 0.0 0.0 0.0 0.0
0 0.973145 0.366567 0.012695 0.022489 0.973659 0.36472 1.0 0.977569 0.363487 1.0 0.977269 0.367645 1.0 0.975464 0.372417 1.0 0.978271 0.372417 1.0
0 0.975098 0.473763 0.012695 0.026987 0.97699 0.470523 1.0 0.980277 0.468958 1.0 0.980504 0.473307 1.0 0.978917 0.477484 1.0 0.981637 0.47557 1.0
0 0.993164 0.569715 0.011719 0.029985 0.993596 0.567607 1.0 0.997136 0.565084 1.0 0.997389 0.573235 1.0 0.993849 0.579058 1.0 0.997389 0.577505 1.0
0 0.970215 0.541979 0.012695 0.028486 0.97045 0.541384 1.0 0.974688 0.537408 1.0 0.976571 0.54301 1.0 0.973629 0.5506 1.0 0.976218 0.549696 1.0
0 0.907715 0.535982 0.014648 0.034483 0.0 0.0 0.0 0.0 0.0 0.0 0.0 0.0 0.0 0.0 0.0 0.0 0.0 0.0 0.0
0 0.822266 0.566717 0.017578 0.038981 0.822257 0.563738 1.0 0.827096 0.56151 1.0 0.82887 0.567205 1.0 0.824192 0.57513 1.0 0.829032 0.574634 1.0
0 0.776367 0.53973 0.017578 0.026987 0.0 0.0 0.0 0.0 0.0 0.0 0.0 0.0 0.0 0.0 0.0 0.0 0.0 0.0 0.0
0 0.848633 0.622939 0.017578 0.04048 0.848507 0.620918 1.0 0.850717 0.618568 1.0 0.851057 0.626399 1.0 0.849017 0.632402 1.0 0.851057 0.632664 1.0
0 0.793945 0.658171 0.015625 0.032984 0.796513 0.656384 1.0 0.797324 0.655553 1.0 0.800973 0.661571 1.0 0.796783 0.66904 1.0 0.800162 0.667796 1.0
0 0.869629 0.68066 0.016602 0.035982 0.871407 0.677568 1.0 0.875113 0.675519 1.0 0.877188 0.680981 1.0 0.874965 0.6894 1.0 0.876299 0.688262 1.0
0 0.885742 0.574963 0.013672 0.031484 0.888633 0.575123 1.0 0.890255 0.573256 1.0 0.892822 0.578858 1.0 0.889173 0.585082 1.0 0.889984 0.584045 1.0
0 0.937012 0.616942 0.012695 0.028486 0.0 0.0 0.0 0.0 0.0 0.0 0.0 0.0 0.0 0.0 0.0 0.0 0.0 0.0 0.0
0 0.95752 0.688906 0.014648 0.034483 0.0 0.0 0.0 0.0 0.0 0.0 0.0 0.0 0.0 0.0 0.0 0.0 0.0 0.0 0.0
0 0.939453 0.695652 0.017578 0.041979 0.941581 0.697795 1.0 0.94315 0.697526 1.0 0.946812 0.703417 1.0 0.941755 0.71225 1.0 0.942976 0.711448 1.0
0 0.90332 0.718891 0.019531 0.04048 0.902684 0.710799 1.0 0.904044 0.709493 1.0 0.909995 0.714192 1.0 0.907614 0.72646 1.0 0.908635 0.725678 1.0
0 0.837402 0.722639 0.012695 0.035982 0.0 0.0 0.0 0.0 0.0 0.0 0.0 0.0 0.0 0.0 0.0 0.0 0.0 0.0 0.0
0 0.819824 0.756372 0.014648 0.037481 0.821473 0.753232 1.0 0.822846 0.752061 1.0 0.824523 0.757214 1.0 0.82254 0.765883 1.0 0.823914 0.764711 1.0
0 0.917969 0.802099 0.011719 0.044978 0.918605 0.799334 1.0 0.919918 0.799046 1.0 0.922167 0.803076 1.0 0.918605 0.811711 1.0 0.91973 0.811711 1.0
0 0.90625 0.826087 0.017578 0.032984 0.906041 0.826516 1.0 0.907715 0.823517 1.0 0.9119 0.828871 1.0 0.909249 0.840009 1.0 0.910924 0.838295 1.0
0 0.746582 0.689655 0.010742 0.032984 0.0 0.0 0.0 0.0 0.0 0.0 0.0 0.0 0.0 0.0 0.0 0.0 0.0 0.0 0.0
0 0.994629 0.672414 0.010742 0.031484 0.0 0.0 0.0 0.0 0.0 0.0 0.0 0.0 0.0 0.0 0.0 0.0 0.0 0.0 0.0
0 0.617188 0.832834 0.009766 0.037481 0.0 0.0 0.0 0.0 0.0 0.0 0.0 0.0 0.0 0.0 0.0 0.0 0.0 0.0 0.0
0 0.672363 0.896552 0.012695 0.041979 0.674865 0.898271 1.0 0.676296 0.896351 1.0 0.67844 0.902663 1.0 0.675402 0.911718 1.0 0.677011 0.910346 1.0
0 0.663086 0.971514 0.019531 0.038981 0.663252 0.972022 1.0 0.673026 0.967699 1.0 0.67021 0.977873 1.0 0.664577 0.985249 1.0 0.673191 0.981688 1.0
0 0.71875 0.949025 0.019531 0.041979 0.0 0.0 0.0 0.0 0.0 0.0 0.0 0.0 0.0 0.0 0.0 0.0 0.0 0.0 0.0
0 0.649414 0.68066 0.009766 0.032984 0.0 0.0 0.0 0.0 0.0 0.0 0.0 0.0 0.0 0.0 0.0 0.0 0.0 0.0 0.0
0 0.799316 0.9003 0.014648 0.043478 0.796953 0.901739 1.0 0.799203 0.89512 1.0 0.804265 0.900876 1.0 0.801078 0.911525 1.0 0.80314 0.907207 1.0
0 0.815918 0.852324 0.016602 0.046477 0.0 0.0 0.0 0.0 0.0 0.0 0.0 0.0 0.0 0.0 0.0 0.0 0.0 0.0 0.0
0 0.758301 0.982759 0.018555 0.034483 0.0 0.0 0.0 0.0 0.0 0.0 0.0 0.0 0.0 0.0 0.0 0.0 0.0 0.0 0.0
0 0.872559 0.946777 0.020508 0.043478 0.874207 0.946589 1.0 0.877319 0.943216 1.0 0.881164 0.951367 1.0 0.875488 0.961769 1.0 0.878784 0.958396 1.0
0 0.958008 0.895802 0.013672 0.028486 0.95387 0.889966 1.0 0.95799 0.892315 1.0 0.954577 0.897195 1.0 0.953753 0.901892 1.0 0.955989 0.903157 1.0
0 0.100586 0.245877 0.007812 0.014993 0.0 0.0 0.0 0.0 0.0 0.0 0.0 0.0 0.0 0.0 0.0 0.0 0.0 0.0 0.0
0 0.016602 0.197151 0.011719 0.01949 0.0 0.0 0.0 0.0 0.0 0.0 0.0 0.0 0.0 0.0 0.0 0.0 0.0 0.0 0.0
0 0.023926 0.037481 0.006836 0.014993 0.0 0.0 0.0 0.0 0.0 0.0 0.0 0.0 0.0 0.0 0.0 0.0 0.0 0.0 0.0
0 0.044434 0.038231 0.008789 0.013493 0.0 0.0 0.0 0.0 0.0 0.0 0.0 0.0 0.0 0.0 0.0 0.0 0.0 0.0 0.0
0 -0.005371 0.011244 -0.010742 0.007496 0.0 0.0 0.0 0.0 0.0 0.0 0.0 0.0 0.0 0.0 0.0 0.0 0.0 0.0 0.0
0 0.04541 0.017241 0.006836 0.013493 0.043885 0.014805 1.0 0.047485 0.014805 1.0 0.045838 0.017523 1.0 0.044312 0.019583 1.0 0.046997 0.019678 1.0
0 0.027832 0.017241 0.008789 0.013493 0.026363 0.01704 1.0 0.030155 0.015835 1.0 0.02839 0.01945 1.0 0.027213 0.022663 1.0 0.029567 0.022361 1.0
0 0.01709 0.02024 0.008789 0.016492 0.0 0.0 0.0 0.0 0.0 0.0 0.0 0.0 0.0 0.0 0.0 0.0 0.0 0.0 0.0
0 0.011719 0.237631 0.009766 0.022489 0.0 0.0 0.0 0.0 0.0 0.0 0.0 0.0 0.0 0.0 0.0 0.0 0.0 0.0 0.0
0 0.112305 0.292354 0.011719 0.026987 0.110378 0.28894 1.0 0.115705 0.288418 1.0 0.113212 0.292943 1.0 0.111512 0.298163 1.0 0.116386 0.297294 1.0
0 0.136719 0.245127 0.011719 0.022489 0.136933 0.242705 1.0 0.139139 0.242705 1.0 0.139339 0.246091 1.0 0.137333 0.249631 1.0 0.140041 0.249478 1.0
0 0.144531 0.277361 0.011719 0.023988 0.0 0.0 0.0 0.0 0.0 0.0 0.0 0.0 0.0 0.0 0.0 0.0 0.0 0.0 0.0
0 0.16748 0.215892 0.008789 0.017991 0.0 0.0 0.0 0.0 0.0 0.0 0.0 0.0 0.0 0.0 0.0 0.0 0.0 0.0 0.0
0 0.159668 0.266867 0.010742 0.02099 0.0 0.0 0.0 0.0 0.0 0.0 0.0 0.0 0.0 0.0 0.0 0.0 0.0 0.0 0.0
0 0.149414 0.194903 0.009766 0.02099 0.0 0.0 0.0 0.0 0.0 0.0 0.0 0.0 0.0 0.0 0.0 0.0 0.0 0.0 0.0
0 0.150879 0.178411 0.010742 0.017991 0.0 0.0 0.0 0.0 0.0 0.0 0.0 0.0 0.0 0.0 0.0 0.0 0.0 0.0 0.0
0 0.164551 0.164918 0.008789 0.02099 0.164062 0.163325 1.0 0.16745 0.163184 1.0 0.16626 0.168948 1.0 0.163696 0.172882 1.0 0.166626 0.172882 1.0
0 0.1875 0.153673 0.009766 0.01949 0.0 0.0 0.0 0.0 0.0 0.0 0.0 0.0 0.0 0.0 0.0 0.0 0.0 0.0 0.0
0 0.194336 0.191154 0.011719 0.022489 0.0 0.0 0.0 0.0 0.0 0.0 0.0 0.0 0.0 0.0 0.0 0.0 0.0 0.0 0.0
0 0.199707 0.170165 0.010742 0.025487 0.198674 0.169502 1.0 0.202053 0.168163 1.0 0.201835 0.172514 1.0 0.199328 0.175694 1.0 0.20238 0.174856 1.0
0 0.19873 0.215142 0.012695 0.025487 0.197021 0.214874 1.0 0.201416 0.214714 1.0 0.199532 0.216963 1.0 0.197649 0.222264 1.0 0.200997 0.222264 1.0
0 0.208496 0.138681 0.010742 0.022489 0.205444 0.136198 1.0 0.20874 0.136057 1.0 0.206817 0.139009 1.0 0.206085 0.142663 1.0 0.208191 0.142663 1.0
0 0.231445 0.182909 0.013672 0.023988 0.231171 0.18339 1.0 0.235182 0.182466 1.0 0.233678 0.1857 1.0 0.232475 0.190934 1.0 0.234881 0.190318 1.0
0 0.229492 0.13943 0.011719 0.023988 0.0 0.0 0.0 0.0 0.0 0.0 0.0 0.0 0.0 0.0 0.0 0.0 0.0 0.0 0.0
0 0.199707 0.006747 0.008789 0.013493 0.201538 0.00581 1.0 0.205566 0.00581 1.0 0.203674 0.008808 1.0 0.202148 0.011432 1.0 0.204834 0.011432 1.0
0 0.211426 0.005247 0.006836 0.010495 0.0 0.0 0.0 0.0 0.0 0.0 0.0 0.0 0.0 0.0 0.0 0.0 0.0 0.0 0.0
0 0.034668 0.152924 0.012695 0.026987 0.0 0.0 0.0 0.0 0.0 0.0 0.0 0.0 0.0 0.0 0.0 0.0 0.0 0.0 0.0
0 0.052246 0.277361 0.014648 0.029985 0.0 0.0 0.0 0.0 0.0 0.0 0.0 0.0 0.0 0.0 0.0 0.0 0.0 0.0 0.0
0 0.035156 0.331334 0.017578 0.026987 0.0 0.0 0.0 0.0 0.0 0.0 0.0 0.0 0.0 0.0 0.0 0.0 0.0 0.0 0.0
0 0.023438 0.368066 0.013672 0.025487 0.025021 0.367898 1.0 0.028617 0.366225 1.0 0.029053 0.371747 1.0 0.02611 0.377771 1.0 0.02938 0.377268 1.0
0 0.063965 0.322339 0.010742 0.02099 0.06247 0.321448 1.0 0.066406 0.319622 1.0 0.066498 0.324822 1.0 0.064209 0.328618 1.0 0.067047 0.327493 1.0
0 0.077148 0.374813 0.017578 0.029985 0.077576 0.374009 1.0 0.081238 0.372604 1.0 0.080846 0.377825 1.0 0.079276 0.38164 1.0 0.082284 0.380435 1.0
0 0.039551 0.413793 0.010742 0.026987 0.040649 0.4124 1.0 0.04405 0.410835 1.0 0.044617 0.415708 1.0 0.042123 0.423538 1.0 0.04473 0.421798 1.0
0 0.061523 0.473013 0.015625 0.034483 0.063769 0.473723 1.0 0.067078 0.471514 1.0 0.069523 0.477256 1.0 0.065495 0.483441 1.0 0.06794 0.48322 1.0
0 0.078125 0.447526 0.013672 0.031484 0.0 0.0 0.0 0.0 0.0 0.0 0.0 0.0 0.0 0.0 0.0 0.0 0.0 0.0 0.0
0 0.088379 0.476762 0.014648 0.038981 0.090153 0.472532 1.0 0.091443 0.472532 1.0 0.093702 0.477484 1.0 0.09096 0.48318 1.0 0.091767 0.48318 1.0
0 0.020996 0.509745 0.012695 0.026987 0.020133 0.508594 1.0 0.025233 0.504766 1.0 0.026367 0.512075 1.0 0.023193 0.518687 1.0 0.025347 0.517121 1.0
0 0.116211 0.412294 0.013672 0.023988 0.114467 0.410313 1.0 0.119176 0.408064 1.0 0.119071 0.412562 1.0 0.117083 0.418987 1.0 0.12085 0.41706 1.0
0 0.128418 0.357571 0.014648 0.022489 0.0 0.0 0.0 0.0 0.0 0.0 0.0 0.0 0.0 0.0 0.0 0.0 0.0 0.0 0.0
0 0.17334 0.337331 0.012695 0.026987 0.176139 0.335417 1.0 0.177386 0.334547 1.0 0.178746 0.338898 1.0 0.176705 0.344988 1.0 0.178292 0.344292 1.0
0 0.17041 0.387556 0.012695 0.028486 0.171875 0.389993 1.0 0.175415 0.388118 1.0 0.175415 0.394678 1.0 0.171753 0.398426 1.0 0.176514 0.397301 1.0
0 0.183105 0.416042 0.014648 0.028486 0.0 0.0 0.0 0.0 0.0 0.0 0.0 0.0 0.0 0.0 0.0 0.0 0.0 0.0 0.0
0 0.140137 0.482009 0.012695 0.028486 0.0 0.0 0.0 0.0 0.0 0.0 0.0 0.0 0.0 0.0 0.0 0.0 0.0 0.0 0.0
0 0.220215 0.466267 0.014648 0.029985 0.219348 0.464352 1.0 0.223267 0.463964 1.0 0.223646 0.468622 1.0 0.220991 0.472894 1.0 0.223898 0.472505 1.0
0 0.245605 0.452774 0.012695 0.023988 0.0 0.0 0.0 0.0 0.0 0.0 0.0 0.0 0.0 0.0 0.0 0.0 0.0 0.0 0.0
0 0.237793 0.506747 0.012695 0.029985 0.239311 0.506385 1.0 0.241965 0.50425 1.0 0.243229 0.510267 1.0 0.241586 0.51609 1.0 0.243104 0.514732 1.0
0 0.236816 0.398051 0.016602 0.028486 0.237287 0.395106 1.0 0.241643 0.393298 1.0 0.241524 0.400166 1.0 0.238817 0.40378 1.0 0.24176 0.403418 1.0
0 0.243652 0.376312 0.010742 0.023988 0.0 0.0 0.0 0.0 0.0 0.0 0.0 0.0 0.0 0.0 0.0 0.0 0.0 0.0 0.0
0 0.205078 0.328336 0.013672 0.023988 0.206508 0.327372 1.0 0.210589 0.328336 1.0 0.210484 0.333154 1.0 0.206403 0.337492 1.0 0.208915 0.338456 1.0
0 0.230469 0.318591 0.011719 0.031484 0.22985 0.316945 1.0 0.234688 0.315337 1.0 0.233904 0.32116 1.0 0.231812 0.326984 1.0 0.234819 0.32578 1.0
0 0.241211 0.296852 0.007812 0.02099 0.240522 0.296115 1.0 0.244934 0.295673 1.0 0.244358 0.299649 1.0 0.241193 0.303183 1.0 0.244263 0.303036 1.0
0 0.252441 0.270615 0.012695 0.025487 0.254024 0.271619 1.0 0.258602 0.270112 1.0 0.258274 0.274966 1.0 0.255332 0.280319 1.0 0.258057 0.279651 1.0
0 0.272461 0.398801 0.011719 0.026987 0.0 0.0 0.0 0.0 0.0 0.0 0.0 0.0 0.0 0.0 0.0 0.0 0.0 0.0 0.0
0 0.274902 0.35982 0.010742 0.023988 0.275517 0.355067 1.0 0.279628 0.355991 1.0 0.278625 0.360148 1.0 0.275517 0.363688 1.0 0.275918 0.363688 1.0
0 0.255859 0.188156 0.011719 0.022489 0.254796 0.190793 1.0 0.258057 0.189468 1.0 0.258057 0.192708 1.0 0.257002 0.196831 1.0 0.25892 0.195799 1.0
0 0.213867 0.108696 0.009766 0.01949 0.0 0.0 0.0 0.0 0.0 0.0 0.0 0.0 0.0 0.0 0.0 0.0 0.0 0.0 0.0
0 0.168945 0.131934 0.009766 0.014993 0.0 0.0 0.0 0.0 0.0 0.0 0.0 0.0 0.0 0.0 0.0 0.0 0.0 0.0 0.0
0 0.180664 0.095952 0.009766 0.02099 0.179627 0.094781 1.0 0.182739 0.092111 1.0 0.182557 0.096889 1.0 0.180725 0.101528 1.0 0.183746 0.101106 1.0
0 0.154785 0.113193 0.008789 0.01949 0.154122 0.114111 1.0 0.157768 0.114874 1.0 0.15611 0.118307 1.0 0.154205 0.122121 1.0 0.156524 0.122121 1.0
0 0.134277 0.113193 0.006836 0.016492 0.128627 0.112873 1.0 0.134835 0.112444 1.0 0.132115 0.116513 1.0 0.129325 0.12069 1.0 0.134347 0.120796 1.0
0 0.147461 0.094453 0.009766 0.023988 0.0 0.0 0.0 0.0 0.0 0.0 0.0 0.0 0.0 0.0 0.0 0.0 0.0 0.0 0.0
0 0.158203 0.077211 0.011719 0.01949 0.0 0.0 0.0 0.0 0.0 0.0 0.0 0.0 0.0 0.0 0.0 0.0 0.0 0.0 0.0
0 0.165527 0.052474 0.008789 0.02099 0.0 0.0 0.0 0.0 0.0 0.0 0.0 0.0 0.0 0.0 0.0 0.0 0.0 0.0 0.0
0 0.178711 0.05922 0.011719 0.01949 0.0 0.0 0.0 0.0 0.0 0.0 0.0 0.0 0.0 0.0 0.0 0.0 0.0 0.0 0.0
0 0.192871 0.042729 0.008789 0.016492 0.0 0.0 0.0 0.0 0.0 0.0 0.0 0.0 0.0 0.0 0.0 0.0 0.0 0.0 0.0
0 0.210449 0.078711 0.006836 0.01949 0.0 0.0 0.0 0.0 0.0 0.0 0.0 0.0 0.0 0.0 0.0 0.0 0.0 0.0 0.0
0 0.224121 0.06072 0.008789 0.01949 0.225289 0.060747 1.0 0.228023 0.060747 1.0 0.226946 0.064307 1.0 0.225952 0.066978 1.0 0.227691 0.066723 1.0
0 0.148926 0.027736 0.006836 0.013493 0.0 0.0 0.0 0.0 0.0 0.0 0.0 0.0 0.0 0.0 0.0 0.0 0.0 0.0 0.0
0 0.140625 0.01949 0.009766 0.017991 0.139618 0.018399 1.0 0.142509 0.018627 1.0 0.141248 0.021927 1.0 0.139173 0.024544 1.0 0.142509 0.02443 1.0
0 0.131836 0.016492 0.007812 0.011994 0.0 0.0 0.0 0.0 0.0 0.0 0.0 0.0 0.0 0.0 0.0 0.0 0.0 0.0 0.0
0 0.175293 0.024738 0.008789 0.01949 0.0 0.0 0.0 0.0 0.0 0.0 0.0 0.0 0.0 0.0 0.0 0.0 0.0 0.0 0.0
0 0.192383 0.017241 0.007812 0.013493 0.0 0.0 0.0 0.0 0.0 0.0 0.0 0.0 0.0 0.0 0.0 0.0 0.0 0.0 0.0
0 0.099121 0.036732 0.008789 0.013493 0.096375 0.035514 1.0 0.099182 0.035514 1.0 0.097656 0.037949 1.0 0.096619 0.039823 1.0 0.098755 0.03973 1.0
0 0.047363 0.24063 0.010742 0.025487 0.045895 0.238462 1.0 0.050472 0.236789 1.0 0.048619 0.24164 1.0 0.046548 0.24482 1.0 0.050254 0.24482 1.0
0 0.168457 0.311844 0.012695 0.023988 0.170445 0.309541 1.0 0.172015 0.309541 1.0 0.173688 0.312915 1.0 0.17055 0.317895 1.0 0.172119 0.317895 1.0
0 0.190918 0.301349 0.010742 0.02099 0.0 0.0 0.0 0.0 0.0 0.0 0.0 0.0 0.0 0.0 0.0 0.0 0.0 0.0 0.0
0 0.200195 0.28036 0.009766 0.02099 0.200806 0.278627 1.0 0.20282 0.278204 1.0 0.203003 0.281718 1.0 0.201264 0.286919 1.0 0.202729 0.286919 1.0
0 0.23291 0.252624 0.010742 0.01949 0.231445 0.25107 1.0 0.235893 0.249465 1.0 0.234759 0.254016 1.0 0.233015 0.258433 1.0 0.237025 0.256828 1.0
0 0.229004 0.233133 0.008789 0.016492 0.228738 0.234385 1.0 0.232443 0.233019 1.0 0.232592 0.238595 1.0 0.229998 0.241097 1.0 0.23148 0.240529 1.0
0 0.003418 0.023238 0.006836 0.016492 0.000279 0.023024 1.0 0.003139 0.021739 1.0 0.001256 0.025273 1.0 6.9e-05 0.028486 1.0 0.00279 0.027951 1.0
0 0.005371 0.006747 0.006836 0.010495 0.0 0.0 0.0 0.0 0.0 0.0 0.0 0.0 0.0 0.0 0.0 0.0 0.0 0.0 0.0
0 0.070312 0.036732 0.009766 0.013493 0.0 0.0 0.0 0.0 0.0 0.0 0.0 0.0 0.0 0.0 0.0 0.0 0.0 0.0 0.0
0 0.073242 0.011244 0.009766 0.01949 0.072531 0.010468 1.0 0.075273 0.010354 1.0 0.073865 0.013996 1.0 0.072457 0.016043 1.0 0.074829 0.016043 1.0
0 0.096191 0.011244 0.008789 0.022489 0.092425 0.012409 1.0 0.095485 0.012409 1.0 0.093681 0.014699 1.0 0.093053 0.017469 1.0 0.094779 0.017469 1.0
0 0.162598 0.02099 0.006836 0.011994 0.0 0.0 0.0 0.0 0.0 0.0 0.0 0.0 0.0 0.0 0.0 0.0 0.0 0.0 0.0
0 0.585938 0.966267 0.017578 0.04048 0.588728 0.969265 1.0 0.591866 0.966321 1.0 0.592216 0.973282 1.0 0.591866 0.980778 1.0 0.594482 0.97703 1.0
0 0.899902 0.17991 0.010742 0.02099 0.0 0.0 0.0 0.0 0.0 0.0 0.0 0.0 0.0 0.0 0.0 0.0 0.0 0.0 0.0
0 0.714355 0.21964 0.008789 0.016492 0.0 0.0 0.0 0.0 0.0 0.0 0.0 0.0 0.0 0.0 0.0 0.0 0.0 0.0 0.0