0 0.150391 0.228404 0.027344 0.079063 0.0 0.0 0.0 0.0 0.0 0.0 0.0 0.0 0.0 0.0 0.0 0.0 0.0 0.0 0.0
0 0.196777 0.216691 0.032227 0.073206 0.205396 0.203893 1.0 0.208183 0.204821 1.0 0.212516 0.2206 1.0 0.203849 0.235449 1.0 0.206635 0.236378 1.0
0 0.240723 0.249634 0.030273 0.062958 0.250563 0.239666 1.0 0.251095 0.239268 1.0 0.257211 0.255215 1.0 0.249499 0.26957 1.0 0.249765 0.269171 1.0
0 0.31543 0.222548 0.029297 0.06735 0.0 0.0 0.0 0.0 0.0 0.0 0.0 0.0 0.0 0.0 0.0 0.0 0.0 0.0 0.0
0 0.34375 0.239385 0.023438 0.057101 0.348389 0.229868 1.0 0.349854 0.229868 1.0 0.355225 0.240483 1.0 0.349854 0.253294 1.0 0.350342 0.253294 1.0
0 0.373047 0.210102 0.025391 0.057101 0.379639 0.203148 1.0 0.38208 0.20388 1.0 0.385254 0.216325 1.0 0.37793 0.226574 1.0 0.379883 0.226574 1.0
0 0.402344 0.25183 0.021484 0.04978 0.408325 0.245332 1.0 0.411743 0.245332 1.0 0.413238 0.255902 1.0 0.408966 0.265511 1.0 0.410675 0.26519 1.0
0 0.766113 0.27672 0.020508 0.046852 0.759608 0.271949 1.0 0.764221 0.273753 1.0 0.758205 0.280969 1.0 0.760611 0.288786 1.0 0.764021 0.289688 1.0
0 0.886719 0.266471 0.021484 0.040996 0.875881 0.26217 1.0 0.880642 0.258857 1.0 0.8769 0.269818 1.0 0.878941 0.27925 1.0 0.884552 0.273896 1.0
0 0.969238 0.428258 0.012695 0.021962 0.0 0.0 0.0 0.0 0.0 0.0 0.0 0.0 0.0 0.0 0.0 0.0 0.0 0.0 0.0
0 0.944824 0.425329 0.010742 0.02489 0.0 0.0 0.0 0.0 0.0 0.0 0.0 0.0 0.0 0.0 0.0 0.0 0.0 0.0 0.0
0 0.539062 0.381406 0.011719 0.021962 0.0 0.0 0.0 0.0 0.0 0.0 0.0 0.0 0.0 0.0 0.0 0.0 0.0 0.0 0.0
0 0.525391 0.377013 0.009766 0.016105 0.0 0.0 0.0 0.0 0.0 0.0 0.0 0.0 0.0 0.0 0.0 0.0 0.0 0.0 0.0
0 0.54541 0.363836 0.008789 0.013177 0.0 0.0 0.0 0.0 0.0 0.0 0.0 0.0 0.0 0.0 0.0 0.0 0.0 0.0 0.0
0 0.552246 0.382138 0.008789 0.01757 0.0 0.0 0.0 0.0 0.0 0.0 0.0 0.0 0.0 0.0 0.0 0.0 0.0 0.0 0.0
0 0.566406 0.405564 0.013672 0.023426 0.0 0.0 0.0 0.0 0.0 0.0 0.0 0.0 0.0 0.0 0.0 0.0 0.0 0.0 0.0
0 0.580566 0.370425 0.008789 0.014641 0.0 0.0 0.0 0.0 0.0 0.0 0.0 0.0 0.0 0.0 0.0 0.0 0.0 0.0 0.0
0 0.59375 0.412884 0.011719 0.023426 0.0 0.0 0.0 0.0 0.0 0.0 0.0 0.0 0.0 0.0 0.0 0.0 0.0 0.0 0.0
0 0.59375 0.385798 0.011719 0.019034 0.0 0.0 0.0 0.0 0.0 0.0 0.0 0.0 0.0 0.0 0.0 0.0 0.0 0.0 0.0
0 0.610352 0.401903 0.011719 0.021962 0.0 0.0 0.0 0.0 0.0 0.0 0.0 0.0 0.0 0.0 0.0 0.0 0.0 0.0 0.0
0 0.634277 0.396047 0.012695 0.021962 0.0 0.0 0.0 0.0 0.0 0.0 0.0 0.0 0.0 0.0 0.0 0.0 0.0 0.0 0.0
0 0.65332 0.421669 0.013672 0.023426 0.654838 0.415113 1.0 0.658849 0.417518 1.0 0.657043 0.421878 1.0 0.653734 0.426239 1.0 0.65564 0.427592 1.0
0 0.671875 0.412152 0.011719 0.021962 0.0 0.0 0.0 0.0 0.0 0.0 0.0 0.0 0.0 0.0 0.0 0.0 0.0 0.0 0.0
0 0.645996 0.378477 0.008789 0.010249 0.0 0.0 0.0 0.0 0.0 0.0 0.0 0.0 0.0 0.0 0.0 0.0 0.0 0.0 0.0
0 0.663086 0.389458 0.009766 0.01757 0.0 0.0 0.0 0.0 0.0 0.0 0.0 0.0 0.0 0.0 0.0 0.0 0.0 0.0 0.0
0 0.683594 0.409956 0.009766 0.023426 0.681676 0.406505 1.0 0.686803 0.406975 1.0 0.684187 0.412309 1.0 0.680733 0.41529 1.0 0.685338 0.415603 1.0
0 0.688965 0.389458 0.008789 0.01757 0.0 0.0 0.0 0.0 0.0 0.0 0.0 0.0 0.0 0.0 0.0 0.0 0.0 0.0 0.0
0 0.70752 0.413616 0.010742 0.021962 0.0 0.0 0.0 0.0 0.0 0.0 0.0 0.0 0.0 0.0 0.0 0.0 0.0 0.0 0.0
0 0.743652 0.428258 0.012695 0.021962 0.0 0.0 0.0 0.0 0.0 0.0 0.0 0.0 0.0 0.0 0.0 0.0 0.0 0.0 0.0