0 0.022949 0.054396 0.016602 0.037258 0.0 0.0 0.0 0.0 0.0 0.0 0.0 0.0 0.0 0.0 0.0 0.0 0.0 0.0 0.0
0 0.007812 0.100596 0.015625 0.043219 0.0 0.0 0.0 0.0 0.0 0.0 0.0 0.0 0.0 0.0 0.0 0.0 0.0 0.0 0.0
0 0.060059 0.134873 0.02832 0.055142 0.0 0.0 0.0 0.0 0.0 0.0 0.0 0.0 0.0 0.0 0.0 0.0 0.0 0.0 0.0
0 0.083984 0.135618 0.019531 0.041729 0.074254 0.132265 1.0 0.083147 0.128007 1.0 0.077916 0.139984 1.0 0.078265 0.150894 1.0 0.084193 0.148499 1.0
0 0.048828 0.030551 0.017578 0.031297 0.0 0.0 0.0 0.0 0.0 0.0 0.0 0.0 0.0 0.0 0.0 0.0 0.0 0.0 0.0
0 0.025391 0.017884 0.013672 0.023845 0.0 0.0 0.0 0.0 0.0 0.0 0.0 0.0 0.0 0.0 0.0 0.0 0.0 0.0 0.0
0 0.086426 0.046945 0.020508 0.0462 0.0 0.0 0.0 0.0 0.0 0.0 0.0 0.0 0.0 0.0 0.0 0.0 0.0 0.0 0.0
0 0.129395 0.053651 0.020508 0.041729 0.0 0.0 0.0 0.0 0.0 0.0 0.0 0.0 0.0 0.0 0.0 0.0 0.0 0.0 0.0
0 0.154297 0.034277 0.017578 0.032787 0.0 0.0 0.0 0.0 0.0 0.0 0.0 0.0 0.0 0.0 0.0 0.0 0.0 0.0 0.0
0 0.160156 0.108793 0.025391 0.04769 0.0 0.0 0.0 0.0 0.0 0.0 0.0 0.0 0.0 0.0 0.0 0.0 0.0 0.0 0.0
0 0.195801 0.048435 0.014648 0.037258 0.0 0.0 0.0 0.0 0.0 0.0 0.0 0.0 0.0 0.0 0.0 0.0 0.0 0.0 0.0
0 0.204102 0.025335 0.013672 0.032787 0.0 0.0 0.0 0.0 0.0 0.0 0.0 0.0 0.0 0.0 0.0 0.0 0.0 0.0 0.0
0 0.231445 0.124441 0.023438 0.040238 0.0 0.0 0.0 0.0 0.0 0.0 0.0 0.0 0.0 0.0 0.0 0.0 0.0 0.0 0.0
0 0.250488 0.030551 0.014648 0.034277 0.0 0.0 0.0 0.0 0.0 0.0 0.0 0.0 0.0 0.0 0.0 0.0 0.0 0.0 0.0
0 0.264648 0.058122 0.019531 0.044709 0.0 0.0 0.0 0.0 0.0 0.0 0.0 0.0 0.0 0.0 0.0 0.0 0.0 0.0 0.0
0 0.296875 0.023845 0.019531 0.035768 0.0 0.0 0.0 0.0 0.0 0.0 0.0 0.0 0.0 0.0 0.0 0.0 0.0 0.0 0.0
0 0.330078 0.018629 0.015625 0.031297 0.0 0.0 0.0 0.0 0.0 0.0 0.0 0.0 0.0 0.0 0.0 0.0 0.0 0.0 0.0
0 0.32959 0.0462 0.022461 0.041729 0.327393 0.040878 1.0 0.335938 0.040878 1.0 0.331927 0.048861 1.0 0.328962 0.055781 1.0 0.334368 0.055514 1.0
0 0.364258 0.04918 0.021484 0.038748 0.0 0.0 0.0 0.0 0.0 0.0 0.0 0.0 0.0 0.0 0.0 0.0 0.0 0.0 0.0
0 0.358398 0.084203 0.017578 0.034277 0.0 0.0 0.0 0.0 0.0 0.0 0.0 0.0 0.0 0.0 0.0 0.0 0.0 0.0 0.0
0 0.299316 0.088674 0.014648 0.025335 0.0 0.0 0.0 0.0 0.0 0.0 0.0 0.0 0.0 0.0 0.0 0.0 0.0 0.0 0.0
0 0.310547 0.123696 0.021484 0.041729 0.0 0.0 0.0 0.0 0.0 0.0 0.0 0.0 0.0 0.0 0.0 0.0 0.0 0.0 0.0
0 0.291504 0.173621 0.018555 0.037258 0.0 0.0 0.0 0.0 0.0 0.0 0.0 0.0 0.0 0.0 0.0 0.0 0.0 0.0 0.0
0 0.117188 0.107303 0.021484 0.038748 0.0 0.0 0.0 0.0 0.0 0.0 0.0 0.0 0.0 0.0 0.0 0.0 0.0 0.0 0.0
0 0.135742 0.116244 0.015625 0.044709 0.0 0.0 0.0 0.0 0.0 0.0 0.0 0.0 0.0 0.0 0.0 0.0 0.0 0.0 0.0
0 0.188477 0.178838 0.023438 0.041729 0.187256 0.172185 1.0 0.199463 0.168724 1.0 0.196149 0.176708 1.0 0.19179 0.191346 1.0 0.198242 0.190282 1.0
0 0.11084 0.192996 0.018555 0.040238 0.0 0.0 0.0 0.0 0.0 0.0 0.0 0.0 0.0 0.0 0.0 0.0 0.0 0.0 0.0
0 0.092285 0.169151 0.018555 0.031297 0.0 0.0 0.0 0.0 0.0 0.0 0.0 0.0 0.0 0.0 0.0 0.0 0.0 0.0 0.0
0 0.052246 0.244411 0.022461 0.059613 0.0 0.0 0.0 0.0 0.0 0.0 0.0 0.0 0.0 0.0 0.0 0.0 0.0 0.0 0.0
0 0.112793 0.255589 0.026367 0.061103 0.109 0.248669 1.0 0.120885 0.242109 1.0 0.118104 0.249055 1.0 0.113046 0.264876 1.0 0.123413 0.25986 1.0
0 0.026367 0.317437 0.029297 0.065574 0.0 0.0 0.0 0.0 0.0 0.0 0.0 0.0 0.0 0.0 0.0 0.0 0.0 0.0 0.0
0 0.008301 0.347988 0.016602 0.084948 0.0 0.0 0.0 0.0 0.0 0.0 0.0 0.0 0.0 0.0 0.0 0.0 0.0 0.0 0.0
0 0.072754 0.380775 0.022461 0.058122 0.0 0.0 0.0 0.0 0.0 0.0 0.0 0.0 0.0 0.0 0.0 0.0 0.0 0.0 0.0
0 0.085938 0.359911 0.019531 0.043219 0.0 0.0 0.0 0.0 0.0 0.0 0.0 0.0 0.0 0.0 0.0 0.0 0.0 0.0 0.0
0 0.033691 0.485842 0.030273 0.077496 0.0 0.0 0.0 0.0 0.0 0.0 0.0 0.0 0.0 0.0 0.0 0.0 0.0 0.0 0.0
0 0.070801 0.441133 0.02832 0.056632 0.0 0.0 0.0 0.0 0.0 0.0 0.0 0.0 0.0 0.0 0.0 0.0 0.0 0.0 0.0
0 0.125 0.386736 0.025391 0.061103 0.0 0.0 0.0 0.0 0.0 0.0 0.0 0.0 0.0 0.0 0.0 0.0 0.0 0.0 0.0
0 0.132324 0.343517 0.020508 0.04918 0.0 0.0 0.0 0.0 0.0 0.0 0.0 0.0 0.0 0.0 0.0 0.0 0.0 0.0 0.0
0 0.180176 0.327869 0.024414 0.04769 0.0 0.0 0.0 0.0 0.0 0.0 0.0 0.0 0.0 0.0 0.0 0.0 0.0 0.0 0.0
0 0.169922 0.222802 0.027344 0.058122 0.0 0.0 0.0 0.0 0.0 0.0 0.0 0.0 0.0 0.0 0.0 0.0 0.0 0.0 0.0
0 0.179688 0.280924 0.023438 0.0462 0.0 0.0 0.0 0.0 0.0 0.0 0.0 0.0 0.0 0.0 0.0 0.0 0.0 0.0 0.0
0 0.233887 0.276453 0.02832 0.064083 0.0 0.0 0.0 0.0 0.0 0.0 0.0 0.0 0.0 0.0 0.0 0.0 0.0 0.0 0.0
0 0.226074 0.418033 0.030273 0.064083 0.223192 0.404773 1.0 0.231702 0.402744 1.0 0.230639 0.416542 1.0 0.226384 0.432776 1.0 0.233032 0.431154 1.0
0 0.161133 0.438897 0.025391 0.061103 0.0 0.0 0.0 0.0 0.0 0.0 0.0 0.0 0.0 0.0 0.0 0.0 0.0 0.0 0.0
0 0.191895 0.515648 0.02832 0.059613 0.0 0.0 0.0 0.0 0.0 0.0 0.0 0.0 0.0 0.0 0.0 0.0 0.0 0.0 0.0
0 0.153809 0.561848 0.03418 0.080477 0.147125 0.546759 1.0 0.163574 0.545735 1.0 0.161225 0.553419 1.0 0.153839 0.57596 1.0 0.163574 0.575447 1.0
0 0.121094 0.493294 0.029297 0.068554 0.0 0.0 0.0 0.0 0.0 0.0 0.0 0.0 0.0 0.0 0.0 0.0 0.0 0.0 0.0
0 0.253906 0.491803 0.033203 0.074516 0.255895 0.470274 1.0 0.267966 0.469329 1.0 0.267966 0.483028 1.0 0.259299 0.501923 1.0 0.267037 0.504285 1.0
0 0.236816 0.376304 0.024414 0.055142 0.0 0.0 0.0 0.0 0.0 0.0 0.0 0.0 0.0 0.0 0.0 0.0 0.0 0.0 0.0
0 0.279785 0.348733 0.026367 0.062593 0.0 0.0 0.0 0.0 0.0 0.0 0.0 0.0 0.0 0.0 0.0 0.0 0.0 0.0 0.0
0 0.280273 0.264531 0.027344 0.055142 0.275704 0.256866 1.0 0.28772 0.257212 1.0 0.283186 0.265516 1.0 0.277291 0.278316 1.0 0.284546 0.27797 1.0
0 0.233887 0.180328 0.016602 0.038748 0.0 0.0 0.0 0.0 0.0 0.0 0.0 0.0 0.0 0.0 0.0 0.0 0.0 0.0 0.0
0 0.269531 0.169896 0.017578 0.035768 0.0 0.0 0.0 0.0 0.0 0.0 0.0 0.0 0.0 0.0 0.0 0.0 0.0 0.0 0.0
0 0.329102 0.190015 0.025391 0.04918 0.0 0.0 0.0 0.0 0.0 0.0 0.0 0.0 0.0 0.0 0.0 0.0 0.0 0.0 0.0
0 0.365234 0.16617 0.027344 0.0462 0.0 0.0 0.0 0.0 0.0 0.0 0.0 0.0 0.0 0.0 0.0 0.0 0.0 0.0 0.0
0 0.353516 0.14307 0.017578 0.035768 0.0 0.0 0.0 0.0 0.0 0.0 0.0 0.0 0.0 0.0 0.0 0.0 0.0 0.0 0.0
0 0.376465 0.125186 0.016602 0.041729 0.0 0.0 0.0 0.0 0.0 0.0 0.0 0.0 0.0 0.0 0.0 0.0 0.0 0.0 0.0
0 0.403809 0.153502 0.024414 0.04769 0.0 0.0 0.0 0.0 0.0 0.0 0.0 0.0 0.0 0.0 0.0 0.0 0.0 0.0 0.0
0 0.418457 0.135618 0.020508 0.04769 0.0 0.0 0.0 0.0 0.0 0.0 0.0 0.0 0.0 0.0 0.0 0.0 0.0 0.0 0.0
0 0.428223 0.096125 0.016602 0.037258 0.0 0.0 0.0 0.0 0.0 0.0 0.0 0.0 0.0 0.0 0.0 0.0 0.0 0.0 0.0
0 0.45459 0.09687 0.022461 0.044709 0.0 0.0 0.0 0.0 0.0 0.0 0.0 0.0 0.0 0.0 0.0 0.0 0.0 0.0 0.0
0 0.475586 0.089419 0.017578 0.044709 0.0 0.0 0.0 0.0 0.0 0.0 0.0 0.0 0.0 0.0 0.0 0.0 0.0 0.0 0.0
0 0.415527 0.041729 0.016602 0.032787 0.0 0.0 0.0 0.0 0.0 0.0 0.0 0.0 0.0 0.0 0.0 0.0 0.0 0.0 0.0
0 0.402344 0.02161 0.017578 0.043219 0.0 0.0 0.0 0.0 0.0 0.0 0.0 0.0 0.0 0.0 0.0 0.0 0.0 0.0 0.0
0 0.426758 0.022355 0.011719 0.029806 0.0 0.0 0.0 0.0 0.0 0.0 0.0 0.0 0.0 0.0 0.0 0.0 0.0 0.0 0.0
0 0.447266 0.019374 0.019531 0.038748 0.0 0.0 0.0 0.0 0.0 0.0 0.0 0.0 0.0 0.0 0.0 0.0 0.0 0.0 0.0
0 0.507812 0.028316 0.019531 0.035768 0.0 0.0 0.0 0.0 0.0 0.0 0.0 0.0 0.0 0.0 0.0 0.0 0.0 0.0 0.0
0 0.504883 0.07228 0.015625 0.040238 0.0 0.0 0.0 0.0 0.0 0.0 0.0 0.0 0.0 0.0 0.0 0.0 0.0 0.0 0.0
0 0.501465 0.121461 0.022461 0.031297 0.0 0.0 0.0 0.0 0.0 0.0 0.0 0.0 0.0 0.0 0.0 0.0 0.0 0.0 0.0
0 0.510254 0.16617 0.024414 0.0462 0.0 0.0 0.0 0.0 0.0 0.0 0.0 0.0 0.0 0.0 0.0 0.0 0.0 0.0 0.0
0 0.552734 0.061103 0.021484 0.056632 0.0 0.0 0.0 0.0 0.0 0.0 0.0 0.0 0.0 0.0 0.0 0.0 0.0 0.0 0.0
0 0.57959 0.102086 0.014648 0.034277 0.0 0.0 0.0 0.0 0.0 0.0 0.0 0.0 0.0 0.0 0.0 0.0 0.0 0.0 0.0
0 0.540039 0.175857 0.019531 0.023845 0.0 0.0 0.0 0.0 0.0 0.0 0.0 0.0 0.0 0.0 0.0 0.0 0.0 0.0 0.0
0 0.560547 0.157973 0.023438 0.059613 0.0 0.0 0.0 0.0 0.0 0.0 0.0 0.0 0.0 0.0 0.0 0.0 0.0 0.0 0.0
0 0.524414 0.243666 0.021484 0.04918 0.522774 0.226541 1.0 0.53302 0.227791 1.0 0.531586 0.232483 1.0 0.525644 0.242176 1.0 0.531791 0.242802 1.0
0 0.560547 0.251863 0.027344 0.056632 0.558149 0.247484 1.0 0.569179 0.246387 1.0 0.568699 0.258829 1.0 0.561026 0.271636 1.0 0.568699 0.270173 1.0
0 0.551758 0.31073 0.027344 0.055142 0.0 0.0 0.0 0.0 0.0 0.0 0.0 0.0 0.0 0.0 0.0 0.0 0.0 0.0 0.0
0 0.514648 0.356185 0.025391 0.056632 0.0 0.0 0.0 0.0 0.0 0.0 0.0 0.0 0.0 0.0 0.0 0.0 0.0 0.0 0.0
0 0.498535 0.269001 0.020508 0.037258 0.0 0.0 0.0 0.0 0.0 0.0 0.0 0.0 0.0 0.0 0.0 0.0 0.0 0.0 0.0
0 0.489258 0.285395 0.017578 0.043219 0.0 0.0 0.0 0.0 0.0 0.0 0.0 0.0 0.0 0.0 0.0 0.0 0.0 0.0 0.0
0 0.470215 0.289866 0.026367 0.04918 0.0 0.0 0.0 0.0 0.0 0.0 0.0 0.0 0.0 0.0 0.0 0.0 0.0 0.0 0.0
0 0.35498 0.249627 0.030273 0.055142 0.354073 0.237465 1.0 0.364275 0.237119 1.0 0.362688 0.245769 1.0 0.357021 0.257185 1.0 0.364955 0.257532 1.0
0 0.40625 0.324143 0.025391 0.052161 0.0 0.0 0.0 0.0 0.0 0.0 0.0 0.0 0.0 0.0 0.0 0.0 0.0 0.0 0.0
0 0.319336 0.314456 0.027344 0.050671 0.0 0.0 0.0 0.0 0.0 0.0 0.0 0.0 0.0 0.0 0.0 0.0 0.0 0.0 0.0
0 0.354004 0.393443 0.022461 0.041729 0.352086 0.387514 1.0 0.359414 0.384787 1.0 0.358521 0.393243 1.0 0.355839 0.401699 1.0 0.361381 0.400063 1.0
0 0.349609 0.444113 0.029297 0.062593 0.0 0.0 0.0 0.0 0.0 0.0 0.0 0.0 0.0 0.0 0.0 0.0 0.0 0.0 0.0
0 0.302734 0.470939 0.03125 0.056632 0.0 0.0 0.0 0.0 0.0 0.0 0.0 0.0 0.0 0.0 0.0 0.0 0.0 0.0 0.0
0 0.243164 0.578241 0.023438 0.04769 0.0 0.0 0.0 0.0 0.0 0.0 0.0 0.0 0.0 0.0 0.0 0.0 0.0 0.0 0.0
0 0.465332 0.344262 0.026367 0.056632 0.0 0.0 0.0 0.0 0.0 0.0 0.0 0.0 0.0 0.0 0.0 0.0 0.0 0.0 0.0
0 0.518555 0.411326 0.023438 0.062593 0.0 0.0 0.0 0.0 0.0 0.0 0.0 0.0 0.0 0.0 0.0 0.0 0.0 0.0 0.0
0 0.495117 0.424739 0.035156 0.065574 0.494629 0.411699 1.0 0.50463 0.411699 1.0 0.504359 0.419949 1.0 0.500035 0.431911 1.0 0.507604 0.431911 1.0
0 0.487793 0.537258 0.032227 0.081967 0.0 0.0 0.0 0.0 0.0 0.0 0.0 0.0 0.0 0.0 0.0 0.0 0.0 0.0 0.0
0 0.520508 0.604322 0.041016 0.108793 0.523163 0.586385 1.0 0.531246 0.586385 1.0 0.538879 0.600776 1.0 0.526307 0.626131 1.0 0.530348 0.628872 1.0
0 0.412109 0.394188 0.029297 0.058122 0.0 0.0 0.0 0.0 0.0 0.0 0.0 0.0 0.0 0.0 0.0 0.0 0.0 0.0 0.0
0 0.438477 0.429955 0.03125 0.064083 0.0 0.0 0.0 0.0 0.0 0.0 0.0 0.0 0.0 0.0 0.0 0.0 0.0 0.0 0.0
0 0.59668 0.02161 0.013672 0.025335 0.0 0.0 0.0 0.0 0.0 0.0 0.0 0.0 0.0 0.0 0.0 0.0 0.0 0.0 0.0
0 0.614746 0.043219 0.012695 0.029806 0.0 0.0 0.0 0.0 0.0 0.0 0.0 0.0 0.0 0.0 0.0 0.0 0.0 0.0 0.0
0 0.640625 0.040984 0.019531 0.040238 0.0 0.0 0.0 0.0 0.0 0.0 0.0 0.0 0.0 0.0 0.0 0.0 0.0 0.0 0.0
0 0.649414 0.126677 0.017578 0.032787 0.0 0.0 0.0 0.0 0.0 0.0 0.0 0.0 0.0 0.0 0.0 0.0 0.0 0.0 0.0
0 0.662598 0.09389 0.014648 0.044709 0.0 0.0 0.0 0.0 0.0 0.0 0.0 0.0 0.0 0.0 0.0 0.0 0.0 0.0 0.0
0 0.689941 0.142325 0.018555 0.034277 0.0 0.0 0.0 0.0 0.0 0.0 0.0 0.0 0.0 0.0 0.0 0.0 0.0 0.0 0.0
0 0.706055 0.102086 0.017578 0.034277 0.0 0.0 0.0 0.0 0.0 0.0 0.0 0.0 0.0 0.0 0.0 0.0 0.0 0.0 0.0
0 0.71582 0.065574 0.017578 0.032787 0.0 0.0 0.0 0.0 0.0 0.0 0.0 0.0 0.0 0.0 0.0 0.0 0.0 0.0 0.0
0 0.753906 0.058867 0.017578 0.040238 0.0 0.0 0.0 0.0 0.0 0.0 0.0 0.0 0.0 0.0 0.0 0.0 0.0 0.0 0.0
0 0.787598 0.012668 0.014648 0.025335 0.0 0.0 0.0 0.0 0.0 0.0 0.0 0.0 0.0 0.0 0.0 0.0 0.0 0.0 0.0
0 0.706055 0.008197 0.009766 0.016393 0.0 0.0 0.0 0.0 0.0 0.0 0.0 0.0 0.0 0.0 0.0 0.0 0.0 0.0 0.0
0 0.820312 0.029061 0.013672 0.031297 0.0 0.0 0.0 0.0 0.0 0.0 0.0 0.0 0.0 0.0 0.0 0.0 0.0 0.0 0.0
0 0.853516 0.035768 0.013672 0.029806 0.0 0.0 0.0 0.0 0.0 0.0 0.0 0.0 0.0 0.0 0.0 0.0 0.0 0.0 0.0
0 0.879883 0.041729 0.009766 0.020864 0.0 0.0 0.0 0.0 0.0 0.0 0.0 0.0 0.0 0.0 0.0 0.0 0.0 0.0 0.0
0 0.902832 0.034277 0.012695 0.029806 0.0 0.0 0.0 0.0 0.0 0.0 0.0 0.0 0.0 0.0 0.0 0.0 0.0 0.0 0.0
0 0.901855 0.064083 0.016602 0.029806 0.0 0.0 0.0 0.0 0.0 0.0 0.0 0.0 0.0 0.0 0.0 0.0 0.0 0.0 0.0
0 0.913574 0.092399 0.014648 0.029806 0.0 0.0 0.0 0.0 0.0 0.0 0.0 0.0 0.0 0.0 0.0 0.0 0.0 0.0 0.0
0 0.936035 0.078987 0.014648 0.026826 0.0 0.0 0.0 0.0 0.0 0.0 0.0 0.0 0.0 0.0 0.0 0.0 0.0 0.0 0.0
0 0.926758 0.032787 0.013672 0.026826 0.0 0.0 0.0 0.0 0.0 0.0 0.0 0.0 0.0 0.0 0.0 0.0 0.0 0.0 0.0
0 0.975098 0.041729 0.014648 0.032787 0.0 0.0 0.0 0.0 0.0 0.0 0.0 0.0 0.0 0.0 0.0 0.0 0.0 0.0 0.0
0 0.983887 0.132638 0.014648 0.026826 0.0 0.0 0.0 0.0 0.0 0.0 0.0 0.0 0.0 0.0 0.0 0.0 0.0 0.0 0.0
0 0.935547 0.137109 0.015625 0.035768 0.0 0.0 0.0 0.0 0.0 0.0 0.0 0.0 0.0 0.0 0.0 0.0 0.0 0.0 0.0
0 0.870117 0.106557 0.019531 0.034277 0.0 0.0 0.0 0.0 0.0 0.0 0.0 0.0 0.0 0.0 0.0 0.0 0.0 0.0 0.0
0 0.86377 0.152757 0.024414 0.0462 0.0 0.0 0.0 0.0 0.0 0.0 0.0 0.0 0.0 0.0 0.0 0.0 0.0 0.0 0.0
0 0.830566 0.116244 0.020508 0.044709 0.829503 0.109219 1.0 0.836024 0.108048 1.0 0.832764 0.114195 1.0 0.830846 0.119465 1.0 0.836601 0.119465 1.0
0 0.835449 0.175112 0.018555 0.040238 0.0 0.0 0.0 0.0 0.0 0.0 0.0 0.0 0.0 0.0 0.0 0.0 0.0 0.0 0.0
0 0.793945 0.168405 0.017578 0.044709 0.0 0.0 0.0 0.0 0.0 0.0 0.0 0.0 0.0 0.0 0.0 0.0 0.0 0.0 0.0
0 0.732422 0.155738 0.021484 0.043219 0.0 0.0 0.0 0.0 0.0 0.0 0.0 0.0 0.0 0.0 0.0 0.0 0.0 0.0 0.0
0 0.681152 0.184799 0.022461 0.035768 0.0 0.0 0.0 0.0 0.0 0.0 0.0 0.0 0.0 0.0 0.0 0.0 0.0 0.0 0.0
0 0.644531 0.181818 0.021484 0.04769 0.0 0.0 0.0 0.0 0.0 0.0 0.0 0.0 0.0 0.0 0.0 0.0 0.0 0.0 0.0
0 0.609375 0.196721 0.019531 0.041729 0.0 0.0 0.0 0.0 0.0 0.0 0.0 0.0 0.0 0.0 0.0 0.0 0.0 0.0 0.0
0 0.637695 0.234724 0.019531 0.040238 0.0 0.0 0.0 0.0 0.0 0.0 0.0 0.0 0.0 0.0 0.0 0.0 0.0 0.0 0.0
0 0.605957 0.346498 0.020508 0.055142 0.0 0.0 0.0 0.0 0.0 0.0 0.0 0.0 0.0 0.0 0.0 0.0 0.0 0.0 0.0
0 0.69043 0.266766 0.023438 0.04769 0.0 0.0 0.0 0.0 0.0 0.0 0.0 0.0 0.0 0.0 0.0 0.0 0.0 0.0 0.0
0 0.807129 0.218331 0.018555 0.043219 0.0 0.0 0.0 0.0 0.0 0.0 0.0 0.0 0.0 0.0 0.0 0.0 0.0 0.0 0.0
0 0.824707 0.271237 0.016602 0.038748 0.0 0.0 0.0 0.0 0.0 0.0 0.0 0.0 0.0 0.0 0.0 0.0 0.0 0.0 0.0
0 0.84082 0.23845 0.017578 0.038748 0.0 0.0 0.0 0.0 0.0 0.0 0.0 0.0 0.0 0.0 0.0 0.0 0.0 0.0 0.0
0 0.858887 0.201937 0.012695 0.034277 0.0 0.0 0.0 0.0 0.0 0.0 0.0 0.0 0.0 0.0 0.0 0.0 0.0 0.0 0.0
0 0.882812 0.191505 0.013672 0.025335 0.0 0.0 0.0 0.0 0.0 0.0 0.0 0.0 0.0 0.0 0.0 0.0 0.0 0.0 0.0
0 0.88623 0.233234 0.016602 0.037258 0.0 0.0 0.0 0.0 0.0 0.0 0.0 0.0 0.0 0.0 0.0 0.0 0.0 0.0 0.0
0 0.859863 0.26304 0.020508 0.043219 0.0 0.0 0.0 0.0 0.0 0.0 0.0 0.0 0.0 0.0 0.0 0.0 0.0 0.0 0.0
0 0.867188 0.325633 0.023438 0.040238 0.0 0.0 0.0 0.0 0.0 0.0 0.0 0.0 0.0 0.0 0.0 0.0 0.0 0.0 0.0
0 0.901855 0.266021 0.020508 0.043219 0.0 0.0 0.0 0.0 0.0 0.0 0.0 0.0 0.0 0.0 0.0 0.0 0.0 0.0 0.0
0 0.910156 0.315946 0.017578 0.035768 0.0 0.0 0.0 0.0 0.0 0.0 0.0 0.0 0.0 0.0 0.0 0.0 0.0 0.0 0.0
0 0.903809 0.353949 0.024414 0.04918 0.0 0.0 0.0 0.0 0.0 0.0 0.0 0.0 0.0 0.0 0.0 0.0 0.0 0.0 0.0
0 0.967285 0.181073 0.016602 0.040238 0.0 0.0 0.0 0.0 0.0 0.0 0.0 0.0 0.0 0.0 0.0 0.0 0.0 0.0 0.0
0 0.992188 0.202683 0.011719 0.026826 0.0 0.0 0.0 0.0 0.0 0.0 0.0 0.0 0.0 0.0 0.0 0.0 0.0 0.0 0.0
0 0.983398 0.224292 0.015625 0.031297 0.0 0.0 0.0 0.0 0.0 0.0 0.0 0.0 0.0 0.0 0.0 0.0 0.0 0.0 0.0
0 0.991211 0.28614 0.013672 0.035768 0.0 0.0 0.0 0.0 0.0 0.0 0.0 0.0 0.0 0.0 0.0 0.0 0.0 0.0 0.0
0 0.995605 0.346498 0.008789 0.040238 0.0 0.0 0.0 0.0 0.0 0.0 0.0 0.0 0.0 0.0 0.0 0.0 0.0 0.0 0.0
0 0.962891 0.363636 0.023438 0.04769 0.0 0.0 0.0 0.0 0.0 0.0 0.0 0.0 0.0 0.0 0.0 0.0 0.0 0.0 0.0
0 0.938477 0.403875 0.019531 0.041729 0.0 0.0 0.0 0.0 0.0 0.0 0.0 0.0 0.0 0.0 0.0 0.0 0.0 0.0 0.0
0 0.916016 0.451565 0.029297 0.071535 0.9165 0.441013 1.0 0.925555 0.441459 1.0 0.922926 0.455723 1.0 0.918252 0.463301 1.0 0.922634 0.463301 1.0
0 0.878906 0.456781 0.021484 0.037258 0.0 0.0 0.0 0.0 0.0 0.0 0.0 0.0 0.0 0.0 0.0 0.0 0.0 0.0 0.0
0 0.88623 0.5 0.026367 0.052161 0.0 0.0 0.0 0.0 0.0 0.0 0.0 0.0 0.0 0.0 0.0 0.0 0.0 0.0 0.0
0 0.883789 0.560358 0.033203 0.09538 0.881104 0.548109 1.0 0.895386 0.546292 1.0 0.89856 0.561429 1.0 0.883484 0.578987 1.0 0.89618 0.578382 1.0
0 0.898926 0.567064 0.018555 0.067064 0.88623 0.546732 1.0 0.895996 0.546732 1.0 0.898229 0.559507 1.0 0.884835 0.579519 1.0 0.897112 0.57739 1.0
0 0.961914 0.567064 0.037109 0.081967 0.963928 0.559426 1.0 0.977021 0.558402 1.0 0.979034 0.571209 1.0 0.967621 0.590164 1.0 0.976685 0.590164 1.0
0 0.975098 0.590909 0.018555 0.061103 0.0 0.0 0.0 0.0 0.0 0.0 0.0 0.0 0.0 0.0 0.0 0.0 0.0 0.0 0.0
0 0.993652 0.57079 0.010742 0.068554 0.0 0.0 0.0 0.0 0.0 0.0 0.0 0.0 0.0 0.0 0.0 0.0 0.0 0.0 0.0
0 0.972168 0.471684 0.022461 0.0462 0.0 0.0 0.0 0.0 0.0 0.0 0.0 0.0 0.0 0.0 0.0 0.0 0.0 0.0 0.0
0 0.991699 0.499255 0.016602 0.04769 0.0 0.0 0.0 0.0 0.0 0.0 0.0 0.0 0.0 0.0 0.0 0.0 0.0 0.0 0.0
0 0.802734 0.324143 0.019531 0.034277 0.0 0.0 0.0 0.0 0.0 0.0 0.0 0.0 0.0 0.0 0.0 0.0 0.0 0.0 0.0
0 0.822266 0.357675 0.019531 0.050671 0.818639 0.351608 1.0 0.827637 0.348414 1.0 0.822196 0.359911 1.0 0.822196 0.367256 1.0 0.829729 0.363742 1.0
0 0.686523 0.316692 0.021484 0.043219 0.0 0.0 0.0 0.0 0.0 0.0 0.0 0.0 0.0 0.0 0.0 0.0 0.0 0.0 0.0
0 0.671875 0.330104 0.019531 0.037258 0.0 0.0 0.0 0.0 0.0 0.0 0.0 0.0 0.0 0.0 0.0 0.0 0.0 0.0 0.0
0 0.667969 0.409836 0.033203 0.071535 0.670502 0.398392 1.0 0.679849 0.395273 1.0 0.678681 0.404633 1.0 0.676344 0.421572 1.0 0.683062 0.418452 1.0
0 0.737305 0.353204 0.023438 0.053651 0.0 0.0 0.0 0.0 0.0 0.0 0.0 0.0 0.0 0.0 0.0 0.0 0.0 0.0 0.0
0 0.768066 0.397914 0.02832 0.062593 0.770691 0.41287 1.0 0.774549 0.410122 1.0 0.777121 0.419936 1.0 0.773006 0.429356 1.0 0.77635 0.427001 1.0
0 0.761719 0.416542 0.029297 0.058122 0.0 0.0 0.0 0.0 0.0 0.0 0.0 0.0 0.0 0.0 0.0 0.0 0.0 0.0 0.0
0 0.80957 0.408346 0.027344 0.053651 0.0 0.0 0.0 0.0 0.0 0.0 0.0 0.0 0.0 0.0 0.0 0.0 0.0 0.0 0.0
0 0.791504 0.362146 0.024414 0.050671 0.0 0.0 0.0 0.0 0.0 0.0 0.0 0.0 0.0 0.0 0.0 0.0 0.0 0.0 0.0
0 0.581055 0.598361 0.041016 0.090909 0.581704 0.582732 1.0 0.594979 0.577523 1.0 0.594979 0.594308 1.0 0.588531 0.614568 1.0 0.598014 0.615146 1.0
0 0.605469 0.560358 0.029297 0.071535 0.0 0.0 0.0 0.0 0.0 0.0 0.0 0.0 0.0 0.0 0.0 0.0 0.0 0.0 0.0
0 0.658203 0.545455 0.042969 0.113264 0.659114 0.524776 1.0 0.665179 0.524776 1.0 0.676374 0.532607 1.0 0.665646 0.56393 1.0 0.676374 0.566066 1.0
0 0.691895 0.540984 0.040039 0.092399 0.690703 0.517466 1.0 0.705693 0.519061 1.0 0.705146 0.527556 1.0 0.693164 0.550283 1.0 0.706201 0.551639 1.0
0 0.715332 0.561103 0.026367 0.078987 0.696298 0.516048 1.0 0.704686 0.519987 1.0 0.702428 0.522447 1.0 0.695976 0.550018 1.0 0.706299 0.554942 1.0
0 0.733887 0.585693 0.02832 0.056632 0.734087 0.593598 1.0 0.741856 0.588927 1.0 0.740443 0.598268 1.0 0.738325 0.609765 1.0 0.743033 0.607249 1.0
0 0.811035 0.616244 0.041992 0.102832 0.814775 0.60011 1.0 0.826193 0.59882 1.0 0.830846 0.613663 1.0 0.813084 0.634314 1.0 0.824925 0.639477 1.0
0 0.853027 0.616244 0.032227 0.081967 0.850839 0.611866 1.0 0.864781 0.605639 1.0 0.864441 0.624841 1.0 0.851859 0.637814 1.0 0.863761 0.6347 1.0
0 0.910156 0.640835 0.033203 0.083458 0.907924 0.626571 1.0 0.919782 0.630829 1.0 0.921178 0.639344 1.0 0.912807 0.655311 1.0 0.920829 0.659037 1.0
0 0.395508 0.581967 0.042969 0.105812 0.408099 0.569912 1.0 0.410278 0.569912 1.0 0.409843 0.573903 1.0 0.397636 0.594529 1.0 0.410278 0.588541 1.0
0 0.303223 0.637854 0.045898 0.101341 0.298506 0.617748 1.0 0.313729 0.614522 1.0 0.314152 0.632592 1.0 0.310347 0.653888 1.0 0.320072 0.652598 1.0
0 0.225586 0.670641 0.044922 0.080477 0.216369 0.663748 1.0 0.234833 0.651453 1.0 0.235168 0.662724 1.0 0.227783 0.688338 1.0 0.240875 0.682703 1.0
0 0.062012 0.657228 0.036133 0.086438 0.057182 0.638812 1.0 0.072018 0.637708 1.0 0.072018 0.643782 1.0 0.061523 0.673049 1.0 0.073103 0.673602 1.0