0 0.966309 0.291992 0.026367 0.060547 0.960916 0.282967 1.0 0.972687 0.282967 1.0 0.966605 0.290422 1.0 0.960327 0.305332 1.0 0.969744 0.306117 1.0
0 0.975098 0.389648 0.022461 0.072266 0.0 0.0 0.0 0.0 0.0 0.0 0.0 0.0 0.0 0.0 0.0 0.0 0.0 0.0 0.0
0 0.937012 0.413086 0.03418 0.091797 0.925502 0.39427 1.0 0.943055 0.393693 1.0 0.93212 0.413836 1.0 0.927229 0.43743 1.0 0.939313 0.43743 1.0
0 0.88916 0.22168 0.022461 0.060547 0.0 0.0 0.0 0.0 0.0 0.0 0.0 0.0 0.0 0.0 0.0 0.0 0.0 0.0 0.0
0 0.930176 0.249023 0.020508 0.048828 0.0 0.0 0.0 0.0 0.0 0.0 0.0 0.0 0.0 0.0 0.0 0.0 0.0 0.0 0.0
0 0.80957 0.217773 0.021484 0.044922 0.804622 0.211156 1.0 0.816132 0.213457 1.0 0.809945 0.224104 1.0 0.80419 0.228707 1.0 0.813398 0.231873 1.0
0 0.792969 0.546875 0.039062 0.109375 0.780914 0.519723 1.0 0.799513 0.519723 1.0 0.789869 0.534188 1.0 0.782292 0.563119 1.0 0.795035 0.565186 1.0
0 0.719238 0.418945 0.038086 0.099609 0.706962 0.401018 1.0 0.726109 0.398508 1.0 0.715751 0.419852 1.0 0.710729 0.433664 1.0 0.725481 0.430525 1.0
0 0.806152 0.067383 0.012695 0.029297 0.0 0.0 0.0 0.0 0.0 0.0 0.0 0.0 0.0 0.0 0.0 0.0 0.0 0.0 0.0
0 0.743652 0.075195 0.012695 0.037109 0.739633 0.073547 1.0 0.74646 0.072842 1.0 0.743282 0.078963 1.0 0.74128 0.087438 1.0 0.74752 0.087201 1.0
0 0.69873 0.081055 0.014648 0.037109 0.0 0.0 0.0 0.0 0.0 0.0 0.0 0.0 0.0 0.0 0.0 0.0 0.0 0.0 0.0
0 0.651367 0.092773 0.013672 0.033203 0.646685 0.089982 1.0 0.655866 0.091344 1.0 0.650766 0.09633 1.0 0.647818 0.109025 1.0 0.653713 0.10948 1.0
0 0.660645 0.245117 0.022461 0.056641 0.655884 0.240113 1.0 0.66687 0.240844 1.0 0.663025 0.248902 1.0 0.658996 0.265746 1.0 0.665955 0.265381 1.0
0 0.613281 0.337891 0.037109 0.082031 0.0 0.0 0.0 0.0 0.0 0.0 0.0 0.0 0.0 0.0 0.0 0.0 0.0 0.0 0.0
0 0.57959 0.286133 0.02832 0.080078 0.569223 0.268973 1.0 0.5849 0.271502 1.0 0.576303 0.284145 1.0 0.57251 0.303867 1.0 0.581612 0.304879 1.0
0 0.561035 0.209961 0.020508 0.052734 0.0 0.0 0.0 0.0 0.0 0.0 0.0 0.0 0.0 0.0 0.0 0.0 0.0 0.0 0.0
0 0.538574 0.113281 0.022461 0.046875 0.0 0.0 0.0 0.0 0.0 0.0 0.0 0.0 0.0 0.0 0.0 0.0 0.0 0.0 0.0
0 0.509766 0.223633 0.023438 0.064453 0.503837 0.215541 1.0 0.513881 0.213029 1.0 0.510323 0.225586 1.0 0.507185 0.238143 1.0 0.515556 0.235213 1.0
0 0.466309 0.214844 0.026367 0.074219 0.458875 0.202838 1.0 0.473502 0.202838 1.0 0.46463 0.219143 1.0 0.462472 0.227775 1.0 0.473263 0.226814 1.0
0 0.483887 0.383789 0.032227 0.076172 0.477051 0.358398 1.0 0.491455 0.36377 1.0 0.481445 0.372559 1.0 0.474854 0.388184 1.0 0.487061 0.394043 1.0
0 0.387695 0.1875 0.023438 0.058594 0.384582 0.179775 1.0 0.392456 0.180525 1.0 0.387957 0.188398 1.0 0.38552 0.199646 1.0 0.391706 0.201146 1.0
0 0.37793 0.120117 0.015625 0.044922 0.375026 0.114074 1.0 0.382651 0.11609 1.0 0.379055 0.123283 1.0 0.376033 0.131051 1.0 0.381213 0.131627 1.0
0 0.349609 0.104492 0.011719 0.029297 0.0 0.0 0.0 0.0 0.0 0.0 0.0 0.0 0.0 0.0 0.0 0.0 0.0 0.0 0.0
0 0.349121 0.333008 0.036133 0.087891 0.342887 0.310338 1.0 0.358189 0.316572 1.0 0.349687 0.324506 1.0 0.339203 0.347744 1.0 0.353088 0.355111 1.0
0 0.236816 0.141602 0.020508 0.056641 0.234184 0.13357 1.0 0.242048 0.134645 1.0 0.237758 0.144295 1.0 0.233826 0.15216 1.0 0.240797 0.153232 1.0
0 0.185059 0.066406 0.020508 0.046875 0.181161 0.061959 1.0 0.188721 0.062256 1.0 0.18457 0.069371 1.0 0.179827 0.083008 1.0 0.187831 0.084787 1.0
0 0.195801 0.200195 0.026367 0.060547 0.193202 0.189627 1.0 0.20241 0.19308 1.0 0.197998 0.202672 1.0 0.191476 0.211879 1.0 0.2003 0.216867 1.0
0 0.326172 0.293945 0.027344 0.068359 0.317618 0.28207 1.0 0.331133 0.28207 1.0 0.323286 0.292098 1.0 0.318055 0.310408 1.0 0.327428 0.310408 1.0
0 0.288574 0.228516 0.030273 0.070312 0.0 0.0 0.0 0.0 0.0 0.0 0.0 0.0 0.0 0.0 0.0 0.0 0.0 0.0 0.0
0 0.147461 0.162109 0.025391 0.050781 0.0 0.0 0.0 0.0 0.0 0.0 0.0 0.0 0.0 0.0 0.0 0.0 0.0 0.0 0.0
0 0.142578 0.222656 0.023438 0.054688 0.0 0.0 0.0 0.0 0.0 0.0 0.0 0.0 0.0 0.0 0.0 0.0 0.0 0.0 0.0
0 0.109863 0.078125 0.014648 0.042969 0.106401 0.074715 1.0 0.113564 0.074986 1.0 0.107618 0.083635 1.0 0.106537 0.090393 1.0 0.111268 0.090664 1.0
0 0.175781 0.570312 0.068359 0.175781 0.17031 0.526148 1.0 0.193564 0.54276 1.0 0.179169 0.570443 1.0 0.158683 0.58484 1.0 0.181938 0.59702 1.0
0 0.344238 0.642578 0.06543 0.191406 0.342547 0.614152 1.0 0.367214 0.612949 1.0 0.361799 0.637016 1.0 0.338937 0.683943 1.0 0.364205 0.683943 1.0
0 0.174805 0.327148 0.03125 0.064453 0.0 0.0 0.0 0.0 0.0 0.0 0.0 0.0 0.0 0.0 0.0 0.0 0.0 0.0 0.0
0 0.539062 0.614258 0.082031 0.169922 0.518245 0.566187 1.0 0.552564 0.562971 1.0 0.542912 0.594072 1.0 0.52897 0.659494 1.0 0.553101 0.653059 1.0
0 0.645996 0.678711 0.051758 0.146484 0.0 0.0 0.0 0.0 0.0 0.0 0.0 0.0 0.0 0.0 0.0 0.0 0.0 0.0 0.0
0 0.879883 0.651367 0.072266 0.185547 0.850281 0.601318 1.0 0.871896 0.60716 1.0 0.850281 0.634033 1.0 0.849112 0.684273 1.0 0.863717 0.684273 1.0