0 0.105469 0.294922 0.070312 0.121094 0.099312 0.274855 1.0 0.128662 0.274089 1.0 0.121757 0.300177 1.0 0.105067 0.322428 1.0 0.128087 0.322428 1.0
0 0.211426 0.298828 0.057617 0.089844 0.202332 0.287923 1.0 0.229248 0.290202 1.0 0.217285 0.31071 1.0 0.20105 0.319824 1.0 0.224976 0.322103 1.0
0 0.240234 0.214193 0.017578 0.032552 0.238159 0.209984 1.0 0.246163 0.209775 1.0 0.243339 0.216681 1.0 0.240984 0.22254 1.0 0.246007 0.222121 1.0
0 0.285156 0.235026 0.029297 0.03776 0.285522 0.234491 1.0 0.292812 0.238072 1.0 0.288399 0.24728 1.0 0.280151 0.248047 1.0 0.282453 0.249837 1.0
0 0.337891 0.253255 0.058594 0.082031 0.334786 0.237984 1.0 0.356903 0.24678 1.0 0.344099 0.262818 1.0 0.327803 0.266956 1.0 0.346427 0.273164 1.0
0 0.423828 0.222005 0.052734 0.082031 0.419023 0.209322 1.0 0.440604 0.212461 1.0 0.429618 0.228678 1.0 0.416277 0.238618 1.0 0.434326 0.242803 1.0
0 0.487305 0.228516 0.046875 0.076823 0.505994 0.206322 1.0 0.523363 0.198603 1.0 0.516488 0.222727 1.0 0.509613 0.238165 1.0 0.524449 0.233823 1.0
0 0.522949 0.215495 0.051758 0.084635 0.505527 0.206628 1.0 0.52791 0.202174 1.0 0.514287 0.222604 1.0 0.511572 0.238919 1.0 0.529551 0.23513 1.0
0 0.644531 0.244141 0.046875 0.074219 0.634766 0.230469 1.0 0.657227 0.226562 1.0 0.647461 0.246094 1.0 0.637695 0.261719 1.0 0.657227 0.257812 1.0
0 0.688965 0.19401 0.03418 0.046875 0.684475 0.186837 1.0 0.699816 0.188023 1.0 0.693813 0.19751 1.0 0.685363 0.206701 1.0 0.697814 0.206404 1.0
0 0.70752 0.25651 0.051758 0.080729 0.689423 0.24524 1.0 0.71256 0.237147 1.0 0.703077 0.260917 1.0 0.69625 0.275582 1.0 0.717869 0.267996 1.0
0 0.783691 0.319661 0.055664 0.084635 0.764465 0.308309 1.0 0.78827 0.301432 1.0 0.776367 0.326294 1.0 0.772003 0.339518 1.0 0.794617 0.333699 1.0
0 0.880371 0.210286 0.053711 0.084635 0.860631 0.197336 1.0 0.884696 0.191987 1.0 0.870658 0.215518 1.0 0.867851 0.232096 1.0 0.887504 0.225145 1.0
0 0.805176 0.229818 0.032227 0.053385 0.794887 0.219529 1.0 0.801832 0.221243 1.0 0.792058 0.228103 1.0 0.791286 0.236677 1.0 0.79926 0.238734 1.0
0 0.9375 0.248698 0.027344 0.026042 0.933594 0.25 1.0 0.946289 0.246094 1.0 0.942383 0.253906 1.0 0.9375 0.261719 1.0 0.945312 0.260417 1.0