0 0.010742 0.024133 0.015625 0.048265 0.0 0.0 0.0 0.0 0.0 0.0 0.0 0.0 0.0 0.0 0.0 0.0 0.0 0.0 0.0
0 0.105957 0.052036 0.043945 0.104072 0.105469 0.041357 1.0 0.123562 0.043593 1.0 0.123199 0.054211 1.0 0.111259 0.078243 1.0 0.121391 0.080478 1.0
0 0.086914 0.128205 0.052734 0.099548 0.087965 0.116805 1.0 0.104588 0.118057 1.0 0.110265 0.144985 1.0 0.094047 0.170033 1.0 0.105399 0.170033 1.0
0 0.114258 0.277526 0.056641 0.13273 0.123553 0.265998 1.0 0.132743 0.268504 1.0 0.140312 0.290213 1.0 0.120309 0.307747 1.0 0.126256 0.31025 1.0
0 0.157715 0.196833 0.045898 0.113122 0.157662 0.17752 1.0 0.173837 0.173952 1.0 0.178458 0.199647 1.0 0.159049 0.221774 1.0 0.172912 0.219632 1.0
0 0.182129 0.166667 0.041992 0.098039 0.180123 0.156002 1.0 0.194562 0.15724 1.0 0.19737 0.165913 1.0 0.184937 0.190072 1.0 0.197771 0.186974 1.0
0 0.261719 0.304676 0.050781 0.135747 0.263 0.27517 1.0 0.276184 0.273472 1.0 0.280578 0.289593 1.0 0.268494 0.327771 1.0 0.277283 0.327771 1.0
0 0.285645 0.164404 0.051758 0.108597 0.290393 0.155489 1.0 0.304923 0.157529 1.0 0.309767 0.175891 1.0 0.296116 0.193573 1.0 0.306244 0.193573 1.0
0 0.336426 0.124434 0.036133 0.116139 0.334499 0.100173 1.0 0.346854 0.101641 1.0 0.347805 0.119256 1.0 0.332598 0.142009 1.0 0.344479 0.147881 1.0
0 0.287109 0.044495 0.050781 0.088989 0.290545 0.033095 1.0 0.306566 0.035115 1.0 0.301335 0.04875 1.0 0.29218 0.062386 1.0 0.305259 0.061376 1.0
0 0.406738 0.198341 0.047852 0.101056 0.409224 0.18084 1.0 0.424962 0.180201 1.0 0.429932 0.198751 1.0 0.416264 0.217302 1.0 0.424548 0.218582 1.0
0 0.445801 0.051282 0.040039 0.102564 0.444467 0.033128 1.0 0.460911 0.031472 1.0 0.461269 0.045276 1.0 0.448042 0.069018 1.0 0.461626 0.067362 1.0
0 0.347656 0.361237 0.052734 0.125189 0.349719 0.345548 1.0 0.364511 0.33767 1.0 0.372162 0.358152 1.0 0.354819 0.384151 1.0 0.354819 0.384151 1.0
0 0.613281 0.118401 0.041016 0.098039 0.611677 0.095965 1.0 0.629325 0.099063 1.0 0.627319 0.106496 1.0 0.617292 0.131894 1.0 0.626918 0.133134 1.0
0 0.759766 0.079186 0.03125 0.088989 0.758667 0.069382 1.0 0.77002 0.06825 1.0 0.772583 0.083522 1.0 0.757935 0.101621 1.0 0.771484 0.10049 1.0
0 0.454102 0.196078 0.039062 0.075415 0.455811 0.196563 1.0 0.469308 0.196563 1.0 0.462402 0.215956 1.0 0.458321 0.230499 1.0 0.467425 0.230015 1.0
0 0.519043 0.255656 0.036133 0.073906 0.0 0.0 0.0 0.0 0.0 0.0 0.0 0.0 0.0 0.0 0.0 0.0 0.0 0.0 0.0
0 0.589355 0.191554 0.038086 0.081448 0.0 0.0 0.0 0.0 0.0 0.0 0.0 0.0 0.0 0.0 0.0 0.0 0.0 0.0 0.0
0 0.456543 0.368024 0.049805 0.11463 0.452288 0.345481 1.0 0.469238 0.343299 1.0 0.475359 0.351299 1.0 0.465001 0.386205 1.0 0.47583 0.390567 1.0
0 0.550293 0.350679 0.047852 0.113122 0.552115 0.32186 1.0 0.568442 0.32186 1.0 0.573107 0.33843 1.0 0.55678 0.36797 1.0 0.567976 0.373014 1.0
0 0.59668 0.279789 0.042969 0.092006 0.598174 0.269517 1.0 0.61252 0.267858 1.0 0.613242 0.28267 1.0 0.603564 0.30264 1.0 0.614102 0.301388 1.0
0 0.628418 0.282051 0.036133 0.11463 0.620771 0.266983 1.0 0.638896 0.265279 1.0 0.634941 0.276199 1.0 0.627266 0.305762 1.0 0.641436 0.304178 1.0
0 0.635254 0.392911 0.040039 0.104072 0.632651 0.37638 1.0 0.648298 0.375727 1.0 0.650835 0.390097 1.0 0.635611 0.409691 1.0 0.652527 0.407732 1.0
0 0.828613 0.024887 0.026367 0.049774 0.0 0.0 0.0 0.0 0.0 0.0 0.0 0.0 0.0 0.0 0.0 0.0 0.0 0.0 0.0
0 0.793945 0.410256 0.044922 0.078431 0.79023 0.404264 1.0 0.804104 0.399281 1.0 0.810233 0.41124 1.0 0.800232 0.435157 1.0 0.813781 0.429676 1.0
0 0.891602 0.030166 0.021484 0.054299 0.0 0.0 0.0 0.0 0.0 0.0 0.0 0.0 0.0 0.0 0.0 0.0 0.0 0.0 0.0
0 0.970703 0.045249 0.03125 0.072398 0.966431 0.036483 1.0 0.979064 0.036483 1.0 0.978241 0.050057 1.0 0.970825 0.063207 1.0 0.97934 0.063207 1.0
0 0.9375 0.222474 0.041016 0.085973 0.937583 0.211694 1.0 0.952062 0.211148 1.0 0.951355 0.230783 1.0 0.935464 0.241691 1.0 0.946058 0.241691 1.0
0 0.898438 0.372549 0.044922 0.105581 0.897086 0.359796 1.0 0.914782 0.357796 1.0 0.913487 0.375795 1.0 0.902266 0.397793 1.0 0.914351 0.395127 1.0
0 0.837402 0.356712 0.045898 0.110106 0.840801 0.333002 1.0 0.856475 0.334947 1.0 0.857197 0.349955 1.0 0.840137 0.375596 1.0 0.852793 0.37727 1.0
0 0.076172 0.593514 0.060547 0.134238 0.078979 0.559671 1.0 0.09436 0.552036 1.0 0.104248 0.569852 1.0 0.086121 0.621606 1.0 0.095459 0.614819 1.0
0 0.250977 0.633484 0.054688 0.13273 0.251569 0.610106 1.0 0.266166 0.603425 1.0 0.273734 0.62263 1.0 0.258598 0.653523 1.0 0.268328 0.656863 1.0
0 0.262207 0.586727 0.049805 0.117647 0.261239 0.558581 1.0 0.273708 0.5571 1.0 0.283299 0.582284 1.0 0.267953 0.607466 1.0 0.275626 0.608207 1.0
0 0.391602 0.622926 0.056641 0.15083 0.39652 0.597487 1.0 0.409428 0.593689 1.0 0.414346 0.612677 1.0 0.398363 0.646857 1.0 0.40574 0.646857 1.0
0 0.420898 0.659125 0.037109 0.111614 0.419922 0.637867 1.0 0.43045 0.636454 1.0 0.437316 0.65625 1.0 0.42038 0.683116 1.0 0.431366 0.680995 1.0
0 0.681152 0.436652 0.045898 0.101056 0.685294 0.42194 1.0 0.695648 0.422579 1.0 0.702689 0.439851 1.0 0.690678 0.45968 1.0 0.697305 0.45968 1.0
0 0.541016 0.646305 0.046875 0.116139 0.542882 0.620825 1.0 0.557478 0.618644 1.0 0.562657 0.63537 1.0 0.545235 0.664459 1.0 0.556065 0.667367 1.0
0 0.682617 0.621418 0.060547 0.126697 0.687836 0.587011 1.0 0.70755 0.591017 1.0 0.710145 0.608644 1.0 0.688354 0.63749 1.0 0.701844 0.645504 1.0
0 0.800781 0.519608 0.050781 0.122172 0.795332 0.485846 1.0 0.817199 0.488149 1.0 0.816703 0.49736 1.0 0.800799 0.531903 1.0 0.819187 0.533439 1.0
0 0.878906 0.615385 0.052734 0.12368 0.878467 0.592926 1.0 0.896875 0.593122 1.0 0.895508 0.609246 1.0 0.882617 0.635611 1.0 0.896777 0.635943 1.0
0 0.90625 0.524133 0.052734 0.088989 0.0 0.0 0.0 0.0 0.0 0.0 0.0 0.0 0.0 0.0 0.0 0.0 0.0 0.0 0.0