0 0.523438 0.01683 0.033203 0.030856 0.514229 0.003306 1.0 0.527204 0.003006 1.0 0.520717 0.013224 1.0 0.516741 0.018634 1.0 0.526158 0.018934 1.0
0 0.611816 0.009818 0.022461 0.01683 0.0 0.0 0.0 0.0 0.0 0.0 0.0 0.0 0.0 0.0 0.0 0.0 0.0 0.0 0.0
0 0.723633 0.014025 0.033203 0.025245 0.0 0.0 0.0 0.0 0.0 0.0 0.0 0.0 0.0 0.0 0.0 0.0 0.0 0.0 0.0
0 0.896484 0.011921 0.027344 0.021038 0.0 0.0 0.0 0.0 0.0 0.0 0.0 0.0 0.0 0.0 0.0 0.0 0.0 0.0 0.0
0 0.962891 0.02244 0.037109 0.042076 0.95085 0.015659 1.0 0.964713 0.013337 1.0 0.956626 0.02462 1.0 0.955933 0.035238 1.0 0.962402 0.033912 1.0
0 0.413086 0.163394 0.041016 0.063114 0.403111 0.156282 1.0 0.418457 0.155079 1.0 0.411481 0.171108 1.0 0.404785 0.179122 1.0 0.418178 0.179523 1.0
0 0.529297 0.193548 0.035156 0.064516 0.525012 0.183619 1.0 0.539908 0.183619 1.0 0.534066 0.196623 1.0 0.524719 0.204174 1.0 0.536403 0.203335 1.0
0 0.619141 0.225105 0.03125 0.063114 0.615897 0.21371 1.0 0.629499 0.217373 1.0 0.622981 0.225512 1.0 0.611646 0.234059 1.0 0.627799 0.235279 1.0
0 0.67627 0.20547 0.032227 0.049088 0.664717 0.198194 1.0 0.680848 0.194125 1.0 0.673872 0.202891 1.0 0.671256 0.214787 1.0 0.683245 0.208839 1.0
0 0.763672 0.186536 0.03125 0.058906 0.757655 0.182778 1.0 0.769688 0.180149 1.0 0.764457 0.194425 1.0 0.758964 0.201187 1.0 0.76995 0.199309 1.0
0 0.844238 0.151473 0.03418 0.061711 0.838074 0.146426 1.0 0.851318 0.140603 1.0 0.847534 0.154578 1.0 0.841588 0.164283 1.0 0.853211 0.161178 1.0
0 0.973633 0.248247 0.03125 0.058906 0.963139 0.24533 1.0 0.978572 0.247546 1.0 0.968283 0.256042 1.0 0.963653 0.261583 1.0 0.972913 0.263799 1.0
0 0.955566 0.440393 0.032227 0.053296 0.948364 0.429704 1.0 0.962991 0.42695 1.0 0.956757 0.439003 1.0 0.951961 0.451745 1.0 0.96323 0.450367 1.0
0 0.859863 0.496494 0.02832 0.061711 0.0 0.0 0.0 0.0 0.0 0.0 0.0 0.0 0.0 0.0 0.0 0.0 0.0 0.0 0.0
0 0.785645 0.41094 0.038086 0.064516 0.77815 0.399656 1.0 0.79657 0.396808 1.0 0.789485 0.411052 1.0 0.782117 0.424482 1.0 0.795153 0.420412 1.0
0 0.669922 0.408135 0.035156 0.072931 0.664438 0.402098 1.0 0.679601 0.399783 1.0 0.673471 0.415536 1.0 0.667019 0.422948 1.0 0.677987 0.421558 1.0
0 0.59082 0.462833 0.03125 0.050491 0.584211 0.454042 1.0 0.597813 0.453066 1.0 0.591012 0.466088 1.0 0.584211 0.470973 1.0 0.597133 0.470647 1.0
0 0.498047 0.446003 0.037109 0.075736 0.489449 0.434607 1.0 0.506679 0.432229 1.0 0.498727 0.446504 1.0 0.493095 0.455546 1.0 0.508667 0.453641 1.0
0 0.036621 0.192847 0.038086 0.068724 0.030116 0.187231 1.0 0.044556 0.179454 1.0 0.039441 0.194143 1.0 0.035531 0.207968 1.0 0.04606 0.202784 1.0
0 0.130859 0.21669 0.03125 0.071529 0.0 0.0 0.0 0.0 0.0 0.0 0.0 0.0 0.0 0.0 0.0 0.0 0.0 0.0 0.0
0 0.229004 0.167602 0.038086 0.068724 0.223022 0.162957 1.0 0.236145 0.161641 1.0 0.230041 0.168654 1.0 0.22577 0.181802 1.0 0.238281 0.179173 1.0
0 0.318359 0.183731 0.033203 0.061711 0.314575 0.177506 1.0 0.328033 0.173168 1.0 0.324463 0.189735 1.0 0.316772 0.19368 1.0 0.328857 0.194074 1.0
0 0.400391 0.476157 0.035156 0.060309 0.39117 0.472338 1.0 0.407658 0.470811 1.0 0.400478 0.483414 1.0 0.396223 0.489143 1.0 0.405797 0.488762 1.0
0 0.283203 0.422861 0.041016 0.074334 0.27356 0.411597 1.0 0.289581 0.405022 1.0 0.284022 0.422398 1.0 0.281407 0.435077 1.0 0.293505 0.429912 1.0
0 0.165527 0.417952 0.036133 0.064516 0.159576 0.416438 1.0 0.171762 0.409519 1.0 0.168078 0.423356 1.0 0.164961 0.436379 1.0 0.175162 0.42824 1.0
0 0.077148 0.446704 0.035156 0.051893 0.0 0.0 0.0 0.0 0.0 0.0 0.0 0.0 0.0 0.0 0.0 0.0 0.0 0.0 0.0
0 0.081055 0.744741 0.037109 0.056101 0.073486 0.735975 1.0 0.089111 0.728612 1.0 0.084473 0.740884 1.0 0.077637 0.754208 1.0 0.091797 0.747896 1.0
0 0.157715 0.665498 0.038086 0.088359 0.149771 0.655217 1.0 0.163505 0.652962 1.0 0.158012 0.669868 1.0 0.154088 0.684519 1.0 0.165467 0.682265 1.0
0 0.266113 0.746844 0.040039 0.085554 0.260376 0.733759 1.0 0.277998 0.72945 1.0 0.274248 0.746143 1.0 0.266 0.758527 1.0 0.278373 0.757989 1.0
0 0.358398 0.667602 0.041016 0.067321 0.0 0.0 0.0 0.0 0.0 0.0 0.0 0.0 0.0 0.0 0.0 0.0 0.0 0.0 0.0
0 0.40625 0.7777 0.035156 0.071529 0.397914 0.772941 1.0 0.410784 0.765278 1.0 0.408272 0.781056 1.0 0.403564 0.793679 1.0 0.414551 0.787367 1.0
0 0.534668 0.727209 0.040039 0.074334 0.52342 0.722701 1.0 0.537999 0.717942 1.0 0.531372 0.732217 1.0 0.528059 0.745541 1.0 0.539655 0.743163 1.0
0 0.664551 0.706171 0.036133 0.082749 0.657393 0.702446 1.0 0.674809 0.705107 1.0 0.664433 0.71575 1.0 0.653687 0.726927 1.0 0.669991 0.728525 1.0
0 0.775391 0.740533 0.033203 0.078541 0.0 0.0 0.0 0.0 0.0 0.0 0.0 0.0 0.0 0.0 0.0 0.0 0.0 0.0 0.0
0 0.859863 0.769986 0.032227 0.072931 0.84919 0.766086 1.0 0.865422 0.773398 1.0 0.852691 0.787111 1.0 0.845372 0.792596 1.0 0.856511 0.79808 1.0
0 0.949219 0.697756 0.033203 0.065919 0.942793 0.691043 1.0 0.960902 0.6944 1.0 0.950972 0.70363 1.0 0.943669 0.718731 1.0 0.956813 0.72041 1.0