0 0.108887 0.156015 0.043945 0.06391 0.098214 0.140905 1.0 0.1189 0.145397 1.0 0.105853 0.147847 1.0 0.095668 0.166633 1.0 0.116354 0.168267 1.0
0 0.279297 0.195489 0.042969 0.070175 0.271484 0.179825 1.0 0.292411 0.18967 1.0 0.279157 0.190118 1.0 0.270089 0.199516 1.0 0.282994 0.210706 1.0
0 0.063965 0.388471 0.05957 0.080201 0.0 0.0 0.0 0.0 0.0 0.0 0.0 0.0 0.0 0.0 0.0 0.0 0.0 0.0 0.0
0 0.21875 0.410401 0.060547 0.093985 0.204834 0.387241 1.0 0.230713 0.392578 1.0 0.213152 0.3991 1.0 0.199751 0.420449 1.0 0.220546 0.426971 1.0
0 0.30957 0.505013 0.039062 0.065163 0.301662 0.503759 1.0 0.317147 0.506657 1.0 0.308437 0.512867 1.0 0.301984 0.521975 1.0 0.313599 0.524045 1.0
0 0.379395 0.548246 0.047852 0.086466 0.365295 0.540491 1.0 0.387512 0.539396 1.0 0.373413 0.558035 1.0 0.36615 0.571193 1.0 0.387512 0.570098 1.0
0 0.500488 0.535714 0.047852 0.078947 0.489912 0.523267 1.0 0.517072 0.525258 1.0 0.501164 0.535217 1.0 0.488748 0.552643 1.0 0.512805 0.55314 1.0
0 0.558105 0.513158 0.043945 0.068922 0.544887 0.498568 1.0 0.56733 0.496822 1.0 0.556108 0.497258 1.0 0.545227 0.525185 1.0 0.566311 0.523004 1.0
0 0.855469 0.158521 0.050781 0.056391 0.842773 0.141604 1.0 0.868164 0.139098 1.0 0.852539 0.14411 1.0 0.84082 0.16792 1.0 0.863281 0.16416 1.0
0 0.857422 0.455514 0.0625 0.109023 0.838867 0.434837 1.0 0.869141 0.429825 1.0 0.853516 0.442356 1.0 0.841797 0.471178 1.0 0.870117 0.469925 1.0
0 0.797363 0.486842 0.036133 0.071429 0.78677 0.48503 1.0 0.805485 0.479139 1.0 0.79701 0.490467 1.0 0.794186 0.507233 1.0 0.804073 0.505421 1.0
0 0.743164 0.489348 0.046875 0.086466 0.0 0.0 0.0 0.0 0.0 0.0 0.0 0.0 0.0 0.0 0.0 0.0 0.0 0.0 0.0
0 0.650879 0.465539 0.049805 0.078947 0.637975 0.453589 1.0 0.665135 0.454585 1.0 0.650391 0.458569 1.0 0.637975 0.48197 1.0 0.661255 0.485455 1.0
0 0.0625 0.394737 0.056641 0.092732 0.0 0.0 0.0 0.0 0.0 0.0 0.0 0.0 0.0 0.0 0.0 0.0 0.0 0.0 0.0