0 0.291992 0.625 0.048828 0.055195 0.278425 0.615631 1.0 0.277379 0.615631 1.0 0.267438 0.62711 1.0 0.278948 0.637546 1.0 0.277901 0.637546 1.0
0 0.120605 0.458117 0.032227 0.029221 0.108119 0.45334 1.0 0.120396 0.452968 1.0 0.112584 0.459277 1.0 0.109794 0.464286 1.0 0.117048 0.463358 1.0
0 0.163574 0.443506 0.043945 0.036364 0.148276 0.436082 1.0 0.160331 0.436999 1.0 0.144487 0.446388 1.0 0.145521 0.451197 1.0 0.156542 0.452113 1.0
0 0.282227 0.401623 0.042969 0.042208 0.29126 0.397545 1.0 0.299194 0.397545 1.0 0.302765 0.407305 1.0 0.289673 0.412318 1.0 0.296417 0.412053 1.0
0 0.343262 0.442208 0.030273 0.032468 0.0 0.0 0.0 0.0 0.0 0.0 0.0 0.0 0.0 0.0 0.0 0.0 0.0 0.0 0.0
0 0.495117 0.425 0.035156 0.030519 0.0 0.0 0.0 0.0 0.0 0.0 0.0 0.0 0.0 0.0 0.0 0.0 0.0 0.0 0.0
0 0.583984 0.254545 0.083984 0.071429 0.549927 0.250325 1.0 0.574768 0.238271 1.0 0.547912 0.251218 1.0 0.554627 0.270414 1.0 0.571411 0.261486 1.0
0 0.896484 0.403571 0.037109 0.035714 0.0 0.0 0.0 0.0 0.0 0.0 0.0 0.0 0.0 0.0 0.0 0.0 0.0 0.0 0.0
0 0.821289 0.4 0.041016 0.033766 0.0 0.0 0.0 0.0 0.0 0.0 0.0 0.0 0.0 0.0 0.0 0.0 0.0 0.0 0.0
0 0.397461 0.618182 0.074219 0.058442 0.369777 0.60939 1.0 0.397461 0.607549 1.0 0.373653 0.619698 1.0 0.376421 0.633688 1.0 0.393585 0.631847 1.0
0 0.990234 0.389286 0.019531 0.040909 0.0 0.0 0.0 0.0 0.0 0.0 0.0 0.0 0.0 0.0 0.0 0.0 0.0 0.0 0.0
0 0.927734 0.501948 0.052734 0.036364 0.909681 0.495669 1.0 0.926213 0.49544 1.0 0.909337 0.503227 1.0 0.906581 0.512616 1.0 0.916914 0.512616 1.0
0 0.913086 0.395455 0.027344 0.028571 0.0 0.0 0.0 0.0 0.0 0.0 0.0 0.0 0.0 0.0 0.0 0.0 0.0 0.0 0.0