0 0.052246 0.152995 0.012695 0.029948 0.0 0.0 0.0 0.0 0.0 0.0 0.0 0.0 0.0 0.0 0.0 0.0 0.0 0.0 0.0
0 0.063965 0.072266 0.012695 0.029948 0.0 0.0 0.0 0.0 0.0 0.0 0.0 0.0 0.0 0.0 0.0 0.0 0.0 0.0 0.0
0 0.080078 0.117188 0.037109 0.059896 0.069057 0.112816 1.0 0.083443 0.110514 1.0 0.077401 0.123559 1.0 0.075675 0.13315 1.0 0.086609 0.131232 1.0
0 0.128418 0.132812 0.03418 0.046875 0.114746 0.123745 1.0 0.128575 0.118605 1.0 0.122681 0.132208 1.0 0.122228 0.14309 1.0 0.134016 0.138858 1.0
0 0.165527 0.10026 0.03418 0.057292 0.154815 0.094849 1.0 0.169647 0.091186 1.0 0.163056 0.106201 1.0 0.15921 0.117188 1.0 0.172119 0.113892 1.0
0 0.193359 0.080729 0.021484 0.041667 0.0 0.0 0.0 0.0 0.0 0.0 0.0 0.0 0.0 0.0 0.0 0.0 0.0 0.0 0.0
0 0.219727 0.116536 0.037109 0.071615 0.206168 0.110898 1.0 0.22419 0.109991 1.0 0.21501 0.1245 1.0 0.210249 0.132661 1.0 0.225551 0.131755 1.0
0 0.275879 0.134115 0.038086 0.059896 0.263594 0.123757 1.0 0.281146 0.122221 1.0 0.272226 0.137184 1.0 0.266183 0.145241 1.0 0.284022 0.145241 1.0
0 0.32373 0.121094 0.045898 0.080729 0.308341 0.110835 1.0 0.328064 0.110835 1.0 0.316686 0.129546 1.0 0.312513 0.140672 1.0 0.328443 0.140672 1.0
0 0.398438 0.14974 0.046875 0.085938 0.385786 0.144223 1.0 0.408491 0.144764 1.0 0.395111 0.159901 1.0 0.386191 0.170172 1.0 0.406464 0.171253 1.0
0 0.833496 0.173177 0.083008 0.132812 0.80994 0.157564 1.0 0.840489 0.159227 1.0 0.816175 0.176682 1.0 0.80433 0.200788 1.0 0.831761 0.204944 1.0
0 0.712402 0.161458 0.063477 0.106771 0.693202 0.149995 1.0 0.720512 0.149995 1.0 0.703316 0.171573 1.0 0.694214 0.18843 1.0 0.714948 0.189779 1.0
0 0.566895 0.182292 0.053711 0.101562 0.548811 0.175305 1.0 0.573046 0.177839 1.0 0.558314 0.198747 1.0 0.550236 0.207618 1.0 0.573521 0.207618 1.0
0 0.483398 0.151693 0.050781 0.095052 0.46858 0.14141 1.0 0.487889 0.146199 1.0 0.471724 0.162365 1.0 0.466335 0.173142 1.0 0.484297 0.175536 1.0