0 0.169922 0.24451 0.042969 0.076135 0.160522 0.232802 1.0 0.181527 0.228985 1.0 0.172616 0.249026 1.0 0.166569 0.260477 1.0 0.180891 0.257615 1.0
0 0.27002 0.191069 0.041992 0.080527 0.26171 0.186258 1.0 0.279053 0.187278 1.0 0.270552 0.198493 1.0 0.26205 0.210731 1.0 0.277692 0.210731 1.0
0 0.374023 0.175695 0.037109 0.073206 0.36349 0.169107 1.0 0.379499 0.168637 1.0 0.371338 0.186048 1.0 0.363805 0.192637 1.0 0.380127 0.192637 1.0
0 0.5 0.137628 0.039062 0.070278 0.492593 0.13013 1.0 0.510341 0.129228 1.0 0.501918 0.144113 1.0 0.494397 0.152681 1.0 0.508536 0.153583 1.0
0 0.606445 0.15593 0.041016 0.071742 0.597717 0.148334 1.0 0.613892 0.147877 1.0 0.604736 0.164348 1.0 0.597107 0.171212 1.0 0.613892 0.171212 1.0
0 0.711426 0.170571 0.041992 0.086384 0.700684 0.167094 1.0 0.721191 0.165996 1.0 0.710938 0.183565 1.0 0.703979 0.190703 1.0 0.719727 0.189056 1.0
0 0.837891 0.198389 0.039062 0.077599 0.828247 0.193003 1.0 0.845577 0.193003 1.0 0.836095 0.208691 1.0 0.830209 0.218985 1.0 0.843941 0.218495 1.0
0 0.669922 0.426061 0.037109 0.079063 0.659162 0.418113 1.0 0.675066 0.422088 1.0 0.660819 0.433512 1.0 0.6585 0.442454 1.0 0.674072 0.446429 1.0
0 0.585938 0.384334 0.044922 0.074671 0.574947 0.379562 1.0 0.59436 0.379562 1.0 0.583858 0.3934 1.0 0.577175 0.401988 1.0 0.593087 0.401988 1.0
0 0.498535 0.374085 0.040039 0.071742 0.489807 0.366947 1.0 0.506592 0.366489 1.0 0.498047 0.380217 1.0 0.490723 0.389824 1.0 0.505981 0.388909 1.0
0 0.385254 0.382138 0.041992 0.084919 0.376805 0.376523 1.0 0.394897 0.378151 1.0 0.386213 0.390086 1.0 0.376443 0.399309 1.0 0.392727 0.399309 1.0
0 0.299805 0.423133 0.037109 0.070278 0.288051 0.412335 1.0 0.3091 0.411447 1.0 0.299613 0.428337 1.0 0.288644 0.435448 1.0 0.30732 0.434559 1.0