0 0.024902 0.193046 0.018555 0.059952 0.019549 0.185681 1.0 0.026925 0.182597 1.0 0.022845 0.198012 1.0 0.021275 0.208034 1.0 0.026769 0.203794 1.0
0 0.04248 0.269784 0.020508 0.05036 0.0 0.0 0.0 0.0 0.0 0.0 0.0 0.0 0.0 0.0 0.0 0.0 0.0 0.0 0.0
0 0.058594 0.119904 0.023438 0.047962 0.0 0.0 0.0 0.0 0.0 0.0 0.0 0.0 0.0 0.0 0.0 0.0 0.0 0.0 0.0
0 0.101562 0.070743 0.019531 0.035971 0.0 0.0 0.0 0.0 0.0 0.0 0.0 0.0 0.0 0.0 0.0 0.0 0.0 0.0 0.0
0 0.146484 0.081535 0.013672 0.038369 0.0 0.0 0.0 0.0 0.0 0.0 0.0 0.0 0.0 0.0 0.0 0.0 0.0 0.0 0.0
0 0.131348 0.219424 0.016602 0.045564 0.0 0.0 0.0 0.0 0.0 0.0 0.0 0.0 0.0 0.0 0.0 0.0 0.0 0.0 0.0
0 0.135254 0.334532 0.022461 0.064748 0.132193 0.32295 1.0 0.140524 0.322532 1.0 0.135424 0.334223 1.0 0.133214 0.350089 1.0 0.140015 0.346331 1.0
0 0.15332 0.447242 0.027344 0.079137 0.156459 0.427544 1.0 0.162318 0.427029 1.0 0.166295 0.438336 1.0 0.159599 0.456835 1.0 0.161481 0.459918 1.0
0 0.20459 0.045564 0.016602 0.038369 0.0 0.0 0.0 0.0 0.0 0.0 0.0 0.0 0.0 0.0 0.0 0.0 0.0 0.0 0.0
0 0.237305 0.08753 0.017578 0.045564 0.0 0.0 0.0 0.0 0.0 0.0 0.0 0.0 0.0 0.0 0.0 0.0 0.0 0.0 0.0
0 0.174316 0.285372 0.020508 0.06235 0.165279 0.273456 1.0 0.17286 0.267516 1.0 0.168344 0.284942 1.0 0.169957 0.296827 1.0 0.17286 0.293657 1.0
0 0.186523 0.419664 0.025391 0.071942 0.18416 0.406036 1.0 0.194846 0.403273 1.0 0.190347 0.418465 1.0 0.184723 0.433197 1.0 0.193908 0.430434 1.0
0 0.202148 0.503597 0.023438 0.067146 0.198173 0.492635 1.0 0.208636 0.491777 1.0 0.206194 0.506338 1.0 0.202532 0.521326 1.0 0.207764 0.520897 1.0
0 0.181641 0.651079 0.035156 0.083933 0.171814 0.636777 1.0 0.188489 0.628588 1.0 0.180263 0.644966 1.0 0.179151 0.670082 1.0 0.188935 0.664077 1.0
0 0.250977 0.410072 0.029297 0.091127 0.245763 0.394954 1.0 0.259652 0.398424 1.0 0.253767 0.40594 1.0 0.245527 0.425017 1.0 0.258476 0.427909 1.0
0 0.294922 0.41247 0.021484 0.06235 0.28997 0.399494 1.0 0.299578 0.397053 1.0 0.295934 0.410885 1.0 0.291295 0.422276 1.0 0.29875 0.421463 1.0
0 0.32373 0.422062 0.026367 0.086331 0.323687 0.407213 1.0 0.333915 0.410489 1.0 0.330802 0.424139 1.0 0.322798 0.437242 1.0 0.332136 0.439427 1.0
0 0.319824 0.545564 0.026367 0.064748 0.0 0.0 0.0 0.0 0.0 0.0 0.0 0.0 0.0 0.0 0.0 0.0 0.0 0.0 0.0
0 0.352051 0.459233 0.02832 0.079137 0.343902 0.452307 1.0 0.354968 0.450796 1.0 0.349435 0.469415 1.0 0.347181 0.481489 1.0 0.354763 0.47847 1.0
0 0.380371 0.365707 0.022461 0.069544 0.38136 0.348825 1.0 0.389404 0.348386 1.0 0.389583 0.361115 1.0 0.384757 0.379549 1.0 0.389226 0.379988 1.0
0 0.431641 0.532374 0.025391 0.076739 0.426025 0.51865 1.0 0.43525 0.51471 1.0 0.432242 0.526036 1.0 0.430036 0.546719 1.0 0.436854 0.544751 1.0
0 0.418945 0.303357 0.021484 0.059952 0.414708 0.293679 1.0 0.424125 0.292523 1.0 0.419573 0.304086 1.0 0.417376 0.317576 1.0 0.422084 0.317576 1.0
0 0.362793 0.298561 0.014648 0.045564 0.0 0.0 0.0 0.0 0.0 0.0 0.0 0.0 0.0 0.0 0.0 0.0 0.0 0.0 0.0
0 0.443848 0.351319 0.016602 0.035971 0.0 0.0 0.0 0.0 0.0 0.0 0.0 0.0 0.0 0.0 0.0 0.0 0.0 0.0 0.0
0 0.10498 0.290168 0.022461 0.06235 0.108363 0.288969 1.0 0.113848 0.28976 1.0 0.110944 0.305607 1.0 0.102557 0.321847 1.0 0.108848 0.326995 1.0
0 0.01416 0.603118 0.02832 0.103118 0.015197 0.575369 1.0 0.025739 0.575369 1.0 0.025199 0.597271 1.0 0.016819 0.621168 1.0 0.02628 0.619175 1.0
0 0.075195 0.64988 0.03125 0.091127 0.067897 0.633607 1.0 0.083671 0.631873 1.0 0.076372 0.64517 1.0 0.070016 0.672341 1.0 0.082258 0.671763 1.0
0 0.041992 0.568345 0.015625 0.071942 0.035087 0.549974 1.0 0.045829 0.549974 1.0 0.041225 0.565518 1.0 0.037772 0.582005 1.0 0.045062 0.582005 1.0
0 0.008789 0.485612 0.015625 0.05036 0.0 0.0 0.0 0.0 0.0 0.0 0.0 0.0 0.0 0.0 0.0 0.0 0.0 0.0 0.0
0 0.076172 0.492806 0.021484 0.079137 0.0 0.0 0.0 0.0 0.0 0.0 0.0 0.0 0.0 0.0 0.0 0.0 0.0 0.0 0.0
0 0.109863 0.610312 0.026367 0.074341 0.0 0.0 0.0 0.0 0.0 0.0 0.0 0.0 0.0 0.0 0.0 0.0 0.0 0.0 0.0
0 0.375488 0.565947 0.038086 0.081535 0.0 0.0 0.0 0.0 0.0 0.0 0.0 0.0 0.0 0.0 0.0 0.0 0.0 0.0 0.0
0 0.361816 0.178657 0.022461 0.064748 0.0 0.0 0.0 0.0 0.0 0.0 0.0 0.0 0.0 0.0 0.0 0.0 0.0 0.0 0.0
0 0.447266 0.063549 0.011719 0.05036 0.0 0.0 0.0 0.0 0.0 0.0 0.0 0.0 0.0 0.0 0.0 0.0 0.0 0.0 0.0
0 0.372559 0.110312 0.018555 0.071942 0.0 0.0 0.0 0.0 0.0 0.0 0.0 0.0 0.0 0.0 0.0 0.0 0.0 0.0 0.0
0 0.407227 0.104317 0.013672 0.031175 0.0 0.0 0.0 0.0 0.0 0.0 0.0 0.0 0.0 0.0 0.0 0.0 0.0 0.0 0.0
0 0.51416 0.139089 0.016602 0.052758 0.0 0.0 0.0 0.0 0.0 0.0 0.0 0.0 0.0 0.0 0.0 0.0 0.0 0.0 0.0
0 0.496582 0.153477 0.012695 0.043165 0.0 0.0 0.0 0.0 0.0 0.0 0.0 0.0 0.0 0.0 0.0 0.0 0.0 0.0 0.0
0 0.547363 0.118705 0.012695 0.035971 0.0 0.0 0.0 0.0 0.0 0.0 0.0 0.0 0.0 0.0 0.0 0.0 0.0 0.0 0.0
0 0.535645 0.16307 0.010742 0.038369 0.0 0.0 0.0 0.0 0.0 0.0 0.0 0.0 0.0 0.0 0.0 0.0 0.0 0.0 0.0
0 0.63916 0.260192 0.024414 0.074341 0.631317 0.246703 1.0 0.642107 0.246703 1.0 0.635045 0.26212 1.0 0.632887 0.280906 1.0 0.639949 0.279945 1.0
0 0.726562 0.218225 0.027344 0.067146 0.0 0.0 0.0 0.0 0.0 0.0 0.0 0.0 0.0 0.0 0.0 0.0 0.0 0.0 0.0
0 0.618164 0.155875 0.015625 0.043165 0.0 0.0 0.0 0.0 0.0 0.0 0.0 0.0 0.0 0.0 0.0 0.0 0.0 0.0 0.0
0 0.6875 0.100719 0.019531 0.052758 0.0 0.0 0.0 0.0 0.0 0.0 0.0 0.0 0.0 0.0 0.0 0.0 0.0 0.0 0.0
0 0.719727 0.057554 0.011719 0.033573 0.0 0.0 0.0 0.0 0.0 0.0 0.0 0.0 0.0 0.0 0.0 0.0 0.0 0.0 0.0
0 0.477539 0.276978 0.021484 0.05036 0.0 0.0 0.0 0.0 0.0 0.0 0.0 0.0 0.0 0.0 0.0 0.0 0.0 0.0 0.0
0 0.516602 0.235012 0.023438 0.06235 0.0 0.0 0.0 0.0 0.0 0.0 0.0 0.0 0.0 0.0 0.0 0.0 0.0 0.0 0.0
0 0.569824 0.261391 0.016602 0.052758 0.566337 0.252827 1.0 0.571777 0.251799 1.0 0.569545 0.262077 1.0 0.567174 0.273038 1.0 0.573173 0.271326 1.0
0 0.618652 0.302158 0.016602 0.047962 0.0 0.0 0.0 0.0 0.0 0.0 0.0 0.0 0.0 0.0 0.0 0.0 0.0 0.0 0.0
0 0.499023 0.792566 0.025391 0.064748 0.0 0.0 0.0 0.0 0.0 0.0 0.0 0.0 0.0 0.0 0.0 0.0 0.0 0.0 0.0
0 0.609863 0.43765 0.045898 0.141487 0.599976 0.409472 1.0 0.620117 0.413969 1.0 0.610596 0.422062 1.0 0.601807 0.461631 1.0 0.616821 0.466127 1.0
0 0.672363 0.418465 0.030273 0.098321 0.662101 0.40154 1.0 0.676505 0.399012 1.0 0.668788 0.412909 1.0 0.665444 0.438175 1.0 0.675219 0.434384 1.0
0 0.771484 0.497602 0.035156 0.127098 0.762656 0.481544 1.0 0.778351 0.48636 1.0 0.767561 0.499209 1.0 0.759713 0.527309 1.0 0.776062 0.530523 1.0
0 0.773438 0.346523 0.029297 0.098321 0.0 0.0 0.0 0.0 0.0 0.0 0.0 0.0 0.0 0.0 0.0 0.0 0.0 0.0 0.0
0 0.822754 0.294964 0.022461 0.076739 0.0 0.0 0.0 0.0 0.0 0.0 0.0 0.0 0.0 0.0 0.0 0.0 0.0 0.0 0.0
0 0.878906 0.428058 0.017578 0.083933 0.874595 0.408947 1.0 0.887713 0.407856 1.0 0.879931 0.423691 1.0 0.87704 0.44553 1.0 0.8846 0.444983 1.0
0 0.65918 0.103118 0.015625 0.038369 0.0 0.0 0.0 0.0 0.0 0.0 0.0 0.0 0.0 0.0 0.0 0.0 0.0 0.0 0.0
0 0.637695 0.185851 0.017578 0.040767 0.0 0.0 0.0 0.0 0.0 0.0 0.0 0.0 0.0 0.0 0.0 0.0 0.0 0.0 0.0
0 0.597168 0.147482 0.010742 0.035971 0.0 0.0 0.0 0.0 0.0 0.0 0.0 0.0 0.0 0.0 0.0 0.0 0.0 0.0 0.0
0 0.766602 0.215827 0.025391 0.071942 0.0 0.0 0.0 0.0 0.0 0.0 0.0 0.0 0.0 0.0 0.0 0.0 0.0 0.0 0.0
0 0.884766 0.211031 0.025391 0.057554 0.0 0.0 0.0 0.0 0.0 0.0 0.0 0.0 0.0 0.0 0.0 0.0 0.0 0.0 0.0
0 0.825195 0.230216 0.019531 0.028777 0.0 0.0 0.0 0.0 0.0 0.0 0.0 0.0 0.0 0.0 0.0 0.0 0.0 0.0 0.0
0 0.907715 0.252998 0.026367 0.088729 0.899166 0.239818 1.0 0.911181 0.240386 1.0 0.902632 0.253436 1.0 0.898935 0.272161 1.0 0.910257 0.274998 1.0
0 0.875977 0.147482 0.021484 0.064748 0.0 0.0 0.0 0.0 0.0 0.0 0.0 0.0 0.0 0.0 0.0 0.0 0.0 0.0 0.0
0 0.77002 0.095923 0.014648 0.047962 0.0 0.0 0.0 0.0 0.0 0.0 0.0 0.0 0.0 0.0 0.0 0.0 0.0 0.0 0.0
0 0.801758 0.105516 0.017578 0.052758 0.0 0.0 0.0 0.0 0.0 0.0 0.0 0.0 0.0 0.0 0.0 0.0 0.0 0.0 0.0
0 0.870605 0.077938 0.022461 0.05036 0.0 0.0 0.0 0.0 0.0 0.0 0.0 0.0 0.0 0.0 0.0 0.0 0.0 0.0 0.0
0 0.912598 0.386091 0.032227 0.100719 0.902047 0.371177 1.0 0.91827 0.371832 1.0 0.907366 0.387504 1.0 0.901249 0.414933 1.0 0.918004 0.416892 1.0
0 0.975586 0.276978 0.027344 0.074341 0.0 0.0 0.0 0.0 0.0 0.0 0.0 0.0 0.0 0.0 0.0 0.0 0.0 0.0 0.0
0 0.938477 0.245803 0.023438 0.074341 0.0 0.0 0.0 0.0 0.0 0.0 0.0 0.0 0.0 0.0 0.0 0.0 0.0 0.0 0.0
0 0.92334 0.177458 0.016602 0.047962 0.0 0.0 0.0 0.0 0.0 0.0 0.0 0.0 0.0 0.0 0.0 0.0 0.0 0.0 0.0
0 0.977051 0.101918 0.026367 0.069544 0.974906 0.093376 1.0 0.986167 0.09601 1.0 0.979195 0.104787 1.0 0.973654 0.118396 1.0 0.983128 0.121468 1.0
0 0.927246 0.061151 0.016602 0.05036 0.0 0.0 0.0 0.0 0.0 0.0 0.0 0.0 0.0 0.0 0.0 0.0 0.0 0.0 0.0
0 0.813965 0.071942 0.014648 0.043165 0.0 0.0 0.0 0.0 0.0 0.0 0.0 0.0 0.0 0.0 0.0 0.0 0.0 0.0 0.0
0 0.837891 0.029976 0.013672 0.026379 0.0 0.0 0.0 0.0 0.0 0.0 0.0 0.0 0.0 0.0 0.0 0.0 0.0 0.0 0.0
0 0.89209 0.019185 0.014648 0.038369 0.0 0.0 0.0 0.0 0.0 0.0 0.0 0.0 0.0 0.0 0.0 0.0 0.0 0.0 0.0
0 0.786621 0.056355 0.010742 0.035971 0.0 0.0 0.0 0.0 0.0 0.0 0.0 0.0 0.0 0.0 0.0 0.0 0.0 0.0 0.0
0 0.80957 0.022782 0.013672 0.031175 0.0 0.0 0.0 0.0 0.0 0.0 0.0 0.0 0.0 0.0 0.0 0.0 0.0 0.0 0.0
0 0.574219 0.220624 0.021484 0.052758 0.0 0.0 0.0 0.0 0.0 0.0 0.0 0.0 0.0 0.0 0.0 0.0 0.0 0.0 0.0
0 0.548828 0.214628 0.021484 0.059952 0.544242 0.19994 1.0 0.550362 0.200326 1.0 0.541417 0.213043 1.0 0.542672 0.223451 1.0 0.543144 0.223835 1.0
0 0.578125 0.152278 0.017578 0.040767 0.0 0.0 0.0 0.0 0.0 0.0 0.0 0.0 0.0 0.0 0.0 0.0 0.0 0.0 0.0
0 0.561035 0.147482 0.018555 0.045564 0.0 0.0 0.0 0.0 0.0 0.0 0.0 0.0 0.0 0.0 0.0 0.0 0.0 0.0 0.0
0 0.722168 0.378897 0.02832 0.095923 0.0 0.0 0.0 0.0 0.0 0.0 0.0 0.0 0.0 0.0 0.0 0.0 0.0 0.0 0.0