0 0.101562 0.050512 0.021484 0.051245 0.094047 0.045205 1.0 0.105164 0.044552 1.0 0.100368 0.055663 1.0 0.095572 0.066775 1.0 0.106035 0.066448 1.0
0 0.013672 0.107613 0.021484 0.051245 0.016605 0.104613 1.0 0.020386 0.103947 1.0 0.023943 0.113947 1.0 0.015494 0.123281 1.0 0.018385 0.123281 1.0
0 0.120605 0.145681 0.016602 0.048316 0.0 0.0 0.0 0.0 0.0 0.0 0.0 0.0 0.0 0.0 0.0 0.0 0.0 0.0 0.0
0 0.159668 0.091508 0.020508 0.036603 0.166085 0.087012 1.0 0.167655 0.087012 1.0 0.168439 0.09454 1.0 0.165458 0.099482 1.0 0.166085 0.099717 1.0
0 0.203125 0.0959 0.021484 0.048316 0.203265 0.088266 1.0 0.210798 0.08858 1.0 0.208705 0.099561 1.0 0.202846 0.103012 1.0 0.209752 0.105521 1.0
0 0.169434 0.056369 0.022461 0.045388 0.0 0.0 0.0 0.0 0.0 0.0 0.0 0.0 0.0 0.0 0.0 0.0 0.0 0.0 0.0
0 0.172852 0.147145 0.021484 0.045388 0.0 0.0 0.0 0.0 0.0 0.0 0.0 0.0 0.0 0.0 0.0 0.0 0.0 0.0 0.0
0 0.12207 0.339678 0.027344 0.04978 0.127197 0.329978 1.0 0.130401 0.329657 1.0 0.136597 0.339587 1.0 0.125274 0.354319 1.0 0.128479 0.35496 1.0
0 0.214355 0.319912 0.024414 0.045388 0.0 0.0 0.0 0.0 0.0 0.0 0.0 0.0 0.0 0.0 0.0 0.0 0.0 0.0 0.0
0 0.25293 0.3653 0.029297 0.060029 0.249154 0.353953 1.0 0.262303 0.354712 1.0 0.256993 0.366464 1.0 0.250166 0.375183 1.0 0.260786 0.375941 1.0
0 0.314453 0.278184 0.027344 0.052709 0.306554 0.271164 1.0 0.317671 0.271164 1.0 0.310259 0.28293 1.0 0.306989 0.293388 1.0 0.31549 0.293714 1.0
0 0.325684 0.355783 0.024414 0.052709 0.328487 0.348384 1.0 0.337158 0.348717 1.0 0.333378 0.361385 1.0 0.326041 0.367719 1.0 0.335602 0.369385 1.0
0 0.233398 0.242313 0.027344 0.057101 0.0 0.0 0.0 0.0 0.0 0.0 0.0 0.0 0.0 0.0 0.0 0.0 0.0 0.0 0.0
0 0.063477 0.514641 0.029297 0.060029 0.0 0.0 0.0 0.0 0.0 0.0 0.0 0.0 0.0 0.0 0.0 0.0 0.0 0.0 0.0
0 0.081055 0.397511 0.025391 0.051245 0.082746 0.388936 1.0 0.091466 0.387628 1.0 0.089722 0.399394 1.0 0.085362 0.408217 1.0 0.093428 0.406583 1.0
0 0.148926 0.442167 0.03418 0.058565 0.0 0.0 0.0 0.0 0.0 0.0 0.0 0.0 0.0 0.0 0.0 0.0 0.0 0.0 0.0
0 0.152832 0.537335 0.036133 0.064422 0.159965 0.528577 1.0 0.167533 0.52493 1.0 0.168344 0.539113 1.0 0.156181 0.552081 1.0 0.161856 0.551271 1.0
0 0.181641 0.564422 0.025391 0.060029 0.185268 0.557173 1.0 0.189897 0.557944 1.0 0.191441 0.574141 1.0 0.180638 0.581469 1.0 0.182953 0.581854 1.0
0 0.326172 0.472182 0.03125 0.060029 0.328744 0.457912 1.0 0.339033 0.45637 1.0 0.338775 0.469097 1.0 0.329516 0.48028 1.0 0.339547 0.481051 1.0
0 0.271484 0.552709 0.023438 0.065886 0.277692 0.539009 1.0 0.280204 0.540682 1.0 0.282157 0.55616 1.0 0.273786 0.559088 1.0 0.274902 0.560343 1.0
0 0.285156 0.640556 0.029297 0.060029 0.288783 0.63053 1.0 0.298301 0.640941 1.0 0.295729 0.64557 1.0 0.285183 0.650198 1.0 0.292385 0.655982 1.0
0 0.371094 0.649341 0.035156 0.065886 0.372559 0.634804 1.0 0.385114 0.634387 1.0 0.382324 0.64819 1.0 0.369489 0.660322 1.0 0.38372 0.659903 1.0
0 0.387695 0.397511 0.029297 0.057101 0.387939 0.386164 1.0 0.399414 0.38653 1.0 0.396729 0.398609 1.0 0.389893 0.40593 1.0 0.397705 0.407394 1.0
0 0.4375 0.31552 0.025391 0.054173 0.0 0.0 0.0 0.0 0.0 0.0 0.0 0.0 0.0 0.0 0.0 0.0 0.0 0.0 0.0
0 0.479492 0.324305 0.025391 0.051245 0.479156 0.315474 1.0 0.490051 0.316755 1.0 0.484711 0.327644 1.0 0.478943 0.336612 1.0 0.488342 0.338214 1.0
0 0.014648 0.806003 0.017578 0.062958 0.010746 0.797231 1.0 0.018725 0.795237 1.0 0.020586 0.804807 1.0 0.015268 0.817965 1.0 0.02032 0.817965 1.0
0 0.429199 0.508785 0.02832 0.051245 0.432635 0.496615 1.0 0.443752 0.498249 1.0 0.43961 0.508053 1.0 0.433289 0.52276 1.0 0.441354 0.523739 1.0
0 0.429688 0.63104 0.035156 0.055637 0.428729 0.623575 1.0 0.441912 0.616515 1.0 0.441677 0.631693 1.0 0.430848 0.646164 1.0 0.444502 0.641575 1.0
0 0.088867 0.85798 0.021484 0.04978 0.0 0.0 0.0 0.0 0.0 0.0 0.0 0.0 0.0 0.0 0.0 0.0 0.0 0.0 0.0
0 0.06543 0.872621 0.027344 0.043924 0.0 0.0 0.0 0.0 0.0 0.0 0.0 0.0 0.0 0.0 0.0 0.0 0.0 0.0 0.0
0 0.594238 0.710102 0.03418 0.070278 0.594447 0.698991 1.0 0.607195 0.702546 1.0 0.604823 0.713214 1.0 0.592669 0.723881 1.0 0.601859 0.72877 1.0
0 0.432617 0.568814 0.023438 0.04246 0.0 0.0 0.0 0.0 0.0 0.0 0.0 0.0 0.0 0.0 0.0 0.0 0.0 0.0 0.0
0 0.543945 0.355783 0.027344 0.04978 0.541713 0.347102 1.0 0.552386 0.346163 1.0 0.549456 0.353691 1.0 0.545271 0.364359 1.0 0.552804 0.364672 1.0
0 0.57373 0.602489 0.020508 0.057101 0.566537 0.595272 1.0 0.577567 0.59707 1.0 0.569414 0.607496 1.0 0.565817 0.616123 1.0 0.57349 0.617202 1.0
0 0.241211 0.887262 0.017578 0.052709 0.0 0.0 0.0 0.0 0.0 0.0 0.0 0.0 0.0 0.0 0.0 0.0 0.0 0.0 0.0
0 0.273438 0.013909 0.023438 0.027818 0.0 0.0 0.0 0.0 0.0 0.0 0.0 0.0 0.0 0.0 0.0 0.0 0.0 0.0 0.0
0 0.374512 0.125915 0.018555 0.032211 0.0 0.0 0.0 0.0 0.0 0.0 0.0 0.0 0.0 0.0 0.0 0.0 0.0 0.0 0.0
0 0.383301 0.0959 0.016602 0.036603 0.0 0.0 0.0 0.0 0.0 0.0 0.0 0.0 0.0 0.0 0.0 0.0 0.0 0.0 0.0
0 0.399902 0.016837 0.020508 0.033675 0.0 0.0 0.0 0.0 0.0 0.0 0.0 0.0 0.0 0.0 0.0 0.0 0.0 0.0 0.0
0 0.458496 0.041728 0.022461 0.048316 0.0 0.0 0.0 0.0 0.0 0.0 0.0 0.0 0.0 0.0 0.0 0.0 0.0 0.0 0.0
0 0.48584 0.054173 0.024414 0.035139 0.0 0.0 0.0 0.0 0.0 0.0 0.0 0.0 0.0 0.0 0.0 0.0 0.0 0.0 0.0
0 0.334961 0.22694 0.019531 0.038067 0.0 0.0 0.0 0.0 0.0 0.0 0.0 0.0 0.0 0.0 0.0 0.0 0.0 0.0 0.0
0 0.382812 0.229136 0.021484 0.045388 0.0 0.0 0.0 0.0 0.0 0.0 0.0 0.0 0.0 0.0 0.0 0.0 0.0 0.0 0.0
0 0.631348 0.059297 0.024414 0.02489 0.0 0.0 0.0 0.0 0.0 0.0 0.0 0.0 0.0 0.0 0.0 0.0 0.0 0.0 0.0
0 0.635254 0.103221 0.018555 0.036603 0.0 0.0 0.0 0.0 0.0 0.0 0.0 0.0 0.0 0.0 0.0 0.0 0.0 0.0 0.0
0 0.705566 0.051977 0.026367 0.039531 0.70238 0.044362 1.0 0.713432 0.043343 1.0 0.709351 0.052264 1.0 0.70595 0.059146 1.0 0.712581 0.058637 1.0
0 0.720215 0.153734 0.018555 0.040996 0.0 0.0 0.0 0.0 0.0 0.0 0.0 0.0 0.0 0.0 0.0 0.0 0.0 0.0 0.0
0 0.765625 0.142753 0.025391 0.04246 0.0 0.0 0.0 0.0 0.0 0.0 0.0 0.0 0.0 0.0 0.0 0.0 0.0 0.0 0.0
0 0.82373 0.085652 0.026367 0.045388 0.0 0.0 0.0 0.0 0.0 0.0 0.0 0.0 0.0 0.0 0.0 0.0 0.0 0.0 0.0
0 0.936035 0.098829 0.022461 0.04246 0.934692 0.093155 1.0 0.943848 0.092331 1.0 0.940734 0.101391 1.0 0.935425 0.111274 1.0 0.943115 0.110999 1.0
0 0.906738 0.168375 0.022461 0.040996 0.0 0.0 0.0 0.0 0.0 0.0 0.0 0.0 0.0 0.0 0.0 0.0 0.0 0.0 0.0
0 0.786621 0.190337 0.020508 0.035139 0.0 0.0 0.0 0.0 0.0 0.0 0.0 0.0 0.0 0.0 0.0 0.0 0.0 0.0 0.0
0 0.752441 0.196193 0.022461 0.043924 0.0 0.0 0.0 0.0 0.0 0.0 0.0 0.0 0.0 0.0 0.0 0.0 0.0 0.0 0.0
0 0.625488 0.33675 0.02832 0.046852 0.0 0.0 0.0 0.0 0.0 0.0 0.0 0.0 0.0 0.0 0.0 0.0 0.0 0.0 0.0
0 0.891113 0.323572 0.026367 0.052709 0.882429 0.310212 1.0 0.896711 0.311572 1.0 0.889457 0.321089 1.0 0.884469 0.332305 1.0 0.893764 0.331965 1.0
0 0.683594 0.355783 0.021484 0.061493 0.684151 0.347652 1.0 0.690168 0.347652 1.0 0.693046 0.359417 1.0 0.685198 0.371968 1.0 0.689906 0.371575 1.0
0 0.73584 0.371157 0.024414 0.057101 0.0 0.0 0.0 0.0 0.0 0.0 0.0 0.0 0.0 0.0 0.0 0.0 0.0 0.0 0.0
0 0.855957 0.068082 0.018555 0.039531 0.0 0.0 0.0 0.0 0.0 0.0 0.0 0.0 0.0 0.0 0.0 0.0 0.0 0.0 0.0
0 0.793457 0.300878 0.010742 0.045388 0.0 0.0 0.0 0.0 0.0 0.0 0.0 0.0 0.0 0.0 0.0 0.0 0.0 0.0 0.0
0 0.922852 0.064422 0.021484 0.040996 0.0 0.0 0.0 0.0 0.0 0.0 0.0 0.0 0.0 0.0 0.0 0.0 0.0 0.0 0.0
0 0.82959 0.018302 0.016602 0.033675 0.0 0.0 0.0 0.0 0.0 0.0 0.0 0.0 0.0 0.0 0.0 0.0 0.0 0.0 0.0
0 0.982422 0.188873 0.021484 0.043924 0.979423 0.181114 1.0 0.988046 0.180552 1.0 0.984297 0.189546 1.0 0.980172 0.196572 1.0 0.987671 0.195729 1.0
0 0.986328 0.379941 0.025391 0.045388 0.986956 0.373745 1.0 0.99578 0.372019 1.0 0.993095 0.38266 1.0 0.986188 0.386687 1.0 0.996931 0.385536 1.0
0 0.755859 0.401171 0.027344 0.052709 0.748077 0.389772 1.0 0.759194 0.389772 1.0 0.752969 0.398105 1.0 0.749634 0.409773 1.0 0.759194 0.409107 1.0
0 0.658203 0.446559 0.029297 0.055637 0.658892 0.439148 1.0 0.669957 0.443382 1.0 0.667132 0.452559 1.0 0.657715 0.460678 1.0 0.668073 0.464208 1.0
0 0.657715 0.596633 0.02832 0.033675 0.647889 0.594802 1.0 0.664734 0.596723 1.0 0.656311 0.606881 1.0 0.651367 0.614293 1.0 0.660522 0.615391 1.0
0 0.632812 0.570278 0.025391 0.062958 0.0 0.0 0.0 0.0 0.0 0.0 0.0 0.0 0.0 0.0 0.0 0.0 0.0 0.0 0.0
0 0.754883 0.47877 0.023438 0.064422 0.0 0.0 0.0 0.0 0.0 0.0 0.0 0.0 0.0 0.0 0.0 0.0 0.0 0.0 0.0
0 0.801758 0.585652 0.035156 0.058565 0.79456 0.575233 1.0 0.809967 0.574859 1.0 0.801518 0.587527 1.0 0.794312 0.595351 1.0 0.808973 0.595723 1.0
0 0.745117 0.615666 0.033203 0.060029 0.744397 0.607261 1.0 0.755201 0.608032 1.0 0.7516 0.621915 1.0 0.743884 0.6277 1.0 0.752886 0.630398 1.0
0 0.860352 0.449488 0.029297 0.052709 0.0 0.0 0.0 0.0 0.0 0.0 0.0 0.0 0.0 0.0 0.0 0.0 0.0 0.0 0.0
0 0.92627 0.458272 0.02832 0.046852 0.0 0.0 0.0 0.0 0.0 0.0 0.0 0.0 0.0 0.0 0.0 0.0 0.0 0.0 0.0
0 0.912109 0.518302 0.03125 0.061493 0.0 0.0 0.0 0.0 0.0 0.0 0.0 0.0 0.0 0.0 0.0 0.0 0.0 0.0 0.0
0 0.936035 0.532943 0.026367 0.04978 0.938263 0.525805 1.0 0.94574 0.526766 1.0 0.946381 0.536694 1.0 0.937622 0.543101 1.0 0.944244 0.544061 1.0
0 0.938965 0.418741 0.022461 0.043924 0.0 0.0 0.0 0.0 0.0 0.0 0.0 0.0 0.0 0.0 0.0 0.0 0.0 0.0 0.0
0 0.528809 0.179356 0.018555 0.04246 0.533081 0.173682 1.0 0.533081 0.173408 1.0 0.535828 0.180545 1.0 0.533996 0.190428 1.0 0.534363 0.18988 1.0
0 0.535645 0.633968 0.03418 0.055637 0.0 0.0 0.0 0.0 0.0 0.0 0.0 0.0 0.0 0.0 0.0 0.0 0.0 0.0 0.0
0 0.640625 0.652269 0.011719 0.039531 0.0 0.0 0.0 0.0 0.0 0.0 0.0 0.0 0.0 0.0 0.0 0.0 0.0 0.0 0.0
0 0.677734 0.660322 0.033203 0.043924 0.0 0.0 0.0 0.0 0.0 0.0 0.0 0.0 0.0 0.0 0.0 0.0 0.0 0.0 0.0
0 0.776855 0.699854 0.024414 0.058565 0.784965 0.691135 1.0 0.786987 0.691135 1.0 0.789769 0.705161 1.0 0.781172 0.715018 1.0 0.783194 0.715018 1.0
0 0.800781 0.710102 0.023438 0.055637 0.798645 0.697697 1.0 0.809239 0.698403 1.0 0.806649 0.709344 1.0 0.797232 0.717463 1.0 0.809475 0.720638 1.0
0 0.947266 0.670571 0.035156 0.06735 0.948194 0.666865 1.0 0.96038 0.66899 1.0 0.956695 0.682584 1.0 0.945077 0.691082 1.0 0.953578 0.693206 1.0
0 0.929199 0.777452 0.024414 0.055637 0.932557 0.773126 1.0 0.938311 0.774204 1.0 0.934954 0.786786 1.0 0.929439 0.792898 1.0 0.936393 0.794335 1.0
0 0.985352 0.531479 0.027344 0.04978 0.984515 0.522694 1.0 0.998744 0.521439 1.0 0.995605 0.530224 1.0 0.991211 0.541518 1.0 0.999163 0.539009 1.0
0 0.835938 0.762079 0.025391 0.062958 0.0 0.0 0.0 0.0 0.0 0.0 0.0 0.0 0.0 0.0 0.0 0.0 0.0 0.0 0.0
0 0.86084 0.666179 0.02832 0.061493 0.0 0.0 0.0 0.0 0.0 0.0 0.0 0.0 0.0 0.0 0.0 0.0 0.0 0.0 0.0
0 0.717285 0.54246 0.020508 0.054173 0.0 0.0 0.0 0.0 0.0 0.0 0.0 0.0 0.0 0.0 0.0 0.0 0.0 0.0 0.0
0 0.367188 0.374085 0.023438 0.039531 0.0 0.0 0.0 0.0 0.0 0.0 0.0 0.0 0.0 0.0 0.0 0.0 0.0 0.0 0.0
0 0.205078 0.79429 0.013672 0.057101 0.0 0.0 0.0 0.0 0.0 0.0 0.0 0.0 0.0 0.0 0.0 0.0 0.0 0.0 0.0
0 0.272949 0.796486 0.012695 0.040996 0.0 0.0 0.0 0.0 0.0 0.0 0.0 0.0 0.0 0.0 0.0 0.0 0.0 0.0 0.0
0 0.636719 0.170571 0.017578 0.048316 0.0 0.0 0.0 0.0 0.0 0.0 0.0 0.0 0.0 0.0 0.0 0.0 0.0 0.0 0.0
0 0.006348 0.330893 0.012695 0.058565 0.0 0.0 0.0 0.0 0.0 0.0 0.0 0.0 0.0 0.0 0.0 0.0 0.0 0.0 0.0