0 0.019531 0.133968 0.029297 0.051245 0.018642 0.125634 1.0 0.030204 0.1273 1.0 0.027091 0.134968 1.0 0.018197 0.144968 1.0 0.025313 0.146968 1.0
0 0.040527 0.17716 0.03418 0.06735 0.041966 0.175865 1.0 0.051749 0.175865 1.0 0.048872 0.187944 1.0 0.041966 0.199592 1.0 0.050022 0.200455 1.0
0 0.07666 0.192533 0.030273 0.051245 0.0 0.0 0.0 0.0 0.0 0.0 0.0 0.0 0.0 0.0 0.0 0.0 0.0 0.0 0.0
0 0.078613 0.233529 0.036133 0.060029 0.079119 0.224835 1.0 0.087969 0.222182 1.0 0.086958 0.235072 1.0 0.082659 0.246444 1.0 0.088475 0.245307 1.0
0 0.127441 0.221816 0.032227 0.062958 0.0 0.0 0.0 0.0 0.0 0.0 0.0 0.0 0.0 0.0 0.0 0.0 0.0 0.0 0.0
0 0.138184 0.181552 0.026367 0.04978 0.0 0.0 0.0 0.0 0.0 0.0 0.0 0.0 0.0 0.0 0.0 0.0 0.0 0.0 0.0
0 0.173828 0.234261 0.027344 0.04978 0.0 0.0 0.0 0.0 0.0 0.0 0.0 0.0 0.0 0.0 0.0 0.0 0.0 0.0 0.0
0 0.171387 0.179356 0.018555 0.027818 0.0 0.0 0.0 0.0 0.0 0.0 0.0 0.0 0.0 0.0 0.0 0.0 0.0 0.0 0.0
0 0.15625 0.143485 0.029297 0.04978 0.0 0.0 0.0 0.0 0.0 0.0 0.0 0.0 0.0 0.0 0.0 0.0 0.0 0.0 0.0
0 0.251953 0.161786 0.03125 0.051245 0.244489 0.159747 1.0 0.258658 0.15942 1.0 0.250593 0.169878 1.0 0.245361 0.18295 1.0 0.255824 0.183605 1.0
0 0.29834 0.213031 0.02832 0.060029 0.0 0.0 0.0 0.0 0.0 0.0 0.0 0.0 0.0 0.0 0.0 0.0 0.0 0.0 0.0
0 0.206543 0.226208 0.02832 0.054173 0.0 0.0 0.0 0.0 0.0 0.0 0.0 0.0 0.0 0.0 0.0 0.0 0.0 0.0 0.0
0 0.237793 0.243045 0.022461 0.04978 0.0 0.0 0.0 0.0 0.0 0.0 0.0 0.0 0.0 0.0 0.0 0.0 0.0 0.0 0.0
0 0.14502 0.327233 0.038086 0.083455 0.137154 0.317925 1.0 0.138228 0.318461 1.0 0.127502 0.32918 1.0 0.13358 0.345796 1.0 0.135367 0.346332 1.0
0 0.230957 0.32284 0.036133 0.077599 0.225237 0.29882 1.0 0.22818 0.302252 1.0 0.215755 0.316958 1.0 0.220333 0.336076 1.0 0.221313 0.336076 1.0
0 0.408691 0.428258 0.040039 0.057101 0.402893 0.418048 1.0 0.416295 0.420322 1.0 0.409721 0.430558 1.0 0.402893 0.440037 1.0 0.410984 0.441931 1.0
0 0.392578 0.262079 0.029297 0.052709 0.0 0.0 0.0 0.0 0.0 0.0 0.0 0.0 0.0 0.0 0.0 0.0 0.0 0.0 0.0
0 0.393066 0.228404 0.024414 0.043924 0.0 0.0 0.0 0.0 0.0 0.0 0.0 0.0 0.0 0.0 0.0 0.0 0.0 0.0 0.0
0 0.456543 0.292826 0.026367 0.055637 0.0 0.0 0.0 0.0 0.0 0.0 0.0 0.0 0.0 0.0 0.0 0.0 0.0 0.0 0.0
0 0.446289 0.25549 0.029297 0.051245 0.0 0.0 0.0 0.0 0.0 0.0 0.0 0.0 0.0 0.0 0.0 0.0 0.0 0.0 0.0
0 0.48291 0.286237 0.045898 0.124451 0.475646 0.273105 1.0 0.476685 0.274662 1.0 0.463195 0.289441 1.0 0.473572 0.311218 1.0 0.474609 0.312775 1.0
0 0.571777 0.261347 0.018555 0.057101 0.0 0.0 0.0 0.0 0.0 0.0 0.0 0.0 0.0 0.0 0.0 0.0 0.0 0.0 0.0
0 0.665039 0.288433 0.068359 0.122987 0.648115 0.259204 1.0 0.677438 0.276171 1.0 0.658918 0.280799 1.0 0.642456 0.303165 1.0 0.667664 0.318592 1.0
0 0.747559 0.352855 0.02832 0.058565 0.0 0.0 0.0 0.0 0.0 0.0 0.0 0.0 0.0 0.0 0.0 0.0 0.0 0.0 0.0
0 0.726562 0.262811 0.017578 0.045388 0.0 0.0 0.0 0.0 0.0 0.0 0.0 0.0 0.0 0.0 0.0 0.0 0.0 0.0 0.0
0 0.804199 0.284041 0.03418 0.055637 0.0 0.0 0.0 0.0 0.0 0.0 0.0 0.0 0.0 0.0 0.0 0.0 0.0 0.0 0.0
0 0.859375 0.263543 0.033203 0.058565 0.857636 0.256105 1.0 0.867327 0.256477 1.0 0.865836 0.265419 1.0 0.860369 0.277341 1.0 0.868321 0.277714 1.0
0 0.822266 0.362372 0.03125 0.048316 0.0 0.0 0.0 0.0 0.0 0.0 0.0 0.0 0.0 0.0 0.0 0.0 0.0 0.0 0.0
0 0.866699 0.381406 0.030273 0.051245 0.0 0.0 0.0 0.0 0.0 0.0 0.0 0.0 0.0 0.0 0.0 0.0 0.0 0.0 0.0
0 0.884766 0.320644 0.021484 0.046852 0.0 0.0 0.0 0.0 0.0 0.0 0.0 0.0 0.0 0.0 0.0 0.0 0.0 0.0 0.0
0 0.914062 0.316984 0.033203 0.062958 0.902274 0.310173 1.0 0.917141 0.310173 1.0 0.908491 0.319493 1.0 0.903085 0.32841 1.0 0.915248 0.32841 1.0
0 0.945312 0.368228 0.027344 0.060029 0.0 0.0 0.0 0.0 0.0 0.0 0.0 0.0 0.0 0.0 0.0 0.0 0.0 0.0 0.0
0 0.98291 0.284773 0.02832 0.054173 0.97287 0.277845 1.0 0.985116 0.277152 1.0 0.976104 0.285813 1.0 0.975874 0.301748 1.0 0.983499 0.301748 1.0