0 0.661621 0.811198 0.022461 0.065104 0.0 0.0 0.0 0.0 0.0 0.0 0.0 0.0 0.0 0.0 0.0 0.0 0.0 0.0 0.0
0 0.095215 0.878906 0.077148 0.161458 0.105133 0.849772 1.0 0.115051 0.841634 1.0 0.131073 0.8691 1.0 0.115051 0.912841 1.0 0.115051 0.912841 1.0
0 0.14209 0.751302 0.045898 0.096354 0.0 0.0 0.0 0.0 0.0 0.0 0.0 0.0 0.0 0.0 0.0 0.0 0.0 0.0 0.0
0 0.199707 0.71224 0.016602 0.036458 0.0 0.0 0.0 0.0 0.0 0.0 0.0 0.0 0.0 0.0 0.0 0.0 0.0 0.0 0.0
0 0.352051 0.889974 0.030273 0.058594 0.0 0.0 0.0 0.0 0.0 0.0 0.0 0.0 0.0 0.0 0.0 0.0 0.0 0.0 0.0
0 0.246582 0.591146 0.006836 0.015625 0.0 0.0 0.0 0.0 0.0 0.0 0.0 0.0 0.0 0.0 0.0 0.0 0.0 0.0 0.0
0 0.27002 0.585938 0.006836 0.013021 0.0 0.0 0.0 0.0 0.0 0.0 0.0 0.0 0.0 0.0 0.0 0.0 0.0 0.0 0.0
0 0.54248 0.746745 0.008789 0.027344 0.0 0.0 0.0 0.0 0.0 0.0 0.0 0.0 0.0 0.0 0.0 0.0 0.0 0.0 0.0
0 0.71875 0.794271 0.009766 0.03125 0.71933 0.788737 1.0 0.719635 0.788126 1.0 0.724061 0.792195 1.0 0.721313 0.802775 1.0 0.721924 0.801961 1.0
0 0.708984 0.754557 0.009766 0.022135 0.0 0.0 0.0 0.0 0.0 0.0 0.0 0.0 0.0 0.0 0.0 0.0 0.0 0.0 0.0
0 0.799805 0.77474 0.003906 0.010417 0.0 0.0 0.0 0.0 0.0 0.0 0.0 0.0 0.0 0.0 0.0 0.0 0.0 0.0 0.0
0 0.068359 0.471354 0.015625 0.036458 0.0 0.0 0.0 0.0 0.0 0.0 0.0 0.0 0.0 0.0 0.0 0.0 0.0 0.0 0.0
0 0.858398 0.772786 0.005859 0.011719 0.0 0.0 0.0 0.0 0.0 0.0 0.0 0.0 0.0 0.0 0.0 0.0 0.0 0.0 0.0