0 0.015137 0.030747 0.02832 0.061493 0.011353 0.021334 1.0 0.02536 0.022001 1.0 0.020913 0.032668 1.0 0.012909 0.042335 1.0 0.020691 0.042003 1.0
0 0.099121 0.032943 0.03418 0.060029 0.096558 0.024132 1.0 0.109026 0.024811 1.0 0.104039 0.039428 1.0 0.09565 0.045545 1.0 0.105172 0.046565 1.0
0 0.213379 0.049048 0.024414 0.062958 0.21875 0.026354 1.0 0.226562 0.032211 1.0 0.223633 0.043924 1.0 0.219727 0.057101 1.0 0.224609 0.062958 1.0
0 0.004395 0.089312 0.008789 0.058565 0.0 0.0 0.0 0.0 0.0 0.0 0.0 0.0 0.0 0.0 0.0 0.0 0.0 0.0 0.0
0 0.057129 0.133236 0.036133 0.055637 0.047206 0.133589 1.0 0.063921 0.133236 1.0 0.055446 0.141354 1.0 0.050502 0.150884 1.0 0.059919 0.151237 1.0
0 0.295898 0.167643 0.03125 0.057101 0.297607 0.161054 1.0 0.30835 0.160322 1.0 0.305664 0.173133 1.0 0.295898 0.183748 1.0 0.30542 0.183382 1.0
0 0.374023 0.145681 0.035156 0.077599 0.361764 0.131406 1.0 0.380476 0.130438 1.0 0.371442 0.145432 1.0 0.368217 0.15946 1.0 0.37725 0.158492 1.0
0 0.278809 0.305271 0.036133 0.068814 0.267578 0.29429 1.0 0.28125 0.304539 1.0 0.266602 0.314788 1.0 0.266602 0.322108 1.0 0.275391 0.329429 1.0
0 0.116211 0.371157 0.041016 0.080527 0.106812 0.366627 1.0 0.124604 0.367634 1.0 0.115539 0.383236 1.0 0.109161 0.393302 1.0 0.120239 0.393302 1.0
0 0.223633 0.393119 0.033203 0.065886 0.209752 0.379 1.0 0.217843 0.379419 1.0 0.210589 0.390713 1.0 0.211426 0.407028 1.0 0.218681 0.4041 1.0
0 0.385254 0.272328 0.032227 0.06735 0.379874 0.26672 1.0 0.394549 0.267151 1.0 0.386779 0.276211 1.0 0.381025 0.290878 1.0 0.390809 0.290447 1.0
0 0.491211 0.254758 0.037109 0.073206 0.484131 0.245817 1.0 0.498884 0.249111 1.0 0.490723 0.261347 1.0 0.482247 0.272641 1.0 0.495431 0.274054 1.0
0 0.466309 0.383602 0.036133 0.064422 0.461975 0.372575 1.0 0.477905 0.377928 1.0 0.46994 0.38987 1.0 0.460053 0.398518 1.0 0.471313 0.402635 1.0
0 0.532715 0.472182 0.040039 0.074671 0.523891 0.461097 1.0 0.541155 0.460625 1.0 0.533308 0.474744 1.0 0.52546 0.48651 1.0 0.540527 0.484627 1.0
0 0.512207 0.468521 0.03418 0.064422 0.0 0.0 0.0 0.0 0.0 0.0 0.0 0.0 0.0 0.0 0.0 0.0 0.0 0.0 0.0
0 0.45166 0.497072 0.03418 0.068814 0.446289 0.481698 1.0 0.466797 0.484627 1.0 0.458984 0.497804 1.0 0.446289 0.508053 1.0 0.460938 0.510981 1.0
0 0.35498 0.435578 0.038086 0.074671 0.354492 0.418741 1.0 0.368164 0.430454 1.0 0.362305 0.43631 1.0 0.349609 0.448023 1.0 0.360352 0.456808 1.0
0 0.194824 0.487555 0.03418 0.076135 0.186062 0.481097 1.0 0.20261 0.483483 1.0 0.193062 0.496366 1.0 0.187016 0.506864 1.0 0.197519 0.508294 1.0
0 0.089844 0.492679 0.039062 0.09224 0.081207 0.486561 1.0 0.099056 0.48947 1.0 0.090132 0.501687 1.0 0.083147 0.512739 1.0 0.095176 0.51623 1.0
0 0.056641 0.599561 0.041016 0.068814 0.046513 0.593429 1.0 0.063747 0.590365 1.0 0.055276 0.608319 1.0 0.04885 0.61664 1.0 0.065207 0.614451 1.0
0 0.161133 0.609078 0.037109 0.06735 0.151293 0.604947 1.0 0.169146 0.601548 1.0 0.160078 0.615568 1.0 0.155544 0.625764 1.0 0.167162 0.62449 1.0
0 0.021484 0.747438 0.029297 0.086384 0.005432 0.737438 1.0 0.024331 0.737438 1.0 0.015437 0.752994 1.0 0.008026 0.766883 1.0 0.022107 0.765772 1.0
0 0.253906 0.729136 0.037109 0.081991 0.244463 0.716527 1.0 0.262028 0.723757 1.0 0.247219 0.735117 1.0 0.239986 0.74183 1.0 0.253418 0.74751 1.0
0 0.381836 0.752562 0.039062 0.073206 0.371094 0.744234 1.0 0.387573 0.746064 1.0 0.377502 0.761622 1.0 0.371398 0.76757 1.0 0.386047 0.768943 1.0
0 0.628906 0.502196 0.035156 0.070278 0.61942 0.486953 1.0 0.640172 0.487398 1.0 0.630685 0.50251 1.0 0.622088 0.513177 1.0 0.63691 0.514511 1.0
0 0.652344 0.612738 0.039062 0.083455 0.643245 0.603738 1.0 0.660901 0.604266 1.0 0.652073 0.622798 1.0 0.645364 0.632857 1.0 0.654898 0.633915 1.0
0 0.658691 0.732796 0.032227 0.054173 0.652954 0.720848 1.0 0.658168 0.722548 1.0 0.64978 0.729006 1.0 0.65046 0.740221 1.0 0.653634 0.741242 1.0
0 0.707031 0.173499 0.035156 0.068814 0.698111 0.169316 1.0 0.715663 0.171041 1.0 0.706456 0.18312 1.0 0.701564 0.193042 1.0 0.709621 0.194337 1.0
0 0.814453 0.15959 0.03125 0.06735 0.80467 0.154845 1.0 0.819633 0.154413 1.0 0.811863 0.167786 1.0 0.805821 0.178141 1.0 0.818193 0.177709 1.0
0 0.930176 0.041728 0.038086 0.048316 0.923924 0.028054 1.0 0.942387 0.028054 1.0 0.933036 0.039917 1.0 0.927041 0.048905 1.0 0.938311 0.048186 1.0
0 0.940918 0.151537 0.038086 0.065886 0.931641 0.142662 1.0 0.947846 0.141426 1.0 0.939881 0.15625 1.0 0.934387 0.167367 1.0 0.944824 0.166956 1.0
0 0.909668 0.254026 0.036133 0.068814 0.89583 0.245529 1.0 0.906189 0.244666 1.0 0.898995 0.257608 1.0 0.897845 0.269256 1.0 0.904175 0.270119 1.0
0 0.810059 0.25549 0.032227 0.057101 0.807661 0.251536 1.0 0.820129 0.257288 1.0 0.814854 0.264837 1.0 0.807421 0.272028 1.0 0.816532 0.275982 1.0
0 0.890625 0.475842 0.035156 0.079063 0.884173 0.462952 1.0 0.899745 0.465933 1.0 0.891131 0.479842 1.0 0.881854 0.488287 1.0 0.894775 0.491268 1.0
0 0.973633 0.557833 0.033203 0.064422 0.0 0.0 0.0 0.0 0.0 0.0 0.0 0.0 0.0 0.0 0.0 0.0 0.0 0.0 0.0
0 0.989258 0.585652 0.021484 0.076135 0.989231 0.576461 1.0 1.003104 0.57501 1.0 0.998265 0.590004 1.0 0.99149 0.606449 1.0 1.003104 0.605966 1.0
0 0.852539 0.724744 0.041016 0.076135 0.842207 0.711671 1.0 0.861563 0.712638 1.0 0.851562 0.724731 1.0 0.844787 0.737306 1.0 0.859306 0.738274 1.0
0 0.75293 0.615666 0.035156 0.074671 0.742083 0.607876 1.0 0.760603 0.610228 1.0 0.749616 0.622934 1.0 0.742711 0.633758 1.0 0.754011 0.63517 1.0
0 0.735352 0.739385 0.041016 0.079063 0.73073 0.729972 1.0 0.748622 0.734444 1.0 0.739345 0.747359 1.0 0.729073 0.757294 1.0 0.74067 0.760275 1.0
0 0.734375 0.870425 0.039062 0.071742 0.723816 0.863745 1.0 0.741821 0.866947 1.0 0.732971 0.880217 1.0 0.725342 0.892111 1.0 0.73877 0.892111 1.0
0 0.925781 0.852855 0.039062 0.071742 0.919189 0.844802 1.0 0.935363 0.842515 1.0 0.929565 0.85441 1.0 0.923768 0.872255 1.0 0.935059 0.869051 1.0
0 0.018066 0.972182 0.036133 0.052709 0.0 0.0 0.0 0.0 0.0 0.0 0.0 0.0 0.0 0.0 0.0 0.0 0.0 0.0 0.0
0 0.132812 0.918741 0.039062 0.062958 0.124346 0.905714 1.0 0.140036 0.909303 1.0 0.131261 0.920467 1.0 0.124878 0.931231 1.0 0.13525 0.934422 1.0
0 0.234863 0.896779 0.041992 0.065886 0.222377 0.884334 1.0 0.239955 0.886843 1.0 0.228516 0.90023 1.0 0.221819 0.909015 1.0 0.237444 0.911524 1.0
0 0.365234 0.896779 0.041016 0.074671 0.360212 0.8904 1.0 0.378731 0.891341 1.0 0.371198 0.904047 1.0 0.359898 0.91393 1.0 0.374651 0.914401 1.0
0 0.463379 0.903367 0.040039 0.06735 0.448216 0.894138 1.0 0.463466 0.893707 1.0 0.456272 0.910531 1.0 0.45282 0.918728 1.0 0.464904 0.920022 1.0
0 0.630859 0.887994 0.037109 0.086384 0.623779 0.877379 1.0 0.641724 0.879575 1.0 0.632202 0.892753 1.0 0.623779 0.908126 1.0 0.635864 0.909224 1.0
0 0.284668 0.033675 0.030273 0.04978 0.268555 0.016105 1.0 0.28125 0.007321 1.0 0.277344 0.027818 1.0 0.274414 0.045388 1.0 0.286133 0.038067 1.0
0 0.087402 0.289165 0.030273 0.057101 0.0 0.0 0.0 0.0 0.0 0.0 0.0 0.0 0.0 0.0 0.0 0.0 0.0 0.0 0.0