0 0.014648 0.146242 0.029297 0.089869 0.00518 0.131258 1.0 0.021711 0.134141 1.0 0.015167 0.142784 1.0 0.007246 0.164106 1.0 0.022744 0.167564 1.0
0 0.021973 0.270425 0.040039 0.073529 0.013855 0.251788 1.0 0.033355 0.254085 1.0 0.023742 0.254544 1.0 0.01358 0.278441 1.0 0.030609 0.279361 1.0
0 0.112793 0.227941 0.045898 0.116013 0.103969 0.213265 1.0 0.124459 0.208158 1.0 0.119228 0.230771 1.0 0.108329 0.250467 1.0 0.126203 0.245361 1.0
0 0.153809 0.18219 0.043945 0.099673 0.144597 0.167593 1.0 0.164699 0.168227 1.0 0.155217 0.17965 1.0 0.146493 0.201863 1.0 0.160906 0.201229 1.0
0 0.229492 0.20098 0.044922 0.098039 0.222255 0.194708 1.0 0.241752 0.192198 1.0 0.237252 0.205998 1.0 0.229754 0.227956 1.0 0.243626 0.224819 1.0
0 0.227051 0.387255 0.038086 0.098039 0.217669 0.364737 1.0 0.238791 0.364116 1.0 0.227674 0.382717 1.0 0.21878 0.401319 1.0 0.236197 0.401319 1.0
0 0.307129 0.306373 0.043945 0.093137 0.300362 0.294467 1.0 0.318499 0.290382 1.0 0.310478 0.306722 1.0 0.305595 0.328315 1.0 0.319545 0.327147 1.0
0 0.32373 0.438725 0.043945 0.083333 0.318787 0.427542 1.0 0.335973 0.430206 1.0 0.328334 0.436064 1.0 0.320696 0.457363 1.0 0.333108 0.461623 1.0
0 0.155762 0.044935 0.041992 0.080065 0.150679 0.015377 1.0 0.169869 0.021257 1.0 0.158517 0.034824 1.0 0.145543 0.052915 1.0 0.163383 0.06377 1.0
0 0.355957 0.014706 0.030273 0.029412 0.0 0.0 0.0 0.0 0.0 0.0 0.0 0.0 0.0 0.0 0.0 0.0 0.0 0.0 0.0
0 0.422363 0.022059 0.036133 0.044118 0.0 0.0 0.0 0.0 0.0 0.0 0.0 0.0 0.0 0.0 0.0 0.0 0.0 0.0 0.0
0 0.612305 0.089869 0.048828 0.084967 0.602783 0.068817 1.0 0.625366 0.068278 1.0 0.612784 0.087711 1.0 0.605041 0.103364 1.0 0.620204 0.103364 1.0
0 0.668945 0.14134 0.039062 0.073529 0.657018 0.125583 1.0 0.675433 0.126518 1.0 0.663155 0.133987 1.0 0.655622 0.150794 1.0 0.67041 0.152194 1.0
0 0.720215 0.205882 0.036133 0.088235 0.710118 0.191469 1.0 0.729998 0.187588 1.0 0.718732 0.202556 1.0 0.714094 0.224176 1.0 0.729667 0.221959 1.0
0 0.601562 0.254085 0.041016 0.080065 0.590393 0.240503 1.0 0.608703 0.239992 1.0 0.599854 0.256332 1.0 0.594666 0.272672 1.0 0.607178 0.27216 1.0
0 0.586426 0.330882 0.041992 0.083333 0.580113 0.311683 1.0 0.600517 0.311158 1.0 0.5911 0.321662 1.0 0.581055 0.343721 1.0 0.602399 0.34267 1.0
0 0.625488 0.362745 0.043945 0.084967 0.61435 0.347018 1.0 0.631854 0.347018 1.0 0.621033 0.357136 1.0 0.614986 0.378969 1.0 0.628034 0.378436 1.0
0 0.441406 0.300654 0.039062 0.078431 0.0 0.0 0.0 0.0 0.0 0.0 0.0 0.0 0.0 0.0 0.0 0.0 0.0 0.0 0.0
0 0.40918 0.344771 0.033203 0.068627 0.0 0.0 0.0 0.0 0.0 0.0 0.0 0.0 0.0 0.0 0.0 0.0 0.0 0.0 0.0
0 0.487305 0.308824 0.033203 0.078431 0.0 0.0 0.0 0.0 0.0 0.0 0.0 0.0 0.0 0.0 0.0 0.0 0.0 0.0 0.0
0 0.504395 0.531863 0.045898 0.070261 0.495632 0.524693 1.0 0.514326 0.518827 1.0 0.513449 0.524203 1.0 0.504979 0.562814 1.0 0.522213 0.554993 1.0
0 0.367188 0.528595 0.054688 0.089869 0.360282 0.512021 1.0 0.376674 0.507936 1.0 0.381208 0.517858 1.0 0.375977 0.542951 1.0 0.386439 0.541783 1.0
0 0.807129 0.053105 0.049805 0.076797 0.8014 0.044337 1.0 0.817631 0.042206 1.0 0.812221 0.058714 1.0 0.80872 0.07469 1.0 0.817949 0.073092 1.0
0 0.978516 0.087418 0.041016 0.080065 0.966187 0.079964 1.0 0.986328 0.075879 1.0 0.976562 0.095281 1.0 0.9729 0.111111 1.0 0.983887 0.109578 1.0
0 0.966309 0.161765 0.049805 0.114379 0.948766 0.154471 1.0 0.968384 0.151552 1.0 0.955305 0.170518 1.0 0.953125 0.191673 1.0 0.968819 0.189484 1.0
0 0.990234 0.325163 0.019531 0.091503 0.987444 0.304855 1.0 0.999303 0.300186 1.0 0.988839 0.316526 1.0 0.98849 0.346873 1.0 1.001046 0.341036 1.0
0 0.976562 0.45915 0.035156 0.081699 0.976955 0.44176 1.0 0.98005 0.443832 1.0 0.961788 0.454708 1.0 0.968598 0.475943 1.0 0.971073 0.477497 1.0
0 0.961426 0.44281 0.024414 0.062092 0.979064 0.445904 1.0 0.980007 0.447479 1.0 0.96235 0.4526 1.0 0.965646 0.476234 1.0 0.970354 0.479779 1.0
0 0.896973 0.500817 0.038086 0.102941 0.0 0.0 0.0 0.0 0.0 0.0 0.0 0.0 0.0 0.0 0.0 0.0 0.0 0.0 0.0
0 0.884766 0.462418 0.037109 0.088235 0.0 0.0 0.0 0.0 0.0 0.0 0.0 0.0 0.0 0.0 0.0 0.0 0.0 0.0 0.0
0 0.886719 0.237745 0.027344 0.063725 0.0 0.0 0.0 0.0 0.0 0.0 0.0 0.0 0.0 0.0 0.0 0.0 0.0 0.0 0.0
0 0.820312 0.348039 0.035156 0.088235 0.0 0.0 0.0 0.0 0.0 0.0 0.0 0.0 0.0 0.0 0.0 0.0 0.0 0.0 0.0
0 0.765137 0.344771 0.036133 0.094771 0.0 0.0 0.0 0.0 0.0 0.0 0.0 0.0 0.0 0.0 0.0 0.0 0.0 0.0 0.0
0 0.682129 0.453431 0.03418 0.083333 0.0 0.0 0.0 0.0 0.0 0.0 0.0 0.0 0.0 0.0 0.0 0.0 0.0 0.0 0.0
0 0.092285 0.517157 0.049805 0.073529 0.094622 0.500292 1.0 0.105922 0.497665 1.0 0.109062 0.506595 1.0 0.10247 0.530753 1.0 0.114711 0.529178 1.0
0 0.078125 0.647059 0.037109 0.101307 0.074079 0.631011 1.0 0.077532 0.625876 1.0 0.090192 0.641281 1.0 0.086739 0.666317 1.0 0.090192 0.665033 1.0
0 0.114258 0.776961 0.025391 0.096405 0.0 0.0 0.0 0.0 0.0 0.0 0.0 0.0 0.0 0.0 0.0 0.0 0.0 0.0 0.0
0 0.328125 0.719771 0.027344 0.086601 0.0 0.0 0.0 0.0 0.0 0.0 0.0 0.0 0.0 0.0 0.0 0.0 0.0 0.0 0.0
0 0.198242 0.487745 0.042969 0.093137 0.189384 0.474673 1.0 0.205775 0.470005 1.0 0.206822 0.474673 1.0 0.202985 0.500933 1.0 0.214146 0.496848 1.0
0 0.87793 0.830065 0.027344 0.084967 0.0 0.0 0.0 0.0 0.0 0.0 0.0 0.0 0.0 0.0 0.0 0.0 0.0 0.0 0.0
0 0.794922 0.749183 0.039062 0.044118 0.790955 0.738817 1.0 0.791451 0.737154 1.0 0.803131 0.732997 1.0 0.809095 0.745886 1.0 0.811083 0.744639 1.0
0 0.759277 0.652778 0.041992 0.047386 0.768585 0.635052 1.0 0.770447 0.637276 1.0 0.750768 0.640392 1.0 0.757149 0.655075 1.0 0.757149 0.655075 1.0
0 0.704102 0.699346 0.056641 0.071895 0.0 0.0 0.0 0.0 0.0 0.0 0.0 0.0 0.0 0.0 0.0 0.0 0.0 0.0 0.0
0 0.717773 0.538399 0.027344 0.086601 0.711399 0.522541 1.0 0.727095 0.523634 1.0 0.718593 0.532387 1.0 0.712707 0.554819 1.0 0.728729 0.551536 1.0
0 0.484863 0.937908 0.045898 0.084967 0.479283 0.91952 1.0 0.478965 0.920051 1.0 0.493923 0.925908 1.0 0.495195 0.94934 1.0 0.494241 0.950404 1.0
0 0.380859 0.971405 0.015625 0.053922 0.0 0.0 0.0 0.0 0.0 0.0 0.0 0.0 0.0 0.0 0.0 0.0 0.0 0.0 0.0
0 0.205078 0.906046 0.03125 0.060458 0.0 0.0 0.0 0.0 0.0 0.0 0.0 0.0 0.0 0.0 0.0 0.0 0.0 0.0 0.0
0 0.218262 0.960784 0.03418 0.071895 0.213379 0.948529 1.0 0.230957 0.93219 1.0 0.230469 0.939951 1.0 0.226807 0.969363 1.0 0.238525 0.957925 1.0