0 0.023926 0.015396 0.022461 0.030792 0.0 0.0 0.0 0.0 0.0 0.0 0.0 0.0 0.0 0.0 0.0 0.0 0.0 0.0 0.0
0 0.125 0.038856 0.015625 0.033724 0.0 0.0 0.0 0.0 0.0 0.0 0.0 0.0 0.0 0.0 0.0 0.0 0.0 0.0 0.0
0 0.140137 0.192082 0.026367 0.043988 0.133789 0.184751 1.0 0.145508 0.183284 1.0 0.139648 0.192082 1.0 0.136719 0.202346 1.0 0.146484 0.202346 1.0
0 0.110352 0.272727 0.023438 0.046921 0.101955 0.266103 1.0 0.108974 0.264899 1.0 0.104361 0.274836 1.0 0.102958 0.285674 1.0 0.111581 0.283567 1.0
0 0.037109 0.288856 0.023438 0.046921 0.031521 0.282821 1.0 0.042114 0.28076 1.0 0.036621 0.291069 1.0 0.034463 0.299317 1.0 0.041329 0.298138 1.0
0 0.009766 0.358504 0.019531 0.048387 0.0 0.0 0.0 0.0 0.0 0.0 0.0 0.0 0.0 0.0 0.0 0.0 0.0 0.0 0.0
0 0.006348 0.412757 0.010742 0.045455 0.0 0.0 0.0 0.0 0.0 0.0 0.0 0.0 0.0 0.0 0.0 0.0 0.0 0.0 0.0
0 0.345703 0.006598 0.017578 0.013196 0.0 0.0 0.0 0.0 0.0 0.0 0.0 0.0 0.0 0.0 0.0 0.0 0.0 0.0 0.0
0 0.477539 0.021261 0.021484 0.039589 0.471671 0.014257 1.0 0.482029 0.016201 1.0 0.475268 0.022465 1.0 0.469944 0.02873 1.0 0.478289 0.03089 1.0
0 0.061035 0.351906 0.020508 0.038123 0.055577 0.344195 1.0 0.06386 0.341956 1.0 0.057068 0.350911 1.0 0.055411 0.359617 1.0 0.063529 0.359617 1.0
0 0.077148 0.425953 0.021484 0.048387 0.07401 0.417679 1.0 0.079869 0.417993 1.0 0.071498 0.42679 1.0 0.070243 0.437474 1.0 0.075684 0.43873 1.0
0 0.124023 0.357771 0.025391 0.055718 0.114118 0.353123 1.0 0.123771 0.351003 1.0 0.117649 0.361254 1.0 0.117414 0.369738 1.0 0.123535 0.368677 1.0
0 0.279785 0.142962 0.026367 0.048387 0.270586 0.138314 1.0 0.281416 0.136809 1.0 0.273595 0.143433 1.0 0.271789 0.152166 1.0 0.279009 0.151864 1.0
0 0.23877 0.216276 0.022461 0.042522 0.0 0.0 0.0 0.0 0.0 0.0 0.0 0.0 0.0 0.0 0.0 0.0 0.0 0.0 0.0
0 0.26416 0.278592 0.024414 0.046921 0.256252 0.271405 1.0 0.268686 0.273513 1.0 0.260263 0.281944 1.0 0.255449 0.290977 1.0 0.264073 0.291579 1.0
0 0.154785 0.418622 0.026367 0.05132 0.144218 0.416906 1.0 0.152937 0.413306 1.0 0.14923 0.429016 1.0 0.150321 0.436871 1.0 0.15686 0.434908 1.0
0 0.195312 0.354839 0.027344 0.046921 0.187604 0.343698 1.0 0.194423 0.34701 1.0 0.183794 0.350323 1.0 0.182591 0.36056 1.0 0.187203 0.362667 1.0
0 0.21582 0.451613 0.027344 0.055718 0.206639 0.44838 1.0 0.21582 0.447318 1.0 0.211583 0.459337 1.0 0.208758 0.46676 1.0 0.216291 0.466406 1.0
0 0.311035 0.223607 0.020508 0.039589 0.304277 0.219078 1.0 0.310738 0.220609 1.0 0.306998 0.228012 1.0 0.306148 0.233884 1.0 0.309889 0.234139 1.0
0 0.321777 0.277126 0.026367 0.049853 0.311035 0.270619 1.0 0.320221 0.270619 1.0 0.313599 0.280242 1.0 0.311249 0.288902 1.0 0.317871 0.289544 1.0
0 0.335938 0.36437 0.03125 0.068915 0.324716 0.361477 1.0 0.336801 0.358884 1.0 0.327018 0.368821 1.0 0.325867 0.379622 1.0 0.334786 0.377462 1.0
0 0.29248 0.475073 0.02832 0.046921 0.283656 0.470217 1.0 0.294839 0.468154 1.0 0.288169 0.476991 1.0 0.285226 0.487595 1.0 0.295035 0.485534 1.0
0 0.362793 0.233138 0.024414 0.049853 0.352479 0.227915 1.0 0.362519 0.227273 1.0 0.3544 0.235292 1.0 0.352905 0.245556 1.0 0.359741 0.245556 1.0
0 0.366211 0.156158 0.021484 0.039589 0.357945 0.149521 1.0 0.368656 0.148245 1.0 0.361855 0.157435 1.0 0.359815 0.165859 1.0 0.367297 0.165349 1.0
0 0.435547 0.15176 0.025391 0.045455 0.0 0.0 0.0 0.0 0.0 0.0 0.0 0.0 0.0 0.0 0.0 0.0 0.0 0.0 0.0
0 0.239258 0.170088 0.017578 0.032258 0.0 0.0 0.0 0.0 0.0 0.0 0.0 0.0 0.0 0.0 0.0 0.0 0.0 0.0 0.0
0 0.429199 0.199413 0.024414 0.043988 0.419525 0.196147 1.0 0.429086 0.195865 1.0 0.421212 0.204028 1.0 0.419338 0.212191 1.0 0.426648 0.212191 1.0
0 0.480469 0.192082 0.023438 0.046921 0.471444 0.186963 1.0 0.48107 0.186361 1.0 0.475255 0.199309 1.0 0.474653 0.207438 1.0 0.483276 0.204126 1.0
0 0.432129 0.298387 0.026367 0.057185 0.424918 0.289 1.0 0.436667 0.287201 1.0 0.430193 0.298001 1.0 0.428035 0.307362 1.0 0.434749 0.307001 1.0
0 0.40918 0.369501 0.027344 0.052786 0.400421 0.361758 1.0 0.40976 0.364094 1.0 0.402422 0.370437 1.0 0.399087 0.378783 1.0 0.405535 0.379784 1.0
0 0.393555 0.465543 0.029297 0.05132 0.381461 0.463173 1.0 0.392143 0.459573 1.0 0.384513 0.470045 1.0 0.384295 0.481828 1.0 0.392796 0.478229 1.0
0 0.477539 0.418622 0.023438 0.042522 0.471191 0.409641 1.0 0.482361 0.41349 1.0 0.476135 0.418988 1.0 0.471008 0.428336 1.0 0.478699 0.430535 1.0
0 0.495605 0.484604 0.026367 0.057185 0.487305 0.485337 1.0 0.49707 0.485337 1.0 0.492188 0.492669 1.0 0.491211 0.502933 1.0 0.499023 0.501466 1.0
0 0.521484 0.016862 0.027344 0.033724 0.513812 0.000157 1.0 0.52288 -0.000104 1.0 0.51695 0.008012 1.0 0.515032 0.018748 1.0 0.521833 0.016652 1.0
0 0.512207 0.240469 0.020508 0.046921 0.505859 0.234604 1.0 0.512695 0.23607 1.0 0.508789 0.243402 1.0 0.504883 0.249267 1.0 0.512695 0.250733 1.0
0 0.556641 0.282991 0.027344 0.041056 0.545898 0.277126 1.0 0.556641 0.277126 1.0 0.548828 0.281525 1.0 0.545898 0.293255 1.0 0.555664 0.294721 1.0
0 0.577637 0.170821 0.022461 0.05132 0.570992 0.167469 1.0 0.582109 0.167469 1.0 0.57557 0.175324 1.0 0.572519 0.184161 1.0 0.57993 0.184161 1.0
0 0.590332 0.258798 0.024414 0.05132 0.580933 0.250916 1.0 0.586914 0.248672 1.0 0.580933 0.261821 1.0 0.584777 0.26984 1.0 0.589051 0.268878 1.0
0 0.654785 0.242669 0.022461 0.05132 0.654236 0.236713 1.0 0.647187 0.237032 1.0 0.648041 0.246655 1.0 0.646973 0.256919 1.0 0.654877 0.257881 1.0
0 0.655273 0.043988 0.025391 0.043988 0.6474 0.039314 1.0 0.656211 0.04044 1.0 0.649274 0.047477 1.0 0.646838 0.054233 1.0 0.655273 0.055921 1.0
0 0.692871 0.045455 0.026367 0.043988 0.683197 0.039092 1.0 0.692008 0.038529 1.0 0.685821 0.050069 1.0 0.686384 0.05795 1.0 0.692008 0.057387 1.0
0 0.717285 0.165689 0.024414 0.052786 0.707903 0.158613 1.0 0.719465 0.15928 1.0 0.711238 0.166959 1.0 0.70857 0.177975 1.0 0.714796 0.177308 1.0
0 0.735352 0.270528 0.021484 0.039589 0.729061 0.264912 1.0 0.736712 0.2644 1.0 0.72974 0.274358 1.0 0.7294 0.282782 1.0 0.735352 0.283037 1.0
0 0.727539 0.325513 0.027344 0.049853 0.717499 0.314516 1.0 0.727967 0.314837 1.0 0.71878 0.326384 1.0 0.717499 0.336648 1.0 0.725402 0.336327 1.0
0 0.650879 0.368035 0.024414 0.046921 0.643555 0.360704 1.0 0.65332 0.36217 1.0 0.646484 0.369501 1.0 0.642578 0.379765 1.0 0.650391 0.381232 1.0
0 0.623047 0.405425 0.025391 0.054252 0.613805 0.396673 1.0 0.622585 0.396327 1.0 0.61519 0.406735 1.0 0.614498 0.417142 1.0 0.620505 0.416449 1.0
0 0.683105 0.424487 0.030273 0.054252 0.670833 0.417894 1.0 0.683311 0.418589 1.0 0.675224 0.428304 1.0 0.671988 0.439405 1.0 0.677534 0.440098 1.0
0 0.753418 0.417889 0.02832 0.052786 0.743992 0.410348 1.0 0.755776 0.40968 1.0 0.748884 0.422367 1.0 0.74755 0.430044 1.0 0.755332 0.427374 1.0
0 0.796387 0.431818 0.030273 0.048387 0.787528 0.421658 1.0 0.796107 0.420717 1.0 0.790458 0.432342 1.0 0.788574 0.442082 1.0 0.796944 0.442082 1.0
0 0.794922 0.335777 0.027344 0.052786 0.787109 0.326979 1.0 0.797852 0.328446 1.0 0.790039 0.337243 1.0 0.785156 0.347507 1.0 0.792969 0.348974 1.0
0 0.807129 0.276393 0.024414 0.048387 0.797572 0.27189 1.0 0.806989 0.269062 1.0 0.798828 0.279116 1.0 0.799247 0.28917 1.0 0.804479 0.288227 1.0
0 0.789062 0.201613 0.021484 0.045455 0.782004 0.195729 1.0 0.792599 0.196611 1.0 0.78534 0.201619 1.0 0.781612 0.21134 1.0 0.790244 0.211635 1.0
0 0.87207 0.325513 0.023438 0.046921 0.862357 0.310798 1.0 0.873988 0.312304 1.0 0.863961 0.320434 1.0 0.861756 0.333381 1.0 0.869176 0.333984 1.0
0 0.891113 0.222141 0.026367 0.048387 0.88044 0.212924 1.0 0.892997 0.209782 1.0 0.881696 0.218894 1.0 0.881278 0.232091 1.0 0.888184 0.232091 1.0
0 0.82666 0.012463 0.022461 0.024927 0.821289 0.001466 1.0 0.826172 0.0 1.0 0.817383 0.001466 1.0 0.816406 0.01173 1.0 0.822266 0.01173 1.0
0 0.900879 0.022727 0.02832 0.042522 0.889588 0.014846 1.0 0.898926 0.014021 1.0 0.891968 0.022544 1.0 0.890686 0.032716 1.0 0.898926 0.032716 1.0
0 0.948242 0.029326 0.027344 0.049853 0.939506 0.021601 1.0 0.950631 0.022754 1.0 0.942574 0.032545 1.0 0.939313 0.041762 1.0 0.949097 0.042626 1.0
0 0.987793 0.047654 0.024414 0.045455 0.979052 0.043091 1.0 0.991237 0.042809 1.0 0.981489 0.049848 1.0 0.979802 0.058853 1.0 0.987488 0.060543 1.0
0 0.986816 0.180352 0.020508 0.046921 0.980626 0.170755 1.0 0.988848 0.171057 1.0 0.983634 0.182499 1.0 0.980425 0.190026 1.0 0.989449 0.190328 1.0
0 0.987305 0.280792 0.023438 0.042522 0.982897 0.271274 1.0 0.994337 0.275837 1.0 0.986829 0.281204 1.0 0.983255 0.290328 1.0 0.988617 0.290867 1.0
0 0.985352 0.368035 0.027344 0.046921 0.974889 0.356029 1.0 0.986921 0.356029 1.0 0.977696 0.365365 1.0 0.97549 0.376506 1.0 0.984515 0.376806 1.0
0 0.927246 0.529326 0.02832 0.049853 0.0 0.0 0.0 0.0 0.0 0.0 0.0 0.0 0.0 0.0 0.0 0.0 0.0 0.0 0.0
0 0.919922 0.593109 0.027344 0.054252 0.910156 0.58651 1.0 0.923828 0.585044 1.0 0.916992 0.596774 1.0 0.910156 0.607038 1.0 0.920898 0.608504 1.0
0 0.993652 0.639296 0.012695 0.055718 0.991211 0.627566 1.0 1.0 0.627566 1.0 0.991211 0.63783 1.0 0.995117 0.648094 1.0 1.0 0.648094 1.0
0 0.927246 0.810117 0.02832 0.05132 0.916264 0.803107 1.0 0.924936 0.803107 1.0 0.920044 0.815125 1.0 0.918266 0.826142 1.0 0.924936 0.826142 1.0
0 0.766602 0.714809 0.023438 0.05132 0.759739 0.708512 1.0 0.770639 0.708512 1.0 0.763881 0.718985 1.0 0.760176 0.728805 1.0 0.769331 0.729459 1.0
0 0.756836 0.827713 0.03125 0.057185 0.745361 0.820381 1.0 0.757324 0.820381 1.0 0.748047 0.831745 1.0 0.747803 0.844208 1.0 0.756592 0.843842 1.0
0 0.70166 0.729472 0.030273 0.057185 0.692139 0.723607 1.0 0.702881 0.725073 1.0 0.695801 0.734971 1.0 0.69458 0.743402 1.0 0.69873 0.743402 1.0
0 0.671387 0.80132 0.02832 0.054252 0.660501 0.790139 1.0 0.670898 0.791526 1.0 0.661887 0.805405 1.0 0.662118 0.815119 1.0 0.669743 0.814771 1.0
0 0.585449 0.564516 0.026367 0.049853 0.576202 0.557689 1.0 0.586884 0.557368 1.0 0.578979 0.568915 1.0 0.576844 0.578217 1.0 0.587098 0.578217 1.0
0 0.579102 0.51173 0.021484 0.046921 0.0 0.0 0.0 0.0 0.0 0.0 0.0 0.0 0.0 0.0 0.0 0.0 0.0 0.0 0.0
0 0.604004 0.734604 0.02832 0.049853 0.0 0.0 0.0 0.0 0.0 0.0 0.0 0.0 0.0 0.0 0.0 0.0 0.0 0.0 0.0
0 0.551758 0.776393 0.03125 0.054252 0.540436 0.771457 1.0 0.553375 0.766254 1.0 0.54575 0.780824 1.0 0.547599 0.793661 1.0 0.555224 0.790538 1.0
0 0.464844 0.80132 0.03125 0.057185 0.453557 0.7916 1.0 0.462188 0.790519 1.0 0.456194 0.80456 1.0 0.457153 0.815361 1.0 0.464347 0.814641 1.0
0 0.518066 0.675953 0.030273 0.058651 0.510742 0.665689 1.0 0.521484 0.667155 1.0 0.512695 0.677419 1.0 0.508789 0.68915 1.0 0.518555 0.690616 1.0
0 0.475098 0.552786 0.030273 0.049853 0.0 0.0 0.0 0.0 0.0 0.0 0.0 0.0 0.0 0.0 0.0 0.0 0.0 0.0 0.0
0 0.458496 0.629032 0.026367 0.061584 0.0 0.0 0.0 0.0 0.0 0.0 0.0 0.0 0.0 0.0 0.0 0.0 0.0 0.0 0.0
0 0.404297 0.746334 0.029297 0.055718 0.0 0.0 0.0 0.0 0.0 0.0 0.0 0.0 0.0 0.0 0.0 0.0 0.0 0.0 0.0
0 0.364746 0.642229 0.024414 0.052786 0.354492 0.624633 1.0 0.371094 0.627566 1.0 0.360352 0.633431 1.0 0.356445 0.64956 1.0 0.366211 0.64956 1.0
0 0.33252 0.542522 0.030273 0.052786 0.323182 0.53578 1.0 0.335633 0.534779 1.0 0.327405 0.544459 1.0 0.325627 0.556478 1.0 0.332742 0.557145 1.0
0 0.317871 0.755132 0.024414 0.055718 0.30957 0.746334 1.0 0.316406 0.749267 1.0 0.310547 0.758065 1.0 0.308594 0.768328 1.0 0.313477 0.771261 1.0
0 0.240723 0.745601 0.02832 0.057185 0.232422 0.737903 1.0 0.24292 0.737537 1.0 0.238037 0.754399 1.0 0.23584 0.76173 1.0 0.244873 0.76063 1.0
0 0.314453 0.972874 0.03125 0.048387 0.303851 0.973123 1.0 0.312675 0.97523 1.0 0.301043 0.985167 1.0 0.304652 0.995705 1.0 0.307861 0.996007 1.0
0 0.234375 0.532258 0.021484 0.043988 0.227539 0.524927 1.0 0.236328 0.526393 1.0 0.230469 0.536657 1.0 0.225586 0.543988 1.0 0.233398 0.546921 1.0
0 0.162109 0.546921 0.025391 0.041056 0.151367 0.541056 1.0 0.162109 0.541056 1.0 0.158203 0.548387 1.0 0.155273 0.561584 1.0 0.163086 0.560117 1.0
0 0.196289 0.629765 0.027344 0.057185 0.185303 0.619135 1.0 0.196289 0.619135 1.0 0.186279 0.631232 1.0 0.186035 0.642962 1.0 0.192383 0.642229 1.0
0 0.130859 0.620235 0.027344 0.052786 0.120117 0.618768 1.0 0.131836 0.617302 1.0 0.124023 0.627566 1.0 0.12207 0.63783 1.0 0.129883 0.639296 1.0
0 0.085938 0.552053 0.025391 0.048387 0.077458 0.54474 1.0 0.087703 0.548433 1.0 0.077253 0.556125 1.0 0.077048 0.563507 1.0 0.08258 0.564739 1.0
0 0.035156 0.617302 0.021484 0.052786 0.028782 0.6106 1.0 0.039246 0.611254 1.0 0.032052 0.623364 1.0 0.030962 0.629582 1.0 0.039246 0.630236 1.0
0 0.004883 0.527859 0.009766 0.046921 0.0 0.0 0.0 0.0 0.0 0.0 0.0 0.0 0.0 0.0 0.0 0.0 0.0 0.0 0.0
0 0.065918 0.771261 0.020508 0.049853 0.060883 0.766862 1.0 0.06131 0.766862 1.0 0.054474 0.773918 1.0 0.058746 0.785466 1.0 0.059174 0.785466 1.0
0 0.129395 0.760264 0.02832 0.048387 0.121325 0.75811 1.0 0.1328 0.753496 1.0 0.129111 0.768878 1.0 0.127267 0.77657 1.0 0.135873 0.774724 1.0
0 0.18457 0.742669 0.025391 0.054252 0.176758 0.730205 1.0 0.189453 0.727273 1.0 0.180664 0.740469 1.0 0.176758 0.756598 1.0 0.188477 0.756598 1.0
0 0.075195 0.917155 0.029297 0.068915 0.064349 0.911238 1.0 0.077297 0.910374 1.0 0.066075 0.922471 1.0 0.064061 0.935 1.0 0.074132 0.932839 1.0
0 0.011719 0.981672 0.023438 0.036657 0.001953 0.989736 1.0 0.008789 0.989736 1.0 0.001953 0.995601 1.0 0.001953 0.998534 1.0 0.008789 0.998534 1.0
0 0.911133 0.168622 0.021484 0.043988 0.0 0.0 0.0 0.0 0.0 0.0 0.0 0.0 0.0 0.0 0.0 0.0 0.0 0.0 0.0