0 0.09375 0.27451 0.017578 0.028758 0.094413 0.270775 1.0 0.100599 0.270775 1.0 0.100167 0.278093 1.0 0.096858 0.282715 1.0 0.10103 0.282522 1.0
0 0.218262 0.252941 0.012695 0.022222 0.217826 0.249592 1.0 0.223166 0.249299 1.0 0.221531 0.253384 1.0 0.218807 0.257469 1.0 0.222621 0.257031 1.0
0 0.288086 0.285621 0.009766 0.030065 0.28418 0.284967 1.0 0.286133 0.284967 1.0 0.285156 0.291503 1.0 0.286133 0.296732 1.0 0.288086 0.296732 1.0
0 0.129395 0.432026 0.036133 0.048366 0.125672 0.422059 1.0 0.139767 0.419894 1.0 0.134914 0.433812 1.0 0.126364 0.439997 1.0 0.141614 0.438142 1.0
0 0.186523 0.384314 0.029297 0.049673 0.184858 0.378327 1.0 0.197807 0.379902 1.0 0.193568 0.388725 1.0 0.186035 0.396604 1.0 0.195923 0.397549 1.0
0 0.23584 0.360784 0.026367 0.044444 0.23305 0.351821 1.0 0.245187 0.35126 1.0 0.240792 0.362465 1.0 0.234306 0.370027 1.0 0.244769 0.370308 1.0
0 0.303711 0.401307 0.027344 0.039216 0.300781 0.397386 1.0 0.3125 0.397386 1.0 0.307617 0.403922 1.0 0.301758 0.410458 1.0 0.3125 0.411765 1.0
0 0.344238 0.324837 0.024414 0.048366 0.341797 0.318954 1.0 0.352539 0.320261 1.0 0.348633 0.329412 1.0 0.338867 0.335948 1.0 0.351562 0.335948 1.0
0 0.280273 0.560784 0.029297 0.047059 0.273071 0.553583 1.0 0.285967 0.550607 1.0 0.281075 0.561322 1.0 0.275072 0.570548 1.0 0.287301 0.568762 1.0
0 0.377441 0.571242 0.032227 0.052288 0.371992 0.562605 1.0 0.386902 0.565599 1.0 0.37895 0.578239 1.0 0.371495 0.581565 1.0 0.382429 0.583894 1.0
0 0.410645 0.338562 0.024414 0.036601 0.405905 0.333584 1.0 0.416787 0.331536 1.0 0.412026 0.339957 1.0 0.407775 0.346784 1.0 0.415768 0.346329 1.0
0 0.398926 0.418301 0.024414 0.033987 0.39413 0.409897 1.0 0.406224 0.408788 1.0 0.400426 0.418767 1.0 0.39529 0.42409 1.0 0.405064 0.423646 1.0
0 0.459473 0.550327 0.02832 0.04183 0.45496 0.544421 1.0 0.467908 0.544421 1.0 0.462219 0.555188 1.0 0.456138 0.560178 1.0 0.465358 0.560703 1.0
0 0.443359 0.398039 0.021484 0.037908 0.439209 0.391013 1.0 0.449097 0.388808 1.0 0.446717 0.400573 1.0 0.442322 0.407435 1.0 0.450195 0.404494 1.0
0 0.469727 0.358824 0.023438 0.035294 0.463457 0.354727 1.0 0.473999 0.351996 1.0 0.469238 0.363375 1.0 0.466178 0.36679 1.0 0.475699 0.365878 1.0
0 0.575195 0.35817 0.023438 0.039216 0.569336 0.355603 1.0 0.579311 0.356373 1.0 0.57298 0.364846 1.0 0.568568 0.36921 1.0 0.577201 0.369724 1.0
0 0.646484 0.365359 0.027344 0.043137 0.641614 0.35939 1.0 0.65268 0.35939 1.0 0.645508 0.368441 1.0 0.639156 0.375298 1.0 0.651245 0.375571 1.0
0 0.717773 0.367974 0.03125 0.045752 0.70932 0.362826 1.0 0.722352 0.363112 1.0 0.714447 0.372835 1.0 0.70868 0.380842 1.0 0.721069 0.380556 1.0
0 0.765625 0.47451 0.027344 0.039216 0.760445 0.46809 1.0 0.772339 0.469631 1.0 0.765434 0.477848 1.0 0.760254 0.48401 1.0 0.769462 0.485294 1.0
0 0.525391 0.312418 0.025391 0.044444 0.520508 0.30719 1.0 0.532227 0.30719 1.0 0.524414 0.31634 1.0 0.518555 0.321569 1.0 0.530273 0.322876 1.0
0 0.818848 0.371242 0.036133 0.052288 0.809653 0.363936 1.0 0.824812 0.365932 1.0 0.814872 0.376243 1.0 0.813132 0.382563 1.0 0.823569 0.381565 1.0
0 0.913086 0.420915 0.035156 0.057516 0.904488 0.411648 1.0 0.920977 0.410562 1.0 0.912327 0.425397 1.0 0.904488 0.435528 1.0 0.918273 0.43191 1.0
0 0.636719 0.228758 0.005859 0.007843 0.0 0.0 0.0 0.0 0.0 0.0 0.0 0.0 0.0 0.0 0.0 0.0 0.0 0.0 0.0
0 0.265137 0.19281 0.004883 0.00915 0.0 0.0 0.0 0.0 0.0 0.0 0.0 0.0 0.0 0.0 0.0 0.0 0.0 0.0 0.0
0 0.650391 0.224837 0.005859 0.007843 0.0 0.0 0.0 0.0 0.0 0.0 0.0 0.0 0.0 0.0 0.0 0.0 0.0 0.0 0.0