0 0.211426 0.192776 0.030273 0.028409 0.201616 0.18929 1.0 0.213605 0.186572 1.0 0.20881 0.194001 1.0 0.206194 0.19998 1.0 0.214913 0.199255 1.0
0 0.282715 0.193994 0.030273 0.035714 0.274048 0.187424 1.0 0.28833 0.188109 1.0 0.277069 0.192903 1.0 0.274048 0.200437 1.0 0.28476 0.201578 1.0
0 0.313477 0.169237 0.03125 0.033279 0.307072 0.161798 1.0 0.319161 0.15966 1.0 0.312988 0.166715 1.0 0.310159 0.172915 1.0 0.31839 0.170991 1.0
0 0.34375 0.208604 0.027344 0.025974 0.336242 0.207437 1.0 0.347874 0.202437 1.0 0.344866 0.209104 1.0 0.343663 0.216105 1.0 0.351484 0.212771 1.0
0 0.446777 0.185065 0.03418 0.034091 0.0 0.0 0.0 0.0 0.0 0.0 0.0 0.0 0.0 0.0 0.0 0.0 0.0 0.0 0.0
0 0.479004 0.183442 0.02832 0.030844 0.470764 0.179724 1.0 0.480652 0.179136 1.0 0.472883 0.185985 1.0 0.469352 0.19166 1.0 0.480652 0.190877 1.0
0 0.527832 0.176542 0.030273 0.028409 0.523856 0.170338 1.0 0.536499 0.172694 1.0 0.527779 0.178129 1.0 0.521022 0.181209 1.0 0.532793 0.18429 1.0
0 0.568848 0.198864 0.030273 0.032468 0.56339 0.193294 1.0 0.578797 0.195153 1.0 0.571838 0.20073 1.0 0.565874 0.205894 1.0 0.575814 0.205894 1.0
0 0.61084 0.192776 0.030273 0.030032 0.607178 0.187282 1.0 0.6201 0.189356 1.0 0.614659 0.194631 1.0 0.607631 0.201415 1.0 0.616246 0.20311 1.0
0 0.407715 0.142857 0.026367 0.027597 0.400391 0.139378 1.0 0.413993 0.137465 1.0 0.407087 0.144248 1.0 0.401855 0.149467 1.0 0.414411 0.149293 1.0
0 0.025879 0.637175 0.036133 0.043831 0.0 0.0 0.0 0.0 0.0 0.0 0.0 0.0 0.0 0.0 0.0 0.0 0.0 0.0 0.0
0 0.844238 0.632711 0.032227 0.036526 0.839007 0.624652 1.0 0.841239 0.627435 1.0 0.830078 0.632769 1.0 0.833427 0.639494 1.0 0.835101 0.641118 1.0