0 0.855469 0.164714 0.054688 0.10981 0.843401 0.145275 1.0 0.867894 0.144583 1.0 0.857265 0.164675 1.0 0.846636 0.189618 1.0 0.868355 0.184767 1.0
0 0.317871 0.163982 0.018555 0.029283 0.313084 0.159649 1.0 0.321935 0.156996 1.0 0.319026 0.164956 1.0 0.314728 0.170454 1.0 0.323325 0.16742 1.0
0 0.296875 0.218155 0.044922 0.079063 0.0 0.0 0.0 0.0 0.0 0.0 0.0 0.0 0.0 0.0 0.0 0.0 0.0 0.0 0.0
0 0.025879 0.251098 0.041992 0.095168 0.018206 0.233529 1.0 0.035854 0.233529 1.0 0.03064 0.253373 1.0 0.022217 0.269007 1.0 0.039464 0.268406 1.0
0 0.222168 0.326501 0.006836 0.011713 0.0 0.0 0.0 0.0 0.0 0.0 0.0 0.0 0.0 0.0 0.0 0.0 0.0 0.0 0.0
0 0.209473 0.303075 0.004883 0.008785 0.0 0.0 0.0 0.0 0.0 0.0 0.0 0.0 0.0 0.0 0.0 0.0 0.0 0.0 0.0
0 0.211914 0.289898 0.003906 0.008785 0.0 0.0 0.0 0.0 0.0 0.0 0.0 0.0 0.0 0.0 0.0 0.0 0.0 0.0 0.0
0 0.674805 0.502196 0.025391 0.04978 0.679688 0.496236 1.0 0.685128 0.496549 1.0 0.683873 0.508471 1.0 0.674665 0.514745 1.0 0.682617 0.515687 1.0
0 0.728516 0.459736 0.039062 0.040996 0.728772 0.44784 1.0 0.73573 0.453057 1.0 0.720324 0.450076 1.0 0.718336 0.467587 1.0 0.726039 0.471685 1.0
0 0.58252 0.442167 0.012695 0.023426 0.579738 0.437977 1.0 0.585754 0.438127 1.0 0.582847 0.443991 1.0 0.581142 0.449102 1.0 0.583949 0.449102 1.0
0 0.558105 0.447291 0.006836 0.013177 0.0 0.0 0.0 0.0 0.0 0.0 0.0 0.0 0.0 0.0 0.0 0.0 0.0 0.0 0.0
0 0.61377 0.461933 0.006836 0.013177 0.0 0.0 0.0 0.0 0.0 0.0 0.0 0.0 0.0 0.0 0.0 0.0 0.0 0.0 0.0
0 0.512695 0.500732 0.03125 0.04978 0.503723 0.48847 1.0 0.519745 0.48847 1.0 0.510772 0.499359 1.0 0.504791 0.51217 1.0 0.518036 0.51249 1.0
0 0.487793 0.535871 0.036133 0.061493 0.495858 0.524773 1.0 0.500379 0.521981 1.0 0.5049 0.535937 1.0 0.49772 0.551088 1.0 0.501177 0.549094 1.0
0 0.515137 0.437775 0.014648 0.020498 0.0 0.0 0.0 0.0 0.0 0.0 0.0 0.0 0.0 0.0 0.0 0.0 0.0 0.0 0.0
0 0.495605 0.433382 0.014648 0.026354 0.496918 0.428239 1.0 0.500623 0.428239 1.0 0.500297 0.434284 1.0 0.497245 0.437389 1.0 0.49997 0.437389 1.0
0 0.480957 0.464129 0.020508 0.035139 0.474243 0.457108 1.0 0.480617 0.456887 1.0 0.473946 0.463776 1.0 0.471871 0.468887 1.0 0.477801 0.469332 1.0
0 0.464355 0.450952 0.016602 0.026354 0.0 0.0 0.0 0.0 0.0 0.0 0.0 0.0 0.0 0.0 0.0 0.0 0.0 0.0 0.0
0 0.453613 0.42899 0.010742 0.01757 0.0 0.0 0.0 0.0 0.0 0.0 0.0 0.0 0.0 0.0 0.0 0.0 0.0 0.0 0.0
0 0.945801 0.511713 0.043945 0.068814 0.941319 0.502517 1.0 0.960306 0.499451 1.0 0.955048 0.515217 1.0 0.94424 0.532296 1.0 0.961182 0.532296 1.0
0 0.848145 0.640556 0.071289 0.121523 0.822989 0.620542 1.0 0.828134 0.628255 1.0 0.812187 0.641367 1.0 0.827619 0.676075 1.0 0.827619 0.676075 1.0
0 0.766113 0.557833 0.041992 0.096633 0.770098 0.544495 1.0 0.774053 0.541362 1.0 0.785127 0.560659 1.0 0.773379 0.583045 1.0 0.776113 0.581303 1.0
0 0.61084 0.77672 0.061523 0.136164 0.594325 0.773139 1.0 0.594901 0.774001 1.0 0.596052 0.799022 1.0 0.616193 0.824906 1.0 0.616769 0.824042 1.0
0 0.432129 0.632504 0.041992 0.079063 0.436437 0.626543 1.0 0.44472 0.622072 1.0 0.451678 0.639458 1.0 0.441737 0.658832 1.0 0.448033 0.654362 1.0
0 0.273926 0.637628 0.041992 0.121523 0.0 0.0 0.0 0.0 0.0 0.0 0.0 0.0 0.0 0.0 0.0 0.0 0.0 0.0 0.0
0 0.402832 0.519034 0.018555 0.051245 0.0 0.0 0.0 0.0 0.0 0.0 0.0 0.0 0.0 0.0 0.0 0.0 0.0 0.0 0.0
0 0.345215 0.518302 0.024414 0.043924 0.337528 0.511668 1.0 0.344277 0.51223 1.0 0.336779 0.519818 1.0 0.334717 0.527407 1.0 0.341091 0.527688 1.0
0 0.333984 0.483163 0.019531 0.038067 0.330846 0.476953 1.0 0.340951 0.474221 1.0 0.337472 0.486143 1.0 0.332171 0.493098 1.0 0.340454 0.491857 1.0
0 0.256348 0.512445 0.03418 0.04978 0.246269 0.502483 1.0 0.261309 0.501177 1.0 0.252808 0.511307 1.0 0.246269 0.525034 1.0 0.260655 0.523073 1.0
0 0.28418 0.540264 0.039062 0.064422 0.277553 0.528551 1.0 0.278669 0.528969 1.0 0.265556 0.539009 1.0 0.2756 0.559088 1.0 0.2756 0.559088 1.0
0 0.429199 0.414348 0.010742 0.020498 0.0 0.0 0.0 0.0 0.0 0.0 0.0 0.0 0.0 0.0 0.0 0.0 0.0 0.0 0.0
0 0.350586 0.462665 0.011719 0.023426 0.0 0.0 0.0 0.0 0.0 0.0 0.0 0.0 0.0 0.0 0.0 0.0 0.0 0.0 0.0
0 0.555664 0.970717 0.142578 0.058565 0.0 0.0 0.0 0.0 0.0 0.0 0.0 0.0 0.0 0.0 0.0 0.0 0.0 0.0 0.0
0 0.221191 0.619327 0.047852 0.073206 0.216857 0.604594 1.0 0.221131 0.608255 1.0 0.203125 0.614659 1.0 0.20465 0.635249 1.0 0.205871 0.636164 1.0
0 0.169922 0.577599 0.035156 0.051245 0.156982 0.568599 1.0 0.162985 0.568931 1.0 0.154092 0.584266 1.0 0.160984 0.594266 1.0 0.165209 0.595266 1.0
0 0.20459 0.49634 0.024414 0.043924 0.195779 0.484365 1.0 0.202152 0.48577 1.0 0.193529 0.495608 1.0 0.195404 0.503196 1.0 0.201403 0.50404 1.0
0 0.182617 0.522694 0.027344 0.046852 0.0 0.0 0.0 0.0 0.0 0.0 0.0 0.0 0.0 0.0 0.0 0.0 0.0 0.0 0.0
0 0.137207 0.560761 0.030273 0.055637 0.125938 0.551042 1.0 0.132411 0.551042 1.0 0.124259 0.564343 1.0 0.129534 0.574408 1.0 0.135289 0.575127 1.0
0 0.140137 0.484627 0.014648 0.029283 0.0 0.0 0.0 0.0 0.0 0.0 0.0 0.0 0.0 0.0 0.0 0.0 0.0 0.0 0.0
0 0.171387 0.47877 0.016602 0.029283 0.165894 0.472731 1.0 0.170044 0.47511 1.0 0.165283 0.478221 1.0 0.163696 0.484444 1.0 0.170044 0.486274 1.0
0 0.046387 0.560029 0.03418 0.054173 0.032266 0.548865 1.0 0.045205 0.550597 1.0 0.033421 0.561682 1.0 0.032959 0.57554 1.0 0.041277 0.575886 1.0
0 0.046387 0.515373 0.02832 0.055637 0.0 0.0 0.0 0.0 0.0 0.0 0.0 0.0 0.0 0.0 0.0 0.0 0.0 0.0 0.0
0 0.047852 0.48243 0.017578 0.030747 0.0 0.0 0.0 0.0 0.0 0.0 0.0 0.0 0.0 0.0 0.0 0.0 0.0 0.0 0.0
0 0.058105 0.480234 0.012695 0.023426 0.057931 0.47694 1.0 0.062535 0.47694 1.0 0.061593 0.481646 1.0 0.058769 0.487293 1.0 0.062116 0.486823 1.0
0 0.061035 0.467789 0.010742 0.019034 0.0 0.0 0.0 0.0 0.0 0.0 0.0 0.0 0.0 0.0 0.0 0.0 0.0 0.0 0.0
0 0.067871 0.713031 0.03418 0.081991 0.058084 0.700939 1.0 0.060839 0.701455 1.0 0.05154 0.715397 1.0 0.050851 0.724176 1.0 0.056361 0.725725 1.0
0 0.078125 0.525622 0.015625 0.043924 0.0 0.0 0.0 0.0 0.0 0.0 0.0 0.0 0.0 0.0 0.0 0.0 0.0 0.0 0.0
0 0.008789 0.505857 0.017578 0.045388 0.0 0.0 0.0 0.0 0.0 0.0 0.0 0.0 0.0 0.0 0.0 0.0 0.0 0.0 0.0
0 0.191406 0.458272 0.013672 0.023426 0.0 0.0 0.0 0.0 0.0 0.0 0.0 0.0 0.0 0.0 0.0 0.0 0.0 0.0 0.0
0 0.226074 0.430454 0.008789 0.014641 0.224017 0.427467 1.0 0.227548 0.427565 1.0 0.225586 0.429918 1.0 0.224082 0.432663 1.0 0.226959 0.432663 1.0
0 0.231934 0.438507 0.006836 0.013177 0.0 0.0 0.0 0.0 0.0 0.0 0.0 0.0 0.0 0.0 0.0 0.0 0.0 0.0 0.0
0 0.209961 0.429722 0.007812 0.013177 0.0 0.0 0.0 0.0 0.0 0.0 0.0 0.0 0.0 0.0 0.0 0.0 0.0 0.0 0.0
0 0.171387 0.461201 0.012695 0.020498 0.0 0.0 0.0 0.0 0.0 0.0 0.0 0.0 0.0 0.0 0.0 0.0 0.0 0.0 0.0
0 0.149902 0.464129 0.012695 0.020498 0.0 0.0 0.0 0.0 0.0 0.0 0.0 0.0 0.0 0.0 0.0 0.0 0.0 0.0 0.0
0 0.517578 0.385798 0.007812 0.016105 0.0 0.0 0.0 0.0 0.0 0.0 0.0 0.0 0.0 0.0 0.0 0.0 0.0 0.0 0.0
0 0.095215 0.451684 0.006836 0.010249 0.0 0.0 0.0 0.0 0.0 0.0 0.0 0.0 0.0 0.0 0.0 0.0 0.0 0.0 0.0
0 0.402832 0.483895 0.016602 0.030747 0.0 0.0 0.0 0.0 0.0 0.0 0.0 0.0 0.0 0.0 0.0 0.0 0.0 0.0 0.0
0 0.344238 0.43265 0.008789 0.013177 0.0 0.0 0.0 0.0 0.0 0.0 0.0 0.0 0.0 0.0 0.0 0.0 0.0 0.0 0.0
0 0.444336 0.412152 0.009766 0.019034 0.0 0.0 0.0 0.0 0.0 0.0 0.0 0.0 0.0 0.0 0.0 0.0 0.0 0.0 0.0
0 0.432617 0.427526 0.007812 0.014641 0.0 0.0 0.0 0.0 0.0 0.0 0.0 0.0 0.0 0.0 0.0 0.0 0.0 0.0 0.0
0 0.39209 0.452416 0.008789 0.014641 0.0 0.0 0.0 0.0 0.0 0.0 0.0 0.0 0.0 0.0 0.0 0.0 0.0 0.0 0.0
0 0.669922 0.389458 0.007812 0.014641 0.0 0.0 0.0 0.0 0.0 0.0 0.0 0.0 0.0 0.0 0.0 0.0 0.0 0.0 0.0
0 0.07373 0.874817 0.03418 0.121523 0.0 0.0 0.0 0.0 0.0 0.0 0.0 0.0 0.0 0.0 0.0 0.0 0.0 0.0 0.0
0 0.623047 0.42899 0.007812 0.023426 0.0 0.0 0.0 0.0 0.0 0.0 0.0 0.0 0.0 0.0 0.0 0.0 0.0 0.0 0.0