0 0.628906 0.537135 0.044922 0.074271 0.624285 0.523844 1.0 0.642883 0.521037 1.0 0.63634 0.537875 1.0 0.627729 0.548634 1.0 0.643917 0.547698 1.0
0 0.586426 0.805703 0.03418 0.057029 0.586914 0.789125 1.0 0.595703 0.78382 1.0 0.597656 0.790451 1.0 0.591797 0.809019 1.0 0.602539 0.803714 1.0
0 0.654785 0.78382 0.032227 0.050398 0.645508 0.770557 1.0 0.65625 0.767905 1.0 0.650391 0.782493 1.0 0.646484 0.789125 1.0 0.661133 0.78382 1.0
0 0.494629 0.335544 0.083008 0.119363 0.479811 0.310066 1.0 0.513031 0.308562 1.0 0.499189 0.322098 1.0 0.479257 0.353679 1.0 0.519675 0.349919 1.0
0 0.194824 0.638594 0.036133 0.046419 0.183271 0.630714 1.0 0.197135 0.625379 1.0 0.19159 0.637617 1.0 0.188354 0.651739 1.0 0.201294 0.647032 1.0
0 0.053223 0.464854 0.022461 0.027851 0.0 0.0 0.0 0.0 0.0 0.0 0.0 0.0 0.0 0.0 0.0 0.0 0.0 0.0 0.0
0 0.273926 0.380637 0.022461 0.047745 0.0 0.0 0.0 0.0 0.0 0.0 0.0 0.0 0.0 0.0 0.0 0.0 0.0 0.0 0.0
0 0.301758 0.269231 0.023438 0.03183 0.297455 0.262143 1.0 0.306457 0.262765 1.0 0.302032 0.269397 1.0 0.299591 0.276235 1.0 0.305694 0.276235 1.0
0 0.358398 0.350796 0.025391 0.035809 0.352539 0.352785 1.0 0.358398 0.350133 1.0 0.357422 0.359416 1.0 0.359375 0.364721 1.0 0.365234 0.359416 1.0
0 0.418945 0.284483 0.019531 0.035809 0.417437 0.27871 1.0 0.426278 0.27894 1.0 0.422538 0.282866 1.0 0.419308 0.290025 1.0 0.425258 0.289793 1.0
0 0.456055 0.26061 0.017578 0.027851 0.456482 0.257816 1.0 0.463676 0.258349 1.0 0.46106 0.263676 1.0 0.455697 0.269361 1.0 0.462629 0.270249 1.0
0 0.458008 0.38992 0.023438 0.04244 0.456931 0.382597 1.0 0.467917 0.382597 1.0 0.463405 0.386326 1.0 0.457323 0.396984 1.0 0.464582 0.396718 1.0
0 0.758301 0.523873 0.040039 0.061008 0.748893 0.514495 1.0 0.762704 0.513322 1.0 0.756661 0.523481 1.0 0.758388 0.537549 1.0 0.767021 0.534033 1.0