0 0.993164 0.332682 0.013672 0.032552 0.0 0.0 0.0 0.0 0.0 0.0 0.0 0.0 0.0 0.0 0.0 0.0 0.0 0.0 0.0
0 0.95459 0.320312 0.022461 0.041667 0.950963 0.309988 1.0 0.958614 0.315482 1.0 0.949001 0.319928 1.0 0.944881 0.324115 1.0 0.955082 0.332484 1.0
0 0.901367 0.365885 0.011719 0.018229 0.0 0.0 0.0 0.0 0.0 0.0 0.0 0.0 0.0 0.0 0.0 0.0 0.0 0.0 0.0
0 0.922852 0.450521 0.029297 0.052083 0.930708 0.444115 1.0 0.932478 0.442767 1.0 0.938546 0.452207 1.0 0.928685 0.464007 1.0 0.931719 0.464007 1.0
0 0.975098 0.44987 0.020508 0.035156 0.0 0.0 0.0 0.0 0.0 0.0 0.0 0.0 0.0 0.0 0.0 0.0 0.0 0.0 0.0
0 0.844238 0.40625 0.012695 0.026042 0.844526 0.401047 1.0 0.848572 0.401047 1.0 0.847434 0.407622 1.0 0.841112 0.409982 1.0 0.841239 0.410487 1.0
0 0.814453 0.352214 0.015625 0.019531 0.0 0.0 0.0 0.0 0.0 0.0 0.0 0.0 0.0 0.0 0.0 0.0 0.0 0.0 0.0
0 0.86377 0.496745 0.03418 0.048177 0.863538 0.489659 1.0 0.87694 0.491199 1.0 0.872088 0.49921 1.0 0.861921 0.506911 1.0 0.871395 0.508143 1.0
0 0.752441 0.501302 0.041992 0.067708 0.754055 0.497419 1.0 0.770186 0.49871 1.0 0.765023 0.510754 1.0 0.754055 0.520217 1.0 0.763088 0.520217 1.0
0 0.746582 0.434896 0.022461 0.03125 0.0 0.0 0.0 0.0 0.0 0.0 0.0 0.0 0.0 0.0 0.0 0.0 0.0 0.0 0.0
0 0.844727 0.359375 0.015625 0.020833 0.0 0.0 0.0 0.0 0.0 0.0 0.0 0.0 0.0 0.0 0.0 0.0 0.0 0.0 0.0
0 0.749512 0.361979 0.022461 0.020833 0.0 0.0 0.0 0.0 0.0 0.0 0.0 0.0 0.0 0.0 0.0 0.0 0.0 0.0 0.0
0 0.771973 0.341797 0.006836 0.014323 0.0 0.0 0.0 0.0 0.0 0.0 0.0 0.0 0.0 0.0 0.0 0.0 0.0 0.0 0.0
0 0.768066 0.328125 0.006836 0.013021 0.0 0.0 0.0 0.0 0.0 0.0 0.0 0.0 0.0 0.0 0.0 0.0 0.0 0.0 0.0
0 0.831055 0.482422 0.029297 0.040365 0.837236 0.477719 1.0 0.84116 0.476935 1.0 0.843318 0.482951 1.0 0.839002 0.489751 1.0 0.841553 0.489229 1.0
0 0.725098 0.367839 0.014648 0.019531 0.0 0.0 0.0 0.0 0.0 0.0 0.0 0.0 0.0 0.0 0.0 0.0 0.0 0.0 0.0
0 0.70166 0.351562 0.016602 0.020833 0.0 0.0 0.0 0.0 0.0 0.0 0.0 0.0 0.0 0.0 0.0 0.0 0.0 0.0 0.0
0 0.684082 0.391276 0.016602 0.02474 0.680542 0.384766 1.0 0.687256 0.38623 1.0 0.682007 0.390951 1.0 0.682007 0.396159 1.0 0.686157 0.397135 1.0
0 0.71875 0.460286 0.033203 0.040365 0.717407 0.454427 1.0 0.728729 0.453857 1.0 0.725312 0.466105 1.0 0.717407 0.472371 1.0 0.725952 0.471517 1.0
0 0.671875 0.330729 0.011719 0.018229 0.0 0.0 0.0 0.0 0.0 0.0 0.0 0.0 0.0 0.0 0.0 0.0 0.0 0.0 0.0
0 0.674805 0.350911 0.011719 0.02474 0.0 0.0 0.0 0.0 0.0 0.0 0.0 0.0 0.0 0.0 0.0 0.0 0.0 0.0 0.0
0 0.682617 0.503255 0.039062 0.066406 0.691358 0.491345 1.0 0.694859 0.489647 1.0 0.698042 0.50068 1.0 0.694541 0.518927 1.0 0.697724 0.51638 1.0
0 0.639648 0.408203 0.019531 0.032552 0.633039 0.40253 1.0 0.641828 0.40232 1.0 0.636963 0.409854 1.0 0.634138 0.416341 1.0 0.640887 0.415923 1.0
0 0.604004 0.412109 0.026367 0.040365 0.598511 0.406878 1.0 0.60989 0.408708 1.0 0.601258 0.416556 1.0 0.597726 0.421264 1.0 0.608124 0.422049 1.0
0 0.53418 0.439453 0.037109 0.058594 0.537877 0.43657 1.0 0.55099 0.435826 1.0 0.546526 0.449591 1.0 0.53704 0.456288 1.0 0.53704 0.456288 1.0
0 0.496094 0.533854 0.041016 0.0625 0.491996 0.526785 1.0 0.510947 0.52478 1.0 0.505231 0.540824 1.0 0.493801 0.551253 1.0 0.510346 0.549647 1.0
0 0.493652 0.38737 0.024414 0.040365 0.490479 0.382883 1.0 0.501029 0.382115 1.0 0.496233 0.390811 1.0 0.490479 0.397973 1.0 0.498919 0.396694 1.0
0 0.594727 0.341797 0.017578 0.027344 0.592128 0.337431 1.0 0.599832 0.338513 1.0 0.596724 0.342297 1.0 0.593345 0.347522 1.0 0.597129 0.347522 1.0
0 0.5625 0.38737 0.021484 0.03776 0.565552 0.378906 1.0 0.57251 0.381104 1.0 0.573608 0.38794 1.0 0.564819 0.395996 1.0 0.571777 0.397461 1.0
0 0.535645 0.339844 0.012695 0.020833 0.0 0.0 0.0 0.0 0.0 0.0 0.0 0.0 0.0 0.0 0.0 0.0 0.0 0.0 0.0
0 0.489258 0.343099 0.015625 0.022135 0.0 0.0 0.0 0.0 0.0 0.0 0.0 0.0 0.0 0.0 0.0 0.0 0.0 0.0 0.0
0 0.480469 0.354167 0.015625 0.026042 0.0 0.0 0.0 0.0 0.0 0.0 0.0 0.0 0.0 0.0 0.0 0.0 0.0 0.0 0.0
0 0.609863 0.342448 0.012695 0.015625 0.0 0.0 0.0 0.0 0.0 0.0 0.0 0.0 0.0 0.0 0.0 0.0 0.0 0.0 0.0
0 0.619141 0.375 0.011719 0.020833 0.0 0.0 0.0 0.0 0.0 0.0 0.0 0.0 0.0 0.0 0.0 0.0 0.0 0.0 0.0
0 0.46875 0.357422 0.019531 0.032552 0.469229 0.351829 1.0 0.476811 0.349895 1.0 0.478424 0.358497 1.0 0.471811 0.364734 1.0 0.476488 0.363659 1.0
0 0.414551 0.384766 0.02832 0.040365 0.0 0.0 0.0 0.0 0.0 0.0 0.0 0.0 0.0 0.0 0.0 0.0 0.0 0.0 0.0
0 0.450195 0.408854 0.025391 0.039062 0.453382 0.405203 1.0 0.460881 0.404703 1.0 0.458631 0.414952 1.0 0.453194 0.419201 1.0 0.456007 0.419951 1.0
0 0.35791 0.417969 0.02832 0.041667 0.361346 0.411562 1.0 0.369585 0.408163 1.0 0.369585 0.420195 1.0 0.363308 0.429612 1.0 0.370566 0.42752 1.0
0 0.301758 0.415365 0.03125 0.046875 0.0 0.0 0.0 0.0 0.0 0.0 0.0 0.0 0.0 0.0 0.0 0.0 0.0 0.0 0.0
0 0.331543 0.380208 0.024414 0.039062 0.330566 0.372315 1.0 0.340271 0.372315 1.0 0.33606 0.380615 1.0 0.328553 0.386474 1.0 0.340637 0.387451 1.0
0 0.36377 0.372396 0.018555 0.036458 0.0 0.0 0.0 0.0 0.0 0.0 0.0 0.0 0.0 0.0 0.0 0.0 0.0 0.0 0.0
0 0.376953 0.361979 0.019531 0.03125 0.0 0.0 0.0 0.0 0.0 0.0 0.0 0.0 0.0 0.0 0.0 0.0 0.0 0.0 0.0
0 0.308594 0.337891 0.021484 0.032552 0.0 0.0 0.0 0.0 0.0 0.0 0.0 0.0 0.0 0.0 0.0 0.0 0.0 0.0 0.0
0 0.290527 0.345703 0.022461 0.032552 0.0 0.0 0.0 0.0 0.0 0.0 0.0 0.0 0.0 0.0 0.0 0.0 0.0 0.0 0.0
0 0.393555 0.283854 0.009766 0.015625 0.392844 0.28182 1.0 0.397587 0.282017 1.0 0.395512 0.283796 1.0 0.393363 0.286366 1.0 0.39692 0.286661 1.0
0 0.303711 0.28776 0.009766 0.013021 0.0 0.0 0.0 0.0 0.0 0.0 0.0 0.0 0.0 0.0 0.0 0.0 0.0 0.0 0.0
0 0.343262 0.330078 0.014648 0.019531 0.0 0.0 0.0 0.0 0.0 0.0 0.0 0.0 0.0 0.0 0.0 0.0 0.0 0.0 0.0
0 0.286133 0.28776 0.011719 0.015625 0.0 0.0 0.0 0.0 0.0 0.0 0.0 0.0 0.0 0.0 0.0 0.0 0.0 0.0 0.0
0 0.439941 0.640625 0.05957 0.085938 0.4247 0.632766 1.0 0.455436 0.633313 1.0 0.440272 0.657354 1.0 0.428798 0.668283 1.0 0.450518 0.668829 1.0
0 0.542969 0.51888 0.042969 0.050781 0.0 0.0 0.0 0.0 0.0 0.0 0.0 0.0 0.0 0.0 0.0 0.0 0.0 0.0 0.0
0 0.367676 0.505208 0.036133 0.054688 0.361137 0.49449 1.0 0.377877 0.494141 1.0 0.368983 0.50565 1.0 0.362968 0.514719 1.0 0.374738 0.514719 1.0
0 0.411621 0.541016 0.047852 0.06901 0.408813 0.543016 1.0 0.423393 0.544783 1.0 0.418091 0.562012 1.0 0.408813 0.574382 1.0 0.422729 0.572615 1.0
0 0.51416 0.742839 0.073242 0.110677 0.500593 0.723354 1.0 0.522565 0.719168 1.0 0.506871 0.737305 1.0 0.504778 0.759626 1.0 0.523089 0.758928 1.0
0 0.958984 0.916016 0.082031 0.167969 0.0 0.0 0.0 0.0 0.0 0.0 0.0 0.0 0.0 0.0 0.0 0.0 0.0 0.0 0.0
0 0.873535 0.660807 0.051758 0.076823 0.868217 0.649374 1.0 0.888842 0.649374 1.0 0.885224 0.664813 1.0 0.867131 0.673497 1.0 0.888842 0.675909 1.0
0 0.646484 0.723958 0.015625 0.0625 0.0 0.0 0.0 0.0 0.0 0.0 0.0 0.0 0.0 0.0 0.0 0.0 0.0 0.0 0.0
0 0.213379 0.757161 0.094727 0.126302 0.191389 0.74203 1.0 0.238573 0.73566 1.0 0.219461 0.778663 1.0 0.197959 0.789016 1.0 0.235587 0.781849 1.0
0 0.216309 0.542969 0.022461 0.059896 0.0 0.0 0.0 0.0 0.0 0.0 0.0 0.0 0.0 0.0 0.0 0.0 0.0 0.0 0.0
0 0.256348 0.445964 0.036133 0.05599 0.0 0.0 0.0 0.0 0.0 0.0 0.0 0.0 0.0 0.0 0.0 0.0 0.0 0.0 0.0
0 0.050781 0.521484 0.052734 0.061198 0.033173 0.512573 1.0 0.052307 0.510783 1.0 0.039215 0.530029 1.0 0.041564 0.538534 1.0 0.053314 0.537638 1.0
0 0.099121 0.490885 0.024414 0.057292 0.0 0.0 0.0 0.0 0.0 0.0 0.0 0.0 0.0 0.0 0.0 0.0 0.0 0.0 0.0
0 0.088867 0.417969 0.033203 0.057292 0.0 0.0 0.0 0.0 0.0 0.0 0.0 0.0 0.0 0.0 0.0 0.0 0.0 0.0 0.0
0 0.181152 0.427734 0.03418 0.05599 0.185529 0.420236 1.0 0.19472 0.419155 1.0 0.19472 0.43321 1.0 0.1858 0.445464 1.0 0.1858 0.445464 1.0
0 0.252441 0.36849 0.020508 0.033854 0.0 0.0 0.0 0.0 0.0 0.0 0.0 0.0 0.0 0.0 0.0 0.0 0.0 0.0 0.0
0 0.277344 0.378255 0.025391 0.03776 0.0 0.0 0.0 0.0 0.0 0.0 0.0 0.0 0.0 0.0 0.0 0.0 0.0 0.0 0.0
0 0.230957 0.355469 0.022461 0.028646 0.0 0.0 0.0 0.0 0.0 0.0 0.0 0.0 0.0 0.0 0.0 0.0 0.0 0.0 0.0
0 0.11084 0.360677 0.02832 0.039062 0.106629 0.355714 1.0 0.11798 0.352539 1.0 0.113037 0.361573 1.0 0.10791 0.372315 1.0 0.120178 0.371094 1.0
0 0.171875 0.326823 0.021484 0.03125 0.168152 0.319865 1.0 0.176544 0.320678 1.0 0.171967 0.325155 1.0 0.168152 0.332276 1.0 0.175323 0.332682 1.0
0 0.078613 0.309896 0.014648 0.020833 0.0 0.0 0.0 0.0 0.0 0.0 0.0 0.0 0.0 0.0 0.0 0.0 0.0 0.0 0.0
0 0.058105 0.317057 0.016602 0.022135 0.0 0.0 0.0 0.0 0.0 0.0 0.0 0.0 0.0 0.0 0.0 0.0 0.0 0.0 0.0
0 0.135742 0.310547 0.011719 0.016927 0.0 0.0 0.0 0.0 0.0 0.0 0.0 0.0 0.0 0.0 0.0 0.0 0.0 0.0 0.0
0 0.027832 0.338542 0.022461 0.03125 0.0 0.0 0.0 0.0 0.0 0.0 0.0 0.0 0.0 0.0 0.0 0.0 0.0 0.0 0.0
0 0.280762 0.316406 0.014648 0.020833 0.0 0.0 0.0 0.0 0.0 0.0 0.0 0.0 0.0 0.0 0.0 0.0 0.0 0.0 0.0
0 0.227539 0.298828 0.009766 0.014323 0.0 0.0 0.0 0.0 0.0 0.0 0.0 0.0 0.0 0.0 0.0 0.0 0.0 0.0 0.0
0 0.242676 0.30013 0.010742 0.016927 0.0 0.0 0.0 0.0 0.0 0.0 0.0 0.0 0.0 0.0 0.0 0.0 0.0 0.0 0.0
0 0.711426 0.299479 0.010742 0.015625 0.0 0.0 0.0 0.0 0.0 0.0 0.0 0.0 0.0 0.0 0.0 0.0 0.0 0.0 0.0
0 0.682617 0.28776 0.009766 0.015625 0.0 0.0 0.0 0.0 0.0 0.0 0.0 0.0 0.0 0.0 0.0 0.0 0.0 0.0 0.0
0 0.708008 0.329427 0.011719 0.018229 0.0 0.0 0.0 0.0 0.0 0.0 0.0 0.0 0.0 0.0 0.0 0.0 0.0 0.0 0.0
0 0.630859 0.277344 0.005859 0.015625 0.0 0.0 0.0 0.0 0.0 0.0 0.0 0.0 0.0 0.0 0.0 0.0 0.0 0.0 0.0
0 0.658203 0.304036 0.009766 0.019531 0.0 0.0 0.0 0.0 0.0 0.0 0.0 0.0 0.0 0.0 0.0 0.0 0.0 0.0 0.0
0 0.592773 0.276042 0.007812 0.013021 0.0 0.0 0.0 0.0 0.0 0.0 0.0 0.0 0.0 0.0 0.0 0.0 0.0 0.0 0.0
0 0.578613 0.328125 0.008789 0.015625 0.0 0.0 0.0 0.0 0.0 0.0 0.0 0.0 0.0 0.0 0.0 0.0 0.0 0.0 0.0
0 0.620605 0.278646 0.008789 0.013021 0.0 0.0 0.0 0.0 0.0 0.0 0.0 0.0 0.0 0.0 0.0 0.0 0.0 0.0 0.0
0 0.447754 0.311849 0.010742 0.014323 0.0 0.0 0.0 0.0 0.0 0.0 0.0 0.0 0.0 0.0 0.0 0.0 0.0 0.0 0.0
0 0.563477 0.330078 0.009766 0.014323 0.0 0.0 0.0 0.0 0.0 0.0 0.0 0.0 0.0 0.0 0.0 0.0 0.0 0.0 0.0
0 0.433594 0.264974 0.007812 0.011719 0.0 0.0 0.0 0.0 0.0 0.0 0.0 0.0 0.0 0.0 0.0 0.0 0.0 0.0 0.0
0 0.492188 0.307292 0.007812 0.013021 0.0 0.0 0.0 0.0 0.0 0.0 0.0 0.0 0.0 0.0 0.0 0.0 0.0 0.0 0.0
0 0.373047 0.306641 0.011719 0.016927 0.0 0.0 0.0 0.0 0.0 0.0 0.0 0.0 0.0 0.0 0.0 0.0 0.0 0.0 0.0
0 0.369629 0.334635 0.012695 0.018229 0.0 0.0 0.0 0.0 0.0 0.0 0.0 0.0 0.0 0.0 0.0 0.0 0.0 0.0 0.0
0 0.503418 0.339844 0.012695 0.020833 0.0 0.0 0.0 0.0 0.0 0.0 0.0 0.0 0.0 0.0 0.0 0.0 0.0 0.0 0.0
0 0.42041 0.283854 0.006836 0.013021 0.0 0.0 0.0 0.0 0.0 0.0 0.0 0.0 0.0 0.0 0.0 0.0 0.0 0.0 0.0
0 0.353027 0.294922 0.008789 0.014323 0.0 0.0 0.0 0.0 0.0 0.0 0.0 0.0 0.0 0.0 0.0 0.0 0.0 0.0 0.0
0 0.40625 0.300781 0.009766 0.015625 0.0 0.0 0.0 0.0 0.0 0.0 0.0 0.0 0.0 0.0 0.0 0.0 0.0 0.0 0.0
0 0.098633 0.303385 0.009766 0.015625 0.0 0.0 0.0 0.0 0.0 0.0 0.0 0.0 0.0 0.0 0.0 0.0 0.0 0.0 0.0
0 0.155762 0.386068 0.030273 0.042969 0.152278 0.378418 1.0 0.166826 0.375413 1.0 0.163139 0.383336 1.0 0.158016 0.390439 1.0 0.167851 0.387707 1.0
0 0.180176 0.285156 0.010742 0.015625 0.0 0.0 0.0 0.0 0.0 0.0 0.0 0.0 0.0 0.0 0.0 0.0 0.0 0.0 0.0
0 0.217773 0.305339 0.013672 0.019531 0.0 0.0 0.0 0.0 0.0 0.0 0.0 0.0 0.0 0.0 0.0 0.0 0.0 0.0 0.0
0 0.425781 0.328776 0.011719 0.022135 0.0 0.0 0.0 0.0 0.0 0.0 0.0 0.0 0.0 0.0 0.0 0.0 0.0 0.0 0.0
0 0.023438 0.398438 0.039062 0.059896 0.012529 0.398053 1.0 0.030657 0.403424 1.0 0.018859 0.414935 1.0 0.013105 0.421457 1.0 0.022889 0.422991 1.0
0 0.027832 0.291667 0.010742 0.013021 0.0 0.0 0.0 0.0 0.0 0.0 0.0 0.0 0.0 0.0 0.0 0.0 0.0 0.0 0.0
0 0.243164 0.320312 0.011719 0.018229 0.0 0.0 0.0 0.0 0.0 0.0 0.0 0.0 0.0 0.0 0.0 0.0 0.0 0.0 0.0
0 0.836914 0.152995 0.009766 0.016927 0.0 0.0 0.0 0.0 0.0 0.0 0.0 0.0 0.0 0.0 0.0 0.0 0.0 0.0 0.0
0 0.138184 0.285156 0.010742 0.013021 0.0 0.0 0.0 0.0 0.0 0.0 0.0 0.0 0.0 0.0 0.0 0.0 0.0 0.0 0.0
0 0.297852 0.210286 0.009766 0.016927 0.0 0.0 0.0 0.0 0.0 0.0 0.0 0.0 0.0 0.0 0.0 0.0 0.0 0.0 0.0
0 0.259277 0.300781 0.010742 0.015625 0.0 0.0 0.0 0.0 0.0 0.0 0.0 0.0 0.0 0.0 0.0 0.0 0.0 0.0 0.0
0 0.26123 0.28125 0.008789 0.013021 0.0 0.0 0.0 0.0 0.0 0.0 0.0 0.0 0.0 0.0 0.0 0.0 0.0 0.0 0.0
0 0.078125 0.288411 0.007812 0.011719 0.0 0.0 0.0 0.0 0.0 0.0 0.0 0.0 0.0 0.0 0.0 0.0 0.0 0.0 0.0
0 0.170898 0.307292 0.011719 0.018229 0.0 0.0 0.0 0.0 0.0 0.0 0.0 0.0 0.0 0.0 0.0 0.0 0.0 0.0 0.0
0 0.519043 0.332031 0.010742 0.018229 0.0 0.0 0.0 0.0 0.0 0.0 0.0 0.0 0.0 0.0 0.0 0.0 0.0 0.0 0.0
0 0.672852 0.395833 0.013672 0.023438 0.0 0.0 0.0 0.0 0.0 0.0 0.0 0.0 0.0 0.0 0.0 0.0 0.0 0.0 0.0
0 0.432617 0.377604 0.019531 0.03125 0.0 0.0 0.0 0.0 0.0 0.0 0.0 0.0 0.0 0.0 0.0 0.0 0.0 0.0 0.0
0 0.335449 0.283203 0.012695 0.019531 0.0 0.0 0.0 0.0 0.0 0.0 0.0 0.0 0.0 0.0 0.0 0.0 0.0 0.0 0.0
0 0.516113 0.320312 0.014648 0.026042 0.0 0.0 0.0 0.0 0.0 0.0 0.0 0.0 0.0 0.0 0.0 0.0 0.0 0.0 0.0
0 0.937988 0.483073 0.016602 0.033854 0.0 0.0 0.0 0.0 0.0 0.0 0.0 0.0 0.0 0.0 0.0 0.0 0.0 0.0 0.0
0 0.004883 0.235677 0.009766 0.020833 0.0 0.0 0.0 0.0 0.0 0.0 0.0 0.0 0.0 0.0 0.0 0.0 0.0 0.0 0.0