0 0.793457 0.48243 0.02832 0.057101 0.791504 0.478404 1.0 0.80127 0.477672 1.0 0.798096 0.489019 1.0 0.791992 0.49634 1.0 0.799072 0.495608 1.0
0 0.689453 0.48243 0.029297 0.048316 0.688965 0.475057 1.0 0.698596 0.47475 1.0 0.696751 0.484274 1.0 0.689579 0.493183 1.0 0.698596 0.493183 1.0
0 0.581055 0.48243 0.029297 0.048316 0.0 0.0 0.0 0.0 0.0 0.0 0.0 0.0 0.0 0.0 0.0 0.0 0.0 0.0 0.0
0 0.441895 0.489751 0.032227 0.048316 0.436803 0.480862 1.0 0.450404 0.480234 1.0 0.44329 0.493098 1.0 0.439522 0.499059 1.0 0.449358 0.499372 1.0
0 0.331543 0.489019 0.032227 0.052709 0.32772 0.482619 1.0 0.340171 0.482953 1.0 0.333723 0.492621 1.0 0.327274 0.497955 1.0 0.339281 0.498955 1.0
0 0.178223 0.481698 0.032227 0.052709 0.173688 0.476299 1.0 0.186807 0.475633 1.0 0.180804 0.487634 1.0 0.175689 0.492966 1.0 0.188141 0.492966 1.0
0 0.042969 0.479502 0.029297 0.039531 0.037789 0.470299 1.0 0.049683 0.470299 1.0 0.044503 0.480078 1.0 0.038557 0.485542 1.0 0.051025 0.485542 1.0
0 0.755371 0.080527 0.024414 0.04978 0.750122 0.071467 1.0 0.759735 0.071467 1.0 0.753754 0.080755 1.0 0.750122 0.087802 1.0 0.758026 0.088123 1.0
0 0.668457 0.072474 0.024414 0.045388 0.665004 0.06599 1.0 0.675171 0.066565 1.0 0.670759 0.076344 1.0 0.665388 0.083821 1.0 0.673253 0.084972 1.0
0 0.558594 0.078331 0.029297 0.045388 0.556832 0.074801 1.0 0.56723 0.074507 1.0 0.563307 0.082448 1.0 0.557617 0.090097 1.0 0.566053 0.089802 1.0
0 0.439941 0.090776 0.02832 0.04978 0.43161 0.080436 1.0 0.442505 0.079795 1.0 0.436523 0.089403 1.0 0.432251 0.097731 1.0 0.443359 0.097089 1.0
0 0.321289 0.077599 0.029297 0.046852 0.31808 0.071586 1.0 0.328309 0.070684 1.0 0.323896 0.080606 1.0 0.318682 0.087821 1.0 0.331316 0.085116 1.0
0 0.206543 0.076867 0.02832 0.054173 0.0 0.0 0.0 0.0 0.0 0.0 0.0 0.0 0.0 0.0 0.0 0.0 0.0 0.0 0.0
0 0.067871 0.080527 0.02832 0.046852 0.062884 0.07271 1.0 0.073312 0.071507 1.0 0.068699 0.082031 1.0 0.064488 0.088344 1.0 0.075317 0.08654 1.0