0 0.746094 0.424479 0.056641 0.130208 0.725708 0.401429 1.0 0.729867 0.408002 1.0 0.71739 0.42854 1.0 0.724784 0.454009 1.0 0.728943 0.458116 1.0
0 0.678223 0.30816 0.055664 0.130208 0.0 0.0 0.0 0.0 0.0 0.0 0.0 0.0 0.0 0.0 0.0 0.0 0.0 0.0 0.0
0 0.790039 0.263021 0.021484 0.039931 0.0 0.0 0.0 0.0 0.0 0.0 0.0 0.0 0.0 0.0 0.0 0.0 0.0 0.0 0.0
0 0.657715 0.234375 0.022461 0.055556 0.0 0.0 0.0 0.0 0.0 0.0 0.0 0.0 0.0 0.0 0.0 0.0 0.0 0.0 0.0
0 0.628418 0.228299 0.020508 0.039931 0.0 0.0 0.0 0.0 0.0 0.0 0.0 0.0 0.0 0.0 0.0 0.0 0.0 0.0 0.0
0 0.605957 0.301215 0.043945 0.095486 0.591526 0.284628 1.0 0.588807 0.285234 1.0 0.584045 0.30458 1.0 0.595947 0.316066 1.0 0.594247 0.317274 1.0
0 0.547852 0.258681 0.042969 0.083333 0.529872 0.251302 1.0 0.540841 0.25341 1.0 0.529872 0.267113 1.0 0.531651 0.276599 1.0 0.543213 0.279234 1.0
0 0.288574 0.479167 0.040039 0.104167 0.0 0.0 0.0 0.0 0.0 0.0 0.0 0.0 0.0 0.0 0.0 0.0 0.0 0.0 0.0
0 0.440918 0.256944 0.022461 0.038194 0.437762 0.254573 1.0 0.446804 0.252991 1.0 0.444729 0.263005 1.0 0.438799 0.274073 1.0 0.446952 0.273283 1.0
0 0.475586 0.278646 0.037109 0.064236 0.466134 0.270214 1.0 0.481907 0.268122 1.0 0.472255 0.287373 1.0 0.468253 0.291977 1.0 0.483556 0.289465 1.0
0 0.491699 0.210938 0.020508 0.043403 0.0 0.0 0.0 0.0 0.0 0.0 0.0 0.0 0.0 0.0 0.0 0.0 0.0 0.0 0.0
0 0.378906 0.269965 0.035156 0.050347 0.370191 0.260005 1.0 0.382865 0.252497 1.0 0.378862 0.267516 1.0 0.377307 0.277398 1.0 0.383977 0.27384 1.0
0 0.391602 0.193576 0.023438 0.046875 0.0 0.0 0.0 0.0 0.0 0.0 0.0 0.0 0.0 0.0 0.0 0.0 0.0 0.0 0.0
0 0.247559 0.248264 0.024414 0.045139 0.0 0.0 0.0 0.0 0.0 0.0 0.0 0.0 0.0 0.0 0.0 0.0 0.0 0.0 0.0
0 0.289062 0.219618 0.03125 0.057292 0.0 0.0 0.0 0.0 0.0 0.0 0.0 0.0 0.0 0.0 0.0 0.0 0.0 0.0 0.0
0 0.225586 0.239583 0.027344 0.055556 0.220978 0.229997 1.0 0.232553 0.226509 1.0 0.230198 0.239064 1.0 0.226471 0.250922 1.0 0.233533 0.248481 1.0
0 0.194824 0.190104 0.026367 0.053819 0.0 0.0 0.0 0.0 0.0 0.0 0.0 0.0 0.0 0.0 0.0 0.0 0.0 0.0 0.0
0 0.115234 0.265625 0.035156 0.069444 0.111268 0.261665 1.0 0.124687 0.264757 1.0 0.118722 0.276243 1.0 0.113255 0.281986 1.0 0.122201 0.283312 1.0
0 0.103027 0.194444 0.030273 0.055556 0.0 0.0 0.0 0.0 0.0 0.0 0.0 0.0 0.0 0.0 0.0 0.0 0.0 0.0 0.0
0 0.026855 0.263021 0.036133 0.060764 0.020473 0.255766 1.0 0.034981 0.250931 1.0 0.031581 0.265439 1.0 0.02274 0.278335 1.0 0.036568 0.2735 1.0
0 0.911133 0.768229 0.005859 0.012153 0.0 0.0 0.0 0.0 0.0 0.0 0.0 0.0 0.0 0.0 0.0 0.0 0.0 0.0 0.0