0 0.416016 0.590682 0.060547 0.109817 0.397365 0.582251 1.0 0.425341 0.571889 1.0 0.41034 0.602975 1.0 0.405474 0.625772 1.0 0.42899 0.616792 1.0
0 0.045898 0.78619 0.080078 0.131448 0.028037 0.773807 1.0 0.063847 0.758141 1.0 0.051266 0.803489 1.0 0.04207 0.824103 1.0 0.068687 0.810087 1.0
0 0.202637 0.549085 0.016602 0.066556 0.0 0.0 0.0 0.0 0.0 0.0 0.0 0.0 0.0 0.0 0.0 0.0 0.0 0.0 0.0
0 0.206543 0.469218 0.036133 0.076539 0.204041 0.466574 1.0 0.21814 0.45922 1.0 0.21814 0.475398 1.0 0.210946 0.493537 1.0 0.220441 0.489616 1.0
0 0.279785 0.438436 0.030273 0.064892 0.285043 0.429827 1.0 0.291996 0.425742 1.0 0.294154 0.439223 1.0 0.287201 0.454749 1.0 0.292236 0.451479 1.0
0 0.35498 0.403494 0.036133 0.071547 0.0 0.0 0.0 0.0 0.0 0.0 0.0 0.0 0.0 0.0 0.0 0.0 0.0 0.0 0.0
0 0.10498 0.480865 0.038086 0.079867 0.096117 0.469582 1.0 0.112767 0.471075 1.0 0.102836 0.487997 1.0 0.096117 0.496955 1.0 0.112475 0.495958 1.0
0 0.043457 0.564892 0.043945 0.084859 0.046151 0.552383 1.0 0.056336 0.544792 1.0 0.061428 0.565398 1.0 0.053789 0.587629 1.0 0.060791 0.580038 1.0
0 0.046875 0.43594 0.03125 0.053245 0.039682 0.427443 1.0 0.05392 0.422316 1.0 0.05352 0.435985 1.0 0.0467 0.452386 1.0 0.055324 0.451018 1.0
0 0.125977 0.437604 0.03125 0.063228 0.0 0.0 0.0 0.0 0.0 0.0 0.0 0.0 0.0 0.0 0.0 0.0 0.0 0.0 0.0
0 0.146973 0.434276 0.022461 0.039933 0.0 0.0 0.0 0.0 0.0 0.0 0.0 0.0 0.0 0.0 0.0 0.0 0.0 0.0 0.0
0 0.166992 0.372712 0.025391 0.033278 0.0 0.0 0.0 0.0 0.0 0.0 0.0 0.0 0.0 0.0 0.0 0.0 0.0 0.0 0.0
0 0.088867 0.382696 0.019531 0.033278 0.0 0.0 0.0 0.0 0.0 0.0 0.0 0.0 0.0 0.0 0.0 0.0 0.0 0.0 0.0
0 0.016113 0.391847 0.016602 0.044925 0.012268 0.384604 1.0 0.014818 0.382577 1.0 0.021279 0.38924 1.0 0.017709 0.404304 1.0 0.019579 0.402855 1.0
0 0.008789 0.325291 0.013672 0.031614 0.0 0.0 0.0 0.0 0.0 0.0 0.0 0.0 0.0 0.0 0.0 0.0 0.0 0.0 0.0
0 0.026855 0.400998 0.018555 0.036606 0.0 0.0 0.0 0.0 0.0 0.0 0.0 0.0 0.0 0.0 0.0 0.0 0.0 0.0 0.0
0 0.234375 0.435108 0.021484 0.051581 0.0 0.0 0.0 0.0 0.0 0.0 0.0 0.0 0.0 0.0 0.0 0.0 0.0 0.0 0.0
0 0.216797 0.30782 0.013672 0.026622 0.0 0.0 0.0 0.0 0.0 0.0 0.0 0.0 0.0 0.0 0.0 0.0 0.0 0.0 0.0
0 0.149902 0.329451 0.012695 0.023295 0.0 0.0 0.0 0.0 0.0 0.0 0.0 0.0 0.0 0.0 0.0 0.0 0.0 0.0 0.0
0 0.117188 0.334443 0.019531 0.033278 0.0 0.0 0.0 0.0 0.0 0.0 0.0 0.0 0.0 0.0 0.0 0.0 0.0 0.0 0.0
0 0.209961 0.351082 0.015625 0.02995 0.0 0.0 0.0 0.0 0.0 0.0 0.0 0.0 0.0 0.0 0.0 0.0 0.0 0.0 0.0
0 0.47168 0.378536 0.027344 0.048253 0.0 0.0 0.0 0.0 0.0 0.0 0.0 0.0 0.0 0.0 0.0 0.0 0.0 0.0 0.0
0 0.412598 0.393511 0.032227 0.061564 0.0 0.0 0.0 0.0 0.0 0.0 0.0 0.0 0.0 0.0 0.0 0.0 0.0 0.0 0.0
0 0.311035 0.370216 0.024414 0.051581 0.309588 0.362521 1.0 0.31822 0.362195 1.0 0.314959 0.373306 1.0 0.308629 0.384092 1.0 0.318604 0.383765 1.0
0 0.506836 0.356905 0.023438 0.048253 0.499734 0.351587 1.0 0.509208 0.348236 1.0 0.504382 0.359504 1.0 0.500985 0.370165 1.0 0.508671 0.367727 1.0
0 0.356445 0.322795 0.019531 0.036606 0.353943 0.318532 1.0 0.362144 0.316815 1.0 0.35941 0.323434 1.0 0.355525 0.331033 1.0 0.361568 0.331033 1.0
0 0.452637 0.341098 0.022461 0.043261 0.0 0.0 0.0 0.0 0.0 0.0 0.0 0.0 0.0 0.0 0.0 0.0 0.0 0.0 0.0
0 0.510742 0.24792 0.009766 0.019967 0.0 0.0 0.0 0.0 0.0 0.0 0.0 0.0 0.0 0.0 0.0 0.0 0.0 0.0 0.0
0 0.399414 0.294509 0.011719 0.023295 0.397758 0.291835 1.0 0.403338 0.291687 1.0 0.401507 0.296143 1.0 0.39828 0.302087 1.0 0.402117 0.302087 1.0
0 0.334473 0.311148 0.012695 0.026622 0.33238 0.303824 1.0 0.337795 0.303311 1.0 0.335188 0.30912 1.0 0.332781 0.316637 1.0 0.338396 0.316296 1.0
0 0.536133 0.387687 0.029297 0.056572 0.0 0.0 0.0 0.0 0.0 0.0 0.0 0.0 0.0 0.0 0.0 0.0 0.0 0.0 0.0
0 0.364746 0.356073 0.022461 0.039933 0.0 0.0 0.0 0.0 0.0 0.0 0.0 0.0 0.0 0.0 0.0 0.0 0.0 0.0 0.0
0 0.325684 0.290349 0.006836 0.014975 0.0 0.0 0.0 0.0 0.0 0.0 0.0 0.0 0.0 0.0 0.0 0.0 0.0 0.0 0.0
0 0.40625 0.272879 0.007812 0.016639 0.0 0.0 0.0 0.0 0.0 0.0 0.0 0.0 0.0 0.0 0.0 0.0 0.0 0.0 0.0
0 0.725098 0.827787 0.084961 0.148087 0.714856 0.824266 1.0 0.745919 0.818696 1.0 0.729025 0.867907 1.0 0.712677 0.872549 1.0 0.741015 0.869764 1.0
0 0.702148 0.574875 0.0625 0.111481 0.703731 0.559098 1.0 0.723611 0.556982 1.0 0.71657 0.581679 1.0 0.702902 0.605672 1.0 0.723197 0.600732 1.0
0 0.532227 0.655574 0.072266 0.146423 0.522548 0.627942 1.0 0.554984 0.622414 1.0 0.546334 0.656496 1.0 0.526873 0.674917 1.0 0.555524 0.673075 1.0
0 0.950195 0.455907 0.050781 0.083195 0.938904 0.43392 1.0 0.959874 0.433369 1.0 0.94826 0.453709 1.0 0.939549 0.469649 1.0 0.958261 0.468549 1.0
0 0.988281 0.384359 0.023438 0.063228 0.0 0.0 0.0 0.0 0.0 0.0 0.0 0.0 0.0 0.0 0.0 0.0 0.0 0.0 0.0
0 0.887207 0.386855 0.03418 0.06822 0.875916 0.377213 1.0 0.885176 0.381158 1.0 0.870514 0.392552 1.0 0.874115 0.405261 1.0 0.879773 0.407453 1.0
0 0.822266 0.386023 0.023438 0.056572 0.0 0.0 0.0 0.0 0.0 0.0 0.0 0.0 0.0 0.0 0.0 0.0 0.0 0.0 0.0
0 0.942871 0.304493 0.020508 0.043261 0.0 0.0 0.0 0.0 0.0 0.0 0.0 0.0 0.0 0.0 0.0 0.0 0.0 0.0 0.0
0 0.895996 0.225458 0.014648 0.028286 0.0 0.0 0.0 0.0 0.0 0.0 0.0 0.0 0.0 0.0 0.0 0.0 0.0 0.0 0.0
0 0.839355 0.203827 0.012695 0.024958 0.835815 0.201687 1.0 0.841666 0.201033 1.0 0.838597 0.2061 1.0 0.836774 0.213617 1.0 0.84157 0.213454 1.0
0 0.833496 0.351913 0.024414 0.048253 0.0 0.0 0.0 0.0 0.0 0.0 0.0 0.0 0.0 0.0 0.0 0.0 0.0 0.0 0.0
0 0.78125 0.21381 0.011719 0.021631 0.0 0.0 0.0 0.0 0.0 0.0 0.0 0.0 0.0 0.0 0.0 0.0 0.0 0.0 0.0
0 0.772949 0.340266 0.016602 0.034942 0.766872 0.33676 1.0 0.775504 0.337429 1.0 0.769618 0.344113 1.0 0.76661 0.350131 1.0 0.774196 0.349908 1.0
0 0.734863 0.371048 0.024414 0.043261 0.0 0.0 0.0 0.0 0.0 0.0 0.0 0.0 0.0 0.0 0.0 0.0 0.0 0.0 0.0
0 0.682617 0.379368 0.029297 0.049917 0.677442 0.36876 1.0 0.689628 0.367802 1.0 0.684004 0.384092 1.0 0.678942 0.393354 1.0 0.686065 0.393035 1.0
0 0.597656 0.376872 0.03125 0.054908 0.594099 0.367364 1.0 0.607282 0.365225 1.0 0.602888 0.37806 1.0 0.595354 0.391609 1.0 0.60791 0.389469 1.0
0 0.662598 0.319468 0.016602 0.033278 0.65918 0.313436 1.0 0.667114 0.31302 1.0 0.662842 0.320715 1.0 0.65979 0.327995 1.0 0.664795 0.328203 1.0
0 0.695801 0.338602 0.022461 0.041597 0.0 0.0 0.0 0.0 0.0 0.0 0.0 0.0 0.0 0.0 0.0 0.0 0.0 0.0 0.0
0 0.754395 0.276206 0.010742 0.019967 0.0 0.0 0.0 0.0 0.0 0.0 0.0 0.0 0.0 0.0 0.0 0.0 0.0 0.0 0.0
0 0.574219 0.41015 0.025391 0.061564 0.0 0.0 0.0 0.0 0.0 0.0 0.0 0.0 0.0 0.0 0.0 0.0 0.0 0.0 0.0
0 0.69873 0.469218 0.036133 0.073211 0.0 0.0 0.0 0.0 0.0 0.0 0.0 0.0 0.0 0.0 0.0 0.0 0.0 0.0 0.0
0 0.720703 0.287022 0.011719 0.021631 0.0 0.0 0.0 0.0 0.0 0.0 0.0 0.0 0.0 0.0 0.0 0.0 0.0 0.0 0.0
0 0.6875 0.287022 0.011719 0.021631 0.0 0.0 0.0 0.0 0.0 0.0 0.0 0.0 0.0 0.0 0.0 0.0 0.0 0.0 0.0
0 0.651855 0.265391 0.008789 0.018303 0.0 0.0 0.0 0.0 0.0 0.0 0.0 0.0 0.0 0.0 0.0 0.0 0.0 0.0 0.0
0 0.646484 0.242097 0.005859 0.011647 0.0 0.0 0.0 0.0 0.0 0.0 0.0 0.0 0.0 0.0 0.0 0.0 0.0 0.0 0.0
0 0.658691 0.228785 0.008789 0.014975 0.0 0.0 0.0 0.0 0.0 0.0 0.0 0.0 0.0 0.0 0.0 0.0 0.0 0.0 0.0
0 0.706543 0.312812 0.010742 0.019967 0.0 0.0 0.0 0.0 0.0 0.0 0.0 0.0 0.0 0.0 0.0 0.0 0.0 0.0 0.0
0 0.716309 0.242097 0.008789 0.018303 0.0 0.0 0.0 0.0 0.0 0.0 0.0 0.0 0.0 0.0 0.0 0.0 0.0 0.0 0.0
0 0.750977 0.193012 0.007812 0.016639 0.749721 0.19218 1.0 0.75293 0.19218 1.0 0.751534 0.196101 1.0 0.750069 0.198835 1.0 0.75279 0.198835 1.0
0 0.12207 0.109817 0.003906 0.009983 0.0 0.0 0.0 0.0 0.0 0.0 0.0 0.0 0.0 0.0 0.0 0.0 0.0 0.0 0.0
0 0.580078 0.241265 0.017578 0.036606 0.575544 0.237223 1.0 0.582101 0.235323 1.0 0.57945 0.243642 1.0 0.576381 0.249346 1.0 0.584752 0.247206 1.0
0 0.554688 0.116473 0.017578 0.033278 0.551436 0.110471 1.0 0.559021 0.109178 1.0 0.555986 0.117795 1.0 0.55055 0.124042 1.0 0.556872 0.123396 1.0
0 0.573242 0.099834 0.011719 0.023295 0.0 0.0 0.0 0.0 0.0 0.0 0.0 0.0 0.0 0.0 0.0 0.0 0.0 0.0 0.0
0 0.588379 0.12396 0.016602 0.03827 0.587402 0.113962 1.0 0.593301 0.116413 1.0 0.590136 0.121805 1.0 0.586827 0.12916 1.0 0.590424 0.131611 1.0
0 0.530762 0.086522 0.016602 0.033278 0.0 0.0 0.0 0.0 0.0 0.0 0.0 0.0 0.0 0.0 0.0 0.0 0.0 0.0 0.0
0 0.505371 0.124792 0.016602 0.02995 0.0 0.0 0.0 0.0 0.0 0.0 0.0 0.0 0.0 0.0 0.0 0.0 0.0 0.0 0.0
0 0.483398 0.103993 0.017578 0.031614 0.0 0.0 0.0 0.0 0.0 0.0 0.0 0.0 0.0 0.0 0.0 0.0 0.0 0.0 0.0
0 0.460449 0.108153 0.016602 0.033278 0.461967 0.101935 1.0 0.468288 0.102797 1.0 0.465507 0.112491 1.0 0.460828 0.116584 1.0 0.464368 0.116799 1.0
0 0.435547 0.096506 0.017578 0.033278 0.430351 0.093832 1.0 0.436366 0.08982 1.0 0.434273 0.098957 1.0 0.432312 0.106311 1.0 0.438852 0.101408 1.0
0 0.403809 0.155574 0.014648 0.024958 0.0 0.0 0.0 0.0 0.0 0.0 0.0 0.0 0.0 0.0 0.0 0.0 0.0 0.0 0.0
0 0.600586 0.15391 0.015625 0.03827 0.600386 0.147047 1.0 0.604989 0.15391 1.0 0.602543 0.155136 1.0 0.597221 0.157587 1.0 0.602543 0.166657 1.0
0 0.793457 0.236273 0.010742 0.019967 0.0 0.0 0.0 0.0 0.0 0.0 0.0 0.0 0.0 0.0 0.0 0.0 0.0 0.0 0.0
0 0.783203 0.258735 0.009766 0.018303 0.0 0.0 0.0 0.0 0.0 0.0 0.0 0.0 0.0 0.0 0.0 0.0 0.0 0.0 0.0
0 0.265137 0.312812 0.010742 0.019967 0.0 0.0 0.0 0.0 0.0 0.0 0.0 0.0 0.0 0.0 0.0 0.0 0.0 0.0 0.0
0 0.324219 0.344426 0.011719 0.023295 0.0 0.0 0.0 0.0 0.0 0.0 0.0 0.0 0.0 0.0 0.0 0.0 0.0 0.0 0.0
0 0.20752 0.327787 0.014648 0.033278 0.0 0.0 0.0 0.0 0.0 0.0 0.0 0.0 0.0 0.0 0.0 0.0 0.0 0.0 0.0
0 0.313965 0.313644 0.008789 0.018303 0.0 0.0 0.0 0.0 0.0 0.0 0.0 0.0 0.0 0.0 0.0 0.0 0.0 0.0 0.0
0 0.850586 0.348586 0.015625 0.03827 0.0 0.0 0.0 0.0 0.0 0.0 0.0 0.0 0.0 0.0 0.0 0.0 0.0 0.0 0.0