0 0.191895 0.341512 0.053711 0.11008 0.209412 0.331767 1.0 0.21044 0.332466 1.0 0.218672 0.352725 1.0 0.208897 0.372288 1.0 0.21044 0.372288 1.0
0 0.565918 0.870027 0.026367 0.03183 0.561667 0.870779 1.0 0.565578 0.862696 1.0 0.567958 0.873088 1.0 0.571869 0.880245 1.0 0.57476 0.873318 1.0
0 0.574219 0.75 0.017578 0.011936 0.574219 0.753316 1.0 0.574219 0.746684 1.0 0.579102 0.753316 1.0 0.583008 0.757294 1.0 0.583984 0.753316 1.0
0 0.579102 0.70756 0.015625 0.014589 0.577148 0.709549 1.0 0.577148 0.704244 1.0 0.581055 0.708223 1.0 0.583984 0.714854 1.0 0.585938 0.710875 1.0
0 0.59375 0.429708 0.017578 0.023873 0.590166 0.42207 1.0 0.598101 0.422378 1.0 0.594134 0.42792 1.0 0.590279 0.433 1.0 0.597647 0.433462 1.0
0 0.60791 0.342175 0.018555 0.018568 0.601754 0.337516 1.0 0.607875 0.334958 1.0 0.60505 0.341032 1.0 0.603402 0.348706 1.0 0.610229 0.345668 1.0
0 0.536621 0.375332 0.004883 0.007958 0.536133 0.371353 1.0 0.540039 0.374005 1.0 0.538086 0.374005 1.0 0.535156 0.375332 1.0 0.538086 0.376658 1.0
0 0.5625 0.386605 0.003906 0.009284 0.561523 0.384615 1.0 0.564453 0.387268 1.0 0.5625 0.387268 1.0 0.560547 0.388594 1.0 0.5625 0.38992 1.0
0 0.950684 0.609416 0.022461 0.027851 0.944057 0.602785 1.0 0.952846 0.600512 1.0 0.948661 0.60809 1.0 0.946708 0.615479 1.0 0.955078 0.613964 1.0
0 0.914551 0.435676 0.012695 0.017241 0.0 0.0 0.0 0.0 0.0 0.0 0.0 0.0 0.0 0.0 0.0 0.0 0.0 0.0 0.0
0 0.777344 0.333554 0.013672 0.035809 0.0 0.0 0.0 0.0 0.0 0.0 0.0 0.0 0.0 0.0 0.0 0.0 0.0 0.0 0.0
0 0.584961 0.293103 0.005859 0.01061 0.583984 0.290451 1.0 0.586914 0.290451 1.0 0.584961 0.293103 1.0 0.583984 0.295756 1.0 0.586914 0.295756 1.0
0 0.886719 0.83687 0.021484 0.013263 0.0 0.0 0.0 0.0 0.0 0.0 0.0 0.0 0.0 0.0 0.0 0.0 0.0 0.0 0.0