0 0.04834 0.387739 0.092773 0.18949 0.042725 0.355892 1.0 0.077148 0.34992 1.0 0.079346 0.376194 1.0 0.061768 0.432325 1.0 0.087402 0.425159 1.0
0 0.049805 0.302548 0.060547 0.121019 0.044163 0.357279 1.0 0.076351 0.348911 1.0 0.081016 0.377054 1.0 0.071686 0.38314 1.0 0.086146 0.38314 1.0
0 0.168457 0.298567 0.05957 0.113057 0.181131 0.270565 1.0 0.188616 0.273438 1.0 0.198303 0.29426 1.0 0.183332 0.324414 1.0 0.19434 0.321543 1.0
0 0.237305 0.327229 0.046875 0.090764 0.229492 0.320064 1.0 0.25293 0.324841 1.0 0.241211 0.33758 1.0 0.229492 0.353503 1.0 0.246094 0.355096 1.0
0 0.330566 0.308121 0.06543 0.14172 0.316284 0.28135 1.0 0.342651 0.280454 1.0 0.330566 0.305533 1.0 0.318481 0.334196 1.0 0.342651 0.333299 1.0
0 0.413086 0.224522 0.056641 0.095541 0.394928 0.205599 1.0 0.418273 0.199556 1.0 0.408269 0.221914 1.0 0.404192 0.241854 1.0 0.417903 0.238833 1.0
0 0.547363 0.289809 0.067383 0.136943 0.539342 0.257863 1.0 0.569658 0.266535 1.0 0.552106 0.290818 1.0 0.535087 0.30643 1.0 0.559553 0.311632 1.0
0 0.646973 0.290605 0.055664 0.128981 0.636719 0.267516 1.0 0.661133 0.272293 1.0 0.646484 0.291401 1.0 0.633789 0.313694 1.0 0.65332 0.316879 1.0
0 0.761719 0.414013 0.058594 0.130573 0.744185 0.395231 1.0 0.76825 0.400954 1.0 0.745187 0.420575 1.0 0.741678 0.436107 1.0 0.762734 0.44183 1.0
0 0.815918 0.413217 0.047852 0.109873 0.806824 0.407742 1.0 0.820923 0.413315 1.0 0.809814 0.428643 1.0 0.803406 0.443968 1.0 0.814087 0.446059 1.0
0 0.759766 0.304936 0.046875 0.090764 0.752215 0.287662 1.0 0.773756 0.299755 1.0 0.757865 0.308967 1.0 0.748684 0.320482 1.0 0.761043 0.32624 1.0
0 0.887695 0.437102 0.066406 0.173567 0.867196 0.413174 1.0 0.881871 0.427314 1.0 0.855189 0.434927 1.0 0.871865 0.478432 1.0 0.872532 0.477344 1.0
0 0.935547 0.316083 0.054688 0.113057 0.915244 0.301723 1.0 0.941663 0.306032 1.0 0.921408 0.321108 1.0 0.910841 0.336186 1.0 0.930215 0.338341 1.0
0 0.265137 0.353503 0.012695 0.022293 0.0 0.0 0.0 0.0 0.0 0.0 0.0 0.0 0.0 0.0 0.0 0.0 0.0 0.0 0.0
0 0.986816 0.359076 0.014648 0.036624 0.984375 0.35828 1.0 0.990234 0.35828 1.0 0.986328 0.363057 1.0 0.984375 0.367834 1.0 0.988281 0.367834 1.0