0 0.278809 0.323572 0.016602 0.026354 0.27832 0.316605 1.0 0.285688 0.315245 1.0 0.285008 0.321363 1.0 0.280134 0.328331 1.0 0.285008 0.328161 1.0
0 0.342773 0.303075 0.017578 0.029283 0.341653 0.298173 1.0 0.349365 0.297982 1.0 0.346837 0.304239 1.0 0.343044 0.310493 1.0 0.348228 0.309546 1.0
0 0.406738 0.29063 0.018555 0.036603 0.405919 0.288486 1.0 0.413295 0.287073 1.0 0.411726 0.293662 1.0 0.40686 0.30025 1.0 0.412824 0.29978 1.0
0 0.695312 0.288433 0.013672 0.029283 0.695435 0.284224 1.0 0.700195 0.285322 1.0 0.69873 0.289165 1.0 0.694458 0.293192 1.0 0.697754 0.294107 1.0
0 0.628906 0.281113 0.011719 0.026354 0.62664 0.27625 1.0 0.632307 0.27625 1.0 0.627772 0.282198 1.0 0.626525 0.286956 1.0 0.63004 0.287126 1.0
0 0.583984 0.288433 0.013672 0.029283 0.584961 0.285505 1.0 0.59082 0.286969 1.0 0.587891 0.291362 1.0 0.583008 0.297218 1.0 0.586914 0.298682 1.0
0 0.546387 0.288433 0.018555 0.032211 0.54276 0.283205 1.0 0.550572 0.28676 1.0 0.544434 0.290943 1.0 0.540527 0.295126 1.0 0.546387 0.298264 1.0
0 0.470703 0.256955 0.017578 0.027818 0.468314 0.252138 1.0 0.468785 0.25196 1.0 0.463959 0.257255 1.0 0.467726 0.262902 1.0 0.468078 0.262902 1.0
0 0.926758 0.240849 0.013672 0.030747 0.925053 0.236594 1.0 0.925053 0.236594 1.0 0.921269 0.243078 1.0 0.924107 0.249359 1.0 0.924107 0.249359 1.0
0 0.899902 0.245242 0.016602 0.033675 0.894811 0.240712 1.0 0.896537 0.241791 1.0 0.893947 0.248477 1.0 0.895386 0.255594 1.0 0.895817 0.255594 1.0
0 0.845215 0.249634 0.016602 0.030747 0.83817 0.24381 1.0 0.839055 0.243242 1.0 0.840066 0.254994 1.0 0.843732 0.258596 1.0 0.844112 0.258026 1.0
0 0.96875 0.363104 0.017578 0.035139 0.965332 0.354136 1.0 0.968231 0.358483 1.0 0.960602 0.362372 1.0 0.963195 0.371294 1.0 0.963195 0.371294 1.0
0 0.901855 0.369693 0.018555 0.036603 0.898438 0.36164 1.0 0.901367 0.363104 1.0 0.895508 0.367496 1.0 0.894531 0.373353 1.0 0.896484 0.373353 1.0
0 0.991211 0.43631 0.017578 0.06735 0.990295 0.422075 1.0 0.996626 0.430703 1.0 0.984541 0.433291 1.0 0.98339 0.446663 1.0 0.988569 0.450978 1.0
0 0.836426 0.3653 0.020508 0.045388 0.0 0.0 0.0 0.0 0.0 0.0 0.0 0.0 0.0 0.0 0.0 0.0 0.0 0.0 0.0
0 0.794434 0.330161 0.018555 0.039531 0.790039 0.325037 1.0 0.791016 0.326501 1.0 0.787109 0.329429 1.0 0.786133 0.339678 1.0 0.789062 0.338214 1.0
0 0.84082 0.408492 0.025391 0.046852 0.834202 0.402179 1.0 0.834604 0.404283 1.0 0.829188 0.408792 1.0 0.830793 0.419016 1.0 0.831596 0.420518 1.0
0 0.886719 0.49634 0.03125 0.076135 0.0 0.0 0.0 0.0 0.0 0.0 0.0 0.0 0.0 0.0 0.0 0.0 0.0 0.0 0.0
0 0.634277 0.468521 0.016602 0.058565 0.0 0.0 0.0 0.0 0.0 0.0 0.0 0.0 0.0 0.0 0.0 0.0 0.0 0.0 0.0
0 0.558594 0.509517 0.035156 0.079063 0.549805 0.494876 1.0 0.550781 0.50366 1.0 0.544922 0.505124 1.0 0.542969 0.525622 1.0 0.544922 0.530015 1.0
0 0.728516 0.581991 0.037109 0.103953 0.72154 0.534852 1.0 0.722848 0.537466 1.0 0.711513 0.545963 1.0 0.711513 0.575376 1.0 0.712821 0.576684 1.0