0 0.124512 0.431818 0.030273 0.060117 0.114018 0.426025 1.0 0.127137 0.426025 1.0 0.117619 0.437611 1.0 0.116076 0.448811 1.0 0.125851 0.449198 1.0
0 0.25 0.378299 0.023438 0.041056 0.247594 0.371334 1.0 0.256139 0.377095 1.0 0.25143 0.380761 1.0 0.245152 0.38495 1.0 0.251256 0.390186 1.0
0 0.335938 0.378299 0.023438 0.041056 0.334377 0.371661 1.0 0.345816 0.374614 1.0 0.338846 0.381592 1.0 0.33402 0.388301 1.0 0.340812 0.390449 1.0
0 0.256836 0.446481 0.025391 0.045455 0.249529 0.440276 1.0 0.262189 0.437683 1.0 0.256627 0.444884 1.0 0.253941 0.458421 1.0 0.263148 0.453812 1.0
0 0.376953 0.421554 0.029297 0.057185 0.369141 0.410557 1.0 0.379883 0.412023 1.0 0.371094 0.417889 1.0 0.367188 0.434018 1.0 0.376953 0.434018 1.0
0 0.438477 0.370968 0.021484 0.043988 0.431126 0.366856 1.0 0.440687 0.366856 1.0 0.43525 0.372205 1.0 0.431876 0.381213 1.0 0.439563 0.381494 1.0
0 0.532715 0.368035 0.020508 0.041056 0.524637 0.361397 1.0 0.52982 0.361397 1.0 0.524815 0.372402 1.0 0.527496 0.379648 1.0 0.529642 0.37938 1.0
0 0.503418 0.429619 0.02832 0.058651 0.495117 0.426686 1.0 0.501953 0.426686 1.0 0.496094 0.43695 1.0 0.493164 0.447214 1.0 0.501953 0.447214 1.0
0 0.630859 0.357038 0.019531 0.039589 0.625977 0.348974 1.0 0.634766 0.35044 1.0 0.628906 0.360704 1.0 0.626953 0.368035 1.0 0.633789 0.368035 1.0
0 0.643555 0.423021 0.029297 0.06305 0.633065 0.423504 1.0 0.646851 0.4231 1.0 0.637931 0.431216 1.0 0.634417 0.441362 1.0 0.644688 0.441768 1.0
0 0.713867 0.368768 0.021484 0.033724 0.712594 0.357575 1.0 0.721636 0.359801 1.0 0.716597 0.366032 1.0 0.710519 0.373821 1.0 0.719116 0.374934 1.0
0 0.768066 0.430352 0.02832 0.054252 0.765765 0.425194 1.0 0.777553 0.426556 1.0 0.773699 0.437787 1.0 0.766444 0.447318 1.0 0.77642 0.44868 1.0
0 0.793945 0.391496 0.021484 0.032258 0.790039 0.38563 1.0 0.799805 0.38563 1.0 0.795898 0.390029 1.0 0.791992 0.398827 1.0 0.799805 0.397361 1.0
0 0.897949 0.433284 0.02832 0.054252 0.897461 0.423754 1.0 0.908203 0.426686 1.0 0.90625 0.435484 1.0 0.898438 0.444282 1.0 0.90625 0.445748 1.0