0 0.138672 0.406901 0.027344 0.058594 0.0 0.0 0.0 0.0 0.0 0.0 0.0 0.0 0.0 0.0 0.0 0.0 0.0 0.0 0.0
0 0.535156 0.539714 0.009766 0.014323 0.0 0.0 0.0 0.0 0.0 0.0 0.0 0.0 0.0 0.0 0.0 0.0 0.0 0.0 0.0
0 0.544434 0.532552 0.008789 0.015625 0.0 0.0 0.0 0.0 0.0 0.0 0.0 0.0 0.0 0.0 0.0 0.0 0.0 0.0 0.0
0 0.552246 0.526042 0.010742 0.018229 0.54834 0.525471 1.0 0.553467 0.525471 1.0 0.550445 0.529622 1.0 0.548889 0.533406 1.0 0.553467 0.533773 1.0
0 0.563965 0.535156 0.008789 0.015625 0.560577 0.532849 1.0 0.563808 0.533069 1.0 0.560991 0.536604 1.0 0.560909 0.540801 1.0 0.563477 0.541021 1.0
0 0.610352 0.523438 0.015625 0.023438 0.606921 0.521531 1.0 0.611747 0.521687 1.0 0.607156 0.527966 1.0 0.607392 0.532988 1.0 0.610688 0.532988 1.0
0 0.659668 0.522786 0.012695 0.02474 0.65516 0.518973 1.0 0.658103 0.521327 1.0 0.654454 0.52478 1.0 0.655042 0.531529 1.0 0.656808 0.532471 1.0
0 0.691406 0.500651 0.015625 0.032552 0.68621 0.496861 1.0 0.687309 0.498535 1.0 0.684013 0.501465 1.0 0.685738 0.507534 1.0 0.686994 0.508789 1.0
0 0.719727 0.507812 0.019531 0.033854 0.0 0.0 0.0 0.0 0.0 0.0 0.0 0.0 0.0 0.0 0.0 0.0 0.0 0.0 0.0
0 0.78125 0.505859 0.015625 0.027344 0.777788 0.502767 1.0 0.77805 0.502941 1.0 0.773604 0.505906 1.0 0.77478 0.512533 1.0 0.775565 0.512707 1.0
0 0.854492 0.482422 0.019531 0.03776 0.0 0.0 0.0 0.0 0.0 0.0 0.0 0.0 0.0 0.0 0.0 0.0 0.0 0.0 0.0
0 0.968262 0.508464 0.012695 0.019531 0.963448 0.50551 1.0 0.965463 0.504616 1.0 0.96153 0.508836 1.0 0.963065 0.513951 1.0 0.964888 0.512928 1.0
0 0.985352 0.473307 0.017578 0.035156 0.0 0.0 0.0 0.0 0.0 0.0 0.0 0.0 0.0 0.0 0.0 0.0 0.0 0.0 0.0
0 0.309082 0.421875 0.010742 0.023438 0.309671 0.416044 1.0 0.312143 0.416202 1.0 0.314732 0.421382 1.0 0.311554 0.427187 1.0 0.313673 0.427187 1.0
0 0.680176 0.485026 0.008789 0.014323 0.0 0.0 0.0 0.0 0.0 0.0 0.0 0.0 0.0 0.0 0.0 0.0 0.0 0.0 0.0