0 0.192383 0.420827 0.041016 0.077033 0.191737 0.411147 1.0 0.207642 0.414051 1.0 0.20234 0.430991 1.0 0.194389 0.443575 1.0 0.201347 0.445027 1.0
0 0.414551 0.416548 0.045898 0.079886 0.405343 0.407377 1.0 0.421387 0.421642 1.0 0.408482 0.427247 1.0 0.39767 0.435398 1.0 0.408831 0.44406 1.0
0 0.342285 0.393723 0.086914 0.162625 0.36145 0.364301 1.0 0.374786 0.361225 1.0 0.383209 0.407364 1.0 0.35022 0.432997 1.0 0.360748 0.428896 1.0
0 0.429199 0.180456 0.038086 0.0699 0.419922 0.172611 1.0 0.435547 0.168331 1.0 0.430664 0.182596 1.0 0.427734 0.201141 1.0 0.4375 0.195435 1.0
0 0.331543 0.154066 0.043945 0.068474 0.317121 0.150907 1.0 0.330758 0.138348 1.0 0.324236 0.149174 1.0 0.326015 0.170394 1.0 0.336391 0.159568 1.0
0 0.106934 0.24465 0.03418 0.049929 0.0 0.0 0.0 0.0 0.0 0.0 0.0 0.0 0.0 0.0 0.0 0.0 0.0 0.0 0.0
0 0.055176 0.554922 0.040039 0.082739 0.055664 0.526391 1.0 0.072266 0.532097 1.0 0.064453 0.546362 1.0 0.055664 0.557775 1.0 0.064453 0.560628 1.0
0 0.144531 0.671184 0.048828 0.092725 0.142456 0.662803 1.0 0.161499 0.658746 1.0 0.155548 0.676133 1.0 0.148804 0.698154 1.0 0.162689 0.695257 1.0
0 0.105469 0.777461 0.048828 0.091298 0.10379 0.766317 1.0 0.120453 0.768633 1.0 0.112121 0.780225 1.0 0.104584 0.79819 1.0 0.121643 0.797031 1.0
0 0.026855 0.340228 0.024414 0.087019 0.018868 0.359779 1.0 0.030116 0.357589 1.0 0.024867 0.372924 1.0 0.009495 0.381686 1.0 0.018494 0.380592 1.0
0 0.075195 0.525678 0.027344 0.052782 0.0 0.0 0.0 0.0 0.0 0.0 0.0 0.0 0.0 0.0 0.0 0.0 0.0 0.0 0.0
0 0.638184 0.169757 0.038086 0.082739 0.627197 0.162969 1.0 0.643999 0.161924 1.0 0.634347 0.176024 1.0 0.630058 0.195347 1.0 0.643642 0.194823 1.0
0 0.677246 0.14194 0.03418 0.067047 0.66663 0.138526 1.0 0.680359 0.137247 1.0 0.671596 0.153034 1.0 0.669259 0.164128 1.0 0.680651 0.162421 1.0
0 0.761719 0.114836 0.035156 0.061341 0.752145 0.10992 1.0 0.765485 0.107245 1.0 0.757638 0.118325 1.0 0.758685 0.130936 1.0 0.766793 0.130553 1.0
0 0.878418 0.109843 0.041992 0.068474 0.862811 0.09196 1.0 0.88297 0.090662 1.0 0.872297 0.114913 1.0 0.868443 0.124007 1.0 0.883266 0.12314 1.0
0 0.986816 0.648359 0.024414 0.092725 0.987984 0.639444 1.0 0.991193 0.64003 1.0 0.973946 0.656435 1.0 0.985578 0.672254 1.0 0.988787 0.672254 1.0
0 0.251953 0.151926 0.021484 0.044223 0.0 0.0 0.0 0.0 0.0 0.0 0.0 0.0 0.0 0.0 0.0 0.0 0.0 0.0 0.0