0 0.311035 0.264323 0.055664 0.106771 0.298915 0.251557 1.0 0.323695 0.250884 1.0 0.309535 0.270437 1.0 0.299927 0.292016 1.0 0.319649 0.29269 1.0
0 0.129883 0.336589 0.052734 0.095052 0.130755 0.325056 1.0 0.147984 0.323242 1.0 0.151158 0.342587 1.0 0.135742 0.361328 1.0 0.149798 0.360118 1.0
0 0.36377 0.320964 0.040039 0.071615 0.3609 0.311698 1.0 0.380284 0.313512 1.0 0.373143 0.321673 1.0 0.365321 0.340262 1.0 0.379604 0.340262 1.0
0 0.40918 0.391276 0.042969 0.079427 0.406703 0.373628 1.0 0.422825 0.384626 1.0 0.411952 0.396124 1.0 0.404079 0.394624 1.0 0.410453 0.400624 1.0
0 0.533203 0.341146 0.041016 0.083333 0.529969 0.331473 1.0 0.546056 0.33252 1.0 0.540955 0.350307 1.0 0.532715 0.359201 1.0 0.545271 0.36077 1.0
0 0.838867 0.410156 0.025391 0.041667 0.828125 0.403646 1.0 0.833008 0.402344 1.0 0.828125 0.414062 1.0 0.832031 0.423177 1.0 0.834961 0.423177 1.0
0 0.990234 0.363281 0.019531 0.067708 0.985683 0.356387 1.0 0.999232 0.355527 1.0 0.989231 0.368431 1.0 0.98665 0.382626 1.0 1.0002 0.380475 1.0
0 0.89209 0.394531 0.032227 0.067708 0.0 0.0 0.0 0.0 0.0 0.0 0.0 0.0 0.0 0.0 0.0 0.0 0.0 0.0 0.0
0 0.70166 0.400391 0.030273 0.066406 0.0 0.0 0.0 0.0 0.0 0.0 0.0 0.0 0.0 0.0 0.0 0.0 0.0 0.0 0.0
0 0.779785 0.441406 0.018555 0.057292 0.0 0.0 0.0 0.0 0.0 0.0 0.0 0.0 0.0 0.0 0.0 0.0 0.0 0.0 0.0
0 0.487305 0.279297 0.091797 0.16276 0.474609 0.260702 1.0 0.512756 0.256633 1.0 0.499023 0.282064 1.0 0.483765 0.315633 1.0 0.510468 0.313599 1.0
0 0.919434 0.345703 0.061523 0.108073 0.899541 0.336029 1.0 0.926289 0.338372 1.0 0.908545 0.35681 1.0 0.900479 0.376354 1.0 0.920107 0.378411 1.0
0 0.733398 0.397135 0.048828 0.085938 0.723895 0.378895 1.0 0.747254 0.385452 1.0 0.733729 0.403483 1.0 0.723484 0.417143 1.0 0.738647 0.420969 1.0
0 0.63623 0.359375 0.040039 0.070312 0.623657 0.357828 1.0 0.641785 0.358724 1.0 0.631714 0.371257 1.0 0.626007 0.381999 1.0 0.639435 0.382447 1.0