0 0.100586 0.397661 0.039062 0.084795 0.104161 0.398874 1.0 0.11274 0.398339 1.0 0.114528 0.412789 1.0 0.101658 0.422424 1.0 0.111668 0.422959 1.0
0 0.251953 0.36769 0.027344 0.057018 0.256836 0.362939 1.0 0.261475 0.36038 1.0 0.266357 0.374269 1.0 0.25708 0.385234 1.0 0.261475 0.384137 1.0
0 0.340332 0.378655 0.024414 0.046784 0.335938 0.374269 1.0 0.349609 0.375731 1.0 0.342773 0.384503 1.0 0.334961 0.387427 1.0 0.34668 0.390351 1.0
0 0.433594 0.334795 0.025391 0.055556 0.423754 0.329757 1.0 0.435264 0.329757 1.0 0.425672 0.339808 1.0 0.424233 0.3495 1.0 0.432386 0.350218 1.0
0 0.544434 0.343567 0.02832 0.052632 0.535784 0.337118 1.0 0.548706 0.336779 1.0 0.540998 0.348319 1.0 0.536011 0.355446 1.0 0.547799 0.356463 1.0
0 0.66748 0.334795 0.026367 0.04386 0.661682 0.322094 1.0 0.67395 0.322094 1.0 0.669556 0.335801 1.0 0.664429 0.342654 1.0 0.673218 0.342654 1.0
0 0.786133 0.312865 0.029297 0.055556 0.776916 0.305412 1.0 0.788687 0.308231 1.0 0.779271 0.317747 1.0 0.775739 0.326206 1.0 0.784686 0.329379 1.0
0 0.960449 0.375 0.026367 0.083333 0.0 0.0 0.0 0.0 0.0 0.0 0.0 0.0 0.0 0.0 0.0 0.0 0.0 0.0 0.0
0 0.239746 0.189327 0.020508 0.033626 0.239258 0.179825 1.0 0.242188 0.181287 1.0 0.235352 0.184211 1.0 0.234375 0.194444 1.0 0.238281 0.195906 1.0
0 0.29834 0.241959 0.014648 0.027778 0.293945 0.239766 1.0 0.299805 0.241228 1.0 0.294922 0.244152 1.0 0.292969 0.248538 1.0 0.296875 0.25 1.0
0 0.362793 0.210526 0.024414 0.040936 0.357836 0.207923 1.0 0.365522 0.204443 1.0 0.362662 0.215683 1.0 0.360875 0.225583 1.0 0.369812 0.220231 1.0
0 0.481445 0.217105 0.017578 0.030702 0.481576 0.211871 1.0 0.488639 0.211284 1.0 0.486938 0.217746 1.0 0.484191 0.225577 1.0 0.487724 0.225186 1.0
0 0.42334 0.263158 0.012695 0.020468 0.421875 0.261696 1.0 0.426758 0.258772 1.0 0.424805 0.263158 1.0 0.422852 0.269006 1.0 0.427734 0.269006 1.0
0 0.354492 0.30848 0.009766 0.011696 0.353516 0.30848 1.0 0.357422 0.305556 1.0 0.355469 0.30848 1.0 0.355469 0.312865 1.0 0.357422 0.311404 1.0
0 0.619141 0.172515 0.017578 0.038012 0.6151 0.171301 1.0 0.622842 0.171301 1.0 0.620584 0.179028 1.0 0.61639 0.184825 1.0 0.623003 0.184582 1.0
0 0.554199 0.249269 0.012695 0.02193 0.550781 0.247076 1.0 0.553711 0.244152 1.0 0.552734 0.25 1.0 0.553711 0.25731 1.0 0.557617 0.251462 1.0